0	10.00	-49.93349	0	0.00	0.06650381	-40	10.00	0
0	10.00	-49.63589	0	0.00	0.2976066	-39.99685	10.00	-0.001841954
0	10.00	-49.57254	0	0.00	0.06335132	-39.98927	10.00	-0.004699941
0	10.00	-49.46954	0	0.00	0.1029988	-39.98135	10.00	-0.00723289
0	10.00	-49.40219	0	0.00	0.06734466	-39.97176	10.00	-0.009048589
0	10.00	-49.33629	0	0.00	0.0659036	-39.95938	10.00	-0.01134039
0	10.00	-49.26535	0	0.00	0.0709374	-39.93349	10.00	-0.01509123
0.003977165	10.00	-49.13994	0.003977165	0.00	0.1254173	-39.91566	10.00	-0.01682746
0.006763388	10.00	-49.07263	0.002786223	0.00	0.06730927	-39.89651	10.00	-0.01836475
0.009429253	10.00	-49.00822	0.002665865	0.00	0.06440167	-39.87467	10.00	-0.01980478
0.01539476	10.00	-48.9418	0.005965507	0.00	0.06642453	-39.85091	10.00	-0.02117503
0.0225726	10.00	-48.87605	0.007177841	0.00	0.06574647	-39.82492	10.00	-0.02261189
0.03042424	10.00	-48.80999	0.007851641	0.00	0.06605931	-39.79706	10.00	-0.02396457
0.04009641	10.00	-48.7446	0.00967217	0.00	0.06539399	-39.73631	10.00	-0.02666517
0.06226718	10.00	-48.61206	0.02217077	0.00	0.1325433	-39.70158	10.00	-0.02799134
0.07529434	10.00	-48.5457	0.01302716	0.00	0.06635658	-39.66391	10.00	-0.02914725
0.08859857	10.00	-48.47793	0.01330423	0.00	0.06776792	-39.62515	10.00	-0.03008774
0.1015251	10.00	-48.41209	0.01292656	0.00	0.06584415	-39.58482	10.00	-0.03083486
0.114283	10.00	-48.3471	0.01275787	0.00	0.06498489	-39.54242	10.00	-0.0313831
0.127689	10.00	-48.28203	0.01340606	0.00	0.0650769	-39.49726	10.00	-0.0318161
0.1413675	10.00	-48.21563	0.01367843	0.00	0.06639905	-39.45062	10.00	-0.03215084
0.1550051	10.00	-48.14943	0.01363761	0.00	0.06620087	-39.40285	10.00	-0.03237162
0.168552	10.00	-48.08367	0.01354691	0.00	0.06576063	-39.35289	10.00	-0.03246094
0.1824028	10.00	-48.01643	0.01385077	0.00	0.06723566	-39.25332	10.00	-0.03243893
0.2097626	10.00	-47.88362	0.02735978	0.00	0.1328123	-39.2044	10.00	-0.0324224
0.2231995	10.00	-47.81839	0.01343697	0.00	0.06522696	-39.15316	10.00	-0.03240507
0.2372719	10.00	-47.75008	0.0140724	0.00	0.0683115	-39.1043	10.00	-0.03238856
0.2494336	10.00	-47.69754	0.01216165	0.00	0.05254275	-39.05441	10.00	-0.03237165
0.2566941	10.00	-47.68126	0.007260523	0.00	0.01627581	-39.00689	10.00	-0.03235555
0.2566941	10.00	-47.68126	0	0.00	0	-38.95726	10.00	-0.03233883
0.2566941	10.00	-47.68126	0	0.00	0	-38.90729	10.00	-0.03232186
0.2566941	10.00	-47.68126	0	0.00	0	-38.85799	10.00	-0.03230518
0.2566941	10.00	-47.68126	0	0.00	0	-38.80825	10.00	-0.0322883
0.2566941	10.00	-47.68126	0	0.00	0	-38.70892	10.00	-0.03225479
0.2566941	10.00	-47.68126	0	0.00	0	-38.6587	10.00	-0.03223772
0.2566941	10.00	-47.68126	0	0.00	0	-38.60924	10.00	-0.032213
0.2566941	10.00	-47.68126	0	0.00	0	-38.56089	10.00	-0.03218884
0.2566941	10.00	-47.68126	0	0.00	0	-38.51132	10.00	-0.03216396
0.2566941	10.00	-47.68126	0	0.00	0	-38.46125	10.00	-0.03213902
0.2566941	10.00	-47.68126	0	0.00	0	-38.41191	10.00	-0.03211419
0.2566941	10.00	-47.68126	0	0.00	0	-38.36221	10.00	-0.03208939
0.2566941	10.00	-47.68126	0	0.00	0	-38.26121	10.00	-0.03203883
0.2566941	10.00	-47.57529	0	0.00	0.105975	-38.21301	10.00	-0.03201467
0.2566941	10.00	-47.51412	0	0.00	0.06116921	-38.1634	10.00	-0.03198978
0.2566941	10.00	-47.44926	0	0.00	0.06486192	-38.11355	10.00	-0.03196492
0.2566941	10.00	-47.38279	0	0.00	0.06647125	-38.06377	10.00	-0.03193995
0.2566941	10.00	-47.31641	0	0.00	0.0663764	-38.01463	10.00	-0.03191536
0.2566941	10.00	-47.2509	0	0.00	0.0655129	-37.91456	10.00	-0.03186532
0.2566941	10.00	-47.11747	0	0.00	0.133428	-37.86554	10.00	-0.03184079
0.2581339	10.00	-47.05211	0.001439788	0.00	0.06536002	-37.81623	10.00	-0.03181612
0.2602191	10.00	-46.98635	0.002085231	0.00	0.06575638	-37.76765	10.00	-0.03179178
0.2629002	10.00	-46.92158	0.0026811	0.00	0.06476972	-37.71809	10.00	-0.03176699
0.2656361	10.00	-46.85549	0.002735888	0.00	0.06609329	-37.66831	10.00	-0.0317421
0.2683831	10.00	-46.78913	0.002747022	0.00	0.06636225	-37.61784	10.00	-0.03171681
0.2711685	10.00	-46.72184	0.002785344	0.00	0.06728803	-37.56857	10.00	-0.03169208
0.2738878	10.00	-46.65614	0.002719364	0.00	0.06569409	-37.51894	10.00	-0.03166731
0.2772682	10.00	-46.58996	0.003380345	0.00	0.06618106	-37.41856	10.00	-0.0316171
0.2905837	10.00	-46.45613	0.01331554	0.00	0.1338357	-37.36758	10.00	-0.03159155
0.298005	10.00	-46.38815	0.00742125	0.00	0.06797601	-37.31689	10.00	-0.03156615
0.306037	10.00	-46.32058	0.008032006	0.00	0.06757681	-37.26993	10.00	-0.03154268
0.314087	10.00	-46.25795	0.008050036	0.00	0.06262654	-37.17273	10.00	-0.03149401
0.3332546	10.00	-46.12835	0.01916763	0.00	0.1295932	-37.12251	10.00	-0.03146891
0.3431588	10.00	-46.06139	0.009904155	0.00	0.06696245	-37.07186	10.00	-0.03144356
0.3531467	10.00	-45.99386	0.009987904	0.00	0.06752868	-37.02257	10.00	-0.03141886
0.3628662	10.00	-45.92815	0.009719488	0.00	0.06571391	-36.97386	10.00	-0.03139444
0.3724732	10.00	-45.86319	0.009607054	0.00	0.06495374	-36.92371	10.00	-0.03136938
0.3823628	10.00	-45.79633	0.009889498	0.00	0.06686336	-36.87454	10.00	-0.03134476
0.3920617	10.00	-45.73076	0.009698969	0.00	0.06557518	-36.82538	10.00	-0.03132024
0.4017555	10.00	-45.66522	0.009693736	0.00	0.0655398	-36.77217	10.00	-0.03129359
0.412249	10.00	-45.59427	0.01049354	0.00	0.0709473	-36.71481	10.00	-0.03126485
0.4235597	10.00	-45.5178	0.01131072	0.00	0.0764723	-36.62601	10.00	-0.03122036
0.4410723	10.00	-45.39939	0.01751254	0.00	0.1184031	-36.57724	10.00	-0.03119606
0.4506889	10.00	-45.33438	0.009616686	0.00	0.06501886	-36.52804	10.00	-0.03117143
0.4603921	10.00	-45.26877	0.009703157	0.00	0.06560349	-36.47882	10.00	-0.03114674
0.4701007	10.00	-45.20313	0.0097086	0.00	0.0656403	-36.42876	10.00	-0.0311217
0.4799726	10.00	-45.13639	0.009871911	0.00	0.06674445	-36.37972	10.00	-0.03109719
0.4896441	10.00	-45.071	0.009671542	0.00	0.06538974	-36.28023	10.00	-0.03104742
0.5092642	10.00	-44.93835	0.01962008	0.00	0.1326523	-36.22989	10.00	-0.03102226
0.5191925	10.00	-44.87122	0.009928233	0.00	0.06712525	-36.17989	10.00	-0.03099727
0.5290508	10.00	-44.80457	0.009858302	0.00	0.06665244	-36.13045	10.00	-0.03097246
0.5388035	10.00	-44.73863	0.009752778	0.00	0.06593899	-36.08101	10.00	-0.0309477
0.5485534	10.00	-44.67271	0.009749847	0.00	0.06591917	-36.03206	10.00	-0.03092322
0.5582061	10.00	-44.60745	0.009652697	0.00	0.06526234	-35.98319	10.00	-0.03089872
0.5678439	10.00	-44.54229	0.009637834	0.00	0.06516184	-35.93325	10.00	-0.03087371
0.5776924	10.00	-44.4757	0.009848461	0.00	0.06658591	-35.88294	10.00	-0.03084855
0.5869642	10.00	-44.40862	0.009271809	0.00	0.06707853	-35.78336	10.00	-0.03079874
0.6053171	10.00	-44.27584	0.01835284	0.00	0.1327769	-35.73454	10.00	-0.03077427
0.6143143	10.00	-44.21075	0.00899729	0.00	0.06509247	-35.68498	10.00	-0.03074942
0.6234476	10.00	-44.14468	0.009133277	0.00	0.0660763	-35.63578	10.00	-0.03072482
0.6325155	10.00	-44.07907	0.009067925	0.00	0.06560349	-35.58641	10.00	-0.03070021
0.6416126	10.00	-44.01326	0.00909708	0.00	0.06581442	-35.53658	10.00	-0.03067522
0.6507969	10.00	-43.94681	0.009184347	0.00	0.06644577	-35.48734	10.00	-0.03065058
0.6598735	10.00	-43.88115	0.009076535	0.00	0.06566578	-35.43767	10.00	-0.0306257
0.6690271	10.00	-43.81492	0.009153627	0.00	0.06622352	-35.3382	10.00	-0.03057594
0.68736	10.00	-43.68229	0.01833289	0.00	0.1326325	-35.28799	10.00	-0.0305508
0.6966124	10.00	-43.61535	0.009252438	0.00	0.06693839	-35.23806	10.00	-0.03052574
0.7058136	10.00	-43.54878	0.009201174	0.00	0.0665675	-35.18903	10.00	-0.03050126
0.7148514	10.00	-43.4834	0.009037793	0.00	0.0653855	-35.14061	10.00	-0.03047698
0.7237732	10.00	-43.41885	0.008921764	0.00	0.06454606	-35.09029	10.00	-0.03045183
0.7330483	10.00	-43.35175	0.009275136	0.00	0.0671026	-35.04097	10.00	-0.03042715
0.7421362	10.00	-43.286	0.009087883	0.00	0.06574789	-34.99161	10.00	-0.03040245
0.7512347	10.00	-43.22018	0.00909845	0.00	0.06582433	-34.94152	10.00	-0.03037735
0.7598171	10.00	-43.15341	0.008582447	0.00	0.06676852	-34.84176	10.00	-0.0303275
0.7769154	10.00	-43.02039	0.0170983	0.00	0.1330189	-34.79137	10.00	-0.03030229
0.7855511	10.00	-42.95321	0.00863576	0.00	0.06718328	-34.74237	10.00	-0.03027771
0.79395	10.00	-42.88787	0.00839885	0.00	0.0653402	-34.69274	10.00	-0.03025046
0.802456	10.00	-42.82169	0.008506024	0.00	0.06617398	-34.64262	10.00	-0.03022303
0.8110461	10.00	-42.75486	0.008590089	0.00	0.06682798	-34.59538	10.00	-0.03019715
0.8191413	10.00	-42.69189	0.008095162	0.00	0.0629776	-34.54564	10.00	-0.03016981
0.8276666	10.00	-42.62556	0.008525312	0.00	0.06632403	-34.49573	10.00	-0.0301424
0.836221	10.00	-42.55901	0.008554425	0.00	0.06655052	-34.44501	10.00	-0.0301146
0.8449141	10.00	-42.49138	0.008693078	0.00	0.06762919	-34.39597	10.00	-0.03008769
0.8533188	10.00	-42.426	0.008404673	0.00	0.0653855	-34.34612	10.00	-0.03006039
0.861863	10.00	-42.35953	0.008544235	0.00	0.06647125	-34.24788	10.00	-0.03000651
0.8787002	10.00	-42.22854	0.01683719	0.00	0.1309876	-34.19856	10.00	-0.02997952
0.8871531	10.00	-42.16278	0.008452892	0.00	0.06576063	-34.14867	10.00	-0.02995215
0.8957028	10.00	-42.09626	0.008549695	0.00	0.06651372	-34.09969	10.00	-0.02992522
0.9040965	10.00	-42.03096	0.008393755	0.00	0.06530056	-34.04941	10.00	-0.02989772
0.9127148	10.00	-41.96392	0.008618292	0.00	0.06704739	-34.00037	10.00	-0.02987085
0.9211202	10.00	-41.89853	0.0084054	0.00	0.06539116	-33.95014	10.00	-0.02984325
0.9297289	10.00	-41.83155	0.008608649	0.00	0.06697236	-33.90104	10.00	-0.02981632
0.9381446	10.00	-41.76608	0.008415773	0.00	0.06547185	-33.80106	10.00	-0.0297615
0.9552801	10.00	-41.63277	0.01713542	0.00	0.1333077	-33.75151	10.00	-0.02973435
0.9637722	10.00	-41.56671	0.008492195	0.00	0.06606639	-33.70139	10.00	-0.02970693
0.9723613	10.00	-41.49989	0.008588998	0.00	0.06681948	-33.65193	10.00	-0.02967977
0.9808393	10.00	-41.43393	0.008478003	0.00	0.06595597	-33.60388	10.00	-0.02965344
0.9890734	10.00	-41.36987	0.008234178	0.00	0.0640591	-33.55391	10.00	-0.02962601
0.9976386	10.00	-41.30324	0.00856516	0.00	0.06663404	-33.50375	10.00	-0.02959845
1.006236	10.00	-41.23635	0.008597549	0.00	0.06688601	-33.45498	10.00	-0.02957183
1.014594	10.00	-41.17133	0.00835791	0.00	0.06502169	-33.35371	10.00	-0.02951625
1.03195	10.00	-41.03631	0.01735559	0.00	0.1350206	-33.30602	10.00	-0.02949008
1.040123	10.00	-40.97272	0.008173222	0.00	0.06358489	-33.25659	10.00	-0.02946301
1.048594	10.00	-40.90683	0.008470906	0.00	0.06590077	-33.2069	10.00	-0.02943573
1.05711	10.00	-40.84057	0.008516395	0.00	0.06625466	-33.15493	10.00	-0.02940722
1.066018	10.00	-40.77127	0.008907607	0.00	0.06929816	-33.1076	10.00	-0.02938128
1.07413	10.00	-40.70816	0.008112447	0.00	0.06311208	-33.05769	10.00	-0.02935384
1.082685	10.00	-40.64161	0.008554971	0.00	0.06655476	-32.95769	10.00	-0.02929904
1.099824	10.00	-40.50827	0.01713924	0.00	0.1333374	-32.9096	10.00	-0.02927266
1.108064	10.00	-40.44416	0.00824	0.00	0.0641044	-32.85991	10.00	-0.02924542
1.116582	10.00	-40.3779	0.008518033	0.00	0.0662674	-32.81092	10.00	-0.02921853
1.124977	10.00	-40.31259	0.008394665	0.00	0.06530764	-32.76154	10.00	-0.02919141
1.133441	10.00	-40.24674	0.008463992	0.00	0.06584698	-32.71165	10.00	-0.02916408
1.141989	10.00	-40.18024	0.008548421	0.00	0.06650381	-32.61102	10.00	-0.02910891
1.159239	10.00	-40.04604	0.01724987	0.00	0.1341981	-32.56242	10.00	-0.02908225
1.167567	10.00	-39.98125	0.008328068	0.00	0.06478954	-32.51101	10.00	-0.02905408
1.17638	10.00	-39.91269	0.008812261	0.00	0.06855639	-32.46236	10.00	-0.0290274
1.184715	10.00	-39.84785	0.008335347	0.00	0.06484617	-32.41388	10.00	-0.02900081
1.193025	10.00	-39.7832	0.008309872	0.00	0.06464798	-32.3638	10.00	-0.02897334
1.201608	10.00	-39.71643	0.008582992	0.00	0.06677277	-32.31491	10.00	-0.0289466
1.209987	10.00	-39.65124	0.008378653	0.00	0.06518307	-32.26525	10.00	-0.02891934
1.218498	10.00	-39.58503	0.008511119	0.00	0.06621361	-32.21567	10.00	-0.02889219
1.226996	10.00	-39.51892	0.008498018	0.00	0.06611169	-32.16614	10.00	-0.02886501
1.235485	10.00	-39.45288	0.00848892	0.00	0.06604091	-32.06573	10.00	-0.02880996
1.252695	10.00	-39.31899	0.0172102	0.00	0.1338895	-32.01737	10.00	-0.02878344
1.260982	10.00	-39.25451	0.008287491	0.00	0.06447387	-31.96636	10.00	-0.02875541
1.269725	10.00	-39.1865	0.008742388	0.00	0.06801281	-31.91723	10.00	-0.02872853
1.278145	10.00	-39.12099	0.008420504	0.00	0.06550866	-31.86782	10.00	-0.02870136
1.286612	10.00	-39.05513	0.00846654	0.00	0.0658668	-31.8196	10.00	-0.02867498
1.294878	10.00	-38.99082	0.008265839	0.00	0.06430542	-31.76992	10.00	-0.02864775
1.303391	10.00	-38.92459	0.008512938	0.00	0.06622776	-31.71972	10.00	-0.02862017
1.311995	10.00	-38.85765	0.008604463	0.00	0.0669398	-31.67028	10.00	-0.02859313
1.320469	10.00	-38.79173	0.008473635	0.00	0.065922	-31.62089	10.00	-0.02856601
1.328934	10.00	-38.72587	0.00846563	0.00	0.06585972	-31.57058	10.00	-0.02853837
1.337556	10.00	-38.6588	0.008621386	0.00	0.06707145	-31.52104	10.00	-0.02851122
1.346047	10.00	-38.59274	0.008491649	0.00	0.06606214	-31.42169	10.00	-0.02845681
1.363074	10.00	-38.46028	0.0170266	0.00	0.1324612	-31.37276	10.00	-0.02843002
1.371458	10.00	-38.39505	0.008384112	0.00	0.06522554	-31.32203	10.00	-0.02840213
1.380154	10.00	-38.3274	0.008695625	0.00	0.06764901	-31.27211	10.00	-0.02837472
1.38871	10.00	-38.26084	0.008555881	0.00	0.06656184	-31.22344	10.00	-0.02834807
1.397051	10.00	-38.19595	0.008341352	0.00	0.06489288	-31.17451	10.00	-0.02832125
1.405438	10.00	-38.1307	0.008386842	0.00	0.06524678	-31.12474	10.00	-0.02829397
1.413967	10.00	-38.06435	0.008528769	0.00	0.06635092	-31.07494	10.00	-0.02826671
1.418	10.00	-37.99796	0.004033812	0.00	0.06638914	-31.02528	10.00	-0.02823948
1.421383	10.00	-37.93173	0.003382875	0.00	0.0662306	-30.97637	10.00	-0.02821266
1.424082	10.00	-37.86652	0.002699089	0.00	0.06520431	-30.87614	10.00	-0.02815762
1.424082	10.00	-37.73288	0	0.00	0.133646	-30.82766	10.00	-0.02813113
1.424082	10.00	-37.66823	0	0.00	0.06464515	-30.77652	10.00	-0.02810299
1.424082	10.00	-37.60005	0	0.00	0.06818409	-30.72873	10.00	-0.02807681
1.424082	10.00	-37.53635	0	0.00	0.06370379	-30.67947	10.00	-0.02804985
1.424082	10.00	-37.47065	0	0.00	0.06569409	-30.62983	10.00	-0.02802258
1.424082	10.00	-37.40446	0	0.00	0.06618955	-30.57987	10.00	-0.02799516
1.424082	10.00	-37.33785	0	0.00	0.06661422	-30.53042	10.00	-0.02796801
1.424082	10.00	-37.27192	0	0.00	0.06593049	-30.43011	10.00	-0.02791305
1.424082	10.00	-37.13817	0	0.00	0.1337437	-30.38104	10.00	-0.02788614
1.424082	10.00	-37.07274	0	0.00	0.06543221	-30.33097	10.00	-0.02785872
1.424082	10.00	-37.00598	0	0.00	0.06676003	-30.28249	10.00	-0.02783211
1.424082	10.00	-36.94133	0	0.00	0.0646494	-30.23269	10.00	-0.02780488
1.424082	10.00	-36.87495	0	0.00	0.06637923	-30.18266	10.00	-0.02777739
1.424082	10.00	-36.80825	0	0.00	0.06670482	-30.13386	10.00	-0.02775065
1.424082	10.00	-36.74318	0	0.00	0.06507124	-30.0831	10.00	-0.02772276
1.424082	10.00	-36.6755	0	0.00	0.06768015	-29.98452	10.00	-0.02766877
1.424082	10.00	-36.54406	0	0.00	0.1314406	-29.93391	10.00	-0.02764102
1.424082	10.00	-36.47656	0	0.00	0.06749187	-29.88451	10.00	-0.02761387
1.424082	10.00	-36.41072	0	0.00	0.06584698	-29.83442	10.00	-0.02758642
1.424082	10.00	-36.34392	0	0.00	0.06680108	-29.78635	10.00	-0.02756013
1.424082	10.00	-36.27983	0	0.00	0.06408034	-29.73736	10.00	-0.02753325
1.424082	10.00	-36.21452	0	0.00	0.0653218	-29.6877	10.00	-0.027506
1.424082	10.00	-36.14829	0	0.00	0.0662221	-29.63761	10.00	-0.02747851
1.424082	10.00	-36.0815	0	0.00	0.066794	-29.58332	10.00	-0.02744874
1.424082	10.00	-36.00911	0	0.00	0.07238411	-29.48864	10.00	-0.02739684
1.424082	10.00	-35.88289	0	0.00	0.1262256	-29.4384	10.00	-0.0273692
1.424082	10.00	-35.81591	0	0.00	0.06698227	-29.38936	10.00	-0.0273424
1.424082	10.00	-35.75051	0	0.00	0.06539965	-29.33744	10.00	-0.02731398
1.424082	10.00	-35.68128	0	0.00	0.06922738	-29.29097	10.00	-0.02728845
1.424082	10.00	-35.61932	0	0.00	0.06196122	-29.19181	10.00	-0.02723409
1.424082	10.00	-35.48711	0	0.00	0.1322078	-29.1412	10.00	-0.02720629
1.424082	10.00	-35.41964	0	0.00	0.06746922	-29.09152	10.00	-0.02717906
1.424082	10.00	-35.35339	0	0.00	0.06625183	-29.04101	10.00	-0.0271514
1.424082	10.00	-35.28605	0	0.00	0.06734183	-28.99333	10.00	-0.02712522
1.424082	10.00	-35.22247	0	0.00	0.06358206	-28.94298	10.00	-0.02709764
1.424082	10.00	-35.15534	0	0.00	0.06712383	-28.89492	10.00	-0.02707127
1.424082	10.00	-35.09126	0	0.00	0.06408458	-28.84492	10.00	-0.02704382
1.424082	10.00	-35.02459	0	0.00	0.06666943	-28.79424	10.00	-0.02701609
1.424082	10.00	-34.95702	0	0.00	0.06757115	-28.74588	10.00	-0.02698958
1.424082	10.00	-34.89252	0	0.00	0.06449227	-28.64567	10.00	-0.02693455
1.424082	10.00	-34.75891	0	0.00	0.1336078	-28.59696	10.00	-0.0269078
1.424082	10.00	-34.69398	0	0.00	0.06493818	-28.54562	10.00	-0.0268797
1.424082	10.00	-34.62553	0	0.00	0.06845305	-28.49723	10.00	-0.02685324
1.424082	10.00	-34.561	0	0.00	0.06452058	-28.44862	10.00	-0.02682654
1.424082	10.00	-34.49618	0	0.00	0.06482776	-28.399	10.00	-0.02679931
1.424082	10.00	-34.43002	0	0.00	0.06616124	-28.29863	10.00	-0.0267443
1.424082	10.00	-34.2962	0	0.00	0.1338117	-28.25076	10.00	-0.02671801
1.424082	10.00	-34.23236	0	0.00	0.0638411	-28.19918	10.00	-0.02668978
1.424082	10.00	-34.1636	0	0.00	0.06876448	-28.15007	10.00	-0.02666296
1.424082	10.00	-34.09813	0	0.00	0.06547185	-28.1015	10.00	-0.02663623
1.424082	10.00	-34.03336	0	0.00	0.06476972	-28.05147	10.00	-0.02660876
1.424082	10.00	-33.96665	0	0.00	0.06670623	-28.00186	10.00	-0.02658159
1.424082	10.00	-33.90051	0	0.00	0.06614	-27.95184	10.00	-0.0265541
1.424082	10.00	-33.83381	0	0.00	0.06670057	-27.90292	10.00	-0.0265274
1.424082	10.00	-33.76859	0	0.00	0.06522271	-27.85363	10.00	-0.02650027
1.424082	10.00	-33.70287	0	0.00	0.06571674	-27.804	10.00	-0.02647305
1.424082	10.00	-33.6367	0	0.00	0.06617256	-27.70357	10.00	-0.02641804
1.424082	10.00	-33.50277	0	0.00	0.1339263	-27.654	10.00	-0.02639082
1.424082	10.00	-33.43668	0	0.00	0.06608621	-27.60436	10.00	-0.02636352
1.424082	10.00	-33.3705	0	0.00	0.06618106	-27.55545	10.00	-0.02633673
1.424082	10.00	-33.30528	0	0.00	0.06522129	-27.50703	10.00	-0.02631027
1.424082	10.00	-33.24073	0	0.00	0.06455314	-27.45692	10.00	-0.0262828
1.424082	10.00	-33.17392	0	0.00	0.0668124	-27.40738	10.00	-0.02625558
1.424082	10.00	-33.10786	0	0.00	0.06605507	-27.35818	10.00	-0.02622863
1.424082	10.00	-33.04226	0	0.00	0.06560349	-27.30829	10.00	-0.02620121
1.424082	10.00	-32.97574	0	0.00	0.06651796	-27.25869	10.00	-0.02617404
1.424082	10.00	-32.90961	0	0.00	0.06612868	-27.15934	10.00	-0.02611954
1.424082	10.00	-32.77715	0	0.00	0.1324654	-27.10888	10.00	-0.02609185
1.424082	10.00	-32.70986	0	0.00	0.06728379	-27.05959	10.00	-0.02606486
1.424082	10.00	-32.64414	0	0.00	0.06572099	-27.01102	10.00	-0.02603828
1.424082	10.00	-32.57938	0	0.00	0.06475981	-26.96123	10.00	-0.02601094
1.424082	10.00	-32.513	0	0.00	0.06637923	-26.91195	10.00	-0.02598387
1.424082	10.00	-32.4473	0	0.00	0.06569976	-26.86212	10.00	-0.02595666
1.424082	10.00	-32.38086	0	0.00	0.0664486	-26.81164	10.00	-0.02592891
1.424082	10.00	-32.31354	0	0.00	0.06731635	-26.71229	10.00	-0.02587448
1.424082	10.00	-32.18107	0	0.00	0.1324669	-26.6631	10.00	-0.02584747
1.424082	10.00	-32.11549	0	0.00	0.06558368	-26.61361	10.00	-0.02582036
1.424082	10.00	-32.04951	0	0.00	0.06598146	-26.56344	10.00	-0.02579282
1.424082	10.00	-31.98262	0	0.00	0.06688601	-26.51287	10.00	-0.02576506
1.424915	10.00	-31.91519	0.0008324995	0.00	0.06743243	-26.46567	10.00	-0.02573921
1.426911	10.00	-31.85225	0.001995765	0.00	0.06293514	-26.4164	10.00	-0.02571223
1.430266	10.00	-31.78655	0.003355906	0.00	0.06570259	-26.3669	10.00	-0.02568514
1.433637	10.00	-31.72056	0.003370439	0.00	0.06598712	-26.31698	10.00	-0.02565769
1.437036	10.00	-31.65401	0.003399577	0.00	0.06655759	-26.26737	10.00	-0.02563046
1.440415	10.00	-31.58785	0.003378971	0.00	0.06615416	-26.21794	10.00	-0.02560337
1.443781	10.00	-31.52195	0.003366028	0.00	0.06590077	-26.11713	10.00	-0.02554805
1.450647	10.00	-31.38753	0.006865746	0.00	0.1344189	-26.06872	10.00	-0.02552154
1.453944	10.00	-31.32298	0.003296978	0.00	0.06454889	-26.01925	10.00	-0.02549439
1.457313	10.00	-31.25702	0.003369282	0.00	0.06596447	-25.96821	10.00	-0.02546639
1.460789	10.00	-31.18897	0.003475496	0.00	0.06804395	-25.91763	10.00	-0.02543866
1.464233	10.00	-31.12154	0.003444261	0.00	0.06743243	-25.82064	10.00	-0.02538545
1.470839	10.00	-30.99222	0.00660538	0.00	0.1293214	-25.77039	10.00	-0.02535788
1.474262	10.00	-30.9252	0.003423076	0.00	0.06701766	-25.72101	10.00	-0.02533083
1.477624	10.00	-30.85937	0.003362413	0.00	0.06582999	-25.67093	10.00	-0.02530341
1.482328	10.00	-30.79259	0.004704372	0.00	0.06678268	-25.6223	10.00	-0.02527679
1.487523	10.00	-30.72775	0.00519495	0.00	0.06483484	-25.57366	10.00	-0.02525014
1.493347	10.00	-30.66291	0.005823628	0.00	0.06484475	-25.52402	10.00	-0.02522282
1.499291	10.00	-30.59672	0.005944403	0.00	0.06618955	-25.47466	10.00	-0.02519574
1.505202	10.00	-30.5309	0.005910967	0.00	0.06581725	-25.42457	10.00	-0.02516834
1.511202	10.00	-30.46411	0.005999069	0.00	0.06679825	-25.3709	10.00	-0.02513895
1.517626	10.00	-30.39257	0.00642445	0.00	0.07153477	-25.32549	10.00	-0.02511403
1.523064	10.00	-30.33201	0.005438548	0.00	0.06055697	-25.22525	10.00	-0.02505907
1.535068	10.00	-30.19836	0.01200322	0.00	0.1336531	-25.17669	10.00	-0.02503236
1.540882	10.00	-30.13362	0.005813966	0.00	0.06473716	-25.12643	10.00	-0.02500487
1.5469	10.00	-30.06662	0.006017885	0.00	0.06700775	-25.0754	10.00	-0.02497677
1.553011	10.00	-29.99856	0.006111835	0.00	0.06805386	-25.02755	10.00	-0.02495058
1.558743	10.00	-29.93475	0.005731204	0.00	0.06381562	-24.97891	10.00	-0.02492385
1.564566	10.00	-29.86991	0.005823247	0.00	0.0648405	-24.92952	10.00	-0.02489681
1.570481	10.00	-29.80404	0.005915417	0.00	0.0658668	-24.87936	10.00	-0.02486932
1.576487	10.00	-29.73717	0.006005553	0.00	0.06687044	-24.82911	10.00	-0.02484173
1.582504	10.00	-29.67017	0.006016995	0.00	0.06699784	-24.77964	10.00	-0.02481461
1.588427	10.00	-29.60422	0.00592279	0.00	0.0659489	-24.73079	10.00	-0.02478785
1.594277	10.00	-29.53908	0.005850707	0.00	0.06514627	-24.63133	10.00	-0.02473328
1.606186	10.00	-29.40647	0.01190915	0.00	0.1326056	-24.58099	10.00	-0.02470576
1.612214	10.00	-29.33936	0.00602742	0.00	0.06711392	-24.53036	10.00	-0.024678
1.618278	10.00	-29.27184	0.006063652	0.00	0.06751736	-24.48321	10.00	-0.02465209
1.623923	10.00	-29.20898	0.00564539	0.00	0.06286011	-24.43374	10.00	-0.02462504
1.629848	10.00	-29.14301	0.00592457	0.00	0.06596871	-24.38302	10.00	-0.02459722
1.635267	10.00	-29.07538	0.005419076	0.00	0.06763202	-24.33419	10.00	-0.02457043
1.640482	10.00	-29.01029	0.005215139	0.00	0.06508681	-24.2847	10.00	-0.02454337
1.645769	10.00	-28.9443	0.005287277	0.00	0.06598712	-24.18408	10.00	-0.02448817
1.65652	10.00	-28.81013	0.0107507	0.00	0.1341726	-24.13565	10.00	-0.02446153
1.661693	10.00	-28.74557	0.005172946	0.00	0.06456022	-24.08419	10.00	-0.02443338
1.66719	10.00	-28.67696	0.00549768	0.00	0.06861302	-24.03567	10.00	-0.02440678
1.672375	10.00	-28.61225	0.005185082	0.00	0.06471168	-23.9873	10.00	-0.02438026
1.677543	10.00	-28.54776	0.005167161	0.00	0.06448802	-23.93799	10.00	-0.02435315
1.68281	10.00	-28.48202	0.005267541	0.00	0.06574081	-23.88815	10.00	-0.02432597
1.688135	10.00	-28.41556	0.005325161	0.00	0.06645992	-23.83855	10.00	-0.02429869
1.693434	10.00	-28.34943	0.005298846	0.00	0.06613151	-23.78902	10.00	-0.02427153
1.698725	10.00	-28.28339	0.00529102	0.00	0.06603383	-23.73922	10.00	-0.02424424
1.704046	10.00	-28.21698	0.005321305	0.00	0.06641179	-23.64011	10.00	-0.02418985
1.714634	10.00	-28.08485	0.01058726	0.00	0.1321328	-23.58943	10.00	-0.02416211
1.720049	10.00	-28.01727	0.005415106	0.00	0.06758247	-23.53961	10.00	-0.02413477
1.72537	10.00	-27.95085	0.005321418	0.00	0.06641321	-23.49008	10.00	-0.02410769
1.730662	10.00	-27.88481	0.005291587	0.00	0.06604091	-23.44168	10.00	-0.02408112
1.735832	10.00	-27.82028	0.005170677	0.00	0.06453191	-23.39099	10.00	-0.02405333
1.741249	10.00	-27.75268	0.005416581	0.00	0.06760088	-23.34323	10.00	-0.02402714
1.74635	10.00	-27.68901	0.005101375	0.00	0.06366699	-23.29339	10.00	-0.02399984
1.751675	10.00	-27.62256	0.005324481	0.00	0.06645143	-23.2436	10.00	-0.02397254
1.756995	10.00	-27.55616	0.005320284	0.00	0.06639905	-23.14339	10.00	-0.02391752
1.765114	10.00	-27.42254	0.008118542	0.00	0.1336163	-23.09551	10.00	-0.02389123
1.768992	10.00	-27.35872	0.00387796	0.00	0.06382412	-23.04396	10.00	-0.023863
1.773168	10.00	-27.28998	0.004176675	0.00	0.06874041	-22.99438	10.00	-0.0238358
1.777186	10.00	-27.22386	0.004017298	0.00	0.06611735	-22.9458	10.00	-0.02380917
1.781121	10.00	-27.15909	0.003935674	0.00	0.06477397	-22.897	10.00	-0.02378241
1.785074	10.00	-27.09404	0.003952274	0.00	0.06504717	-22.8471	10.00	-0.02375503
1.789117	10.00	-27.0275	0.004042929	0.00	0.06653919	-22.79713	10.00	-0.02372759
1.793165	10.00	-26.96086	0.00404895	0.00	0.06663828	-22.74789	10.00	-0.02370065
1.797154	10.00	-26.89522	0.003988312	0.00	0.0656403	-22.64828	10.00	-0.02364602
1.805223	10.00	-26.76241	0.00806943	0.00	0.132808	-22.59945	10.00	-0.02361932
1.80918	10.00	-26.69729	0.00395709	0.00	0.06512645	-22.54889	10.00	-0.0235916
1.813276	10.00	-26.62989	0.004095309	0.00	0.06740128	-22.49707	10.00	-0.02356312
1.817474	10.00	-26.56079	0.004198264	0.00	0.06909572	-22.44494	10.00	-0.02353459
1.821697	10.00	-26.49128	0.004223379	0.00	0.06950907	-22.34932	10.00	-0.02348205
1.830679	10.00	-26.36378	0.008981653	0.00	0.1275024	-22.25367	10.00	-0.02342965
1.839662	10.00	-26.23626	0.008982849	0.00	0.1275194	-22.20217	10.00	-0.02340152
1.843834	10.00	-26.16759	0.004172203	0.00	0.06866681	-22.15313	10.00	-0.02337464
1.847807	10.00	-26.10221	0.003973002	0.00	0.06538833	-22.10136	10.00	-0.02334614
1.852001	10.00	-26.03318	0.004193792	0.00	0.06902212	-22.05465	10.00	-0.02332051
1.855786	10.00	-25.97089	0.003785069	0.00	0.0622953	-21.95396	10.00	-0.02326543
1.863942	10.00	-25.83665	0.008156558	0.00	0.134242	-21.90588	10.00	-0.023239
1.867837	10.00	-25.77254	0.003894991	0.00	0.0641044	-21.85372	10.00	-0.02321042
1.872063	10.00	-25.70299	0.004226045	0.00	0.06955296	-21.80383	10.00	-0.023183
1.876106	10.00	-25.63646	0.004042155	0.00	0.06652645	-21.75632	10.00	-0.02315696
1.879954	10.00	-25.57312	0.003848459	0.00	0.06333858	-21.70727	10.00	-0.02313013
1.883928	10.00	-25.50773	0.003973518	0.00	0.06539682	-21.65711	10.00	-0.02310263
1.887991	10.00	-25.44085	0.004063399	0.00	0.0668761	-21.60759	10.00	-0.02307545
1.892003	10.00	-25.37482	0.004012137	0.00	0.06603242	-21.5575	10.00	-0.02304796
1.89606	10.00	-25.30804	0.004057379	0.00	0.06677701	-21.50891	10.00	-0.02302136
1.899997	10.00	-25.24325	0.003936878	0.00	0.06479379	-21.45925	10.00	-0.02299409
1.905303	10.00	-25.17703	0.005305652	0.00	0.06621644	-21.35996	10.00	-0.02293968
1.917192	10.00	-25.04465	0.01188881	0.00	0.1323791	-21.31032	10.00	-0.02291245
1.92506	10.00	-24.97846	0.007867794	0.00	0.06619521	-21.25937	10.00	-0.02288449
1.935765	10.00	-24.91052	0.01070535	0.00	0.06793212	-21.20996	10.00	-0.02285746
1.948059	10.00	-24.84465	0.01229454	0.00	0.06587388	-21.16125	10.00	-0.02283068
1.96018	10.00	-24.77971	0.01212096	0.00	0.06494384	-21.11141	10.00	-0.02280338
1.974515	10.00	-24.71325	0.0143348	0.00	0.06646134	-21.06308	10.00	-0.02277688
1.989037	10.00	-24.64881	0.01452149	0.00	0.06443423	-21.01336	10.00	-0.02274957
2.004618	10.00	-24.58252	0.01558128	0.00	0.06628864	-20.96276	10.00	-0.02272187
2.021132	10.00	-24.51505	0.01651416	0.00	0.06747772	-20.9135	10.00	-0.02269492
2.037205	10.00	-24.44937	0.01607279	0.00	0.06567428	-20.81314	10.00	-0.02263987
2.075135	10.00	-24.31557	0.03792951	0.00	0.133806	-20.76472	10.00	-0.02261333
2.093438	10.00	-24.251	0.01830347	0.00	0.06457013	-20.71422	10.00	-0.02258562
2.112525	10.00	-24.18366	0.01908715	0.00	0.06733475	-20.66423	10.00	-0.02255812
2.132063	10.00	-24.11701	0.01953829	0.00	0.06664961	-20.61697	10.00	-0.02253222
2.151147	10.00	-24.054	0.01908322	0.00	0.06301583	-20.5672	10.00	-0.02250499
2.171242	10.00	-23.98764	0.02009534	0.00	0.066358	-20.51746	10.00	-0.0224777
2.190681	10.00	-23.92132	0.01943953	0.00	0.0663127	-20.46811	10.00	-0.02245066
2.209974	10.00	-23.85551	0.01929262	0.00	0.06581159	-20.41836	10.00	-0.02242326
2.229417	10.00	-23.78919	0.01944243	0.00	0.06632261	-20.31876	10.00	-0.02236868
2.268349	10.00	-23.65638	0.038933	0.00	0.1328094	-20.26846	10.00	-0.02234116
2.288009	10.00	-23.58932	0.01965905	0.00	0.06706154	-20.22029	10.00	-0.02231477
2.306837	10.00	-23.52509	0.01882868	0.00	0.06422897	-20.17027	10.00	-0.02228731
2.326386	10.00	-23.4584	0.01954908	0.00	0.06668641	-20.12114	10.00	-0.02226033
2.345591	10.00	-23.39289	0.01920423	0.00	0.06551007	-20.0713	10.00	-0.02223295
2.365072	10.00	-23.32644	0.01948102	0.00	0.06645426	-19.97108	10.00	-0.02217807
2.404242	10.00	-23.19282	0.03916995	0.00	0.1336177	-19.9231	10.00	-0.0221518
2.422996	10.00	-23.12885	0.01875399	0.00	0.06397417	-19.87164	10.00	-0.0221236
2.44311	10.00	-23.06023	0.02011428	0.00	0.06861443	-19.82169	10.00	-0.02209617
2.46199	10.00	-22.99363	0.01888009	0.00	0.06660431	-19.77377	10.00	-0.02206992
2.479484	10.00	-22.92973	0.01749454	0.00	0.06389914	-19.72453	10.00	-0.02204292
2.497457	10.00	-22.86408	0.01797279	0.00	0.06564596	-19.67418	10.00	-0.02201533
2.515839	10.00	-22.79694	0.01838167	0.00	0.0671394	-19.62527	10.00	-0.02198855
2.53369	10.00	-22.73174	0.01785109	0.00	0.06520148	-19.57585	10.00	-0.02196138
2.551733	10.00	-22.66584	0.01804255	0.00	0.06590077	-19.52512	10.00	-0.0219336
2.570253	10.00	-22.59819	0.0185208	0.00	0.06764759	-19.42582	10.00	-0.02187908
2.606503	10.00	-22.46579	0.03624943	0.00	0.1324017	-19.3776	10.00	-0.02185275
2.624104	10.00	-22.4015	0.01760073	0.00	0.06428701	-19.32632	10.00	-0.02182462
2.642822	10.00	-22.33313	0.01871885	0.00	0.06837095	-19.27792	10.00	-0.02179806
2.660489	10.00	-22.2686	0.017667	0.00	0.06452908	-19.22905	10.00	-0.02177127
2.67833	10.00	-22.20344	0.01784102	0.00	0.06516467	-19.17952	10.00	-0.02174406
2.695771	10.00	-22.1374	0.01744108	0.00	0.0660395	-19.12892	10.00	-0.02171633
2.712935	10.00	-22.06994	0.01716394	0.00	0.06746357	-19.07688	10.00	-0.02168785
2.730589	10.00	-22.00055	0.01765337	0.00	0.06938733	-19.0255	10.00	-0.02165972
2.74802	10.00	-21.93204	0.01743116	0.00	0.06851392	-18.92998	10.00	-0.02160725
2.779189	10.00	-21.80468	0.03116931	0.00	0.1273594	-18.87502	10.00	-0.02157717
2.79712	10.00	-21.73141	0.0179311	0.00	0.07326743	-18.82613	10.00	-0.02155036
2.813076	10.00	-21.66621	0.01595535	0.00	0.0651944	-18.73252	10.00	-0.02149903
2.842414	10.00	-21.5414	0.02933851	0.00	0.1248171	-18.68091	10.00	-0.02147073
2.858588	10.00	-21.47259	0.01617321	0.00	0.06880695	-18.63437	10.00	-0.02144523
2.873174	10.00	-21.41053	0.01458674	0.00	0.06205748	-18.58467	10.00	-0.02141801
2.887469	10.00	-21.34426	0.0142945	0.00	0.06627448	-18.53424	10.00	-0.02139032
2.901972	10.00	-21.27702	0.01450334	0.00	0.06724273	-18.48481	10.00	-0.02136314
2.915547	10.00	-21.21112	0.01357549	0.00	0.06589935	-18.43528	10.00	-0.021336
2.929153	10.00	-21.14507	0.01360524	0.00	0.06604374	-18.38546	10.00	-0.02130862
2.942835	10.00	-21.07866	0.01368193	0.00	0.06641604	-18.2868	10.00	-0.02125464
2.969936	10.00	-20.9471	0.02710112	0.00	0.1315566	-18.23727	10.00	-0.02122753
2.98354	10.00	-20.88106	0.01360378	0.00	0.06603666	-18.18657	10.00	-0.02119972
2.997464	10.00	-20.81347	0.01392484	0.00	0.06759521	-18.13786	10.00	-0.02117302
3.010216	10.00	-20.74851	0.01275203	0.00	0.06495516	-18.08895	10.00	-0.02114619
3.023018	10.00	-20.6833	0.01280206	0.00	0.06520997	-18.03933	10.00	-0.02111898
3.036005	10.00	-20.61715	0.01298686	0.00	0.06615133	-17.98944	10.00	-0.02109154
3.049066	10.00	-20.55062	0.01306106	0.00	0.06652928	-17.93997	10.00	-0.02106445
3.062015	10.00	-20.48466	0.01294879	0.00	0.06595739	-17.89004	10.00	-0.02103703
3.075084	10.00	-20.4181	0.01306857	0.00	0.0665675	-17.78993	10.00	-0.02098213
3.101291	10.00	-20.28461	0.02620717	0.00	0.1334917	-17.7416	10.00	-0.02095569
3.113941	10.00	-20.22017	0.01264976	0.00	0.06443423	-17.69042	10.00	-0.02092757
3.126678	10.00	-20.15193	0.01273681	0.00	0.06824355	-17.64107	10.00	-0.02090052
3.138321	10.00	-20.08613	0.01164317	0.00	0.06579743	-17.59185	10.00	-0.02087365
3.149933	10.00	-20.02051	0.01161236	0.00	0.06562331	-17.543	10.00	-0.02084676
3.161459	10.00	-19.95537	0.01152644	0.00	0.06513777	-17.4941	10.00	-0.02082003
3.172996	10.00	-19.89017	0.01153646	0.00	0.0651944	-17.44411	10.00	-0.02079255
3.184792	10.00	-19.82351	0.01179622	0.00	0.06666235	-17.39361	10.00	-0.02076479
3.196706	10.00	-19.75619	0.01191345	0.00	0.06732484	-17.34493	10.00	-0.02073822
3.208192	10.00	-19.69128	0.01148611	0.00	0.06490987	-17.24471	10.00	-0.02068321
3.231836	10.00	-19.55766	0.02364429	0.00	0.1336177	-17.19532	10.00	-0.02065611
3.24349	10.00	-19.4918	0.01165419	0.00	0.06585972	-17.14564	10.00	-0.02062883
3.255212	10.00	-19.42556	0.01172207	0.00	0.06624334	-17.09583	10.00	-0.02060157
3.266964	10.00	-19.35914	0.01175213	0.00	0.06641321	-17.04696	10.00	-0.02057478
3.278494	10.00	-19.29399	0.01152919	0.00	0.06515335	-16.9984	10.00	-0.02054815
3.289952	10.00	-19.22924	0.01145855	0.00	0.06475415	-16.94886	10.00	-0.02052095
3.301641	10.00	-19.16318	0.01168851	0.00	0.06605365	-16.89885	10.00	-0.0204935
3.313441	10.00	-19.09649	0.01180073	0.00	0.06668783	-16.84951	10.00	-0.02046655
3.32508	10.00	-19.03072	0.01163891	0.00	0.06577337	-16.79976	10.00	-0.02043923
3.336818	10.00	-18.96439	0.0117381	0.00	0.06633393	-16.69976	10.00	-0.02038434
3.360412	10.00	-18.83106	0.02359344	0.00	0.1333304	-16.64977	10.00	-0.02035705
3.372208	10.00	-18.7644	0.01179597	0.00	0.06666093	-16.60091	10.00	-0.02033021
3.383735	10.00	-18.69926	0.01152694	0.00	0.0651406	-16.55188	10.00	-0.02030329
3.395304	10.00	-18.63387	0.01156952	0.00	0.06538125	-16.50221	10.00	-0.02027606
3.406381	10.00	-18.56765	0.01107709	0.00	0.0662221	-16.45232	10.00	-0.02024868
3.417511	10.00	-18.50112	0.01112919	0.00	0.06653353	-16.40257	10.00	-0.02022138
3.428605	10.00	-18.43479	0.01109462	0.00	0.06632686	-16.30316	10.00	-0.02016692
3.450776	10.00	-18.30225	0.02217077	0.00	0.1325433	-16.25313	10.00	-0.02013935
3.461933	10.00	-18.23555	0.01115689	0.00	0.06669915	-16.20333	10.00	-0.02011213
3.473039	10.00	-18.16915	0.01110622	0.00	0.06639622	-16.15502	10.00	-0.02008566
3.483815	10.00	-18.10473	0.01077638	0.00	0.06442432	-16.10515	10.00	-0.02005828
3.494938	10.00	-18.03824	0.01112232	0.00	0.06649248	-16.05658	10.00	-0.02003168
3.50577	10.00	-17.97348	0.0108325	0.00	0.06475981	-16.00661	10.00	-0.02000424
3.516916	10.00	-17.90685	0.01114553	0.00	0.06663121	-15.95612	10.00	-0.01997659
3.528174	10.00	-17.83954	0.01125847	0.00	0.06730644	-15.90702	10.00	-0.01994967
3.539128	10.00	-17.77406	0.01095349	0.00	0.06548318	-15.85759	10.00	-0.01992255
3.550152	10.00	-17.70815	0.01102429	0.00	0.06590643	-15.80797	10.00	-0.01989524
3.561217	10.00	-17.642	0.01106502	0.00	0.06614991	-15.70858	10.00	-0.01984081
3.583384	10.00	-17.50948	0.02216674	0.00	0.1325192	-15.6596	10.00	-0.01981396
3.594309	10.00	-17.44417	0.01092508	0.00	0.0653133	-15.60864	10.00	-0.01978602
3.605674	10.00	-17.37622	0.01136526	0.00	0.06794486	-15.56055	10.00	-0.01975967
3.616399	10.00	-17.31211	0.01072499	0.00	0.06411714	-15.51109	10.00	-0.01973252
3.627432	10.00	-17.24615	0.01103305	0.00	0.06595881	-15.4615	10.00	-0.01970538
3.638489	10.00	-17.18004	0.01105697	0.00	0.06610178	-15.41112	10.00	-0.01967777
3.649726	10.00	-17.11286	0.0112374	0.00	0.06718045	-15.36226	10.00	-0.01965089
3.660624	10.00	-17.04772	0.01089737	0.00	0.06514768	-15.30538	10.00	-0.01961972
3.67331	10.00	-16.97188	0.01268606	0.00	0.07584095	-15.21216	10.00	-0.01956862
3.6941	10.00	-16.84759	0.02079006	0.00	0.1242891	-15.16204	10.00	-0.01954108
3.705279	10.00	-16.78075	0.01117939	0.00	0.06683364	-15.11223	10.00	-0.01951381
3.71639	10.00	-16.71433	0.01111025	0.00	0.06642029	-15.06538	10.00	-0.01948817
3.726837	10.00	-16.65188	0.01044724	0.00	0.06245667	-15.01595	10.00	-0.01946106
3.73786	10.00	-16.58598	0.01102334	0.00	0.06590077	-14.96623	10.00	-0.01943378
3.74895	10.00	-16.51967	0.01109035	0.00	0.06630138	-14.91634	10.00	-0.01940645
3.760077	10.00	-16.45316	0.01112658	0.00	0.06651796	-14.86661	10.00	-0.01937907
3.771168	10.00	-16.38685	0.0110913	0.00	0.06630704	-14.76717	10.00	-0.0193246
3.793346	10.00	-16.25427	0.02217716	0.00	0.1325815	-14.71703	10.00	-0.01929711
3.804531	10.00	-16.1874	0.01118507	0.00	0.0668676	-14.66654	10.00	-0.01926947
3.81579	10.00	-16.12009	0.01125895	0.00	0.06730927	-14.61742	10.00	-0.01924245
3.826744	10.00	-16.0546	0.01095444	0.00	0.06548884	-14.5689	10.00	-0.01921586
3.837568	10.00	-15.98989	0.01082397	0.00	0.06470885	-14.51995	10.00	-0.01918901
3.848484	10.00	-15.92463	0.01091632	0.00	0.06526092	-14.47044	10.00	-0.01916189
3.859526	10.00	-15.85862	0.01104181	0.00	0.06601118	-14.42011	10.00	-0.01913438
3.870751	10.00	-15.79151	0.01122509	0.00	0.06710684	-14.3711	10.00	-0.01910747
3.881682	10.00	-15.72617	0.01093076	0.00	0.06534728	-14.32129	10.00	-0.01908016
3.892791	10.00	-15.65975	0.01110906	0.00	0.06641321	-14.2219	10.00	-0.01902578
3.914957	10.00	-15.52724	0.02216627	0.00	0.1325164	-14.17221	10.00	-0.01899839
3.92604	10.00	-15.46098	0.01108254	0.00	0.06625466	-14.12102	10.00	-0.01897039
3.937458	10.00	-15.39272	0.01141783	0.00	0.06825912	-14.07227	10.00	-0.01894365
3.94833	10.00	-15.32772	0.01087251	0.00	0.06499904	-14.02325	10.00	-0.01891686
3.959263	10.00	-15.26237	0.01093242	0.00	0.06535719	-13.97483	10.00	-0.01889024
3.970062	10.00	-15.19781	0.01079911	0.00	0.06456022	-13.92472	10.00	-0.01886277
3.981237	10.00	-15.131	0.0111756	0.00	0.06681099	-13.87531	10.00	-0.01883565
3.992258	10.00	-15.06511	0.01102098	0.00	0.06588662	-13.82451	10.00	-0.01880777
4.003589	10.00	-14.99737	0.01133046	0.00	0.06773677	-13.77614	10.00	-0.01878124
4.014374	10.00	-14.9329	0.0107849	0.00	0.06447528	-13.72595	10.00	-0.0187537
4.025568	10.00	-14.86597	0.01119501	0.00	0.06692706	-13.62634	10.00	-0.01869911
4.047785	10.00	-14.73316	0.02221599	0.00	0.1328137	-13.57813	10.00	-0.01867268
4.058537	10.00	-14.66887	0.01075246	0.00	0.06428135	-13.52654	10.00	-0.01864442
4.070044	10.00	-14.60008	0.0115071	0.00	0.06879279	-13.47777	10.00	-0.01861764
4.080921	10.00	-14.53506	0.01087677	0.00	0.06502452	-13.4295	10.00	-0.01859116
4.091686	10.00	-14.4707	0.01076525	0.00	0.06435779	-13.37994	10.00	-0.01856402
4.102739	10.00	-14.40462	0.01105247	0.00	0.06607489	-13.32995	10.00	-0.01853657
4.113889	10.00	-14.33796	0.0111505	0.00	0.06666093	-13.2804	10.00	-0.01850949
4.124941	10.00	-14.2719	0.01105152	0.00	0.06606922	-13.23076	10.00	-0.01848219
4.136011	10.00	-14.20572	0.01106999	0.00	0.06617964	-13.13033	10.00	-0.0184271
4.15841	10.00	-14.07181	0.0223995	0.00	0.1339107	-13.08238	10.00	-0.01840085
4.169104	10.00	-14.00787	0.01069374	0.00	0.06393029	-13.03142	10.00	-0.01837293
4.180471	10.00	-13.93992	0.01136716	0.00	0.06795619	-12.98137	10.00	-0.01834544
4.191632	10.00	-13.87319	0.01116115	0.00	0.06672464	-12.93276	10.00	-0.01831886
4.202474	10.00	-13.80838	0.01084149	0.00	0.06481361	-12.88418	10.00	-0.0182922
4.213308	10.00	-13.74361	0.01083415	0.00	0.06476972	-12.83367	10.00	-0.01826448
4.224575	10.00	-13.67625	0.01126676	0.00	0.06735598	-12.78413	10.00	-0.01823731
4.235624	10.00	-13.6102	0.01104915	0.00	0.06605507	-12.7348	10.00	-0.01821039
4.246625	10.00	-13.54443	0.01100109	0.00	0.06576771	-12.68492	10.00	-0.01818293
4.257751	10.00	-13.47792	0.0111254	0.00	0.06651089	-12.63608	10.00	-0.01815622
4.268643	10.00	-13.4128	0.01089311	0.00	0.0651222	-12.5366	10.00	-0.01810163
4.29083	10.00	-13.28016	0.02218616	0.00	0.1326353	-12.48752	10.00	-0.01807472
4.301775	10.00	-13.21473	0.01094592	0.00	0.06543788	-12.43486	10.00	-0.01804591
4.313521	10.00	-13.14451	0.01174554	0.00	0.07021828	-12.38764	10.00	-0.01802001
4.324052	10.00	-13.08155	0.0105313	0.00	0.0629592	-12.33916	10.00	-0.01799334
4.334866	10.00	-13.0169	0.01081355	0.00	0.06464656	-12.28934	10.00	-0.01796604
4.345976	10.00	-12.95048	0.01111048	0.00	0.0664217	-12.23937	10.00	-0.01793866
4.357121	10.00	-12.88385	0.01114505	0.00	0.06662837	-12.18998	10.00	-0.01791162
4.368135	10.00	-12.81801	0.01101387	0.00	0.06584415	-12.13953	10.00	-0.01788394
4.379387	10.00	-12.75074	0.01125161	0.00	0.06726538	-12.09082	10.00	-0.01785713
4.390251	10.00	-12.68579	0.01086375	0.00	0.06494667	-11.9906	10.00	-0.01780223
4.412603	10.00	-12.55217	0.02235214	0.00	0.1336276	-11.94068	10.00	-0.01777478
4.423736	10.00	-12.48561	0.01113321	0.00	0.06655759	-11.89114	10.00	-0.01774762
4.434785	10.00	-12.41955	0.01104915	0.00	0.06605507	-11.84147	10.00	-0.01772037
4.445864	10.00	-12.35332	0.01107923	0.00	0.06623484	-11.79336	10.00	-0.01769398
4.456593	10.00	-12.28918	0.01072855	0.00	0.06413838	-11.74391	10.00	-0.01766691
4.467623	10.00	-12.22324	0.01103021	0.00	0.06594182	-11.69359	10.00	-0.01763928
4.478845	10.00	-12.15615	0.01122154	0.00	0.06708561	-11.64465	10.00	-0.01761245
4.48976	10.00	-12.0909	0.01091537	0.00	0.06525526	-11.59455	10.00	-0.01758499
4.500934	10.00	-12.0241	0.01117347	0.00	0.06679825	-11.542	10.00	-0.01755619
4.512653	10.00	-11.95404	0.01171973	0.00	0.07006398	-11.49546	10.00	-0.0175307
4.523035	10.00	-11.89197	0.01038118	0.00	0.06206172	-11.44587	10.00	-0.01750349
4.534094	10.00	-11.82586	0.01105934	0.00	0.06611594	-11.34732	10.00	-0.01744948
4.556074	10.00	-11.69446	0.02198015	0.00	0.1314038	-11.29731	10.00	-0.01742205
4.567229	10.00	-11.62777	0.01115476	0.00	0.06668641	-11.2467	10.00	-0.01739424
4.578515	10.00	-11.5603	0.0112857	0.00	0.06746922	-11.19756	10.00	-0.0173674
4.589476	10.00	-11.49477	0.01096131	0.00	0.06552989	-11.14929	10.00	-0.01734084
4.600239	10.00	-11.43042	0.01076359	0.00	0.06434788	-11.09975	10.00	-0.01731375
4.611289	10.00	-11.36436	0.01104939	0.00	0.06605648	-11.05013	10.00	-0.01728647
4.622355	10.00	-11.29821	0.0110662	0.00	0.06615699	-11.00031	10.00	-0.01725925
4.633467	10.00	-11.23178	0.0111119	0.00	0.0664302	-10.95074	10.00	-0.017232
4.644522	10.00	-11.16569	0.01105484	0.00	0.06608904	-10.85022	10.00	-0.01717695
4.666941	10.00	-11.03166	0.02241939	0.00	0.1340297	-10.80155	10.00	-0.01715019
4.677797	10.00	-10.96676	0.01085617	0.00	0.06490137	-10.75113	10.00	-0.0171226
4.689041	10.00	-10.89954	0.01124379	0.00	0.06721867	-10.70197	10.00	-0.01709561
4.700004	10.00	-10.834	0.01096296	0.00	0.0655398	-10.65376	10.00	-0.01706918
4.710757	10.00	-10.76972	0.01075293	0.00	0.06428418	-10.60393	10.00	-0.01704189
4.721872	10.00	-10.70326	0.01111546	0.00	0.06645143	-10.55314	10.00	-0.017014
4.733199	10.00	-10.63555	0.01132643	0.00	0.06771271	-10.50467	10.00	-0.01698738
4.744009	10.00	-10.57093	0.01081	0.00	0.06462533	-10.45501	10.00	-0.01696013
4.755085	10.00	-10.50471	0.01107638	0.00	0.06621785	-10.35525	10.00	-0.01690541
4.783773	10.00	-10.3717	0.02868822	0.00	0.133009	-10.3059	10.00	-0.01687843
4.799242	10.00	-10.30589	0.01546815	0.00	0.06580734	-10.25428	10.00	-0.01685018
4.818084	10.00	-10.23707	0.01884248	0.00	0.06882252	-10.20563	10.00	-0.01682338
4.836473	10.00	-10.1722	0.01838854	0.00	0.06487023	-10.15604	10.00	-0.01679626
4.855214	10.00	-10.10608	0.01874165	0.00	0.06611594	-10.10836	10.00	-0.01677014
4.873236	10.00	-10.04251	0.01802137	0.00	0.06357498	-10.05883	10.00	-0.01674298
4.891954	10.00	-9.976473	0.01871878	0.00	0.06603525	-10.00888	10.00	-0.01671555
4.910835	10.00	-9.909865	0.01888089	0.00	0.06660714	-9.959484	10.00	-0.01668845
4.929503	10.00	-9.845922	0.01866822	0.00	0.06394383	-9.909766	10.00	-0.01666118
4.948937	10.00	-9.781556	0.0194333	0.00	0.06436579	-9.810354	10.00	-0.01660672
4.99036	10.00	-9.659274	0.04142356	0.00	0.1222813	-9.760483	10.00	-0.01657934
5.011786	10.00	-9.599216	0.02142511	0.00	0.06005793	-9.71015	10.00	-0.01655173
5.033408	10.00	-9.538605	0.02162261	0.00	0.06061152	-9.660076	10.00	-0.01652425
5.05492	10.00	-9.479597	0.02151177	0.00	0.05900788	-9.611778	10.00	-0.01649782
5.075668	10.00	-9.423307	0.02074827	0.00	0.05629	-9.561062	10.00	-0.01647003
5.097456	10.00	-9.364197	0.02178771	0.00	0.05911001	-9.513311	10.00	-0.01644384
5.117969	10.00	-9.308544	0.02051338	0.00	0.05565275	-9.413445	10.00	-0.01638909
5.160872	10.00	-9.192149	0.04290268	0.00	0.1163949	-9.363839	10.00	-0.01636186
5.182182	10.00	-9.134334	0.02131063	0.00	0.0578157	-9.313544	10.00	-0.01633424
5.203789	10.00	-9.075715	0.02160664	0.00	0.05861877	-9.263393	10.00	-0.01630674
5.225333	10.00	-9.017266	0.02154415	0.00	0.05844924	-9.216127	10.00	-0.01628086
5.245639	10.00	-8.962176	0.02030586	0.00	0.05508974	-9.166424	10.00	-0.01625363
5.266991	10.00	-8.904248	0.02135214	0.00	0.0579283	-9.116171	10.00	-0.01622603
5.288579	10.00	-8.845679	0.02158794	0.00	0.05856803	-9.067073	10.00	-0.01619903
5.309672	10.00	-8.788454	0.02109308	0.00	0.05722547	-8.965872	10.00	-0.01614357
5.353148	10.00	-8.670506	0.04347508	0.00	0.1179478	-8.917876	10.00	-0.01611743
5.373766	10.00	-8.614567	0.02061919	0.00	0.05593982	-8.867303	10.00	-0.01608956
5.395493	10.00	-8.555624	0.02172614	0.00	0.05894296	-8.818113	10.00	-0.01606263
5.416624	10.00	-8.498294	0.02113139	0.00	0.05732941	-8.770006	10.00	-0.01603626
5.437292	10.00	-8.442222	0.02066799	0.00	0.05607222	-8.720349	10.00	-0.01600895
5.458624	10.00	-8.38435	0.02133161	0.00	0.05787262	-8.670743	10.00	-0.01598181
5.479934	10.00	-8.326535	0.02131018	0.00	0.05781446	-8.620949	10.00	-0.01595444
5.501326	10.00	-8.268499	0.02139182	0.00	0.05803595	-8.520722	10.00	-0.01589947
5.544383	10.00	-8.151685	0.0430573	0.00	0.1168144	-8.472612	10.00	-0.01587318
5.565052	10.00	-8.095612	0.02066845	0.00	0.05607346	-8.420299	10.00	-0.01584453
5.587525	10.00	-8.034641	0.02247322	0.00	0.0609698	-8.371528	10.00	-0.01581777
5.608477	10.00	-7.977798	0.02095214	0.00	0.05684311	-8.318788	10.00	-0.0157888
5.631135	10.00	-7.916328	0.02265749	0.00	0.0614697	-8.223163	10.00	-0.01573635
5.672214	10.00	-7.80488	0.04107966	0.00	0.111449	-8.1711	10.00	-0.01570788
5.69458	10.00	-7.744201	0.02236604	0.00	0.06067901	-8.118501	10.00	-0.01567899
5.717176	10.00	-7.682898	0.02259591	0.00	0.06130266	-8.024213	10.00	-0.0156273
5.757682	10.00	-7.573004	0.04050635	0.00	0.1098936	-7.975576	10.00	-0.01560067
5.778576	10.00	-7.51632	0.02089376	0.00	0.05668473	-7.927435	10.00	-0.01557422
5.799258	10.00	-7.46021	0.02068168	0.00	0.05610934	-7.877945	10.00	-0.01554715
5.820518	10.00	-7.402529	0.02126092	0.00	0.05768082	-7.827928	10.00	-0.01551967
5.842006	10.00	-7.344234	0.0214876	0.00	0.05829581	-7.778193	10.00	-0.01549243
5.863372	10.00	-7.286268	0.02136582	0.00	0.05796542	-7.677927	10.00	-0.01543738
5.906446	10.00	-7.169408	0.04307417	0.00	0.1168601	-7.629243	10.00	-0.01541075
5.927361	10.00	-7.112668	0.02091429	0.00	0.05674041	-7.578977	10.00	-0.01538318
5.948955	10.00	-7.054082	0.02159433	0.00	0.05858536	-7.529174	10.00	-0.01535584
5.970349	10.00	-6.996039	0.02139456	0.00	0.05804338	-7.479344	10.00	-0.01532852
5.991757	10.00	-6.937961	0.02140733	0.00	0.05807803	-7.430441	10.00	-0.01530171
6.011502	10.00	-6.87844	0.01974554	0.00	0.05952072	-7.382121	10.00	-0.01527522
6.030389	10.00	-6.817132	0.01888678	0.00	0.06130795	-7.331205	10.00	-0.01524733
6.050291	10.00	-6.749901	0.01990139	0.00	0.06723088	-7.282685	10.00	-0.01522074
6.068629	10.00	-6.685208	0.01833838	0.00	0.06469328	-7.233002	10.00	-0.01519343
6.085482	10.00	-6.618965	0.01685349	0.00	0.06624334	-7.132648	10.00	-0.01513836
6.116934	10.00	-6.485159	0.03145137	0.00	0.133806	-7.084452	10.00	-0.01511201
6.132039	10.00	-6.420896	0.01510514	0.00	0.06426295	-7.0333	10.00	-0.01508402
6.146089	10.00	-6.352695	0.01404965	0.00	0.06820108	-6.983221	10.00	-0.01505656
6.159197	10.00	-6.285923	0.01310859	0.00	0.06677135	-6.935603	10.00	-0.01503041
6.171662	10.00	-6.222432	0.01246468	0.00	0.06349146	-6.886379	10.00	-0.0150034
6.18264	10.00	-6.1568	0.01097836	0.00	0.06563181	-6.835726	10.00	-0.01497564
6.193937	10.00	-6.089263	0.01129707	0.00	0.06753717	-6.786902	10.00	-0.01494887
6.204196	10.00	-6.024163	0.01025897	0.00	0.06509955	-6.736527	10.00	-0.01492128
6.214781	10.00	-5.956997	0.01058467	0.00	0.06716629	-6.637095	10.00	-0.01486682
6.226687	10.00	-5.824421	0.01190648	0.00	0.1325759	-6.58916	10.00	-0.01484046
6.232428	10.00	-5.760507	0.005740103	0.00	0.06391472	-6.537563	10.00	-0.01481219
6.237273	10.00	-5.691714	0.00484597	0.00	0.06879279	-6.488615	10.00	-0.01478539
6.241871	10.00	-5.62645	0.004597375	0.00	0.06526376	-6.439264	10.00	-0.01475835
6.243958	10.00	-5.560647	0.002086712	0.00	0.0658031	-6.390454	10.00	-0.01473164
6.245391	10.00	-5.495566	0.001433645	0.00	0.06508115	-6.290999	10.00	-0.014677
6.247028	10.00	-5.362961	0.001637089	0.00	0.1326042	-6.241218	10.00	-0.01464981
6.247848	10.00	-5.296585	0.0008194622	0.00	0.0663764	-6.190722	10.00	-0.01462208
6.247848	10.00	-5.229256	0	0.00	0.06732909	-6.140629	10.00	-0.0145946
6.251259	10.00	-5.162466	0.003411435	0.00	0.06678975	-6.091908	10.00	-0.01456114
6.257723	10.00	-5.097491	0.006464469	0.00	0.06497498	-6.043289	10.00	-0.01453446
6.263546	10.00	-5.032666	0.005821848	0.00	0.06482493	-5.993764	10.00	-0.01450738
6.273952	10.00	-4.966631	0.01040643	0.00	0.06603525	-5.944592	10.00	-0.01447694
6.288093	10.00	-4.901067	0.01414123	0.00	0.06556387	-5.894382	10.00	-0.01442382
6.303189	10.00	-4.834085	0.01509574	0.00	0.06698227	-5.843609	10.00	-0.01436766
6.320432	10.00	-4.766311	0.01724281	0.00	0.06777358	-5.795109	10.00	-0.01429479
6.338779	10.00	-4.701587	0.01834721	0.00	0.06472442	-5.744999	10.00	-0.01419732
6.357728	10.00	-4.634741	0.01894871	0.00	0.06684637	-5.645649	10.00	-0.01400007
6.397855	10.00	-4.502233	0.04012766	0.00	0.1325079	-5.597143	10.00	-0.01388453
6.417441	10.00	-4.437556	0.01958607	0.00	0.06467629	-5.54548	10.00	-0.01374325
6.438322	10.00	-4.368605	0.02088069	0.00	0.06895134	-5.497313	10.00	-0.01360726
6.457791	10.00	-4.306181	0.01946947	0.00	0.06242368	-5.448922	10.00	-0.01345646
6.477342	10.00	-4.24475	0.01955006	0.00	0.06143188	-5.399732	10.00	-0.01328955
6.497222	10.00	-4.182913	0.019881	0.00	0.06183611	-5.350153	10.00	-0.01311079
6.51725	10.00	-4.120623	0.02002718	0.00	0.06229078	-5.300283	10.00	-0.01292674
6.538054	10.00	-4.05792	0.02080424	0.00	0.06270278	-5.25092	10.00	-0.01272507
6.55928	10.00	-3.997142	0.02122671	0.00	0.06077761	-5.150458	10.00	-0.01227531
6.602472	10.00	-3.87607	0.04319139	0.00	0.1210722	-5.101049	10.00	-0.01205455
6.623714	10.00	-3.816525	0.02124222	0.00	0.05954524	-5.051242	10.00	-0.01181029
6.646428	10.00	-3.758396	0.02271384	0.00	0.05812876	-5.002357	10.00	-0.01156744
6.669374	10.00	-3.702556	0.02294655	0.00	0.05584029	-4.952631	10.00	-0.01132
6.69272	10.00	-3.648319	0.02334532	0.00	0.05423644	-4.903851	10.00	-0.01110687
6.716268	10.00	-3.595711	0.02354796	0.00	0.05260781	-4.854627	10.00	-0.01092984
6.74004	10.00	-3.542603	0.02377225	0.00	0.0531089	-4.783504	10.00	-0.01072979
6.774405	10.00	-3.468594	0.03436523	0.00	0.07400855	-4.704597	10.00	-0.01059924
6.812507	10.00	-3.386539	0.03810161	0.00	0.08205518	-4.655184	10.00	-0.01058324
6.836354	10.00	-3.335183	0.02384685	0.00	0.05135629	-4.605551	10.00	-0.01060466
6.860938	10.00	-3.283622	0.02458418	0.00	0.05156095	-4.557477	10.00	-0.0106505
6.885976	10.00	-3.23496	0.02503797	0.00	0.04866162	-4.508635	10.00	-0.01071698
6.9133	10.00	-3.186169	0.02732355	0.00	0.04879092	-4.407931	10.00	-0.01085397
6.970939	10.00	-3.085569	0.05763946	0.00	0.1006005	-4.35918	10.00	-0.01091594
6.998823	10.00	-3.036901	0.02788393	0.00	0.04866699	-4.311464	10.00	-0.01095136
7.026128	10.00	-2.989244	0.02730558	0.00	0.04765757	-4.261912	10.00	-0.01096608
7.053211	10.00	-2.939739	0.02708271	0.00	0.04950482	-4.211102	10.00	-0.01096083
7.080976	10.00	-2.888988	0.02776473	0.00	0.05075149	-4.161962	10.00	-0.01095574
7.10783	10.00	-2.839901	0.02685382	0.00	0.04908643	-4.112842	10.00	-0.01091011
7.134651	10.00	-2.790875	0.02682079	0.00	0.04902606	-4.012651	10.00	-0.01077722
7.189377	10.00	-2.69084	0.05472632	0.00	0.1000349	-3.964586	10.00	-0.01071352
7.215631	10.00	-2.642849	0.02625466	0.00	0.04799122	-3.913591	10.00	-0.01058955
7.243473	10.00	-2.591958	0.02784122	0.00	0.05089131	-3.863386	10.00	-0.01046746
7.270259	10.00	-2.541808	0.02678662	0.00	0.05014987	-3.814449	10.00	-0.01033367
7.296366	10.00	-2.492931	0.02610658	0.00	0.04887671	-3.766416	10.00	-0.01018814
7.321977	10.00	-2.444982	0.02561099	0.00	0.04794885	-3.716295	10.00	-0.0100226
7.34871	10.00	-2.394933	0.02673287	0.00	0.05004924	-3.667032	10.00	-0.009860178
7.374986	10.00	-2.34574	0.02627574	0.00	0.04919341	-3.617738	10.00	-0.009687199
7.401265	10.00	-2.296539	0.0262797	0.00	0.04920083	-3.566923	10.00	-0.00950445
7.428374	10.00	-2.245785	0.02710909	0.00	0.0507536	-3.468703	10.00	-0.009112649
7.480764	10.00	-2.147701	0.05238968	0.00	0.09808389	-3.417475	10.00	-0.008908656
7.508089	10.00	-2.096543	0.02732521	0.00	0.05115822	-3.369433	10.00	-0.008698951
7.533709	10.00	-2.048577	0.02562004	0.00	0.0479658	-3.318436	10.00	-0.008476256
7.560929	10.00	-1.997617	0.02721941	0.00	0.05096015	-3.220725	10.00	-0.008043661
7.613131	10.00	-1.899885	0.05220185	0.00	0.09773223	-3.172657	10.00	-0.007830248
7.638819	10.00	-1.851791	0.02568849	0.00	0.04809396	-3.12036	10.00	-0.00762791
7.666785	10.00	-1.799433	0.02796621	0.00	0.0523583	-3.072292	10.00	-0.007471855
7.692508	10.00	-1.751274	0.025723	0.00	0.04815857	-3.022421	10.00	-0.00733967
7.719214	10.00	-1.701276	0.02670571	0.00	0.0499984	-2.975018	10.00	-0.007272579
7.744608	10.00	-1.653733	0.0253943	0.00	0.04754318	-2.925579	10.00	-0.007280594
7.771089	10.00	-1.604156	0.02648054	0.00	0.04957684	-2.875454	10.00	-0.007327419
7.797959	10.00	-1.553849	0.02687035	0.00	0.05030663	-2.82693	10.00	-0.007443014
7.823989	10.00	-1.505116	0.02602964	0.00	0.04873266	-2.777584	10.00	-0.007578725
7.850456	10.00	-1.455564	0.02646753	0.00	0.04955247	-2.727818	10.00	-0.007715077
7.877117	10.00	-1.405649	0.02666102	0.00	0.04991473	-2.628627	10.00	-0.007959872
7.930171	10.00	-1.306322	0.05305387	0.00	0.09932739	-2.579805	10.00	-0.008069036
7.956252	10.00	-1.257493	0.02608112	0.00	0.04882904	-2.529462	10.00	-0.008169927
7.98313	10.00	-1.207172	0.0268777	0.00	0.05032039	-2.479735	10.00	-0.008255667
8.009669	10.00	-1.157485	0.02653938	0.00	0.04968699	-2.429907	10.00	-0.008337952
8.036266	10.00	-1.107691	0.02659652	0.00	0.04979397	-2.382657	10.00	-0.008356445
8.061503	10.00	-1.060442	0.02523759	0.00	0.04724978	-2.333045	10.00	-0.008338389
8.088007	10.00	-1.010821	0.02650374	0.00	0.04962026	-2.283566	10.00	-0.008276395
8.114439	10.00	-0.9613357	0.02643189	0.00	0.04948575	-2.233982	10.00	-0.008191771
8.140915	10.00	-0.9117673	0.02647602	0.00	0.04956836	-2.184202	10.00	-0.008075556
8.167472	10.00	-0.8620475	0.02655692	0.00	0.04971983	-2.085002	10.00	-0.007724888
8.220434	10.00	-0.7628917	0.05296222	0.00	0.09915579	-2.035872	10.00	-0.007503188
8.246657	10.00	-0.7137968	0.02622313	0.00	0.0490949	-1.984745	10.00	-0.007210587
8.273962	10.00	-0.6626767	0.02730484	0.00	0.05112009	-1.935523	10.00	-0.006884986
8.300255	10.00	-0.6134526	0.02629215	0.00	0.04922413	-1.887092	10.00	-0.006550317
8.326133	10.00	-0.5650027	0.02587859	0.00	0.04844985	-1.838412	10.00	-0.006163678
8.352167	10.00	-0.5162616	0.02603417	0.00	0.04874113	-1.789195	10.00	-0.005741576
8.378482	10.00	-0.4669951	0.02631478	0.00	0.04926649	-1.739528	10.00	-0.00528933
8.405071	10.00	-0.4172138	0.02658973	0.00	0.04978126	-1.690024	10.00	-0.004794666
8.431579	10.00	-0.3675883	0.02650657	0.00	0.04962556	-1.640264	10.00	-0.004277501
8.458227	10.00	-0.3176968	0.02664857	0.00	0.04989142	-1.588944	10.00	-0.003749118
8.485735	10.00	-0.2661954	0.02750851	0.00	0.0515014	-1.491853	10.00	-0.002645773
8.537853	10.00	-0.168621	0.05211756	0.00	0.09757441	-1.444241	10.00	-0.002107716
8.563489	10.00	-0.1206256	0.02563588	0.00	0.04799546	-1.393841	10.00	-0.001471055
8.590646	10.00	-0.06978299	0.02715662	0.00	0.05084258	-1.344125	10.00	-0.0008436228
8.617439	10.00	-0.01961935	0.02679397	0.00	0.05016363	-1.297166	10.00	-0.0003225265
8.642766	10.00	0.02779672	0.02532641	0.00	0.04741607	-1.247971	10.00	0.0001960576
8.669311	10.00	0.07749324	0.02654447	0.00	0.04969653	-1.189757	10.00	0.0007750544
8.700768	10.00	0.1363879	0.03145746	0.00	0.05889461	-1.149906	10.00	0.001200222
8.72231	10.00	0.176719	0.0215421	0.00	0.0403311	-1.101322	10.00	0.001682758
8.748583	10.00	0.2259071	0.02627291	0.00	0.04918811	-1.052272	10.00	0.002140322
8.775118	10.00	0.2755856	0.02653486	0.00	0.04967852	-1.000303	10.00	0.002576353
8.803227	10.00	0.3282129	0.02810991	0.00	0.05262733	-0.9541605	10.00	0.002906388
8.82817	10.00	0.3749109	0.02494283	0.00	0.04669794	-0.8564692	10.00	0.003582655
8.880947	10.00	0.4737192	0.05277665	0.00	0.09880838	-0.8071331	10.00	0.003848434
8.907601	10.00	0.5236223	0.0266548	0.00	0.04990307	-0.7585958	10.00	0.004081436
8.93383	10.00	0.5727267	0.02622822	0.00	0.04910443	-0.7086102	10.00	0.004235126
8.960835	10.00	0.6232844	0.02700443	0.00	0.05055765	-0.6619468	10.00	0.004301269
8.986032	10.00	0.670459	0.02519742	0.00	0.04717457	-0.612434	10.00	0.00424186
9.012762	10.00	0.720504	0.02673061	0.00	0.050045	-0.5637686	10.00	0.00407111
9.039016	10.00	0.769655	0.02625311	0.00	0.04915104	-0.5146571	10.00	0.003843156
9.06547	10.00	0.819182	0.02645396	0.00	0.04952706	-0.4655795	10.00	0.003586619
9.091868	10.00	0.8686053	0.02639851	0.00	0.04942326	-0.3667214	10.00	0.003025882
9.144975	10.00	0.9680312	0.05310649	0.00	0.0994259	-0.3168913	10.00	0.002729364
9.171717	10.00	1.018098	0.02674249	0.00	0.05006725	-0.268608	10.00	0.002508725
9.195725	10.00	1.073469	0.02400814	0.00	0.05537083	-0.2186832	10.00	0.002301598
9.218547	10.00	1.134462	0.02282166	0.00	0.06099255	-0.1688392	10.00	0.002153836
9.240013	10.00	1.197862	0.02146662	0.00	0.0633999	-0.06952619	10.00	0.002044967
9.281443	10.00	1.330428	0.04142886	0.00	0.1325659	-0.02078896	10.00	0.002039227
9.299881	10.00	1.395476	0.0184391	0.00	0.06504859	0.02925275	10.00	0.002148545
9.318812	10.00	1.46226	0.01893105	0.00	0.06678409	0.07905228	10.00	0.002302245
9.337656	10.00	1.528736	0.01884357	0.00	0.0664755	0.127448	10.00	0.002470649
9.355965	10.00	1.593326	0.01830908	0.00	0.06458995	0.1765991	10.00	0.002660963
9.373921	10.00	1.658911	0.01795612	0.00	0.06558509	0.2258978	10.00	0.002851603
9.391948	10.00	1.724752	0.01802627	0.00	0.06584132	0.2754705	10.00	0.003074526
9.410086	10.00	1.791001	0.01813789	0.00	0.066249	0.3250659	10.00	0.003324704
9.428243	10.00	1.85732	0.01815688	0.00	0.06631836	0.374454	10.00	0.003573357
9.446323	10.00	1.92336	0.01808092	0.00	0.06604091	0.4247722	10.00	0.003848881
9.464756	10.00	1.990685	0.01843244	0.00	0.06732484	0.4740166	10.00	0.004163337
9.482811	10.00	2.056633	0.01805534	0.00	0.06594748	0.5732812	10.00	0.004805227
9.519236	10.00	2.189676	0.03642499	0.00	0.133043	0.6210514	10.00	0.005135285
9.536776	10.00	2.253741	0.01753988	0.00	0.06406476	0.6724225	10.00	0.005427572
9.555657	10.00	2.322705	0.01888123	0.00	0.06896408	0.7200212	10.00	0.005645645
9.573162	10.00	2.386643	0.01750539	0.00	0.06393878	0.7685887	10.00	0.005827121
9.591028	10.00	2.451899	0.01786582	0.00	0.06525526	0.8178426	10.00	0.005978409
9.609144	10.00	2.518067	0.0181158	0.00	0.06616832	0.8671755	10.00	0.006086078
9.627283	10.00	2.58432	0.01813905	0.00	0.06625324	0.917149	10.00	0.006101034
9.645648	10.00	2.651399	0.018365	0.00	0.06707853	0.9667162	10.00	0.006027052
9.663856	10.00	2.717903	0.01820765	0.00	0.06650381	1.064458	10.00	0.005763374
9.699786	10.00	2.849141	0.03593085	0.00	0.1312381	1.114327	10.00	0.005483218
9.718109	10.00	2.916064	0.01832237	0.00	0.06692281	1.162921	10.00	0.005244194
9.735952	10.00	2.981237	0.01784334	0.00	0.06517316	1.211663	10.00	0.005070208
9.753845	10.00	3.046591	0.01789295	0.00	0.06535435	1.262074	10.00	0.004956393
9.772334	10.00	3.114121	0.01848863	0.00	0.0675301	1.310885	10.00	0.004913548
9.790197	10.00	3.179367	0.01786311	0.00	0.06524536	1.36016	10.00	0.004924569
9.808226	10.00	3.245218	0.01802899	0.00	0.06585123	1.409728	10.00	0.005010836
9.826346	10.00	3.311404	0.01812084	0.00	0.06618672	1.509762	10.00	0.005233512
9.862939	10.00	3.445058	0.03659203	0.00	0.1336531	1.557751	10.00	0.005401608
9.880487	10.00	3.509155	0.0175488	0.00	0.06409732	1.608692	10.00	0.005614684
9.897808	10.00	3.577233	0.01732024	0.00	0.06807793	1.657715	10.00	0.005838335
9.91195	10.00	3.642802	0.01414245	0.00	0.06556953	1.706043	10.00	0.006092984
9.924022	10.00	3.70748	0.01207129	0.00	0.06467771	1.755385	10.00	0.006401044
9.934435	10.00	3.773558	0.01041312	0.00	0.06607772	1.805708	10.00	0.006707856
9.941152	10.00	3.841065	0.006716429	0.00	0.06750745	1.854693	10.00	0.006979885
9.945787	10.00	3.906884	0.004636464	0.00	0.06581867	1.903434	10.00	0.007278096
9.947867	10.00	3.972471	0.002079844	0.00	0.06558651	2.002535	10.00	0.007956539
9.947867	10.00	4.105988	0	0.00	0.1335172	2.051111	10.00	0.008324279
9.947867	10.00	4.171496	0	0.00	0.06550866	2.099997	10.00	0.008628863
9.947867	10.00	4.237384	0	0.00	0.06588802	2.149706	10.00	0.008847157
9.947867	10.00	4.304399	0	0.00	0.06701483	2.19978	10.00	0.008936178
9.947867	10.00	4.371884	0	0.00	0.0674848	2.247333	10.00	0.008931568
9.947867	10.00	4.436018	0	0.00	0.06413413	2.297755	10.00	0.008848916
9.947867	10.00	4.50407	0	0.00	0.06805245	2.395436	10.00	0.008526945
9.947867	10.00	4.635991	0	0.00	0.1319204	2.442774	10.00	0.008241776
9.947867	10.00	4.699948	0	0.00	0.06395718	2.491073	10.00	0.007872599
9.947867	10.00	4.765191	0	0.00	0.06524253	2.539931	10.00	0.007487169
9.947867	10.00	4.831252	0	0.00	0.06606073	2.588827	10.00	0.007097413
9.947867	10.00	4.897369	0	0.00	0.06611735	2.638072	10.00	0.006738632
9.947867	10.00	4.963926	0	0.00	0.06655759	2.688354	10.00	0.006415621
9.947867	10.00	5.031774	0	0.00	0.06784718	2.73633	10.00	0.006178161
9.947867	10.00	5.096437	0	0.00	0.06466355	2.78467	10.00	0.005991866
9.947867	10.00	5.161518	0	0.00	0.06508115	2.834367	10.00	0.005845618
9.947867	10.00	5.228387	0	0.00	0.06686902	2.934384	10.00	0.00570915
9.947867	10.00	5.362771	0	0.00	0.1343835	2.981528	10.00	0.005712984
9.947867	10.00	5.425873	0	0.00	0.06310217	3.032083	10.00	0.005775205
9.947867	10.00	5.493457	0	0.00	0.06758389	3.082155	10.00	0.005898349
9.947867	10.00	5.56034	0	0.00	0.06688318	3.131628	10.00	0.006079119
9.947867	10.00	5.626354	0	0.00	0.06601401	3.180198	10.00	0.006256608
9.947867	10.00	5.691223	0	0.00	0.06486882	3.229703	10.00	0.006468062
9.947867	10.00	5.757383	0	0.00	0.06615982	3.278648	10.00	0.006704297
9.947867	10.00	5.822831	0	0.00	0.06544778	3.327973	10.00	0.006963839
9.947867	10.00	5.888827	0	0.00	0.06599703	3.378432	10.00	0.007251631
9.947867	10.00	5.956382	0	0.00	0.06755416	3.477348	10.00	0.007859148
9.947867	10.00	6.088891	0	0.00	0.1325093	3.524897	10.00	0.008072917
9.947867	10.00	6.152637	0	0.00	0.06374626	3.576124	10.00	0.008260575
9.947867	10.00	6.221331	0	0.00	0.0686937	3.625991	10.00	0.008397149
9.947867	10.00	6.288211	0	0.00	0.06688035	3.673898	10.00	0.008485091
9.947867	10.00	6.352473	0	0.00	0.06426153	3.722718	10.00	0.008497497
9.947867	10.00	6.417993	0	0.00	0.06551998	3.771705	10.00	0.008423911
9.947867	10.00	6.483727	0	0.00	0.06573373	3.82089	10.00	0.008299788
9.947867	10.00	6.549786	0	0.00	0.06605931	3.870978	10.00	0.008116394
9.947867	10.00	6.617121	0	0.00	0.06733475	3.919412	10.00	0.007902732
9.947867	10.00	6.682291	0	0.00	0.06517033	4.018854	10.00	0.00746821
9.947867	10.00	6.816039	0	0.00	0.133748	4.066235	10.00	0.007257146
9.947867	10.00	6.879635	0	0.00	0.06359621	4.11785	10.00	0.007044581
9.947867	10.00	6.948841	0	0.00	0.06920614	4.166905	10.00	0.006854542
9.947867	10.00	7.014455	0	0.00	0.0656134	4.21645	10.00	0.006695016
9.947867	10.00	7.080666	0	0.00	0.06621078	4.264556	10.00	0.006572304
9.947867	10.00	7.144917	0	0.00	0.06425162	4.313746	10.00	0.006478766
9.947867	10.00	7.210577	0	0.00	0.06566012	4.363752	10.00	0.006419819
9.947867	10.00	7.27729	0	0.00	0.06671331	4.413091	10.00	0.00639794
9.947867	10.00	7.343078	0	0.00	0.06578752	4.462484	10.00	0.006378692
9.947867	10.00	7.408935	0	0.00	0.06585689	4.562143	10.00	0.006340204
9.947867	10.00	7.541815	0	0.00	0.1328802	4.611351	10.00	0.006321214
9.947867	10.00	7.607426	0	0.00	0.06561057	4.663061	10.00	0.006301121
9.947867	10.00	7.676373	0	0.00	0.06894709	4.711812	10.00	0.006282228
9.947867	10.00	7.741374	0	0.00	0.06500188	4.761282	10.00	0.006263082
9.947867	10.00	7.807335	0	0.00	0.06596022	4.809659	10.00	0.006244306
9.947867	10.00	7.871839	0	0.00	0.0645036	4.858836	10.00	0.006225411
9.947867	10.00	7.937408	0	0.00	0.06556953	4.908251	10.00	0.006206263
9.947867	10.00	8.003295	0	0.00	0.06588662	4.95821	10.00	0.006186942
9.947867	10.00	8.069907	0	0.00	0.0666128	5.007987	10.00	0.006167614
9.947867	10.00	8.136276	0	0.00	0.06636932	5.10777	10.00	0.006129052
9.947867	10.00	8.269322	0	0.00	0.1330458	5.157649	10.00	0.006109785
9.947867	10.00	8.335828	0	0.00	0.06650522	5.207528	10.00	0.00609046
9.947867	10.00	8.402333	0	0.00	0.06650522	5.257036	10.00	0.006071347
9.947867	10.00	8.468344	0	0.00	0.06601118	5.306624	10.00	0.006052171
9.947867	10.00	8.534462	0	0.00	0.06611735	5.355451	10.00	0.006033337
9.947867	10.00	8.599566	0	0.00	0.0651038	5.404154	10.00	0.00601445
9.947867	10.00	8.664503	0	0.00	0.06493818	5.453606	10.00	0.005995243
9.947867	10.00	8.730439	0	0.00	0.06593616	5.504147	10.00	0.005975705
9.947867	10.00	8.797828	0	0.00	0.06738854	5.553871	10.00	0.005956541
9.947867	10.00	8.864127	0	0.00	0.06629854	5.603295	10.00	0.005937342
9.947867	10.00	8.930026	0	0.00	0.06589935	5.701838	10.00	0.005899213
9.947867	10.00	9.061418	0	0.00	0.131391	5.752292	10.00	0.005879702
9.947867	10.00	9.12869	0	0.00	0.06727246	5.804154	10.00	0.005859609
9.947867	10.00	9.197839	0	0.00	0.06914952	5.850358	10.00	0.005841716
9.947867	10.00	9.259443	0	0.00	0.06160449	5.900149	10.00	0.00582247
9.946405	10.00	9.325832	-0.001462458	0.00	0.06638914	5.952217	10.00	0.005802355
9.942859	10.00	9.395257	-0.003545992	0.00	0.06942414	6.021731	10.00	0.00577542
9.930945	10.00	9.487944	-0.01191393	0.00	0.09268632	6.101211	10.00	0.005744666
9.912192	10.00	9.593916	-0.01875241	0.00	0.1059729	6.14977	10.00	0.005725867
9.896347	10.00	9.658663	-0.01584587	0.00	0.06474707	6.198007	10.00	0.005707186
9.879361	10.00	9.72298	-0.01698609	0.00	0.06431673	6.248771	10.00	0.005687503
9.856896	10.00	9.790668	-0.0224641	0.00	0.06768723	6.296909	10.00	0.005668972
9.833731	10.00	9.854851	-0.02316578	0.00	0.06418367	6.395828	10.00	0.005630696
9.778464	10.00	9.986743	-0.05526635	0.00	0.1318921	6.445806	10.00	0.005611328
9.749896	10.00	10.05338	-0.02856849	0.00	0.06663828	6.496399	10.00	0.005591711
9.720976	10.00	10.12084	-0.02891987	0.00	0.06745791	6.545672	10.00	0.005572649
9.692811	10.00	10.18654	-0.02816492	0.00	0.06569692	6.595852	10.00	0.00555326
9.662184	10.00	10.25344	-0.03062735	0.00	0.06690724	6.644099	10.00	0.005534695
9.632113	10.00	10.31777	-0.03007025	0.00	0.06432948	6.692818	10.00	0.005515811
9.601748	10.00	10.38273	-0.03036471	0.00	0.06495941	6.743574	10.00	0.005496071
9.570115	10.00	10.45041	-0.03163385	0.00	0.06767449	6.792768	10.00	0.005477107
9.539454	10.00	10.516	-0.03066049	0.00	0.06559217	6.84163	10.00	0.005458204
9.510893	10.00	10.58115	-0.02856151	0.00	0.06515051	6.891315	10.00	0.005438948
9.481851	10.00	10.6474	-0.02904245	0.00	0.06624758	6.990774	10.00	0.005400418
9.423715	10.00	10.78001	-0.0581358	0.00	0.1326112	7.040857	10.00	0.005381042
9.39444	10.00	10.84679	-0.02927517	0.00	0.06677843	7.09098	10.00	0.005361694
9.365142	10.00	10.91362	-0.02929814	0.00	0.06683081	7.140647	10.00	0.005342488
9.334186	10.00	10.97984	-0.03095561	0.00	0.06622352	7.189302	10.00	0.005323686
9.303861	10.00	11.04472	-0.03032567	0.00	0.06487589	7.238163	10.00	0.005304764
9.273408	10.00	11.10986	-0.03045272	0.00	0.06514768	7.287648	10.00	0.005285591
9.242566	10.00	11.17584	-0.03084113	0.00	0.06597862	7.337539	10.00	0.005266313
9.211472	10.00	11.24236	-0.03109456	0.00	0.06652079	7.387084	10.00	0.005247167
9.180592	10.00	11.30843	-0.03088018	0.00	0.06606214	7.437507	10.00	0.00522765
9.149165	10.00	11.37566	-0.03142608	0.00	0.06722999	7.536064	10.00	0.005189475
9.087739	10.00	11.50707	-0.06142619	0.00	0.1314094	7.586782	10.00	0.005169875
9.056129	10.00	11.57469	-0.03161069	0.00	0.06762494	7.636755	10.00	0.005150459
9.024982	10.00	11.64132	-0.03114618	0.00	0.06663121	7.684342	10.00	0.005132136
8.995324	10.00	11.70477	-0.02965802	0.00	0.06344757	7.734049	10.00	0.005112842
8.964344	10.00	11.77105	-0.03098075	0.00	0.06627731	7.834186	10.00	0.005074152
8.901933	10.00	11.90456	-0.06241146	0.00	0.1335172	7.883544	10.00	0.005055054
8.871168	10.00	11.97038	-0.03076372	0.00	0.065813	7.933832	10.00	0.005035602
8.839827	10.00	12.03743	-0.03134204	0.00	0.06705022	7.983354	10.00	0.00501641
8.808962	10.00	12.10346	-0.03086496	0.00	0.06602959	8.032755	10.00	0.004997259
8.778172	10.00	12.16932	-0.03078886	0.00	0.0658668	8.080987	10.00	0.004978608
8.748111	10.00	12.23363	-0.03006165	0.00	0.06431107	8.130257	10.00	0.004959517
8.717403	10.00	12.29933	-0.03070747	0.00	0.06569268	8.180147	10.00	0.004940248
8.686309	10.00	12.36585	-0.03109456	0.00	0.06652079	8.229678	10.00	0.004921069
8.655438	10.00	12.43189	-0.03087091	0.00	0.06604233	8.279348	10.00	0.004901825
8.62448	10.00	12.49812	-0.03095759	0.00	0.06622776	8.378649	10.00	0.004863495
8.557464	10.00	12.63052	-0.06701674	0.00	0.1323989	8.428687	10.00	0.004844096
8.523692	10.00	12.69724	-0.03377205	0.00	0.06672039	8.478832	10.00	0.004824691
8.489849	10.00	12.7641	-0.03384298	0.00	0.06686053	8.528755	10.00	0.00480538
8.456156	10.00	12.83066	-0.03369323	0.00	0.06656467	8.577342	10.00	0.004786679
8.423365	10.00	12.89544	-0.03279041	0.00	0.06478105	8.625784	10.00	0.004767763
8.390671	10.00	12.96004	-0.0326944	0.00	0.06459136	8.67556	10.00	0.004748679
8.357077	10.00	13.0264	-0.03359364	0.00	0.06636791	8.725502	10.00	0.00472936
8.323372	10.00	13.09299	-0.03370541	0.00	0.06658874	8.775858	10.00	0.004709759
8.289386	10.00	13.16013	-0.03398558	0.00	0.06714223	8.824522	10.00	0.004691033
8.256542	10.00	13.22502	-0.03284343	0.00	0.0648858	8.924863	10.00	0.004652068
8.186232	10.00	13.35881	-0.07031129	0.00	0.133789	8.973011	10.00	0.004633487
8.151251	10.00	13.42301	-0.03498091	0.00	0.06419642	9.024361	10.00	0.004613508
8.113942	10.00	13.49147	-0.03730808	0.00	0.06846721	9.07365	10.00	0.004594522
8.078133	10.00	13.55719	-0.03581011	0.00	0.06571816	9.12218	10.00	0.004575692
8.040993	10.00	13.6219	-0.03713903	0.00	0.06470744	9.171699	10.00	0.004556588
8.002458	10.00	13.68792	-0.03853559	0.00	0.06602675	9.224041	10.00	0.004536292
7.961726	10.00	13.75771	-0.04073158	0.00	0.06978936	9.321723	10.00	0.004498473
7.885712	10.00	13.88796	-0.07601449	0.00	0.130243	9.370006	10.00	0.004479738
7.848138	10.00	13.95233	-0.03757308	0.00	0.06437761	9.421262	10.00	0.004459929
7.808252	10.00	14.02068	-0.03988639	0.00	0.06834123	9.471105	10.00	0.004440598
7.769465	10.00	14.08713	-0.03878675	0.00	0.06645709	9.569247	10.00	0.004402681
7.693093	10.00	14.21799	-0.07637222	0.00	0.1308559	9.6182	10.00	0.004383719
7.654998	10.00	14.28326	-0.03809523	0.00	0.06527225	9.667172	10.00	0.004364807
7.616887	10.00	14.34856	-0.03811093	0.00	0.06529915	9.717571	10.00	0.004345297
7.577667	10.00	14.41576	-0.03921966	0.00	0.06719885	9.766747	10.00	0.004326233
7.539401	10.00	14.48132	-0.03826625	0.00	0.06556528	9.816265	10.00	0.004307129
7.500865	10.00	14.54735	-0.03853559	0.00	0.06602675	9.866307	10.00	0.004287778
7.461925	10.00	14.61407	-0.03894041	0.00	0.06672039	9.965449	10.00	0.004249308
7.384772	10.00	14.74627	-0.07715297	0.00	0.1321937	10.01478	10.00	0.004230317
7.346389	10.00	14.81203	-0.03838274	0.00	0.06576487	10.06403	10.00	0.004211193
7.308059	10.00	14.87771	-0.03833069	0.00	0.06567569	10.11411	10.00	0.004191797
7.269083	10.00	14.94449	-0.03897594	0.00	0.06678126	10.16491	10.00	0.004172135
7.229558	10.00	15.01221	-0.03952535	0.00	0.06772262	10.21435	10.00	0.004152948
7.191081	10.00	15.07814	-0.03847693	0.00	0.06592625	10.26217	10.00	0.004134526
7.153868	10.00	15.1419	-0.03721287	0.00	0.06376041	10.31158	10.00	0.004115426
7.115418	10.00	15.20777	-0.03844884	0.00	0.06587812	10.36202	10.00	0.004095931
7.076167	10.00	15.27503	-0.03925189	0.00	0.06725406	10.41091	10.00	0.004076972
7.038122	10.00	15.34021	-0.03804484	0.00	0.0651859	10.46021	10.00	0.004057911
6.99976	10.00	15.40594	-0.03836209	0.00	0.06572948	10.5111	10.00	0.004038133
6.960153	10.00	15.47381	-0.03960714	0.00	0.06786276	10.611	10.00	0.003999576
6.882419	10.00	15.607	-0.07773377	0.00	0.1331888	10.6595	10.00	0.003980764
6.84467	10.00	15.67167	-0.03774906	0.00	0.06467912	10.70943	10.00	0.003961481
6.80582	10.00	15.73824	-0.03884953	0.00	0.06656467	10.75736	10.00	0.003942885
6.768522	10.00	15.80215	-0.03729797	0.00	0.06390622	10.80696	10.00	0.003923604
6.729922	10.00	15.86828	-0.03860003	0.00	0.06613717	10.85687	10.00	0.003904464
6.691082	10.00	15.93483	-0.03884045	0.00	0.0665491	10.90632	10.00	0.003885296
6.652602	10.00	16.00076	-0.03848023	0.00	0.06593191	10.95603	10.00	0.003866056
6.613919	10.00	16.06704	-0.03868265	0.00	0.06627873	11.05618	10.00	0.003827272
6.535985	10.00	16.20057	-0.07793453	0.00	0.1335328	11.10424	10.00	0.00380875
6.498584	10.00	16.26466	-0.03740041	0.00	0.06408175	11.15551	10.00	0.003788826
6.458686	10.00	16.33302	-0.03989796	0.00	0.06836104	11.20522	10.00	0.003769591
6.420005	10.00	16.39929	-0.03868099	0.00	0.06627589	11.25487	10.00	0.00375047
6.381365	10.00	16.4655	-0.03863968	0.00	0.06620511	11.3029	10.00	0.003731849
6.343984	10.00	16.52955	-0.03738141	0.00	0.06404919	11.3527	10.00	0.003712506
6.305235	10.00	16.59594	-0.03874874	0.00	0.06639197	11.40218	10.00	0.00369347
6.266729	10.00	16.66191	-0.03850584	0.00	0.06597579	11.45162	10.00	0.003674225
6.228255	10.00	16.72784	-0.03847445	0.00	0.065922	11.50222	10.00	0.003654675
6.188878	10.00	16.79531	-0.03937746	0.00	0.06746922	11.60168	10.00	0.003616194
6.111483	10.00	16.92791	-0.07739421	0.00	0.132607	11.64968	10.00	0.003597554
6.074131	10.00	16.99191	-0.03735249	0.00	0.06399965	11.70116	10.00	0.003577617
6.034063	10.00	17.06057	-0.04006815	0.00	0.06865265	11.75058	10.00	0.003558487
5.995611	10.00	17.12645	-0.03845214	0.00	0.06588379	11.79976	10.00	0.003539466
5.957338	10.00	17.19203	-0.03827203	0.00	0.06557518	11.84769	10.00	0.003520927
5.920035	10.00	17.25594	-0.03730375	0.00	0.06391613	11.89748	10.00	0.003501593
5.882576	10.00	17.32232	-0.03745822	0.00	0.06638348	11.94724	10.00	0.003482352
5.847071	10.00	17.38866	-0.03550562	0.00	0.06633818	11.99742	10.00	0.003462963
5.813848	10.00	17.45558	-0.03322299	0.00	0.06691574	12.04646	10.00	0.003443979
5.782016	10.00	17.52097	-0.0318315	0.00	0.06538833	12.147	10.00	0.003405174
5.71806	10.00	17.65501	-0.0639569	0.00	0.1340466	12.1955	10.00	0.003386386
5.689084	10.00	17.71968	-0.02897606	0.00	0.0646678	12.24656	10.00	0.003366602
5.65924	10.00	17.78776	-0.02984362	0.00	0.0680751	12.29588	10.00	0.003347435
5.631681	10.00	17.85353	-0.02755903	0.00	0.06576912	12.34486	10.00	0.003328562
5.605582	10.00	17.91883	-0.02609866	0.00	0.06530198	12.39649	10.00	0.003308493
5.578065	10.00	17.98768	-0.027517	0.00	0.06885083	12.44384	10.00	0.003290298
5.552835	10.00	18.05081	-0.02522967	0.00	0.06312765	12.54335	10.00	0.003251713
5.502378	10.00	18.18349	-0.05045782	0.00	0.1326806	12.59141	10.00	0.003233109
5.478627	10.00	18.24757	-0.02375107	0.00	0.064086	12.6429	10.00	0.003213161
5.455842	10.00	18.31623	-0.02278497	0.00	0.06865407	12.6918	10.00	0.00319425
5.43673	10.00	18.38142	-0.01911128	0.00	0.06519298	12.74057	10.00	0.003175302
5.418299	10.00	18.44644	-0.01843147	0.00	0.06502169	12.79026	10.00	0.003156146
5.400799	10.00	18.5127	-0.01749977	0.00	0.06626174	12.83956	10.00	0.003137105
5.384077	10.00	18.57843	-0.01672203	0.00	0.06572665	12.88917	10.00	0.003117915
5.369167	10.00	18.64459	-0.01491007	0.00	0.06615841	12.9392	10.00	0.003098571
5.35478	10.00	18.71129	-0.01438701	0.00	0.0667034	12.98831	10.00	0.003079579
5.343194	10.00	18.77677	-0.01158581	0.00	0.06547327	13.03825	10.00	0.003060172
5.332056	10.00	18.84335	-0.01113842	0.00	0.06658874	13.09232	10.00	0.003039258
5.319996	10.00	18.91545	-0.01205976	0.00	0.07209675	13.13773	10.00	0.003021741
5.309867	10.00	18.976	-0.01012853	0.00	0.0605513	13.23713	10.00	0.002983263
5.287699	10.00	19.10853	-0.0221684	0.00	0.1325291	13.28666	10.00	0.002964114
5.276654	10.00	19.17456	-0.01104537	0.00	0.06603242	13.33509	10.00	0.002945364
5.26585	10.00	19.23915	-0.01080361	0.00	0.06458712	13.38474	10.00	0.002926079
5.254778	10.00	19.30534	-0.01107212	0.00	0.06619238	13.4349	10.00	0.002906707
5.24359	10.00	19.37223	-0.01118767	0.00	0.06688318	13.48485	10.00	0.002887465
5.23245	10.00	19.43882	-0.01113984	0.00	0.06659723	13.5339	10.00	0.002868451
5.221511	10.00	19.50422	-0.01093929	0.00	0.06539824	13.58338	10.00	0.002849346
5.210475	10.00	19.5702	-0.01103637	0.00	0.06597862	13.63245	10.00	0.002830296
5.19953	10.00	19.63563	-0.01094497	0.00	0.06543221	13.73237	10.00	0.002791595
5.181116	10.00	19.76885	-0.01841409	0.00	0.1332199	13.78107	10.00	0.002772787
5.172769	10.00	19.83378	-0.008346447	0.00	0.06493252	13.83096	10.00	0.002753483
5.165506	10.00	19.90031	-0.007262995	0.00	0.06652645	13.88057	10.00	0.002734328
5.158925	10.00	19.96646	-0.006581225	0.00	0.0661485	13.93092	10.00	0.002714796
5.152896	10.00	20.03359	-0.006029326	0.00	0.06713516	13.98019	10.00	0.00269573
5.146997	10.00	20.09928	-0.005899017	0.00	0.06568418	14.03011	10.00	0.002676466
5.141018	10.00	20.16585	-0.005978473	0.00	0.06656892	14.07942	10.00	0.002657316
5.135113	10.00	20.2316	-0.005904865	0.00	0.0657493	14.12887	10.00	0.002638256
5.129192	10.00	20.29753	-0.005921138	0.00	0.06593049	14.17781	10.00	0.002619212
5.125227	10.00	20.36279	-0.003965003	0.00	0.06525668	14.22922	10.00	0.0025993
5.121727	10.00	20.43132	-0.003500802	0.00	0.0685394	14.33044	10.00	0.002560123
5.114833	10.00	20.56629	-0.0068938	0.00	0.1349682	14.37846	10.00	0.00254155
5.113422	10.00	20.63031	-0.001410164	0.00	0.06401522	14.47919	10.00	0.002502597
5.111764	10.00	20.76462	-0.001658166	0.00	0.1343113	14.52584	10.00	0.00248458
5.110996	10.00	20.82682	-0.0007679246	0.00	0.06220187	14.5781	10.00	0.002464372
5.110136	10.00	20.8965	-0.0008602169	0.00	0.06967753	14.67668	10.00	0.00242618
5.108513	10.00	21.02794	-0.001622741	0.00	0.131442	14.72479	10.00	0.002407546
5.107721	10.00	21.09208	-0.0007918847	0.00	0.06414262	14.82535	10.00	0.002368664
5.106066	10.00	21.22617	-0.001655352	0.00	0.1340834	14.87326	10.00	0.002350171
5.105278	10.00	21.29005	-0.000788704	0.00	0.06388499	14.97534	10.00	0.002310645
5.103597	10.00	21.42616	-0.001680396	0.00	0.136112	15.02217	10.00	0.002292512
5.102826	10.00	21.4886	-0.0007708258	0.00	0.06243685	15.07578	10.00	0.002271736
5.101944	10.00	21.56008	-0.0008824117	0.00	0.07147531	15.17279	10.00	0.002234189
5.100347	10.00	21.68943	-0.001597034	0.00	0.1293597	15.22279	10.00	0.002214833
5.099524	10.00	21.7561	-0.000822975	0.00	0.06666093	15.321	10.00	0.002176913
5.097908	10.00	21.88704	-0.001616537	0.00	0.1309395	15.36882	10.00	0.002158325
5.09712	10.00	21.9508	-0.0007872534	0.00	0.06376749	15.47199	10.00	0.002118402
5.095422	10.00	22.08836	-0.001698186	0.00	0.137553	15.54861	10.00	0.002088829
5.094161	10.00	22.19053	-0.001261367	0.00	0.1021707	15.61644	10.00	0.002062584
5.094161	10.00	22.28096	0	0.00	0.09043555	15.66709	10.00	0.002042861
5.094161	10.00	22.3485	0	0.00	0.06754	15.76823	10.00	0.002003795
5.094161	10.00	22.48334	0	0.00	0.134838	15.81629	10.00	0.001985219
5.094161	10.00	22.54743	0	0.00	0.06409166	15.86869	10.00	0.001964935
5.094161	10.00	22.61729	0	0.00	0.06986297	15.96531	10.00	0.001927512
5.094161	10.00	22.74612	0	0.00	0.1288302	16.01423	10.00	0.001908479
5.094161	10.00	22.81136	0	0.00	0.06523545	16.11483	10.00	0.00186971
5.094161	10.00	22.94549	0	0.00	0.1341273	16.16321	10.00	0.001850934
5.094161	10.00	23.00999	0	0.00	0.06450076	16.26444	10.00	0.001811708
5.094161	10.00	23.14497	0	0.00	0.1349823	16.31178	10.00	0.00179343
5.094161	10.00	23.20809	0	0.00	0.06312057	16.41185	10.00	0.001754715
5.094161	10.00	23.34152	0	0.00	0.1334266	16.46034	10.00	0.00173588
5.094161	10.00	23.40617	0	0.00	0.0646494	16.56161	10.00	0.001696708
5.094161	10.00	23.54119	0	0.00	0.1350234	16.62919	10.00	0.001670611
5.094161	10.00	23.63131	0	0.00	0.09011704	16.70818	10.00	0.001640047
5.094161	10.00	23.73662	0	0.00	0.1053161	16.77551	10.00	0.001613978
5.094161	10.00	23.8264	0	0.00	0.08977872	16.85845	10.00	0.001581817
5.094161	10.00	23.93699	0	0.00	0.1105905	16.9217	10.00	0.001557454
5.094161	10.00	24.02132	0	0.00	0.08432733	17.00566	10.00	0.001524938
5.094161	10.00	24.13327	0	0.00	0.1119452	17.05977	10.00	0.001503976
5.094161	10.00	24.20541	0	0.00	0.07214347	17.155	10.00	0.001467101
5.094161	10.00	24.33239	0	0.00	0.1269843	17.2089	10.00	0.001446258
5.094161	10.00	24.40426	0	0.00	0.07186601	17.30239	10.00	0.001410019
5.094161	10.00	24.52891	0	0.00	0.1246458	17.35303	10.00	0.001390434
5.094161	10.00	24.59643	0	0.00	0.06752726	17.40063	10.00	0.001372035
5.094161	10.00	24.6599	0	0.00	0.06347022	17.44987	10.00	0.001353036
5.094161	10.00	24.72556	0	0.00	0.06565304	17.50012	10.00	0.001333469
5.094161	10.00	24.79255	0	0.00	0.06699076	17.59935	10.00	0.001295153
5.094161	10.00	24.92486	0	0.00	0.1323112	17.65002	10.00	0.001275492
5.094161	10.00	24.99242	0	0.00	0.06755982	17.6985	10.00	0.001256697
5.094161	10.00	25.05706	0	0.00	0.0646409	17.7475	10.00	0.001237748
5.094161	10.00	25.12239	0	0.00	0.06533312	17.79805	10.00	0.001218126
5.094161	10.00	25.1898	0	0.00	0.06740694	17.89779	10.00	0.001179551
5.094161	10.00	25.32278	0	0.00	0.1329793	17.94753	10.00	0.001160331
5.085637	10.00	25.38909	-0.008524038	0.00	0.06631412	17.99516	10.00	0.001141943
5.071323	10.00	25.4526	-0.01431316	0.00	0.06350986	18.04577	10.00	0.00112226
5.043044	10.00	25.52009	-0.02827973	0.00	0.06748904	18.09437	10.00	0.001103484
5.011501	10.00	25.58489	-0.03154277	0.00	0.0647952	18.19462	10.00	0.001064668
4.93349	10.00	25.71855	-0.07801054	0.00	0.133663	18.24552	10.00	0.001044956
4.896505	10.00	25.78642	-0.03698489	0.00	0.06787408	18.29246	10.00	0.001026834
4.842408	10.00	25.849	-0.0540977	0.00	0.06258124	18.34308	10.00	0.001007266
4.779484	10.00	25.91454	-0.06292386	0.00	0.0655382	18.39201	10.00	0.0009883216
4.714884	10.00	25.97093	-0.06459957	0.00	0.05638844	18.49265	10.00	0.000949381
4.635267	10.00	26.05964	-0.07961722	0.00	0.08871263	18.54238	10.00	0.00093005
4.61647	10.00	26.09963	-0.01879663	0.00	0.03998496	18.5916	10.00	0.0009111007
4.611211	10.00	26.12967	-0.005259261	0.00	0.03004611	18.64364	10.00	0.0008908984
4.572738	10.00	26.15606	-0.03847348	0.00	0.0263823	18.74183	10.00	0.0008528874
4.450686	10.00	26.20331	-0.1220512	0.00	0.04725481	18.78872	10.00	0.0008347519
4.389989	10.00	26.22587	-0.06069736	0.00	0.02256289	18.83761	10.00	0.0008158115
4.324796	10.00	26.2494	-0.06519298	0.00	0.02353007	18.88768	10.00	0.0007964516
4.258038	10.00	26.2735	-0.06675861	0.00	0.02409516	18.93704	10.00	0.0007771659
4.191843	10.00	26.29739	-0.06619521	0.00	0.02389181	19.03563	10.00	0.0007379356
4.058681	10.00	26.34545	-0.1331619	0.00	0.04806206	19.08441	10.00	0.0007177172
3.991448	10.00	26.36972	-0.06723282	0.00	0.02426631	19.13027	10.00	0.0006978767
3.926856	10.00	26.39303	-0.06459136	0.00	0.02331293	19.17638	10.00	0.0006766737
3.86046	10.00	26.417	-0.06639622	0.00	0.02396436	19.2206	10.00	0.0006553258
3.795226	10.00	26.44054	-0.06523404	0.00	0.02354489	19.30974	10.00	0.0006098776
3.660463	10.00	26.48918	-0.1347629	0.00	0.04863992	19.35134	10.00	0.0005860882
3.594037	10.00	26.51316	-0.06642595	0.00	0.02397509	19.39139	10.00	0.0005620768
3.528233	10.00	26.53691	-0.06580451	0.00	0.02375079	19.46989	10.00	0.0005138754
3.395233	10.00	26.58491	-0.1329991	0.00	0.04800331	19.50604	10.00	0.0004904932
3.329845	10.00	26.60851	-0.06538833	0.00	0.02360058	19.54088	10.00	0.0004674954
3.264654	10.00	26.63204	-0.06519157	0.00	0.02352956	19.57396	10.00	0.0004453833
3.200415	10.00	26.65523	-0.06423888	0.00	0.02318571	19.64068	10.00	0.0003999868
3.06596	10.00	26.70376	-0.1344543	0.00	0.04852854	19.67144	10.00	0.0003782045
2.998587	10.00	26.72807	-0.06737297	0.00	0.0243169	19.69878	10.00	0.0003585219
2.935965	10.00	26.75068	-0.06262229	0.00	0.02260224	19.72632	10.00	0.0003382821
2.870095	10.00	26.77445	-0.06586963	0.00	0.0237743	19.75286	10.00	0.0003183083
2.803452	10.00	26.7985	-0.06664395	0.00	0.02405377	19.80371	10.00	0.0002789654
2.669102	10.00	26.84699	-0.1343496	0.00	0.04849073	19.82592	10.00	0.0002608632
2.603418	10.00	26.87261	-0.06568418	0.00	0.0256154	19.8461	10.00	0.0002436622
2.540003	10.00	26.89795	-0.06341501	0.00	0.02534452	19.86592	10.00	0.0002263161
2.473679	10.00	26.93217	-0.06632403	0.00	0.03421363	19.88497	10.00	0.0002088576
2.405244	10.00	26.97277	-0.06843465	0.00	0.04060356	19.91898	10.00	0.0001762165
2.273016	10.00	27.09604	-0.1322276	0.00	0.1232652	19.93312	10.00	0.0001610156
2.207553	10.00	27.1596	-0.06546336	0.00	0.06356173	19.94597	10.00	0.0001460288
2.141498	10.00	27.22565	-0.06605507	0.00	0.06605507	19.95734	10.00	0.000131716
20.45584
