0.02826216	10.00	-49.89677	0.02826216	0.00	0.1032281	0	10.00	-40
0.2251292	10.00	-49.17771	0.196867	0.00	0.7190607	-0.0001790778	10.00	-39.99112
0.2831115	10.00	-48.96593	0.05798234	0.00	0.2117816	-0.0005313467	10.00	-39.98317
0.3143982	10.00	-48.85165	0.0312867	0.00	0.1142753	-0.001424257	10.00	-39.97178
0.3509569	10.00	-48.71812	0.0365587	0.00	0.1335314	-0.002936039	10.00	-39.95731
0.3870071	10.00	-48.58645	0.03605022	0.00	0.1316741	-0.004779022	10.00	-39.93921
0.4232221	10.00	-48.45417	0.03621493	0.00	0.1322758	-0.006368569	10.00	-39.91699
0.4592831	10.00	-48.32246	0.03606107	0.00	0.1317138	-0.00797508	10.00	-39.88927
0.4955779	10.00	-48.18989	0.03629477	0.00	0.1325674	-0.01010937	10.00	-39.85619
0.5316452	10.00	-48.05816	0.03606727	0.00	0.1317364	-0.01238658	10.00	-39.81745
0.5679163	10.00	-47.92567	0.03627113	0.00	0.132481	-0.0143383	10.00	-39.77428
0.6039727	10.00	-47.79398	0.03605642	0.00	0.1316968	-0.0159719	10.00	-39.72566
0.644677	10.00	-47.65956	0.04070424	0.00	0.1344119	-0.01741019	10.00	-39.67482
0.6902946	10.00	-47.52969	0.04561765	0.00	0.1298735	-0.018044	10.00	-39.61966
0.7292704	10.00	-47.39674	0.03897574	0.00	0.1329552	-0.01872484	10.00	-39.56256
0.7589077	10.00	-47.26523	0.02963733	0.00	0.1315057	-0.01925374	10.00	-39.50236
0.7836918	10.00	-47.13244	0.02478407	0.00	0.1327924	-0.0193798	10.00	-39.44019
0.8046115	10.00	-46.99969	0.02091971	0.00	0.1327486	-0.01864635	10.00	-39.376
0.8254868	10.00	-46.86722	0.02087532	0.00	0.1324669	-0.01739614	10.00	-39.31082
0.8424582	10.00	-46.73519	0.01697147	0.00	0.1320323	-0.01627091	10.00	-39.24275
0.8559908	10.00	-46.59917	0.01353257	0.00	0.1360171	-0.01416065	10.00	-39.19167
0.8638667	10.00	-46.50088	0.007875849	0.00	0.09829342	-0.0120555	10.00	-39.13885
0.8638667	10.00	-46.39996	0	0.00	0.1009264	-0.009904736	10.00	-39.07092
0.8638667	10.00	-46.27167	0	0.00	0.1282881	-0.007938244	10.00	-39.00024
0.8638667	10.00	-46.14082	0	0.00	0.1308418	-0.00641225	10.00	-38.92848
0.8638667	10.00	-46.00908	0	0.00	0.1317492	-0.00550013	10.00	-38.85345
0.8638667	10.00	-45.87416	0	0.00	0.1349102	-0.004815595	10.00	-38.77852
0.8638667	10.00	-45.7425	0	0.00	0.1316699	-0.004483572	10.00	-38.703
0.8638667	10.00	-45.61232	0	0.00	0.1301779	-0.004573154	10.00	-38.62464
0.8638667	10.00	-45.48038	0	0.00	0.1319374	-0.004663903	10.00	-38.5697
0.8638667	10.00	-45.39025	0	0.00	0.09012979	-0.004820814	10.00	-38.50368
0.8638667	10.00	-45.2828	0	0.00	0.107448	-0.004980513	10.00	-38.4206
0.8638667	10.00	-45.14924	0	0.00	0.1335639	-0.005091575	10.00	-38.33604
0.8638667	10.00	-45.01596	0	0.00	0.133278	-0.00536939	10.00	-38.25075
0.8638667	10.00	-44.88372	0	0.00	0.1322418	-0.005540867	10.00	-38.16578
0.8638667	10.00	-44.75418	0	0.00	0.1295338	-0.005606293	10.00	-38.07616
0.8638667	10.00	-44.61901	0	0.00	0.1351692	-0.005272338	10.00	-38.01688
0.8638667	10.00	-44.53106	0	0.00	0.08795121	-0.005070749	10.00	-37.94377
0.8638667	10.00	-44.42309	0	0.00	0.1079717	-0.005077081	10.00	-37.85189
0.8638667	10.00	-44.28844	0	0.00	0.1346525	-0.005192239	10.00	-37.76261
0.8638667	10.00	-44.15843	0	0.00	0.1300137	-0.005315568	10.00	-37.67149
0.8638667	10.00	-44.02641	0	0.00	0.132021	-0.005424204	10.00	-37.58002
0.8638667	10.00	-43.89431	0	0.00	0.1320988	-0.005522699	10.00	-37.48642
0.8638667	10.00	-43.76008	0	0.00	0.1342264	-0.005413573	10.00	-37.42418
0.8638667	10.00	-43.67138	0	0.00	0.08869722	-0.005357674	10.00	-37.34871
0.8638667	10.00	-43.56389	0	0.00	0.1074933	-0.005493832	10.00	-37.25639
0.8638667	10.00	-43.43241	0	0.00	0.1314774	-0.005664985	10.00	-37.16278
0.8638667	10.00	-43.29936	0	0.00	0.1330487	-0.005757927	10.00	-37.06939
0.8638667	10.00	-43.16663	0	0.00	0.1327386	-0.005780564	10.00	-36.9749
0.8638667	10.00	-43.03266	0	0.00	0.1339645	-0.005731859	10.00	-36.91144
0.8638667	10.00	-42.9429	0	0.00	0.08976315	-0.005746648	10.00	-36.83694
0.8638667	10.00	-42.83704	0	0.00	0.1058597	-0.005765649	10.00	-36.74313
0.8638667	10.00	-42.70373	0	0.00	0.1333077	-0.005923934	10.00	-36.651
0.8635185	10.00	-42.57298	-0.0003481719	0.00	0.130754	-0.005896045	10.00	-36.55538
0.8605458	10.00	-42.43803	-0.002972751	0.00	0.1349498	-0.005878598	10.00	-36.46363
0.8476778	10.00	-42.30869	-0.01286796	0.00	0.129337	-0.005919268	10.00	-36.36697
0.8183432	10.00	-42.17268	-0.02933459	0.00	0.1360058	-0.006292919	10.00	-36.30194
0.7864736	10.00	-42.08195	-0.0318696	0.00	0.09073282	-0.006712197	10.00	-36.22646
0.7442771	10.00	-41.97637	-0.04219654	0.00	0.1055808	-0.007189058	10.00	-36.13259
0.6838278	10.00	-41.84431	-0.06044926	0.00	0.1320549	-0.007760024	10.00	-36.0388
0.6154583	10.00	-41.71178	-0.06836957	0.00	0.1325362	-0.008408304	10.00	-35.94601
0.5387869	10.00	-41.58041	-0.0766713	0.00	0.1313684	-0.009467231	10.00	-35.85027
0.4492321	10.00	-41.44495	-0.08955488	0.00	0.1354636	-0.01100816	10.00	-35.75832
0.3630509	10.00	-41.31459	-0.08618119	0.00	0.1303605	-0.01221023	10.00	-35.69609
0.3045817	10.00	-41.22614	-0.05846919	0.00	0.08844241	-0.01335527	10.00	-35.62027
0.233387	10.00	-41.11845	-0.0711947	0.00	0.1076914	-0.01447997	10.00	-35.52659
0.1453182	10.00	-40.98524	-0.08806877	0.00	0.1332157	-0.01558631	10.00	-35.43386
0.05817593	10.00	-40.85342	-0.08714229	0.00	0.1318143	-0.0164755	10.00	-35.34082
-0.02949978	10.00	-40.7208	-0.08767571	0.00	0.1326212	-0.01732056	10.00	-35.24881
-0.1207222	10.00	-40.58862	-0.0912224	0.00	0.1321781	-0.01811815	10.00	-35.15647
-0.213271	10.00	-40.45638	-0.09254882	0.00	0.1322446	-0.01864544	10.00	-35.09348
-0.2762376	10.00	-40.36641	-0.06296661	0.00	0.08997407	-0.01933335	10.00	-35.01759
-0.3521126	10.00	-40.25798	-0.07587496	0.00	0.108419	-0.02017852	10.00	-34.92529
-0.4442097	10.00	-40.12638	-0.09209709	0.00	0.1315991	-0.02113849	10.00	-34.83066
-0.5318193	10.00	-39.99189	-0.08760969	0.00	0.1344911	-0.02218872	10.00	-34.73923
-0.60878	10.00	-39.86218	-0.07696066	0.00	0.1297121	-0.02327077	10.00	-34.64478
-0.6857595	10.00	-39.72806	-0.07697955	0.00	0.1341217	-0.02440433	10.00	-34.58082
-0.7340702	10.00	-39.6378	-0.04831062	0.00	0.09026285	-0.02553174	10.00	-34.50507
-0.7894518	10.00	-39.53044	-0.05538164	0.00	0.1073588	-0.02678	10.00	-34.41145
-0.8555591	10.00	-39.39729	-0.06610722	0.00	0.1331492	-0.02813379	10.00	-34.3201
-0.9074593	10.00	-39.26743	-0.05190031	0.00	0.1298608	-0.02947888	10.00	-34.2269
-0.9449053	10.00	-39.13533	-0.03744599	0.00	0.1321002	-0.03105252	10.00	-34.13372
-0.977229	10.00	-39.00325	-0.03232365	0.00	0.1320762	-0.03197592	10.00	-34.03918
-1.010021	10.00	-38.86926	-0.03279239	0.00	0.1339914	-0.03262425	10.00	-33.97615
-1.031826	10.00	-38.78017	-0.02180431	0.00	0.08909358	-0.03315244	10.00	-33.90058
-1.058055	10.00	-38.673	-0.02622906	0.00	0.1071733	-0.03418762	10.00	-33.80681
-1.090805	10.00	-38.53918	-0.03275012	0.00	0.1338187	-0.03476815	10.00	-33.71462
-1.1266	10.00	-38.40844	-0.03579481	0.00	0.1307413	-0.0354312	10.00	-33.62023
-1.16313	10.00	-38.27501	-0.03653002	0.00	0.1334266	-0.03606711	10.00	-33.52692
-1.199009	10.00	-38.14396	-0.03587892	0.00	0.1310485	-0.03656069	10.00	-33.43113
-1.235781	10.00	-38.00965	-0.03677224	0.00	0.1343113	-0.03690834	10.00	-33.36957
-1.259151	10.00	-37.92429	-0.02337036	0.00	0.08536071	-0.03723488	10.00	-33.29027
-1.289416	10.00	-37.81374	-0.03026508	0.00	0.1105438	-0.03770874	10.00	-33.1943
-1.32595	10.00	-37.6803	-0.0365339	0.00	0.1334408	-0.03827596	10.00	-33.0988
-1.362123	10.00	-37.54818	-0.03617308	0.00	0.1321229	-0.03893105	10.00	-33.0033
-1.398304	10.00	-37.41603	-0.03618044	0.00	0.1321498	-0.03953398	10.00	-32.90597
-1.435096	10.00	-37.28165	-0.03679201	0.00	0.1343835	-0.04010296	10.00	-32.80934
-1.46781	10.00	-37.14798	-0.03271443	0.00	0.1336729	-0.04040594	10.00	-32.74845
-1.488326	10.00	-37.06415	-0.02051555	0.00	0.08382764	-0.04086817	10.00	-32.66982
-1.515011	10.00	-36.95511	-0.02668532	0.00	0.1090376	-0.04135597	10.00	-32.57492
-1.547314	10.00	-36.82312	-0.03230286	0.00	0.1319912	-0.04169727	10.00	-32.47993
-1.579685	10.00	-36.69085	-0.03237111	0.00	0.1322701	-0.04197679	10.00	-32.38382
-1.612447	10.00	-36.55698	-0.03276155	0.00	0.1338654	-0.04217353	10.00	-32.28893
-1.641	10.00	-36.4246	-0.02855327	0.00	0.1323833	-0.04267348	10.00	-32.19338
-1.668395	10.00	-36.29161	-0.02739535	0.00	0.132985	-0.04304799	10.00	-32.12745
-1.687149	10.00	-36.20058	-0.01875397	0.00	0.09103717	-0.04354236	10.00	-32.05173
-1.708777	10.00	-36.09559	-0.02162811	0.00	0.1049891	-0.04408277	10.00	-31.95643
-1.736021	10.00	-35.96334	-0.02724371	0.00	0.1322489	-0.04465792	10.00	-31.86108
-1.763257	10.00	-35.83113	-0.02723584	0.00	0.1322106	-0.04536873	10.00	-31.76622
-1.790375	10.00	-35.69949	-0.02711774	0.00	0.1316373	-0.04628915	10.00	-31.66974
-1.812757	10.00	-35.56568	-0.02238245	0.00	0.1338088	-0.04714261	10.00	-31.57306
-1.835162	10.00	-35.43174	-0.02240518	0.00	0.1339447	-0.04795891	10.00	-31.51052
-1.849609	10.00	-35.34537	-0.01444633	0.00	0.08636435	-0.04890838	10.00	-31.43129
-1.867957	10.00	-35.23568	-0.01834809	0.00	0.1096902	-0.04997416	10.00	-31.33666
-1.886069	10.00	-35.10464	-0.01811276	0.00	0.13104	-0.05101895	10.00	-31.24113
-1.900477	10.00	-34.97268	-0.01440745	0.00	0.1319672	-0.05205613	10.00	-31.14437
-1.909884	10.00	-34.83913	-0.009407048	0.00	0.1335413	-0.05304502	10.00	-31.04845
-1.914084	10.00	-34.70668	-0.004200447	0.00	0.1324584	-0.05399822	10.00	-30.95164
-1.915735	10.00	-34.57301	-0.001650197	0.00	0.1336659	-0.05464624	10.00	-30.888
-1.915735	10.00	-34.48525	0	0.00	0.08775586	-0.05523971	10.00	-30.80984
-1.915735	10.00	-34.37725	0	0.00	0.1080071	-0.05587792	10.00	-30.71243
-1.915735	10.00	-34.24253	0	0.00	0.134719	-0.05650926	10.00	-30.61824
-1.915735	10.00	-34.11266	0	0.00	0.129865	-0.05721905	10.00	-30.52228
-1.915735	10.00	-33.98077	0	0.00	0.1318907	-0.05791349	10.00	-30.42552
-1.915735	10.00	-33.84802	0	0.00	0.1327542	-0.05858129	10.00	-30.32712
-1.915735	10.00	-33.71318	0	0.00	0.1348351	-0.05917845	10.00	-30.26274
-1.915735	10.00	-33.62527	0	0.00	0.08791299	-0.05970827	10.00	-30.18383
-1.915735	10.00	-33.51754	0	0.00	0.1077325	-0.06032225	10.00	-30.0871
-1.915735	10.00	-33.38574	0	0.00	0.1317945	-0.06099544	10.00	-29.99054
-1.915735	10.00	-33.25421	0	0.00	0.1315326	-0.06168723	10.00	-29.89213
-1.915735	10.00	-33.12012	0	0.00	0.1340905	-0.06235228	10.00	-29.7922
-1.915735	10.00	-32.98396	0	0.00	0.1361587	-0.06286327	10.00	-29.72617
-1.915735	10.00	-32.89408	0	0.00	0.0898764	-0.06331135	10.00	-29.65062
-1.915735	10.00	-32.79116	0	0.00	0.1029224	-0.06376204	10.00	-29.55295
-1.915735	10.00	-32.65798	0	0.00	0.1331803	-0.06413191	10.00	-29.45694
-1.915735	10.00	-32.52725	0	0.00	0.1307342	-0.06453235	10.00	-29.35934
-1.915735	10.00	-32.39434	0	0.00	0.1329057	-0.06491137	10.00	-29.26211
-1.915735	10.00	-32.26198	0	0.00	0.1323593	-0.06525224	10.00	-29.16364
-1.915735	10.00	-32.12797	0	0.00	0.1340098	-0.06550128	10.00	-29.09765
-1.915735	10.00	-32.03857	0	0.00	0.08940218	-0.06576713	10.00	-29.0193
-1.915735	10.00	-31.93187	0	0.00	0.1066991	-0.06607849	10.00	-28.92087
-1.915735	10.00	-31.79762	0	0.00	0.1342533	-0.06637136	10.00	-28.82536
-1.915735	10.00	-31.6673	0	0.00	0.1303152	-0.06664856	10.00	-28.72883
-1.915735	10.00	-31.5355	0	0.00	0.1318001	-0.06688912	10.00	-28.63137
-1.915735	10.00	-31.40239	0	0.00	0.1331095	-0.06711191	10.00	-28.53319
-1.921291	10.00	-31.26815	-0.005556918	0.00	0.1342434	-0.06729407	10.00	-28.46876
-1.930011	10.00	-31.18051	-0.008719288	0.00	0.08763837	-0.06750001	10.00	-28.39022
-1.942768	10.00	-31.07318	-0.01275702	0.00	0.1073305	-0.06780653	10.00	-28.29349
-1.968764	10.00	-30.94076	-0.02599623	0.00	0.1324173	-0.06809075	10.00	-28.1971
-2.007448	10.00	-30.8088	-0.03868401	0.00	0.1319601	-0.06820983	10.00	-28.10024
-2.057884	10.00	-30.67618	-0.05043574	0.00	0.1326226	-0.06838135	10.00	-28.00317
-2.118694	10.00	-30.54334	-0.06081019	0.00	0.1328434	-0.0684974	10.00	-27.90489
-2.181508	10.00	-30.40896	-0.06281377	0.00	0.1343779	-0.06855018	10.00	-27.84138
-2.22455	10.00	-30.32227	-0.04304279	0.00	0.08669418	-0.06873375	10.00	-27.76119
-2.284581	10.00	-30.2121	-0.06003063	0.00	0.1101673	-0.06907944	10.00	-27.66496
-2.356877	10.00	-30.07942	-0.07229593	0.00	0.1326764	-0.0694678	10.00	-27.56982
-2.428648	10.00	-29.94771	-0.07177142	0.00	0.1317138	-0.07003088	10.00	-27.47484
-2.500548	10.00	-29.81576	-0.07189946	0.00	0.1319488	-0.07075964	10.00	-27.38057
-2.572022	10.00	-29.68459	-0.07147444	0.00	0.1311688	-0.07178771	10.00	-27.28464
-2.644725	10.00	-29.55117	-0.07270244	0.00	0.1334224	-0.07264164	10.00	-27.22107
-2.690126	10.00	-29.46316	-0.0454008	0.00	0.08801066	-0.07339408	10.00	-27.1423
-2.74658	10.00	-29.35372	-0.05645435	0.00	0.1094383	-0.07420731	10.00	-27.04683
-2.805772	10.00	-29.22162	-0.05919215	0.00	0.1321031	-0.07525613	10.00	-26.95076
-2.856144	10.00	-29.08916	-0.05037168	0.00	0.1324541	-0.07620815	10.00	-26.8546
-2.886009	10.00	-28.95664	-0.02986575	0.00	0.1325192	-0.07721422	10.00	-26.75537
-2.889023	10.00	-28.81986	-0.003013164	0.00	0.1367844	-0.0781601	10.00	-26.68971
-2.889023	10.00	-28.72975	0	0.00	0.09010572	-0.07895422	10.00	-26.61498
-2.889023	10.00	-28.62662	0	0.00	0.1031333	-0.07971632	10.00	-26.51831
-2.889023	10.00	-28.4929	0	0.00	0.1337211	-0.0805022	10.00	-26.42394
-2.889023	10.00	-28.3624	0	0.00	0.130502	-0.0812043	10.00	-26.3287
-2.889023	10.00	-28.23065	0	0.00	0.1317449	-0.08194251	10.00	-26.23284
-2.889023	10.00	-28.09802	0	0.00	0.1326311	-0.08273669	10.00	-26.13539
-2.889023	10.00	-27.96324	0	0.00	0.1347799	-0.08333164	10.00	-26.0717
-2.889023	10.00	-27.8754	0	0.00	0.0878408	-0.08386244	10.00	-25.99266
-2.889023	10.00	-27.76639	0	0.00	0.1090093	-0.08448875	10.00	-25.89805
-2.889023	10.00	-27.63605	0	0.00	0.1303421	-0.08508766	10.00	-25.80061
-2.889023	10.00	-27.50209	0	0.00	0.133956	-0.08556132	10.00	-25.70492
-2.889023	10.00	-27.37094	0	0.00	0.1311475	-0.08598847	10.00	-25.60547
-2.889023	10.00	-27.23499	0	0.00	0.1359506	-0.08629758	10.00	-25.51173
-2.889023	10.00	-27.10715	0	0.00	0.1278393	-0.08646613	10.00	-25.44355
-2.889023	10.00	-27.01486	0	0.00	0.09229703	-0.08668169	10.00	-25.36504
-2.889023	10.00	-26.90827	0	0.00	0.1065845	-0.08693504	10.00	-25.26736
-2.889023	10.00	-26.77568	0	0.00	0.1325943	-0.08718206	10.00	-25.1701
-2.889023	10.00	-26.64381	0	0.00	0.1318666	-0.08742532	10.00	-25.072
-2.889023	10.00	-26.51081	0	0.00	0.133002	-0.08757115	10.00	-24.97368
-2.889023	10.00	-26.37758	0	0.00	0.1332313	-0.08765059	10.00	-24.87715
-2.889023	10.00	-26.24685	0	0.00	0.1307285	-0.08754469	10.00	-24.81774
-2.889023	10.00	-26.16676	0	0.00	0.08009193	-0.08758625	10.00	-24.72914
-2.889023	10.00	-26.04674	0	0.00	0.1200169	-0.08758959	10.00	-24.6333
-2.889023	10.00	-25.91688	0	0.00	0.1298665	-0.08760018	10.00	-24.53483
-2.889023	10.00	-25.78338	0	0.00	0.1334988	-0.08756126	10.00	-24.43826
-2.889023	10.00	-25.65251	0	0.00	0.1308701	-0.08759838	10.00	-24.33917
-2.889023	10.00	-25.51821	0	0.00	0.1342958	-0.08750718	10.00	-24.27516
-2.889023	10.00	-25.43157	0	0.00	0.0866418	-0.08753692	10.00	-24.19416
-2.889023	10.00	-25.32177	0	0.00	0.1098021	-0.08761609	10.00	-24.09631
-2.889023	10.00	-25.18921	0	0.00	0.1325532	-0.08764622	10.00	-23.99881
-2.889023	10.00	-25.0574	0	0.00	0.1318185	-0.08766273	10.00	-23.90079
-2.889023	10.00	-24.92488	0	0.00	0.1325164	-0.0877491	10.00	-23.80304
-2.889023	10.00	-24.79271	0	0.00	0.1321738	-0.08774702	10.00	-23.70501
-2.889023	10.00	-24.66002	0	0.00	0.1326849	-0.08791529	10.00	-23.64546
-2.889023	10.00	-24.57962	0	0.00	0.0803977	-0.08806633	10.00	-23.55914
-2.889023	10.00	-24.46233	0	0.00	0.1172947	-0.08824269	10.00	-23.46045
-2.889023	10.00	-24.32814	0	0.00	0.1341925	-0.08845973	10.00	-23.36544
-2.889023	10.00	-24.19922	0	0.00	0.1289194	-0.08873389	10.00	-23.26573
-2.889023	10.00	-24.06396	0	0.00	0.1352612	-0.08915251	10.00	-23.20178
-2.889023	10.00	-23.97766	0	0.00	0.08628932	-0.08945972	10.00	-23.12071
-2.889023	10.00	-23.86801	0	0.00	0.1096534	-0.08966167	10.00	-23.02241
-2.889023	10.00	-23.73513	0	0.00	0.132883	-0.08987977	10.00	-22.92472
-2.889023	10.00	-23.60316	0	0.00	0.13197	-0.09015097	10.00	-22.82679
-2.889023	10.00	-23.4708	0	0.00	0.1323607	-0.09049397	10.00	-22.72888
-2.889023	10.00	-23.33831	0	0.00	0.1324895	-0.09086218	10.00	-22.63099
-2.889023	10.00	-23.20573	0	0.00	0.1325759	-0.09132382	10.00	-22.56861
-2.889023	10.00	-23.1214	0	0.00	0.08433724	-0.09184791	10.00	-22.48557
-2.889023	10.00	-23.0088	0	0.00	0.1125922	-0.09239268	10.00	-22.3884
-2.889023	10.00	-22.87704	0	0.00	0.1317619	-0.09290198	10.00	-22.29049
-2.889023	10.00	-22.74439	0	0.00	0.1326551	-0.09330375	10.00	-22.19253
-2.889023	10.00	-22.61173	0	0.00	0.1326537	-0.09366117	10.00	-22.09468
-2.889023	10.00	-22.4793	0	0.00	0.1324343	-0.09393928	10.00	-21.99674
-2.889023	10.00	-22.34673	0	0.00	0.1325674	-0.09415616	10.00	-21.93548
-2.889023	10.00	-22.26403	0	0.00	0.08269659	-0.09438965	10.00	-21.84921
-2.889023	10.00	-22.14712	0	0.00	0.1169125	-0.09493672	10.00	-21.75335
-2.889023	10.00	-22.0172	0	0.00	0.1299174	-0.09547091	10.00	-21.65573
-2.889023	10.00	-21.88469	0	0.00	0.1325122	-0.09589595	10.00	-21.55895
-2.889023	10.00	-21.7532	0	0.00	0.1314958	-0.09615587	10.00	-21.45953
-2.889023	10.00	-21.61811	0	0.00	0.1350857	-0.09641363	10.00	-21.39786
-2.889023	10.00	-21.53447	0	0.00	0.08364078	-0.09662173	10.00	-21.31472
-2.889023	10.00	-21.42142	0	0.00	0.1130508	-0.09673503	10.00	-21.21811
-2.889023	10.00	-21.29029	0	0.00	0.1311277	-0.09677488	10.00	-21.12122
-2.889023	10.00	-21.15896	0	0.00	0.1313344	-0.09682818	10.00	-21.0231
-2.889023	10.00	-21.02596	0	0.00	0.1329977	-0.09701412	10.00	-20.92492
-2.889023	10.00	-20.89291	0	0.00	0.1330472	-0.09720597	10.00	-20.82754
-2.889023	10.00	-20.76096	0	0.00	0.1319544	-0.09730621	10.00	-20.76785
-2.889023	10.00	-20.68054	0	0.00	0.08041893	-0.09747941	10.00	-20.67942
-2.889023	10.00	-20.56088	0	0.00	0.1196587	-0.09767941	10.00	-20.58301
-2.889023	10.00	-20.43045	0	0.00	0.1304256	-0.09776492	10.00	-20.4847
-2.889023	10.00	-20.29767	0	0.00	0.1327825	-0.09779298	10.00	-20.38719
-2.889023	10.00	-20.16575	0	0.00	0.1319261	-0.09779011	10.00	-20.28934
-2.889023	10.00	-20.0334	0	0.00	0.1323451	-0.09780069	10.00	-20.22449
-2.889023	10.00	-19.9459	0	0.00	0.08750247	-0.09782979	10.00	-20.14336
-2.889023	10.00	-19.83605	0	0.00	0.1098474	-0.09786302	10.00	-20.04702
-2.889023	10.00	-19.70549	0	0.00	0.1305615	-0.09782981	10.00	-19.9493
-2.889023	10.00	-19.57306	0	0.00	0.1324272	-0.09795271	10.00	-19.85133
-2.889023	10.00	-19.43992	0	0.00	0.1331393	-0.09802095	10.00	-19.75489
-2.889023	10.00	-19.30877	0	0.00	0.131156	-0.09815435	10.00	-19.65645
-2.889023	10.00	-19.17494	0	0.00	0.1338301	-0.09821488	10.00	-19.59314
-2.889023	10.00	-19.08922	0	0.00	0.08571602	-0.09816328	10.00	-19.51138
-2.889023	10.00	-18.97799	0	0.00	0.1112261	-0.09805223	10.00	-19.41376
-2.889023	10.00	-18.84491	0	0.00	0.1330826	-0.09801137	10.00	-19.31659
-2.889023	10.00	-18.7123	0	0.00	0.1326169	-0.09803163	10.00	-19.21968
-2.889023	10.00	-18.58042	0	0.00	0.1318723	-0.09808411	10.00	-19.12263
-2.889023	10.00	-18.44833	0	0.00	0.132096	-0.09812947	10.00	-19.05993
-2.889023	10.00	-18.36362	0	0.00	0.08470246	-0.09812875	10.00	-18.97546
-2.889023	10.00	-18.24897	0	0.00	0.1146518	-0.09809591	10.00	-18.87907
-2.889023	10.00	-18.11816	0	0.00	0.1308106	-0.09818614	10.00	-18.7802
-2.889023	10.00	-17.98424	0	0.00	0.1339263	-0.09814147	10.00	-18.68343
-2.889023	10.00	-17.8534	0	0.00	0.1308389	-0.09802738	10.00	-18.58459
-2.889023	10.00	-17.71972	0	0.00	0.1336729	-0.09787666	10.00	-18.52358
-2.889023	10.00	-17.63776	0	0.00	0.08196615	-0.09779602	10.00	-18.43926
-2.889023	10.00	-17.52362	0	0.00	0.1141337	-0.097688	10.00	-18.3411
-2.889023	10.00	-17.39046	0	0.00	0.133169	-0.09764156	10.00	-18.24432
-2.889023	10.00	-17.25934	0	0.00	0.1311192	-0.09762014	10.00	-18.14652
-2.889023	10.00	-17.1267	0	0.00	0.1326339	-0.09761682	10.00	-18.04718
-2.889023	10.00	-16.99202	0	0.00	0.1346837	-0.09754113	10.00	-17.95173
-2.889023	10.00	-16.8627	0	0.00	0.1293214	-0.09751456	10.00	-17.893
-2.889023	10.00	-16.78345	0	0.00	0.07924683	-0.09759215	10.00	-17.8037
-2.889023	10.00	-16.66202	0	0.00	0.1214282	-0.09773572	10.00	-17.7082
-2.889023	10.00	-16.53189	0	0.00	0.1301297	-0.09788477	10.00	-17.60998
-2.889023	10.00	-16.39792	0	0.00	0.1339744	-0.0980714	10.00	-17.51383
-2.889023	10.00	-16.26655	0	0.00	0.1313726	-0.09828521	10.00	-17.41637
-2.889023	10.00	-16.13298	0	0.00	0.1335682	-0.09836922	10.00	-17.35508
-2.889023	10.00	-16.04914	0	0.00	0.08383755	-0.09854769	10.00	-17.2736
-2.889023	10.00	-15.93725	0	0.00	0.1118872	-0.09881187	10.00	-17.17674
-2.889023	10.00	-15.80423	0	0.00	0.1330232	-0.09919962	10.00	-17.08016
-2.889023	10.00	-15.67187	0	0.00	0.1323579	-0.09953431	10.00	-16.98449
-2.889023	10.00	-15.54106	0	0.00	0.130812	-0.09995095	10.00	-16.8866
-2.889023	10.00	-15.40724	0	0.00	0.1338145	-0.1001374	10.00	-16.82547
-2.889023	10.00	-15.32407	0	0.00	0.08317506	-0.1004374	10.00	-16.74216
-2.889023	10.00	-15.21022	0	0.00	0.1138478	-0.1007648	10.00	-16.64549
-2.889023	10.00	-15.07819	0	0.00	0.1320365	-0.1010389	10.00	-16.54757
-2.889023	10.00	-14.94463	0	0.00	0.1335526	-0.1011781	10.00	-16.45118
-2.889023	10.00	-14.81341	0	0.00	0.1312254	-0.1013445	10.00	-16.35179
-2.889023	10.00	-14.67849	0	0.00	0.1349172	-0.1016144	10.00	-16.29129
-2.889023	10.00	-14.59692	0	0.00	0.08156838	-0.1017684	10.00	-16.20727
-2.889023	10.00	-14.48319	0	0.00	0.1137317	-0.1019813	10.00	-16.10944
-2.889023	10.00	-14.3507	0	0.00	0.1324923	-0.1022191	10.00	-16.01169
-2.889023	10.00	-14.21852	0	0.00	0.1321767	-0.1025698	10.00	-15.91344
-2.889023	10.00	-14.08586	0	0.00	0.1326608	-0.1029207	10.00	-15.81409
-2.889023	10.00	-13.95163	0	0.00	0.1342349	-0.1031808	10.00	-15.71781
-2.889023	10.00	-13.8216	0	0.00	0.130025	-0.1032578	10.00	-15.65958
-2.889023	10.00	-13.74341	0	0.00	0.07819223	-0.1033454	10.00	-15.56973
-2.889023	10.00	-13.62208	0	0.00	0.1213249	-0.103345	10.00	-15.47311
-2.889023	10.00	-13.49163	0	0.00	0.1304539	-0.1033748	10.00	-15.37428
-2.889023	10.00	-13.35801	0	0.00	0.1336177	-0.1033918	10.00	-15.27762
-2.889023	10.00	-13.22735	0	0.00	0.1306634	-0.1034654	10.00	-15.1781
-2.889023	10.00	-13.09264	0	0.00	0.1347106	-0.1034777	10.00	-15.11639
-2.889023	10.00	-13.00957	0	0.00	0.08307172	-0.1035113	10.00	-15.03358
-2.889023	10.00	-12.89772	0	0.00	0.1118504	-0.1035606	10.00	-14.9359
-2.889023	10.00	-12.76588	0	0.00	0.1318313	-0.1035886	10.00	-14.83734
-2.889023	10.00	-12.63312	0	0.00	0.1327613	-0.103662	10.00	-14.73896
-2.889023	10.00	-12.50041	0	0.00	0.1327146	-0.1037494	10.00	-14.63856
-2.889023	10.00	-12.36488	0	0.00	0.1355302	-0.1037906	10.00	-14.57617
-2.889023	10.00	-12.28111	0	0.00	0.08376677	-0.1039658	10.00	-14.49332
-2.889023	10.00	-12.16924	0	0.00	0.1118688	-0.1042388	10.00	-14.39557
-2.889023	10.00	-12.03698	0	0.00	0.132263	-0.1046196	10.00	-14.29797
-2.889023	10.00	-11.90484	0	0.00	0.1321427	-0.1050341	10.00	-14.20094
-2.889023	10.00	-11.77366	0	0.00	0.1311815	-0.1055971	10.00	-14.10058
-2.889023	10.00	-11.63783	0	0.00	0.1358274	-0.1059252	10.00	-14.03044
-2.889023	10.00	-11.54314	0	0.00	0.09468652	-0.1063544	10.00	-13.95665
-2.889023	10.00	-11.44323	0	0.00	0.09990859	-0.1069237	10.00	-13.85899
-2.889023	10.00	-11.31077	0	0.00	0.132464	-0.1075112	10.00	-13.76089
-2.889023	10.00	-11.17773	0	0.00	0.1330416	-0.1080165	10.00	-13.66445
-2.889023	10.00	-11.04695	0	0.00	0.1307809	-0.1079512	10.00	-13.56506
-2.889023	10.00	-10.91234	0	0.00	0.1346086	-0.1094462	10.00	-13.4687
-2.889023	10.00	-10.78086	0	0.00	0.1314745	-0.1096656	10.00	-13.40356
-2.889023	10.00	-10.69265	0	0.00	0.08821309	-0.1100875	10.00	-13.32324
-2.889023	10.00	-10.58352	0	0.00	0.1091339	-0.1108041	10.00	-13.22644
-2.889023	10.00	-10.45179	0	0.00	0.1317265	-0.1113638	10.00	-13.12807
-2.889023	10.00	-10.31796	0	0.00	0.1338343	-0.1118959	10.00	-13.0311
-2.889023	10.00	-10.18608	0	0.00	0.131878	-0.1124102	10.00	-12.93302
-2.889023	10.00	-10.05287	0	0.00	0.1332129	-0.1129151	10.00	-12.83653
-2.889023	10.00	-9.922035	0	0.00	0.130829	-0.1133459	10.00	-12.7778
-2.889023	10.00	-9.842847	0	0.00	0.07918879	-0.1138112	10.00	-12.68975
-2.889023	10.00	-9.723326	0	0.00	0.1195214	-0.1143132	10.00	-12.59375
-2.889023	10.00	-9.593023	0	0.00	0.1303024	-0.1147175	10.00	-12.49473
-2.889023	10.00	-9.458665	0	0.00	0.1343581	-0.1149952	10.00	-12.39821
-2.889023	10.00	-9.327968	0	0.00	0.1306974	-0.1152404	10.00	-12.29876
-2.889023	10.00	-9.193009	0	0.00	0.1349583	-0.115448	10.00	-12.23779
-2.889023	10.00	-9.110607	0	0.00	0.08240215	-0.115624	10.00	-12.15401
-2.889023	10.00	-8.9967	0	0.00	0.1139072	-0.1158299	10.00	-12.05688
-2.889023	10.00	-8.864564	0	0.00	0.1321356	-0.1160219	10.00	-11.95973
-2.889023	10.00	-8.732511	0	0.00	0.1320535	-0.1160809	10.00	-11.86299
-2.889023	10.00	-8.601115	0	0.00	0.1313953	-0.1160561	10.00	-11.76368
-2.889023	10.00	-8.466364	0	0.00	0.1347516	-0.116094	10.00	-11.66752
-2.889023	10.00	-8.33589	0	0.00	0.1304737	-0.1159799	10.00	-11.6082
-2.889023	10.00	-8.25575	0	0.00	0.08014005	-0.1160488	10.00	-11.52054
-2.889023	10.00	-8.136565	0	0.00	0.1191845	-0.1161261	10.00	-11.42454
-2.889023	10.00	-8.006081	0	0.00	0.1304851	-0.1161083	10.00	-11.32657
-2.889023	10.00	-7.872994	0	0.00	0.1330869	-0.1160475	10.00	-11.22913
-2.889023	10.00	-7.740575	0	0.00	0.1324187	-0.1160866	10.00	-11.13167
-2.889023	10.00	-7.607954	0	0.00	0.1326212	-0.1160605	10.00	-11.06633
-2.889023	10.00	-7.519213	0	0.00	0.0887411	-0.1161707	10.00	-10.98731
-2.889023	10.00	-7.411401	0	0.00	0.1078118	-0.1164368	10.00	-10.89053
-2.889023	10.00	-7.278794	0	0.00	0.132607	-0.1166533	10.00	-10.79279
-2.889023	10.00	-7.144718	0	0.00	0.1340764	-0.1167511	10.00	-10.69771
-2.889023	10.00	-7.013969	0	0.00	0.1307483	-0.1168625	10.00	-10.59997
-2.889023	10.00	-6.879171	0	0.00	0.1347983	-0.116908	10.00	-10.53226
-2.889023	10.00	-6.785789	0	0.00	0.09338136	-0.1170093	10.00	-10.45912
-2.889023	10.00	-6.684422	0	0.00	0.101368	-0.1171982	10.00	-10.36341
-2.889023	10.00	-6.551219	0	0.00	0.133203	-0.117476	10.00	-10.26931
-2.889023	10.00	-6.420251	0	0.00	0.1309678	-0.1178716	10.00	-10.17438
-2.889023	10.00	-6.288118	0	0.00	0.1321328	-0.1184199	10.00	-10.07976
-2.889023	10.00	-6.156355	0	0.00	0.1317633	-0.1191075	10.00	-9.983491
-2.889023	10.00	-6.02192	0	0.00	0.1344345	-0.1198341	10.00	-9.889108
-2.889023	10.00	-5.890254	0	0.00	0.1316656	-0.1204581	10.00	-9.827119
-2.889023	10.00	-5.804523	0	0.00	0.08573159	-0.1210999	10.00	-9.747487
-2.889023	10.00	-5.693943	0	0.00	0.1105806	-0.121814	10.00	-9.651163
-2.889023	10.00	-5.560581	0	0.00	0.1333615	-0.1225755	10.00	-9.554797
-2.889023	10.00	-5.427739	0	0.00	0.132842	-0.1232156	10.00	-9.458584
-2.889023	10.00	-5.295636	0	0.00	0.1321031	-0.1238213	10.00	-9.3609
-2.889023	10.00	-5.161978	0	0.00	0.1336574	-0.12434	10.00	-9.29598
-2.889023	10.00	-5.0739	0	0.00	0.08807861	-0.1248517	10.00	-9.217051
-2.889308	10.00	-4.966673	-0.0002855245	0.00	0.1072271	-0.1254089	10.00	-9.117945
-2.889308	10.00	-4.832104	0	0.00	0.134569	-0.125862	10.00	-9.021773
-2.889308	10.00	-4.701729	0	0.00	0.1303746	-0.1263052	10.00	-8.923481
-2.889308	10.00	-4.568666	0	0.00	0.1330628	-0.1266388	10.00	-8.826426
-2.889308	10.00	-4.437479	0	0.00	0.1311872	-0.1269674	10.00	-8.726455
-2.889308	10.00	-4.302236	0	0.00	0.1352428	-0.1271645	10.00	-8.662773
-2.889308	10.00	-4.216369	0	0.00	0.08586748	-0.1274159	10.00	-8.581223
-2.889308	10.00	-4.105887	0	0.00	0.1104815	-0.1276006	10.00	-8.484613
-2.889308	10.00	-3.974969	0	0.00	0.1309182	-0.127715	10.00	-8.386698
-2.889308	10.00	-3.842257	0	0.00	0.1327118	-0.1278367	10.00	-8.290009
-2.889308	10.00	-3.711019	0	0.00	0.1312381	-0.1280583	10.00	-8.192419
-2.897367	10.00	-3.578378	-0.00805928	0.00	0.132641	-0.1283458	10.00	-8.094794
-2.932398	10.00	-3.445739	-0.0350302	0.00	0.1326396	-0.128789	10.00	-8.028242
-2.966505	10.00	-3.356052	-0.03410744	0.00	0.08968671	-0.1292719	10.00	-7.948955
-3.010514	10.00	-3.24854	-0.04400925	0.00	0.1075117	-0.1298769	10.00	-7.851494
-3.071395	10.00	-3.115543	-0.06088082	0.00	0.1329977	-0.1308908	10.00	-7.752625
-3.134824	10.00	-2.979848	-0.06342915	0.00	0.1356944	-0.133108	10.00	-7.659383
-3.195394	10.00	-2.850271	-0.06056996	0.00	0.1295777	-0.1357901	10.00	-7.564138
-3.257511	10.00	-2.717385	-0.06211635	0.00	0.1328859	-0.1368033	10.00	-7.502196
-3.29782	10.00	-2.63115	-0.04030939	0.00	0.08623412	-0.1379405	10.00	-7.423384
-3.349118	10.00	-2.521409	-0.05129757	0.00	0.1097412	-0.1394005	10.00	-7.328893
-3.410711	10.00	-2.389642	-0.06159361	0.00	0.1317676	-0.1408558	10.00	-7.233922
-3.466185	10.00	-2.257256	-0.05547337	0.00	0.1323862	-0.1421202	10.00	-7.137743
-3.479502	10.00	-2.123397	-0.01331779	0.00	0.1338584	-0.1432869	10.00	-7.042056
-3.479502	10.00	-1.990401	0	0.00	0.1329963	-0.143989	10.00	-6.948056
-3.479502	10.00	-1.860217	0	0.00	0.1301835	-0.1444597	10.00	-6.884292
-3.479502	10.00	-1.771989	0	0.00	0.08822867	-0.1450737	10.00	-6.804599
-3.479502	10.00	-1.661865	0	0.00	0.1101234	-0.1459838	10.00	-6.708356
-3.479502	10.00	-1.529427	0	0.00	0.1324385	-0.1469062	10.00	-6.612334
-3.479502	10.00	-1.397267	0	0.00	0.1321597	-0.1476935	10.00	-6.514729
-3.479502	10.00	-1.263482	0	0.00	0.1337848	-0.1484371	10.00	-6.419253
-3.479502	10.00	-1.132823	0	0.00	0.1306592	-0.1496505	10.00	-6.318713
-3.479502	10.00	-0.9976568	0	0.00	0.1351664	-0.1497737	10.00	-6.253601
-3.479502	10.00	-0.9092144	0	0.00	0.08844241	-0.1499535	10.00	-6.175042
-3.479502	10.00	-0.8020284	0	0.00	0.1071861	-0.1501292	10.00	-6.077895
-3.479502	10.00	-0.6700768	0	0.00	0.1319516	-0.150097	10.00	-5.980525
-3.479502	10.00	-0.5378038	0	0.00	0.1322729	-0.1498079	10.00	-5.88337
-3.479502	10.00	-0.4062217	0	0.00	0.1315821	-0.1495173	10.00	-5.784825
-3.479502	10.00	-0.2728093	0	0.00	0.1334125	-0.1491898	10.00	-5.687039
-3.479502	10.00	-0.1405024	0	0.00	0.1323069	-0.1489116	10.00	-5.625187
-3.479502	10.00	-0.05732447	0	0.00	0.08317789	-0.1485893	10.00	-5.540648
-3.475883	10.00	0.0567951	0.003618898	0.00	0.1141196	-0.1482307	10.00	-5.442018
-3.466508	10.00	0.1898947	0.009375935	0.00	0.1330996	-0.1478716	10.00	-5.344101
-3.455922	10.00	0.322002	0.01058522	0.00	0.1321073	-0.1475042	10.00	-5.246435
-3.444093	10.00	0.4537243	0.01182982	0.00	0.1317223	-0.1470845	10.00	-5.146832
-3.430725	10.00	0.5880809	0.01336737	0.00	0.1343566	-0.1466364	10.00	-5.050262
-3.415234	10.00	0.7184131	0.01549095	0.00	0.1303322	-0.146077	10.00	-4.986055
-3.402508	10.00	0.8044575	0.0127265	0.00	0.08604443	-0.1456854	10.00	-4.903018
-3.384858	10.00	0.9164537	0.01764937	0.00	0.1119962	-0.1453975	10.00	-4.805153
-3.357616	10.00	1.048696	0.02724226	0.00	0.1322418	-0.1449972	10.00	-4.705984
-3.323553	10.00	1.182582	0.03406316	0.00	0.1338867	-0.1446101	10.00	-4.608413
-3.285001	10.00	1.314094	0.03855247	0.00	0.1315113	-0.1443058	10.00	-4.509971
-3.244807	10.00	1.441677	0.04019326	0.00	0.1275839	-0.1440453	10.00	-4.44347
-3.215175	10.00	1.519723	0.02963188	0.00	0.07804575	-0.1438061	10.00	-4.364051
-3.178626	10.00	1.603935	0.03654948	0.00	0.08421144	-0.1435459	10.00	-4.265945
-3.130773	10.00	1.703138	0.04785259	0.00	0.09920346	-0.1432372	10.00	-4.169241
-3.083559	10.00	1.801019	0.04721444	0.00	0.09788052	-0.1429851	10.00	-4.070469
-3.035202	10.00	1.901268	0.04835738	0.00	0.1002499	-0.1430738	10.00	-3.974039
-2.987817	10.00	1.999502	0.04738458	0.00	0.09823323	-0.1431116	10.00	-3.875088
-2.939162	10.00	2.100368	0.04865474	0.00	0.1008664	-0.1428209	10.00	-3.809056
-2.908468	10.00	2.17805	0.03069417	0.00	0.07768171	-0.1425517	10.00	-3.731921
-2.875449	10.00	2.277567	0.03301905	0.00	0.09951752	-0.1421856	10.00	-3.635818
-2.836729	10.00	2.409651	0.03872012	0.00	0.1320832	-0.1419202	10.00	-3.539339
-2.794003	10.00	2.542258	0.04272572	0.00	0.132607	-0.1416615	10.00	-3.442921
-2.759088	10.00	2.674463	0.03491543	0.00	0.132205	-0.1415258	10.00	-3.344908
-2.73268	10.00	2.808978	0.02640809	0.00	0.1345152	-0.1415302	10.00	-3.28007
-2.716986	10.00	2.897664	0.01569339	0.00	0.08868589	-0.141522	10.00	-3.202091
-2.700141	10.00	3.004554	0.01684472	0.00	0.1068902	-0.141535	10.00	-3.103778
-2.681502	10.00	3.139403	0.0186393	0.00	0.1348493	-0.1415065	10.00	-3.00923
-2.663616	10.00	3.268802	0.01788598	0.00	0.1293993	-0.141394	10.00	-2.911578
-2.649042	10.00	3.4023	0.01457452	0.00	0.1334974	-0.1412935	10.00	-2.814892
-2.635874	10.00	3.534647	0.01316738	0.00	0.1323465	-0.1411132	10.00	-2.718124
-2.625251	10.00	3.667232	0.01062355	0.00	0.1325858	-0.1410861	10.00	-2.65244
-2.618041	10.00	3.757209	0.00720948	0.00	0.0899769	-0.1409736	10.00	-2.574289
-2.60943	10.00	3.864687	0.008611745	0.00	0.1074777	-0.1407436	10.00	-2.478907
-2.598895	10.00	3.996157	0.01053418	0.00	0.1314703	-0.1405644	10.00	-2.384098
-2.588387	10.00	4.12731	0.01050877	0.00	0.1311532	-0.1404014	10.00	-2.288427
-2.57903	10.00	4.260137	0.009356691	0.00	0.1328264	-0.1403184	10.00	-2.193283
-2.568406	10.00	4.392723	0.01062355	0.00	0.1325858	-0.1401519	10.00	-2.09814
-2.561618	10.00	4.525632	0.006788671	0.00	0.1329099	-0.1399565	10.00	-2.034434
-2.560522	10.00	4.614378	0.001095622	0.00	0.08874535	-0.139779	10.00	-1.956567
-2.560522	10.00	4.72401	0	0.00	0.1096322	-0.1400967	10.00	-1.863029
-2.560522	10.00	4.856443	0	0.00	0.1324329	-0.1403016	10.00	-1.770706
-2.560522	10.00	4.987337	0	0.00	0.1308942	-0.1408027	10.00	-1.677586
-2.560522	10.00	5.119633	0	0.00	0.1322956	-0.1412477	10.00	-1.582933
-2.560522	10.00	5.254834	0	0.00	0.1352018	-0.1415492	10.00	-1.515192
-2.560522	10.00	5.351569	0	0.00	0.09673487	-0.1418736	10.00	-1.446197
-2.560522	10.00	5.450764	0	0.00	0.09919514	-0.1422925	10.00	-1.354187
-2.560522	10.00	5.583687	0	0.00	0.1329227	-0.1449211	10.00	-1.264965
-2.560522	10.00	5.713699	0	0.00	0.1300122	-0.1454095	10.00	-1.171572
-2.560522	10.00	5.849011	0	0.00	0.1353122	-0.1453037	10.00	-1.081472
-2.560522	10.00	5.979522	0	0.00	0.1305105	-0.1449285	10.00	-0.9897494
-2.560522	10.00	6.112321	0	0.00	0.1327995	-0.1445667	10.00	-0.9314908
-2.560522	10.00	6.196444	0	0.00	0.08412208	-0.1442805	10.00	-0.8535087
-2.560522	10.00	6.309276	0	0.00	0.1128328	-0.1440443	10.00	-0.7618422
-2.560522	10.00	6.441524	0	0.00	0.1322474	-0.1438485	10.00	-0.6701037
-2.560522	10.00	6.572936	0	0.00	0.1314123	-0.1438182	10.00	-0.5756273
-2.560522	10.00	6.707108	0	0.00	0.1341726	-0.1437067	10.00	-0.481012
-2.560522	10.00	6.840075	0	0.00	0.1329666	-0.1434211	10.00	-0.4166964
-2.560522	10.00	6.93045	0	0.00	0.09037468	-0.1431021	10.00	-0.3412067
-2.560522	10.00	7.036405	0	0.00	0.1059545	-0.142778	10.00	-0.2473087
-2.560522	10.00	7.167729	0	0.00	0.1313245	-0.1424181	10.00	-0.1524366
-2.560522	10.00	7.299771	0	0.00	0.1320422	-0.141997	10.00	-0.05667391
-2.560522	10.00	7.432527	0	0.00	0.1327556	-0.1416242	10.00	0.04062201
-2.560522	10.00	7.566925	0	0.00	0.1343977	-0.1412552	10.00	0.1360617
-2.560522	10.00	7.698265	0	0.00	0.1313401	-0.1409708	10.00	0.1971784
-2.560522	10.00	7.78206	0	0.00	0.08379508	-0.1405771	10.00	0.2806326
-2.560522	10.00	7.896335	0	0.00	0.1142753	-0.1401617	10.00	0.377423
-2.560522	10.00	8.028419	0	0.00	0.1320847	-0.1398068	10.00	0.4750184
-2.560522	10.00	8.161021	0	0.00	0.1326013	-0.1395094	10.00	0.5715356
-2.560522	10.00	8.292131	0	0.00	0.1311107	-0.1392385	10.00	0.6707107
-2.560522	10.00	8.426919	0	0.00	0.134787	-0.1389574	10.00	0.7669339
-2.560522	10.00	8.557902	0	0.00	0.1309833	-0.1389655	10.00	0.8317685
-2.560522	10.00	8.646047	0	0.00	0.08814514	-0.1387784	10.00	0.9109992
-2.560522	10.00	8.754252	0	0.00	0.1082053	-0.1384926	10.00	1.008365
-2.560522	10.00	8.887501	0	0.00	0.1332483	-0.1382716	10.00	1.103773
-2.560522	10.00	9.018064	0	0.00	0.1305643	-0.138022	10.00	1.20087
-2.560522	10.00	9.151009	0	0.00	0.1329439	-0.137742	10.00	1.297983
-2.560522	10.00	9.283915	0	0.00	0.1329057	-0.1374207	10.00	1.394829
-2.560522	10.00	9.4165	0	0.00	0.1325858	-0.1373117	10.00	1.457091
-2.560522	10.00	9.501317	0	0.00	0.08481713	-0.1371205	10.00	1.540591
-2.560522	10.00	9.616134	0	0.00	0.114816	-0.1368152	10.00	1.635161
-2.560522	10.00	9.746231	0	0.00	0.1300972	-0.1366012	10.00	1.73113
-2.560522	10.00	9.878168	0	0.00	0.1319374	-0.1363198	10.00	1.827497
-2.560522	10.00	10.01062	0	0.00	0.1324484	-0.136014	10.00	1.923974
-2.560522	10.00	10.14324	0	0.00	0.1326183	-0.1358173	10.00	1.986666
-2.560522	10.00	10.22889	0	0.00	0.08565798	-0.1355042	10.00	2.067643
-2.560522	10.00	10.34034	0	0.00	0.1114441	-0.1350633	10.00	2.164799
-2.560522	10.00	10.47394	0	0.00	0.1336022	-0.1346687	10.00	2.260247
-2.560522	10.00	10.6049	0	0.00	0.1309564	-0.1343332	10.00	2.356599
-2.560522	10.00	10.7373	0	0.00	0.1324074	-0.1340055	10.00	2.454363
-2.560522	10.00	10.87163	0	0.00	0.1343241	-0.1337876	10.00	2.52013
-2.560522	10.00	10.96146	0	0.00	0.08983535	-0.1334751	10.00	2.59749
-2.560522	10.00	11.06743	0	0.00	0.1059658	-0.1330137	10.00	2.695178
-2.560522	10.00	11.20143	0	0.00	0.1339985	-0.1325446	10.00	2.790438
-2.560522	10.00	11.33212	0	0.00	0.130696	-0.1320676	10.00	2.888238
-2.560522	10.00	11.46638	0	0.00	0.134259	-0.1316123	10.00	2.982848
-2.560522	10.00	11.59635	0	0.00	0.1299698	-0.1312017	10.00	3.080811
-2.564797	10.00	11.73115	-0.004274651	0.00	0.1347983	-0.1313464	10.00	3.145642
-2.568484	10.00	11.82023	-0.003687443	0.00	0.08908084	-0.1322031	10.00	3.222342
-2.572872	10.00	11.92623	-0.004387734	0.00	0.1059984	-0.131978	10.00	3.319536
-2.578394	10.00	12.05963	-0.005522228	0.00	0.1334054	-0.1316126	10.00	3.415075
-2.588885	10.00	12.19056	-0.01049039	0.00	0.1309239	-0.1313031	10.00	3.512277
-2.604685	10.00	12.3235	-0.01580087	0.00	0.1329397	-0.1310227	10.00	3.608454
-2.620303	10.00	12.4549	-0.01561747	0.00	0.1313967	-0.1308528	10.00	3.70748
-2.625902	10.00	12.59017	-0.005599459	0.00	0.1352711	-0.1307498	10.00	3.772188
-2.625902	10.00	12.67845	0	0.00	0.08828812	-0.1302688	10.00	3.850948
-2.625902	10.00	12.78595	0	0.00	0.1074933	-0.129774	10.00	3.948628
-2.625902	10.00	12.91933	0	0.00	0.1333856	-0.1293527	10.00	4.044641
-2.625902	10.00	13.0504	0	0.00	0.1310697	-0.1289697	10.00	4.142012
-2.625902	10.00	13.18333	0	0.00	0.1329269	-0.1287229	10.00	4.240202
-2.632754	10.00	13.31747	-0.006851358	0.00	0.1341372	-0.1284257	10.00	4.335323
-2.653248	10.00	13.44751	-0.02049385	0.00	0.1300462	-0.1282241	10.00	4.432916
-2.695005	10.00	13.58113	-0.04175756	0.00	0.1336177	-0.1283048	10.00	4.497891
-2.728839	10.00	13.6701	-0.03383396	0.00	0.08896759	-0.1282085	10.00	4.576912
-2.771199	10.00	13.77872	-0.04236056	0.00	0.1086229	-0.1280448	10.00	4.672735
-2.82782	10.00	13.91079	-0.05662052	0.00	0.1320719	-0.1279043	10.00	4.769258
-2.895232	10.00	14.04397	-0.06741154	0.00	0.1331789	-0.1278256	10.00	4.86356
-2.966171	10.00	14.17416	-0.07093912	0.00	0.1301864	-0.1278422	10.00	4.960292
-3.038913	10.00	14.30765	-0.07274178	0.00	0.1334946	-0.1280772	10.00	5.024829
-3.087403	10.00	14.39664	-0.04849041	0.00	0.08898883	-0.1280192	10.00	5.102783
-3.146116	10.00	14.50439	-0.05871316	0.00	0.1077495	-0.127766	10.00	5.199906
-3.224432	10.00	14.63858	-0.07831541	0.00	0.1341854	-0.1275687	10.00	5.295371
-3.303784	10.00	14.77017	-0.07935278	0.00	0.1315963	-0.1273149	10.00	5.391962
-3.386523	10.00	14.90311	-0.08273821	0.00	0.1329411	-0.127212	10.00	5.487543
-3.465715	10.00	15.03444	-0.0791923	0.00	0.1313301	-0.1272542	10.00	5.583138
-3.519494	10.00	15.16582	-0.05377891	0.00	0.1313783	-0.127804	10.00	5.64944
-3.519494	10.00	15.25649	0	0.00	0.09066346	-0.1276332	10.00	5.727088
-3.519494	10.00	15.36335	0	0.00	0.1068676	-0.1273402	10.00	5.824406
-3.519494	10.00	15.4972	0	0.00	0.1338513	-0.1269759	10.00	5.9194
-3.519494	10.00	15.6276	0	0.00	0.1304001	-0.1266265	10.00	6.016988
-3.519494	10.00	15.76145	0	0.00	0.133847	-0.1263112	10.00	6.112539
-3.510278	10.00	15.89228	0.009216188	0.00	0.1308319	-0.1260019	10.00	6.210244
-3.493109	10.00	16.02585	0.01716853	0.00	0.1335654	-0.1257182	10.00	6.27555
-3.479064	10.00	16.11497	0.01404485	0.00	0.08912331	-0.125415	10.00	6.355349
-3.460826	10.00	16.224	0.01823798	0.00	0.109032	-0.1250836	10.00	6.452188
-3.437439	10.00	16.35617	0.02338728	0.00	0.1321653	-0.1247431	10.00	6.54835
-3.412968	10.00	16.48728	0.02447099	0.00	0.131115	-0.1243326	10.00	6.645482
-3.388275	10.00	16.61959	0.02469292	0.00	0.1323041	-0.1238929	10.00	6.742611
-3.363632	10.00	16.75162	0.02464272	0.00	0.1320351	-0.1234356	10.00	6.840612
-3.338801	10.00	16.88467	0.02483162	0.00	0.1330472	-0.123148	10.00	6.907019
-3.321975	10.00	16.97482	0.01682504	0.00	0.09014819	-0.1227713	10.00	6.985745
-3.302032	10.00	17.08168	0.01994392	0.00	0.1068591	-0.122255	10.00	7.084534
-3.275707	10.00	17.21577	0.02632444	0.00	0.1340891	-0.1216984	10.00	7.181434
-3.249904	10.00	17.3472	0.02580281	0.00	0.1314321	-0.1211451	10.00	7.279481
-3.221218	10.00	17.4802	0.02868609	0.00	0.1329991	-0.1206443	10.00	7.375474
-3.190615	10.00	17.6104	0.03060323	0.00	0.1301977	-0.1200183	10.00	7.47499
-3.151075	10.00	17.74528	0.03953969	0.00	0.134879	-0.1196474	10.00	7.540173
-3.120898	10.00	17.83363	0.0301773	0.00	0.0883504	-0.1191474	10.00	7.620111
-3.089139	10.00	17.94196	0.03175932	0.00	0.1083383	-0.1185607	10.00	7.716795
-3.051955	10.00	18.07314	0.03718396	0.00	0.1311758	-0.1179519	10.00	7.815295
-3.01147	10.00	18.19777	0.04048519	0.00	0.1246271	-0.1172724	10.00	7.912499
-2.966345	10.00	18.30685	0.045125	0.00	0.1090867	-0.1165597	10.00	8.008988
-2.913848	10.00	18.40259	0.05249661	0.00	0.09574033	-0.1158438	10.00	8.106881
-2.857901	10.00	18.49733	0.05594672	0.00	0.09473126	-0.1151703	10.00	8.171291
-2.821038	10.00	18.55974	0.03686342	0.00	0.06241864	-0.114177	10.00	8.250456
-2.775745	10.00	18.63643	0.04529288	0.00	0.07669175	-0.1130168	10.00	8.348322
-2.720956	10.00	18.7314	0.05478891	0.00	0.09496527	-0.1119815	10.00	8.444181
-2.667244	10.00	18.8245	0.05371227	0.00	0.09309915	-0.1110236	10.00	8.54168
-2.612606	10.00	18.9192	0.05463767	0.00	0.09470313	-0.1102538	10.00	8.637237
-2.558976	10.00	19.01216	0.05363057	0.00	0.09295754	-0.1105833	10.00	8.735862
-2.503664	10.00	19.10803	0.055311	0.00	0.0958702	-0.1103189	10.00	8.800673
-2.467049	10.00	19.1715	0.03661595	0.00	0.06346619	-0.1098512	10.00	8.877641
-2.42333	10.00	19.24727	0.04371836	0.00	0.07577676	-0.1092169	10.00	8.971408
-2.369822	10.00	19.34002	0.0535083	0.00	0.09274561	-0.1084959	10.00	9.065894
-2.315602	10.00	19.434	0.05421988	0.00	0.09397898	-0.1077717	10.00	9.160205
-2.261257	10.00	19.52819	0.05434505	0.00	0.09419592	-0.1086968	10.00	9.254427
-2.207631	10.00	19.6234	0.05362641	0.00	0.0952023	-0.1087139	10.00	9.315511
-2.172887	10.00	19.68508	0.03474391	0.00	0.06168042	-0.1085071	10.00	9.392345
-2.129059	10.00	19.76288	0.04382817	0.00	0.07780761	-0.1082586	10.00	9.484045
-2.076437	10.00	19.8563	0.05262107	0.00	0.09341754	-0.1080647	10.00	9.575991
-2.023264	10.00	19.9507	0.05317324	0.00	0.0943978	-0.1078711	10.00	9.666591
-1.970619	10.00	20.04416	0.0526454	0.00	0.09346073	-0.1075854	10.00	9.758075
-1.919999	10.00	20.14247	0.05061986	0.00	0.09830756	-0.1073043	10.00	9.848207
-1.872515	10.00	20.25364	0.0474837	0.00	0.1111775	-0.1071195	10.00	9.909327
-1.840415	10.00	20.33053	0.0321003	0.00	0.07688142	-0.1067839	10.00	9.984253
-1.80333	10.00	20.42964	0.0370852	0.00	0.0991129	-0.1062288	10.00	10.07586
-1.760708	10.00	20.55296	0.04262127	0.00	0.1233167	-0.1055693	10.00	10.16922
-1.71998	10.00	20.68615	0.04072825	0.00	0.1331889	-0.1049511	10.00	10.26007
-1.682912	10.00	20.81692	0.0370688	0.00	0.1307696	-0.1044186	10.00	10.35238
-1.646569	10.00	20.94966	0.03634244	0.00	0.1327415	-0.1043612	10.00	10.41105
-1.618671	10.00	21.03372	0.02789784	0.00	0.08405979	-0.1041391	10.00	10.48958
-1.576934	10.00	21.14633	0.04173698	0.00	0.1126162	-0.1038889	10.00	10.58108
-1.527093	10.00	21.27739	0.04984142	0.00	0.1310598	-0.1036423	10.00	10.67374
-1.485648	10.00	21.41001	0.04144435	0.00	0.1326155	-0.1032275	10.00	10.7679
-1.448868	10.00	21.54435	0.03678	0.00	0.1343397	-0.1026377	10.00	10.86142
-1.422714	10.00	21.67757	0.02615492	0.00	0.1332256	-0.1018903	10.00	10.95491
-1.401771	10.00	21.81047	0.02094246	0.00	0.132893	-0.1013726	10.00	11.01378
-1.388576	10.00	21.8942	0.01319492	0.00	0.08372996	-0.1006726	10.00	11.09223
-1.370957	10.00	22.006	0.01761925	0.00	0.1118051	-0.09985526	10.00	11.18515
-1.350139	10.00	22.1381	0.02081799	0.00	0.1321031	-0.0993012	10.00	11.27825
-1.331794	10.00	22.27082	0.01834463	0.00	0.1327174	-0.09861325	10.00	11.37008
-1.313754	10.00	22.40134	0.01804036	0.00	0.1305162	-0.09774703	10.00	11.46529
-1.295083	10.00	22.53641	0.0186706	0.00	0.1350758	-0.09691054	10.00	11.55753
-1.277028	10.00	22.66704	0.01805563	0.00	0.1306266	-0.09629332	10.00	11.61962
-1.264875	10.00	22.75496	0.0121524	0.00	0.08791865	-0.09548009	10.00	11.69684
-1.249774	10.00	22.86421	0.01510108	0.00	0.1092514	-0.09433324	10.00	11.79038
-1.230159	10.00	22.99683	0.01961506	0.00	0.1326183	-0.09301163	10.00	11.88347
-1.210654	10.00	23.1287	0.01950514	0.00	0.1318751	-0.09176795	10.00	11.97768
-1.190956	10.00	23.26188	0.01969776	0.00	0.1331775	-0.09058891	10.00	12.07213
-1.171131	10.00	23.39592	0.01982569	0.00	0.1340424	-0.08995794	10.00	12.13699
-1.157446	10.00	23.48845	0.013685	0.00	0.09252494	-0.0890874	10.00	12.2096
-1.142139	10.00	23.59194	0.01530659	0.00	0.1034886	-0.08773798	10.00	12.30247
-1.122575	10.00	23.72421	0.01956397	0.00	0.1322729	-0.08652403	10.00	12.39407
-1.103047	10.00	23.85624	0.01952817	0.00	0.1320309	-0.08556182	10.00	12.48764
-1.083434	10.00	23.98884	0.01961276	0.00	0.1326028	-0.08465648	10.00	12.58111
-1.063896	10.00	24.12094	0.01953822	0.00	0.1320988	-0.08379591	10.00	12.67442
-1.045645	10.00	24.25298	0.0182511	0.00	0.1320408	-0.08323071	10.00	12.73853
-1.033163	10.00	24.34328	0.01248131	0.00	0.09029824	-0.08262137	10.00	12.81582
-1.018149	10.00	24.45191	0.01501459	0.00	0.1086257	-0.08222693	10.00	12.91042
-0.9998639	10.00	24.58419	0.01828495	0.00	0.1322857	-0.08158534	10.00	13.00385
-0.9804766	10.00	24.71527	0.01938726	0.00	0.1310782	-0.08078858	10.00	13.09968
-0.9605385	10.00	24.85007	0.01993812	0.00	0.1348026	-0.07992238	10.00	13.19239
-0.9412444	10.00	24.98052	0.01929409	0.00	0.1304483	-0.07893988	10.00	13.28647
-0.9216495	10.00	25.113	0.01959496	0.00	0.1324824	-0.07829153	10.00	13.34816
-0.9088193	10.00	25.19975	0.01283013	0.00	0.08674514	-0.07741722	10.00	13.42694
-0.8924688	10.00	25.3103	0.01635052	0.00	0.1105466	-0.0763935	10.00	13.52129
-0.8729501	10.00	25.44226	0.01951875	0.00	0.1319672	-0.07546642	10.00	13.61709
-0.8531183	10.00	25.57635	0.01983176	0.00	0.1340834	-0.07456807	10.00	13.7114
-0.8336697	10.00	25.70784	0.01944861	0.00	0.1314929	-0.07378781	10.00	13.80664
-0.8140718	10.00	25.84034	0.01959789	0.00	0.1325022	-0.073191	10.00	13.87891
-0.7992064	10.00	25.94085	0.01486544	0.00	0.100506	-0.07268061	10.00	13.95004
-0.7846051	10.00	26.03957	0.01460122	0.00	0.09871951	-0.07196441	10.00	14.04423
-0.7653058	10.00	26.17005	0.01929933	0.00	0.1304836	-0.07121743	10.00	14.13841
-0.7460203	10.00	26.30044	0.01928551	0.00	0.1303902	-0.07039837	10.00	14.23454
-0.7263703	10.00	26.4333	0.01965002	0.00	0.1328547	-0.06964025	10.00	14.33011
-0.7068702	10.00	26.56514	0.01950011	0.00	0.1318412	-0.06888274	10.00	14.42647
19.41152
