0.01874928	10.00	-49.93386	0.01874928	0.00	0.06614283	-40	10.00	0
0.1207269	10.00	-49.5741	0.1019776	0.00	0.3597519	-39.99335	10.00	-0.003879158
0.152013	10.00	-49.46374	0.03128611	0.00	0.1103697	-39.98067	10.00	-0.008016353
0.1872925	10.00	-49.33928	0.03527954	0.00	0.1244575	-39.96402	10.00	-0.01395918
0.2177356	10.00	-49.23188	0.03044305	0.00	0.1073956	-39.94588	10.00	-0.01731035
0.2436451	10.00	-49.14048	0.02590952	0.00	0.09140239	-39.9288	10.00	-0.01914163
0.2638807	10.00	-49.0691	0.02023558	0.00	0.07138613	-39.89372	10.00	-0.02207554
0.3004005	10.00	-48.94026	0.03651986	0.00	0.1288331	-39.87259	10.00	-0.02350095
0.3185953	10.00	-48.87608	0.01819472	0.00	0.06418651	-39.82404	10.00	-0.02638887
0.3568117	10.00	-48.74126	0.03821642	0.00	0.1348181	-39.79399	10.00	-0.02799478
0.3769024	10.00	-48.67038	0.02009072	0.00	0.07087511	-39.73594	10.00	-0.03076903
0.4128195	10.00	-48.54367	0.03591716	0.00	0.1267069	-39.70272	10.00	-0.03193791
0.4309585	10.00	-48.47968	0.01813895	0.00	0.06398974	-39.62843	10.00	-0.03417274
0.4692407	10.00	-48.34464	0.03828223	0.00	0.1350503	-39.59014	10.00	-0.03491647
0.4869539	10.00	-48.28215	0.0177132	0.00	0.06248781	-39.54399	10.00	-0.03559504
0.5073584	10.00	-48.21016	0.02040451	0.00	0.07198209	-39.4577	10.00	-0.0364003
0.6134833	10.00	-48.08537	0.1061249	0.00	0.1247924	-39.4094	10.00	-0.03657564
0.637032	10.00	-48.0378	0.02354868	0.00	0.04756801	-39.31182	10.00	-0.03672381
0.6386603	10.00	-48.02468	0.001628334	0.00	0.01312245	-39.26288	10.00	-0.03669486
0.6386603	10.00	-48.02468	0	0.00	0	-39.16307	10.00	-0.03663396
0.6386603	10.00	-48.02468	0	0.00	0	-39.11513	10.00	-0.03660477
0.6386603	10.00	-48.02468	0	0.00	0	-39.01318	10.00	-0.0365426
0.6386603	10.00	-48.02468	0	0.00	0	-38.94434	10.00	-0.03650066
0.6386603	10.00	-48.02468	0	0.00	0	-38.86645	10.00	-0.03645317
0.6386603	10.00	-48.02468	0	0.00	0	-38.81196	10.00	-0.03641997
0.6386603	10.00	-48.02468	0	0.00	0	-38.71536	10.00	-0.03636106
0.6386603	10.00	-48.02468	0	0.00	0	-38.64994	10.00	-0.03632119
0.6386603	10.00	-48.02468	0	0.00	0	-38.56848	10.00	-0.03627149
0.6386603	10.00	-48.02468	0	0.00	0	-38.50201	10.00	-0.03623104
0.6386603	10.00	-48.01329	0	0.00	0.01139134	-38.42082	10.00	-0.03618156
0.6386603	10.00	-47.95954	0	0.00	0.05375236	-38.36802	10.00	-0.03614935
0.6386603	10.00	-47.89392	0	0.00	0.06561986	-38.27021	10.00	-0.03608975
0.6386603	10.00	-47.7635	0	0.00	0.1304129	-38.22277	10.00	-0.03606085
0.6386603	10.00	-47.70024	0	0.00	0.0632593	-38.122	10.00	-0.03599938
0.6386603	10.00	-47.5659	0	0.00	0.1343482	-38.07033	10.00	-0.03596789
0.6386603	10.00	-47.49699	0	0.00	0.06890179	-37.97249	10.00	-0.03590823
0.6386603	10.00	-47.36654	0	0.00	0.1304596	-37.92205	10.00	-0.0358776
0.6386603	10.00	-47.29929	0	0.00	0.06724557	-37.87114	10.00	-0.03584659
0.6386603	10.00	-47.23142	0	0.00	0.06787125	-37.77373	10.00	-0.03578719
0.6386603	10.00	-47.10152	0	0.00	0.1298933	-37.72759	10.00	-0.03575901
0.6386603	10.00	-47.04001	0	0.00	0.0615139	-37.62633	10.00	-0.03569725
0.6386603	10.00	-46.905	0	0.00	0.1350149	-37.56832	10.00	-0.03566192
0.6386603	10.00	-46.82764	0	0.00	0.0773542	-37.47625	10.00	-0.03560575
0.6386603	10.00	-46.70488	0	0.00	0.1227588	-37.42247	10.00	-0.03557301
0.6386603	10.00	-46.63318	0	0.00	0.07170039	-37.32119	10.00	-0.03551128
0.6386603	10.00	-46.49813	0	0.00	0.1350545	-37.24843	10.00	-0.03546694
0.6386603	10.00	-46.40112	0	0.00	0.09700666	-37.17934	10.00	-0.03542481
0.6386603	10.00	-46.30901	0	0.00	0.09211867	-37.12768	10.00	-0.0353933
0.6386603	10.00	-46.24011	0	0.00	0.06889047	-37.03196	10.00	-0.03533503
0.6386603	10.00	-46.11249	0	0.00	0.127627	-36.97826	10.00	-0.0353022
0.6386603	10.00	-46.04089	0	0.00	0.07159422	-36.88018	10.00	-0.03524244
0.6386603	10.00	-45.91012	0	0.00	0.1307724	-36.83263	10.00	-0.03521348
0.6386603	10.00	-45.84671	0	0.00	0.06340652	-36.73394	10.00	-0.03515336
0.6390107	10.00	-45.71514	0.0003503506	0.00	0.1315722	-36.68541	10.00	-0.03512377
0.639183	10.00	-45.65041	0.0001723633	0.00	0.06473009	-36.58546	10.00	-0.03506277
0.6395379	10.00	-45.51715	0.000354855	0.00	0.1332638	-36.53634	10.00	-0.03503294
0.6397123	10.00	-45.45166	0.0001743762	0.00	0.06548601	-36.43615	10.00	-0.03497188
0.640068	10.00	-45.31808	0.0003557031	0.00	0.1335823	-36.38942	10.00	-0.03494338
0.6402339	10.00	-45.25576	0.0001659365	0.00	0.06231653	-36.33624	10.00	-0.0349109
0.6404227	10.00	-45.18487	0.0001887715	0.00	0.0708921	-36.23854	10.00	-0.03485139
0.6445541	10.00	-45.05459	0.004131407	0.00	0.1302812	-36.19109	10.00	-0.03482243
0.6477855	10.00	-44.99132	0.003231471	0.00	0.06326638	-36.09022	10.00	-0.034761
0.661167	10.00	-44.85682	0.01338145	0.00	0.1344982	-36.04174	10.00	-0.03473147
0.6682234	10.00	-44.79219	0.007056369	0.00	0.06463382	-35.94094	10.00	-0.03466994
0.6828968	10.00	-44.65779	0.01467343	0.00	0.1344034	-35.89186	10.00	-0.03464009
0.6900402	10.00	-44.59236	0.007143378	0.00	0.0654308	-35.79195	10.00	-0.03457919
0.7045833	10.00	-44.45914	0.01454314	0.00	0.13321	-35.74355	10.00	-0.03454971
0.7116314	10.00	-44.39459	0.007048024	0.00	0.06455739	-35.64244	10.00	-0.0344881
0.7263482	10.00	-44.25979	0.01471685	0.00	0.1348011	-35.59637	10.00	-0.03446
0.7330534	10.00	-44.19837	0.006705243	0.00	0.06141764	-35.54527	10.00	-0.03442888
0.7398323	10.00	-44.13024	0.00677882	0.00	0.06813455	-35.44593	10.00	-0.03436825
0.7530109	10.00	-43.99778	0.01317864	0.00	0.1324598	-35.39568	10.00	-0.03433771
0.7596766	10.00	-43.93078	0.006665727	0.00	0.06699784	-35.29572	10.00	-0.03427676
0.7729368	10.00	-43.7975	0.01326019	0.00	0.1332794	-35.23357	10.00	-0.03423886
0.7811805	10.00	-43.71464	0.008243677	0.00	0.08285797	-35.14944	10.00	-0.03418759
0.7923415	10.00	-43.60246	0.011161	0.00	0.1121802	-35.09441	10.00	-0.03415401
0.7996421	10.00	-43.52908	0.007300626	0.00	0.07337926	-34.99831	10.00	-0.03409548
0.8123891	10.00	-43.40096	0.01274698	0.00	0.128121	-34.92649	10.00	-0.03405184
0.8219166	10.00	-43.3052	0.009527558	0.00	0.09576236	-34.85048	10.00	-0.0340054
0.8319995	10.00	-43.20385	0.01008288	0.00	0.101344	-34.80166	10.00	-0.03397565
0.8384761	10.00	-43.13876	0.006476582	0.00	0.06509672	-34.6995	10.00	-0.0339134
0.8520271	10.00	-43.00256	0.01355102	0.00	0.1362026	-34.6354	10.00	-0.0338743
0.860531	10.00	-42.91708	0.008503806	0.00	0.08547254	-34.554	10.00	-0.03382464
0.8702778	10.00	-42.80855	0.009746899	0.00	0.1085295	-34.50438	10.00	-0.0337944
0.8762197	10.00	-42.74239	0.00594186	0.00	0.06616124	-34.45621	10.00	-0.03376513
0.8819886	10.00	-42.67815	0.005768962	0.00	0.06423605	-34.4068	10.00	-0.03373501
0.8879047	10.00	-42.61228	0.005916053	0.00	0.06587388	-34.35603	10.00	-0.03370397
0.8939836	10.00	-42.54459	0.006078908	0.00	0.06768723	-34.25777	10.00	-0.03364405
0.9057508	10.00	-42.41357	0.01176714	0.00	0.1310244	-34.20568	10.00	-0.03361237
0.9119878	10.00	-42.34412	0.006237059	0.00	0.0694482	-34.15781	10.00	-0.0335832
0.9177209	10.00	-42.28028	0.00573311	0.00	0.06383686	-34.05855	10.00	-0.03352261
0.9296061	10.00	-42.14795	0.01188512	0.00	0.132338	-34.00837	10.00	-0.03349214
0.9356151	10.00	-42.08104	0.006008985	0.00	0.06690866	-33.96012	10.00	-0.03346271
0.9413918	10.00	-42.01672	0.005776716	0.00	0.0643224	-33.91064	10.00	-0.0334325
0.9473172	10.00	-41.95074	0.00592546	0.00	0.06597862	-33.81111	10.00	-0.03337188
0.9592348	10.00	-41.81804	0.01191754	0.00	0.132699	-33.76088	10.00	-0.03334122
0.9652506	10.00	-41.75105	0.00601585	0.00	0.0669851	-33.71238	10.00	-0.03331162
0.9698056	10.00	-41.68639	0.004554995	0.00	0.06466214	-33.66267	10.00	-0.03328145
0.9719071	10.00	-41.62012	0.002101481	0.00	0.06626882	-33.56273	10.00	-0.03322053
0.9719071	10.00	-41.48685	0	0.00	0.1332723	-33.51403	10.00	-0.03319079
0.9719071	10.00	-41.42192	0	0.00	0.06492686	-33.46535	10.00	-0.0331612
0.9719071	10.00	-41.35701	0	0.00	0.06491128	-33.41539	10.00	-0.03313068
0.9719071	10.00	-41.2904	0	0.00	0.0666128	-33.36565	10.00	-0.03310038
0.9719071	10.00	-41.22409	0	0.00	0.06630279	-33.26643	10.00	-0.03303987
0.9719071	10.00	-41.09179	0	0.00	0.1323027	-33.21544	10.00	-0.03300882
0.9719071	10.00	-41.0238	0	0.00	0.06799866	-33.16728	10.00	-0.03297953
0.9719071	10.00	-40.95959	0	0.00	0.06420774	-33.11758	10.00	-0.03294925
0.9719071	10.00	-40.89332	0	0.00	0.0662674	-33.01734	10.00	-0.03288813
0.9719071	10.00	-40.75967	0	0.00	0.1336517	-32.96806	10.00	-0.03285804
0.9719071	10.00	-40.69396	0	0.00	0.06570542	-32.91898	10.00	-0.0328282
0.9719071	10.00	-40.62852	0	0.00	0.06543788	-32.86998	10.00	-0.03279826
0.9719071	10.00	-40.56318	0	0.00	0.06534445	-32.82013	10.00	-0.03276797
0.9719071	10.00	-40.49673	0	0.00	0.06645426	-32.72055	10.00	-0.03270718
0.9719071	10.00	-40.36395	0	0.00	0.1327769	-32.67008	10.00	-0.03267643
0.9719071	10.00	-40.29665	0	0.00	0.06729653	-32.62202	10.00	-0.03264715
0.9719071	10.00	-40.23258	0	0.00	0.06407043	-32.57219	10.00	-0.03261677
0.9719071	10.00	-40.16613	0	0.00	0.06645285	-32.52254	10.00	-0.0325865
0.9719071	10.00	-40.09993	0	0.00	0.06619521	-32.42344	10.00	-0.03252608
0.9719071	10.00	-39.9678	0	0.00	0.132137	-32.37231	10.00	-0.03249484
0.9719071	10.00	-39.89963	0	0.00	0.06816711	-32.32526	10.00	-0.03246628
0.9719071	10.00	-39.83689	0	0.00	0.06273695	-32.27541	10.00	-0.0324358
0.9719071	10.00	-39.77042	0	0.00	0.06647691	-32.17581	10.00	-0.03237511
0.9719071	10.00	-39.63762	0	0.00	0.1327967	-32.12492	10.00	-0.03234402
0.9719071	10.00	-39.56978	0	0.00	0.06784011	-32.07578	10.00	-0.03231413
0.9719071	10.00	-39.50424	0	0.00	0.06553555	-32.02628	10.00	-0.03228393
0.9719071	10.00	-39.43826	0	0.00	0.06598287	-31.92615	10.00	-0.03222289
0.9719071	10.00	-39.30474	0	0.00	0.1335158	-31.87755	10.00	-0.03219328
0.9719071	10.00	-39.23996	0	0.00	0.06478954	-31.82969	10.00	-0.0321641
0.9719071	10.00	-39.17614	0	0.00	0.06381845	-31.77975	10.00	-0.03213378
0.9719071	10.00	-39.10955	0	0.00	0.06658591	-31.7301	10.00	-0.03210336
0.9719071	10.00	-39.04335	0	0.00	0.06619946	-31.62805	10.00	-0.03204116
0.9719071	10.00	-38.90728	0	0.00	0.1360709	-31.57835	10.00	-0.03201088
0.9719071	10.00	-38.84101	0	0.00	0.06627165	-31.51953	10.00	-0.031975
0.9719071	10.00	-38.7626	0	0.00	0.07841164	-31.43098	10.00	-0.03192103
0.9719071	10.00	-38.64452	0	0.00	0.1180775	-31.38276	10.00	-0.03189165
0.9719071	10.00	-38.58023	0	0.00	0.06429126	-31.32211	10.00	-0.03185469
0.9719071	10.00	-38.49936	0	0.00	0.08086908	-31.23071	10.00	-0.03179895
0.9719071	10.00	-38.37749	0	0.00	0.1218684	-31.18338	10.00	-0.03177012
0.9719071	10.00	-38.31438	0	0.00	0.06311208	-31.13228	10.00	-0.03173895
0.9719071	10.00	-38.24627	0	0.00	0.06811473	-31.03332	10.00	-0.03167866
0.9719071	10.00	-38.11431	0	0.00	0.1319587	-30.96942	10.00	-0.0316397
0.9719071	10.00	-38.02911	0	0.00	0.08519791	-30.88705	10.00	-0.03158954
0.9719071	10.00	-37.91929	0	0.00	0.1098205	-30.83806	10.00	-0.03155959
0.9719071	10.00	-37.85397	0	0.00	0.06532038	-30.78716	10.00	-0.03152855
0.9719071	10.00	-37.78611	0	0.00	0.06786134	-30.73783	10.00	-0.03149857
0.9719071	10.00	-37.72033	0	0.00	0.06578045	-30.6891	10.00	-0.03146891
0.9719071	10.00	-37.65535	0	0.00	0.06497639	-30.64017	10.00	-0.03143915
0.9719071	10.00	-37.59011	0	0.00	0.06523687	-30.59074	10.00	-0.031409
0.9719071	10.00	-37.5242	0	0.00	0.06590926	-30.54118	10.00	-0.03137872
0.9719071	10.00	-37.45812	0	0.00	0.06608196	-30.49104	10.00	-0.03134814
0.9719071	10.00	-37.39127	0	0.00	0.0668492	-30.44144	10.00	-0.03131789
0.9719071	10.00	-37.32514	0	0.00	0.06613434	-30.34049	10.00	-0.03125636
0.9719071	10.00	-37.19054	0	0.00	0.1345987	-30.29153	10.00	-0.03122657
0.9711011	10.00	-37.12526	-0.0008059705	0.00	0.06528357	-30.19013	10.00	-0.03116472
0.9694321	10.00	-36.99006	-0.001669071	0.00	0.1351947	-30.14018	10.00	-0.03113423
0.9460395	10.00	-36.92346	-0.02339255	0.00	0.06659865	-30.09117	10.00	-0.03110439
0.9192871	10.00	-36.85811	-0.02675241	0.00	0.06535435	-29.99225	10.00	-0.03104405
0.8474208	10.00	-36.72622	-0.07186629	0.00	0.1318879	-29.94389	10.00	-0.03101468
0.8097824	10.00	-36.66173	-0.03763836	0.00	0.06448944	-29.84446	10.00	-0.03095403
0.7195721	10.00	-36.52916	-0.09021031	0.00	0.1325716	-29.79589	10.00	-0.03092444
0.6742473	10.00	-36.46439	-0.04532486	0.00	0.06476548	-29.69585	10.00	-0.03086351
0.5847813	10.00	-36.33102	-0.08946598	0.00	0.1333757	-29.6463	10.00	-0.03083321
0.5391837	10.00	-36.26495	-0.04559752	0.00	0.06606922	-29.54689	10.00	-0.03077266
0.4502666	10.00	-36.13239	-0.08891714	0.00	0.1325575	-29.49798	10.00	-0.03074284
0.4065278	10.00	-36.06718	-0.04373882	0.00	0.06520572	-29.39827	10.00	-0.03068208
0.3173533	10.00	-35.93424	-0.08917447	0.00	0.1329411	-29.34984	10.00	-0.03065255
0.2702833	10.00	-35.86966	-0.04707002	0.00	0.06457862	-29.24994	10.00	-0.03059168
0.175775	10.00	-35.73646	-0.09450828	0.00	0.1332015	-29.20055	10.00	-0.03056153
0.127145	10.00	-35.67062	-0.04862999	0.00	0.06584415	-29.10016	10.00	-0.03050032
0.02309887	10.00	-35.53676	-0.1040462	0.00	0.133857	-29.05245	10.00	-0.03047129
-0.02634946	10.00	-35.47314	-0.04944833	0.00	0.06361603	-28.99959	10.00	-0.03043902
-0.08113544	10.00	-35.40266	-0.05478598	0.00	0.07048299	-28.90183	10.00	-0.0303795
-0.1824583	10.00	-35.27231	-0.1013229	0.00	0.1303534	-28.85485	10.00	-0.03035085
-0.2311463	10.00	-35.20967	-0.04868801	0.00	0.06263787	-28.75317	10.00	-0.03028877
-0.3365162	10.00	-35.07411	-0.1053698	0.00	0.1355599	-28.70618	10.00	-0.03026017
-0.3840062	10.00	-35.01146	-0.04749001	0.00	0.06265768	-28.60497	10.00	-0.0301985
-0.4679928	10.00	-34.87651	-0.08398659	0.00	0.1349469	-28.55712	10.00	-0.03016928
-0.5089327	10.00	-34.81271	-0.04093989	0.00	0.0637958	-28.45628	10.00	-0.03010776
-0.5743915	10.00	-34.67825	-0.06545883	0.00	0.1344656	-28.4063	10.00	-0.03007742
-0.6042486	10.00	-34.61161	-0.02985708	0.00	0.06663404	-28.3517	10.00	-0.03004413
-0.6361649	10.00	-34.53881	-0.03191636	0.00	0.07280312	-28.25694	10.00	-0.02998633
-0.6915547	10.00	-34.41246	-0.05538974	0.00	0.1263473	-28.20897	10.00	-0.02995714
-0.7195887	10.00	-34.34851	-0.02803402	0.00	0.06394728	-28.10956	10.00	-0.02989657
-0.7776984	10.00	-34.21596	-0.05810973	0.00	0.1325518	-28.06108	10.00	-0.02986694
-0.806039	10.00	-34.15132	-0.02834058	0.00	0.06464656	-27.9591	10.00	-0.02980476
-0.8656456	10.00	-34.01535	-0.05960657	0.00	0.1359662	-27.90937	10.00	-0.02977454
-0.8947166	10.00	-33.94904	-0.029071	0.00	0.0663127	-27.80846	10.00	-0.02971288
-0.9536982	10.00	-33.8145	-0.05898165	0.00	0.1345407	-27.73297	10.00	-0.02966696
-0.9978238	10.00	-33.71384	-0.04412562	0.00	0.1006532	-27.64082	10.00	-0.02961074
-1.051688	10.00	-33.59098	-0.05386436	0.00	0.1228678	-27.57957	10.00	-0.02957339
-1.085915	10.00	-33.50929	-0.0342268	0.00	0.08168162	-27.50876	10.00	-0.02953025
-1.121819	10.00	-33.41488	-0.03590441	0.00	0.0944119	-27.41432	10.00	-0.02947262
-1.164827	10.00	-33.28897	-0.04300772	0.00	0.1259142	-27.36111	10.00	-0.02944028
-1.182188	10.00	-33.21803	-0.01736086	0.00	0.0709374	-27.26709	10.00	-0.02938295
-1.204372	10.00	-33.09267	-0.02218367	0.00	0.1253635	-27.21997	10.00	-0.02935429
-1.216097	10.00	-33.02984	-0.01172519	0.00	0.0628233	-27.16971	10.00	-0.02932363
-1.229254	10.00	-32.96283	-0.01315666	0.00	0.06701624	-27.12036	10.00	-0.02929354
-1.242171	10.00	-32.89703	-0.01291711	0.00	0.06579602	-27.02078	10.00	-0.02923284
-1.264382	10.00	-32.76424	-0.02221149	0.00	0.1327868	-26.97009	10.00	-0.02920183
-1.275686	10.00	-32.69667	-0.01130394	0.00	0.06757823	-26.92218	10.00	-0.02917275
-1.286371	10.00	-32.63279	-0.01068498	0.00	0.06387791	-26.87193	10.00	-0.02914211
-1.297578	10.00	-32.56579	-0.01120709	0.00	0.06699926	-26.82298	10.00	-0.02911232
-1.308498	10.00	-32.50051	-0.01091939	0.00	0.06527933	-26.72337	10.00	-0.02905159
-1.330712	10.00	-32.36771	-0.02221457	0.00	0.1328052	-26.67226	10.00	-0.02902041
-1.342111	10.00	-32.29956	-0.01139912	0.00	0.06814729	-26.6248	10.00	-0.02899148
-1.352697	10.00	-32.23627	-0.01058529	0.00	0.06328195	-26.5744	10.00	-0.02896085
-1.363935	10.00	-32.16909	-0.01123882	0.00	0.06718894	-26.47466	10.00	-0.02889993
-1.382318	10.00	-32.03609	-0.01838317	0.00	0.1329963	-26.42479	10.00	-0.02886962
-1.388935	10.00	-31.96959	-0.006616293	0.00	0.06650098	-26.37674	10.00	-0.02884036
-1.394687	10.00	-31.90554	-0.005752053	0.00	0.06404778	-26.32702	10.00	-0.02880999
-1.400641	10.00	-31.83924	-0.005954573	0.00	0.06630279	-26.27691	10.00	-0.02877946
-1.405347	10.00	-31.77244	-0.004705768	0.00	0.06680249	-26.17711	10.00	-0.02871858
-1.405347	10.00	-31.63936	0	0.00	0.1330741	-26.12725	10.00	-0.02868813
-1.405347	10.00	-31.57288	0	0.00	0.06647974	-26.0797	10.00	-0.02865926
-1.405347	10.00	-31.50948	0	0.00	0.0634051	-26.02941	10.00	-0.02862857
-1.405347	10.00	-31.44242	0	0.00	0.06705588	-25.97947	10.00	-0.02859816
-1.405347	10.00	-31.37583	0	0.00	0.06659015	-25.87959	10.00	-0.02853725
-1.405347	10.00	-31.24266	0	0.00	0.133169	-25.8294	10.00	-0.02850671
-1.405347	10.00	-31.17574	0	0.00	0.06691857	-25.78192	10.00	-0.02847772
-1.405347	10.00	-31.11243	0	0.00	0.06331168	-25.73252	10.00	-0.02844762
-1.405347	10.00	-31.04656	0	0.00	0.0658668	-25.63285	10.00	-0.0283869
-1.405347	10.00	-30.91368	0	0.00	0.1328802	-25.58303	10.00	-0.02835647
-1.405347	10.00	-30.84726	0	0.00	0.0664217	-25.53422	10.00	-0.02832676
-1.405347	10.00	-30.78217	0	0.00	0.06509106	-25.48449	10.00	-0.02829638
-1.405347	10.00	-30.71586	0	0.00	0.06630987	-25.38481	10.00	-0.02823569
-1.405347	10.00	-30.58295	0	0.00	0.1329085	-25.33481	10.00	-0.02820518
-1.405347	10.00	-30.51629	0	0.00	0.0666666	-25.28662	10.00	-0.0281758
-1.405347	10.00	-30.45204	0	0.00	0.06424596	-25.2357	10.00	-0.02814478
-1.405347	10.00	-30.38414	0	0.00	0.06789673	-25.18696	10.00	-0.02811507
-1.405347	10.00	-30.31916	0	0.00	0.0649863	-25.08618	10.00	-0.02805364
-1.405347	10.00	-30.18479	0	0.00	0.1343708	-25.03676	10.00	-0.02802351
-1.405347	10.00	-30.11888	0	0.00	0.06590643	-24.9887	10.00	-0.0279942
-1.405347	10.00	-30.0548	0	0.00	0.06407892	-24.93818	10.00	-0.02796346
-1.405347	10.00	-29.98745	0	0.00	0.06735032	-24.83861	10.00	-0.02790273
-1.405347	10.00	-29.85469	0	0.00	0.1327585	-24.78765	10.00	-0.02787168
-1.405347	10.00	-29.78674	0	0.00	0.0679576	-24.73952	10.00	-0.02784235
-1.405347	10.00	-29.72257	0	0.00	0.06416386	-24.69097	10.00	-0.02781274
-1.405347	10.00	-29.65783	0	0.00	0.06473999	-24.64092	10.00	-0.02778229
-1.405347	10.00	-29.5911	0	0.00	0.0667303	-24.54149	10.00	-0.02772167
-1.405347	10.00	-29.45852	0	0.00	0.1325801	-24.49253	10.00	-0.02769181
-1.405347	10.00	-29.39325	0	0.00	0.06527366	-24.44363	10.00	-0.02766201
-1.405347	10.00	-29.32806	0	0.00	0.06519157	-24.39398	10.00	-0.0276318
-1.405347	10.00	-29.26185	0	0.00	0.06620795	-24.29426	10.00	-0.02757104
-1.405347	10.00	-29.12889	0	0.00	0.1329538	-24.24261	10.00	-0.02753954
-1.405347	10.00	-29.06002	0	0.00	0.06887065	-24.19478	10.00	-0.02751031
-1.405347	10.00	-28.99626	0	0.00	0.06376466	-24.14548	10.00	-0.02748026
-1.405347	10.00	-28.93052	0	0.00	0.06573656	-24.08854	10.00	-0.0274456
-1.405347	10.00	-28.8546	0	0.00	0.07592589	-23.99521	10.00	-0.02738867
-1.405347	10.00	-28.73015	0	0.00	0.1244476	-23.93981	10.00	-0.02735488
-1.405347	10.00	-28.65629	0	0.00	0.07386197	-23.84658	10.00	-0.02729804
-1.405347	10.00	-28.53199	0	0.00	0.1242976	-23.79711	10.00	-0.02726788
-1.405347	10.00	-28.46602	0	0.00	0.0659673	-23.74512	10.00	-0.02723623
-1.405347	10.00	-28.3967	0	0.00	0.06931797	-23.64971	10.00	-0.02717804
-1.405347	10.00	-28.26948	0	0.00	0.1272236	-23.5993	10.00	-0.02714724
-1.405347	10.00	-28.20228	0	0.00	0.06720451	-23.55174	10.00	-0.02711832
-1.405347	10.00	-28.13887	0	0.00	0.06340227	-23.50173	10.00	-0.02708781
-1.405347	10.00	-28.07218	0	0.00	0.06669632	-23.45224	10.00	-0.02705768
-1.405347	10.00	-28.0062	0	0.00	0.06598146	-23.35202	10.00	-0.02699658
-1.405347	10.00	-27.87257	0	0.00	0.1336276	-23.30064	10.00	-0.02696519
-1.405347	10.00	-27.80406	0	0.00	0.06850968	-23.2543	10.00	-0.02693704
-1.405347	10.00	-27.74228	0	0.00	0.06177861	-23.20437	10.00	-0.02690654
-1.405347	10.00	-27.6757	0	0.00	0.06658024	-23.15395	10.00	-0.02687583
-1.405347	10.00	-27.60847	0	0.00	0.06722433	-23.05517	10.00	-0.02681567
-1.405347	10.00	-27.47677	0	0.00	0.1317081	-23.00418	10.00	-0.02678461
-1.405347	10.00	-27.40878	0	0.00	0.06799158	-22.95634	10.00	-0.02675547
-1.405347	10.00	-27.345	0	0.00	0.06377457	-22.90662	10.00	-0.02672517
-1.405347	10.00	-27.2787	0	0.00	0.06630562	-22.85737	10.00	-0.02669512
-1.405347	10.00	-27.21303	0	0.00	0.06566153	-22.75776	10.00	-0.02663441
-1.405347	10.00	-27.08023	0	0.00	0.1328024	-22.70717	10.00	-0.02660352
-1.405347	10.00	-27.01277	0	0.00	0.06745791	-22.65818	10.00	-0.02657371
-1.405347	10.00	-26.94745	0	0.00	0.06532463	-22.60983	10.00	-0.02654413
-1.405347	10.00	-26.88298	0	0.00	0.06446962	-22.50999	10.00	-0.02648335
-1.405347	10.00	-26.74987	0	0.00	0.1331067	-22.46117	10.00	-0.02645358
-1.405347	10.00	-26.68476	0	0.00	0.06511229	-22.41119	10.00	-0.02642309
-1.405347	10.00	-26.61813	0	0.00	0.06662696	-22.36167	10.00	-0.02639289
-1.405347	10.00	-26.5521	0	0.00	0.066031	-22.262	10.00	-0.02633211
-1.405347	10.00	-26.4192	0	0.00	0.1328986	-22.21211	10.00	-0.02630181
-1.405347	10.00	-26.35268	0	0.00	0.06652079	-22.16379	10.00	-0.0262723
-1.405347	10.00	-26.28826	0	0.00	0.06442432	-22.11295	10.00	-0.02624132
-1.405347	10.00	-26.22048	0	0.00	0.06777924	-22.06427	10.00	-0.02621169
-1.405347	10.00	-26.15557	0	0.00	0.0649127	-21.96413	10.00	-0.02615059
-1.405347	10.00	-26.02204	0	0.00	0.1335229	-21.91513	10.00	-0.02612079
-1.405347	10.00	-25.95671	0	0.00	0.06533454	-21.86538	10.00	-0.02609043
-1.405347	10.00	-25.89039	0	0.00	0.06632119	-21.81595	10.00	-0.02606026
-1.405347	10.00	-25.82448	0	0.00	0.06590784	-21.71626	10.00	-0.02599956
-1.405347	10.00	-25.69156	0	0.00	0.1329198	-21.66477	10.00	-0.02596817
-1.405347	10.00	-25.6229	0	0.00	0.06866115	-21.6185	10.00	-0.02594002
-1.405347	10.00	-25.56121	0	0.00	0.06168801	-21.56752	10.00	-0.0259089
-1.405347	10.00	-25.49324	0	0.00	0.06796751	-21.51764	10.00	-0.02587849
-1.405347	10.00	-25.42673	0	0.00	0.06651089	-21.41862	10.00	-0.02581819
-1.405347	10.00	-25.2947	0	0.00	0.132028	-21.36659	10.00	-0.02578644
-1.405347	10.00	-25.22533	0	0.00	0.06937601	-21.26947	10.00	-0.02572721
-1.405347	10.00	-25.09585	0	0.00	0.1294828	-21.21992	10.00	-0.02569707
-1.405347	10.00	-25.02977	0	0.00	0.06607347	-21.1723	10.00	-0.02566804
-1.405347	10.00	-24.96629	0	0.00	0.06348296	-21.12192	10.00	-0.02563729
-1.405347	10.00	-24.8991	0	0.00	0.06718894	-21.0219	10.00	-0.02557629
-1.405347	10.00	-24.76575	0	0.00	0.133353	-20.97125	10.00	-0.02554549
-1.405347	10.00	-24.69822	0	0.00	0.06752868	-20.92453	10.00	-0.02551699
-1.405347	10.00	-24.63592	0	0.00	0.06229671	-20.87372	10.00	-0.02548602
-1.405347	10.00	-24.56817	0	0.00	0.06774952	-20.82461	10.00	-0.02545608
-1.405347	10.00	-24.5027	0	0.00	0.0654761	-20.72534	10.00	-0.02539554
-1.405347	10.00	-24.37034	0	0.00	0.1323564	-20.67508	10.00	-0.02536496
-1.405347	10.00	-24.30333	0	0.00	0.06701483	-20.62616	10.00	-0.02533512
-1.405347	10.00	-24.23809	0	0.00	0.0652312	-20.57619	10.00	-0.02530463
-1.405347	10.00	-24.17146	0	0.00	0.06662979	-20.47647	10.00	-0.02524393
-1.405347	10.00	-24.03851	0	0.00	0.1329595	-20.42471	10.00	-0.02521236
-1.405347	10.00	-23.9695	0	0.00	0.06900655	-20.32798	10.00	-0.02515334
-1.405347	10.00	-23.84052	0	0.00	0.128976	-20.27934	10.00	-0.02512375
-1.405347	10.00	-23.77566	0	0.00	0.06486032	-20.22946	10.00	-0.02509341
-1.405347	10.00	-23.70916	0	0.00	0.06650381	-20.12979	10.00	-0.02503255
-1.405347	10.00	-23.57627	0	0.00	0.1328887	-20.08027	10.00	-0.0250024
-1.405347	10.00	-23.51023	0	0.00	0.0660395	-20.03082	10.00	-0.02497232
-1.405347	10.00	-23.4443	0	0.00	0.06592625	-19.9322	10.00	-0.02491221
-1.405347	10.00	-23.3128	0	0.00	0.1315	-19.8813	10.00	-0.02488107
-1.405347	10.00	-23.24494	0	0.00	0.06786276	-19.83384	10.00	-0.02485221
-1.405347	10.00	-23.18166	0	0.00	0.06327771	-19.78398	10.00	-0.02482182
-1.405347	10.00	-23.11519	0	0.00	0.0664755	-19.7346	10.00	-0.02479172
-1.405347	10.00	-23.04934	0	0.00	0.06584556	-19.63505	10.00	-0.02473097
-1.405347	10.00	-22.91661	0	0.00	0.1327344	-19.58393	10.00	-0.02469985
-1.405347	10.00	-22.84845	0	0.00	0.06816003	-19.5367	10.00	-0.02467102
-1.405347	10.00	-22.78547	0	0.00	0.06297902	-19.48673	10.00	-0.02464056
-1.405347	10.00	-22.71886	0	0.00	0.06661139	-19.43716	10.00	-0.02461037
-1.405347	10.00	-22.65275	0	0.00	0.06610461	-19.33642	10.00	-0.02454891
-1.405347	10.00	-22.51844	0	0.00	0.134317	-19.28684	10.00	-0.02451871
-1.405347	10.00	-22.45234	0	0.00	0.06609754	-19.23779	10.00	-0.02448884
-1.405347	10.00	-22.38693	0	0.00	0.06540532	-19.18926	10.00	-0.02445924
-1.405347	10.00	-22.32223	0	0.00	0.06470177	-19.08984	10.00	-0.02439868
-1.405347	10.00	-22.18966	0	0.00	0.1325702	-19.04041	10.00	-0.02436851
-1.405347	10.00	-22.12376	0	0.00	0.06589652	-18.99108	10.00	-0.02433837
-1.405347	10.00	-22.05799	0	0.00	0.0657762	-18.94099	10.00	-0.02430788
-1.405347	10.00	-21.9912	0	0.00	0.06679258	-18.8405	10.00	-0.02424664
-1.405347	10.00	-21.85722	0	0.00	0.1339801	-18.79041	10.00	-0.02421607
-1.405347	10.00	-21.79043	0	0.00	0.06678551	-18.74167	10.00	-0.02418634
-1.405347	10.00	-21.72544	0	0.00	0.0649863	-18.69251	10.00	-0.02415636
-1.405347	10.00	-21.65989	0	0.00	0.06555112	-18.64308	10.00	-0.02412631
-1.405347	10.00	-21.59398	0	0.00	0.06590926	-18.54305	10.00	-0.0240653
-1.405347	10.00	-21.46061	0	0.00	0.1333728	-18.49374	10.00	-0.02403524
-1.405347	10.00	-21.39486	0	0.00	0.06575355	-18.44604	10.00	-0.02400606
-1.405347	10.00	-21.33126	0	0.00	0.0635948	-18.39623	10.00	-0.02397577
-1.405347	10.00	-21.26486	0	0.00	0.06640472	-18.34595	10.00	-0.02394508
-1.405347	10.00	-21.1978	0	0.00	0.06705305	-18.24437	10.00	-0.0238832
-1.405347	10.00	-21.06237	0	0.00	0.1354311	-18.19712	10.00	-0.02385433
-1.405347	10.00	-20.99937	0	0.00	0.06300309	-18.1443	10.00	-0.02382212
-1.405347	10.00	-20.92894	0	0.00	0.07042637	-18.04889	10.00	-0.02376406
-1.405347	10.00	-20.80173	0	0.00	0.1272108	-17.99863	10.00	-0.02373339
-1.405347	10.00	-20.73472	0	0.00	0.06701624	-17.95042	10.00	-0.02370396
-1.405347	10.00	-20.67044	0	0.00	0.06427569	-17.90046	10.00	-0.02367354
-1.405347	10.00	-20.60382	0	0.00	0.06661846	-17.85087	10.00	-0.02364324
-1.405347	10.00	-20.53772	0	0.00	0.06610603	-17.75138	10.00	-0.02358264
-1.405347	10.00	-20.40505	0	0.00	0.1326679	-17.69986	10.00	-0.02355126
-1.405347	10.00	-20.33636	0	0.00	0.06868804	-17.65294	10.00	-0.02352262
-1.405347	10.00	-20.2738	0	0.00	0.06256001	-17.60313	10.00	-0.02349233
-1.405347	10.00	-20.2074	0	0.00	0.06640472	-17.55349	10.00	-0.02346202
-1.405523	10.00	-20.14119	-0.0001762948	0.00	0.06620653	-17.45292	10.00	-0.02340081
-1.414968	10.00	-20.00711	-0.009444642	0.00	0.134075	-17.40255	10.00	-0.02337001
-1.422953	10.00	-19.93994	-0.00798439	0.00	0.0671762	-17.35574	10.00	-0.02334147
-1.43037	10.00	-19.87753	-0.007417214	0.00	0.06240429	-17.30552	10.00	-0.02331086
-1.441572	10.00	-19.81057	-0.01120188	0.00	0.06696811	-17.25553	10.00	-0.02328043
-1.457239	10.00	-19.74391	-0.01566779	0.00	0.06665669	-17.15662	10.00	-0.02322009
-1.501007	10.00	-19.61203	-0.04376778	0.00	0.131878	-17.10502	10.00	-0.0231887
-1.527171	10.00	-19.54323	-0.02616373	0.00	0.06879845	-17.05804	10.00	-0.02316004
-1.555236	10.00	-19.4806	-0.02806523	0.00	0.06263503	-17.00825	10.00	-0.0231296
-1.585632	10.00	-19.4142	-0.03039602	0.00	0.06640188	-16.95761	10.00	-0.02309876
-1.61719	10.00	-19.34668	-0.03155775	0.00	0.06751169	-16.85756	10.00	-0.02303777
-1.679546	10.00	-19.21328	-0.06235654	0.00	0.1333997	-16.79975	10.00	-0.02300255
-1.718561	10.00	-19.13621	-0.03901416	0.00	0.07707675	-16.70884	10.00	-0.02294712
-1.792826	10.00	-19.015	-0.07426535	0.00	0.121213	-16.6511	10.00	-0.02291191
-1.842976	10.00	-18.93801	-0.05015002	0.00	0.07698615	-16.5602	10.00	-0.02285654
-1.931316	10.00	-18.81681	-0.08834036	0.00	0.1212003	-16.51249	10.00	-0.02282745
-1.977061	10.00	-18.7532	-0.04574427	0.00	0.06360471	-16.46244	10.00	-0.02279699
-2.024408	10.00	-18.68647	-0.04734705	0.00	0.06673171	-16.39369	10.00	-0.02275503
-2.092122	10.00	-18.59479	-0.06771439	0.00	0.09168409	-16.31345	10.00	-0.02270615
-2.174246	10.00	-18.4878	-0.08212397	0.00	0.1069865	-16.26394	10.00	-0.02267595
-2.225556	10.00	-18.42179	-0.05131007	0.00	0.06601118	-16.21568	10.00	-0.02264651
-2.275568	10.00	-18.35745	-0.05001169	0.00	0.0643408	-16.16556	10.00	-0.02261604
-2.327519	10.00	-18.29061	-0.05195155	0.00	0.06683646	-16.11549	10.00	-0.0225854
-2.379404	10.00	-18.22386	-0.05188444	0.00	0.06675012	-16.01638	10.00	-0.022525
-2.482124	10.00	-18.09171	-0.1027203	0.00	0.1321512	-15.96462	10.00	-0.0224934
-2.535769	10.00	-18.0227	-0.05364495	0.00	0.06901504	-15.9181	10.00	-0.0224651
-2.583984	10.00	-17.96067	-0.04821488	0.00	0.06202916	-15.868	10.00	-0.02243454
-2.635896	10.00	-17.89388	-0.05191195	0.00	0.06678551	-15.81721	10.00	-0.02240365
-2.688537	10.00	-17.82616	-0.05264146	0.00	0.06772403	-15.71904	10.00	-0.02234375
-2.790278	10.00	-17.69527	-0.101741	0.00	0.1308913	-15.66745	10.00	-0.02231221
-2.846407	10.00	-17.62648	-0.05612857	0.00	0.06878288	-15.61949	10.00	-0.02228311
-2.898584	10.00	-17.56254	-0.05217681	0.00	0.0639402	-15.57078	10.00	-0.02225336
-2.951587	10.00	-17.49759	-0.05300389	0.00	0.06495374	-15.47117	10.00	-0.02219266
-3.059972	10.00	-17.36477	-0.1083839	0.00	0.1328193	-15.42117	10.00	-0.02216215
-3.114374	10.00	-17.2981	-0.05440278	0.00	0.06666801	-15.3729	10.00	-0.02213272
-3.166884	10.00	-17.23376	-0.05250949	0.00	0.06434788	-15.32274	10.00	-0.02210212
-3.221468	10.00	-17.16686	-0.05458413	0.00	0.06689025	-15.27355	10.00	-0.02207215
-3.274988	10.00	-17.10128	-0.05352024	0.00	0.06558651	-15.17282	10.00	-0.02201084
-3.384588	10.00	-16.96697	-0.1096003	0.00	0.1343099	-15.12187	10.00	-0.02197968
-3.440023	10.00	-16.89904	-0.05543432	0.00	0.06793212	-15.07087	10.00	-0.02194865
-3.495509	10.00	-16.83104	-0.05548631	0.00	0.06799582	-14.97323	10.00	-0.02188914
-3.601746	10.00	-16.70085	-0.1062365	0.00	0.1301878	-14.9249	10.00	-0.0218597
-3.654324	10.00	-16.63642	-0.0525788	0.00	0.06443281	-14.87716	10.00	-0.02183052
-3.706271	10.00	-16.57276	-0.05194694	0.00	0.0636585	-14.82637	10.00	-0.02179956
-3.761539	10.00	-16.50503	-0.05526798	0.00	0.06772828	-14.77757	10.00	-0.02176987
-3.814622	10.00	-16.43998	-0.05308244	0.00	0.06505001	-14.67666	10.00	-0.02170826
-3.924418	10.00	-16.30543	-0.1097967	0.00	0.1345506	-14.62803	10.00	-0.02167865
-3.977332	10.00	-16.24059	-0.0529138	0.00	0.06484333	-14.57981	10.00	-0.02164927
-4.028547	10.00	-16.1763	-0.05121486	0.00	0.06428701	-14.52979	10.00	-0.02161874
-4.081048	10.00	-16.10959	-0.05250069	0.00	0.0667119	-14.48024	10.00	-0.02158854
-4.131754	10.00	-16.04353	-0.05070676	0.00	0.0660579	-14.37981	10.00	-0.0215274
-4.221575	10.00	-15.90963	-0.08982016	0.00	0.1339037	-14.32986	10.00	-0.02149688
-4.261734	10.00	-15.84303	-0.0401591	0.00	0.06659865	-14.28147	10.00	-0.02146734
-4.295015	10.00	-15.77851	-0.03328112	0.00	0.06451634	-14.23236	10.00	-0.02143743
-4.324992	10.00	-15.71303	-0.02997742	0.00	0.06548742	-14.18281	10.00	-0.02140727
-4.342441	10.00	-15.64696	-0.01744855	0.00	0.06606781	-14.08322	10.00	-0.02134656
-4.342441	10.00	-15.51416	0	0.00	0.1327939	-14.03376	10.00	-0.02131645
-4.342441	10.00	-15.44823	0	0.00	0.06593474	-13.98485	10.00	-0.02128669
-4.342441	10.00	-15.38302	0	0.00	0.06521139	-13.935	10.00	-0.02125624
-4.342441	10.00	-15.31654	0	0.00	0.06647691	-13.88546	10.00	-0.02122601
-4.342441	10.00	-15.25049	0	0.00	0.06605365	-13.78595	10.00	-0.02116529
-4.342441	10.00	-15.11781	0	0.00	0.1326764	-13.73566	10.00	-0.02113469
-4.342441	10.00	-15.05075	0	0.00	0.06706154	-13.68681	10.00	-0.02110499
-4.342441	10.00	-14.98562	0	0.00	0.06512503	-13.63766	10.00	-0.02107496
-4.342441	10.00	-14.92009	0	0.00	0.06553838	-13.53641	10.00	-0.02101324
-4.342441	10.00	-14.7851	0	0.00	0.1349894	-13.48765	10.00	-0.02098362
-4.342441	10.00	-14.72008	0	0.00	0.06501745	-13.43875	10.00	-0.02095375
-4.342441	10.00	-14.65488	0	0.00	0.06520289	-13.38828	10.00	-0.020923
-4.342441	10.00	-14.58758	0	0.00	0.06729511	-13.34019	10.00	-0.02089366
-4.342441	10.00	-14.52347	0	0.00	0.06410723	-13.23812	10.00	-0.02083146
-4.342441	10.00	-14.38738	0	0.00	0.1360964	-13.19041	10.00	-0.02080236
-4.342441	10.00	-14.32377	0	0.00	0.06361037	-13.12785	10.00	-0.02076427
-4.342441	10.00	-14.24035	0	0.00	0.08341287	-13.04134	10.00	-0.0207115
-4.342441	10.00	-14.12499	0	0.00	0.1153596	-12.99299	10.00	-0.020682
-4.342441	10.00	-14.06052	0	0.00	0.06446962	-12.9431	10.00	-0.02065155
-4.342441	10.00	-13.99401	0	0.00	0.06651513	-12.84296	10.00	-0.02059049
-4.342441	10.00	-13.86048	0	0.00	0.1335271	-12.79368	10.00	-0.02056046
-4.342441	10.00	-13.79478	0	0.00	0.06569834	-12.74206	10.00	-0.02052895
-4.342441	10.00	-13.72596	0	0.00	0.06882535	-12.64539	10.00	-0.02047006
-4.342441	10.00	-13.59706	0	0.00	0.1289039	-12.59487	10.00	-0.0204393
-4.342441	10.00	-13.52971	0	0.00	0.06734466	-12.54697	10.00	-0.02041009
-4.342441	10.00	-13.46584	0	0.00	0.06387225	-12.49759	10.00	-0.02038004
-4.342441	10.00	-13.4	0	0.00	0.06583849	-12.44783	10.00	-0.02034971
-4.342441	10.00	-13.33365	0	0.00	0.06635375	-12.34794	10.00	-0.02028878
-4.339507	10.00	-13.20048	0.002933522	0.00	0.133169	-12.29954	10.00	-0.02025924
-4.336211	10.00	-13.13594	0.003296545	0.00	0.0645404	-12.24833	10.00	-0.0202281
-4.33074	10.00	-13.06766	0.005470911	0.00	0.06827894	-12.20015	10.00	-0.02019878
-4.324347	10.00	-13.0034	0.006392783	0.00	0.06425446	-12.1003	10.00	-0.02013783
-4.309813	10.00	-12.87027	0.01453464	0.00	0.1331322	-12.05018	10.00	-0.02010735
-4.302516	10.00	-12.80344	0.007295914	0.00	0.06682798	-12.00209	10.00	-0.020078
-4.295516	10.00	-12.73932	0.007000424	0.00	0.06412139	-11.95197	10.00	-0.02004747
-4.288221	10.00	-12.6725	0.007294832	0.00	0.06681807	-11.9019	10.00	-0.02001691
-4.280934	10.00	-12.60575	0.007287259	0.00	0.0667487	-11.80197	10.00	-0.01995597
-4.266386	10.00	-12.4725	0.01454809	0.00	0.1332553	-11.75357	10.00	-0.01992644
-4.259341	10.00	-12.40797	0.007045242	0.00	0.06453191	-11.70443	10.00	-0.01989654
-4.252188	10.00	-12.34245	0.007152496	0.00	0.06551432	-11.65462	10.00	-0.01986613
-4.244938	10.00	-12.27604	0.007250478	0.00	0.06641179	-11.55457	10.00	-0.01980522
-4.230372	10.00	-12.14263	0.01456525	0.00	0.1334125	-11.50542	10.00	-0.01977525
-4.223219	10.00	-12.07711	0.007153114	0.00	0.06551998	-11.45686	10.00	-0.01974563
-4.216149	10.00	-12.01235	0.007070278	0.00	0.06476123	-11.40649	10.00	-0.01971495
-4.208818	10.00	-11.9452	0.007331151	0.00	0.06715073	-11.35756	10.00	-0.01968507
-4.201695	10.00	-11.87995	0.007122824	0.00	0.06524253	-11.25669	10.00	-0.01962365
-4.187012	10.00	-11.74546	0.01468301	0.00	0.1344911	-11.20723	10.00	-0.0195935
-4.179812	10.00	-11.67951	0.007199941	0.00	0.0659489	-11.15955	10.00	-0.01956449
-4.172871	10.00	-11.61594	0.006940924	0.00	0.06357639	-11.1082	10.00	-0.01953314
-4.165398	10.00	-11.54748	0.007473486	0.00	0.06845447	-11.05905	10.00	-0.01950309
-4.158242	10.00	-11.48194	0.007156051	0.00	0.06554688	-10.96051	10.00	-0.01944307
-4.143898	10.00	-11.35055	0.01434394	0.00	0.1313854	-10.90958	10.00	-0.01941212
-4.136485	10.00	-11.28265	0.00741275	0.00	0.06789815	-10.86203	10.00	-0.0193831
-4.129562	10.00	-11.21924	0.006922842	0.00	0.06341077	-10.81219	10.00	-0.01935266
-4.122308	10.00	-11.1528	0.007253723	0.00	0.06644152	-10.71195	10.00	-0.01929166
-4.107716	10.00	-11.01914	0.01459245	0.00	0.1336616	-10.66269	10.00	-0.01926152
-4.09991	10.00	-10.95346	0.007806381	0.00	0.06567852	-10.61382	10.00	-0.01923177
-4.090273	10.00	-10.88831	0.009636368	0.00	0.06515193	-10.51445	10.00	-0.01917126
-4.062979	10.00	-10.75582	0.02729416	0.00	0.1324937	-10.46384	10.00	-0.01914039
-4.047771	10.00	-10.68833	0.01520804	0.00	0.06748055	-10.41594	10.00	-0.01911114
-4.031521	10.00	-10.62446	0.01624952	0.00	0.06386942	-10.36608	10.00	-0.01908077
-4.009456	10.00	-10.55798	0.02206571	0.00	0.06648682	-10.31652	10.00	-0.0190506
-3.986888	10.00	-10.49191	0.02256734	0.00	0.06607064	-10.21694	10.00	-0.01898983
-3.929965	10.00	-10.36299	0.05692396	0.00	0.1289226	-10.16629	10.00	-0.01895888
-3.897739	10.00	-10.3046	0.03222565	0.00	0.05838548	-10.11789	10.00	-0.0189294
-3.867575	10.00	-10.25257	0.03016356	0.00	0.05203252	-10.06856	10.00	-0.01889934
-3.834282	10.00	-10.20463	0.03329341	0.00	0.04794187	-10.0192	10.00	-0.01886929
-3.794602	10.00	-10.15921	0.03968023	0.00	0.04541483	-9.919463	10.00	-0.01880849
-3.710549	10.00	-10.08675	0.0840523	0.00	0.07246333	-9.869051	10.00	-0.01877782
-3.668064	10.00	-10.05142	0.04248559	0.00	0.03532601	-9.821105	10.00	-0.01874859
-3.628897	10.00	-10.02154	0.0391665	0.00	0.02988167	-9.771238	10.00	-0.01871812
-3.588804	10.00	-9.992391	0.04009337	0.00	0.02914858	-9.721776	10.00	-0.018688
-3.549674	10.00	-9.964756	0.03912956	0.00	0.02763496	-9.620687	10.00	-0.01862639
-3.47362	10.00	-9.904363	0.07605389	0.00	0.06039286	-9.560778	10.00	-0.01858986
-3.428545	10.00	-9.868569	0.04507527	0.00	0.03579336	-9.47178	10.00	-0.0185356
-3.361588	10.00	-9.815401	0.06695671	0.00	0.05316897	-9.42133	10.00	-0.0185048
-3.323631	10.00	-9.785259	0.03795745	0.00	0.03014124	-9.372648	10.00	-0.0184752
-3.287004	10.00	-9.75429	0.0366267	0.00	0.03097007	-9.312446	10.00	-0.01843859
-3.241712	10.00	-9.714437	0.04529253	0.00	0.03985199	-9.223371	10.00	-0.01838428
-3.174694	10.00	-9.640519	0.06701822	0.00	0.07391842	-9.174459	10.00	-0.01835449
-3.137895	10.00	-9.597406	0.03679844	0.00	0.04311305	-9.124687	10.00	-0.0183241
-3.099164	10.00	-9.549036	0.03873139	0.00	0.04837006	-9.059052	10.00	-0.01828407
-3.042155	10.00	-9.47508	0.05700882	0.00	0.07395682	-8.977606	10.00	-0.01823443
-2.960903	10.00	-9.377004	0.08125217	0.00	0.09807564	-8.928389	10.00	-0.01820445
-2.90862	10.00	-9.315188	0.05228281	0.00	0.06181478	-8.879647	10.00	-0.01817477
-2.866917	10.00	-9.252721	0.04170296	0.00	0.06246793	-8.82808	10.00	-0.01814329
-2.8168	10.00	-9.186625	0.05011687	0.00	0.06609568	-8.77985	10.00	-0.01811387
-2.779891	10.00	-9.124809	0.03690911	0.00	0.06181613	-8.678015	10.00	-0.01805182
-2.709849	10.00	-8.99429	0.07004181	0.00	0.130519	-8.630054	10.00	-0.01802259
-2.67686	10.00	-8.932817	0.03298903	0.00	0.06147322	-8.581965	10.00	-0.01799321
-2.644404	10.00	-8.871181	0.03245579	0.00	0.06163651	-8.532529	10.00	-0.01796311
-2.611039	10.00	-8.807817	0.03336506	0.00	0.0633633	-8.482552	10.00	-0.01793266
-2.577312	10.00	-8.743767	0.03372691	0.00	0.06405048	-8.433384	10.00	-0.01790269
-2.544128	10.00	-8.680746	0.0331845	0.00	0.06302039	-8.383835	10.00	-0.01787253
-2.510687	10.00	-8.617239	0.03344102	0.00	0.06350754	-8.283731	10.00	-0.01781146
-2.443129	10.00	-8.48894	0.06755772	0.00	0.1282983	-8.234735	10.00	-0.01778155
-2.41006	10.00	-8.426139	0.03306914	0.00	0.06280131	-8.184209	10.00	-0.01775084
-2.375962	10.00	-8.361383	0.03409807	0.00	0.06475535	-8.134023	10.00	-0.01772023
-2.341442	10.00	-8.295762	0.03451959	0.00	0.06562125	-8.085147	10.00	-0.01769045
-2.31098	10.00	-8.230594	0.03046264	0.00	0.06516892	-8.036608	10.00	-0.01766086
-2.282608	10.00	-8.165874	0.02837223	0.00	0.06471876	-7.986934	10.00	-0.01763058
-2.258702	10.00	-8.099643	0.02390509	0.00	0.06623201	-7.937657	10.00	-0.01760055
-2.231172	10.00	-8.033943	0.02752997	0.00	0.06569976	-7.887486	10.00	-0.01757
-2.198607	10.00	-7.967047	0.03256541	0.00	0.06689592	-7.837541	10.00	-0.01753958
-2.162963	10.00	-7.900451	0.03564351	0.00	0.06659582	-7.739083	10.00	-0.01747954
-2.079992	10.00	-7.769177	0.08297148	0.00	0.1312735	-7.688716	10.00	-0.01744874
-2.0486	10.00	-7.70202	0.03139233	0.00	0.0671578	-7.638749	10.00	-0.01741838
-2.028423	10.00	-7.635394	0.02017636	0.00	0.06662554	-7.589148	10.00	-0.01738812
-2.010318	10.00	-7.569264	0.01810534	0.00	0.06613009	-7.539278	10.00	-0.01735768
-1.995975	10.00	-7.502768	0.01434243	0.00	0.06649673	-7.491844	10.00	-0.01732876
-1.984172	10.00	-7.439522	0.01180392	0.00	0.06324515	-7.442266	10.00	-0.01729863
-1.975675	10.00	-7.373421	0.008496745	0.00	0.06610178	-7.392354	10.00	-0.01726807
-1.971631	10.00	-7.306867	0.004043789	0.00	0.06655335	-7.342997	10.00	-0.01723801
-1.96827	10.00	-7.241063	0.003361112	0.00	0.06580451	-7.292723	10.00	-0.01720738
-1.965495	10.00	-7.174029	0.002774796	0.00	0.06703323	-7.193776	10.00	-0.01714709
-1.960034	10.00	-7.042096	0.005461287	0.00	0.1319332	-7.144384	10.00	-0.01711697
-1.957308	10.00	-6.976246	0.00272581	0.00	0.06584981	-7.093631	10.00	-0.01706007
-1.947294	10.00	-6.908541	0.01001408	0.00	0.06770563	-7.045038	10.00	-0.01694614
-1.935184	10.00	-6.843655	0.01211013	0.00	0.0648858	-6.995824	10.00	-0.01676827
-1.919101	10.00	-6.777938	0.01608318	0.00	0.06571674	-6.946095	10.00	-0.01653366
-1.898321	10.00	-6.711446	0.02077991	0.00	0.06649248	-6.897086	10.00	-0.01624641
-1.87529	10.00	-6.645878	0.02303058	0.00	0.06556811	-6.847338	10.00	-0.01592793
-1.848661	10.00	-6.579248	0.02662934	0.00	0.06662979	-6.798022	10.00	-0.01556837
-1.819689	10.00	-6.513162	0.02897171	0.00	0.06608621	-6.698379	10.00	-0.01478812
-1.75718	10.00	-6.383321	0.06250873	0.00	0.1298408	-6.650957	10.00	-0.01437184
-1.724856	10.00	-6.322552	0.03232467	0.00	0.06076913	-6.600793	10.00	-0.01392763
-1.691945	10.00	-6.260184	0.03291066	0.00	0.06236822	-6.550554	10.00	-0.01345527
-1.658932	10.00	-6.198934	0.03301333	0.00	0.06124949	-6.503817	10.00	-0.01299046
-1.626952	10.00	-6.143707	0.03198002	0.00	0.05522709	-6.455802	10.00	-0.01241669
-1.593807	10.00	-6.086468	0.03314509	0.00	0.05723908	-6.407542	10.00	-0.01182079
-1.562332	10.00	-6.028804	0.03147459	0.00	0.0576635	-6.358945	10.00	-0.01135057
-1.530731	10.00	-5.97091	0.0316009	0.00	0.05789489	-6.310462	10.00	-0.01082042
-1.499053	10.00	-5.912874	0.03167789	0.00	0.05803595	-6.262349	10.00	-0.0103628
-1.467592	10.00	-5.856512	0.03146109	0.00	0.05636179	-6.164598	10.00	-0.009544061
-1.40368	10.00	-5.743311	0.06391232	0.00	0.1132004	-6.117213	10.00	-0.009269987
-1.373057	10.00	-5.690316	0.03062291	0.00	0.05299581	-6.067118	10.00	-0.009041173
-1.340646	10.00	-5.635541	0.03241071	0.00	0.05477426	-6.018286	10.00	-0.008888177
-1.309078	10.00	-5.583472	0.03156848	0.00	0.05206957	-5.96883	10.00	-0.008827531
-1.277721	10.00	-5.53133	0.0313566	0.00	0.05214192	-5.921635	10.00	-0.008863712
-1.24777	10.00	-5.481525	0.02995115	0.00	0.04980483	-5.868884	10.00	-0.008946467
-1.214268	10.00	-5.425816	0.03350183	0.00	0.05570915	-5.823033	10.00	-0.009113574
-1.185149	10.00	-5.38041	0.02911939	0.00	0.04540575	-5.725988	10.00	-0.009695793
-1.123465	10.00	-5.286783	0.0616836	0.00	0.09362745	-5.676624	10.00	-0.01014664
-1.090746	10.00	-5.239095	0.03271908	0.00	0.04768753	-5.579602	10.00	-0.01117771
-1.023929	10.00	-5.145437	0.06681683	0.00	0.09365858	-5.518018	10.00	-0.01178376
-0.9751061	10.00	-5.088513	0.0488232	0.00	0.05692327	-5.434672	10.00	-0.01222241
-0.9035932	10.00	-5.013714	0.07151286	0.00	0.07479955	-5.386595	10.00	-0.01231106
-0.8605008	10.00	-4.974408	0.04309247	0.00	0.0393055	-5.336835	10.00	-0.01234004
-0.8166295	10.00	-4.93445	0.04387124	0.00	0.03995853	-5.287334	10.00	-0.01231338
-0.7723982	10.00	-4.896697	0.04423138	0.00	0.03775296	-5.239952	10.00	-0.0122094
-0.7313192	10.00	-4.861197	0.04107888	0.00	0.03550046	-5.191933	10.00	-0.01204256
-0.6903896	10.00	-4.825283	0.04092968	0.00	0.0359134	-5.142918	10.00	-0.01169224
-0.6492042	10.00	-4.788583	0.04118542	0.00	0.03670003	-5.093854	10.00	-0.01112757
-0.6078919	10.00	-4.75177	0.04131228	0.00	0.03681308	-5.044341	10.00	-0.01048755
-0.5668312	10.00	-4.714602	0.04106069	0.00	0.03716714	-4.996171	10.00	-0.009746357
-0.5269136	10.00	-4.677839	0.03991758	0.00	0.03676329	-4.897891	10.00	-0.008113881
-0.4480859	10.00	-4.601584	0.07882773	0.00	0.07625482	-4.848668	10.00	-0.007154864
-0.408591	10.00	-4.563379	0.03949491	0.00	0.03820581	-4.799302	10.00	-0.00629679
-0.3689457	10.00	-4.525027	0.03964525	0.00	0.03835125	-4.75079	10.00	-0.00544441
-0.3305754	10.00	-4.487294	0.03837035	0.00	0.03773377	-4.702498	10.00	-0.004584205
-0.2942341	10.00	-4.446511	0.03634126	0.00	0.04078279	-4.654768	10.00	-0.003628604
-0.2582124	10.00	-4.402313	0.03602174	0.00	0.04419778	-4.606161	10.00	-0.002642836
-0.2266081	10.00	-4.344412	0.03160427	0.00	0.05790108	-4.558075	10.00	-0.001130445
-0.1975241	10.00	-4.281924	0.02908403	0.00	0.06248811	-4.510056	10.00	0.0001320255
-0.1717607	10.00	-4.2165	0.02576335	0.00	0.06542388	-4.46092	10.00	0.001371977
-0.1479515	10.00	-4.148715	0.02380922	0.00	0.0677849	-4.413541	10.00	0.002378493
-0.1281464	10.00	-4.083315	0.01980512	0.00	0.06539965	-4.316814	10.00	0.004055763
-0.1032204	10.00	-3.949763	0.02492594	0.00	0.1335526	-4.270264	10.00	0.00512488
-0.09353068	10.00	-3.88425	0.009689758	0.00	0.0655129	-4.222017	10.00	0.005752096
-0.086852	10.00	-3.817122	0.006678685	0.00	0.06712808	-4.175416	10.00	0.006378154
-0.08101273	10.00	-3.752103	0.005839265	0.00	0.06501886	-4.127985	10.00	0.006757766
-0.07701848	10.00	-3.686365	0.003994247	0.00	0.06573798	-4.081414	10.00	0.007110586
-0.0755927	10.00	-3.621641	0.001425787	0.00	0.06472442	-4.034002	10.00	0.007345531
-0.07541718	10.00	-3.555727	0.0001755145	0.00	0.06591351	-3.986206	10.00	0.007382802
-0.07524093	10.00	-3.489536	0.0001762534	0.00	0.06619097	-3.938122	10.00	0.007342961
-0.07524093	10.00	-3.423199	0	0.00	0.06633677	-3.890137	10.00	0.00727274
-0.07524093	10.00	-3.35704	0	0.00	0.06615982	-3.793262	10.00	0.007152655
-0.07524093	10.00	-3.223651	0	0.00	0.1333884	-3.745155	10.00	0.007064323
-0.07524093	10.00	-3.157517	0	0.00	0.06613434	-3.697221	10.00	0.006892681
-0.07524093	10.00	-3.091721	0	0.00	0.06579602	-3.648143	10.00	0.006606647
-0.07524093	10.00	-3.024497	0	0.00	0.06722433	-3.600364	10.00	0.006701304
-0.07524093	10.00	-2.959465	0	0.00	0.0650316	-3.552437	10.00	0.00755928
-0.07524093	10.00	-2.894922	0	0.00	0.06454323	-3.502983	10.00	0.008097911
-0.07524093	10.00	-2.828247	0	0.00	0.06667509	-3.453895	10.00	0.008397793
-0.07524093	10.00	-2.762001	0	0.00	0.06624617	-3.405425	10.00	0.008345263
-0.07524093	10.00	-2.696275	0	0.00	0.06572524	-3.355986	10.00	0.007910077
-0.07524093	10.00	-2.62879	0	0.00	0.0674848	-3.308484	10.00	0.00737596
-0.07524093	10.00	-2.563936	0	0.00	0.06485466	-3.211125	10.00	0.006591009
-0.07524093	10.00	-2.431554	0	0.00	0.1323819	-3.16041	10.00	0.006666641
-0.07524093	10.00	-2.363088	0	0.00	0.06846579	-3.112179	10.00	0.006697217
-0.07524093	10.00	-2.29784	0	0.00	0.06524819	-3.064848	10.00	0.006707561
-0.07524093	10.00	-2.233793	0	0.00	0.06404636	-3.016243	10.00	0.006779622
-0.07524093	10.00	-2.168026	0	0.00	0.06576771	-2.9672	10.00	0.006913273
-0.07524093	10.00	-2.101729	0	0.00	0.06629713	-2.918066	10.00	0.00709704
-0.07524093	10.00	-2.035369	0	0.00	0.06635942	-2.869169	10.00	0.007319343
-0.07378689	10.00	-1.969362	0.001454038	0.00	0.06600694	-2.819405	10.00	0.007542357
-0.06840071	10.00	-1.902141	0.005386183	0.00	0.0672215	-2.722182	10.00	0.007854423
-0.05660268	10.00	-1.770772	0.01179803	0.00	0.1313684	-2.671764	10.00	0.007979432
-0.0531172	10.00	-1.702533	0.003485474	0.00	0.0682393	-2.623787	10.00	0.008069145
-0.05042473	10.00	-1.637489	0.002692468	0.00	0.06504434	-2.575067	10.00	0.00809071
-0.0476882	10.00	-1.57138	0.002736533	0.00	0.06610886	-2.525868	10.00	0.008034044
-0.04492249	10.00	-1.504566	0.002765714	0.00	0.06681382	-2.456693	10.00	0.007833111
-0.03739621	10.00	-1.410635	0.007526274	0.00	0.09393061	-2.38096	10.00	0.007343341
-0.02807635	10.00	-1.306861	0.009319864	0.00	0.1037745	-2.333922	10.00	0.007052402
-0.01978249	10.00	-1.242338	0.008293861	0.00	0.06452341	-2.285635	10.00	0.006695105
-0.009988672	10.00	-1.176121	0.009793815	0.00	0.06621644	-2.236177	10.00	0.006384188
0.0006399425	10.00	-1.108676	0.01062861	0.00	0.06744517	-2.18792	10.00	0.006003341
0.0123024	10.00	-1.04277	0.01166246	0.00	0.06590643	-2.140256	10.00	0.006133342
0.02636088	10.00	-0.9775892	0.01405848	0.00	0.06518024	-2.08925	10.00	0.006956529
0.04346399	10.00	-0.9077051	0.01710311	0.00	0.0698842	-1.995648	10.00	0.007224803
0.07732216	10.00	-0.7795033	0.03385817	0.00	0.1282017	-1.946389	10.00	0.009460878
0.09645624	10.00	-0.712003	0.01913409	0.00	0.06750037	-1.898182	10.00	0.01050699
0.1151526	10.00	-0.646047	0.01869631	0.00	0.06595597	-1.849668	10.00	0.01149491
0.1345954	10.00	-0.579723	0.01944285	0.00	0.06632403	-1.800847	10.00	0.01261699
0.1547898	10.00	-0.513038	0.02019437	0.00	0.066685	-1.754476	10.00	0.01381065
0.173939	10.00	-0.4498042	0.01914924	0.00	0.06323382	-1.706135	10.00	0.01489876
0.1938976	10.00	-0.3838977	0.01995859	0.00	0.06590643	-1.657153	10.00	0.01607235
0.2134595	10.00	-0.3171674	0.01956194	0.00	0.0667303	-1.608793	10.00	0.01728329
0.2327733	10.00	-0.2512836	0.01931379	0.00	0.06588379	-1.55962	10.00	0.01860604
0.2523971	10.00	-0.1843424	0.01962378	0.00	0.06694122	-1.511518	10.00	0.020063
0.2715644	10.00	-0.1189583	0.0191673	0.00	0.06538408	-1.413905	10.00	0.02162354
0.3105256	10.00	0.01394734	0.03896122	0.00	0.1329057	-1.364233	10.00	0.0244621
0.329508	10.00	0.08091263	0.01898241	0.00	0.06696528	-1.315272	10.00	0.02597815
0.3483307	10.00	0.1473145	0.01882271	0.00	0.06640188	-1.265984	10.00	0.02795679
0.3672329	10.00	0.2139967	0.01890216	0.00	0.06668217	-1.219082	10.00	0.03013415
0.3845806	10.00	0.2773593	0.01734765	0.00	0.06336264	-1.169769	10.00	0.03189008
0.4028777	10.00	0.3441901	0.01829718	0.00	0.06683081	-1.121154	10.00	0.03384861
0.4208986	10.00	0.4100116	0.01802085	0.00	0.0658215	-1.072333	10.00	0.03580981
0.4389884	10.00	0.4760851	0.01808983	0.00	0.06607347	-0.9740367	10.00	0.03758331
0.4756863	10.00	0.6101246	0.03669783	0.00	0.1340396	-0.9254161	10.00	0.04114289
0.4934323	10.00	0.6749425	0.01774606	0.00	0.06481785	-0.8755191	10.00	0.04308249
0.5119186	10.00	0.7424641	0.01848631	0.00	0.0675216	-0.8256003	10.00	0.04502215
0.5304134	10.00	0.8100169	0.01849483	0.00	0.06755275	-0.7787501	10.00	0.04699749
0.5477483	10.00	0.8733328	0.01733486	0.00	0.06331593	-0.7306497	10.00	0.04920635
0.5655196	10.00	0.9382427	0.01777126	0.00	0.06490987	-0.6817946	10.00	0.05114634
0.5836381	10.00	1.004421	0.01811851	0.00	0.06617822	-0.6327666	10.00	0.05301297
0.6018519	10.00	1.070947	0.01821385	0.00	0.06652645	-0.583904	10.00	0.05484362
0.6200255	10.00	1.137327	0.01817355	0.00	0.06637923	-0.5354785	10.00	0.05662056
0.6380363	10.00	1.203111	0.01801077	0.00	0.06578469	-0.4867922	10.00	0.05832209
0.6561671	10.00	1.269335	0.01813091	0.00	0.06622352	-0.3901746	10.00	0.06028929
0.6924309	10.00	1.401789	0.03626376	0.00	0.1324541	-0.3407564	10.00	0.06300081
0.710656	10.00	1.468356	0.01822509	0.00	0.0665675	-0.2908551	10.00	0.06471132
0.7292318	10.00	1.536205	0.01857583	0.00	0.0678486	-0.2445684	10.00	0.06638512
0.7464644	10.00	1.599147	0.01723255	0.00	0.06294221	-0.1960567	10.00	0.0678755
0.7645934	10.00	1.665364	0.01812897	0.00	0.06621644	-0.1469908	10.00	0.0693513
0.782934	10.00	1.732353	0.01834058	0.00	0.06698935	-0.09826633	10.00	0.07081665
0.8011525	10.00	1.798896	0.0182185	0.00	0.06654344	-0.05053112	10.00	0.07223566
0.818992	10.00	1.864055	0.01783947	0.00	0.06515901	0.04590201	10.00	0.07362912
0.8552712	10.00	1.996566	0.03627926	0.00	0.1325107	0.09582627	10.00	0.07599208
0.8736005	10.00	2.063514	0.01832934	0.00	0.06694829	0.1453133	10.00	0.07713544
0.8920535	10.00	2.130914	0.01845298	0.00	0.06739987	0.1935381	10.00	0.0782771
0.9100038	10.00	2.196478	0.01795031	0.00	0.06556387	0.2406911	10.00	0.0793579
0.9287657	10.00	2.260479	0.01876187	0.00	0.06400106	0.2894507	10.00	0.08026738
0.9488525	10.00	2.326809	0.02008677	0.00	0.06632969	0.3383755	10.00	0.08116899
0.9689461	10.00	2.393161	0.02009363	0.00	0.06635234	0.3873061	10.00	0.08192963
0.9889806	10.00	2.459318	0.02003447	0.00	0.06615699	0.4365309	10.00	0.08253431
1.009773	10.00	2.524563	0.02079274	0.00	0.06524505	0.4850317	10.00	0.08298379
1.030955	10.00	2.586485	0.02118156	0.00	0.06192144	0.5340908	10.00	0.08342982
1.054259	10.00	2.645765	0.02330405	0.00	0.05927998	0.58271	10.00	0.08369017
1.080583	10.00	2.70015	0.02632383	0.00	0.05438558	0.6311228	10.00	0.08363253
1.110097	10.00	2.751988	0.02951457	0.00	0.05183785	0.6794046	10.00	0.08342089
1.144059	10.00	2.799974	0.0339617	0.00	0.04798624	0.7757741	10.00	0.08253235
1.217339	10.00	2.893725	0.07327995	0.00	0.09375099	0.8247411	10.00	0.08292951
1.254188	10.00	2.940869	0.03684919	0.00	0.04714316	0.8737317	10.00	0.08323053
1.289456	10.00	2.986533	0.03526798	0.00	0.04566481	0.9225131	10.00	0.08348715
1.324717	10.00	3.030889	0.03526054	0.00	0.04435585	0.9707429	10.00	0.08367075
1.360909	10.00	3.07287	0.03619271	0.00	0.04198097	1.017419	10.00	0.08363403
1.397234	10.00	3.109818	0.03632477	0.00	0.0369481	1.064676	10.00	0.08326094
1.434535	10.00	3.145231	0.03730071	0.00	0.03541287	1.11343	10.00	0.08294805
1.473003	10.00	3.17721	0.03846824	0.00	0.03197845	1.161397	10.00	0.08263904
1.510871	10.00	3.20805	0.03786782	0.00	0.03084047	1.209126	10.00	0.08234478
1.548583	10.00	3.238127	0.03771183	0.00	0.03007721	1.257336	10.00	0.0822066
1.58665	10.00	3.266562	0.03806769	0.00	0.02843437	1.306947	10.00	0.0821743
1.625715	10.00	3.295082	0.0390646	0.00	0.02851996	1.358348	10.00	0.08230324
1.665419	10.00	3.324565	0.03970356	0.00	0.02948385	1.450462	10.00	0.08284815
1.736501	10.00	3.377351	0.07108235	0.00	0.05278574	1.499295	10.00	0.08322281
1.774144	10.00	3.405305	0.03764274	0.00	0.02795349	1.546834	10.00	0.08363824
1.810802	10.00	3.432527	0.03665785	0.00	0.02722211	1.594951	10.00	0.08413856
1.847905	10.00	3.46199	0.03710357	0.00	0.02946319	1.643105	10.00	0.0847979
1.885073	10.00	3.491505	0.03716827	0.00	0.02951457	1.691603	10.00	0.08534504
1.922442	10.00	3.521178	0.03736876	0.00	0.02967377	1.788589	10.00	0.08636192
1.99721	10.00	3.58055	0.07476787	0.00	0.05937165	1.837082	10.00	0.08692718
2.034613	10.00	3.610251	0.0374031	0.00	0.02970105	1.887044	10.00	0.08754408
2.073187	10.00	3.640882	0.0385741	0.00	0.03063091	1.934486	10.00	0.08812995
2.109771	10.00	3.669933	0.03658437	0.00	0.02905091	1.982478	10.00	0.08873392
2.14676	10.00	3.699305	0.03698855	0.00	0.02937186	2.031497	10.00	0.08935364
2.184532	10.00	3.729299	0.03777213	0.00	0.02999409	2.078421	10.00	0.08992282
2.220748	10.00	3.758057	0.03621534	0.00	0.02875787	2.126788	10.00	0.09057083
2.257484	10.00	3.787738	0.03673693	0.00	0.02968139	2.175001	10.00	0.09121957
2.294134	10.00	3.817349	0.03664979	0.00	0.02961098	2.223767	10.00	0.09186624
2.330582	10.00	3.84732	0.03644802	0.00	0.02997125	2.319535	10.00	0.09319288
2.397149	10.00	3.934261	0.06656677	0.00	0.08694109	2.367772	10.00	0.09531071
2.421506	10.00	3.997172	0.02435726	0.00	0.06291066	2.414724	10.00	0.09860384
2.44371	10.00	4.062131	0.02220383	0.00	0.06495955	2.460094	10.00	0.09999473
2.462246	10.00	4.125362	0.01853612	0.00	0.06323099	2.507493	10.00	0.1013961
2.480349	10.00	4.191482	0.01810223	0.00	0.06611877	2.55561	10.00	0.1026653
2.497422	10.00	4.258591	0.0170739	0.00	0.06710967	2.602523	10.00	0.1038184
2.514089	10.00	4.324101	0.01666693	0.00	0.06551007	2.649968	10.00	0.1047891
2.529644	10.00	4.390278	0.01555499	0.00	0.06617681	2.74517	10.00	0.1061566
2.558208	10.00	4.522708	0.02856334	0.00	0.13243	2.792705	10.00	0.1073821
2.572048	10.00	4.589894	0.01384057	0.00	0.06718611	2.840357	10.00	0.1079638
2.585807	10.00	4.656682	0.01375862	0.00	0.06678834	2.887041	10.00	0.108419
2.598026	10.00	4.72215	0.01221872	0.00	0.0654676	2.933416	10.00	0.1089276
2.608929	10.00	4.787334	0.01090353	0.00	0.06518449	2.979874	10.00	0.1094514
2.619217	10.00	4.852615	0.01028753	0.00	0.06528074	3.027429	10.00	0.1099214
2.629733	10.00	4.91935	0.01051663	0.00	0.06673454	3.074989	10.00	0.1103964
2.640232	10.00	4.985972	0.01049901	0.00	0.06662271	3.121748	10.00	0.1109586
2.649909	10.00	5.051398	0.009676776	0.00	0.06542514	3.216885	10.00	0.112298
2.668349	10.00	5.184806	0.01844011	0.00	0.1334082	3.263153	10.00	0.1141956
2.677242	10.00	5.249145	0.008893196	0.00	0.06433938	3.311941	10.00	0.1156957
2.686666	10.00	5.317321	0.00942345	0.00	0.0681756	3.359049	10.00	0.1169456
2.695766	10.00	5.383161	0.009100602	0.00	0.0658399	3.406569	10.00	0.1179339
2.704967	10.00	5.449727	0.009200978	0.00	0.06656609	3.453148	10.00	0.1187904
2.713363	10.00	5.515038	0.008395211	0.00	0.06531189	3.500263	10.00	0.1196218
2.721858	10.00	5.581128	0.008495106	0.00	0.06608904	3.54696	10.00	0.120387
2.730263	10.00	5.646517	0.008405219	0.00	0.06538974	3.594194	10.00	0.1210284
2.738761	10.00	5.712631	0.0084982	0.00	0.06611311	3.640948	10.00	0.1215836
2.747171	10.00	5.778054	0.008409586	0.00	0.06542372	3.688116	10.00	0.1220719
2.755661	10.00	5.84411	0.008490739	0.00	0.06605507	3.735362	10.00	0.1224449
2.762887	10.00	5.910288	0.007224978	0.00	0.06617822	3.829964	10.00	0.1229359
2.769648	10.00	6.042663	0.00676134	0.00	0.1323749	3.877134	10.00	0.123056
2.771778	10.00	6.109836	0.002130165	0.00	0.06717337	3.924103	10.00	0.1229523
2.773245	10.00	6.176439	0.001467167	0.00	0.06660289	3.970901	10.00	0.1227893
2.773245	10.00	6.242439	0	0.00	0.06599986	4.017443	10.00	0.1225401
2.773245	10.00	6.308365	0	0.00	0.06592625	4.062804	10.00	0.1222684
2.773245	10.00	6.372693	0	0.00	0.06432806	4.109536	10.00	0.12193
2.773245	10.00	6.43899	0	0.00	0.06629713	4.156055	10.00	0.1215286
2.773245	10.00	6.505034	0	0.00	0.06604374	4.202663	10.00	0.1210559
2.773245	10.00	6.571233	0	0.00	0.06619946	4.296571	10.00	0.1200439
2.773245	10.00	6.703627	0	0.00	0.1323933	4.343109	10.00	0.1191167
2.773245	10.00	6.770064	0	0.00	0.06643727	4.391234	10.00	0.1181665
2.773245	10.00	6.838736	0	0.00	0.06867247	4.437027	10.00	0.1172329
2.773245	10.00	6.90415	0	0.00	0.06541381	4.488807	10.00	0.1160163
2.773245	10.00	6.977839	0	0.00	0.07368927	4.576436	10.00	0.1143358
2.773245	10.00	7.101151	0	0.00	0.1233123	4.623432	10.00	0.1137568
2.773245	10.00	7.166441	0	0.00	0.06528924	4.672615	10.00	0.1132067
2.773245	10.00	7.234829	0	0.00	0.06838794	4.722342	10.00	0.1126068
2.773245	10.00	7.303935	0	0.00	0.06910563	4.814404	10.00	0.1116014
2.773245	10.00	7.431795	0	0.00	0.1278606	4.862629	10.00	0.1110267
2.773245	10.00	7.498608	0	0.00	0.0668124	4.909376	10.00	0.1104718
2.773245	10.00	7.563221	0	0.00	0.06461401	4.95657	10.00	0.1099475
2.773245	10.00	7.628342	0	0.00	0.06512079	5.004544	10.00	0.1094289
2.773245	10.00	7.69436	0	0.00	0.06601826	5.05306	10.00	0.1089292
2.773245	10.00	7.760955	0	0.00	0.0665944	5.101267	10.00	0.1084633
2.773245	10.00	7.826945	0	0.00	0.06598995	5.150258	10.00	0.1080241
2.773245	10.00	7.893832	0	0.00	0.06688742	5.198104	10.00	0.1076112
2.773245	10.00	7.958976	0	0.00	0.06514344	5.295979	10.00	0.106779
2.773245	10.00	8.091696	0	0.00	0.1327202	5.34565	10.00	0.1063798
2.773245	10.00	8.158765	0	0.00	0.06706862	5.394766	10.00	0.1060061
2.773245	10.00	8.224897	0	0.00	0.06613293	5.444208	10.00	0.105639
2.773245	10.00	8.291354	0	0.00	0.06645709	5.493487	10.00	0.1053014
2.773245	10.00	8.357497	0	0.00	0.06614283	5.542283	10.00	0.1049797
2.773245	10.00	8.422877	0	0.00	0.06537984	5.591543	10.00	0.1046672
2.773245	10.00	8.488828	0	0.00	0.06595031	5.641386	10.00	0.1043509
2.773245	10.00	8.555555	0	0.00	0.06672747	5.690345	10.00	0.1040404
2.773245	10.00	8.621097	0	0.00	0.06554122	5.789976	10.00	0.1034079
2.773245	10.00	8.754472	0	0.00	0.1333757	5.837775	10.00	0.1031044
2.773245	10.00	8.818459	0	0.00	0.06398691	5.888405	10.00	0.1027826
2.773245	10.00	8.886232	0	0.00	0.06777358	5.937698	10.00	0.1024694
2.773245	10.00	8.952212	0	0.00	0.06598004	5.986963	10.00	0.1021562
2.773245	10.00	9.018157	0	0.00	0.06594465	6.03515	10.00	0.1018497
2.773245	10.00	9.082654	0	0.00	0.06449652	6.084321	10.00	0.1015368
2.773245	10.00	9.148469	0	0.00	0.06581584	6.133666	10.00	0.1012227
2.773245	10.00	9.214516	0	0.00	0.06604657	6.183488	10.00	0.1009056
2.773245	10.00	9.281197	0	0.00	0.06668075	6.232759	10.00	0.1005919
2.773245	10.00	9.34714	0	0.00	0.06594323	6.332623	10.00	0.09995548
2.773245	10.00	9.480796	0	0.00	0.133656	6.381876	10.00	0.09964155
2.773245	10.00	9.546711	0	0.00	0.06591492	6.431254	10.00	0.09932667
2.773245	10.00	9.612791	0	0.00	0.06608055	6.481322	10.00	0.09900717
2.773245	10.00	9.679792	0	0.00	0.06700067	6.530302	10.00	0.09869464
2.773245	10.00	9.745337	0	0.00	0.06554405	6.579014	10.00	0.09838355
2.773245	10.00	9.810522	0	0.00	0.0651859	6.629153	10.00	0.09806328
2.773245	10.00	9.877615	0	0.00	0.06709269	6.686449	10.00	0.09769715
2.773245	10.00	9.954284	0	0.00	0.07666906	6.776229	10.00	0.09712322
2.773245	10.00	10.07442	0	0.00	0.1201386	6.826471	10.00	0.09680185
2.773245	10.00	10.14165	0	0.00	0.06722575	6.877253	10.00	0.09647688
2.773245	10.00	10.2096	0	0.00	0.06794911	6.926212	10.00	0.09616347
2.773245	10.00	10.2751	0	0.00	0.06550724	6.97399	10.00	0.09585747
2.773245	10.00	10.33903	0	0.00	0.06392746	7.022753	10.00	0.09554511
2.773245	10.00	10.40427	0	0.00	0.0652397	7.072663	10.00	0.09522523
2.773245	10.00	10.47105	0	0.00	0.06677701	7.121792	10.00	0.09491024
2.773245	10.00	10.53678	0	0.00	0.0657309	7.171276	10.00	0.09459294
2.773245	10.00	10.60298	0	0.00	0.0662037	7.270363	10.00	0.09395722
2.773245	10.00	10.73555	0	0.00	0.1325631	7.320053	10.00	0.09363827
2.773245	10.00	10.80202	0	0.00	0.0664755	7.370293	10.00	0.09331564
2.773245	10.00	10.86923	0	0.00	0.06721018	7.41883	10.00	0.09300379
2.773245	10.00	10.93417	0	0.00	0.06493252	7.467403	10.00	0.0926917
2.773245	10.00	10.99914	0	0.00	0.06497781	7.516725	10.00	0.09237467
2.773245	10.00	11.06512	0	0.00	0.06597438	7.566741	10.00	0.09205306
2.773245	10.00	11.13202	0	0.00	0.06690441	7.61568	10.00	0.09173841
2.773245	10.00	11.19748	0	0.00	0.06546194	7.665371	10.00	0.09141871
2.773245	10.00	11.26395	0	0.00	0.06647125	7.764978	10.00	0.09076973
2.773245	10.00	11.39728	0	0.00	0.1333233	7.813814	10.00	0.09045154
2.773245	10.00	11.46265	0	0.00	0.06536851	7.864667	10.00	0.09011973
2.773245	10.00	11.53071	0	0.00	0.06806094	7.913807	10.00	0.08980303
2.773245	10.00	11.59644	0	0.00	0.06573373	7.961725	10.00	0.08948962
2.773245	10.00	11.66057	0	0.00	0.06412847	8.011744	10.00	0.08916258
2.773245	10.00	11.72751	0	0.00	0.0669398	8.061319	10.00	0.08883828
2.773245	10.00	11.79386	0	0.00	0.06634809	8.110387	10.00	0.08851691
2.773245	10.00	11.85952	0	0.00	0.06566153	8.210487	10.00	0.08786087
2.773245	10.00	11.99348	0	0.00	0.1339589	8.25907	10.00	0.08754224
2.773245	10.00	12.05849	0	0.00	0.06501037	8.309025	10.00	0.08721418
2.773245	10.00	12.12533	0	0.00	0.06684637	8.35717	10.00	0.0868977
2.773245	10.00	12.18976	0	0.00	0.06442149	8.407161	10.00	0.08656892
2.773245	10.00	12.25665	0	0.00	0.06689025	8.455512	10.00	0.08625081
2.773245	10.00	12.32134	0	0.00	0.06469186	8.505505	10.00	0.0859217
2.773245	10.00	12.38823	0	0.00	0.06689167	8.604646	10.00	0.08526866
2.773245	10.00	12.52087	0	0.00	0.1326452	8.654218	10.00	0.08494203
2.773245	10.00	12.58719	0	0.00	0.06631978	8.704959	10.00	0.08460738
2.773245	10.00	12.65508	0	0.00	0.06788116	8.753649	10.00	0.08428612
2.773245	10.00	12.72021	0	0.00	0.06513777	8.802162	10.00	0.08396588
2.773245	10.00	12.78511	0	0.00	0.06489713	8.850451	10.00	0.08364712
2.773245	10.00	12.8497	0	0.00	0.06459278	8.900532	10.00	0.08331659
2.773245	10.00	12.9167	0	0.00	0.06699218	8.950193	10.00	0.08298858
2.773245	10.00	12.98312	0	0.00	0.06642878	8.999022	10.00	0.08266607
2.773245	10.00	13.04844	0	0.00	0.0653133	9.048899	10.00	0.08233652
2.773245	10.00	13.11515	0	0.00	0.06671614	9.147448	10.00	0.08168552
2.773245	10.00	13.24696	0	0.00	0.1318058	9.197069	10.00	0.08135778
2.773245	10.00	13.31333	0	0.00	0.06636791	9.247444	10.00	0.08102489
2.773245	10.00	13.3807	0	0.00	0.06737439	9.296205	10.00	0.08070279
2.773245	10.00	13.44591	0	0.00	0.06521139	9.344707	10.00	0.08038239
2.773245	10.00	13.51077	0	0.00	0.06486174	9.394079	10.00	0.08005635
2.773245	10.00	13.5768	0	0.00	0.06602109	9.444136	10.00	0.07972573
2.773245	10.00	13.64374	0	0.00	0.0669398	9.49296	10.00	0.07940325
2.773245	10.00	13.70903	0	0.00	0.06529065	9.542595	10.00	0.07907566
2.773245	10.00	13.7754	0	0.00	0.06636932	9.643026	10.00	0.07841289
2.773245	10.00	13.90968	0	0.00	0.1342873	9.693088	10.00	0.07808259
2.773245	10.00	13.97662	0	0.00	0.06693555	9.749845	10.00	0.07770892
2.773245	10.00	14.0525	0	0.00	0.07588483	9.839227	10.00	0.07712138
2.773245	10.00	14.17201	0	0.00	0.1195058	9.890512	10.00	0.07678481
2.773245	10.00	14.24058	0	0.00	0.06857055	9.939494	10.00	0.07646428
2.773245	10.00	14.30607	0	0.00	0.06549025	9.987708	10.00	0.07614909
2.773245	10.00	14.37053	0	0.00	0.0644583	10.03733	10.00	0.07582501
2.773245	10.00	14.43687	0	0.00	0.06634526	10.086	10.00	0.07550737
2.773245	10.00	14.50194	0	0.00	0.06506558	10.13556	10.00	0.07518421
2.773245	10.00	14.5682	0	0.00	0.06626599	10.1857	10.00	0.07485762
2.773245	10.00	14.63524	0	0.00	0.06703748	10.23472	10.00	0.07453865
2.773245	10.00	14.70077	0	0.00	0.06552989	10.33502	10.00	0.07388648
2.773245	10.00	14.83487	0	0.00	0.1341004	10.38284	10.00	0.07357574
2.773245	10.00	14.89882	0	0.00	0.06394444	10.43416	10.00	0.0732429
2.773245	10.00	14.96743	0	0.00	0.06861443	10.48445	10.00	0.07291704
2.773245	10.00	15.03466	0	0.00	0.06723141	10.53278	10.00	0.07260413
2.773245	10.00	15.09929	0	0.00	0.06462251	10.58128	10.00	0.07229035
2.773245	10.00	15.16413	0	0.00	0.06484333	10.6299	10.00	0.07197613
2.773245	10.00	15.22914	0	0.00	0.06500895	10.6793	10.00	0.07165702
2.773245	10.00	15.29519	0	0.00	0.06604799	10.72906	10.00	0.07133588
2.773245	10.00	15.36172	0	0.00	0.06653636	10.77833	10.00	0.07101819
2.773245	10.00	15.42759	0	0.00	0.06586963	10.82784	10.00	0.07069924
2.773245	10.00	15.49379	0	0.00	0.06619663	10.92798	10.00	0.07005461
2.773245	10.00	15.62769	0	0.00	0.1339023	10.97626	10.00	0.06974408
2.773245	10.00	15.69223	0	0.00	0.06454323	11.02756	10.00	0.06941456
2.773245	10.00	15.76084	0	0.00	0.06860169	11.07671	10.00	0.06909914
2.773245	10.00	15.82654	0	0.00	0.06570683	11.12473	10.00	0.06879127
2.773245	10.00	15.89075	0	0.00	0.06420774	11.17388	10.00	0.06847633
2.773245	10.00	15.95647	0	0.00	0.06571816	11.22359	10.00	0.06815804
2.773245	10.00	16.02294	0	0.00	0.066467	11.27283	10.00	0.067843
2.773245	10.00	16.08878	0	0.00	0.0658484	11.32291	10.00	0.06752282
2.773245	10.00	16.15574	0	0.00	0.06696104	11.37166	10.00	0.06721143
2.773245	10.00	16.22093	0	0.00	0.06518449	11.47173	10.00	0.06657264
2.773245	10.00	16.35473	0	0.00	0.1338003	11.52332	10.00	0.06624361
2.773245	10.00	16.42371	0	0.00	0.06898248	11.56968	10.00	0.06594833
2.773245	10.00	16.4857	0	0.00	0.06199095	11.61929	10.00	0.06563254
2.773245	10.00	16.55204	0	0.00	0.06634101	11.71889	10.00	0.06499909
2.773245	10.00	16.68522	0	0.00	0.1331789	11.7675	10.00	0.06469014
2.773245	10.00	16.75023	0	0.00	0.06500188	11.81699	10.00	0.06437615
2.773245	10.00	16.81639	0	0.00	0.06616973	11.86714	10.00	0.06405801
2.773245	10.00	16.88346	0	0.00	0.06707004	11.91564	10.00	0.06375068
2.773245	10.00	16.94831	0	0.00	0.06484192	11.96457	10.00	0.06344075
2.773245	10.00	17.01374	0	0.00	0.06542938	12.06354	10.00	0.0628143
2.773245	10.00	17.14609	0	0.00	0.1323536	12.11397	10.00	0.06249542
2.773245	10.00	17.21352	0	0.00	0.06742959	12.16378	10.00	0.06218089
2.773245	10.00	17.28012	0	0.00	0.06660148	12.213	10.00	0.0618702
2.773245	10.00	17.34594	0	0.00	0.0658215	12.26142	10.00	0.0615648
2.773245	10.00	17.4107	0	0.00	0.06475981	12.31121	10.00	0.06125101
2.773245	10.00	17.47728	0	0.00	0.06657458	12.35968	10.00	0.06094565
2.773245	10.00	17.5421	0	0.00	0.06481927	12.40925	10.00	0.06063364
2.773245	10.00	17.60839	0	0.00	0.0662943	12.45931	10.00	0.06031876
2.773245	10.00	17.67533	0	0.00	0.06693555	12.50836	10.00	0.06001048
2.773245	10.00	17.74091	0	0.00	0.06558792	12.55791	10.00	0.05969914
2.773245	10.00	17.80718	0	0.00	0.06626457	12.65699	10.00	0.05907707
2.773245	10.00	17.93967	0	0.00	0.1324966	12.70662	10.00	0.05876565
2.773245	10.00	18.00605	0	0.00	0.06637499	12.75803	10.00	0.05844349
2.773428	10.00	18.07481	0.0001830872	0.00	0.0687574	12.80698	10.00	0.05813697
2.773602	10.00	18.14026	0.0001742857	0.00	0.06545203	12.85847	10.00	0.05781476
2.775786	10.00	18.20912	0.002183674	0.00	0.06886074	12.90497	10.00	0.05752393
2.778361	10.00	18.27132	0.002574629	0.00	0.06219762	13.00348	10.00	0.05690823
2.783814	10.00	18.40306	0.00545326	0.00	0.1317393	13.05156	10.00	0.0566079
2.786476	10.00	18.46736	0.002661587	0.00	0.06429834	13.10268	10.00	0.05628895
2.788644	10.00	18.53573	0.002168142	0.00	0.06837095	13.1517	10.00	0.05598342
2.790088	10.00	18.60128	0.00144406	0.00	0.06555396	13.20121	10.00	0.05567497
2.790905	10.00	18.66749	0.0008174349	0.00	0.06621219	13.24977	10.00	0.05537259
2.791707	10.00	18.73244	0.0008017936	0.00	0.06494525	13.29912	10.00	0.05506544
2.792522	10.00	18.79844	0.0008148659	0.00	0.0660041	13.34869	10.00	0.05475715
2.794624	10.00	18.86474	0.002102468	0.00	0.06629996	13.39808	10.00	0.0544502
2.797998	10.00	18.93079	0.00337362	0.00	0.0660494	13.44807	10.00	0.05413958
2.801413	10.00	18.99766	0.003415339	0.00	0.06686619	13.54666	10.00	0.05352757
2.808148	10.00	19.12952	0.006735021	0.00	0.1318596	13.59712	10.00	0.05321449
2.811595	10.00	19.197	0.003446936	0.00	0.0674848	13.64713	10.00	0.05294079
2.815014	10.00	19.26394	0.003418738	0.00	0.06693272	13.69554	10.00	0.05266851
2.818323	10.00	19.32871	0.003308547	0.00	0.06477538	13.74462	10.00	0.05239243
2.821676	10.00	19.39437	0.003353954	0.00	0.06566437	13.79288	10.00	0.05212094
2.824975	10.00	19.45896	0.003298714	0.00	0.06458287	13.84284	10.00	0.05183999
2.82839	10.00	19.52581	0.003414616	0.00	0.06685203	13.89312	10.00	0.0515574
2.831826	10.00	19.59309	0.00343638	0.00	0.06727812	13.94125	10.00	0.05128671
2.835116	10.00	19.65749	0.003289459	0.00	0.06440167	13.9909	10.00	0.05103381
2.837869	10.00	19.724	0.002753057	0.00	0.06650805	14.09082	10.00	0.0504791
2.8447	10.00	19.85774	0.006831329	0.00	0.1337451	14.13845	10.00	0.05023764
2.847959	10.00	19.92154	0.003258802	0.00	0.06380147	14.18947	10.00	0.04998296
2.851448	10.00	19.98985	0.0034888	0.00	0.06830442	14.23889	10.00	0.0497065
2.854825	10.00	20.05596	0.003376729	0.00	0.06611028	14.28834	10.00	0.04945243
2.858206	10.00	20.12216	0.003381501	0.00	0.0662037	14.336	10.00	0.04921117
2.861464	10.00	20.18594	0.003257645	0.00	0.06377882	14.3854	10.00	0.04896123
2.86484	10.00	20.25204	0.003376079	0.00	0.06609754	14.43545	10.00	0.04870755
2.868261	10.00	20.31902	0.003421124	0.00	0.06697944	14.48462	10.00	0.04845836
2.871622	10.00	20.38483	0.003361329	0.00	0.06580876	14.53434	10.00	0.04820634
2.875021	10.00	20.45136	0.003398276	0.00	0.06653211	14.58381	10.00	0.04795534
2.878402	10.00	20.51756	0.003381357	0.00	0.06620087	14.68239	10.00	0.04745502
2.88514	10.00	20.64948	0.006738275	0.00	0.1319233	14.73206	10.00	0.04720293
2.888535	10.00	20.71596	0.003395384	0.00	0.0664755	14.78234	10.00	0.04694516
2.891973	10.00	20.78325	0.003437031	0.00	0.06729086	14.83227	10.00	0.0466881
2.895386	10.00	20.85007	0.003413171	0.00	0.06682373	14.8797	10.00	0.04644311
2.898629	10.00	20.91357	0.00324304	0.00	0.06349287	14.92867	10.00	0.04618949
2.901976	10.00	20.9791	0.003347302	0.00	0.06553414	14.97854	10.00	0.04593021
2.905386	10.00	21.04586	0.003409772	0.00	0.06675719	15.02787	10.00	0.04567314
2.908758	10.00	21.11189	0.003372753	0.00	0.06603242	15.08076	10.00	0.04539659
2.912374	10.00	21.18268	0.003615693	0.00	0.07078876	15.12697	10.00	0.04515433
2.915534	10.00	21.24454	0.003159601	0.00	0.06185929	15.17603	10.00	0.04489636
2.918889	10.00	21.31022	0.003355038	0.00	0.0656856	15.27568	10.00	0.04437116
2.925703	10.00	21.44363	0.006813977	0.00	0.1334054	15.32442	10.00	0.04411375
2.92714	10.00	21.50887	0.001437137	0.00	0.0652397	15.37353	10.00	0.04385303
2.928588	10.00	21.57463	0.001448519	0.00	0.06575638	15.42295	10.00	0.04359007
2.930046	10.00	21.64079	0.001457406	0.00	0.06615982	15.47264	10.00	0.04332519
2.931511	10.00	21.70731	0.00146542	0.00	0.06652362	15.52162	10.00	0.04306336
2.933591	10.00	21.77289	0.002079754	0.00	0.06558368	15.62028	10.00	0.0425353
2.936501	10.00	21.905	0.002910166	0.00	0.1321087	15.67007	10.00	0.04226815
2.93797	10.00	21.97166	0.001468507	0.00	0.06666376	15.72028	10.00	0.04199792
2.940102	10.00	22.0389	0.002132186	0.00	0.06723707	15.76906	10.00	0.04173486
2.942806	10.00	22.10421	0.002703601	0.00	0.0653133	15.81774	10.00	0.04147184
2.945504	10.00	22.1694	0.002698503	0.00	0.06519015	15.86698	10.00	0.04120545
2.947596	10.00	22.23536	0.002091515	0.00	0.06595456	15.91603	10.00	0.04093975
2.949678	10.00	22.30104	0.002082851	0.00	0.06568135	15.96565	10.00	0.04067062
2.949855	10.00	22.3675	0.0001769582	0.00	0.06645568	16.01784	10.00	0.04038712
2.949855	10.00	22.43739	0	0.00	0.06988987	16.06539	10.00	0.0401285
2.949855	10.00	22.50108	0	0.00	0.06368963	16.11347	10.00	0.03986661
2.949855	10.00	22.56547	0	0.00	0.06439601	16.21238	10.00	0.03932746
2.949855	10.00	22.69795	0	0.00	0.1324753	16.2616	10.00	0.03907302
2.949855	10.00	22.76385	0	0.00	0.06590077	16.3125	10.00	0.03882615
2.949855	10.00	22.83202	0	0.00	0.06817135	16.36184	10.00	0.0385865
2.949855	10.00	22.89811	0	0.00	0.06609046	16.41053	10.00	0.03834958
2.949855	10.00	22.96331	0	0.00	0.06520431	16.45965	10.00	0.03811
2.949855	10.00	23.0291	0	0.00	0.06578752	16.50812	10.00	0.03787323
2.949855	10.00	23.09403	0	0.00	0.06492969	16.55782	10.00	0.03763002
2.949855	10.00	23.1606	0	0.00	0.06657175	16.60706	10.00	0.03738864
2.949855	10.00	23.22656	0	0.00	0.06596164	16.6564	10.00	0.03714639
2.949855	10.00	23.29265	0	0.00	0.06608621	16.75549	10.00	0.03665905
2.949855	10.00	23.42537	0	0.00	0.1327231	16.80524	10.00	0.03641391
2.949855	10.00	23.49202	0	0.00	0.06664961	16.85524	10.00	0.03616694
2.949855	10.00	23.55899	0	0.00	0.06697094	16.90446	10.00	0.0359257
2.949855	10.00	23.62491	0	0.00	0.06591917	16.95325	10.00	0.03568638
2.949855	10.00	23.69024	0	0.00	0.0653218	17.00307	10.00	0.03544159
2.949855	10.00	23.75695	0	0.00	0.06671048	17.05091	10.00	0.03520617
2.949855	10.00	23.82101	0	0.00	0.06406052	17.10165	10.00	0.03495612
2.949855	10.00	23.88896	0	0.00	0.06795052	17.15067	10.00	0.03471431
2.949855	10.00	23.95461	0	0.00	0.06565163	17.20006	10.00	0.03447033
2.949855	10.00	24.02075	0	0.00	0.06614283	17.29928	10.00	0.03397964
2.949855	10.00	24.15363	0	0.00	0.1328731	17.34695	10.00	0.03374359
2.949855	10.00	24.21747	0	0.00	0.0638411	17.39812	10.00	0.03348961
2.949855	10.00	24.286	0	0.00	0.06853516	17.44696	10.00	0.03324717
2.949855	10.00	24.35142	0	0.00	0.06541947	17.49596	10.00	0.03300358
2.949855	10.00	24.41705	0	0.00	0.06563181	17.54418	10.00	0.03276392
2.949855	10.00	24.48163	0	0.00	0.06457721	17.59369	10.00	0.03251754
2.948394	10.00	24.54795	-0.001461023	0.00	0.06632403	17.64332	10.00	0.0322705
2.937275	10.00	24.61443	-0.01111901	0.00	0.06647266	17.69268	10.00	0.03202502
2.921094	10.00	24.68054	-0.01618157	0.00	0.06611877	17.74204	10.00	0.03177986
2.894023	10.00	24.74668	-0.02707054	0.00	0.06613151	17.8413	10.00	0.03130161
2.831845	10.00	24.87969	-0.06217789	0.00	0.1330175	17.89028	10.00	0.03106612
2.797351	10.00	24.94533	-0.03449428	0.00	0.06563605	17.94071	10.00	0.03081369
2.761195	10.00	25.01288	-0.03615568	0.00	0.06755275	17.99018	10.00	0.03056728
2.721879	10.00	25.07915	-0.03931686	0.00	0.06626599	18.03778	10.00	0.03033126
2.682811	10.00	25.14291	-0.03906763	0.00	0.06376466	18.08707	10.00	0.03008801
2.639793	10.00	25.20895	-0.04301827	0.00	0.06603808	18.13713	10.00	0.02984217
2.595461	10.00	25.27601	-0.04433151	0.00	0.0670573	18.18609	10.00	0.02960291
2.552089	10.00	25.34162	-0.04337228	0.00	0.06560633	18.23541	10.00	0.02939174
2.505791	10.00	25.40777	-0.0462977	0.00	0.06615558	18.28549	10.00	0.0291469
2.45751	10.00	25.4749	-0.04828132	0.00	0.06713232	18.38355	10.00	0.02866909
2.360418	10.00	25.60636	-0.09709166	0.00	0.1314604	18.43434	10.00	0.02842333
2.310134	10.00	25.67445	-0.05028396	0.00	0.06808359	18.48316	10.00	0.02817073
2.261779	10.00	25.73992	-0.04835503	0.00	0.06547185	18.53288	10.00	0.02790635
2.210478	10.00	25.80675	-0.05130113	0.00	0.06683222	18.58017	10.00	0.02765628
2.160835	10.00	25.87062	-0.04964309	0.00	0.06386659	18.62903	10.00	0.02740015
2.109292	10.00	25.93693	-0.05154334	0.00	0.06631128	18.67821	10.00	0.02714364
2.057043	10.00	26.00415	-0.05224864	0.00	0.06721867	18.72519	10.00	0.02689941
2.006575	10.00	26.06908	-0.05046833	0.00	0.06492827	18.77558	10.00	0.02663793
1.951766	10.00	26.13959	-0.05480909	0.00	0.07051272	18.86611	10.00	0.02619446
1.848909	10.00	26.2687	-0.102856	0.00	0.1291091	18.91067	10.00	0.02599238
1.795671	10.00	26.33472	-0.05323903	0.00	0.06602534	18.95403	10.00	0.02576891
1.742136	10.00	26.40033	-0.05353411	0.00	0.06560349	18.99602	10.00	0.02554859
1.689309	10.00	26.46506	-0.05282716	0.00	0.06473716	19.03815	10.00	0.02537072
1.635179	10.00	26.5314	-0.05413016	0.00	0.06633393	19.07955	10.00	0.02521807
1.580787	10.00	26.59805	-0.05439238	0.00	0.06665527	19.11934	10.00	0.02504537
1.527251	10.00	26.66366	-0.05353526	0.00	0.06560491	19.15821	10.00	0.02488212
1.473701	10.00	26.72928	-0.05355028	0.00	0.06562331	19.19685	10.00	0.02471138
1.419129	10.00	26.79616	-0.05457258	0.00	0.0668761	19.27073	10.00	0.02438776
20.20711
