0.04139569	10.00	-49.86754	0.04139569	0.00	0.1324598	0	10.00	-40
0.2704113	10.00	-49.13473	0.2290156	0.00	0.7328144	-0.0002723345	10.00	-39.98651
0.3690765	10.00	-48.81901	0.09866519	0.00	0.3157133	-0.001132713	10.00	-39.97468
0.4128757	10.00	-48.67886	0.04379919	0.00	0.1401506	-0.001863431	10.00	-39.9614
0.4534985	10.00	-48.54887	0.04062283	0.00	0.1299868	-0.002730161	10.00	-39.94482
0.4950915	10.00	-48.41578	0.04159299	0.00	0.1330911	-0.003888435	10.00	-39.92467
0.5364743	10.00	-48.28337	0.04138286	0.00	0.1324187	-0.005278612	10.00	-39.90028
0.5776037	10.00	-48.15176	0.04112937	0.00	0.1316076	-0.006481423	10.00	-39.87068
0.6189803	10.00	-48.01936	0.04137667	0.00	0.1323989	-0.007713821	10.00	-39.83589
0.6600593	10.00	-47.88791	0.04107894	0.00	0.1314462	-0.009553202	10.00	-39.7945
0.7023225	10.00	-47.75268	0.04226321	0.00	0.1352357	-0.01176654	10.00	-39.75022
0.7437502	10.00	-47.6241	0.04142767	0.00	0.1285783	-0.01427259	10.00	-39.69935
0.7896193	10.00	-47.48981	0.04586913	0.00	0.1342915	-0.01649804	10.00	-39.64579
0.8347757	10.00	-47.3576	0.04515643	0.00	0.132205	-0.01789078	10.00	-39.58944
0.8746188	10.00	-47.22603	0.03984302	0.00	0.131568	-0.01904317	10.00	-39.52989
0.9146573	10.00	-47.09382	0.0400385	0.00	0.1322135	-0.01984559	10.00	-39.46837
0.94678	10.00	-46.96257	0.03212271	0.00	0.1312551	-0.02021225	10.00	-39.40361
0.9716232	10.00	-46.82946	0.02484325	0.00	0.1331095	-0.02062779	10.00	-39.33721
0.9796551	10.00	-46.71902	0.008031929	0.00	0.110431	-0.02084156	10.00	-39.26847
0.9796551	10.00	-46.68159	0	0.00	0.03743234	-0.02059266	10.00	-39.19656
0.9796551	10.00	-46.68159	0	0.00	0	-0.02014926	10.00	-39.12732
0.9796551	10.00	-46.68159	0	0.00	0	-0.01932896	10.00	-39.05572
0.9796551	10.00	-46.68159	0	0.00	0	-0.01830421	10.00	-38.98149
0.9796551	10.00	-46.68159	0	0.00	0	-0.01725671	10.00	-38.90573
0.9796551	10.00	-46.68159	0	0.00	0	-0.01632516	10.00	-38.83078
0.9796551	10.00	-46.6762	0	0.00	0.005387983	-0.01550936	10.00	-38.75373
0.9796551	10.00	-46.57323	0	0.00	0.1029777	-0.01459969	10.00	-38.65582
0.9796551	10.00	-46.40874	0	0.00	0.1644828	-0.01402621	10.00	-38.58868
0.9796551	10.00	-46.29669	0	0.00	0.1120571	-0.01371412	10.00	-38.5048
0.9796551	10.00	-46.15734	0	0.00	0.1393452	-0.01347974	10.00	-38.43737
0.9820813	10.00	-46.04721	0.002426142	0.00	0.1101361	-0.01338007	10.00	-38.34016
0.9886062	10.00	-45.88958	0.006524821	0.00	0.1576259	-0.01337169	10.00	-38.26715
0.9934602	10.00	-45.77232	0.004854048	0.00	0.1172636	-0.01360068	10.00	-38.19012
0.9985352	10.00	-45.64972	0.005075017	0.00	0.1226017	-0.01384695	10.00	-38.10582
1.004031	10.00	-45.51695	0.005495625	0.00	0.1327627	-0.01385078	10.00	-38.02246
1.004031	10.00	-45.38712	0	0.00	0.1298353	-0.01389032	10.00	-37.93602
1.004031	10.00	-45.25367	0	0.00	0.133445	-0.01404127	10.00	-37.85052
1.004031	10.00	-45.12318	0	0.00	0.1304921	-0.01415168	10.00	-37.76245
1.004031	10.00	-44.99028	0	0.00	0.1329043	-0.01449129	10.00	-37.67375
1.004031	10.00	-44.85833	0	0.00	0.1319445	-0.01457162	10.00	-37.58375
1.004031	10.00	-44.72586	0	0.00	0.1324654	-0.01456824	10.00	-37.49324
1.004031	10.00	-44.59428	0	0.00	0.1315807	-0.0144198	10.00	-37.40079
1.004031	10.00	-44.46148	0	0.00	0.1328108	-0.01411397	10.00	-37.30746
1.004031	10.00	-44.32837	0	0.00	0.1331095	-0.01367488	10.00	-37.21494
1.004031	10.00	-44.19679	0	0.00	0.1315708	-0.01335596	10.00	-37.11935
1.004031	10.00	-44.06098	0	0.00	0.1358147	-0.01313472	10.00	-37.04936
1.004031	10.00	-43.96222	0	0.00	0.0987648	-0.01322443	10.00	-36.93563
1.004031	10.00	-43.80102	0	0.00	0.1611903	-0.01323967	10.00	-36.86099
1.004031	10.00	-43.69543	0	0.00	0.1055879	-0.01290477	10.00	-36.74898
1.004031	10.00	-43.53603	0	0.00	0.1594025	-0.01265132	10.00	-36.67554
1.004031	10.00	-43.43153	0	0.00	0.1045035	-0.01249552	10.00	-36.5625
1.004031	10.00	-43.27038	0	0.00	0.1611479	-0.01253741	10.00	-36.48499
1.004031	10.00	-43.16076	0	0.00	0.1096209	-0.01257299	10.00	-36.40841
1.004031	10.00	-43.0522	0	0.00	0.108562	-0.01242966	10.00	-36.32938
1.004031	10.00	-42.93993	0	0.00	0.1122708	-0.01247358	10.00	-36.23803
1.004031	10.00	-42.80991	0	0.00	0.1300193	-0.01260348	10.00	-36.14476
1.004031	10.00	-42.67707	0	0.00	0.1328349	-0.01297342	10.00	-36.05135
1.004031	10.00	-42.54413	0	0.00	0.1329467	-0.01335068	10.00	-35.9566
1.004031	10.00	-42.40925	0	0.00	0.134879	-0.01381084	10.00	-35.88324
1.004031	10.00	-42.30489	0	0.00	0.1043577	-0.01422766	10.00	-35.77153
1.004031	10.00	-42.14632	0	0.00	0.1585743	-0.01490043	10.00	-35.69633
1.004031	10.00	-42.04035	0	0.00	0.1059644	-0.0155363	10.00	-35.5838
1.004031	10.00	-41.88144	0	0.00	0.1589113	-0.01594286	10.00	-35.49987
1.004031	10.00	-41.76431	0	0.00	0.1171347	-0.01623684	10.00	-35.39174
1.004031	10.00	-41.61356	0	0.00	0.1507504	-0.01657323	10.00	-35.31502
1.004031	10.00	-41.50735	0	0.00	0.1062008	-0.01674069	10.00	-35.20304
1.004031	10.00	-41.35132	0	0.00	0.1560348	-0.01689606	10.00	-35.11092
1.004031	10.00	-41.22353	0	0.00	0.1277884	-0.01695444	10.00	-35.01493
1.004031	10.00	-41.09047	0	0.00	0.1330671	-0.01697518	10.00	-34.92004
1.004031	10.00	-40.959	0	0.00	0.131459	-0.0169572	10.00	-34.82182
1.004031	10.00	-40.82304	0	0.00	0.1359704	-0.01690041	10.00	-34.72864
1.004031	10.00	-40.69409	0	0.00	0.1289435	-0.01686867	10.00	-34.63072
1.004031	10.00	-40.55898	0	0.00	0.135114	-0.01686829	10.00	-34.55426
1.004031	10.00	-40.45384	0	0.00	0.1051406	-0.01680562	10.00	-34.43909
1.004031	10.00	-40.29482	0	0.00	0.1590146	-0.01671466	10.00	-34.36292
1.004031	10.00	-40.19024	0	0.00	0.1045871	-0.01659679	10.00	-34.28859
1.004031	10.00	-40.08804	0	0.00	0.1022004	-0.01651306	10.00	-34.20091
1.004031	10.00	-39.96726	0	0.00	0.120777	-0.01629688	10.00	-34.1048
1.004031	10.00	-39.83497	0	0.00	0.1322885	-0.01586564	10.00	-34.00793
1.004031	10.00	-39.70134	0	0.00	0.1336347	-0.01543148	10.00	-33.91325
1.004031	10.00	-39.57034	0	0.00	0.1309989	-0.01499654	10.00	-33.81845
1.004031	10.00	-39.43901	0	0.00	0.1313217	-0.01453729	10.00	-33.72294
1.004031	10.00	-39.30621	0	0.00	0.1328052	-0.01392532	10.00	-33.6272
1.004031	10.00	-39.17296	0	0.00	0.1332497	-0.01325004	10.00	-33.53164
1.004031	10.00	-39.03968	0	0.00	0.1332808	-0.01260773	10.00	-33.43913
1.004031	10.00	-38.91046	0	0.00	0.1292209	-0.01168846	10.00	-33.34389
1.004031	10.00	-38.77751	0	0.00	0.1329453	-0.01179137	10.00	-33.24941
1.004031	10.00	-38.64587	0	0.00	0.1316373	-0.01106754	10.00	-33.15399
1.004031	10.00	-38.51289	0	0.00	0.1329836	-0.01026255	10.00	-33.05941
1.004031	10.00	-38.38163	0	0.00	0.131265	-0.009679591	10.00	-32.96116
1.004031	10.00	-38.24599	0	0.00	0.1356377	-0.009408984	10.00	-32.88487
1.004031	10.00	-38.14127	0	0.00	0.1047187	-0.009356876	10.00	-32.76916
1.004031	10.00	-37.98222	0	0.00	0.15905	-0.009270024	10.00	-32.69194
1.004031	10.00	-37.87716	0	0.00	0.1050641	-0.009412272	10.00	-32.57506
1.004031	10.00	-37.7172	0	0.00	0.1599588	-0.009381222	10.00	-32.49846
1.004031	10.00	-37.61338	0	0.00	0.1038212	-0.009594157	10.00	-32.38105
1.004031	10.00	-37.45335	0	0.00	0.1600225	-0.009825358	10.00	-32.29933
1.004031	10.00	-37.34278	0	0.00	0.1105721	-0.01001684	10.00	-32.18546
1.004031	10.00	-37.18812	0	0.00	0.1546631	-0.01021216	10.00	-32.1074
1.004031	10.00	-37.08262	0	0.00	0.1054987	-0.01043843	10.00	-31.99068
1.004031	10.00	-36.92413	0	0.00	0.1584866	-0.01075139	10.00	-31.91216
1.004031	10.00	-36.81792	0	0.00	0.1062093	-0.01121612	10.00	-31.79624
1.004031	10.00	-36.66027	0	0.00	0.1576471	-0.01168508	10.00	-31.71802
1.004031	10.00	-36.55402	0	0.00	0.1062532	-0.01226835	10.00	-31.60224
1.004031	10.00	-36.39594	0	0.00	0.1580789	-0.01287607	10.00	-31.52505
1.004031	10.00	-36.291	0	0.00	0.104948	-0.01353283	10.00	-31.40743
1.004031	10.00	-36.1304	0	0.00	0.160593	-0.0142002	10.00	-31.33194
1.004031	10.00	-36.02774	0	0.00	0.1026647	-0.01483629	10.00	-31.25382
1.004031	10.00	-35.92167	0	0.00	0.1060678	-0.01545654	10.00	-31.16602
1.004031	10.00	-35.80259	0	0.00	0.1190755	-0.01604956	10.00	-31.06908
1.004031	10.00	-35.67119	0	0.00	0.1314023	-0.01665794	10.00	-30.97094
1.004031	10.00	-35.53793	0	0.00	0.133261	-0.01721009	10.00	-30.87287
1.004031	10.00	-35.40498	0	0.00	0.1329538	-0.01776475	10.00	-30.77625
1.004031	10.00	-35.27403	0	0.00	0.1309494	-0.01826602	10.00	-30.67806
1.004031	10.00	-35.14075	0	0.00	0.1332822	-0.01871542	10.00	-30.58234
1.004031	10.00	-35.01089	0	0.00	0.1298523	-0.01908026	10.00	-30.48341
1.004031	10.00	-34.8764	0	0.00	0.1344982	-0.0194389	10.00	-30.38706
1.004031	10.00	-34.74535	0	0.00	0.131047	-0.01968881	10.00	-30.2877
1.004031	10.00	-34.60987	0	0.00	0.1354735	-0.01986471	10.00	-30.19165
1.004031	10.00	-34.47886	0	0.00	0.1310131	-0.02001852	10.00	-30.09348
1.002374	10.00	-34.34467	-0.001656645	0.00	0.1341882	-0.02017983	10.00	-30.02251
1.001177	10.00	-34.2477	-0.001197247	0.00	0.09697693	-0.02057072	10.00	-29.90384
0.9755518	10.00	-34.08509	-0.02562512	0.00	0.1626073	-0.02112642	10.00	-29.82397
0.9414617	10.00	-33.97601	-0.03409007	0.00	0.1090829	-0.02147104	10.00	-29.70879
0.8708575	10.00	-33.81844	-0.07060422	0.00	0.1575721	-0.02183816	10.00	-29.63035
0.8209052	10.00	-33.71157	-0.04995233	0.00	0.1068633	-0.02232445	10.00	-29.51351
0.7465183	10.00	-33.55243	-0.07438689	0.00	0.1591363	-0.02283562	10.00	-29.44249
0.7017338	10.00	-33.45663	-0.04478446	0.00	0.09580766	-0.02334664	10.00	-29.36873
0.6550761	10.00	-33.35681	-0.04665773	0.00	0.09981516	-0.02387641	10.00	-29.27013
0.5924205	10.00	-33.22277	-0.06265564	0.00	0.1340396	-0.0242909	10.00	-29.17369
0.5311908	10.00	-33.09178	-0.06122967	0.00	0.130989	-0.0247799	10.00	-29.07707
0.46975	10.00	-32.96034	-0.06144075	0.00	0.1314406	-0.02537584	10.00	-28.97992
0.4078084	10.00	-32.82783	-0.06194166	0.00	0.1325122	-0.02593857	10.00	-28.88293
0.3497415	10.00	-32.69538	-0.05806691	0.00	0.1324541	-0.02636313	10.00	-28.78718
0.2974876	10.00	-32.56463	-0.0522539	0.00	0.1307455	-0.02657916	10.00	-28.69028
0.2470438	10.00	-32.43199	-0.05044382	0.00	0.1326438	-0.02689665	10.00	-28.59124
0.1980222	10.00	-32.29617	-0.04902158	0.00	0.1358204	-0.02717438	10.00	-28.52141
0.163541	10.00	-32.20063	-0.03448121	0.00	0.09553446	-0.02738043	10.00	-28.44223
0.124325	10.00	-32.09198	-0.03921594	0.00	0.1086526	-0.02754552	10.00	-28.35271
0.07994978	10.00	-31.96903	-0.04437524	0.00	0.1229471	-0.02762695	10.00	-28.25699
0.03262855	10.00	-31.83792	-0.04732123	0.00	0.1311093	-0.02761768	10.00	-28.1605
-0.0152225	10.00	-31.70535	-0.04785106	0.00	0.1325773	-0.02763021	10.00	-28.06425
-0.06302502	10.00	-31.5729	-0.04780252	0.00	0.1324428	-0.02756089	10.00	-27.96741
-0.1111264	10.00	-31.43963	-0.04810141	0.00	0.1332709	-0.02747658	10.00	-27.87105
-0.1588973	10.00	-31.30728	-0.04777084	0.00	0.132355	-0.02751975	10.00	-27.77565
-0.2061516	10.00	-31.17635	-0.0472543	0.00	0.1309239	-0.0278229	10.00	-27.67803
-0.2543178	10.00	-31.0429	-0.0481663	0.00	0.1334507	-0.02805693	10.00	-27.57995
-0.3026901	10.00	-30.90888	-0.0483722	0.00	0.1340212	-0.028296	10.00	-27.48429
-0.349857	10.00	-30.7782	-0.04716693	0.00	0.1306818	-0.02879381	10.00	-27.38956
-0.3965569	10.00	-30.64881	-0.04669994	0.00	0.129388	-0.02928306	10.00	-27.29011
-0.4535654	10.00	-30.51276	-0.05700848	0.00	0.1360497	-0.02993694	10.00	-27.21365
-0.5013127	10.00	-30.40845	-0.04774731	0.00	0.1043068	-0.03083355	10.00	-27.09833
-0.5859594	10.00	-30.2503	-0.08464663	0.00	0.1581525	-0.03165767	10.00	-27.02858
-0.6405715	10.00	-30.15515	-0.05461212	0.00	0.09515084	-0.03256684	10.00	-26.95261
-0.713419	10.00	-30.05106	-0.07284749	0.00	0.104093	-0.03378217	10.00	-26.85682
-0.8174657	10.00	-29.91885	-0.1040467	0.00	0.1322106	-0.0351129	10.00	-26.76249
-0.9206144	10.00	-29.78778	-0.1031488	0.00	0.1310697	-0.03645176	10.00	-26.66788
-1.028603	10.00	-29.65544	-0.1079889	0.00	0.1323352	-0.03775608	10.00	-26.57149
-1.139347	10.00	-29.51973	-0.1107439	0.00	0.1357114	-0.03900913	10.00	-26.48097
-1.24367	10.00	-29.39189	-0.1043224	0.00	0.1278422	-0.04017841	10.00	-26.38502
-1.354513	10.00	-29.25606	-0.1108432	0.00	0.1358331	-0.04110403	10.00	-26.31682
-1.433114	10.00	-29.15973	-0.07860079	0.00	0.09632152	-0.0418849	10.00	-26.2476
-1.513196	10.00	-29.0616	-0.08008283	0.00	0.0981377	-0.04284729	10.00	-26.15405
-1.615699	10.00	-28.92806	-0.1025023	0.00	0.1335342	-0.04380118	10.00	-26.06156
-1.707012	10.00	-28.79575	-0.09131326	0.00	0.1323097	-0.04477923	10.00	-25.96945
-1.790272	10.00	-28.66402	-0.08325959	0.00	0.1317293	-0.04574447	10.00	-25.87652
-1.873933	10.00	-28.53166	-0.08366132	0.00	0.1323649	-0.04660419	10.00	-25.78553
-1.950891	10.00	-28.40195	-0.07695814	0.00	0.1297079	-0.04758371	10.00	-25.69211
-2.027224	10.00	-28.26896	-0.07633282	0.00	0.1329949	-0.04855733	10.00	-25.59857
-2.095866	10.00	-28.13589	-0.06864268	0.00	0.1330656	-0.04941948	10.00	-25.50386
-2.154855	10.00	-28.00134	-0.05898847	0.00	0.1345562	-0.05030324	10.00	-25.43004
-2.186582	10.00	-27.89657	-0.03172678	0.00	0.1047668	-0.05153097	10.00	-25.32014
-2.186582	10.00	-27.74044	0	0.00	0.1561282	-0.05268816	10.00	-25.24528
-2.186582	10.00	-27.63549	0	0.00	0.1049523	-0.05386366	10.00	-25.13146
-2.186582	10.00	-27.47491	0	0.00	0.1605746	-0.05451917	10.00	-25.06234
-2.186582	10.00	-27.37801	0	0.00	0.09690332	-0.05511777	10.00	-24.99104
-2.186582	10.00	-27.27794	0	0.00	0.10007	-0.05590135	10.00	-24.89594
-2.186582	10.00	-27.14434	0	0.00	0.1335979	-0.05671658	10.00	-24.80235
-2.186582	10.00	-27.01326	0	0.00	0.1310853	-0.05769122	10.00	-24.70705
-2.186582	10.00	-26.88035	0	0.00	0.1329071	-0.05873634	10.00	-24.60831
-2.186582	10.00	-26.74312	0	0.00	0.1372289	-0.05963935	10.00	-24.53543
-2.186582	10.00	-26.64244	0	0.00	0.1006815	-0.06066285	10.00	-24.42117
-2.186582	10.00	-26.48468	0	0.00	0.1577547	-0.06128602	10.00	-24.34674
-2.186582	10.00	-26.38248	0	0.00	0.1022018	-0.06174066	10.00	-24.22869
-2.186582	10.00	-26.22003	0	0.00	0.1624502	-0.06201075	10.00	-24.15451
-2.186582	10.00	-26.11824	0	0.00	0.1017885	-0.06213813	10.00	-24.08345
-2.186582	10.00	-26.02069	0	0.00	0.09754882	-0.06222402	10.00	-23.98644
-2.186582	10.00	-25.88766	0	0.00	0.1330373	-0.0622852	10.00	-23.89037
-2.186582	10.00	-25.75618	0	0.00	0.1314774	-0.06229879	10.00	-23.79333
-2.186582	10.00	-25.62359	0	0.00	0.13259	-0.06231607	10.00	-23.69713
-2.186582	10.00	-25.49227	0	0.00	0.1313202	-0.06222788	10.00	-23.59895
-2.186582	10.00	-25.35831	0	0.00	0.133956	-0.06214696	10.00	-23.5038
-2.186582	10.00	-25.22864	0	0.00	0.1296697	-0.06206985	10.00	-23.43054
-2.188775	10.00	-25.12908	-0.002193172	0.00	0.09956036	-0.06197016	10.00	-23.35785
-2.1967	10.00	-25.03017	-0.007925188	0.00	0.09890919	-0.06196122	10.00	-23.25991
-2.220337	10.00	-24.8966	-0.02363728	0.00	0.1335781	-0.06217995	10.00	-23.16363
-2.268875	10.00	-24.76563	-0.04853776	0.00	0.1309664	-0.06259461	10.00	-23.0659
-2.329528	10.00	-24.63313	-0.06065273	0.00	0.1324994	-0.06312238	10.00	-22.96558
-2.398271	10.00	-24.49732	-0.06874285	0.00	0.135809	-0.06360236	10.00	-22.88657
-2.459561	10.00	-24.39054	-0.06129066	0.00	0.1067869	-0.06414587	10.00	-22.8054
-2.526123	10.00	-24.28015	-0.06656165	0.00	0.1103839	-0.06487881	10.00	-22.71867
-2.599919	10.00	-24.16158	-0.07379597	0.00	0.118573	-0.06569179	10.00	-22.62811
-2.677331	10.00	-24.03719	-0.0774125	0.00	0.1243839	-0.06648923	10.00	-22.5341
-2.757902	10.00	-23.90774	-0.08057092	0.00	0.1294588	-0.06734414	10.00	-22.43479
-2.843256	10.00	-23.77059	-0.08535392	0.00	0.1371439	-0.06791472	10.00	-22.36769
-2.901064	10.00	-23.67771	-0.05780741	0.00	0.09288308	-0.06830321	10.00	-22.29477
-2.963958	10.00	-23.57665	-0.06289436	0.00	0.1010566	-0.06862399	10.00	-22.19746
-3.047812	10.00	-23.44192	-0.08385357	0.00	0.1347332	-0.06888758	10.00	-22.10386
-3.128733	10.00	-23.3119	-0.08092156	0.00	0.1300222	-0.06918375	10.00	-22.00894
-3.210931	10.00	-23.17982	-0.08219726	0.00	0.1320719	-0.06949521	10.00	-21.91256
-3.294605	10.00	-23.04538	-0.08367471	0.00	0.1344458	-0.06972452	10.00	-21.81857
-3.376196	10.00	-22.91428	-0.08159114	0.00	0.131098	-0.06998014	10.00	-21.7548
-3.423568	10.00	-22.82577	-0.04737114	0.00	0.08850753	-0.07029767	10.00	-21.6754
-3.466861	10.00	-22.71476	-0.04329297	0.00	0.1110138	-0.07071509	10.00	-21.58142
-3.482515	10.00	-22.58305	-0.01565449	0.00	0.1317081	-0.07122359	10.00	-21.48899
-3.482515	10.00	-22.45349	0	0.00	0.1295593	-0.07183097	10.00	-21.39396
-3.482515	10.00	-22.32023	0	0.00	0.133261	-0.07248785	10.00	-21.30032
-3.482515	10.00	-22.18892	0	0.00	0.1313061	-0.07306021	10.00	-21.22946
-3.482515	10.00	-22.08978	0	0.00	0.09913993	-0.07361138	10.00	-21.15868
-3.482515	10.00	-21.99091	0	0.00	0.0988738	-0.07432454	10.00	-21.06322
-3.482515	10.00	-21.85779	0	0.00	0.1331237	-0.07489236	10.00	-20.96699
-3.482515	10.00	-21.72417	0	0.00	0.1336177	-0.07550035	10.00	-20.87257
-3.482515	10.00	-21.59345	0	0.00	0.1307158	-0.0760254	10.00	-20.77527
-3.482515	10.00	-21.45887	0	0.00	0.1345831	-0.07650897	10.00	-20.70783
-3.482515	10.00	-21.36613	0	0.00	0.09273728	-0.07698127	10.00	-20.63265
-3.482515	10.00	-21.26275	0	0.00	0.1033796	-0.07747643	10.00	-20.53474
-3.482515	10.00	-21.12827	0	0.00	0.1344841	-0.07808974	10.00	-20.43947
-3.482515	10.00	-20.99807	0	0.00	0.1302034	-0.07872444	10.00	-20.34291
-3.482515	10.00	-20.86655	0	0.00	0.1315128	-0.07951106	10.00	-20.24436
-3.482515	10.00	-20.7328	0	0.00	0.1337579	-0.08008569	10.00	-20.14577
-3.482515	10.00	-20.59928	0	0.00	0.1335172	-0.08056244	10.00	-20.07589
-3.482515	10.00	-20.50499	0	0.00	0.09428734	-0.08097257	10.00	-20.00119
-3.482515	10.00	-20.40404	0	0.00	0.100949	-0.08136249	10.00	-19.90331
-3.482515	10.00	-20.27156	0	0.00	0.132481	-0.08173148	10.00	-19.80582
-3.482515	10.00	-20.13962	0	0.00	0.1319459	-0.08210764	10.00	-19.70768
-3.482515	10.00	-20.00676	0	0.00	0.1328576	-0.08234581	10.00	-19.60693
-3.482515	10.00	-19.87036	0	0.00	0.1363951	-0.08262443	10.00	-19.52947
-3.482515	10.00	-19.76563	0	0.00	0.1047272	-0.08290567	10.00	-19.45448
-3.482515	10.00	-19.66409	0	0.00	0.1015422	-0.0831904	10.00	-19.36732
-3.482515	10.00	-19.54569	0	0.00	0.1184017	-0.08349551	10.00	-19.26855
-3.482515	10.00	-19.41138	0	0.00	0.1343142	-0.08392402	10.00	-19.17158
-3.482515	10.00	-19.27963	0	0.00	0.1317449	-0.08434273	10.00	-19.07499
-3.482515	10.00	-19.14838	0	0.00	0.1312495	-0.08469453	10.00	-18.97545
-3.482515	10.00	-19.01297	0	0.00	0.1354169	-0.08494657	10.00	-18.90956
-3.482515	10.00	-18.924	0	0.00	0.08896618	-0.08523246	10.00	-18.82975
-3.482515	10.00	-18.81575	0	0.00	0.1082463	-0.08551957	10.00	-18.7335
-3.482515	10.00	-18.68534	0	0.00	0.1304143	-0.085824	10.00	-18.63546
-3.482515	10.00	-18.55267	0	0.00	0.1326693	-0.08611766	10.00	-18.537
-3.482515	10.00	-18.41971	0	0.00	0.1329637	-0.08643425	10.00	-18.43861
-3.482515	10.00	-18.28671	0	0.00	0.132992	-0.08676273	10.00	-18.3681
-3.482515	10.00	-18.19174	0	0.00	0.09497388	-0.08715566	10.00	-18.2937
-3.482515	10.00	-18.09123	0	0.00	0.1005088	-0.08775792	10.00	-18.1961
-3.482515	10.00	-17.95887	0	0.00	0.1323593	-0.08838105	10.00	-18.09888
-3.482515	10.00	-17.82692	0	0.00	0.1319544	-0.088806	10.00	-18.0008
-3.482515	10.00	-17.69382	0	0.00	0.1330968	-0.08921148	10.00	-17.90254
-3.482515	10.00	-17.56063	0	0.00	0.1331874	-0.08965149	10.00	-17.80401
-3.482515	10.00	-17.4272	0	0.00	0.1334309	-0.09006448	10.00	-17.73213
-3.482515	10.00	-17.33015	0	0.00	0.09704771	-0.09044812	10.00	-17.65952
-3.482515	10.00	-17.23196	0	0.00	0.09819432	-0.09058975	10.00	-17.56139
-3.482515	10.00	-17.09916	0	0.00	0.1328009	-0.09054194	10.00	-17.46385
-3.482515	10.00	-16.96728	0	0.00	0.131878	-0.09052114	10.00	-17.36646
-3.482515	10.00	-16.83568	0	0.00	0.1316034	-0.09051241	10.00	-17.2646
-3.482515	10.00	-16.69794	0	0.00	0.1377385	-0.09048493	10.00	-17.16966
-3.482515	10.00	-16.56976	0	0.00	0.1281847	-0.09045553	10.00	-17.10346
-3.482515	10.00	-16.48053	0	0.00	0.08922665	-0.09047449	10.00	-17.0225
-3.482515	10.00	-16.37119	0	0.00	0.1093406	-0.09041072	10.00	-16.9255
-3.482515	10.00	-16.24029	0	0.00	0.1309012	-0.0903473	10.00	-16.82669
-3.482515	10.00	-16.1069	0	0.00	0.1333898	-0.0902689	10.00	-16.72856
-3.482515	10.00	-15.97438	0	0.00	0.1325122	-0.09021568	10.00	-16.62924
-3.482515	10.00	-15.84015	0	0.00	0.1342349	-0.09017026	10.00	-16.53019
-3.482515	10.00	-15.70621	0	0.00	0.1339391	-0.09010128	10.00	-16.45064
-3.482515	10.00	-15.59877	0	0.00	0.1074451	-0.09008869	10.00	-16.33758
-3.482515	10.00	-15.44571	0	0.00	0.1530564	-0.09000604	10.00	-16.26315
-3.482515	10.00	-15.34568	0	0.00	0.1000332	-0.09001082	10.00	-16.18969
-3.482515	10.00	-15.24657	0	0.00	0.09910312	-0.09005538	10.00	-16.09365
-3.482515	10.00	-15.11658	0	0.00	0.1299953	-0.09014077	10.00	-15.99621
-3.482515	10.00	-14.98462	0	0.00	0.1319572	-0.09022625	10.00	-15.8988
-3.482515	10.00	-14.85259	0	0.00	0.1320351	-0.09037475	10.00	-15.79954
-3.482515	10.00	-14.71821	0	0.00	0.1343765	-0.09054071	10.00	-15.70082
-3.482515	10.00	-14.58475	0	0.00	0.1334535	-0.09078994	10.00	-15.60305
-3.482515	10.00	-14.45278	0	0.00	0.1319785	-0.0909659	10.00	-15.53341
-3.482515	10.00	-14.35899	0	0.00	0.09379046	-0.09115132	10.00	-15.45769
-3.483778	10.00	-14.25666	-0.001263342	0.00	0.1023306	-0.09133187	10.00	-15.36014
-3.507171	10.00	-14.12446	-0.0233923	0.00	0.1321937	-0.09153076	10.00	-15.26334
-3.554509	10.00	-13.9933	-0.0473386	0.00	0.1311574	-0.09194138	10.00	-15.16486
-3.615467	10.00	-13.86014	-0.06095793	0.00	0.1331661	-0.09263165	10.00	-15.0657
-3.678009	10.00	-13.72634	-0.06254182	0.00	0.1337961	-0.09346192	10.00	-14.96792
-3.739716	10.00	-13.59433	-0.06170676	0.00	0.1320096	-0.09431411	10.00	-14.87041
-3.805139	10.00	-13.46256	-0.06542338	0.00	0.1317718	-0.09526195	10.00	-14.773
-3.87186	10.00	-13.33075	-0.06672081	0.00	0.1318143	-0.09633581	10.00	-14.67492
-3.939121	10.00	-13.19787	-0.06726108	0.00	0.1328816	-0.09728489	10.00	-14.6014
-3.989489	10.00	-13.09836	-0.05036753	0.00	0.09950656	-0.09832515	10.00	-14.52978
-4.038754	10.00	-13.00103	-0.04926479	0.00	0.09732799	-0.09964477	10.00	-14.43393
-4.105108	10.00	-12.86994	-0.06635467	0.00	0.1310909	-0.1011631	10.00	-14.33717
-4.172378	10.00	-12.73704	-0.06726968	0.00	0.1328986	-0.1026533	10.00	-14.2406
-4.23981	10.00	-12.60382	-0.06743161	0.00	0.1332185	-0.1051402	10.00	-14.14625
-4.305958	10.00	-12.47314	-0.06614831	0.00	0.1306832	-0.1080275	10.00	-14.05112
-4.372757	10.00	-12.34117	-0.06679963	0.00	0.13197	-0.1097569	10.00	-13.9528
-4.44164	10.00	-12.20508	-0.06888329	0.00	0.1360865	-0.1110501	10.00	-13.88078
-4.491852	10.00	-12.10588	-0.05021132	0.00	0.09919797	-0.1121106	10.00	-13.7642
-4.567311	10.00	-11.94446	-0.07545885	0.00	0.1614296	-0.1128015	10.00	-13.68787
-4.595038	10.00	-11.83947	-0.02772732	0.00	0.1049877	-0.1137093	10.00	-13.57253
-4.601646	10.00	-11.67982	-0.006608497	0.00	0.1596473	-0.1145707	10.00	-13.49721
-4.601646	10.00	-11.57621	0	0.00	0.1036075	-0.1153364	10.00	-13.38066
-4.601646	10.00	-11.4152	0	0.00	0.1610091	-0.1162984	10.00	-13.2994
-4.601646	10.00	-11.30343	0	0.00	0.1117711	-0.1171387	10.00	-13.18782
-4.601646	10.00	-11.14941	0	0.00	0.1540261	-0.11778	10.00	-13.1061
-4.601646	10.00	-11.03739	0	0.00	0.1120189	-0.1181777	10.00	-12.9968
-4.601646	10.00	-10.88693	0	0.00	0.1504617	-0.1188198	10.00	-12.92076
-4.601646	10.00	-10.78309	0	0.00	0.1038326	-0.1190899	10.00	-12.80238
-4.601646	10.00	-10.62081	0	0.00	0.1622832	-0.119628	10.00	-12.73198
-4.601646	10.00	-10.52514	0	0.00	0.0956661	-0.1199085	10.00	-12.65771
-4.601646	10.00	-10.42403	0	0.00	0.1011132	-0.1199365	10.00	-12.55945
-4.601646	10.00	-10.29013	0	0.00	0.1339023	-0.1201395	10.00	-12.46364
-4.601646	10.00	-10.15989	0	0.00	0.1302373	-0.1203098	10.00	-12.3667
-4.601646	10.00	-10.02829	0	0.00	0.1316062	-0.1204241	10.00	-12.26807
-4.601646	10.00	-9.894876	0	0.00	0.1334096	-0.1205172	10.00	-12.16986
-4.601646	10.00	-9.762224	0	0.00	0.1326509	-0.1205963	10.00	-12.07028
-4.601646	10.00	-9.627757	0	0.00	0.1344671	-0.1206873	10.00	-11.97422
-4.601646	10.00	-9.498188	0	0.00	0.1295692	-0.1207152	10.00	-11.87361
-4.601646	10.00	-9.362529	0	0.00	0.135659	-0.1208089	10.00	-11.80524
-4.601646	10.00	-9.270813	0	0.00	0.09171665	-0.1208627	10.00	-11.72809
-4.601646	10.00	-9.16696	0	0.00	0.1038524	-0.1208317	10.00	-11.63018
-4.601646	10.00	-9.034769	0	0.00	0.1321908	-0.1208748	10.00	-11.53211
-4.601646	10.00	-8.902427	0	0.00	0.1323423	-0.1209293	10.00	-11.43477
-4.597481	10.00	-8.771077	0.004165299	0.00	0.13135	-0.1208962	10.00	-11.33404
-4.58791	10.00	-8.635206	0.009571183	0.00	0.1358713	-0.1207711	10.00	-11.237
-4.577427	10.00	-8.504373	0.01048313	0.00	0.1308333	-0.1217698	10.00	-11.16105
-4.569261	10.00	-8.402453	0.008166328	0.00	0.1019187	-0.1218854	10.00	-11.04246
-4.556435	10.00	-8.242386	0.01282557	0.00	0.1600678	-0.1216299	10.00	-10.96806
-4.548409	10.00	-8.142219	0.008026022	0.00	0.1001676	-0.1213856	10.00	-10.88741
-4.539693	10.00	-8.033442	0.008715869	0.00	0.1087772	-0.1211353	10.00	-10.79809
-4.530031	10.00	-7.912854	0.009662168	0.00	0.1205873	-0.1209003	10.00	-10.69891
-4.519296	10.00	-7.778883	0.0107346	0.00	0.1339716	-0.1206649	10.00	-10.60222
-4.508831	10.00	-7.648267	0.01046567	0.00	0.1306153	-0.1205145	10.00	-10.50484
-4.498293	10.00	-7.516756	0.01053747	0.00	0.1315113	-0.1203763	10.00	-10.40649
-4.487653	10.00	-7.383962	0.01064023	0.00	0.1327939	-0.1201466	10.00	-10.30802
-4.476995	10.00	-7.250944	0.01065815	0.00	0.1330175	-0.1198925	10.00	-10.20888
-4.466261	10.00	-7.116985	0.01073358	0.00	0.1339589	-0.1195847	10.00	-10.12897
-4.457612	10.00	-7.00904	0.008649175	0.00	0.1079448	-0.1193887	10.00	-10.01327
-4.44959	10.00	-6.851991	0.008021667	0.00	0.1570498	-0.11913	10.00	-9.932298
-4.443967	10.00	-6.7419	0.005623134	0.00	0.1100908	-0.1189355	10.00	-9.819655
-4.436133	10.00	-6.588524	0.007834038	0.00	0.1533763	-0.1185764	10.00	-9.740854
-4.430658	10.00	-6.481332	0.005475056	0.00	0.1071917	-0.1183784	10.00	-9.625102
-4.422592	10.00	-6.323406	0.008066422	0.00	0.157926	-0.1181335	10.00	-9.53618
-4.416431	10.00	-6.202785	0.006161002	0.00	0.1206213	-0.1177997	10.00	-9.429788
-4.409028	10.00	-6.057851	0.007402819	0.00	0.1449338	-0.1176168	10.00	-9.354682
-4.403835	10.00	-5.95619	0.005192565	0.00	0.1016611	-0.1174225	10.00	-9.27973
-4.398639	10.00	-5.854452	0.00519647	0.00	0.1017375	-0.1172077	10.00	-9.188215
-4.392282	10.00	-5.729996	0.006356873	0.00	0.1244561	-0.1171005	10.00	-9.091605
-4.386853	10.00	-5.598835	0.005429352	0.00	0.1311617	-0.1169036	10.00	-8.995118
-4.386853	10.00	-5.467981	0	0.00	0.1308531	-0.1167097	10.00	-8.896619
-4.386853	10.00	-5.334443	0	0.00	0.1335385	-0.1166045	10.00	-8.799851
-4.386853	10.00	-5.203553	0	0.00	0.1308899	-0.1166123	10.00	-8.700365
-4.386853	10.00	-5.068999	0	0.00	0.1345534	-0.1165318	10.00	-8.603862
-4.386853	10.00	-4.93857	0	0.00	0.1304298	-0.1165259	10.00	-8.506019
-4.386853	10.00	-4.806234	0	0.00	0.1323352	-0.1165049	10.00	-8.408747
-4.386853	10.00	-4.674615	0	0.00	0.1316189	-0.1164936	10.00	-8.310855
-4.386853	10.00	-4.542123	0	0.00	0.1324923	-0.1165068	10.00	-8.212617
-4.386853	10.00	-4.409198	0	0.00	0.1329255	-0.1165263	10.00	-8.113126
-4.386853	10.00	-4.274569	0	0.00	0.1346284	-0.1165548	10.00	-8.035948
-4.386853	10.00	-4.170551	0	0.00	0.104018	-0.1166291	10.00	-7.918486
-4.386853	10.00	-4.011636	0	0.00	0.1589155	-0.1168396	10.00	-7.84057
-4.386853	10.00	-3.907132	0	0.00	0.1045035	-0.1170759	10.00	-7.722623
-4.386853	10.00	-3.747611	0	0.00	0.1595214	-0.117426	10.00	-7.645103
-4.386853	10.00	-3.642998	0	0.00	0.1046126	-0.1187398	10.00	-7.528464
-4.386853	10.00	-3.484197	0	0.00	0.1588008	-0.1189023	10.00	-7.448247
-4.386853	10.00	-3.375492	0	0.00	0.108705	-0.1196652	10.00	-7.333217
-4.386853	10.00	-3.218755	0	0.00	0.1567369	-0.1201209	10.00	-7.252962
-4.386853	10.00	-3.110019	0	0.00	0.1087361	-0.1203917	10.00	-7.137349
-4.386853	10.00	-2.953172	0	0.00	0.1568473	-0.1206998	10.00	-7.057739
-4.386853	10.00	-2.845343	0	0.00	0.1078287	-0.1210998	10.00	-6.940941
-4.386853	10.00	-2.68699	0	0.00	0.1583535	-0.1214932	10.00	-6.856878
-4.387156	10.00	-2.573087	-0.0003033009	0.00	0.113903	-0.1216446	10.00	-6.746082
-4.387557	10.00	-2.42271	-0.0004004233	0.00	0.1503767	-0.1218724	10.00	-6.663675
-4.39002	10.00	-2.310879	-0.002463468	0.00	0.1118306	-0.1218995	10.00	-6.552409
-4.396285	10.00	-2.159534	-0.006264827	0.00	0.151345	-0.1220935	10.00	-6.47154
-4.402943	10.00	-2.049955	-0.006658081	0.00	0.1095798	-0.1222836	10.00	-6.357635
-4.415349	10.00	-1.89512	-0.01240624	0.00	0.1548344	-0.1224927	10.00	-6.278996
-4.423851	10.00	-1.789016	-0.008501723	0.00	0.1061046	-0.1226023	10.00	-6.16293
-4.436455	10.00	-1.631705	-0.01260462	0.00	0.1573102	-0.1226952	10.00	-6.087247
-4.444612	10.00	-1.529911	-0.008156347	0.00	0.1017941	-0.1227636	10.00	-5.969054
-4.463641	10.00	-1.369808	-0.01902945	0.00	0.1601032	-0.122909	10.00	-5.889431
-4.476355	10.00	-1.262839	-0.01271412	0.00	0.1069695	-0.1229188	10.00	-5.772775
-4.495146	10.00	-1.104743	-0.01879087	0.00	0.1580959	-0.1228741	10.00	-5.693074
-4.501673	10.00	-0.9973302	-0.006526399	0.00	0.1074126	-0.1230351	10.00	-5.576964
-4.501673	10.00	-0.8395712	0	0.00	0.157759	-0.1230287	10.00	-5.504484
-4.501673	10.00	-0.7416459	0	0.00	0.09792536	-0.123013	10.00	-5.429545
-4.501673	10.00	-0.6403415	0	0.00	0.1013043	-0.1228868	10.00	-5.332063
-4.501673	10.00	-0.5085471	0	0.00	0.1317945	-0.1225955	10.00	-5.234312
-4.501673	10.00	-0.376519	0	0.00	0.132028	-0.1224693	10.00	-5.138192
-4.501673	10.00	-0.2465634	0	0.00	0.1299556	-0.1220457	10.00	-5.038016
-4.501673	10.00	-0.1110785	0	0.00	0.1354849	-0.1215312	10.00	-4.941821
-4.501673	10.00	0.01910783	0	0.00	0.1301864	-0.1209211	10.00	-4.843169
-4.501673	10.00	0.1528544	0	0.00	0.1337465	-0.1204244	10.00	-4.745039
-4.501673	10.00	0.2859809	0	0.00	0.1331265	-0.1199223	10.00	-4.666137
-4.501673	10.00	0.3927564	0	0.00	0.1067756	-0.1192365	10.00	-4.551935
-4.501673	10.00	0.5477791	0	0.00	0.1550227	-0.1186279	10.00	-4.479578
-4.501673	10.00	0.645686	0	0.00	0.09790696	-0.1180885	10.00	-4.400715
-4.501673	10.00	0.7527292	0	0.00	0.1070431	-0.1176206	10.00	-4.307928
-4.501673	10.00	0.8788924	0	0.00	0.1261633	-0.1171907	10.00	-4.212234
-4.501673	10.00	1.009049	0	0.00	0.1301566	-0.1167707	10.00	-4.113668
-4.501673	10.00	1.143011	0	0.00	0.1339617	-0.1162685	10.00	-4.015823
-4.501673	10.00	1.275958	0	0.00	0.1329467	-0.1158215	10.00	-3.917507
-4.501673	10.00	1.409512	0	0.00	0.133554	-0.1153705	10.00	-3.839628
-4.501673	10.00	1.51518	0	0.00	0.1056686	-0.1149796	10.00	-3.724729
-4.501673	10.00	1.671274	0	0.00	0.1560943	-0.1144348	10.00	-3.643832
-4.501673	10.00	1.781146	0	0.00	0.1098714	-0.1138721	10.00	-3.529498
-4.501673	10.00	1.936705	0	0.00	0.1555592	-0.113288	10.00	-3.44373
-4.501673	10.00	2.053308	0	0.00	0.1166025	-0.1127775	10.00	-3.334502
-4.501673	10.00	2.2023	0	0.00	0.1489923	-0.1123021	10.00	-3.258047
-4.501673	10.00	2.306673	0	0.00	0.1043733	-0.1118495	10.00	-3.141814
-4.501673	10.00	2.465489	0	0.00	0.1588164	-0.1114193	10.00	-3.064595
-4.501673	10.00	2.570922	0	0.00	0.1054322	-0.1108956	10.00	-2.949208
-4.501673	10.00	2.728618	0	0.00	0.1576967	-0.1104408	10.00	-2.870956
-4.501673	10.00	2.835507	0	0.00	0.1068888	-0.1099171	10.00	-2.755332
-4.501673	10.00	2.993681	0	0.00	0.1581737	-0.1094747	10.00	-2.677009
-4.501673	10.00	3.100622	0	0.00	0.1069412	-0.1089015	10.00	-2.560828
-4.501673	10.00	3.259174	0	0.00	0.1585517	-0.1085175	10.00	-2.482845
-4.501673	10.00	3.365451	0	0.00	0.1062773	-0.1080127	10.00	-2.366162
-4.501673	10.00	3.524409	0	0.00	0.158958	-0.10773	10.00	-2.293481
-4.501673	10.00	3.622876	0	0.00	0.09846753	-0.1074083	10.00	-2.215199
-4.501673	10.00	3.72911	0	0.00	0.1062334	-0.1070481	10.00	-2.124351
-4.501673	10.00	3.85272	0	0.00	0.1236096	-0.1067567	10.00	-2.027737
-4.501673	10.00	3.984123	0	0.00	0.1314038	-0.1064417	10.00	-1.931382
-4.501673	10.00	4.115104	0	0.00	0.1309805	-0.1062393	10.00	-1.833356
-4.501673	10.00	4.248308	0	0.00	0.1332044	-0.1061207	10.00	-1.735716
-4.501673	10.00	4.38096	0	0.00	0.1326523	-0.1060668	10.00	-1.638978
-4.501673	10.00	4.512615	0	0.00	0.1316543	-0.1060504	10.00	-1.542446
-4.501673	10.00	4.644118	0	0.00	0.1315029	-0.1061013	10.00	-1.4452
-4.501673	10.00	4.776778	0	0.00	0.1326608	-0.106025	10.00	-1.348819
-4.501673	10.00	4.908153	0	0.00	0.131374	-0.1058761	10.00	-1.248933
-4.501673	10.00	5.044284	0	0.00	0.1361318	-0.1057104	10.00	-1.15322
-4.501673	10.00	5.174544	0	0.00	0.13026	-0.106669	10.00	-1.054773
-4.501673	10.00	5.309457	0	0.00	0.134913	-0.1066538	10.00	-0.9840294
-4.501673	10.00	5.405371	0	0.00	0.09591383	-0.1064817	10.00	-0.9108059
-4.501673	10.00	5.504427	0	0.00	0.09905642	-0.1063059	10.00	-0.8137473
-4.501673	10.00	5.63583	0	0.00	0.1314023	-0.1064003	10.00	-0.716042
-4.501673	10.00	5.768067	0	0.00	0.1322375	-0.1061828	10.00	-0.6170924
-4.501673	10.00	5.901794	0	0.00	0.1337267	-0.1058697	10.00	-0.5188453
-4.501673	10.00	6.034431	0	0.00	0.1326367	-0.1055574	10.00	-0.4217289
-4.501673	10.00	6.165523	0	0.00	0.1310923	-0.1052063	10.00	-0.3224291
-4.501673	10.00	6.299464	0	0.00	0.1339405	-0.1048329	10.00	-0.2254748
-4.501673	10.00	6.430226	0	0.00	0.1307625	-0.1045229	10.00	-0.128499
-4.501673	10.00	6.561099	0	0.00	0.1308729	-0.104187	10.00	-0.03072727
-4.501673	10.00	6.693141	0	0.00	0.1320422	-0.103828	10.00	0.06897753
-4.501673	10.00	6.827789	0	0.00	0.1346483	-0.1034919	10.00	0.1473437
-4.501673	10.00	6.933478	0	0.00	0.1056884	-0.1030838	10.00	0.2633043
-4.501673	10.00	7.090485	0	0.00	0.1570073	-0.1027148	10.00	0.3446846
-4.501673	10.00	7.20026	0	0.00	0.1097752	-0.1022974	10.00	0.4609371
-4.501673	10.00	7.35753	0	0.00	0.1572692	-0.1018807	10.00	0.5374036
-4.501673	10.00	7.460578	0	0.00	0.1030483	-0.1015143	10.00	0.6113442
-4.501673	10.00	7.560317	0	0.00	0.09973872	-0.1011572	10.00	0.7034271
-4.501673	10.00	7.684798	0	0.00	0.1244816	-0.1007726	10.00	0.8011456
-4.501673	10.00	7.816942	0	0.00	0.1321441	-0.1004494	10.00	0.899729
-4.501673	10.00	7.950166	0	0.00	0.1332242	-0.1001205	10.00	0.9968395
-4.501673	10.00	8.081314	0	0.00	0.1311475	-0.09980523	10.00	1.094132
-4.501673	10.00	8.21273	0	0.00	0.1314165	-0.09945416	10.00	1.193434
-4.501673	10.00	8.3468	0	0.00	0.1340693	-0.09904285	10.00	1.291033
-4.501673	10.00	8.478427	0	0.00	0.1316274	-0.0986753	10.00	1.388918
-4.501673	10.00	8.610421	0	0.00	0.1319941	-0.09831547	10.00	1.486024
-4.501673	10.00	8.741461	0	0.00	0.13104	-0.09795438	10.00	1.584429
-4.501673	10.00	8.874534	0	0.00	0.1330727	-0.09751311	10.00	1.682521
-4.501673	10.00	9.007291	0	0.00	0.1327571	-0.09709917	10.00	1.78097
-4.501673	10.00	9.140553	0	0.00	0.1332624	-0.09669788	10.00	1.858035
-4.501673	10.00	9.244786	0	0.00	0.1042332	-0.09633639	10.00	1.974931
-4.501673	10.00	9.403131	0	0.00	0.158345	-0.09576859	10.00	2.049177
-4.501673	10.00	9.503423	0	0.00	0.1002908	-0.09528609	10.00	2.12401
-4.501673	10.00	9.60463	0	0.00	0.1012081	-0.09477085	10.00	2.219414
-4.501673	10.00	9.733874	0	0.00	0.1292436	-0.09421059	10.00	2.316999
-4.501673	10.00	9.866116	0	0.00	0.1322418	-0.09364543	10.00	2.414138
-4.501673	10.00	9.997752	0	0.00	0.1316359	-0.09300766	10.00	2.511958
-4.501673	10.00	10.13021	0	0.00	0.1324555	-0.09244278	10.00	2.609788
-4.501673	10.00	10.2628	0	0.00	0.1325971	-0.0919493	10.00	2.706831
-4.501673	10.00	10.39466	0	0.00	0.1318567	-0.09138896	10.00	2.804669
-4.501673	10.00	10.52759	0	0.00	0.1329283	-0.09088121	10.00	2.904051
-4.501673	10.00	10.66264	0	0.00	0.1350503	-0.09039787	10.00	2.99827
-4.501673	10.00	10.79056	0	0.00	0.1279243	-0.08989929	10.00	3.095795
-4.501673	10.00	10.92304	0	0.00	0.1324725	-0.08935495	10.00	3.192639
-4.501673	10.00	11.05458	0	0.00	0.1315425	-0.08890657	10.00	3.290792
-4.501673	10.00	11.18795	0	0.00	0.1333757	-0.08854542	10.00	3.387141
-4.501673	10.00	11.31892	0	0.00	0.1309649	-0.08823591	10.00	3.485272
-4.508472	10.00	11.45204	-0.006799588	0.00	0.1331237	-0.08792906	10.00	3.583611
-4.547524	10.00	11.58526	-0.0390521	0.00	0.1332157	-0.08762038	10.00	3.682039
-4.60711	10.00	11.71824	-0.05958541	0.00	0.1329807	-0.08764292	10.00	3.778443
-4.667725	10.00	11.84791	-0.06061495	0.00	0.1296739	-0.08762489	10.00	3.878276
-4.733478	10.00	11.98298	-0.06575309	0.00	0.1350701	-0.08766165	10.00	3.955517
-4.788317	10.00	12.08733	-0.05483956	0.00	0.1043493	-0.08795294	10.00	4.07162
-4.883555	10.00	12.24527	-0.09523819	0.00	0.1579402	-0.08811974	10.00	4.148279
-4.94848	10.00	12.34959	-0.0649242	0.00	0.1043181	-0.08820119	10.00	4.221275
-5.010486	10.00	12.44922	-0.0620063	0.00	0.09962972	-0.0897779	10.00	4.312223
-5.089561	10.00	12.57628	-0.07907497	0.00	0.1270551	-0.09029274	10.00	4.408012
-5.171449	10.00	12.70785	-0.08188803	0.00	0.131575	-0.0907025	10.00	4.504078
-5.253408	10.00	12.83954	-0.0819594	0.00	0.1316897	-0.09103688	10.00	4.600569
-5.335879	10.00	12.97205	-0.08247037	0.00	0.1325107	-0.09123664	10.00	4.696514
-5.415284	10.00	13.10373	-0.07940485	0.00	0.1316826	-0.09146512	10.00	4.793365
-5.443923	10.00	13.23652	-0.02863968	0.00	0.1327839	-0.09165957	10.00	4.891003
-5.443923	10.00	13.37057	0	0.00	0.1340509	-0.09177767	10.00	4.988567
-5.443923	10.00	13.5046	0	0.00	0.1340353	-0.09203245	10.00	5.064404
-5.443923	10.00	13.60893	0	0.00	0.1043238	-0.09244567	10.00	5.179463
-5.443923	10.00	13.76754	0	0.00	0.1586083	-0.09277742	10.00	5.257432
-5.443923	10.00	13.87536	0	0.00	0.1078259	-0.093156	10.00	5.370255
-5.443923	10.00	14.0312	0	0.00	0.1558423	-0.0933835	10.00	5.439266
-5.443923	10.00	14.12679	0	0.00	0.09558259	-0.09378288	10.00	5.512782
-5.443923	10.00	14.22913	0	0.00	0.1023476	-0.09434292	10.00	5.608047
-5.443923	10.00	14.36182	0	0.00	0.1326905	-0.09482769	10.00	5.701938
-5.443923	10.00	14.49259	0	0.00	0.1307639	-0.09547357	10.00	5.796797
-5.443923	10.00	14.62439	0	0.00	0.1318044	-0.09631434	10.00	5.892193
-5.443923	10.00	14.75682	0	0.00	0.13243	-0.09716542	10.00	5.988308
-5.433281	10.00	14.88964	0.01064216	0.00	0.1328179	-0.09806553	10.00	6.08516
-5.408336	10.00	15.0233	0.02494496	0.00	0.1336545	-0.09850931	10.00	6.180178
-5.37247	10.00	15.1543	0.03586574	0.00	0.1310003	-0.0986466	10.00	6.275365
-5.334052	10.00	15.28535	0.03841884	0.00	0.1310555	-0.09862443	10.00	6.37178
-5.291303	10.00	15.40775	0.04274852	0.00	0.1224001	-0.09839243	10.00	6.468061
-5.239877	10.00	15.5077	0.05142623	0.00	0.09994756	-0.09811754	10.00	6.564542
-5.180921	10.00	15.60106	0.0589562	0.00	0.09335527	-0.09823333	10.00	6.662462
-5.111704	10.00	15.68456	0.06921665	0.00	0.08350821	-0.09824318	10.00	6.760138
-5.035533	10.00	15.75559	0.07617113	0.00	0.07103094	-0.09832991	10.00	6.857271
-4.957329	10.00	15.81848	0.07820369	0.00	0.06288841	-0.0983156	10.00	6.935714
-4.895267	10.00	15.86716	0.06206193	0.00	0.04867653	-0.09827739	10.00	7.051691
-4.80506	10.00	15.93302	0.09020744	0.00	0.0658579	-0.09792469	10.00	7.126229
-4.747164	10.00	15.97528	0.05789533	0.00	0.04226774	-0.09769796	10.00	7.247035
-4.652998	10.00	16.04403	0.09416582	0.00	0.0687478	-0.09720013	10.00	7.319992
-4.596344	10.00	16.08539	0.05665468	0.00	0.04136198	-0.09678869	10.00	7.39383
-4.53877	10.00	16.12743	0.05757359	0.00	0.04203285	-0.09624514	10.00	7.490413
-4.463201	10.00	16.1826	0.07556909	0.00	0.05517086	-0.09569684	10.00	7.585929
-4.389653	10.00	16.241	0.07354815	0.00	0.0584031	-0.09535018	10.00	7.683509
-4.314245	10.00	16.30088	0.07540768	0.00	0.05987972	-0.09504897	10.00	7.780069
-4.239526	10.00	16.36021	0.07471914	0.00	0.05933296	-0.09467296	10.00	7.875831
-4.165113	10.00	16.4193	0.07441321	0.00	0.05909003	-0.09446661	10.00	7.951135
-4.106361	10.00	16.46596	0.05875178	0.00	0.0466536	-0.09433912	10.00	8.065225
-4.016789	10.00	16.53708	0.08957224	0.00	0.0711275	-0.09417106	10.00	8.140572
-3.957342	10.00	16.58429	0.0594475	0.00	0.04720606	-0.09401754	10.00	8.254917
-3.868479	10.00	16.65609	0.08886262	0.00	0.07179604	-0.09410261	10.00	8.329803
-3.810311	10.00	16.70308	0.05816752	0.00	0.04699611	-0.09426793	10.00	8.400968
-3.755011	10.00	16.74776	0.05530048	0.00	0.0446797	-0.09451167	10.00	8.490785
-3.685118	10.00	16.80423	0.0698932	0.00	0.0564698	-0.09469792	10.00	8.584734
-3.61308	10.00	16.86347	0.07203831	0.00	0.05923719	-0.09472689	10.00	8.677679
-3.547949	10.00	16.94257	0.0651303	0.00	0.07910267	-0.09483205	10.00	8.77044
-3.487792	10.00	17.02945	0.06015701	0.00	0.08687932	-0.0950728	10.00	8.864222
-3.430809	10.00	17.12633	0.05698283	0.00	0.09688045	-0.09535043	10.00	8.957318
-3.374218	10.00	17.23149	0.05659079	0.00	0.1051611	-0.09595653	10.00	9.051216
-3.319992	10.00	17.34729	0.05422625	0.00	0.115796	-0.0962842	10.00	9.144795
-3.268294	10.00	17.46574	0.05169839	0.00	0.1184474	-0.09658244	10.00	9.238601
-3.220171	10.00	17.58874	0.04812236	0.00	0.1230009	-0.09692303	10.00	9.329993
-3.175786	10.00	17.71869	0.04438572	0.00	0.1299485	-0.09744011	10.00	9.423317
-3.120188	10.00	17.85137	0.05559734	0.00	0.132682	-0.09736659	10.00	9.515884
-3.084212	10.00	17.98277	0.03597658	0.00	0.1314052	-0.09757141	10.00	9.609123
-3.069687	10.00	18.11581	0.01452444	0.00	0.1330387	-0.09811684	10.00	9.702056
-3.059046	10.00	18.24863	0.01064182	0.00	0.1328137	-0.09857412	10.00	9.795701
-3.048336	10.00	18.38229	0.01070964	0.00	0.1336602	-0.09870788	10.00	9.871978
-3.041736	10.00	18.49091	0.006600024	0.00	0.1086243	-0.09894492	10.00	9.980877
-3.033815	10.00	18.64598	0.007920514	0.00	0.1550694	-0.09931127	10.00	10.05513
-3.033815	10.00	18.75113	0	0.00	0.1051491	-0.1002175	10.00	10.16727
-3.033815	10.00	18.91065	0	0.00	0.15952	-0.1007978	10.00	10.23592
-3.033815	10.00	19.00748	0	0.00	0.09683254	-0.1014342	10.00	10.30709
-3.033815	10.00	19.10812	0	0.00	0.1006362	-0.1017701	10.00	10.40078
-3.033815	10.00	19.24031	0	0.00	0.1321908	-0.1021409	10.00	10.49416
-3.033815	10.00	19.37148	0	0.00	0.1311674	-0.1023224	10.00	10.58801
-3.033815	10.00	19.5027	0	0.00	0.1312296	-0.1022568	10.00	10.68358
-3.033815	10.00	19.63571	0	0.00	0.133009	-0.1023181	10.00	10.77863
-3.033815	10.00	19.76726	0	0.00	0.1315425	-0.1019825	10.00	10.87548
-3.030879	10.00	19.90053	0.00293583	0.00	0.1332737	-0.1025981	10.00	10.96976
-3.020272	10.00	20.03292	0.01060813	0.00	0.1323933	-0.1024158	10.00	11.04604
-3.007807	10.00	20.13779	0.0124641	0.00	0.1048659	-0.1016668	10.00	11.16165
-2.984291	10.00	20.29679	0.02351671	0.00	0.1589976	-0.1010575	10.00	11.23721
-2.966999	10.00	20.40016	0.01729179	0.00	0.1033753	-0.100198	10.00	11.3545
-2.936841	10.00	20.56175	0.03015815	0.00	0.1615867	-0.0993662	10.00	11.42682
-2.917317	10.00	20.6612	0.01952379	0.00	0.09944852	-0.0986831	10.00	11.5061
-2.89152	10.00	20.77095	0.02579655	0.00	0.1097483	-0.0989965	10.00	11.5936
-2.862842	10.00	20.89295	0.02867803	0.00	0.1220072	-0.09880983	10.00	11.6881
-2.830855	10.00	21.02366	0.0319876	0.00	0.130703	-0.09861047	10.00	11.78328
-2.794645	10.00	21.15591	0.0362099	0.00	0.1322574	-0.09792661	10.00	11.87735
-2.754848	10.00	21.28733	0.03979715	0.00	0.1314165	-0.09731166	10.00	11.97293
-2.713145	10.00	21.42077	0.04170271	0.00	0.1334422	-0.09710047	10.00	12.06601
-2.667176	10.00	21.55165	0.04596918	0.00	0.1308743	-0.09658565	10.00	12.16288
-2.623504	10.00	21.68719	0.04367166	0.00	0.1355429	-0.09666251	10.00	12.24053
-2.587543	10.00	21.79555	0.03596107	0.00	0.1083553	-0.09649358	10.00	12.35214
-2.534311	10.00	21.95139	0.05323201	0.00	0.1558479	-0.0961935	10.00	12.43114
-2.497624	10.00	22.06194	0.03668691	0.00	0.1105424	-0.09567404	10.00	12.54111
-2.447815	10.00	22.21653	0.04980889	0.00	0.1545909	-0.09528192	10.00	12.61615
-2.415761	10.00	22.32237	0.03205429	0.00	0.1058483	-0.09442467	10.00	12.72635
-2.371591	10.00	22.4782	0.04416964	0.00	0.1558196	-0.0938376	10.00	12.80151
-2.341414	10.00	22.58465	0.030177	0.00	0.106457	-0.09304075	10.00	12.91314
-2.296571	10.00	22.74285	0.04484378	0.00	0.1581978	-0.09284578	10.00	12.98877
-2.266221	10.00	22.84992	0.03034995	0.00	0.1070672	-0.09216851	10.00	13.10186
-2.220905	10.00	23.00978	0.04531567	0.00	0.1598625	-0.09177926	10.00	13.17435
-2.191851	10.00	23.11227	0.02905345	0.00	0.1024934	-0.0913909	10.00	13.2495
-2.161723	10.00	23.21856	0.03012805	0.00	0.1062844	-0.09102398	10.00	13.33422
-2.127722	10.00	23.3385	0.0340015	0.00	0.1199489	-0.090571	10.00	13.42642
-2.090597	10.00	23.46947	0.03712497	0.00	0.1309678	-0.09003213	10.00	13.51889
-2.053283	10.00	23.60111	0.03731397	0.00	0.1316345	-0.08951353	10.00	13.61368
-2.01501	10.00	23.73613	0.038273	0.00	0.1350177	-0.0888815	10.00	13.70619
-1.977617	10.00	23.86804	0.03739262	0.00	0.1319119	-0.08827328	10.00	13.79988
-1.939523	10.00	24.00243	0.03809443	0.00	0.1343878	-0.08792354	10.00	13.86706
-1.912148	10.00	24.099	0.02737495	0.00	0.09657207	-0.08789508	10.00	13.93528
-1.88431	10.00	24.1972	0.02783761	0.00	0.09820423	-0.0883387	10.00	14.02724
-1.846666	10.00	24.33	0.03764461	0.00	0.1328009	-0.08810662	10.00	14.11712
-1.809673	10.00	24.4605	0.03699296	0.00	0.130502	-0.0879195	10.00	14.20718
-1.772376	10.00	24.59208	0.03729712	0.00	0.131575	-0.08774276	10.00	14.29927
-1.734084	10.00	24.72716	0.03829146	0.00	0.1350828	-0.08805699	10.00	14.38817
-1.698335	10.00	24.85774	0.03574947	0.00	0.1305756	-0.08825061	10.00	14.47879
-1.661834	10.00	24.99106	0.03650095	0.00	0.1333205	-0.0887232	10.00	14.56859
-1.625661	10.00	25.12318	0.03617269	0.00	0.1321215	-0.08908562	10.00	14.63622
-1.598333	10.00	25.223	0.02732853	0.00	0.09981799	-0.08933222	10.00	14.7049
-1.570549	10.00	25.32448	0.02778391	0.00	0.1014813	-0.08955888	10.00	14.79266
-1.535085	10.00	25.45401	0.03546345	0.00	0.129531	-0.09006901	10.00	14.88036
-1.499611	10.00	25.58358	0.0354743	0.00	0.1295706	-0.09053512	10.00	14.97019
-1.463374	10.00	25.71594	0.03623664	0.00	0.132355	-0.09047329	10.00	15.05905
-1.427262	10.00	25.84784	0.03611223	0.00	0.1319006	-0.09099213	10.00	15.1496
-1.390862	10.00	25.98079	0.03640019	0.00	0.1329524	-0.09088837	10.00	15.23841
-1.354545	10.00	26.11344	0.03631725	0.00	0.1326495	-0.09088106	10.00	15.32817
-1.317846	10.00	26.24748	0.036699	0.00	0.1340438	-0.09046316	10.00	15.41603
-1.282063	10.00	26.37818	0.0357828	0.00	0.1306974	-0.09059209	10.00	15.50442
-1.2458	10.00	26.51063	0.03626299	0.00	0.1324513	-0.09053113	10.00	15.59238
-1.209805	10.00	26.6421	0.0359948	0.00	0.1314717	-0.09060352	10.00	15.66315
-1.180823	10.00	26.74796	0.02898225	0.00	0.1058583	-0.090187	10.00	15.73218
19.8625
