0.0001768376	10.00	-50.02333	0.0001768376	0.00	-0.02332642	-40	10.00	0
0.4684495	10.00	-50.02333	0.4682727	0.00	0	-39.98589	10.00	-5.588435E-05
0.7224545	10.00	-50.02333	0.254005	0.00	0	-39.96553	10.00	-0.000476295
0.9242427	10.00	-50.02333	0.2017882	0.00	0	-39.95029	10.00	-0.0007513986
1.03166	10.00	-50.02333	0.1074175	0.00	0	-39.9339	10.00	-0.0008430675
1.127282	10.00	-50.02333	0.0956213	0.00	0	-39.91246	10.00	-0.0009939707
1.228826	10.00	-50.02333	0.1015446	0.00	0	-39.88585	10.00	-0.0009423464
1.330715	10.00	-50.02333	0.1018889	0.00	0	-39.84935	10.00	-0.0004123649
1.392427	10.00	-50.02333	0.06171155	0.00	0	-39.80419	10.00	0.001568068
1.419898	10.00	-50.01273	0.02747155	0.00	0.01059195	-39.75059	10.00	0.00410869
1.428638	10.00	-50.00234	0.008739353	0.00	0.0103961	-39.68791	10.00	0.006514607
1.428638	10.00	-49.99506	0	0.00	0.00727615	-39.61565	10.00	0.007959536
1.428638	10.00	-49.99506	0	0.00	0	-39.54257	10.00	0.008575234
1.428638	10.00	-49.99506	0	0.00	0	-39.46196	10.00	0.0079128
1.428638	10.00	-49.99506	0	0.00	0	-39.38049	10.00	0.005732789
1.428638	10.00	-49.99506	0	0.00	0	-39.29493	10.00	0.001706306
1.428638	10.00	-49.99506	0	0.00	0	-39.19685	10.00	-0.003500043
1.428638	10.00	-49.99506	0	0.00	0	-39.10952	10.00	-0.009527948
1.428638	10.00	-49.99506	0	0.00	0	-39.00565	10.00	-0.01821955
1.428638	10.00	-49.99506	0	0.00	0	-38.89774	10.00	-0.02794883
1.428638	10.00	-49.99506	0	0.00	0	-38.78323	10.00	-0.03784741
1.428638	10.00	-49.99506	0	0.00	0	-38.67297	10.00	-0.04795633
1.428638	10.00	-49.99506	0	0.00	0	-38.56604	10.00	-0.05675384
1.428638	10.00	-49.99506	0	0.00	0	-38.46352	10.00	-0.06390417
1.428638	10.00	-49.96244	0	0.00	0.03262487	-38.35249	10.00	-0.07026856
1.428638	10.00	-49.88477	0	0.00	0.07766975	-38.2249	10.00	-0.07745493
1.428638	10.00	-49.72836	0	0.00	0.1564136	-38.11167	10.00	-0.08387249
1.428638	10.00	-49.55479	0	0.00	0.173569	-37.99802	10.00	-0.08982173
1.428638	10.00	-49.37859	0	0.00	0.176194	-37.88858	10.00	-0.09551498
1.428638	10.00	-49.21024	0	0.00	0.1683489	-37.77996	10.00	-0.1006121
1.428638	10.00	-49.04507	0	0.00	0.1651752	-37.66348	10.00	-0.1059593
1.43081	10.00	-48.86909	0.002172545	0.00	0.175976	-37.54224	10.00	-0.1114059
1.43081	10.00	-48.68691	0	0.00	0.1821791	-37.42346	10.00	-0.1167001
1.43081	10.00	-48.50957	0	0.00	0.1773463	-37.3017	10.00	-0.1222778
1.43081	10.00	-48.32891	0	0.00	0.1806531	-37.18374	10.00	-0.1277364
1.43081	10.00	-48.15442	0	0.00	0.1744883	-37.06913	10.00	-0.1329355
1.43081	10.00	-47.9851	0	0.00	0.1693228	-36.9515	10.00	-0.1384206
1.43081	10.00	-47.81194	0	0.00	0.1731576	-36.83896	10.00	-0.1437258
1.43081	10.00	-47.64705	0	0.00	0.1648977	-36.7224	10.00	-0.1488935
1.43081	10.00	-47.47618	0	0.00	0.1708658	-36.59675	10.00	-0.1542309
1.43081	10.00	-47.29246	0	0.00	0.1837221	-36.48774	10.00	-0.1587716
1.43081	10.00	-47.13373	0	0.00	0.1587315	-36.36582	10.00	-0.1633574
1.43081	10.00	-46.95637	0	0.00	0.1773576	-36.2439	10.00	-0.1679175
1.43081	10.00	-46.77826	0	0.00	0.1781107	-36.12797	10.00	-0.1720885
1.43081	10.00	-46.60808	0	0.00	0.170175	-36.00171	10.00	-0.1762911
1.43081	10.00	-46.42283	0	0.00	0.1852495	-35.87225	10.00	-0.180464
1.43081	10.00	-46.23284	0	0.00	0.1899959	-35.74072	10.00	-0.1846171
1.43081	10.00	-46.04023	0	0.00	0.1926091	-35.62245	10.00	-0.1879042
1.43081	10.00	-45.86653	0	0.00	0.1736955	-35.51357	10.00	-0.1905986
1.43081	10.00	-45.70649	0	0.00	0.1600381	-35.39853	10.00	-0.193018
1.43081	10.00	-45.53754	0	0.00	0.1689604	-35.28685	10.00	-0.1950871
1.43081	10.00	-45.37356	0	0.00	0.1639762	-35.18717	10.00	-0.1967113
1.43081	10.00	-45.22731	0	0.00	0.1462489	-35.07835	10.00	-0.1982753
1.43081	10.00	-45.06822	0	0.00	0.1590882	-34.97243	10.00	-0.1995077
1.43081	10.00	-44.91351	0	0.00	0.154707	-34.8665	10.00	-0.2007493
1.43081	10.00	-44.75966	0	0.00	0.1538562	-34.75838	10.00	-0.2016691
1.43081	10.00	-44.60318	0	0.00	0.1564821	-34.65097	10.00	-0.202154
1.43081	10.00	-44.4483	0	0.00	0.1548712	-34.54078	10.00	-0.202567
1.43081	10.00	-44.2901	0	0.00	0.1582021	-34.43047	10.00	-0.2029344
1.43081	10.00	-44.13225	0	0.00	0.1578552	-34.31606	10.00	-0.2035753
1.43081	10.00	-43.9692	0	0.00	0.163049	-34.21149	10.00	-0.2040981
1.43081	10.00	-43.82115	0	0.00	0.1480509	-34.10156	10.00	-0.2046385
1.43081	10.00	-43.66607	0	0.00	0.1550807	-33.99112	10.00	-0.2052254
1.43081	10.00	-43.51015	0	0.00	0.1559201	-33.87495	10.00	-0.2058026
1.43081	10.00	-43.346	0	0.00	0.1641418	-33.76472	10.00	-0.2063209
1.43081	10.00	-43.1908	0	0.00	0.1552038	-33.64997	10.00	-0.2065701
1.43081	10.00	-43.0291	0	0.00	0.1616971	-33.53885	10.00	-0.2067982
1.43081	10.00	-42.87312	0	0.00	0.1559796	-33.42302	10.00	-0.206985
1.43081	10.00	-42.71086	0	0.00	0.1622633	-33.30524	10.00	-0.2071911
1.43081	10.00	-42.54575	0	0.00	0.1651115	-33.19395	10.00	-0.2072921
1.43081	10.00	-42.3896	0	0.00	0.1561551	-33.08653	10.00	-0.2072645
1.43081	10.00	-42.23853	0	0.00	0.1510633	-32.97716	10.00	-0.2070924
1.43081	10.00	-42.08434	0	0.00	0.1541945	-32.86614	10.00	-0.2068479
1.43081	10.00	-41.92748	0	0.00	0.1568573	-32.74422	10.00	-0.2065258
1.43081	10.00	-41.75434	0	0.00	0.1731406	-32.62477	10.00	-0.206163
1.43081	10.00	-41.58392	0	0.00	0.1704171	-32.50203	10.00	-0.2057936
1.43081	10.00	-41.40856	0	0.00	0.1753645	-32.37598	10.00	-0.2053577
1.43081	10.00	-41.22894	0	0.00	0.1796183	-32.27279	10.00	-0.2051173
1.43081	10.00	-41.08207	0	0.00	0.1468746	-32.17395	10.00	-0.2050223
1.43081	10.00	-40.94159	0	0.00	0.140479	-32.07175	10.00	-0.2051187
1.43081	10.00	-40.79659	0	0.00	0.1450018	-31.96916	10.00	-0.205157
1.43081	10.00	-40.65129	0	0.00	0.1452877	-31.87022	10.00	-0.2051639
1.43081	10.00	-40.51093	0	0.00	0.1403686	-31.76048	10.00	-0.2051289
1.43081	10.00	-40.35503	0	0.00	0.1558947	-31.66696	10.00	-0.2049379
1.43081	10.00	-40.22234	0	0.00	0.1326962	-31.57251	10.00	-0.2047457
1.43081	10.00	-40.08893	0	0.00	0.1334096	-31.47545	10.00	-0.2046044
1.43081	10.00	-39.95183	0	0.00	0.1370944	-31.37475	10.00	-0.2045152
1.43081	10.00	-39.80995	0	0.00	0.1418833	-31.27986	10.00	-0.2044605
1.43081	10.00	-39.67646	0	0.00	0.1334875	-31.18224	10.00	-0.204434
1.43081	10.00	-39.53901	0	0.00	0.1374511	-31.08299	10.00	-0.2044249
1.43081	10.00	-39.3993	0	0.00	0.139709	-30.9844	10.00	-0.204482
1.43081	10.00	-39.26052	0	0.00	0.1387775	-30.88222	10.00	-0.2044723
1.43081	10.00	-39.11656	0	0.00	0.1439613	-30.77602	10.00	-0.2044689
1.43081	10.00	-38.96711	0	0.00	0.1494495	-30.67561	10.00	-0.2042805
1.43081	10.00	-38.8257	0	0.00	0.1414161	-30.57681	10.00	-0.2041779
1.43081	10.00	-38.68657	0	0.00	0.1391257	-30.47656	10.00	-0.2041209
1.43081	10.00	-38.54531	0	0.00	0.1412632	-30.37702	10.00	-0.2040888
1.43081	10.00	-38.40493	0	0.00	0.1403771	-30.27861	10.00	-0.2039701
1.43081	10.00	-38.26609	0	0.00	0.1388412	-30.16539	10.00	-0.2038104
1.43081	10.00	-38.10653	0	0.00	0.1595553	-30.072	10.00	-0.2036765
1.43081	10.00	-37.97515	0	0.00	0.1313825	-29.97215	10.00	-0.2035382
1.43081	10.00	-37.83492	0	0.00	0.140237	-29.87172	10.00	-0.203435
1.43081	10.00	-37.6941	0	0.00	0.1408117	-29.77598	10.00	-0.2033614
1.43081	10.00	-37.56012	0	0.00	0.1339787	-29.67644	10.00	-0.2031478
1.43081	10.00	-37.42118	0	0.00	0.1389488	-29.57697	10.00	-0.2029512
1.43081	10.00	-37.28267	0	0.00	0.1385015	-29.44814	10.00	-0.2026895
1.43081	10.00	-37.10384	0	0.00	0.1788341	-29.33246	10.00	-0.2024119
1.43081	10.00	-36.94402	0	0.00	0.1598257	-29.21356	10.00	-0.2020416
1.43081	10.00	-36.78001	0	0.00	0.1640017	-29.10328	10.00	-0.201846
1.43081	10.00	-36.62808	0	0.00	0.1519353	-28.99936	10.00	-0.2016858
1.43081	10.00	-36.48503	0	0.00	0.1430412	-28.89787	10.00	-0.2015325
1.43081	10.00	-36.34525	0	0.00	0.1397911	-28.78537	10.00	-0.2011835
1.43081	10.00	-36.19043	0	0.00	0.154816	-28.69772	10.00	-0.2009825
1.43081	10.00	-36.06989	0	0.00	0.1205435	-28.59437	10.00	-0.2005973
1.43081	10.00	-35.92807	0	0.00	0.1418125	-28.49783	10.00	-0.2002916
1.43081	10.00	-35.79541	0	0.00	0.1326665	-28.40175	10.00	-0.1999687
1.43081	10.00	-35.66311	0	0.00	0.1323027	-28.3057	10.00	-0.1996261
1.43081	10.00	-35.53055	0	0.00	0.1325518	-28.20994	10.00	-0.1992424
1.43081	10.00	-35.39807	0	0.00	0.1324867	-28.11493	10.00	-0.1988188
1.43081	10.00	-35.26643	0	0.00	0.1316331	-28.01967	10.00	-0.1983801
1.43081	10.00	-35.1344	0	0.00	0.1320323	-27.92457	10.00	-0.1978733
1.43081	10.00	-35.0023	0	0.00	0.1320974	-27.83047	10.00	-0.1973363
1.43081	10.00	-34.87147	0	0.00	0.1308319	-27.73435	10.00	-0.1968299
1.43081	10.00	-34.73759	0	0.00	0.1338796	-27.63924	10.00	-0.1963657
1.43081	10.00	-34.60542	0	0.00	0.132171	-27.54346	10.00	-0.1959829
1.43081	10.00	-34.47239	0	0.00	0.1330274	-27.44891	10.00	-0.1956186
1.43081	10.00	-34.34132	0	0.00	0.1310782	-27.35361	10.00	-0.1952559
1.43081	10.00	-34.20885	0	0.00	0.132464	-27.25862	10.00	-0.1948803
1.43081	10.00	-34.07688	0	0.00	0.1319728	-27.16304	10.00	-0.1945591
1.43081	10.00	-33.94444	0	0.00	0.1324357	-27.06905	10.00	-0.1942716
1.43081	10.00	-33.81424	0	0.00	0.1302076	-26.97231	10.00	-0.1940624
1.43081	10.00	-33.68021	0	0.00	0.1340197	-26.87652	10.00	-0.1938477
1.43081	10.00	-33.54763	0	0.00	0.1325829	-26.78113	10.00	-0.1936194
1.43081	10.00	-33.41584	0	0.00	0.131793	-26.68527	10.00	-0.1933648
1.43081	10.00	-33.28357	0	0.00	0.1322644	-26.58931	10.00	-0.1930667
1.43081	10.00	-33.15115	0	0.00	0.1324286	-26.48788	10.00	-0.1926712
1.43081	10.00	-33.01117	0	0.00	0.1399708	-26.39236	10.00	-0.1923026
1.43081	10.00	-32.87955	0	0.00	0.1316203	-26.2996	10.00	-0.1917753
1.43081	10.00	-32.75226	0	0.00	0.1272943	-26.18924	10.00	-0.1911508
1.43081	10.00	-32.60094	0	0.00	0.1513238	-26.08551	10.00	-0.1904828
1.43081	10.00	-32.45913	0	0.00	0.141804	-25.98299	10.00	-0.1899336
1.43081	10.00	-32.31928	0	0.00	0.1398519	-25.87699	10.00	-0.1893438
1.43081	10.00	-32.17492	0	0.00	0.1443605	-25.76898	10.00	-0.1887712
1.43081	10.00	-32.02804	0	0.00	0.1468803	-25.67098	10.00	-0.1882615
1.43081	10.00	-31.89498	0	0.00	0.1330628	-25.57408	10.00	-0.1877776
1.43081	10.00	-31.76365	0	0.00	0.1313231	-25.47593	10.00	-0.1872731
1.43081	10.00	-31.63076	0	0.00	0.1328901	-25.37995	10.00	-0.1867718
1.43081	10.00	-31.50081	0	0.00	0.1299556	-25.28108	10.00	-0.1862866
1.43081	10.00	-31.36685	0	0.00	0.1339546	-25.18504	10.00	-0.185858
1.43081	10.00	-31.23675	0	0.00	0.1301014	-25.08545	10.00	-0.1854248
1.43081	10.00	-31.1018	0	0.00	0.1349554	-24.98911	10.00	-0.1850284
1.43081	10.00	-30.97132	0	0.00	0.1304794	-24.89004	10.00	-0.1845099
1.43081	10.00	-30.83718	0	0.00	0.1341372	-24.79333	10.00	-0.1840674
1.43081	10.00	-30.70617	0	0.00	0.1310145	-24.69519	10.00	-0.1836023
1.43081	10.00	-30.57325	0	0.00	0.1329142	-24.59886	10.00	-0.1831144
1.43081	10.00	-30.44289	0	0.00	0.1303647	-24.50062	10.00	-0.1826149
1.43081	10.00	-30.30987	0	0.00	0.1330161	-24.40382	10.00	-0.1821352
1.43081	10.00	-30.17876	0	0.00	0.1311107	-24.30623	10.00	-0.1816638
1.43081	10.00	-30.04645	0	0.00	0.1323069	-24.20559	10.00	-0.1811922
1.43081	10.00	-29.91019	0	0.00	0.1362648	-24.11002	10.00	-0.1807092
1.43081	10.00	-29.78077	0	0.00	0.1294149	-24.01191	10.00	-0.1801578
1.43081	10.00	-29.64795	0	0.00	0.1328264	-23.91424	10.00	-0.1796637
1.43081	10.00	-29.51561	0	0.00	0.1323338	-23.81717	10.00	-0.1791137
1.43081	10.00	-29.38416	0	0.00	0.1314491	-23.71919	10.00	-0.1786317
1.43081	10.00	-29.25148	0	0.00	0.132682	-23.62194	10.00	-0.1781272
1.43081	10.00	-29.11981	0	0.00	0.1316756	-23.52404	10.00	-0.177631
1.43081	10.00	-28.98729	0	0.00	0.1325178	-23.41653	10.00	-0.177055
1.43081	10.00	-28.84171	0	0.00	0.1455836	-23.32149	10.00	-0.1765825
1.43081	10.00	-28.71309	0	0.00	0.1286108	-23.2273	10.00	-0.1760947
1.43081	10.00	-28.58561	0	0.00	0.1274854	-23.12909	10.00	-0.1755745
1.43081	10.00	-28.45266	0	0.00	0.1329482	-23.03064	10.00	-0.1750519
1.43081	10.00	-28.31937	0	0.00	0.1332893	-22.935	10.00	-0.1746017
1.43081	10.00	-28.18971	0	0.00	0.1296584	-22.8298	10.00	-0.1740591
1.43081	10.00	-28.04703	0	0.00	0.1426802	-22.72474	10.00	-0.1735002
1.43081	10.00	-27.90442	0	0.00	0.1426123	-22.61937	10.00	-0.1728998
1.43081	10.00	-27.76145	0	0.00	0.1429719	-22.5282	10.00	-0.1724085
1.43081	10.00	-27.63771	0	0.00	0.1237398	-22.43489	10.00	-0.1719705
1.43081	10.00	-27.5113	0	0.00	0.1264139	-22.3415	10.00	-0.1715497
1.43081	10.00	-27.38488	0	0.00	0.1264167	-22.2517	10.00	-0.1710982
1.43081	10.00	-27.26338	0	0.00	0.1214976	-22.15674	10.00	-0.1706498
1.43081	10.00	-27.13501	0	0.00	0.128373	-22.05494	10.00	-0.1701594
1.43081	10.00	-26.99745	0	0.00	0.137553	-21.96372	10.00	-0.1697649
1.43081	10.00	-26.87415	0	0.00	0.1233095	-21.86483	10.00	-0.1693371
1.43081	10.00	-26.74035	0	0.00	0.1337918	-21.76726	10.00	-0.1689159
1.43081	10.00	-26.60824	0	0.00	0.1321115	-21.66986	10.00	-0.1684622
1.43081	10.00	-26.47622	0	0.00	0.1320181	-21.57126	10.00	-0.1679595
1.43081	10.00	-26.34259	0	0.00	0.1336319	-21.47474	10.00	-0.1674703
1.43081	10.00	-26.21169	0	0.00	0.1309069	-21.37729	10.00	-0.1670114
1.43081	10.00	-26.07949	0	0.00	0.1321979	-21.2799	10.00	-0.1665549
1.43081	10.00	-25.94754	0	0.00	0.1319473	-21.1818	10.00	-0.1661213
1.43081	10.00	-25.81476	0	0.00	0.1327839	-21.08448	10.00	-0.1656918
1.43081	10.00	-25.68293	0	0.00	0.1318242	-20.98699	10.00	-0.1652905
1.43081	10.00	-25.55079	0	0.00	0.1321469	-20.88991	10.00	-0.1648537
1.43081	10.00	-25.41904	0	0.00	0.1317449	-20.79193	10.00	-0.1644376
1.43081	10.00	-25.28581	0	0.00	0.133227	-20.69573	10.00	-0.164024
1.43081	10.00	-25.15476	0	0.00	0.1310527	-20.59838	10.00	-0.1636613
1.43081	10.00	-25.02208	0	0.00	0.1326778	-20.5012	10.00	-0.1632248
1.43081	10.00	-24.88987	0	0.00	0.1322163	-20.39083	10.00	-0.1627552
1.43081	10.00	-24.73984	0	0.00	0.1500285	-20.29468	10.00	-0.1622993
1.43081	10.00	-24.60914	0	0.00	0.1306931	-20.20481	10.00	-0.1618733
1.43081	10.00	-24.48688	0	0.00	0.122262	-20.11126	10.00	-0.1614577
1.43081	10.00	-24.35963	0	0.00	0.1272476	-20.0151	10.00	-0.1610116
1.43081	10.00	-24.22895	0	0.00	0.1306832	-19.91757	10.00	-0.1605717
1.43081	10.00	-24.09657	0	0.00	0.1323763	-19.82006	10.00	-0.1601053
1.43081	10.00	-23.96434	0	0.00	0.1322347	-19.72308	10.00	-0.159649
1.43081	10.00	-23.83291	0	0.00	0.1314278	-19.62373	10.00	-0.1591369
1.43081	10.00	-23.69844	0	0.00	0.1344713	-19.51837	10.00	-0.1586172
1.43081	10.00	-23.55578	0	0.00	0.1426562	-19.40332	10.00	-0.1580167
1.43081	10.00	-23.39998	0	0.00	0.1557998	-19.30134	10.00	-0.1574863
1.43081	10.00	-23.26196	0	0.00	0.1380301	-19.18482	10.00	-0.1568778
1.43081	10.00	-23.10419	0	0.00	0.1577689	-19.08837	10.00	-0.1563962
1.43081	10.00	-22.97351	0	0.00	0.1306762	-18.99081	10.00	-0.1558837
1.43081	10.00	-22.84128	0	0.00	0.1322333	-18.89318	10.00	-0.1553772
1.43081	10.00	-22.70886	0	0.00	0.1324173	-18.79589	10.00	-0.1548562
1.43081	10.00	-22.5768	0	0.00	0.132062	-18.69882	10.00	-0.1543386
1.43081	10.00	-22.44493	0	0.00	0.1318638	-18.60088	10.00	-0.153779
1.43081	10.00	-22.3118	0	0.00	0.1331322	-18.50347	10.00	-0.1532126
1.43081	10.00	-22.1792	0	0.00	0.1326028	-18.40715	10.00	-0.1525556
1.43081	10.00	-22.04778	0	0.00	0.1314165	-18.31062	10.00	-0.1518847
1.43081	10.00	-21.91591	0	0.00	0.1318709	-18.21388	10.00	-0.1512108
1.43081	10.00	-21.78349	0	0.00	0.1324201	-18.11762	10.00	-0.1504192
1.43081	10.00	-21.65129	0	0.00	0.1321965	-18.02168	10.00	-0.1496719
1.43081	10.00	-21.51912	0	0.00	0.1321781	-17.92628	10.00	-0.1489777
1.43081	10.00	-21.3874	0	0.00	0.1317124	-17.83005	10.00	-0.1482843
1.43081	10.00	-21.25442	0	0.00	0.132985	-17.73495	10.00	-0.1475639
1.43081	10.00	-21.12278	0	0.00	0.1316388	-17.63902	10.00	-0.1469359
1.43081	10.00	-20.99012	0	0.00	0.1326636	-17.54386	10.00	-0.1463162
1.43081	10.00	-20.85861	0	0.00	0.1315085	-17.44764	10.00	-0.1456956
1.435017	10.00	-20.72595	0.004206643	0.00	0.1326537	-17.34568	10.00	-0.1451031
1.444889	10.00	-20.58581	0.00987213	0.00	0.1401435	-17.25125	10.00	-0.1446311
1.454007	10.00	-20.45637	0.009118366	0.00	0.1294432	-17.15653	10.00	-0.1441099
1.463134	10.00	-20.32681	0.009126344	0.00	0.1295564	-17.06204	10.00	-0.1436234
1.472228	10.00	-20.19771	0.009094534	0.00	0.1291049	-16.96515	10.00	-0.1430663
1.481537	10.00	-20.06555	0.009309325	0.00	0.132154	-16.86759	10.00	-0.1425151
1.490885	10.00	-19.93286	0.009347217	0.00	0.1326919	-16.77042	10.00	-0.1419422
1.500187	10.00	-19.8008	0.009302544	0.00	0.1320578	-16.67281	10.00	-0.1413175
1.500187	10.00	-19.66831	0	0.00	0.1324909	-16.57514	10.00	-0.1406342
1.500187	10.00	-19.53577	0	0.00	0.1325447	-16.47812	10.00	-0.1399779
1.500187	10.00	-19.40424	0	0.00	0.1315269	-16.37991	10.00	-0.1393945
1.500187	10.00	-19.27112	0	0.00	0.1331237	-16.27652	10.00	-0.1387395
1.500187	10.00	-19.13098	0	0.00	0.1401336	-16.17043	10.00	-0.138114
1.500187	10.00	-18.98722	0	0.00	0.143766	-16.06178	10.00	-0.1373463
1.500187	10.00	-18.84	0	0.00	0.1472158	-15.96545	10.00	-0.1367615
1.498575	10.00	-18.7094	-0.001612325	0.00	0.1305983	-15.8688	10.00	-0.1361507
1.485529	10.00	-18.57828	-0.01304612	0.00	0.1311277	-15.77462	10.00	-0.1356119
1.470328	10.00	-18.45038	-0.01520088	0.00	0.1278917	-15.68258	10.00	-0.135109
1.450629	10.00	-18.32538	-0.01969879	0.00	0.1250011	-15.59015	10.00	-0.1346695
1.418641	10.00	-18.19965	-0.03198799	0.00	0.1257301	-15.49712	10.00	-0.1342708
1.379122	10.00	-18.0732	-0.03951951	0.00	0.1264563	-15.40091	10.00	-0.1338754
1.338209	10.00	-17.94228	-0.04091304	0.00	0.1309154	-15.30854	10.00	-0.1334972
1.294041	10.00	-17.81653	-0.04416776	0.00	0.1257457	-15.21272	10.00	-0.1330607
1.245607	10.00	-17.68585	-0.04843336	0.00	0.1306846	-15.11577	10.00	-0.132576
1.186349	10.00	-17.5536	-0.05925812	0.00	0.1322503	-15.01845	10.00	-0.1320262
1.119217	10.00	-17.42097	-0.0671321	0.00	0.1326268	-14.92193	10.00	-0.1313872
1.033533	10.00	-17.28944	-0.08568428	0.00	0.1315354	-14.82482	10.00	-0.1308299
0.9267273	10.00	-17.15698	-0.1068056	0.00	0.1324569	-14.7278	10.00	-0.1302247
0.8097199	10.00	-17.02459	-0.1170074	0.00	0.1323904	-14.63086	10.00	-0.1296664
0.6800919	10.00	-16.8924	-0.1296281	0.00	0.132188	-14.53409	10.00	-0.1292296
0.5481035	10.00	-16.76041	-0.1319884	0.00	0.1319884	-14.43873	10.00	-0.128827
0.4179412	10.00	-16.63025	-0.1301623	0.00	0.1301623	-14.32623	10.00	-0.1282867
0.2645139	10.00	-16.47682	-0.1534273	0.00	0.1534273	-14.23262	10.00	-0.1277554
0.1370284	10.00	-16.34934	-0.1274854	0.00	0.1274854	-14.1337	10.00	-0.1272459
0.002265473	10.00	-16.21719	-0.1347629	0.00	0.1321531	-14.03692	10.00	-0.1268017
-0.1294087	10.00	-16.09316	-0.1316741	0.00	0.1240242	-13.94725	10.00	-0.1263631
-0.251304	10.00	-15.98307	-0.1218953	0.00	0.1100923	-13.85481	10.00	-0.1258866
-0.3768005	10.00	-15.86972	-0.1254966	0.00	0.1133449	-13.75718	10.00	-0.125413
-0.5092348	10.00	-15.75653	-0.1324343	0.00	0.1131991	-13.66016	10.00	-0.1249252
-0.6408523	10.00	-15.65295	-0.1316175	0.00	0.1035799	-13.56187	10.00	-0.1244452
-0.7740978	10.00	-15.55712	-0.1332454	0.00	0.09582962	-13.46483	10.00	-0.1238967
-0.9056134	10.00	-15.4638	-0.1315156	0.00	0.09331208	-13.36666	10.00	-0.1233999
-1.038567	10.00	-15.36947	-0.1329538	0.00	0.09433252	-13.26905	10.00	-0.1228935
-1.170706	10.00	-15.28339	-0.1321384	0.00	0.08607712	-13.17308	10.00	-0.1223866
-1.300634	10.00	-15.20127	-0.1299287	0.00	0.0821215	-13.06216	10.00	-0.1218124
-1.450765	10.00	-15.10929	-0.1501304	0.00	0.0919826	-12.9526	10.00	-0.1212337
-1.599007	10.00	-15.02277	-0.148242	0.00	0.08651938	-12.83576	10.00	-0.1205528
-1.757158	10.00	-14.93047	-0.1581511	0.00	0.09230266	-12.73388	10.00	-0.1200518
-1.895123	10.00	-14.84995	-0.137965	0.00	0.08052131	-12.63536	10.00	-0.119593
-2.028534	10.00	-14.77208	-0.133411	0.00	0.07786348	-12.53714	10.00	-0.1192103
-2.161648	10.00	-14.69439	-0.1331138	0.00	0.07768998	-12.4394	10.00	-0.1187909
-2.294367	10.00	-14.61693	-0.1327188	0.00	0.07745948	-12.34227	10.00	-0.1182653
-2.426552	10.00	-14.53979	-0.1321852	0.00	0.07714801	-12.24574	10.00	-0.1177487
-2.55813	10.00	-14.46299	-0.1315779	0.00	0.07679357	-12.14869	10.00	-0.1171151
-2.690574	10.00	-14.38569	-0.1324442	0.00	0.07729919	-12.05265	10.00	-0.1163774
-2.821624	10.00	-14.30921	-0.1310499	0.00	0.07648541	-11.95595	10.00	-0.1157271
-2.95352	10.00	-14.23223	-0.1318964	0.00	0.07697947	-11.8588	10.00	-0.1151101
-3.086426	10.00	-14.15466	-0.1329057	0.00	0.07756854	-11.76318	10.00	-0.1145342
-3.217485	10.00	-14.07817	-0.1310598	0.00	0.0764912	-11.66578	10.00	-0.113956
-3.351065	10.00	-14.00021	-0.1335795	0.00	0.0779618	-11.57006	10.00	-0.1134328
-3.482394	10.00	-13.92356	-0.1313287	0.00	0.07664817	-11.47334	10.00	-0.1129456
-3.615248	10.00	-13.84602	-0.1328547	0.00	0.0775388	-11.37641	10.00	-0.1124389
-3.748153	10.00	-13.76845	-0.1329043	0.00	0.07756771	-11.27353	10.00	-0.1119633
-3.889049	10.00	-13.68622	-0.1408966	0.00	0.08223233	-11.17737	10.00	-0.111455
-4.020617	10.00	-13.60943	-0.131568	0.00	0.07678779	-11.08733	10.00	-0.1110134
-4.143932	10.00	-13.53746	-0.1233152	0.00	0.07197116	-10.99079	10.00	-0.1104797
-4.276303	10.00	-13.4602	-0.1323706	0.00	0.07725624	-10.89401	10.00	-0.109928
-4.40881	10.00	-13.38287	-0.1325065	0.00	0.07733555	-10.79759	10.00	-0.1093918
-4.540534	10.00	-13.30599	-0.1317251	0.00	0.0768795	-10.70056	10.00	-0.1089426
-4.672626	10.00	-13.2289	-0.1320917	0.00	0.07709348	-10.60252	10.00	-0.1083864
-4.805768	10.00	-13.15119	-0.1331421	0.00	0.0777065	-10.50542	10.00	-0.1078087
-4.937497	10.00	-13.07686	-0.1317279	0.00	0.07433015	-10.40937	10.00	-0.1072674
-5.067734	10.00	-13.01094	-0.1302373	0.00	0.0659226	-10.31077	10.00	-0.1066727
-5.201578	10.00	-12.95744	-0.1338442	0.00	0.05349233	-10.21313	10.00	-0.1060355
-5.334199	10.00	-12.91471	-0.1326212	0.00	0.04273028	-10.11617	10.00	-0.1054247
-5.466009	10.00	-12.88756	-0.13181	0.00	0.02715331	-10.01881	10.00	-0.1048466
-5.598359	10.00	-12.88756	-0.1323494	0.00	0	-9.921905	10.00	-0.1043278
-5.730037	10.00	-12.88756	-0.1316784	0.00	0	-9.824068	10.00	-0.1038355
-5.863026	10.00	-12.88756	-0.1329892	0.00	0	-9.717257	10.00	-0.1032486
-6.008246	10.00	-12.88756	-0.1452198	0.00	0	-9.605211	10.00	-0.1026527
-6.160536	10.00	-12.88756	-0.1522906	0.00	0	-9.501695	10.00	-0.1021616
-6.30114	10.00	-12.88756	-0.1406036	0.00	0	-9.385324	10.00	-0.1015803
-6.459127	10.00	-12.88756	-0.1579869	0.00	0	-9.29593	10.00	-0.1011098
-6.580473	10.00	-12.88756	-0.1213461	0.00	0	-9.191754	10.00	-0.1005114
-6.721816	10.00	-12.88756	-0.1413425	0.00	0	-9.095521	10.00	-0.09994026
-6.852312	10.00	-12.88756	-0.1304964	0.00	0	-8.996861	10.00	-0.09936643
-6.986224	10.00	-12.88756	-0.1339122	0.00	0	-8.899695	10.00	-0.09886686
-7.117944	10.00	-12.88756	-0.1317194	0.00	0	-8.802303	10.00	-0.09837075
-7.249929	10.00	-12.88756	-0.1319856	0.00	0	-8.704387	10.00	-0.09787666
-7.382553	10.00	-12.87822	-0.132624	0.00	0.009342431	-8.60688	10.00	-0.09736796
-7.514638	10.00	-12.85868	-0.1320847	0.00	0.01953612	-8.508969	10.00	-0.09684641
-7.647144	10.00	-12.8378	-0.1325065	0.00	0.02088156	-8.410981	10.00	-0.09636191
-7.779679	10.00	-12.81691	-0.1325348	0.00	0.02088602	-8.313263	10.00	-0.09588575
-7.911921	10.00	-12.79607	-0.1322418	0.00	0.02083985	-8.20636	10.00	-0.09536067
-8.056801	10.00	-12.77324	-0.1448801	0.00	0.0228315	-8.11309	10.00	-0.09492569
-8.183281	10.00	-12.75331	-0.1264804	0.00	0.01993191	-8.017939	10.00	-0.09449887
-8.312513	10.00	-12.73295	-0.1292323	0.00	0.02036558	-7.924708	10.00	-0.09406482
-8.43963	10.00	-12.71291	-0.127116	0.00	0.02003208	-7.82777	10.00	-0.09357164
-8.572245	10.00	-12.69201	-0.1326155	0.00	0.02089874	-7.731306	10.00	-0.09312709
-8.704688	10.00	-12.67114	-0.1324428	0.00	0.02087152	-7.634995	10.00	-0.09268461
-8.837402	10.00	-12.64252	-0.1327146	0.00	0.02862472	-7.539662	10.00	-0.09224639
-8.968711	10.00	-12.6053	-0.1313089	0.00	0.03722168	-7.442978	10.00	-0.0916606
-9.101743	10.00	-12.55986	-0.1330317	0.00	0.0454388	-7.347339	10.00	-0.09100427
-9.233035	10.00	-12.51374	-0.1312919	0.00	0.04611585	-7.25192	10.00	-0.0903708
-9.363916	10.00	-12.46777	-0.1308814	0.00	0.04597166	-7.15579	10.00	-0.08985006
-9.495757	10.00	-12.42146	-0.1318412	0.00	0.04630877	-7.057363	10.00	-0.08931554
-9.630589	10.00	-12.3741	-0.1348309	0.00	0.0473589	-6.960219	10.00	-0.0887787
-9.763557	10.00	-12.3274	-0.1329694	0.00	0.04670506	-6.864876	10.00	-0.0882635
-9.894214	10.00	-12.28151	-0.1306563	0.00	0.0458926	-6.768091	10.00	-0.08776685
-10.02667	10.00	-12.23242	-0.1324527	0.00	0.04908862	-6.670914	10.00	-0.08722946
-10.15928	10.00	-12.17942	-0.1326141	0.00	0.05300069	-6.571366	10.00	-0.08670624
-10.29491	10.00	-12.1239	-0.1356264	0.00	0.05551786	-6.467116	10.00	-0.08617609
-10.43675	10.00	-12.06583	-0.1418436	0.00	0.05806285	-6.362468	10.00	-0.08568633
-10.57911	10.00	-12.00756	-0.1423547	0.00	0.05827203	-6.256567	10.00	-0.08528671
-10.72321	10.00	-11.94857	-0.1441071	0.00	0.0589894	-6.161338	10.00	-0.08493677
-10.85284	10.00	-11.89551	-0.1296272	0.00	0.05306212	-6.060877	10.00	-0.08458308
-10.98927	10.00	-11.83966	-0.1364333	0.00	0.05584816	-5.969861	10.00	-0.08419959
-11.11252	10.00	-11.78921	-0.1232515	0.00	0.05045224	-5.874667	10.00	-0.08377964
-11.24129	10.00	-11.7365	-0.1287609	0.00	0.05270749	-5.783747	10.00	-0.08336282
-11.36425	10.00	-11.68379	-0.1229698	0.00	0.05271834	-5.691595	10.00	-0.08294722
-11.48903	10.00	-11.62788	-0.1247746	0.00	0.05590846	-5.595651	10.00	-0.0825557
-11.61901	10.00	-11.56334	-0.1299797	0.00	0.06453361	-5.503253	10.00	-0.082202
-11.74417	10.00	-11.48545	-0.1251554	0.00	0.07789265	-5.404892	10.00	-0.08175342
-11.87742	10.00	-11.39348	-0.1332567	0.00	0.09196684	-5.307665	10.00	-0.08134238
-12.00917	10.00	-11.28725	-0.1317463	0.00	0.1062326	-5.200235	10.00	-0.0808737
-12.15477	10.00	-11.1487	-0.145602	0.00	0.1385528	-5.106498	10.00	-0.08049035
-12.28198	10.00	-11.02149	-0.127208	0.00	0.127208	-5.011576	10.00	-0.08013999
-12.39714	10.00	-10.8926	-0.1151602	0.00	0.1288883	-4.918153	10.00	-0.07973797
-12.49097	10.00	-10.76556	-0.09383077	0.00	0.1270452	-4.821172	10.00	-0.07940101
-12.57689	10.00	-10.63365	-0.08592588	0.00	0.1319063	-4.723891	10.00	-0.07903828
-12.64513	10.00	-10.50137	-0.06823594	0.00	0.1322772	-4.626779	10.00	-0.07872786
-12.70033	10.00	-10.36965	-0.05519636	0.00	0.1317251	-4.528373	10.00	-0.07834321
-12.73945	10.00	-10.23619	-0.0391243	0.00	0.133462	-4.431307	10.00	-0.07798237
-12.7628	10.00	-10.10424	-0.02334821	0.00	0.1319445	-4.334054	10.00	-0.0776678
-12.78492	10.00	-9.972014	-0.02211796	0.00	0.1322276	-4.237179	10.00	-0.07745016
-12.80693	10.00	-9.840435	-0.02200951	0.00	0.1315793	-4.139632	10.00	-0.07728641
-12.83294	10.00	-9.707957	-0.02600818	0.00	0.1324782	-4.041596	10.00	-0.07706272
-12.85906	10.00	-9.574879	-0.02612602	0.00	0.1330784	-3.940749	10.00	-0.07675362
-12.88598	10.00	-9.437755	-0.02692028	0.00	0.1371241	-3.846483	10.00	-0.07645727
-12.91119	10.00	-9.309338	-0.02521087	0.00	0.1284169	-3.752213	10.00	-0.07620019
-12.93647	10.00	-9.180575	-0.02527868	0.00	0.1287623	-3.654282	10.00	-0.07596348
-12.96279	10.00	-9.046499	-0.02632194	0.00	0.1340764	-3.557925	10.00	-0.07574772
-12.98616	10.00	-8.914433	-0.02336975	0.00	0.1320662	-3.462044	10.00	-0.07549594
-13.00564	10.00	-8.782743	-0.01947771	0.00	0.1316897	-3.365847	10.00	-0.0752357
-13.02009	10.00	-8.650426	-0.01444563	0.00	0.1323168	-3.2613	10.00	-0.07478629
-13.02009	10.00	-8.506559	0	0.00	0.1438665	-3.151446	10.00	-0.07423652
-13.02009	10.00	-8.355055	0	0.00	0.1515049	-3.049151	10.00	-0.07372821
-13.02009	10.00	-8.213857	0	0.00	0.1411981	-2.95374	10.00	-0.0731435
-13.02009	10.00	-8.082149	0	0.00	0.1317081	-2.838062	10.00	-0.07237594
-13.02009	10.00	-7.922475	0	0.00	0.1596728	-2.747741	10.00	-0.07187659
-13.02009	10.00	-7.797814	0	0.00	0.1246614	-2.647765	10.00	-0.07142307
-13.02009	10.00	-7.65993	0	0.00	0.1378843	-2.551387	10.00	-0.07113091
-13.02009	10.00	-7.527055	0	0.00	0.1328745	-2.456251	10.00	-0.07093544
-13.02009	10.00	-7.395911	0	0.00	0.1311447	-2.357904	10.00	-0.07085984
-13.02009	10.00	-7.260576	0	0.00	0.1353348	-2.263165	10.00	-0.07087814
-13.02009	10.00	-7.13034	0	0.00	0.1302359	-2.16163	10.00	-0.07090016
-13.02009	10.00	-6.990692	0	0.00	0.1396481	-2.06995	10.00	-0.07099574
-13.02009	10.00	-6.864491	0	0.00	0.1262015	-1.974931	10.00	-0.07109112
-13.02009	10.00	-6.734	0	0.00	0.1304907	-1.878534	10.00	-0.07124732
-13.02009	10.00	-6.601645	0	0.00	0.132355	-1.782295	10.00	-0.07138178
-13.02009	10.00	-6.469749	0	0.00	0.131895	-1.685744	10.00	-0.07142606
-13.02009	10.00	-6.337344	0	0.00	0.132406	-1.58894	10.00	-0.07138533
-13.02009	10.00	-6.204712	0	0.00	0.1326311	-1.49279	10.00	-0.0713283
-13.02009	10.00	-6.073333	0	0.00	0.1313797	-1.395089	10.00	-0.07127737
-13.02009	10.00	-5.940185	0	0.00	0.1331477	-1.298206	10.00	-0.07117702
-13.02009	10.00	-5.808426	0	0.00	0.1317591	-1.201095	10.00	-0.07110611
-13.02009	10.00	-5.676486	0	0.00	0.1319403	-1.103824	10.00	-0.07096577
-13.02009	10.00	-5.544288	0	0.00	0.1321979	-1.006428	10.00	-0.07072823
-13.02009	10.00	-5.411929	0	0.00	0.1323593	-0.9108664	10.00	-0.07052585
-13.02009	10.00	-5.281935	0	0.00	0.1299938	-0.8124139	10.00	-0.0704326
-13.02009	10.00	-5.148015	0	0.00	0.1339192	-0.7161649	10.00	-0.07041555
-13.02009	10.00	-5.0171	0	0.00	0.1309154	-0.6190688	10.00	-0.07044452
-13.01973	10.00	-4.884942	0.0003519111	0.00	0.1321583	-0.522132	10.00	-0.07046168
-13.01555	10.00	-4.75305	0.004182491	0.00	0.1318921	-0.4235527	10.00	-0.07043924
-12.98792	10.00	-4.6189	0.02763535	0.00	0.13415	-0.3265113	10.00	-0.07031757
-12.95815	10.00	-4.486839	0.02976239	0.00	0.1320606	-0.2289856	10.00	-0.07024866
-12.9257	10.00	-4.354209	0.03245911	0.00	0.1326296	-0.1319325	10.00	-0.07020825
-12.8947	10.00	-4.222354	0.03099286	0.00	0.1318553	-0.03472192	10.00	-0.07021667
-12.86362	10.00	-4.090137	0.03107805	0.00	0.1322177	0.07063103	10.00	-0.07019052
-12.82995	10.00	-3.94689	0.03367038	0.00	0.1432465	0.1773629	10.00	-0.07008566
-12.79729	10.00	-3.801936	0.03266809	0.00	0.1449537	0.2807937	10.00	-0.06999606
-12.76562	10.00	-3.661413	0.03166953	0.00	0.1405229	0.3716218	10.00	-0.06992952
-12.73662	10.00	-3.538054	0.0289958	0.00	0.123359	0.4657056	10.00	-0.06987525
-12.7066	10.00	-3.410352	0.03001662	0.00	0.127702	0.561839	10.00	-0.06987748
-12.6747	10.00	-3.279982	0.03190619	0.00	0.1303704	0.6569206	10.00	-0.06975499
-12.63696	10.00	-3.151238	0.03774119	0.00	0.1287439	0.7489231	10.00	-0.06958557
-12.59682	10.00	-3.026679	0.04013281	0.00	0.1245594	0.8571823	10.00	-0.06930614
-12.55388	10.00	-2.884433	0.04294664	0.00	0.1422452	0.9509979	10.00	-0.0690595
-12.51422	10.00	-2.767354	0.03966152	0.00	0.1170798	1.041873	10.00	-0.06882681
-12.47222	10.00	-2.670602	0.04199234	0.00	0.09675203	1.136258	10.00	-0.06859784
-12.42733	10.00	-2.577441	0.0448942	0.00	0.09316087	1.232642	10.00	-0.06835774
-12.38146	10.00	-2.484777	0.04587321	0.00	0.09266325	1.329451	10.00	-0.0681011
-12.33156	10.00	-2.391697	0.04989041	0.00	0.09308007	1.428073	10.00	-0.06782137
-12.28078	10.00	-2.296946	0.0507862	0.00	0.09475134	1.525657	10.00	-0.06755219
-12.23049	10.00	-2.203116	0.05029255	0.00	0.09383033	1.622834	10.00	-0.06732544
-12.17795	10.00	-2.112387	0.05254073	0.00	0.09072904	1.721069	10.00	-0.0671023
-12.12487	10.00	-2.022022	0.05307424	0.00	0.09036443	1.818684	10.00	-0.06688163
-12.07212	10.00	-1.932209	0.05275063	0.00	0.08981346	1.918287	10.00	-0.06666341
-12.01827	10.00	-1.840528	0.05384706	0.00	0.09168024	2.016519	10.00	-0.06642795
-11.9652	10.00	-1.75017	0.05307085	0.00	0.09035866	2.111726	10.00	-0.06622912
-11.90378	10.00	-1.675041	0.06141805	0.00	0.07512882	2.209445	10.00	-0.06592782
-11.84074	10.00	-1.597919	0.0630478	0.00	0.0771224	2.307395	10.00	-0.06567031
-11.77236	10.00	-1.528257	0.0683776	0.00	0.06966109	2.40476	10.00	-0.06543097
-11.70436	10.00	-1.460257	0.06800007	0.00	0.06800007	2.502411	10.00	-0.06514399
-11.63612	10.00	-1.392018	0.06823959	0.00	0.06823959	2.600261	10.00	-0.06480385
-11.56771	10.00	-1.323607	0.06841119	0.00	0.06841119	2.697742	10.00	-0.06448109
-11.49952	10.00	-1.255419	0.06818774	0.00	0.06818774	2.79463	10.00	-0.06418346
-11.43165	10.00	-1.18755	0.06786863	0.00	0.06786863	2.89192	10.00	-0.06389455
-11.36343	10.00	-1.119331	0.06821914	0.00	0.06821914	2.988286	10.00	-0.06360359
-11.29581	10.00	-1.051708	0.06762327	0.00	0.06762327	3.086576	10.00	-0.06333952
-11.22673	10.00	-0.9891098	0.06908154	0.00	0.06259806	3.181824	10.00	-0.06306381
-11.15972	10.00	-0.9296468	0.06700987	0.00	0.05946301	3.295171	10.00	-0.06283891
-11.07982	10.00	-0.8587455	0.07989996	0.00	0.07090138	3.409667	10.00	-0.06252436
-10.999	10.00	-0.787025	0.08082297	0.00	0.07172044	3.523075	10.00	-0.0622118
-10.919	10.00	-0.7160413	0.0799927	0.00	0.07098367	3.620417	10.00	-0.06192686
-10.85166	10.00	-0.6551378	0.0673449	0.00	0.0609035	3.715082	10.00	-0.06163407
-10.78615	10.00	-0.5958925	0.06551132	0.00	0.05924529	3.812367	10.00	-0.0613873
-10.71895	10.00	-0.5338384	0.06719587	0.00	0.06205415	3.917533	10.00	-0.06117152
-10.65744	10.00	-0.4459347	0.06150827	0.00	0.08790368	4.005277	10.00	-0.06103223
-10.61193	10.00	-0.3656613	0.0455105	0.00	0.08027345	4.102448	10.00	-0.06084988
-10.56279	10.00	-0.2767185	0.0491416	0.00	0.08894278	4.199266	10.00	-0.06066587
-10.51383	10.00	-0.1765821	0.04896481	0.00	0.1001364	4.2965	10.00	-0.06048301
-10.46586	10.00	-0.07456442	0.04796857	0.00	0.1020177	4.39271	10.00	-0.06031498
-10.4184	10.00	0.02637533	0.04746173	0.00	0.1009398	4.489514	10.00	-0.06017103
-10.37059	10.00	0.1280464	0.04780558	0.00	0.101671	4.584814	10.00	-0.06004706
-10.3235	10.00	0.228194	0.04708927	0.00	0.1001476	4.682481	10.00	-0.05985736
-10.27528	10.00	0.3307452	0.04821943	0.00	0.1025512	4.778936	10.00	-0.05972521
-10.22767	10.00	0.4320066	0.04761297	0.00	0.1012614	4.875931	10.00	-0.05953265
-10.17972	10.00	0.5339829	0.04794915	0.00	0.1019764	4.971994	10.00	-0.05937861
-10.1322	10.00	0.6350498	0.04752151	0.00	0.1010669	5.06844	10.00	-0.05912378
-10.08447	10.00	0.7365546	0.04772741	0.00	0.1015048	5.16511	10.00	-0.05880202
-10.0341	10.00	0.8343791	0.05037114	0.00	0.09782454	5.26146	10.00	-0.05841388
-9.972369	10.00	0.9165676	0.06172925	0.00	0.08218846	5.357676	10.00	-0.05803763
-9.901587	10.00	0.9796674	0.0707832	0.00	0.06309981	5.45361	10.00	-0.05772509
-9.82972	10.00	1.037487	0.07186706	0.00	0.0578193	5.550312	10.00	-0.05740406
-9.757404	10.00	1.093096	0.07231522	0.00	0.0556098	5.646689	10.00	-0.05711683
-9.685308	10.00	1.148538	0.07209693	0.00	0.05544193	5.742291	10.00	-0.05687191
-9.61367	10.00	1.203627	0.0716372	0.00	0.0550884	5.839047	10.00	-0.05672409
-9.541226	10.00	1.259335	0.07244327	0.00	0.05570826	5.934779	10.00	-0.05672974
-9.469739	10.00	1.314308	0.07148755	0.00	0.05497333	6.031161	10.00	-0.05667583
-9.397842	10.00	1.369596	0.07189637	0.00	0.05528771	6.127951	10.00	-0.05658476
-9.323118	10.00	1.422522	0.07472473	0.00	0.05292601	6.225109	10.00	-0.05628014
-9.246645	10.00	1.474483	0.07647337	0.00	0.05196061	6.321063	10.00	-0.05587839
-9.172431	10.00	1.525773	0.07421353	0.00	0.05129043	6.41795	10.00	-0.05542789
-9.097534	10.00	1.577536	0.07489727	0.00	0.05176298	6.518466	10.00	-0.0547943
-9.019905	10.00	1.631187	0.07762905	0.00	0.05365097	6.623144	10.00	-0.05410791
-8.939091	10.00	1.68704	0.08081454	0.00	0.05585252	6.727876	10.00	-0.0535057
-8.858216	10.00	1.742933	0.08087365	0.00	0.05589337	6.840812	10.00	-0.05294641
-8.771008	10.00	1.803204	0.08720788	0.00	0.06027108	6.93732	10.00	-0.05242306
-8.696501	10.00	1.854698	0.07450827	0.00	0.05149413	7.045821	10.00	-0.051962
-8.61274	10.00	1.912587	0.08376119	0.00	0.05788901	7.141675	10.00	-0.0515692
-8.538798	10.00	1.963689	0.07394115	0.00	0.05110218	7.237291	10.00	-0.05122931
-8.464982	10.00	2.014705	0.07381574	0.00	0.05101551	7.334774	10.00	-0.0509163
-8.389713	10.00	2.066725	0.0752695	0.00	0.05202023	7.431717	10.00	-0.05064822
-8.314937	10.00	2.118405	0.07477665	0.00	0.05167962	7.528409	10.00	-0.0503494
-8.240553	10.00	2.169813	0.07438366	0.00	0.05140801	7.625507	10.00	-0.05007367
-8.165854	10.00	2.221438	0.07469838	0.00	0.05162552	7.722323	10.00	-0.0497603
-8.091393	10.00	2.272901	0.07446194	0.00	0.05146211	7.820374	10.00	-0.04948447
-8.01604	10.00	2.324978	0.07535257	0.00	0.05207765	7.917184	10.00	-0.04920548
-7.941621	10.00	2.37641	0.07441881	0.00	0.0514323	8.013584	10.00	-0.04886686
-7.867527	10.00	2.427618	0.07409371	0.00	0.05120762	8.110582	10.00	-0.04857779
-7.793039	10.00	2.479098	0.0744883	0.00	0.05148033	8.208051	10.00	-0.04827379
-7.71808	10.00	2.530904	0.07495878	0.00	0.05180549	8.304645	10.00	-0.04795011
-7.643793	10.00	2.582245	0.07428701	0.00	0.05134122	8.401492	10.00	-0.04757323
-7.570458	10.00	2.633813	0.0733349	0.00	0.05156811	8.497224	10.00	-0.04730284
-7.497997	10.00	2.684767	0.07246113	0.00	0.05095368	8.595987	10.00	-0.04704734
-7.423102	10.00	2.737432	0.07489482	0.00	0.05266502	8.69173	10.00	-0.04676186
-7.350475	10.00	2.788502	0.07262678	0.00	0.05107016	8.788245	10.00	-0.0464742
-7.27719	10.00	2.840035	0.07328545	0.00	0.05153333	8.883961	10.00	-0.04615237
-7.204558	10.00	2.891109	0.07263149	0.00	0.05107348	8.981738	10.00	-0.04586407
-7.130465	10.00	2.943211	0.07409406	0.00	0.05210194	9.078206	10.00	-0.04563026
-7.057488	10.00	2.994527	0.07297613	0.00	0.05131583	9.175322	10.00	-0.04534434
-6.983928	10.00	3.046253	0.07356022	0.00	0.05172654	9.271966	10.00	-0.04507255
-6.910733	10.00	3.097723	0.07319516	0.00	0.05146984	9.368937	10.00	-0.04474223
-6.837316	10.00	3.149349	0.07341734	0.00	0.05162608	9.466501	10.00	-0.0443626
-6.763636	10.00	3.201159	0.07367954	0.00	0.05181045	9.562338	10.00	-0.04401242
-6.691363	10.00	3.251981	0.07227272	0.00	0.05082119	9.65918	10.00	-0.04373038
-6.618402	10.00	3.303287	0.072962	0.00	0.05130589	9.758468	10.00	-0.04344142
-6.543674	10.00	3.355834	0.0747276	0.00	0.05254744	9.858196	10.00	-0.04318265
-6.468507	10.00	3.40869	0.07516646	0.00	0.05285603	9.95882	10.00	-0.04300982
-6.392582	10.00	3.46208	0.0759256	0.00	0.05338985	10.06164	10.00	-0.04289118
-6.317741	10.00	3.516611	0.0748404	0.00	0.05453093	10.15427	10.00	-0.04268703
-6.251564	10.00	3.569376	0.06617796	0.00	0.05276557	10.24265	10.00	-0.04246894
-6.194275	10.00	3.633641	0.05728862	0.00	0.06426439	10.34127	10.00	-0.04206784
-6.135554	10.00	3.717004	0.05872038	0.00	0.08336284	10.4379	10.00	-0.04165193
-6.079298	10.00	3.805024	0.05625579	0.00	0.08802077	10.53584	10.00	-0.0412082
-6.022163	10.00	3.894421	0.05713515	0.00	0.08939666	10.63247	10.00	-0.04076536
-5.965674	10.00	3.982806	0.05648883	0.00	0.0883854	10.72827	10.00	-0.04030978
-5.909476	10.00	4.070737	0.05619814	0.00	0.08793058	10.82572	10.00	-0.03987508
-5.854794	10.00	4.160345	0.05468287	0.00	0.08960746	10.92255	10.00	-0.03945081
-5.800348	10.00	4.249564	0.05444587	0.00	0.0892191	11.01824	10.00	-0.03908442
-5.74781	10.00	4.337741	0.05253734	0.00	0.08817745	11.11444	10.00	-0.03875815
-5.694967	10.00	4.426432	0.05284341	0.00	0.08869115	11.21055	10.00	-0.0384158
-5.642196	10.00	4.515002	0.05277099	0.00	0.08856961	11.30712	10.00	-0.03814825
-5.589247	10.00	4.60387	0.05294921	0.00	0.08886871	11.40197	10.00	-0.03784907
-5.53723	10.00	4.691175	0.05201742	0.00	0.08730482	11.50057	10.00	-0.03759849
-5.483181	10.00	4.78189	0.05404903	0.00	0.09071463	11.59606	10.00	-0.03727463
-5.430897	10.00	4.869641	0.05228332	0.00	0.08775111	11.69289	10.00	-0.03692533
-5.377989	10.00	4.95844	0.05290791	0.00	0.0887994	11.78956	10.00	-0.03667959
-5.325278	10.00	5.046909	0.05271102	0.00	0.08846895	11.88572	10.00	-0.03633171
-5.27296	10.00	5.134718	0.05231783	0.00	0.08780903	11.98398	10.00	-0.03598236
-5.219616	10.00	5.22425	0.0533441	0.00	0.0895315	12.08132	10.00	-0.03557305
-5.16678	10.00	5.31293	0.05283663	0.00	0.08867976	12.17858	10.00	-0.0351585
-5.113998	10.00	5.401516	0.05278118	0.00	0.0885867	12.27614	10.00	-0.03505354
-5.061017	10.00	5.490439	0.05298145	0.00	0.08892284	12.37331	10.00	-0.03459824
-5.008183	10.00	5.579114	0.0528338	0.00	0.08867501	12.46978	10.00	-0.0338646
-4.955472	10.00	5.667583	0.05271102	0.00	0.08846895	12.56629	10.00	-0.03320353
-4.902622	10.00	5.756286	0.0528502	0.00	0.08870255	12.6627	10.00	-0.03258519
-4.851032	10.00	5.845023	0.05158964	0.00	0.08873674	12.75875	10.00	-0.03199169
-4.802163	10.00	5.94624	0.04886932	0.00	0.1012179	12.85608	10.00	-0.03135471
-4.753875	10.00	6.052823	0.04828738	0.00	0.106582	12.95149	10.00	-0.0306485
-4.706618	10.00	6.157131	0.04725736	0.00	0.1043085	13.04848	10.00	-0.02991042
-4.658609	10.00	6.263098	0.04800893	0.00	0.1059674	13.15185	10.00	-0.02918397
-4.607439	10.00	6.376043	0.05117002	0.00	0.1129447	13.2513	10.00	-0.02855606
-4.558209	10.00	6.484706	0.04923004	0.00	0.1086627	13.35512	10.00	-0.02790364
-4.506781	10.00	6.598221	0.05142855	0.00	0.1135153	13.43986	10.00	-0.02738675
-4.464743	10.00	6.691009	0.04203777	0.00	0.09278759	13.52929	10.00	-0.02683884
-4.420427	10.00	6.793581	0.04431598	0.00	0.1025717	13.62535	10.00	-0.02607168
-4.376657	10.00	6.915249	0.04377013	0.00	0.1216688	13.72053	10.00	-0.02545497
-4.334439	10.00	7.037399	0.04221808	0.00	0.1221501	13.81844	10.00	-0.02481388
-4.292282	10.00	7.167069	0.0421566	0.00	0.1296699	13.91414	10.00	-0.02421656
-4.253554	10.00	7.296619	0.03872759	0.00	0.1295503	14.00881	10.00	-0.02364886
-4.216488	10.00	7.427379	0.03706599	0.00	0.1307597	14.10491	10.00	-0.02311737
-4.178816	10.00	7.560279	0.03767271	0.00	0.1329	14.20013	10.00	-0.02238442
-4.141458	10.00	7.692068	0.03735771	0.00	0.1317888	14.29536	10.00	-0.02156124
-4.104067	10.00	7.823975	0.03739101	0.00	0.1319063	14.39133	10.00	-0.02083008
-4.066471	10.00	7.956605	0.03759646	0.00	0.1326311	14.48718	10.00	-0.02020014
-4.030303	10.00	8.088709	0.03616765	0.00	0.1321031	14.58321	10.00	-0.0197158
-3.994124	10.00	8.220851	0.0361785	0.00	0.1321427	14.67933	10.00	-0.01909423
-3.95794	10.00	8.353017	0.0361847	0.00	0.1321653	14.77585	10.00	-0.01855248
-3.920433	10.00	8.485332	0.03750698	0.00	0.1323154	14.8723	10.00	-0.01816205
-3.883036	10.00	8.617258	0.03739663	0.00	0.1319261	14.96894	10.00	-0.01791637
-3.842931	10.00	8.749691	0.04010494	0.00	0.1324329	15.06548	10.00	-0.01757918
-3.806742	10.00	8.881873	0.03618935	0.00	0.1321823	15.16206	10.00	-0.0172228
-3.764187	10.00	9.013949	0.04255468	0.00	0.1320762	15.25946	10.00	-0.01680397
-3.727747	10.00	9.147046	0.03643972	0.00	0.1330968	15.35634	10.00	-0.01649389
-3.694068	10.00	9.279424	0.03367924	0.00	0.1323777	15.45207	10.00	-0.01611618
-3.664554	10.00	9.410384	0.0295145	0.00	0.1309607	15.54786	10.00	-0.01583022
-3.641299	10.00	9.5418	0.02325452	0.00	0.1314151	15.64478	10.00	-0.01548999
-3.61649	10.00	9.674728	0.02480943	0.00	0.1329283	15.74136	10.00	-0.01511674
-3.591795	10.00	9.807039	0.02469424	0.00	0.1323112	15.83759	10.00	-0.01477879
-3.568439	10.00	9.939029	0.02335622	0.00	0.1319898	15.93417	10.00	-0.01459818
-3.546265	10.00	10.0716	0.02217455	0.00	0.1325659	16.03049	10.00	-0.0142939
-3.512584	10.00	10.20398	0.03368068	0.00	0.1323833	16.12609	10.00	-0.01399416
-3.471359	10.00	10.33589	0.04122448	0.00	0.1319119	16.22176	10.00	-0.01375745
-3.434969	10.00	10.46881	0.0363905	0.00	0.132917	16.32453	10.00	-0.01356787
-3.398381	10.00	10.61262	0.03658815	0.00	0.1438113	16.42348	10.00	-0.01345548
-3.362903	10.00	10.75207	0.03547818	0.00	0.1394485	16.52108	10.00	-0.0134425
-3.327587	10.00	10.89088	0.03531575	0.00	0.1388101	16.60915	10.00	-0.01336396
-3.296738	10.00	11.01693	0.03084885	0.00	0.1260501	16.6926	10.00	-0.01323413
-3.267211	10.00	11.13758	0.02952683	0.00	0.1206482	16.77838	10.00	-0.01419406
-3.23682	10.00	11.26175	0.03039086	0.00	0.1241787	16.86838	10.00	-0.01406669
-3.207163	10.00	11.39335	0.02965775	0.00	0.1315963	16.95855	10.00	-0.0140953
-3.172302	10.00	11.52535	0.03486047	0.00	0.1319969	17.04884	10.00	-0.01384408
-3.136028	10.00	11.65784	0.03627423	0.00	0.1324923	17.13747	10.00	-0.0135996
-3.109114	10.00	11.78849	0.0269139	0.00	0.1306478	17.22846	10.00	-0.01341745
-3.085312	10.00	11.923	0.02380235	0.00	0.1345109	17.31705	10.00	-0.01328963
-3.0634	10.00	12.05399	0.02191196	0.00	0.1309961	17.40645	10.00	-0.01312867
-3.041264	10.00	12.18633	0.02213548	0.00	0.1323324	17.49487	10.00	-0.01315665
-3.01918	10.00	12.31835	0.0220841	0.00	0.1320252	17.58269	10.00	-0.0133986
-2.997021	10.00	12.45082	0.02215869	0.00	0.1324711	17.66828	10.00	-0.01357516
-2.976435	10.00	12.58146	0.02058643	0.00	0.1306337	17.75517	10.00	-0.01370564
-2.94615	10.00	12.71583	0.03028463	0.00	0.1343779	17.83836	10.00	-0.013848
-2.911444	10.00	12.84725	0.03470682	0.00	0.1314151	17.92069	10.00	-0.01382154
-2.87008	10.00	12.97961	0.04136384	0.00	0.1323579	18.00086	10.00	-0.01361717
-2.825092	10.00	13.11132	0.04498817	0.00	0.1317124	18.07948	10.00	-0.01323269
-2.782509	10.00	13.23836	0.0425825	0.00	0.1270436	18.15508	10.00	-0.01308655
-2.737816	10.00	13.35274	0.04469275	0.00	0.1143767	18.2296	10.00	-0.01295376
-2.692576	10.00	13.45954	0.04524056	0.00	0.1068011	18.30277	10.00	-0.01293282
-2.645566	10.00	13.56746	0.04700935	0.00	0.1079174	18.37231	10.00	-0.0130177
-2.599242	10.00	13.6738	0.04632469	0.00	0.1063456	18.43982	10.00	-0.01324062
-2.552766	10.00	13.7805	0.04647534	0.00	0.1066915	18.50369	10.00	-0.01326993
-2.505685	10.00	13.87431	0.04708161	0.00	0.09381586	18.56718	10.00	-0.01320594
-2.457011	10.00	13.96999	0.04867364	0.00	0.0956824	18.6267	10.00	-0.01330631
-2.404602	10.00	14.06304	0.05240892	0.00	0.09304091	18.68468	10.00	-0.0138973
-2.352382	10.00	14.15321	0.05222052	0.00	0.09017608	18.7418	10.00	-0.0148753
-2.298791	10.00	14.24446	0.05359077	0.00	0.09124389	18.79597	10.00	-0.01526722
-2.246167	10.00	14.33405	0.05262391	0.00	0.08959769	18.84807	10.00	-0.01504711
-2.193229	10.00	14.42418	0.05293789	0.00	0.09013229	18.89804	10.00	-0.01506714
-2.140464	10.00	14.51402	0.05276534	0.00	0.0898385	18.94633	10.00	-0.01507517
-2.08754	10.00	14.60413	0.05292375	0.00	0.09010821	18.99283	10.00	-0.01500963
-2.034552	10.00	14.69435	0.05298824	0.00	0.09021802	19.03967	10.00	-0.01506953
-1.97732	10.00	14.78949	0.05723133	0.00	0.09513734	19.07891	10.00	-0.01511279
-1.925557	10.00	14.87355	0.05176371	0.00	0.08405996	19.11902	10.00	-0.01524185
-1.8705	10.00	14.96295	0.05505637	0.00	0.08940697	19.15808	10.00	-0.01541974
-1.814509	10.00	15.05388	0.0559912	0.00	0.09092505	19.19446	10.00	-0.01592236
-1.759266	10.00	15.14359	0.05524322	0.00	0.08971038	19.22942	10.00	-0.01681563
-1.703557	10.00	15.23406	0.05570945	0.00	0.09046751	19.26247	10.00	-0.01745432
-1.64839	10.00	15.31982	0.0551667	0.00	0.08576175	19.29411	10.00	-0.01795227
-1.595592	10.00	15.40843	0.05279815	0.00	0.08861519	19.32454	10.00	-0.01869026
-1.54276	10.00	15.4971	0.05283153	0.00	0.08867121	19.3535	10.00	-0.01936978
-1.489845	10.00	15.58592	0.05291527	0.00	0.08881175	19.38083	10.00	-0.0199501
-1.441482	10.00	15.67345	0.04836306	0.00	0.08753366	19.40807	10.00	-0.02015555
-1.392045	10.00	15.76293	0.04943698	0.00	0.08947738	19.43364	10.00	-0.02076622
-1.343549	10.00	15.8507	0.04849579	0.00	0.0877739	19.45862	10.00	-0.02081726
-1.293868	10.00	15.94452	0.04968145	0.00	0.0938139	19.48207	10.00	-0.02015457
-1.245007	10.00	16.03678	0.0488604	0.00	0.09226351	19.50529	10.00	-0.01957937
-1.195838	10.00	16.13476	0.04916941	0.00	0.09798555	19.52689	10.00	-0.01926315
-1.146981	10.00	16.23596	0.04885673	0.00	0.1011918	19.54776	10.00	-0.01916018
-1.098121	10.00	16.33716	0.0488604	0.00	0.1011994	19.56786	10.00	-0.01940208
-1.05031	10.00	16.44397	0.04781069	0.00	0.1068125	19.58711	10.00	-0.01949258
-1.005216	10.00	16.56065	0.04509358	0.00	0.1166808	19.60601	10.00	-0.01947113
-0.9609402	10.00	16.67985	0.04427611	0.00	0.1191999	19.62398	10.00	-0.01920062
-0.9197384	10.00	16.80658	0.04120192	0.00	0.1267334	19.64112	10.00	-0.01907338
-0.8811303	10.00	16.93318	0.03860807	0.00	0.1266001	19.65804	10.00	-0.01880137
-0.8425164	10.00	17.06235	0.03861388	0.00	0.12917	19.67437	10.00	-0.0185486
-0.8036672	10.00	17.19359	0.03884917	0.00	0.1312403	19.69014	10.00	-0.01825425
-0.7648965	10.00	17.32585	0.03877074	0.00	0.1322559	19.70574	10.00	-0.01797728
-0.7261751	10.00	17.45794	0.03872136	0.00	0.1320875	19.72063	10.00	-0.01772961
-0.6887869	10.00	17.58983	0.0373882	0.00	0.1318964	19.73444	10.00	-0.01758863
-0.6512843	10.00	17.72213	0.03750257	0.00	0.1322998	19.74775	10.00	-0.01771687
-0.6141863	10.00	17.85301	0.03709809	0.00	0.1308729	19.76091	10.00	-0.01783492
-0.5763005	10.00	17.98666	0.03788578	0.00	0.1336517	19.77374	10.00	-0.01807238
-0.5382389	10.00	18.12093	0.03806153	0.00	0.1342717	19.78664	10.00	-0.01817778
-0.4979725	10.00	18.26298	0.0402665	0.00	0.1420503	19.79747	10.00	-0.01777829
-0.4621043	10.00	18.38951	0.0358682	0.00	0.1265342	19.80768	10.00	-0.01726196
-0.426226	10.00	18.51608	0.03587823	0.00	0.1265696	19.81778	10.00	-0.01678711
-0.3892587	10.00	18.64649	0.03696727	0.00	0.1304114	19.82762	10.00	-0.01631868
-0.3515487	10.00	18.77953	0.03771002	0.00	0.1330317	19.83689	10.00	-0.01590016
-0.3140731	10.00	18.91173	0.03747568	0.00	0.132205	19.8457	10.00	-0.01523825
-0.2739964	10.00	19.04407	0.04007666	0.00	0.1323395	19.85395	10.00	-0.01468084
-0.2327095	10.00	19.17618	0.04128686	0.00	0.1321115	19.86176	10.00	-0.01408889
-0.1900755	10.00	19.3085	0.04263404	0.00	0.1323225	19.86919	10.00	-0.01352795
-0.1475632	10.00	19.44045	0.04251226	0.00	0.1319445	19.87622	10.00	-0.01283567
-0.1048307	10.00	19.57308	0.04273256	0.00	0.1326282	19.88288	10.00	-0.01232369
-0.06530359	10.00	19.7036	0.03952708	0.00	0.1305247	19.88937	10.00	-0.01165001
-0.02998701	10.00	19.83733	0.03531657	0.00	0.1337239	19.89511	10.00	-0.01091641
0.003589224	10.00	19.9693	0.03357624	0.00	0.1319728	19.901	10.00	-0.01004347
0.03594787	10.00	20.10152	0.03235864	0.00	0.1322191	19.90635	10.00	-0.009019678
0.07334369	10.00	20.23344	0.03739583	0.00	0.1319233	19.9115	10.00	-0.00795617
0.1070867	10.00	20.36607	0.03374299	0.00	0.1326282	19.91636	10.00	-0.006948907
0.1367763	10.00	20.49781	0.02968965	0.00	0.1317378	19.9209	10.00	-0.005812233
0.166659	10.00	20.6304	0.02988266	0.00	0.1325943	19.92519	10.00	-0.004743721
0.1897587	10.00	20.76094	0.02309972	0.00	0.1305403	19.92937	10.00	-0.003827478
0.2017596	10.00	20.89457	0.01200094	0.00	0.1336276	19.93335	10.00	-0.003006872
0.2017596	10.00	21.02662	0	0.00	0.1320563	19.93704	10.00	-0.002313701
0.2017596	10.00	21.15887	0	0.00	0.132246	19.94026	10.00	-0.001669753
0.2017596	10.00	21.29122	0	0.00	0.1323522	19.94349	10.00	-0.0009148593
0.2017596	10.00	21.422	0	0.00	0.1307767	19.9466	10.00	-0.0003428871
0.2017596	10.00	21.5558	0	0.00	0.1337961	19.94942	10.00	0.0002687619
0.2017596	10.00	21.68755	0	0.00	0.1317534	19.95203	10.00	0.0008048915
0.2017596	10.00	21.82086	0	0.00	0.1333077	19.95469	10.00	0.0009695334
0.2017596	10.00	21.95214	0	0.00	0.1312877	19.95718	10.00	0.001259024
0.2017596	10.00	22.08428	0	0.00	0.1321314	19.95963	10.00	0.001477614
0.2017596	10.00	22.21719	0	0.00	0.132917	19.96174	10.00	0.001684392
0.2017596	10.00	22.34838	0	0.00	0.1311858	19.96394	10.00	0.002014393
0.2017596	10.00	22.48216	0	0.00	0.1337805	19.966	10.00	0.002349989
0.2017596	10.00	22.61294	0	0.00	0.1307809	19.96782	10.00	0.002594691
0.2017596	10.00	22.74626	0	0.00	0.1333162	19.96964	10.00	0.002888055
0.2017596	10.00	22.87693	0	0.00	0.1306762	19.97126	10.00	0.002908077
0.2017596	10.00	23.0094	0	0.00	0.1324626	19.97267	10.00	0.003128807
0.2017596	10.00	23.14017	0	0.00	0.1307724	19.97399	10.00	0.003464055
0.2017596	10.00	23.27252	0	0.00	0.132348	19.97528	10.00	0.003657452
0.2017596	10.00	23.40467	0	0.00	0.1321512	19.97648	10.00	0.003850985
0.2017596	10.00	23.53696	0	0.00	0.1322913	19.97779	10.00	0.003910655
0.2017596	10.00	23.67075	0	0.00	0.1337862	19.97891	10.00	0.003962648
0.2017596	10.00	23.80299	0	0.00	0.1322446	19.97989	10.00	0.004023063
0.2017596	10.00	23.9347	0	0.00	0.1317095	19.98079	10.00	0.0041017
0.2017596	10.00	24.06706	0	0.00	0.1323635	19.98163	10.00	0.004133544
0.2017596	10.00	24.19927	0	0.00	0.1322064	19.98236	10.00	0.0042457
0.2017596	10.00	24.33118	0	0.00	0.1319162	19.98309	10.00	0.004330495
0.2017596	10.00	24.46334	0	0.00	0.1321554	19.98389	10.00	0.004390658
0.2017596	10.00	24.59559	0	0.00	0.1322545	19.98464	10.00	0.004507462
0.2017596	10.00	24.72779	0	0.00	0.1321965	19.98525	10.00	0.004621622
0.2017596	10.00	24.86014	0	0.00	0.132348	19.9858	10.00	0.00466582
0.2017596	10.00	24.99227	0	0.00	0.1321257	19.98631	10.00	0.00473128
0.2017596	10.00	25.12302	0	0.00	0.1307512	19.98673	10.00	0.004874834
0.2017596	10.00	25.25505	0	0.00	0.1320365	19.9871	10.00	0.004999984
0.2017596	10.00	25.38716	0	0.00	0.1321087	19.98744	10.00	0.0053362
0.2017596	10.00	25.5207	0	0.00	0.1335399	19.98774	10.00	0.005605378
0.2017596	10.00	25.65315	0	0.00	0.1324456	19.98812	10.00	0.005689031
0.2017596	10.00	25.78496	0	0.00	0.1318171	19.98865	10.00	0.005731089
0.2017596	10.00	25.91795	0	0.00	0.1329878	19.98903	10.00	0.005682331
0.2017596	10.00	26.04978	0	0.00	0.1318242	19.98943	10.00	0.005576894
0.2017596	10.00	26.1821	0	0.00	0.1323281	19.98972	10.00	0.00557945
0.2017596	10.00	26.31448	0	0.00	0.1323734	19.99005	10.00	0.005548041
0.2017596	10.00	26.4452	0	0.00	0.1307243	19.99035	10.00	0.005596916
0.2017596	10.00	26.57887	0	0.00	0.1336701	19.99065	10.00	0.005406143
24.63518
