0.03322078	10.00	-49.89679	0.03322078	0.00	0.1032134	-40	10.00	0
0.1223007	10.00	-49.62003	0.08907994	0.00	0.2767619	-39.99733	10.00	-0.001559277
0.1397994	10.00	-49.56566	0.01749871	0.00	0.05436662	-39.99202	10.00	-0.003632993
0.1639251	10.00	-49.4907	0.0241257	0.00	0.07495598	-39.98529	10.00	-0.005881455
0.1844396	10.00	-49.42697	0.02051447	0.00	0.06373628	-39.97678	10.00	-0.007461645
0.2051138	10.00	-49.36273	0.02067418	0.00	0.06423247	-39.96633	10.00	-0.009085986
0.2257826	10.00	-49.29852	0.02066887	0.00	0.06421597	-39.95371	10.00	-0.01052211
0.246701	10.00	-49.23352	0.02091837	0.00	0.06499116	-39.93906	10.00	-0.01172291
0.2675769	10.00	-49.16867	0.02087591	0.00	0.06485922	-39.92253	10.00	-0.01307612
0.2882268	10.00	-49.10451	0.02064984	0.00	0.06415688	-39.90387	10.00	-0.0143666
0.3089297	10.00	-49.04019	0.02070293	0.00	0.0643218	-39.88305	10.00	-0.01554204
0.3296371	10.00	-48.97585	0.02070735	0.00	0.06433555	-39.86019	10.00	-0.01669068
0.3502537	10.00	-48.9118	0.02061666	0.00	0.06405378	-39.83529	10.00	-0.01785753
0.3707695	10.00	-48.84806	0.0205158	0.00	0.06374041	-39.80843	10.00	-0.0190694
0.391149	10.00	-48.78474	0.02037955	0.00	0.06331708	-39.77922	10.00	-0.02029515
0.4117007	10.00	-48.72089	0.02055163	0.00	0.06385174	-39.74615	10.00	-0.02146631
0.4333839	10.00	-48.65352	0.02168326	0.00	0.0673676	-39.67593	10.00	-0.02352628
0.4750137	10.00	-48.52005	0.04162977	0.00	0.1334748	-39.62644	10.00	-0.02444321
0.5000994	10.00	-48.43696	0.02508568	0.00	0.08308726	-39.55701	10.00	-0.02520648
0.5329285	10.00	-48.32822	0.03282912	0.00	0.1087346	-39.512	10.00	-0.0254714
0.5525469	10.00	-48.26325	0.01961838	0.00	0.06497879	-39.42066	10.00	-0.0259097
0.5909222	10.00	-48.13614	0.03837527	0.00	0.1271042	-39.35508	10.00	-0.02603011
0.6160886	10.00	-48.04994	0.02516636	0.00	0.08620177	-39.27538	10.00	-0.0260037
0.646215	10.00	-47.94469	0.03012645	0.00	0.1052496	-39.20642	10.00	-0.02597791
0.6731664	10.00	-47.85275	0.02695141	0.00	0.09193747	-39.12524	10.00	-0.02594752
0.6996567	10.00	-47.74451	0.02649027	0.00	0.1082407	-39.06713	10.00	-0.02592586
0.7163708	10.00	-47.66702	0.01671416	0.00	0.07749293	-38.976	10.00	-0.02589173
0.7402228	10.00	-47.54552	0.02385191	0.00	0.1214947	-38.9084	10.00	-0.02586644
0.7579168	10.00	-47.4554	0.01769405	0.00	0.09012837	-38.82808	10.00	-0.02583623
0.7685708	10.00	-47.34831	0.01065398	0.00	0.1070841	-38.77864	10.00	-0.0258178
0.772576	10.00	-47.28239	0.004005256	0.00	0.06591917	-38.6794	10.00	-0.02578069
0.772576	10.00	-47.15008	0	0.00	0.1323168	-38.6282	10.00	-0.0257615
0.772576	10.00	-47.08178	0	0.00	0.06829451	-38.53091	10.00	-0.02572509
0.772576	10.00	-46.95206	0	0.00	0.1297221	-38.48132	10.00	-0.02570656
0.772576	10.00	-46.88595	0	0.00	0.06611169	-38.38208	10.00	-0.02566941
0.772576	10.00	-46.75363	0	0.00	0.1323154	-38.33401	10.00	-0.02565138
0.772576	10.00	-46.68953	0	0.00	0.06410582	-38.23307	10.00	-0.02561356
0.772576	10.00	-46.55494	0	0.00	0.1345874	-38.18452	10.00	-0.02559546
0.772576	10.00	-46.49023	0	0.00	0.06471027	-38.08469	10.00	-0.02555805
0.772576	10.00	-46.35711	0	0.00	0.1331194	-38.03535	10.00	-0.02553964
0.772576	10.00	-46.29134	0	0.00	0.06576912	-37.93562	10.00	-0.02550224
0.772576	10.00	-46.15835	0	0.00	0.1329878	-37.88445	10.00	-0.02548319
0.772576	10.00	-46.09011	0	0.00	0.06823789	-37.78715	10.00	-0.02544671
0.772576	10.00	-45.96039	0	0.00	0.1297235	-37.7396	10.00	-0.02542893
0.772576	10.00	-45.897	0	0.00	0.06339661	-37.68621	10.00	-0.02540894
0.772576	10.00	-45.8258	0	0.00	0.07119503	-37.58721	10.00	-0.0253719
0.772576	10.00	-45.6938	0	0.00	0.1319997	-37.53504	10.00	-0.02535237
0.772576	10.00	-45.62423	0	0.00	0.06956711	-37.43972	10.00	-0.02531672
0.772576	10.00	-45.49713	0	0.00	0.1271018	-37.39088	10.00	-0.02529841
0.772576	10.00	-45.43202	0	0.00	0.06510946	-37.29166	10.00	-0.0252613
0.772576	10.00	-45.29973	0	0.00	0.1322942	-37.24334	10.00	-0.0252432
0.772576	10.00	-45.23529	0	0.00	0.06443423	-37.14146	10.00	-0.02520502
0.772576	10.00	-45.09947	0	0.00	0.135826	-37.09294	10.00	-0.02518695
0.772576	10.00	-45.03476	0	0.00	0.0647046	-37.04413	10.00	-0.02516858
0.772576	10.00	-44.96968	0	0.00	0.06507973	-36.94346	10.00	-0.02513093
0.772576	10.00	-44.83546	0	0.00	0.134225	-36.89232	10.00	-0.02511184
0.772576	10.00	-44.76727	0	0.00	0.06818551	-36.79547	10.00	-0.02507558
0.7916752	10.00	-44.63814	0.01909916	0.00	0.1291303	-36.74673	10.00	-0.02505733
0.7993995	10.00	-44.57315	0.007724273	0.00	0.06498772	-36.64721	10.00	-0.02502006
0.8100327	10.00	-44.44045	0.01063319	0.00	0.1327061	-36.59372	10.00	-0.02500007
0.8157459	10.00	-44.36914	0.005713299	0.00	0.07130402	-36.49762	10.00	-0.02496398
0.8185685	10.00	-44.24102	0.002822479	0.00	0.1281281	-36.43557	10.00	-0.02494084
0.8195902	10.00	-44.15826	0.001021715	0.00	0.08275887	-36.34996	10.00	-0.02490873
0.8198941	10.00	-44.04412	0.0003039116	0.00	0.1141323	-36.3021	10.00	-0.0248909
0.820064	10.00	-43.98031	0.0001699245	0.00	0.06381421	-36.20103	10.00	-0.02485302
0.8204228	10.00	-43.84555	0.0003588317	0.00	0.1347573	-36.15067	10.00	-0.02483419
0.8206017	10.00	-43.77839	0.0001788504	0.00	0.06716629	-36.05141	10.00	-0.02479695
0.8206017	10.00	-43.64605	0	0.00	0.1323409	-36.00155	10.00	-0.0247784
0.8206017	10.00	-43.57958	0	0.00	0.066467	-35.9517	10.00	-0.02475965
0.8206017	10.00	-43.51309	0	0.00	0.06648682	-35.8539	10.00	-0.02472302
0.8206017	10.00	-43.3827	0	0.00	0.130393	-35.79991	10.00	-0.02470288
0.8206017	10.00	-43.31073	0	0.00	0.07197359	-35.69092	10.00	-0.02466205
0.8206017	10.00	-43.16539	0	0.00	0.1453316	-35.60548	10.00	-0.02463002
0.8206017	10.00	-43.05148	0	0.00	0.1139157	-35.54553	10.00	-0.02460765
0.8206017	10.00	-42.97153	0	0.00	0.07994329	-35.45611	10.00	-0.02457414
0.8206017	10.00	-42.85231	0	0.00	0.119227	-35.36723	10.00	-0.02454082
0.8206017	10.00	-42.73381	0	0.00	0.1184965	-35.30751	10.00	-0.02451852
0.8206017	10.00	-42.65419	0	0.00	0.0796262	-35.24266	10.00	-0.02449428
0.8206017	10.00	-42.56771	0	0.00	0.08647193	-35.15902	10.00	-0.02446299
0.8206017	10.00	-42.45621	0	0.00	0.111505	-35.10054	10.00	-0.02444104
0.8206017	10.00	-42.37822	0	0.00	0.07798413	-35.0102	10.00	-0.02440719
0.8206017	10.00	-42.25777	0	0.00	0.1204571	-34.96263	10.00	-0.02438944
0.8206017	10.00	-42.19435	0	0.00	0.06342068	-34.86104	10.00	-0.0243514
0.8206017	10.00	-42.0589	0	0.00	0.1354509	-34.81193	10.00	-0.02433306
0.8206017	10.00	-41.9934	0	0.00	0.0654945	-34.71272	10.00	-0.02429589
0.8206017	10.00	-41.86114	0	0.00	0.1322616	-34.66372	10.00	-0.0242775
0.8206017	10.00	-41.7958	0	0.00	0.06534586	-34.61385	10.00	-0.02425587
0.8206017	10.00	-41.72932	0	0.00	0.06647266	-34.51406	10.00	-0.02421254
0.8206017	10.00	-41.59624	0	0.00	0.1330756	-34.46719	10.00	-0.02419206
0.8206017	10.00	-41.53376	0	0.00	0.0624864	-34.36588	10.00	-0.0241481
0.8206017	10.00	-41.39868	0	0.00	0.1350814	-34.31902	10.00	-0.02412763
0.8206017	10.00	-41.33619	0	0.00	0.06248357	-34.21725	10.00	-0.02408346
0.8206017	10.00	-41.20051	0	0.00	0.1356816	-34.16802	10.00	-0.02406204
0.8206017	10.00	-41.13486	0	0.00	0.06565021	-34.0685	10.00	-0.02401885
0.8206017	10.00	-41.00217	0	0.00	0.1326934	-34.01941	10.00	-0.02399759
0.8206017	10.00	-40.93673	0	0.00	0.06544354	-33.96812	10.00	-0.02397519
0.8206017	10.00	-40.86833	0	0.00	0.0683936	-33.87157	10.00	-0.02393325
0.8206017	10.00	-40.7396	0	0.00	0.1287297	-33.82316	10.00	-0.02391225
0.8206017	10.00	-40.67505	0	0.00	0.06455173	-33.72052	10.00	-0.0238677
0.8206017	10.00	-40.53819	0	0.00	0.1368622	-33.67264	10.00	-0.02384681
0.8206017	10.00	-40.47435	0	0.00	0.06383969	-33.57357	10.00	-0.02380376
0.8206017	10.00	-40.34228	0	0.00	0.1320705	-33.52085	10.00	-0.02378089
0.8206017	10.00	-40.27197	0	0.00	0.07030463	-33.42157	10.00	-0.02373776
0.8206017	10.00	-40.13959	0	0.00	0.1323862	-33.35759	10.00	-0.02370998
0.8206017	10.00	-40.05429	0	0.00	0.08529983	-33.27533	10.00	-0.02367426
0.8206017	10.00	-39.9446	0	0.00	0.1096888	-33.2285	10.00	-0.02365384
0.8206017	10.00	-39.88218	0	0.00	0.0624227	-33.12793	10.00	-0.02361024
0.8206017	10.00	-39.74807	0	0.00	0.1341089	-33.07827	10.00	-0.02358865
0.8206017	10.00	-39.68187	0	0.00	0.06620229	-32.97908	10.00	-0.0235455
0.8206017	10.00	-39.54962	0	0.00	0.1322489	-32.92924	10.00	-0.02352387
0.8206017	10.00	-39.48316	0	0.00	0.06645568	-32.83038	10.00	-0.02348084
0.8206017	10.00	-39.35134	0	0.00	0.1318199	-32.78216	10.00	-0.02345997
0.8206017	10.00	-39.28705	0	0.00	0.06429126	-32.68074	10.00	-0.02341596
0.8206017	10.00	-39.15184	0	0.00	0.1352117	-32.63197	10.00	-0.02339464
0.8206017	10.00	-39.0868	0	0.00	0.06503868	-32.53311	10.00	-0.02335177
0.8206017	10.00	-38.95498	0	0.00	0.1318242	-32.48438	10.00	-0.02333061
0.8206017	10.00	-38.89001	0	0.00	0.0649679	-32.38417	10.00	-0.02328695
0.8206017	10.00	-38.75639	0	0.00	0.1336121	-32.33678	10.00	-0.02326635
0.8206017	10.00	-38.69321	0	0.00	0.06318569	-32.28196	10.00	-0.02324262
0.8206017	10.00	-38.62011	0	0.00	0.07309756	-32.18602	10.00	-0.02320091
0.8206017	10.00	-38.4922	0	0.00	0.1279172	-32.13832	10.00	-0.02318014
0.8206017	10.00	-38.4286	0	0.00	0.06359621	-32.0355	10.00	-0.02313556
0.8206017	10.00	-38.29152	0	0.00	0.1370845	-31.98216	10.00	-0.02311237
0.8206017	10.00	-38.22038	0	0.00	0.07112991	-31.88959	10.00	-0.02307207
0.8206017	10.00	-38.09697	0	0.00	0.1234157	-31.81987	10.00	-0.02304181
0.8206017	10.00	-38.00399	0	0.00	0.09297509	-31.74074	10.00	-0.02300748
0.8206017	10.00	-37.89849	0	0.00	0.1055044	-31.67206	10.00	-0.02297764
0.8206017	10.00	-37.80693	0	0.00	0.09155527	-31.59145	10.00	-0.02294256
0.8206017	10.00	-37.69944	0	0.00	0.1074989	-31.5296	10.00	-0.02291578
0.8206017	10.00	-37.61698	0	0.00	0.08245311	-31.4418	10.00	-0.02287754
0.8206017	10.00	-37.49991	0	0.00	0.1170739	-31.39342	10.00	-0.02285656
0.8206017	10.00	-37.4354	0	0.00	0.06450784	-31.34475	10.00	-0.02283538
0.8206017	10.00	-37.37049	0	0.00	0.06490704	-31.29519	10.00	-0.0228138
0.8206017	10.00	-37.30442	0	0.00	0.06607064	-31.19528	10.00	-0.02277045
0.8206017	10.00	-37.17122	0	0.00	0.1332044	-31.14476	10.00	-0.02274853
0.8206017	10.00	-37.10386	0	0.00	0.06736306	-31.09806	10.00	-0.02272816
0.8206017	10.00	-37.04158	0	0.00	0.06227689	-31.04721	10.00	-0.02270609
0.8206017	10.00	-36.97379	0	0.00	0.06779339	-30.94737	10.00	-0.02266267
0.8206017	10.00	-36.84068	0	0.00	0.1331053	-30.89757	10.00	-0.0226411
0.8206017	10.00	-36.77427	0	0.00	0.06640613	-30.84911	10.00	-0.02261995
0.8206017	10.00	-36.70966	0	0.00	0.06461118	-30.79949	10.00	-0.02259848
0.8206017	10.00	-36.64349	0	0.00	0.06617115	-30.75007	10.00	-0.02257694
0.8206017	10.00	-36.57761	0	0.00	0.06587671	-30.65006	10.00	-0.02253346
0.8206017	10.00	-36.44426	0	0.00	0.1333558	-30.59984	10.00	-0.02251169
0.8206017	10.00	-36.37729	0	0.00	0.06697094	-30.55077	10.00	-0.02249036
0.8206017	10.00	-36.31187	0	0.00	0.06541806	-30.45279	10.00	-0.02244772
0.8206017	10.00	-36.18122	0	0.00	0.1306436	-30.40132	10.00	-0.02242542
0.8206017	10.00	-36.11261	0	0.00	0.06861726	-30.35376	10.00	-0.02240472
0.8206017	10.00	-36.04919	0	0.00	0.06341643	-30.30291	10.00	-0.02238268
0.8206017	10.00	-35.9814	0	0.00	0.06779622	-30.20273	10.00	-0.02233909
0.8206017	10.00	-35.84781	0	0.00	0.1335838	-30.15571	10.00	-0.02231866
0.8206017	10.00	-35.78512	0	0.00	0.06268883	-30.10542	10.00	-0.02229681
0.8206017	10.00	-35.71807	0	0.00	0.06705305	-30.00602	10.00	-0.02225368
0.8206017	10.00	-35.58554	0	0.00	0.132532	-29.95532	10.00	-0.02223159
0.8206017	10.00	-35.51794	0	0.00	0.06760229	-29.90767	10.00	-0.02221085
0.8206017	10.00	-35.4544	0	0.00	0.06353251	-29.85757	10.00	-0.02218911
0.8206017	10.00	-35.3876	0	0.00	0.06680391	-29.75694	10.00	-0.02214548
0.8206017	10.00	-35.25343	0	0.00	0.1341684	-29.70732	10.00	-0.02212386
0.8206017	10.00	-35.18726	0	0.00	0.06616973	-29.66044	10.00	-0.02210352
0.8206017	10.00	-35.12476	0	0.00	0.06249914	-29.60983	10.00	-0.02208156
0.8206017	10.00	-35.05728	0	0.00	0.06748196	-29.56039	10.00	-0.02206003
0.8206017	10.00	-34.99136	0	0.00	0.06592058	-29.46037	10.00	-0.02201661
0.8206017	10.00	-34.85799	0	0.00	0.1333686	-29.40995	10.00	-0.02199461
0.8206017	10.00	-34.79077	0	0.00	0.06721867	-29.3615	10.00	-0.02197365
0.8206017	10.00	-34.72618	0	0.00	0.06459278	-29.3125	10.00	-0.02195234
0.8206017	10.00	-34.66084	0	0.00	0.06533878	-29.26266	10.00	-0.02193068
0.8206017	10.00	-34.59439	0	0.00	0.06644718	-29.16364	10.00	-0.0218877
0.8206017	10.00	-34.46236	0	0.00	0.1320309	-29.11237	10.00	-0.02186535
0.8206017	10.00	-34.394	0	0.00	0.06835963	-29.06503	10.00	-0.02184479
0.8206017	10.00	-34.33088	0	0.00	0.0631234	-29.01521	10.00	-0.02182321
0.8206017	10.00	-34.26446	0	0.00	0.06641887	-28.91521	10.00	-0.02177973
0.8206017	10.00	-34.13113	0	0.00	0.1333304	-28.8647	10.00	-0.02175779
0.8206017	10.00	-34.06377	0	0.00	0.06735457	-28.8165	10.00	-0.02173682
0.8206017	10.00	-33.9995	0	0.00	0.06427144	-28.76726	10.00	-0.02171546
0.8206017	10.00	-33.93385	0	0.00	0.06565587	-28.71751	10.00	-0.02169385
0.8206017	10.00	-33.86752	0	0.00	0.06632544	-28.61766	10.00	-0.02165042
0.8206017	10.00	-33.73438	0	0.00	0.1331435	-28.56679	10.00	-0.02162837
0.8206017	10.00	-33.66655	0	0.00	0.06782878	-28.51958	10.00	-0.02160782
0.8206017	10.00	-33.60361	0	0.00	0.06293938	-28.46975	10.00	-0.02158619
0.8206017	10.00	-33.53716	0	0.00	0.06645001	-28.42007	10.00	-0.02156463
0.8206017	10.00	-33.47092	0	0.00	0.0662405	-28.31887	10.00	-0.02152064
0.8206017	10.00	-33.33598	0	0.00	0.134937	-28.26985	10.00	-0.02149935
0.8206017	10.00	-33.27065	0	0.00	0.06533878	-28.1707	10.00	-0.02145624
0.8206017	10.00	-33.13844	0	0.00	0.1322021	-28.12268	10.00	-0.02143543
0.8206017	10.00	-33.07441	0	0.00	0.06403079	-28.07277	10.00	-0.02141361
0.8206017	10.00	-33.00785	0	0.00	0.06655759	-27.97219	10.00	-0.02137007
0.8206017	10.00	-32.87375	0	0.00	0.1341061	-27.92473	10.00	-0.0213494
0.8206017	10.00	-32.81047	0	0.00	0.06327204	-27.87451	10.00	-0.0213275
0.8206017	10.00	-32.74353	0	0.00	0.06694971	-27.77457	10.00	-0.02128412
0.8206017	10.00	-32.61027	0	0.00	0.1332582	-27.72555	10.00	-0.02126284
0.8206017	10.00	-32.5449	0	0.00	0.06536568	-27.67731	10.00	-0.02124188
0.8206017	10.00	-32.48059	0	0.00	0.06431249	-27.62666	10.00	-0.02121987
0.8206017	10.00	-32.41306	0	0.00	0.06752868	-27.57767	10.00	-0.02119862
0.8206017	10.00	-32.34772	0	0.00	0.06533595	-27.47672	10.00	-0.02115471
0.8206017	10.00	-32.21312	0	0.00	0.1346044	-27.42903	10.00	-0.021134
0.8206017	10.00	-32.14954	0	0.00	0.06357639	-27.37932	10.00	-0.02111242
0.8206017	10.00	-32.08327	0	0.00	0.06627023	-27.27936	10.00	-0.02106896
0.8206017	10.00	-31.94999	0	0.00	0.1332893	-27.22905	10.00	-0.02104712
0.8206017	10.00	-31.8829	0	0.00	0.06708278	-27.18087	10.00	-0.02102621
0.8206017	10.00	-31.81866	0	0.00	0.06423888	-27.12675	10.00	-0.02100261
0.8206017	10.00	-31.74652	0	0.00	0.07214913	-27.03057	10.00	-0.02096085
0.8206017	10.00	-31.61827	0	0.00	0.1282442	-26.98387	10.00	-0.02094056
0.8206017	10.00	-31.556	0	0.00	0.06227123	-26.9328	10.00	-0.02091835
0.8206017	10.00	-31.48791	0	0.00	0.06808784	-26.83324	10.00	-0.0208751
0.8206017	10.00	-31.35516	0	0.00	0.1327486	-26.78278	10.00	-0.02085315
0.8206017	10.00	-31.28788	0	0.00	0.06727812	-26.7356	10.00	-0.02083262
0.8206017	10.00	-31.22497	0	0.00	0.06291249	-26.68531	10.00	-0.02081081
0.8206017	10.00	-31.15792	0	0.00	0.06705163	-26.6355	10.00	-0.02078915
0.8206017	10.00	-31.09151	0	0.00	0.06641604	-26.53598	10.00	-0.02074592
0.8206017	10.00	-30.95881	0	0.00	0.1326934	-26.48545	10.00	-0.02072397
0.8206017	10.00	-30.89144	0	0.00	0.06736731	-26.43785	10.00	-0.02070327
0.8206017	10.00	-30.82798	0	0.00	0.06346739	-26.38798	10.00	-0.02068165
0.8206017	10.00	-30.76147	0	0.00	0.06650522	-26.28787	10.00	-0.02063809
0.8206017	10.00	-30.628	0	0.00	0.1334748	-26.23768	10.00	-0.02061632
0.8206017	10.00	-30.56107	0	0.00	0.06692564	-26.18999	10.00	-0.02059544
0.8206017	10.00	-30.4975	0	0.00	0.06357356	-26.13994	10.00	-0.02057383
0.8206017	10.00	-30.43077	0	0.00	0.06673171	-26.04083	10.00	-0.02053072
0.8206017	10.00	-30.29861	0	0.00	0.132154	-25.98984	10.00	-0.02050855
0.8206017	10.00	-30.23063	0	0.00	0.06797884	-25.94114	10.00	-0.02048743
0.8206017	10.00	-30.1657	0	0.00	0.0649311	-25.89236	10.00	-0.02046618
0.8206017	10.00	-30.10064	0	0.00	0.06506275	-25.79207	10.00	-0.02042268
0.8206017	10.00	-29.96693	0	0.00	0.1337055	-25.74262	10.00	-0.02040116
0.8206017	10.00	-29.90099	0	0.00	0.06594182	-25.69499	10.00	-0.02038045
0.8206017	10.00	-29.8375	0	0.00	0.0634957	-25.64372	10.00	-0.02035812
0.8206017	10.00	-29.76913	0	0.00	0.06836104	-25.54532	10.00	-0.02031535
0.8206017	10.00	-29.63792	0	0.00	0.1312127	-25.49661	10.00	-0.02029425
0.8206017	10.00	-29.57298	0	0.00	0.06494384	-25.44571	10.00	-0.02027216
0.8206017	10.00	-29.50512	0	0.00	0.06785851	-25.39705	10.00	-0.02025099
0.8206017	10.00	-29.44024	0	0.00	0.06487448	-25.29672	10.00	-0.02020745
0.8206017	10.00	-29.30647	0	0.00	0.1337791	-25.24711	10.00	-0.02018587
0.8206017	10.00	-29.24032	0	0.00	0.06614708	-25.19897	10.00	-0.02016497
0.8206017	10.00	-29.17613	0	0.00	0.06418651	-25.14933	10.00	-0.02014332
0.8206017	10.00	-29.10995	0	0.00	0.06618813	-25.0488	10.00	-0.02009965
0.8206017	10.00	-28.97591	0	0.00	0.1340297	-24.99902	10.00	-0.02007801
0.8206017	10.00	-28.90953	0	0.00	0.06638631	-24.95097	10.00	-0.02005715
0.8206017	10.00	-28.84546	0	0.00	0.06407043	-24.90173	10.00	-0.02003573
0.8206017	10.00	-28.77981	0	0.00	0.06565163	-24.80025	10.00	-0.01999171
0.8206017	10.00	-28.64451	0	0.00	0.1352966	-24.74462	10.00	-0.01996746
0.8206017	10.00	-28.57034	0	0.00	0.07417481	-24.65123	10.00	-0.01992687
0.8206017	10.00	-28.44581	0	0.00	0.1245226	-24.60261	10.00	-0.01990578
0.8206017	10.00	-28.38098	0	0.00	0.06483059	-24.52544	10.00	-0.01987224
0.8206017	10.00	-28.2781	0	0.00	0.1028855	-24.45352	10.00	-0.01984106
0.8206017	10.00	-28.18218	0	0.00	0.09591241	-24.40384	10.00	-0.01981948
0.8206017	10.00	-28.11595	0	0.00	0.06623484	-24.34958	10.00	-0.01979577
0.8206017	10.00	-28.0436	0	0.00	0.07234731	-24.25436	10.00	-0.01975446
0.8206017	10.00	-27.91665	0	0.00	0.126956	-24.20643	10.00	-0.0197336
0.8206017	10.00	-27.85273	0	0.00	0.06391189	-24.15359	10.00	-0.01971068
0.8206017	10.00	-27.78227	0	0.00	0.07045893	-24.10853	10.00	-0.01969112
0.8206017	10.00	-27.72221	0	0.00	0.06006576	-24.05905	10.00	-0.01966964
0.8206017	10.00	-27.65625	0	0.00	0.06595881	-23.95798	10.00	-0.01962572
0.8206017	10.00	-27.52148	0	0.00	0.1347743	-23.90444	10.00	-0.01960237
0.8206017	10.00	-27.45008	0	0.00	0.07139745	-23.81014	10.00	-0.01956139
0.8206017	10.00	-27.32436	0	0.00	0.1257216	-23.76056	10.00	-0.01953989
0.8206017	10.00	-27.25826	0	0.00	0.06609895	-23.71229	10.00	-0.0195189
0.8206017	10.00	-27.19388	0	0.00	0.06437761	-23.66219	10.00	-0.01949719
0.8206017	10.00	-27.12708	0	0.00	0.06679825	-23.6127	10.00	-0.01947577
0.8206017	10.00	-27.06108	0	0.00	0.06599703	-23.51211	10.00	-0.01943201
0.8206017	10.00	-26.92697	0	0.00	0.134116	-23.46174	10.00	-0.0194101
0.8206017	10.00	-26.85983	0	0.00	0.06714082	-23.41349	10.00	-0.0193891
0.8206017	10.00	-26.7955	0	0.00	0.06432948	-23.36441	10.00	-0.01936782
0.8206017	10.00	-26.73006	0	0.00	0.06544212	-23.31473	10.00	-0.01934623
0.8206017	10.00	-26.6638	0	0.00	0.06625749	-23.21468	10.00	-0.01930276
0.8206017	10.00	-26.53041	0	0.00	0.1333884	-23.16492	10.00	-0.01928119
0.8206017	10.00	-26.46407	0	0.00	0.0663396	-23.11588	10.00	-0.01925979
0.8206017	10.00	-26.39866	0	0.00	0.06540956	-23.0679	10.00	-0.01923894
0.8206017	10.00	-26.33469	0	0.00	0.06397276	-23.01791	10.00	-0.01921722
0.8206017	10.00	-26.26805	0	0.00	0.06663687	-22.96826	10.00	-0.01919566
0.8206017	10.00	-26.20185	0	0.00	0.06619663	-22.86872	10.00	-0.01915244
0.8206017	10.00	-26.06912	0	0.00	0.1327386	-22.819	10.00	-0.01913075
0.8207781	10.00	-26.00285	0.0001764531	0.00	0.06626599	-22.76911	10.00	-0.0191091
0.823532	10.00	-25.93632	0.002753936	0.00	0.06652928	-22.66932	10.00	-0.01906569
0.8354819	10.00	-25.80326	0.01194983	0.00	0.1330586	-22.61947	10.00	-0.01904408
0.8433805	10.00	-25.73681	0.007898583	0.00	0.06645426	-22.57115	10.00	-0.01902307
0.8516623	10.00	-25.67238	0.008281851	0.00	0.06442998	-22.52246	10.00	-0.01900187
0.8600086	10.00	-25.60745	0.008346265	0.00	0.0649311	-22.47271	10.00	-0.01898031
0.8685344	10.00	-25.54112	0.008525858	0.00	0.06632827	-22.37288	10.00	-0.01893692
0.8869329	10.00	-25.40801	0.01839843	0.00	0.1331067	-22.32197	10.00	-0.01891484
0.8969736	10.00	-25.34013	0.01004067	0.00	0.06788541	-22.27495	10.00	-0.01889441
0.9062452	10.00	-25.27744	0.009271641	0.00	0.062686	-22.22482	10.00	-0.01887261
0.9161305	10.00	-25.21061	0.009885312	0.00	0.06683505	-22.17444	10.00	-0.01885077
0.9260665	10.00	-25.14343	0.009935979	0.00	0.06717762	-22.07532	10.00	-0.01880772
0.9468927	10.00	-25.01127	0.02082624	0.00	0.1321554	-22.02434	10.00	-0.01878555
0.957605	10.00	-24.9433	0.01071227	0.00	0.06797601	-21.97699	10.00	-0.018765
0.9675543	10.00	-24.88016	0.009949338	0.00	0.06313473	-21.92725	10.00	-0.01874339
0.9780074	10.00	-24.81383	0.01045305	0.00	0.0663311	-21.87802	10.00	-0.01872193
0.9883509	10.00	-24.7482	0.01034352	0.00	0.06563605	-21.77811	10.00	-0.01867851
1.011922	10.00	-24.61499	0.02357064	0.00	0.1332015	-21.7276	10.00	-0.01865663
1.02384	10.00	-24.54764	0.01191821	0.00	0.06735174	-21.67992	10.00	-0.01863587
1.035706	10.00	-24.48406	0.01186601	0.00	0.06357781	-21.62926	10.00	-0.01861393
1.048311	10.00	-24.41653	0.01260471	0.00	0.06753576	-21.53021	10.00	-0.01857079
1.072961	10.00	-24.28445	0.02465064	0.00	0.1320776	-21.4796	10.00	-0.0185489
1.085554	10.00	-24.21698	0.01259309	0.00	0.06747347	-21.43219	10.00	-0.01852816
1.097966	10.00	-24.15376	0.01241187	0.00	0.0632225	-21.3819	10.00	-0.01850637
1.11178	10.00	-24.0867	0.01381374	0.00	0.06705588	-21.33269	10.00	-0.018485
1.125294	10.00	-24.0211	0.01351454	0.00	0.06560349	-21.2303	10.00	-0.01844051
1.15342	10.00	-23.88457	0.02812526	0.00	0.1365281	-21.17084	10.00	-0.01841465
1.169753	10.00	-23.80528	0.01633299	0.00	0.07928505	-21.08233	10.00	-0.01837616
1.194062	10.00	-23.68728	0.0243095	0.00	0.1180053	-21.01641	10.00	-0.01834753
1.212168	10.00	-23.59939	0.01810571	0.00	0.08789034	-20.936	10.00	-0.01831263
1.231139	10.00	-23.49217	0.01897159	0.00	0.1072116	-20.88002	10.00	-0.01828823
1.243626	10.00	-23.41753	0.01248645	0.00	0.07464762	-20.78455	10.00	-0.01824676
1.263686	10.00	-23.29023	0.02005996	0.00	0.1272929	-20.73569	10.00	-0.01822554
1.273952	10.00	-23.22509	0.01026611	0.00	0.06514485	-20.63684	10.00	-0.01818254
1.29217	10.00	-23.09329	0.01821783	0.00	0.1318001	-20.58732	10.00	-0.01816111
1.300017	10.00	-23.02727	0.007846761	0.00	0.06601826	-20.53919	10.00	-0.01814017
1.307023	10.00	-22.96309	0.007006915	0.00	0.06418084	-20.48917	10.00	-0.01811842
1.312367	10.00	-22.8964	0.005343309	0.00	0.06668641	-20.38941	10.00	-0.01807512
1.32045	10.00	-22.76337	0.008083019	0.00	0.1330317	-20.33895	10.00	-0.01805314
1.324537	10.00	-22.6961	0.004087396	0.00	0.06727105	-20.29105	10.00	-0.01803236
1.327799	10.00	-22.63224	0.003261983	0.00	0.06386375	-20.24135	10.00	-0.01801082
1.330542	10.00	-22.56597	0.002743213	0.00	0.06627023	-20.19198	10.00	-0.01798929
1.333267	10.00	-22.50015	0.002724579	0.00	0.06582008	-20.09286	10.00	-0.01794625
1.338737	10.00	-22.36799	0.00547037	0.00	0.1321526	-20.04217	10.00	-0.01792421
1.341536	10.00	-22.30039	0.002798411	0.00	0.06760371	-19.99343	10.00	-0.01790304
1.342338	10.00	-22.23542	0.0008021082	0.00	0.06497073	-19.94398	10.00	-0.01788156
1.343152	10.00	-22.16947	0.0008141494	0.00	0.06594606	-19.84409	10.00	-0.01783816
1.344796	10.00	-22.03629	0.001644202	0.00	0.1331803	-19.7959	10.00	-0.01781724
1.34559	10.00	-21.97204	0.0007933003	0.00	0.06425729	-19.74597	10.00	-0.01779559
1.346411	10.00	-21.90547	0.0008218564	0.00	0.06657033	-19.69612	10.00	-0.0177738
1.347232	10.00	-21.839	0.0008205632	0.00	0.06646559	-19.59624	10.00	-0.01773042
1.348876	10.00	-21.70582	0.001644185	0.00	0.1331789	-19.54574	10.00	-0.01770853
1.349707	10.00	-21.63849	0.0008312412	0.00	0.0673305	-19.49831	10.00	-0.01768786
1.350488	10.00	-21.57525	0.0007807697	0.00	0.06324232	-19.44693	10.00	-0.01766549
1.351334	10.00	-21.50674	0.000845729	0.00	0.06850401	-19.34649	10.00	-0.01762187
1.352987	10.00	-21.37282	0.00165336	0.00	0.1339221	-19.29871	10.00	-0.01760111
1.353774	10.00	-21.30911	0.0007865369	0.00	0.06370945	-19.198	10.00	-0.0175574
1.355431	10.00	-21.17484	0.001657694	0.00	0.1342731	-19.15051	10.00	-0.01753671
1.356213	10.00	-21.11152	0.0007817659	0.00	0.06332301	-19.09976	10.00	-0.01751466
1.357048	10.00	-21.04386	0.0008352607	0.00	0.06765608	-18.99973	10.00	-0.01747115
1.358695	10.00	-20.91048	0.001646701	0.00	0.1333827	-18.95183	10.00	-0.01745038
1.360102	10.00	-20.84661	0.001406983	0.00	0.06387083	-18.85043	10.00	-0.01740632
1.36439	10.00	-20.7114	0.004287445	0.00	0.1352018	-18.80402	10.00	-0.01738615
1.366951	10.00	-20.64953	0.002561445	0.00	0.06187911	-18.70335	10.00	-0.01734249
1.376406	10.00	-20.5153	0.009455113	0.00	0.1342236	-18.6552	10.00	-0.01732155
1.376577	10.00	-20.4511	0.0001709573	0.00	0.06420208	-18.55469	10.00	-0.01727788
1.376577	10.00	-20.31709	0	0.00	0.1340155	-18.50644	10.00	-0.01725693
1.376577	10.00	-20.25275	0	0.00	0.06433231	-18.40595	10.00	-0.01721322
1.376577	10.00	-20.11876	0	0.00	0.1339886	-18.35824	10.00	-0.01719248
1.376577	10.00	-20.05516	0	0.00	0.06360046	-18.30496	10.00	-0.01716934
1.376577	10.00	-19.98412	0	0.00	0.07104781	-18.20762	10.00	-0.01712705
1.376577	10.00	-19.85433	0	0.00	0.1297886	-18.15899	10.00	-0.01710589
1.376577	10.00	-19.78949	0	0.00	0.06484192	-18.05886	10.00	-0.01706238
1.376577	10.00	-19.65598	0	0.00	0.1335073	-18.00534	10.00	-0.01703916
1.376577	10.00	-19.58463	0	0.00	0.07135357	-17.90903	10.00	-0.01699724
1.376577	10.00	-19.45621	0	0.00	0.1284197	-17.85919	10.00	-0.01697559
1.376577	10.00	-19.38975	0	0.00	0.06645143	-17.81181	10.00	-0.01695503
1.376577	10.00	-19.32658	0	0.00	0.06317012	-17.70504	10.00	-0.01690862
1.376956	10.00	-19.18423	0.0003790734	0.00	0.1423589	-17.57401	10.00	-0.01685174
1.377421	10.00	-19.00951	0.0004652268	0.00	0.1747133	-17.52515	10.00	-0.01683054
1.378226	10.00	-18.94437	0.000804153	0.00	0.06513636	-17.46431	10.00	-0.0168041
1.379227	10.00	-18.86325	0.00100153	0.00	0.08112388	-17.36184	10.00	-0.01675947
1.395466	10.00	-18.72662	0.01623933	0.00	0.1366287	-17.2914	10.00	-0.01672893
1.408448	10.00	-18.6327	0.01298202	0.00	0.0939207	-17.20816	10.00	-0.01669277
1.431312	10.00	-18.52172	0.02286339	0.00	0.1109855	-17.14606	10.00	-0.01666583
1.450775	10.00	-18.43891	0.01946329	0.00	0.08280417	-17.06915	10.00	-0.0166324
1.475871	10.00	-18.33637	0.0250955	0.00	0.1025416	-17.02005	10.00	-0.01661102
1.49316	10.00	-18.27091	0.01728892	0.00	0.06546336	-16.97024	10.00	-0.01658944
1.512632	10.00	-18.20448	0.01947272	0.00	0.06642595	-16.87021	10.00	-0.01654592
1.555603	10.00	-18.07111	0.04297064	0.00	0.1333672	-16.81977	10.00	-0.01652399
1.577272	10.00	-18.00386	0.02166867	0.00	0.06725264	-16.77155	10.00	-0.0165031
1.597985	10.00	-17.93958	0.02071315	0.00	0.06428701	-16.72152	10.00	-0.01648129
1.618187	10.00	-17.87286	0.02020208	0.00	0.06671048	-16.67222	10.00	-0.01645993
1.637455	10.00	-17.80714	0.01926814	0.00	0.06572807	-16.57203	10.00	-0.01641637
1.67662	10.00	-17.67353	0.03916497	0.00	0.1336007	-16.52275	10.00	-0.01639495
1.69588	10.00	-17.60784	0.01925984	0.00	0.06569976	-16.47383	10.00	-0.0163737
1.715	10.00	-17.54261	0.01912041	0.00	0.06522413	-16.42463	10.00	-0.01635233
1.734232	10.00	-17.47701	0.01923162	0.00	0.06560349	-16.32394	10.00	-0.01630853
1.773589	10.00	-17.34275	0.0393571	0.00	0.1342562	-16.27535	10.00	-0.01628744
1.792577	10.00	-17.27798	0.01898803	0.00	0.06477255	-16.22451	10.00	-0.01626541
1.812449	10.00	-17.21019	0.01987234	0.00	0.06778914	-16.1771	10.00	-0.01624472
1.830982	10.00	-17.14697	0.01853239	0.00	0.06321825	-16.12728	10.00	-0.01622313
1.850454	10.00	-17.08055	0.01947272	0.00	0.06642595	-16.02357	10.00	-0.01617809
1.889655	10.00	-16.94225	0.03920114	0.00	0.138292	-15.97783	10.00	-0.01615814
1.906942	10.00	-16.88127	0.01728625	0.00	0.06098164	-15.92882	10.00	-0.01613689
1.925463	10.00	-16.81593	0.01852136	0.00	0.06533878	-15.8793	10.00	-0.01611538
1.944182	10.00	-16.7499	0.01871918	0.00	0.06603666	-15.77984	10.00	-0.01607223
1.981775	10.00	-16.61728	0.03759245	0.00	0.1326169	-15.72894	10.00	-0.01605011
2.00101	10.00	-16.54942	0.01923521	0.00	0.06785709	-15.68101	10.00	-0.01602938
2.019125	10.00	-16.48552	0.01811487	0.00	0.06390481	-15.63231	10.00	-0.01600815
2.036905	10.00	-16.42058	0.01778017	0.00	0.06494242	-15.58187	10.00	-0.01598622
2.055313	10.00	-16.35334	0.01840841	0.00	0.06723707	-15.48189	10.00	-0.01594279
2.091812	10.00	-16.22002	0.03649902	0.00	0.1333134	-15.43273	10.00	-0.01592145
2.109759	10.00	-16.15448	0.01794644	0.00	0.06554971	-15.38284	10.00	-0.01589972
2.127969	10.00	-16.08796	0.01821036	0.00	0.06651372	-15.3342	10.00	-0.01587858
2.145727	10.00	-16.0231	0.01775808	0.00	0.06486174	-15.2845	10.00	-0.01585699
2.163871	10.00	-15.95683	0.01814331	0.00	0.06626882	-15.18438	10.00	-0.01581351
2.200416	10.00	-15.82335	0.03654552	0.00	0.1334832	-15.13494	10.00	-0.01579208
2.218466	10.00	-15.75742	0.01804953	0.00	0.06592625	-15.08501	10.00	-0.0157703
2.236692	10.00	-15.69085	0.01822664	0.00	0.06657317	-15.03706	10.00	-0.01574952
2.254815	10.00	-15.62815	0.0181225	0.00	0.06269362	-14.98707	10.00	-0.01572783
2.275646	10.00	-15.56601	0.02083167	0.00	0.06214	-14.88692	10.00	-0.01568429
2.325133	10.00	-15.4661	0.04948629	0.00	0.09990995	-14.83732	10.00	-0.01566272
2.350927	10.00	-15.41854	0.02579427	0.00	0.04756968	-14.78885	10.00	-0.01564168
2.375503	10.00	-15.37268	0.02457617	0.00	0.04585154	-14.73927	10.00	-0.0156201
2.400001	10.00	-15.32578	0.02449814	0.00	0.0469001	-14.63936	10.00	-0.01557671
2.449376	10.00	-15.23126	0.04937507	0.00	0.09452535	-14.58994	10.00	-0.01555514
2.473793	10.00	-15.18451	0.02441683	0.00	0.04674442	-14.5407	10.00	-0.0155338
2.498128	10.00	-15.13793	0.02433498	0.00	0.04658774	-14.4405	10.00	-0.01549021
2.547642	10.00	-15.04313	0.0495141	0.00	0.09479152	-14.39329	10.00	-0.01546977
2.570966	10.00	-14.99848	0.02332402	0.00	0.04465232	-14.34353	10.00	-0.01544815
2.595561	10.00	-14.9514	0.02459467	0.00	0.04708491	-14.29385	10.00	-0.01542646
2.620106	10.00	-14.90441	0.02454483	0.00	0.04698949	-14.1938	10.00	-0.01538304
2.670841	10.00	-14.80975	0.05073506	0.00	0.09465592	-14.14346	10.00	-0.01536119
2.698316	10.00	-14.76343	0.027475	0.00	0.04632243	-14.09462	10.00	-0.01534002
2.725601	10.00	-14.71912	0.02728558	0.00	0.04430951	-14.043	10.00	-0.01531754
2.754439	10.00	-14.67229	0.0288373	0.00	0.04682938	-13.94471	10.00	-0.01527489
2.809354	10.00	-14.58311	0.0549152	0.00	0.08917771	-13.89404	10.00	-0.01525282
2.838319	10.00	-14.53975	0.02896538	0.00	0.04335811	-13.84382	10.00	-0.01523105
2.869621	10.00	-14.49873	0.03130168	0.00	0.04102773	-13.74502	10.00	-0.0151881
2.945227	10.00	-14.4244	0.07560565	0.00	0.07433015	-13.69699	10.00	-0.01516721
2.990043	10.00	-14.39384	0.04481665	0.00	0.03055469	-13.64663	10.00	-0.01514536
3.037683	10.00	-14.36246	0.04763932	0.00	0.03138572	-13.59261	10.00	-0.01512181
3.088094	10.00	-14.32948	0.05041192	0.00	0.03297438	-13.4999	10.00	-0.01508152
3.174595	10.00	-14.27649	0.08650082	0.00	0.05298961	-13.4482	10.00	-0.0150592
3.220839	10.00	-14.2476	0.04624371	0.00	0.02888772	-13.40281	10.00	-0.0150394
3.260851	10.00	-14.22224	0.04001169	0.00	0.02536076	-13.35312	10.00	-0.01501781
3.304648	10.00	-14.19448	0.04379715	0.00	0.02776011	-13.30352	10.00	-0.01499623
3.348373	10.00	-14.16677	0.04372509	0.00	0.02771444	-13.25371	10.00	-0.01497462
3.392274	10.00	-14.13894	0.04390103	0.00	0.02782596	-13.20399	10.00	-0.01495307
3.434817	10.00	-14.11116	0.04254325	0.00	0.02777909	-13.10469	10.00	-0.01490993
3.518504	10.00	-14.05568	0.08368637	0.00	0.05548108	-13.05392	10.00	-0.01488787
3.561285	10.00	-14.02732	0.04278174	0.00	0.02836277	-13.00484	10.00	-0.01486647
3.602653	10.00	-13.9999	0.04136719	0.00	0.02742498	-12.95575	10.00	-0.01484517
3.644022	10.00	-13.97247	0.04136898	0.00	0.02742616	-12.90566	10.00	-0.01482341
3.68623	10.00	-13.94449	0.04220823	0.00	0.02798255	-12.85674	10.00	-0.01480218
3.727458	10.00	-13.91715	0.04122851	0.00	0.02733304	-12.80731	10.00	-0.01478064
3.769114	10.00	-13.88954	0.04165618	0.00	0.02761657	-12.70806	10.00	-0.01473756
3.825844	10.00	-13.80462	0.05672916	0.00	0.08491755	-12.65797	10.00	-0.01471585
3.848013	10.00	-13.74752	0.02216906	0.00	0.05709625	-12.607	10.00	-0.01469363
3.867934	10.00	-13.68154	0.0199209	0.00	0.06598078	-12.55808	10.00	-0.01467243
3.887057	10.00	-13.61631	0.0191229	0.00	0.06523262	-12.5086	10.00	-0.0146509
3.905118	10.00	-13.55034	0.01806193	0.00	0.06597155	-12.46091	10.00	-0.01463017
3.921296	10.00	-13.48675	0.01617749	0.00	0.0635863	-12.4108	10.00	-0.01460845
3.937648	10.00	-13.41994	0.01635202	0.00	0.06681523	-12.36135	10.00	-0.01458698
3.953147	10.00	-13.354	0.01549876	0.00	0.06593757	-12.3118	10.00	-0.01456547
3.966755	10.00	-13.28794	0.01360844	0.00	0.06605931	-12.26159	10.00	-0.0145436
3.979249	10.00	-13.221	0.01249401	0.00	0.06694263	-12.16155	10.00	-0.01450018
3.998978	10.00	-13.08761	0.01972917	0.00	0.1333898	-12.11353	10.00	-0.01447933
4.005348	10.00	-13.02359	0.006369544	0.00	0.06402088	-12.06244	10.00	-0.01445708
4.012126	10.00	-12.95546	0.006778115	0.00	0.06812747	-12.01292	10.00	-0.01443557
4.017416	10.00	-12.88944	0.005289999	0.00	0.06602109	-11.9639	10.00	-0.01441428
4.021388	10.00	-12.82408	0.003971368	0.00	0.06536143	-11.91562	10.00	-0.01439331
4.024675	10.00	-12.7597	0.003288012	0.00	0.06437336	-11.86594	10.00	-0.0143717
4.028059	10.00	-12.69347	0.003383236	0.00	0.06623767	-11.81605	10.00	-0.01435006
4.031457	10.00	-12.62694	0.003398131	0.00	0.06652928	-11.76546	10.00	-0.01432808
4.034902	10.00	-12.55949	0.003445056	0.00	0.067448	-11.71623	10.00	-0.01430665
4.038255	10.00	-12.49384	0.003352941	0.00	0.06564455	-11.66662	10.00	-0.01428504
4.040352	10.00	-12.42769	0.0020978	0.00	0.06615274	-11.56779	10.00	-0.01424216
4.043255	10.00	-12.29592	0.002902714	0.00	0.1317704	-11.51751	10.00	-0.01422025
4.044732	10.00	-12.22889	0.001476615	0.00	0.06703182	-11.46721	10.00	-0.01419842
4.046209	10.00	-12.16182	0.001477364	0.00	0.06706579	-11.4173	10.00	-0.01417673
4.046387	10.00	-12.09527	0.0001772145	0.00	0.06655193	-11.36547	10.00	-0.01415425
4.04657	10.00	-12.02616	0.0001840221	0.00	0.06910846	-11.27043	10.00	-0.01411294
4.046908	10.00	-11.89944	0.0003374253	0.00	0.1267182	-11.22092	10.00	-0.01409138
4.046908	10.00	-11.83344	0	0.00	0.06600977	-11.17027	10.00	-0.01406946
4.047741	10.00	-11.76591	0.0008336878	0.00	0.06752868	-11.12065	10.00	-0.01404779
4.04984	10.00	-11.69974	0.002098294	0.00	0.06616832	-11.07165	10.00	-0.01402653
4.051911	10.00	-11.63441	0.002071629	0.00	0.06532746	-11.02291	10.00	-0.01400538
4.053973	10.00	-11.56942	0.002060945	0.00	0.06499055	-10.97355	10.00	-0.01398388
4.05606	10.00	-11.5036	0.002087116	0.00	0.06581584	-10.9241	10.00	-0.01396239
4.058151	10.00	-11.43767	0.002090976	0.00	0.06593757	-10.87415	10.00	-0.01394073
4.060907	10.00	-11.37108	0.00275628	0.00	0.06658591	-10.8247	10.00	-0.01391926
4.063636	10.00	-11.30514	0.00272956	0.00	0.0659404	-10.72521	10.00	-0.01387604
4.072981	10.00	-11.17249	0.009344425	0.00	0.1326523	-10.67489	10.00	-0.01385416
4.079657	10.00	-11.10539	0.006676008	0.00	0.06710118	-10.62484	10.00	-0.01383246
4.089527	10.00	-11.03865	0.009870237	0.00	0.06673313	-10.5754	10.00	-0.01381098
4.100552	10.00	-10.97275	0.01102453	0.00	0.06590784	-10.52525	10.00	-0.01378913
4.114976	10.00	-10.90587	0.01442426	0.00	0.0668761	-10.47577	10.00	-0.01376763
4.130481	10.00	-10.8399	0.01550542	0.00	0.06596588	-10.42516	10.00	-0.01374569
4.147651	10.00	-10.77242	0.0171697	0.00	0.06748621	-10.32558	10.00	-0.01370241
4.189141	10.00	-10.63966	0.04148992	0.00	0.1327613	-10.27867	10.00	-0.01368198
4.209298	10.00	-10.5771	0.02015717	0.00	0.06256142	-10.22509	10.00	-0.0136588
4.230929	10.00	-10.50566	0.02163131	0.00	0.07143001	-10.12882	10.00	-0.01361686
4.26856	10.00	-10.3773	0.03763039	0.00	0.1283659	-10.07915	10.00	-0.01359526
4.287971	10.00	-10.31108	0.01941172	0.00	0.06621785	-10.02992	10.00	-0.01357386
4.307216	10.00	-10.24543	0.01924449	0.00	0.06564738	-9.981621	10.00	-0.0135529
4.326094	10.00	-10.18104	0.01887806	0.00	0.06439742	-9.93206	10.00	-0.01353135
4.345466	10.00	-10.11495	0.01937188	0.00	0.06608196	-9.883141	10.00	-0.01351011
4.364587	10.00	-10.04973	0.01912083	0.00	0.06522554	-9.833336	10.00	-0.01348846
4.384054	10.00	-9.983322	0.01946691	0.00	0.06640613	-9.783485	10.00	-0.01346676
4.403539	10.00	-9.916853	0.01948559	0.00	0.06646983	-9.684389	10.00	-0.01342372
4.442272	10.00	-9.784725	0.03873298	0.00	0.1321271	-9.634268	10.00	-0.01340202
4.461864	10.00	-9.717895	0.01959141	0.00	0.06683081	-9.584044	10.00	-0.01338022
4.481493	10.00	-9.650935	0.01962917	0.00	0.06695962	-9.534403	10.00	-0.01335864
4.500897	10.00	-9.584743	0.01940425	0.00	0.06619238	-9.485591	10.00	-0.01333738
4.519975	10.00	-9.519663	0.01907808	0.00	0.06507973	-9.437157	10.00	-0.0133163
4.538907	10.00	-9.455081	0.01893201	0.00	0.06458145	-9.387248	10.00	-0.0132947
4.558414	10.00	-9.388538	0.01950717	0.00	0.06654344	-9.337094	10.00	-0.01327287
4.578017	10.00	-9.321669	0.01960261	0.00	0.06686902	-9.287932	10.00	-0.01325149
4.597233	10.00	-9.256119	0.01921585	0.00	0.06554971	-9.18882	10.00	-0.01320843
4.634694	10.00	-9.123965	0.03746124	0.00	0.132154	-9.138541	10.00	-0.01318666
4.653697	10.00	-9.056927	0.01900328	0.00	0.06703889	-9.088309	10.00	-0.01316477
4.672683	10.00	-8.989949	0.01898562	0.00	0.06697661	-9.036892	10.00	-0.01314241
4.692115	10.00	-8.921399	0.01943184	0.00	0.06855073	-8.991005	10.00	-0.01312254
4.709459	10.00	-8.860213	0.01734403	0.00	0.06118548	-8.941451	10.00	-0.01310096
4.728188	10.00	-8.794142	0.01872921	0.00	0.06607205	-8.891457	10.00	-0.0130793
4.747084	10.00	-8.727481	0.01889614	0.00	0.06666093	-8.841965	10.00	-0.01305775
4.76579	10.00	-8.661492	0.01870554	0.00	0.06598853	-8.792359	10.00	-0.01303624
4.784538	10.00	-8.595353	0.01874807	0.00	0.06613859	-8.692949	10.00	-0.01299299
4.822111	10.00	-8.462805	0.03757319	0.00	0.132549	-8.6429	10.00	-0.01297134
4.841027	10.00	-8.396072	0.0189162	0.00	0.06673171	-8.591686	10.00	-0.01294906
4.860384	10.00	-8.327786	0.0193568	0.00	0.06828602	-8.543468	10.00	-0.01292812
4.878608	10.00	-8.263498	0.01822362	0.00	0.06428843	-8.495281	10.00	-0.01290714
4.896821	10.00	-8.199246	0.01821318	0.00	0.06425162	-8.44581	10.00	-0.01288563
4.915519	10.00	-8.133285	0.01869791	0.00	0.06596164	-8.395884	10.00	-0.01286401
4.934389	10.00	-8.066716	0.01887006	0.00	0.06656892	-8.346496	10.00	-0.01284249
4.953692	10.00	-8.002781	0.01930341	0.00	0.06393559	-8.295987	10.00	-0.01282049
4.974739	10.00	-7.941305	0.02104622	0.00	0.06147584	-8.242874	10.00	-0.0127975
4.997556	10.00	-7.878029	0.02281758	0.00	0.06327549	-8.14677	10.00	-0.01275572
5.043805	10.00	-7.78339	0.04624931	0.00	0.09463893	-8.098656	10.00	-0.01273479
5.068823	10.00	-7.737873	0.02501809	0.00	0.04551708	-8.047493	10.00	-0.01271266
5.095427	10.00	-7.689473	0.02660301	0.00	0.04840063	-7.997699	10.00	-0.01269098
5.121318	10.00	-7.642366	0.02589143	0.00	0.047106	-7.947691	10.00	-0.01266926
5.14732	10.00	-7.59506	0.02600184	0.00	0.04730687	-7.900408	10.00	-0.01264872
5.173738	10.00	-7.552158	0.02641837	0.00	0.04290124	-7.850879	10.00	-0.01262712
5.20141	10.00	-7.507222	0.02767173	0.00	0.04493659	-7.801129	10.00	-0.01260561
5.229206	10.00	-7.462084	0.0277957	0.00	0.04513791	-7.751676	10.00	-0.01258405
5.256835	10.00	-7.417217	0.02762902	0.00	0.04486723	-7.701476	10.00	-0.01256225
5.284881	10.00	-7.371671	0.02804661	0.00	0.04554536	-7.60177	10.00	-0.01251893
5.340588	10.00	-7.281209	0.05570648	0.00	0.09046269	-7.552853	10.00	-0.01249771
5.367918	10.00	-7.23809	0.02733007	0.00	0.04311867	-7.503864	10.00	-0.01247645
5.400982	10.00	-7.198701	0.03306412	0.00	0.03938916	-7.454338	10.00	-0.01245485
5.436324	10.00	-7.159523	0.03534197	0.00	0.03917827	-7.404377	10.00	-0.0124333
5.473268	10.00	-7.120643	0.03694418	0.00	0.03887928	-7.354963	10.00	-0.01241178
5.509806	10.00	-7.082191	0.03653831	0.00	0.03845214	-7.255169	10.00	-0.01236836
5.582311	10.00	-7.004532	0.07250497	0.00	0.07765859	-7.206368	10.00	-0.01234719
5.617766	10.00	-6.966557	0.03545529	0.00	0.03797543	-7.154755	10.00	-0.01232473
5.655264	10.00	-6.926394	0.03749784	0.00	0.04016316	-7.105701	10.00	-0.01230335
5.690904	10.00	-6.888221	0.03563965	0.00	0.03817289	-7.054993	10.00	-0.01228135
5.732328	10.00	-6.853998	0.04142409	0.00	0.03422275	-7.006718	10.00	-0.0122604
5.773636	10.00	-6.823286	0.0413078	0.00	0.03071206	-6.958212	10.00	-0.01223932
5.816391	10.00	-6.793682	0.04275556	0.00	0.02960482	-6.907549	10.00	-0.01221723
5.861052	10.00	-6.762758	0.04465999	0.00	0.03092349	-6.852106	10.00	-0.01219311
5.908489	10.00	-6.72892	0.04743784	0.00	0.03383816	-6.758346	10.00	-0.01215242
5.988715	10.00	-6.671694	0.08022553	0.00	0.05722614	-6.706199	10.00	-0.01212975
6.033334	10.00	-6.639866	0.044619	0.00	0.03182744	-6.610409	10.00	-0.01208824
6.112821	10.00	-6.581402	0.07948729	0.00	0.05846381	-6.561502	10.00	-0.01206687
6.153407	10.00	-6.551551	0.04058545	0.00	0.02985106	-6.512386	10.00	-0.01204553
6.194164	10.00	-6.521574	0.04075724	0.00	0.02997742	-6.462551	10.00	-0.01202394
6.235519	10.00	-6.491157	0.04135545	0.00	0.03041741	-6.413052	10.00	-0.01200241
6.276593	10.00	-6.460947	0.04107352	0.00	0.03021005	-6.313714	10.00	-0.01195928
6.356463	10.00	-6.400314	0.07987006	0.00	0.06063199	-6.26287	10.00	-0.01193712
6.397341	10.00	-6.369282	0.04087868	0.00	0.03103235	-6.213384	10.00	-0.01191559
6.437129	10.00	-6.339078	0.03978693	0.00	0.03020357	-6.164408	10.00	-0.01189439
6.476506	10.00	-6.309186	0.03937721	0.00	0.02989253	-6.116027	10.00	-0.01187336
6.515401	10.00	-6.279659	0.03889578	0.00	0.02952707	-6.065967	10.00	-0.01185166
6.555006	10.00	-6.249104	0.0396041	0.00	0.03055543	-6.016535	10.00	-0.01183017
6.59411	10.00	-6.218933	0.0391052	0.00	0.03017052	-5.967042	10.00	-0.01180864
6.633263	10.00	-6.188726	0.03915224	0.00	0.03020681	-5.867635	10.00	-0.01176544
6.711904	10.00	-6.128053	0.07864127	0.00	0.06067346	-5.81683	10.00	-0.01174336
6.752095	10.00	-6.097044	0.04019118	0.00	0.03100838	-5.766596	10.00	-0.01172148
6.791187	10.00	-6.066384	0.03909161	0.00	0.0306604	-5.717505	10.00	-0.01170017
6.829389	10.00	-6.036421	0.03820181	0.00	0.02996252	-5.669013	10.00	-0.01167911
6.867124	10.00	-6.006825	0.03773502	0.00	0.0295964	-5.620384	10.00	-0.01165805
6.904338	10.00	-5.977144	0.0372146	0.00	0.02968064	-5.570715	10.00	-0.01163643
6.941707	10.00	-5.946829	0.03736876	0.00	0.03031502	-5.52081	10.00	-0.01161472
6.979252	10.00	-5.916371	0.03754528	0.00	0.03045823	-5.471332	10.00	-0.01159322
7.016479	10.00	-5.886171	0.03722658	0.00	0.03019968	-5.421008	10.00	-0.01157137
7.054341	10.00	-5.855456	0.0378624	0.00	0.03071548	-5.371706	10.00	-0.01154996
7.091434	10.00	-5.825365	0.03709238	0.00	0.03009082	-5.272693	10.00	-0.01150702
7.165928	10.00	-5.764933	0.07449389	0.00	0.06043241	-5.223002	10.00	-0.01148531
7.202671	10.00	-5.734605	0.03674321	0.00	0.03032798	-5.172167	10.00	-0.01146327
7.240261	10.00	-5.703578	0.03759029	0.00	0.03102717	-5.123633	10.00	-0.01144222
7.27615	10.00	-5.673954	0.03588906	0.00	0.02962297	-5.071215	10.00	-0.01141944
7.312881	10.00	-5.641284	0.03673057	0.00	0.03267007	-4.974019	10.00	-0.01137725
7.380987	10.00	-5.579453	0.06810625	0.00	0.06183207	-4.926146	10.00	-0.01135651
7.414533	10.00	-5.548997	0.03354576	0.00	0.03045541	-4.875141	10.00	-0.01133431
7.450273	10.00	-5.516549	0.03574038	0.00	0.03244786	-4.82554	10.00	-0.01131274
7.484388	10.00	-5.484995	0.03411505	0.00	0.03155362	-4.775962	10.00	-0.01129116
7.518489	10.00	-5.453455	0.03410044	0.00	0.03154011	-4.727578	10.00	-0.0112701
7.551768	10.00	-5.422675	0.03327893	0.00	0.03078028	-4.678323	10.00	-0.0112487
7.585645	10.00	-5.391341	0.03387772	0.00	0.03133411	-4.628862	10.00	-0.01122721
7.619666	10.00	-5.359875	0.03402084	0.00	0.03146649	-4.579021	10.00	-0.01120558
7.652659	10.00	-5.328168	0.03299317	0.00	0.03170626	-4.478155	10.00	-0.01116173
7.715525	10.00	-5.264001	0.06286539	0.00	0.06416763	-4.428859	10.00	-0.01114042
7.744975	10.00	-5.228822	0.02945051	0.00	0.03517832	-4.379411	10.00	-0.01111887
7.774518	10.00	-5.192895	0.02954311	0.00	0.03592736	-4.330402	10.00	-0.01109758
7.803798	10.00	-5.157289	0.02927925	0.00	0.03560648	-4.281849	10.00	-0.01107647
7.832805	10.00	-5.122012	0.02900778	0.00	0.03527634	-4.231862	10.00	-0.0110299
7.862679	10.00	-5.085682	0.02987421	0.00	0.03633001	-4.182332	10.00	-0.01098515
7.89164	10.00	-5.046488	0.02895992	0.00	0.03919423	-4.133021	10.00	-0.01093855
7.920477	10.00	-5.006822	0.02883767	0.00	0.03966572	-4.033669	10.00	-0.0108446
7.97858	10.00	-4.926903	0.05810291	0.00	0.07991957	-3.983358	10.00	-0.01079414
8.008019	10.00	-4.886409	0.02943962	0.00	0.0404937	-3.933443	10.00	-0.01072414
8.037224	10.00	-4.84624	0.02920381	0.00	0.04016934	-3.884657	10.00	-0.0106558
8.065766	10.00	-4.806979	0.02854289	0.00	0.03926026	-3.836127	10.00	-0.01056636
8.094148	10.00	-4.767941	0.02838154	0.00	0.03903833	-3.786392	10.00	-0.01047275
8.123227	10.00	-4.727943	0.02907907	0.00	0.03999777	-3.736822	10.00	-0.01035978
8.151565	10.00	-4.688085	0.02833788	0.00	0.03985864	-3.687181	10.00	-0.01024684
8.179943	10.00	-4.64817	0.02837793	0.00	0.03991497	-3.636789	10.00	-0.01013238
8.208749	10.00	-4.607652	0.02880638	0.00	0.04051761	-3.538262	10.00	-0.009894955
8.265087	10.00	-4.528409	0.05633833	0.00	0.07924267	-3.486584	10.00	-0.009770676
8.294636	10.00	-4.486848	0.02954858	0.00	0.04156156	-3.437748	10.00	-0.009631907
8.322578	10.00	-4.447546	0.0279422	0.00	0.03930209	-3.389392	10.00	-0.009486772
8.350235	10.00	-4.408645	0.02765696	0.00	0.0389009	-3.336262	10.00	-0.009327616
8.380623	10.00	-4.365903	0.03038728	0.00	0.04274123	-3.23996	10.00	-0.009012748
8.43572	10.00	-4.288406	0.05509789	0.00	0.07749792	-3.190554	10.00	-0.008851499
8.469733	10.00	-4.248647	0.03401281	0.00	0.03975876	-3.136855	10.00	-0.008665114
8.515008	10.00	-4.213777	0.04527441	0.00	0.03487049	-3.042789	10.00	-0.008330511
8.596803	10.00	-4.163593	0.08179474	0.00	0.05018325	-2.992476	10.00	-0.008151892
8.640552	10.00	-4.137402	0.04374951	0.00	0.02619118	-2.942715	10.00	-0.007975764
8.683822	10.00	-4.112784	0.04327001	0.00	0.02461776	-2.893203	10.00	-0.007800998
8.726876	10.00	-4.088929	0.04305423	0.00	0.02385502	-2.844267	10.00	-0.007628412
8.769428	10.00	-4.065352	0.04255167	0.00	0.02357657	-2.795752	10.00	-0.00745748
8.809753	10.00	-4.041966	0.04032555	0.00	0.02338599	-2.746418	10.00	-0.007283931
8.85076	10.00	-4.018185	0.04100745	0.00	0.02378145	-2.696553	10.00	-0.007108708
8.892219	10.00	-3.994143	0.04145764	0.00	0.02404253	-2.647233	10.00	-0.006921243
8.933201	10.00	-3.970376	0.0409819	0.00	0.02376663	-2.596949	10.00	-0.006730284
8.974985	10.00	-3.946144	0.0417845	0.00	0.02423208	-2.498053	10.00	-0.006355636
9.057164	10.00	-3.898485	0.08217964	0.00	0.04765844	-2.448465	10.00	-0.006154148
9.098384	10.00	-3.874581	0.04121977	0.00	0.02390458	-2.398374	10.00	-0.005951356
9.140021	10.00	-3.850434	0.04163737	0.00	0.02414676	-2.348212	10.00	-0.005748671
9.181719	10.00	-3.826253	0.04169728	0.00	0.0241815	-2.299099	10.00	-0.005550618
9.222544	10.00	-3.802577	0.04082508	0.00	0.02367569	-2.250036	10.00	-0.005342532
9.263309	10.00	-3.778936	0.04076517	0.00	0.02364094	-2.201187	10.00	-0.005135439
9.303916	10.00	-3.755387	0.04060659	0.00	0.02354898	-2.152332	10.00	-0.004928657
9.344527	10.00	-3.731835	0.04061188	0.00	0.02355204	-2.102754	10.00	-0.004719218
9.385741	10.00	-3.707934	0.0412136	0.00	0.023901	-2.05237	10.00	-0.004506403
9.426994	10.00	-3.683632	0.04125323	0.00	0.02430208	-1.999183	10.00	-0.004282153
9.469853	10.00	-3.657979	0.04285902	0.00	0.02565347	-1.904698	10.00	-0.003880326
9.546065	10.00	-3.612362	0.07621155	0.00	0.04561679	-1.855235	10.00	-0.003669418
9.585981	10.00	-3.588469	0.03991668	0.00	0.02389232	-1.804928	10.00	-0.003467706
9.626613	10.00	-3.564149	0.04063114	0.00	0.02431996	-1.755659	10.00	-0.003326542
9.666418	10.00	-3.540324	0.03980486	0.00	0.02382539	-1.706661	10.00	-0.003208248
9.706023	10.00	-3.516618	0.03960511	0.00	0.02370583	-1.658257	10.00	-0.003107772
9.745157	10.00	-3.493194	0.03913479	0.00	0.02342431	-1.609303	10.00	-0.003006215
9.784738	10.00	-3.469503	0.03958036	0.00	0.02369101	-1.559817	10.00	-0.002903724
9.824749	10.00	-3.445554	0.04001057	0.00	0.02394852	-1.510743	10.00	-0.002802168
9.864426	10.00	-3.421806	0.03967682	0.00	0.02374875	-1.461172	10.00	-0.002699813
9.904504	10.00	-3.397816	0.04007886	0.00	0.02398939	-1.41124	10.00	-0.002596845
9.944876	10.00	-3.373652	0.04037165	0.00	0.02416464	-1.312249	10.00	-0.002393012
10.02363	10.00	-3.325746	0.07875046	0.00	0.04790572	-1.264279	10.00	-0.002294356
10.06179	10.00	-3.302531	0.03816117	0.00	0.02321432	-1.213287	10.00	-0.002229399
10.10234	10.00	-3.27654	0.04055066	0.00	0.02599146	-1.163794	10.00	-0.00224274
10.14168	10.00	-3.251326	0.03933785	0.00	0.0252141	-1.114576	10.00	-0.002311093
10.18079	10.00	-3.226258	0.03911024	0.00	0.02506821	-1.066323	10.00	-0.002406101
10.2191	10.00	-3.201698	0.03831739	0.00	0.02456002	-1.017624	10.00	-0.00251155
10.25776	10.00	-3.176922	0.03865419	0.00	0.0247759	-0.9680651	10.00	-0.002623023
10.29706	10.00	-3.151731	0.03930174	0.00	0.02519096	-0.9153916	10.00	-0.002736267
10.33881	10.00	-3.124968	0.04175421	0.00	0.0267629	-0.8687239	10.00	-0.00280789
10.37519	10.00	-3.101265	0.03637595	0.00	0.02370245	-0.7694727	10.00	-0.002959631
10.45255	10.00	-3.050856	0.07736364	0.00	0.05040991	-0.719275	10.00	-0.003036265
10.49168	10.00	-3.025361	0.03912713	0.00	0.02549512	-0.6695058	10.00	-0.003091832
10.53048	10.00	-3.000078	0.03880079	0.00	0.02528247	-0.6207655	10.00	-0.003120695
10.56847	10.00	-2.975325	0.03798783	0.00	0.02475275	-0.5722779	10.00	-0.003149237
10.60626	10.00	-2.950701	0.03779037	0.00	0.02462409	-0.5227734	10.00	-0.003178324
10.6442	10.00	-2.92556	0.03794339	0.00	0.02514089	-0.4730669	10.00	-0.003207353
10.68166	10.00	-2.897104	0.03745503	0.00	0.02845682	-0.4233329	10.00	-0.003216695
10.71912	10.00	-2.867354	0.03746381	0.00	0.02974926	-0.324157	10.00	-0.003196872
10.79125	10.00	-2.808042	0.07212932	0.00	0.05931203	-0.2743619	10.00	-0.003186148
10.82747	10.00	-2.77504	0.03622048	0.00	0.03300231	-0.2239872	10.00	-0.003164126
10.8641	10.00	-2.739717	0.03662466	0.00	0.03532303	-0.1744371	10.00	-0.003122592
10.89884	10.00	-2.703694	0.03474276	0.00	0.03602301	-0.1253655	10.00	-0.003052108
10.93261	10.00	-2.668016	0.03377549	0.00	0.03567744	-0.07645355	10.00	-0.002981848
10.96628	10.00	-2.632455	0.03366595	0.00	0.03556174	-0.02677327	10.00	-0.002910478
11.00051	10.00	-2.596302	0.03422531	0.00	0.0361526	0.02264843	10.00	-0.002792796
11.03453	10.00	-2.560361	0.03402523	0.00	0.03594124	0.07246294	10.00	-0.00268107
11.06883	10.00	-2.524128	0.03430126	0.00	0.03623282	0.129123	10.00	-0.002526303
11.10709	10.00	-2.482939	0.03826181	0.00	0.04118954	0.2210661	10.00	-0.002275778
11.16918	10.00	-2.413724	0.06208775	0.00	0.06921404	0.2721529	10.00	-0.002122753
11.20369	10.00	-2.374593	0.03451007	0.00	0.03913122	0.3212641	10.00	-0.001965396
11.23685	10.00	-2.336993	0.03316014	0.00	0.03760052	0.371688	10.00	-0.001799583
11.27092	10.00	-2.29836	0.03407013	0.00	0.03863236	0.4687515	10.00	-0.001481076
11.3365	10.00	-2.223995	0.06558297	0.00	0.074365	0.5185701	10.00	-0.001317725
11.37018	10.00	-2.185807	0.03367819	0.00	0.03818794	0.5683782	10.00	-0.001135622
11.40383	10.00	-2.147654	0.03364738	0.00	0.038153	0.6179182	10.00	-0.0009351944
11.43729	10.00	-2.109714	0.03345965	0.00	0.03794013	0.6666384	10.00	-0.0007384943
11.4702	10.00	-2.072402	0.03290577	0.00	0.03731209	0.7152638	10.00	-0.0005424266
11.50305	10.00	-2.035144	0.03285848	0.00	0.03725847	0.7652845	10.00	-0.0003408607
11.53687	10.00	-1.996796	0.03381863	0.00	0.03834718	0.8145449	10.00	-0.000142477
11.57019	10.00	-1.959013	0.03332136	0.00	0.03778333	0.865538	10.00	6.669881E-05
11.60471	10.00	-1.919879	0.03451294	0.00	0.03913447	0.9139372	10.00	0.0002387786
11.63749	10.00	-1.882707	0.03278181	0.00	0.03717153	0.9633883	10.00	0.0003877562
11.67101	10.00	-1.844701	0.03351768	0.00	0.03800594	1.011963	10.00	0.0005073547
11.70395	10.00	-1.807342	0.03294733	0.00	0.03735922	1.111799	10.00	0.0006655576
11.77174	10.00	-1.730481	0.06778414	0.00	0.07686093	1.160113	10.00	0.000675795
11.80397	10.00	-1.693224	0.0322285	0.00	0.03725684	1.208837	10.00	0.000655038
11.83588	10.00	-1.655594	0.03191627	0.00	0.03762977	1.258075	10.00	0.0005897016
11.86814	10.00	-1.617568	0.03225255	0.00	0.03802625	1.356518	10.00	0.0004443441
11.9339	10.00	-1.541542	0.06576565	0.00	0.07602651	1.406201	10.00	0.0003712129
11.96709	10.00	-1.503172	0.03319136	0.00	0.03836993	1.454803	10.00	0.0003003101
12.00019	10.00	-1.465638	0.03310138	0.00	0.0375339	1.503244	10.00	0.0002296506
12.03382	10.00	-1.428227	0.03362433	0.00	0.03741121	1.552417	10.00	0.0001583099
12.06923	10.00	-1.390252	0.03541243	0.00	0.03797507	1.601849	10.00	5.413561E-05
12.10545	10.00	-1.352099	0.03622125	0.00	0.03815219	1.650873	10.00	-0.0001118816
12.14199	10.00	-1.314282	0.03654145	0.00	0.03781745	1.700232	10.00	-0.0003083385
12.17876	10.00	-1.276232	0.03676597	0.00	0.03804982	1.798837	10.00	-0.0007359544
12.25604	10.00	-1.210492	0.07727854	0.00	0.06573965	1.848425	10.00	-0.0009900113
12.29675	10.00	-1.182647	0.04071377	0.00	0.02784494	1.898548	10.00	-0.001190857
12.3392	10.00	-1.156458	0.04244532	0.00	0.02618898	1.948493	10.00	-0.001336036
12.38276	10.00	-1.132321	0.04356325	0.00	0.02413705	1.996368	10.00	-0.001427614
12.4251	10.00	-1.112308	0.04233724	0.00	0.02001369	2.045787	10.00	-0.001486375
12.46878	10.00	-1.093579	0.04368017	0.00	0.01872921	2.095468	10.00	-0.001519359
12.51267	10.00	-1.079257	0.04389541	0.00	0.01432106	2.144487	10.00	-0.001551708
12.55598	10.00	-1.065762	0.04330958	0.00	0.01349559	2.193893	10.00	-0.001580237
12.5996	10.00	-1.054086	0.04362121	0.00	0.01167598	2.293305	10.00	-0.001637431
12.68738	10.00	-1.034449	0.08777211	0.00	0.01963704	2.343453	10.00	-0.001666181
12.73165	10.00	-1.027137	0.0442763	0.00	0.007311832	2.3922	10.00	-0.001674694
12.77468	10.00	-1.020662	0.04302508	0.00	0.006475032	2.441644	10.00	-0.00168323
12.81832	10.00	-1.015373	0.04364086	0.00	0.005289319	2.49162	10.00	-0.001691735
12.86243	10.00	-1.010673	0.04410972	0.00	0.004700084	2.540714	10.00	-0.001700174
12.90576	10.00	-1.007325	0.04333204	0.00	0.00334788	2.63975	10.00	-0.001717016
12.99317	10.00	-1.003132	0.08741181	0.00	0.004192951	2.68976	10.00	-0.001725482
13.03731	10.00	-1.001015	0.04413967	0.00	0.002117282	2.740612	10.00	-0.001726242
13.08218	10.00	-0.9988623	0.04486868	0.00	0.002152251	2.789129	10.00	-0.001726893
13.12499	10.00	-0.9968089	0.04280797	0.00	0.002053404	2.83736	10.00	-0.00172746
13.16755	10.00	-0.9947675	0.04255717	0.00	0.002041373	2.886585	10.00	-0.00170623
13.211	10.00	-0.9926833	0.04344995	0.00	0.002084198	2.936035	10.00	-0.001684967
13.25465	10.00	-0.9905895	0.04365022	0.00	0.002093805	2.985916	10.00	-0.001663448
13.29868	10.00	-0.9884775	0.04403017	0.00	0.00211203	3.035386	10.00	-0.001642202
13.34234	10.00	-0.9844642	0.04366613	0.00	0.004013255	3.134662	10.00	-0.001599682
13.42997	10.00	-0.9764103	0.08763079	0.00	0.008053947	3.184562	10.00	-0.001578303
13.47402	10.00	-0.972362	0.04404702	0.00	0.004048261	3.234687	10.00	-0.001557003
13.51826	10.00	-0.9682955	0.04424541	0.00	0.004066496	3.284289	10.00	-0.001535931
13.56205	10.00	-0.9642715	0.04378311	0.00	0.004024006	3.334103	10.00	-0.001514782
13.60602	10.00	-0.9602302	0.04397122	0.00	0.004041295	3.382403	10.00	-0.001494331
13.64865	10.00	-0.9563118	0.04263391	0.00	0.003918386	3.431876	10.00	-0.001473464
13.69232	10.00	-0.9522982	0.04366988	0.00	0.004013599	3.481246	10.00	-0.001452688
13.7359	10.00	-0.948293	0.0435791	0.00	0.004005256	3.531029	10.00	-0.001431674
13.77985	10.00	-0.9442543	0.04394314	0.00	0.004038714	3.585913	10.00	-0.001408704
13.82829	10.00	-0.9398017	0.04844638	0.00	0.004452597	3.679987	10.00	-0.001369453
13.91133	10.00	-0.9321698	0.08303864	0.00	0.007631893	3.728644	10.00	-0.001346853
13.95431	10.00	-0.92822	0.04297548	0.00	0.003949779	3.778448	10.00	-0.001323941
13.99829	10.00	-0.9241772	0.04398806	0.00	0.004042842	3.831523	10.00	-0.001278391
14.04516	10.00	-0.9198695	0.04686857	0.00	0.004307583	3.927818	10.00	-0.00119578
14.1302	10.00	-0.9120543	0.08503384	0.00	0.007815268	3.975584	10.00	-0.001130586
14.17236	10.00	-0.908179	0.04216505	0.00	0.003875294	4.027797	10.00	-0.001059367
14.2171	10.00	-0.8998924	0.04474073	0.00	0.008286571	4.075562	10.00	-0.0009944795
14.25803	10.00	-0.892312	0.04092808	0.00	0.007580419	4.12596	10.00	-0.000910003
14.30124	10.00	-0.8843088	0.04321095	0.00	0.008003236	4.174381	10.00	-0.0008418098
14.34275	10.00	-0.8766214	0.04150584	0.00	0.007687427	4.223576	10.00	-0.0007429908
14.38488	10.00	-0.8675456	0.04213628	0.00	0.009075752	4.274485	10.00	-0.0006203093
14.4285	10.00	-0.8568345	0.04361792	0.00	0.01071115	4.371856	10.00	-0.0003864729
14.51067	10.00	-0.8363475	0.08216803	0.00	0.02048693	4.421226	10.00	-0.0002683489
14.55233	10.00	-0.8240456	0.04166066	0.00	0.01230194	4.472237	10.00	-0.0001065313
14.59536	10.00	-0.8073825	0.04303405	0.00	0.01666313	4.521655	10.00	5.045381E-05
14.63514	10.00	-0.7880433	0.0397801	0.00	0.0193391	4.570273	10.00	0.0002198456
14.67368	10.00	-0.7683737	0.03853744	0.00	0.01966966	4.618979	10.00	0.0004139269
14.71225	10.00	-0.7449116	0.03856852	0.00	0.02346212	4.668464	10.00	0.0006445736
14.75145	10.00	-0.7204276	0.03919675	0.00	0.02448398	4.718177	10.00	0.0008959626
14.78631	10.00	-0.6836389	0.03486179	0.00	0.03678874	4.767875	10.00	0.001151322
14.81283	10.00	-0.6320581	0.02652128	0.00	0.05158075	4.817477	10.00	0.001460465
14.83482	10.00	-0.5696487	0.02199007	0.00	0.06240944	4.916584	10.00	0.002107182
14.87493	10.00	-0.4372115	0.04010623	0.00	0.1324371	4.966329	10.00	0.00250475
14.89251	10.00	-0.3706341	0.01758314	0.00	0.06657741	5.016348	10.00	0.002946618
14.90827	10.00	-0.3035924	0.01575829	0.00	0.06704172	5.064955	10.00	0.003429433
14.9217	10.00	-0.2384093	0.01342793	0.00	0.06518307	5.113054	10.00	0.003914087
14.93313	10.00	-0.1737769	0.01143701	0.00	0.06463241	5.163182	10.00	0.004454026
14.94377	10.00	-0.1062893	0.01063531	0.00	0.06748763	5.211604	10.00	0.004998226
14.95406	10.00	-0.04096324	0.01029466	0.00	0.06532604	5.260433	10.00	0.005615293
14.96446	10.00	0.02499131	0.01039371	0.00	0.06595456	5.309338	10.00	0.00632329
14.97295	10.00	0.09106196	0.008492741	0.00	0.06607064	5.407572	10.00	0.007896429
14.98486	10.00	0.2236874	0.01191093	0.00	0.1326254	5.457096	10.00	0.00865023
14.99088	10.00	0.2907234	0.006020427	0.00	0.06703606	5.506285	10.00	0.009349784
14.99558	10.00	0.3573872	0.004695995	0.00	0.06666376	5.554752	10.00	0.009937838
14.99957	10.00	0.4231535	0.003995967	0.00	0.06576629	5.602826	10.00	0.01046631
15.00291	10.00	0.4884965	0.003337541	0.00	0.06534303	5.651157	10.00	0.01090579
15.00627	10.00	0.5542316	0.003357569	0.00	0.06573515	5.699318	10.00	0.01123683
15.00961	10.00	0.6196893	0.003343397	0.00	0.06545769	5.748513	10.00	0.01147316
15.01302	10.00	0.6865046	0.003412737	0.00	0.06681523	5.797512	10.00	0.0115518
15.01642	10.00	0.7530466	0.003398782	0.00	0.06654202	5.894702	10.00	0.01141597
15.02316	10.00	0.8850024	0.006739938	0.00	0.1319558	5.944084	10.00	0.01114449
15.02659	10.00	0.9520668	0.003425462	0.00	0.06706437	5.992777	10.00	0.01083282
15.02997	10.00	1.018191	0.003377452	0.00	0.06612443	6.041459	10.00	0.01053161
15.03334	10.00	1.084266	0.003374922	0.00	0.06607489	6.088573	10.00	0.01022226
15.03537	10.00	1.14815	0.002025841	0.00	0.06388357	6.137238	10.00	0.009971268
15.03682	10.00	1.214066	0.001452043	0.00	0.06591634	6.186274	10.00	0.009768662
15.03828	10.00	1.280359	0.001460337	0.00	0.06629288	6.235672	10.00	0.009645666
15.03975	10.00	1.346946	0.001466824	0.00	0.06658732	6.284742	10.00	0.009584168
15.0412	10.00	1.412904	0.001452947	0.00	0.06595739	6.334083	10.00	0.009577789
15.04266	10.00	1.479075	0.001457656	0.00	0.06617115	6.432843	10.00	0.009675387
15.04557	10.00	1.611319	0.00291316	0.00	0.1322446	6.482292	10.00	0.009807064
15.04702	10.00	1.677377	0.001455161	0.00	0.0660579	6.532794	10.00	0.009986715
15.04851	10.00	1.744842	0.001486157	0.00	0.06746498	6.582409	10.00	0.01019603
15.04997	10.00	1.811149	0.001460649	0.00	0.06630704	6.630576	10.00	0.01042382
15.05139	10.00	1.875572	0.001419145	0.00	0.06442291	6.67959	10.00	0.01067965
15.05284	10.00	1.941176	0.001445151	0.00	0.06560349	6.72908	10.00	0.01094258
15.0543	10.00	2.007511	0.001461273	0.00	0.06633535	6.778527	10.00	0.01120416
15.05576	10.00	2.073902	0.001462489	0.00	0.06639056	6.827638	10.00	0.01141564
15.05721	10.00	2.139925	0.001454413	0.00	0.06602392	6.92711	10.00	0.01185387
15.06016	10.00	2.273744	0.002947835	0.00	0.1338187	6.975194	10.00	0.01203322
15.06159	10.00	2.338415	0.001424602	0.00	0.06467063	7.024577	10.00	0.01211171
15.06305	10.00	2.404834	0.001463113	0.00	0.06641887	7.073989	10.00	0.01209038
15.06451	10.00	2.471282	0.001463768	0.00	0.0664486	7.127541	10.00	0.01196101
15.0661	10.00	2.543313	0.001586723	0.00	0.07203022	7.222878	10.00	0.01154472
15.07017	10.00	2.671587	0.004067753	0.00	0.1282739	7.27247	10.00	0.01120738
15.07229	10.00	2.738393	0.002118539	0.00	0.06680674	7.322854	10.00	0.01087007
15.07444	10.00	2.80625	0.002151847	0.00	0.06785709	7.383466	10.00	0.01049383
15.07702	10.00	2.887821	0.002586742	0.00	0.08157121	7.466285	10.00	0.01004789
15.08055	10.00	2.999138	0.003530015	0.00	0.1113167	7.516559	10.00	0.009836976
15.08269	10.00	3.066544	0.002137527	0.00	0.06740553	7.566482	10.00	0.009673091
15.08481	10.00	3.1334	0.00212011	0.00	0.06685628	7.615013	10.00	0.009611467
15.08687	10.00	3.198351	0.002059688	0.00	0.06495091	7.663409	10.00	0.009655767
15.08893	10.00	3.263108	0.002053538	0.00	0.06475698	7.71323	10.00	0.009766075
15.09104	10.00	3.329759	0.002113601	0.00	0.06665102	7.76229	10.00	0.009956161
15.09312	10.00	3.395385	0.002081101	0.00	0.06562614	7.811776	10.00	0.01021325
15.09522	10.00	3.461614	0.002100224	0.00	0.06622918	7.861176	10.00	0.01050014
15.09732	10.00	3.527798	0.002098787	0.00	0.06618389	7.960065	10.00	0.01114889
15.10666	10.00	3.660414	0.009341832	0.00	0.1326155	8.010244	10.00	0.01150735
15.11468	10.00	3.727886	0.008019555	0.00	0.06747206	8.059321	10.00	0.01189686
15.12511	10.00	3.794044	0.01042583	0.00	0.06615841	8.108322	10.00	0.01232001
15.14066	10.00	3.860228	0.01555666	0.00	0.06618389	8.156331	10.00	0.01272526
15.15781	10.00	3.925162	0.0171491	0.00	0.06493393	8.204237	10.00	0.01314911
15.17621	10.00	3.990052	0.01839415	0.00	0.06489005	8.252923	10.00	0.01358594
15.19815	10.00	4.056172	0.02194403	0.00	0.06612018	8.301612	10.00	0.01402435
15.22077	10.00	4.122382	0.02261472	0.00	0.06620936	8.351014	10.00	0.01442478
15.24178	10.00	4.189629	0.0210157	0.00	0.06724698	8.398983	10.00	0.01473273
15.26221	10.00	4.254993	0.02042732	0.00	0.06536426	8.495932	10.00	0.01517767
15.30353	10.00	4.387219	0.04132269	0.00	0.1322262	8.545458	10.00	0.01528914
15.32467	10.00	4.453564	0.02114311	0.00	0.06634448	8.594337	10.00	0.01529544
15.34554	10.00	4.518384	0.02086352	0.00	0.06482074	8.641243	10.00	0.01526257
15.36557	10.00	4.579371	0.02002917	0.00	0.06098735	8.688854	10.00	0.01517318
15.38653	10.00	4.639398	0.02096446	0.00	0.0600267	8.737371	10.00	0.01501089
15.40788	10.00	4.699884	0.02134895	0.00	0.060486	8.786147	10.00	0.01479259
15.42933	10.00	4.760004	0.02144701	0.00	0.06011929	8.834718	10.00	0.01449833
15.45068	10.00	4.819857	0.02135214	0.00	0.05985336	8.88297	10.00	0.01410968
15.47187	10.00	4.87926	0.02119159	0.00	0.05940333	8.98138	10.00	0.01315221
15.51504	10.00	5.000272	0.04316995	0.00	0.1210121	9.02886	10.00	0.0126433
15.53586	10.00	5.058623	0.02081623	0.00	0.05835112	9.078492	10.00	0.01217856
15.5576	10.00	5.119571	0.02174256	0.00	0.06094776	9.128031	10.00	0.01176787
15.57928	10.00	5.180359	0.02168555	0.00	0.06078795	9.175524	10.00	0.01145154
15.60006	10.00	5.238586	0.02077199	0.00	0.0582271	9.223122	10.00	0.01118857
15.62086	10.00	5.296908	0.02080574	0.00	0.05832171	9.27187	10.00	0.01095829
15.64213	10.00	5.356533	0.0212705	0.00	0.05962451	9.320957	10.00	0.01077306
15.66288	10.00	5.416487	0.0207454	0.00	0.05995436	9.37044	10.00	0.01066345
15.68377	10.00	5.476857	0.02088918	0.00	0.06036988	9.419	10.00	0.01066814
15.70425	10.00	5.536044	0.02047997	0.00	0.05918726	9.5171	10.00	0.01080173
15.74177	10.00	5.667116	0.03751782	0.00	0.1310721	9.566686	10.00	0.01100028
15.7607	10.00	5.733896	0.01892985	0.00	0.06677984	9.616559	10.00	0.01119332
15.77972	10.00	5.801017	0.01902655	0.00	0.067121	9.665573	10.00	0.01139818
15.79839	10.00	5.866879	0.01866983	0.00	0.06586255	9.71426	10.00	0.01166998
15.81311	10.00	5.932186	0.01471801	0.00	0.06530622	9.762434	10.00	0.0119059
15.8258	10.00	5.996817	0.01268839	0.00	0.06463099	9.811565	10.00	0.01210803
15.83555	10.00	6.062753	0.009752359	0.00	0.06593616	9.861712	10.00	0.01227257
15.8429	10.00	6.130079	0.007350313	0.00	0.06732626	9.910308	10.00	0.01239086
15.84813	10.00	6.195343	0.005229317	0.00	0.06526376	9.959807	10.00	0.01246237
15.85217	10.00	6.261885	0.0040431	0.00	0.06654202	10.05943	10.00	0.01243724
15.85772	10.00	6.395843	0.005545081	0.00	0.1339575	10.10776	10.00	0.01231259
15.85789	10.00	6.460943	0.0001733509	0.00	0.06510097	10.15705	10.00	0.01210795
15.85789	10.00	6.527392	0	0.00	0.0664486	10.20627	10.00	0.01181617
15.85789	10.00	6.593781	0	0.00	0.06638914	10.25395	10.00	0.01146062
15.85789	10.00	6.658125	0	0.00	0.06434363	10.30337	10.00	0.01100973
15.85789	10.00	6.724811	0	0.00	0.06668641	10.3529	10.00	0.01054923
15.85789	10.00	6.791663	0	0.00	0.06685203	10.40777	10.00	0.01005019
15.85789	10.00	6.865694	0	0.00	0.07403043	10.49993	10.00	0.009248616
15.85789	10.00	6.989946	0	0.00	0.1242523	10.55126	10.00	0.008882293
15.85789	10.00	7.058964	0	0.00	0.06901787	10.59879	10.00	0.008598533
15.85789	10.00	7.122755	0	0.00	0.06379156	10.65233	10.00	0.008350877
15.85789	10.00	7.194482	0	0.00	0.07172728	10.74671	10.00	0.008017471
15.85789	10.00	7.320713	0	0.00	0.1262298	10.79543	10.00	0.007914598
15.85789	10.00	7.385762	0	0.00	0.06505001	10.84556	10.00	0.007839702
15.85789	10.00	7.452652	0	0.00	0.06689025	10.89418	10.00	0.007797882
15.85789	10.00	7.517495	0	0.00	0.06484192	10.9437	10.00	0.007760038
15.85789	10.00	7.583519	0	0.00	0.06602392	11.04304	10.00	0.007684211
15.85789	10.00	7.715977	0	0.00	0.1324584	11.09289	10.00	0.007646224
15.85789	10.00	7.782444	0	0.00	0.066467	11.14322	10.00	0.007607698
15.85789	10.00	7.849549	0	0.00	0.06710543	11.19298	10.00	0.007569782
15.85789	10.00	7.915899	0	0.00	0.06634951	11.24266	10.00	0.007531865
15.85789	10.00	7.982141	0	0.00	0.06624192	11.29098	10.00	0.007494934
15.85789	10.00	8.046571	0	0.00	0.06442998	11.33989	10.00	0.007457587
15.85789	10.00	8.111782	0	0.00	0.06521139	11.38999	10.00	0.007419302
15.85789	10.00	8.17858	0	0.00	0.06679825	11.43945	10.00	0.007381483
15.85789	10.00	8.244526	0	0.00	0.06594606	11.48881	10.00	0.007343904
15.85789	10.00	8.310348	0	0.00	0.0658215	11.53947	10.00	0.007305203
15.85789	10.00	8.37789	0	0.00	0.06754142	11.63877	10.00	0.0072294
15.85789	10.00	8.510291	0	0.00	0.1324017	11.68675	10.00	0.007192792
15.85789	10.00	8.574266	0	0.00	0.06397559	11.73889	10.00	0.007152921
15.85789	10.00	8.643796	0	0.00	0.06952889	11.78774	10.00	0.007115633
15.85789	10.00	8.708915	0	0.00	0.06511937	11.83702	10.00	0.007077973
15.85789	10.00	8.774639	0	0.00	0.06572382	11.88507	10.00	0.007041282
15.85789	10.00	8.838705	0	0.00	0.06406618	11.93476	10.00	0.007003353
15.85789	10.00	8.904954	0	0.00	0.066249	11.98458	10.00	0.006965392
15.85789	10.00	8.971377	0	0.00	0.06642312	12.03415	10.00	0.006927561
15.85789	10.00	9.03748	0	0.00	0.0661032	12.08342	10.00	0.006889904
15.85789	10.00	9.103174	0	0.00	0.06569409	12.18312	10.00	0.006813843
15.85789	10.00	9.236103	0	0.00	0.1329283	12.23393	10.00	0.006765169
15.85789	10.00	9.303854	0	0.00	0.06775093	12.28345	10.00	0.006730791
15.85789	10.00	9.36989	0	0.00	0.06603666	12.33221	10.00	0.006693717
15.85789	10.00	9.434906	0	0.00	0.06501603	12.38176	10.00	0.006655863
15.85789	10.00	9.500967	0	0.00	0.06606073	12.43054	10.00	0.006618629
15.85789	10.00	9.566015	0	0.00	0.06504859	12.48023	10.00	0.006580758
15.85789	10.00	9.632264	0	0.00	0.066249	12.53019	10.00	0.006542741
15.85789	10.00	9.698879	0	0.00	0.06661422	12.58013	10.00	0.006504571
15.85789	10.00	9.765462	0	0.00	0.06658307	12.67972	10.00	0.006428647
15.85789	10.00	9.898261	0	0.00	0.1327995	12.72825	10.00	0.006391637
15.85789	10.00	9.962966	0	0.00	0.0647046	12.77918	10.00	0.006352799
15.85245	10.00	10.03087	-0.005440854	0.00	0.06790381	12.82878	10.00	0.006315043
15.84267	10.00	10.097	-0.009781254	0.00	0.06613151	12.87748	10.00	0.006277857
15.83118	10.00	10.16194	-0.01149187	0.00	0.06494242	12.926	10.00	0.006240875
15.81472	10.00	10.22664	-0.01645876	0.00	0.06469186	12.97616	10.00	0.006202676
15.79705	10.00	10.29352	-0.01766502	0.00	0.06688742	13.0256	10.00	0.00616494
15.77901	10.00	10.35944	-0.01804565	0.00	0.06591209	13.075	10.00	0.006127258
15.75843	10.00	10.4253	-0.0205826	0.00	0.06586114	13.12478	10.00	0.006089238
15.73575	10.00	10.49168	-0.02267468	0.00	0.0663849	13.22404	10.00	0.006013626
15.68542	10.00	10.62403	-0.05033185	0.00	0.1323494	13.2736	10.00	0.005975781
15.65773	10.00	10.69011	-0.02769071	0.00	0.06608338	13.32409	10.00	0.005937317
15.62757	10.00	10.75742	-0.03016027	0.00	0.06731068	13.37441	10.00	0.005898771
15.5962	10.00	10.82453	-0.03136984	0.00	0.06710967	13.42238	10.00	0.00586231
15.5663	10.00	10.88849	-0.02989557	0.00	0.06395577	13.47252	10.00	0.005824059
15.53506	10.00	10.95534	-0.03124742	0.00	0.06684779	13.52515	10.00	0.00578387
15.50225	10.00	11.02552	-0.0328044	0.00	0.07017864	13.62189	10.00	0.005710137
15.44196	10.00	11.1545	-0.06029072	0.00	0.1289803	13.67056	10.00	0.005672944
15.41163	10.00	11.21939	-0.03033361	0.00	0.06489288	13.72057	10.00	0.005634862
15.38045	10.00	11.28608	-0.03117529	0.00	0.06669349	13.77041	10.00	0.005596801
15.34939	10.00	11.35253	-0.03106082	0.00	0.0664486	13.82006	10.00	0.005558964
15.31845	10.00	11.41873	-0.03094436	0.00	0.06619946	13.87009	10.00	0.005520861
15.28726	10.00	11.48545	-0.03118522	0.00	0.06671473	13.91902	10.00	0.005483423
15.25487	10.00	11.55069	-0.03239226	0.00	0.06524253	13.97168	10.00	0.005443309
15.21797	10.00	11.6209	-0.0368987	0.00	0.0702112	14.06763	10.00	0.005370191
15.14826	10.00	11.74883	-0.06970805	0.00	0.1279271	14.12574	10.00	0.005325921
15.10604	10.00	11.82631	-0.04222161	0.00	0.07748444	14.17468	10.00	0.005288544
15.07048	10.00	11.89156	-0.03555557	0.00	0.06525102	14.26566	10.00	0.005219127
15.00438	10.00	12.01287	-0.06610274	0.00	0.1213107	14.31451	10.00	0.005181876
14.96889	10.00	12.078	-0.03548769	0.00	0.06512645	14.36361	10.00	0.005144423
14.93321	10.00	12.14348	-0.03567976	0.00	0.06547893	14.41342	10.00	0.005106491
14.89703	10.00	12.20989	-0.03618731	0.00	0.06641038	14.51356	10.00	0.005030077
14.82427	10.00	12.34342	-0.07276029	0.00	0.1335285	14.56185	10.00	0.004993212
14.78731	10.00	12.4078	-0.03695298	0.00	0.06438327	14.61309	10.00	0.004954185
14.74744	10.00	12.47612	-0.0398707	0.00	0.06831433	14.66363	10.00	0.004915557
14.70485	10.00	12.54351	-0.04259653	0.00	0.0673942	14.71091	10.00	0.004879506
14.66378	10.00	12.60656	-0.04107073	0.00	0.06304838	14.76008	10.00	0.004842004
14.61917	10.00	12.67211	-0.04460716	0.00	0.06555396	14.80967	10.00	0.004804251
14.57354	10.00	12.73823	-0.04563269	0.00	0.06612018	14.85958	10.00	0.00476611
14.52503	10.00	12.80478	-0.04850729	0.00	0.06655052	14.90913	10.00	0.004728352
14.47495	10.00	12.87085	-0.05007463	0.00	0.06606781	15.00851	10.00	0.004652599
14.35913	10.00	13.00336	-0.1158269	0.00	0.1325065	15.05864	10.00	0.00461432
14.29617	10.00	13.0702	-0.06296011	0.00	0.06684354	15.10872	10.00	0.004576165
14.23005	10.00	13.13696	-0.0661164	0.00	0.06676286	15.15847	10.00	0.004538178
14.16628	10.00	13.2033	-0.0637688	0.00	0.06633818	15.20685	10.00	0.004501341
14.10677	10.00	13.26781	-0.05951609	0.00	0.0645135	15.25571	10.00	0.004464001
14.04982	10.00	13.33297	-0.05695077	0.00	0.06515193	15.30539	10.00	0.00442615
13.98936	10.00	13.3992	-0.06046016	0.00	0.06623201	15.35596	10.00	0.004387576
13.92388	10.00	13.46663	-0.06547085	0.00	0.06742959	15.40553	10.00	0.004349825
13.85779	10.00	13.53272	-0.0660947	0.00	0.0660947	15.50414	10.00	0.004274577
13.7263	10.00	13.66421	-0.1314887	0.00	0.1314887	15.55507	10.00	0.00423573
13.6584	10.00	13.73211	-0.06789815	0.00	0.06789815	15.60452	10.00	0.004198011
13.59246	10.00	13.79805	-0.06594182	0.00	0.06594182	15.6542	10.00	0.004160192
13.52622	10.00	13.86429	-0.0662405	0.00	0.0662405	15.70282	10.00	0.004123112
13.4614	10.00	13.92911	-0.06481927	0.00	0.06481927	15.75201	10.00	0.004085542
13.39581	10.00	13.99343	-0.06558934	0.00	0.06431915	15.80146	10.00	0.004047784
13.32987	10.00	14.05745	-0.06593899	0.00	0.06402355	15.85102	10.00	0.00400997
13.26379	10.00	14.12161	-0.06608055	0.00	0.064161	15.90047	10.00	0.00397233
13.19786	10.00	14.18563	-0.06593332	0.00	0.06401805	15.95001	10.00	0.003934562
13.13181	10.00	14.24977	-0.06605082	0.00	0.06413213	16.0495	10.00	0.003858681
12.99915	10.00	14.37472	-0.1326608	0.00	0.1249536	16.09978	10.00	0.003820254
12.9321	10.00	14.43787	-0.06704456	0.00	0.06314944	16.1494	10.00	0.003782487
12.86595	10.00	14.50018	-0.06615699	0.00	0.06231345	16.19898	10.00	0.003744647
12.79984	10.00	14.56244	-0.06610178	0.00	0.06226145	16.24704	10.00	0.003708066
12.73575	10.00	14.62281	-0.06408883	0.00	0.06036544	16.29698	10.00	0.003669981
12.66916	10.00	14.68553	-0.06659157	0.00	0.06272278	16.34661	10.00	0.003632041
12.603	10.00	14.74785	-0.06616548	0.00	0.06232145	16.39624	10.00	0.003594321
12.53682	10.00	14.81019	-0.06618247	0.00	0.06233745	16.49564	10.00	0.00351848
12.40429	10.00	14.93501	-0.1325235	0.00	0.1248242	16.54574	10.00	0.003480253
12.33747	10.00	14.99795	-0.06681665	0.00	0.06293479	16.59668	10.00	0.003441375
12.26957	10.00	15.06191	-0.06790381	0.00	0.06395878	16.65176	10.00	0.003399414
12.19613	10.00	15.13108	-0.07344297	0.00	0.06917613	16.74521	10.00	0.003328088
12.07152	10.00	15.24846	-0.1246104	0.00	0.1173709	16.7953	10.00	0.0032899
12.00474	10.00	15.31135	-0.06677701	0.00	0.06289745	16.84448	10.00	0.003252357
11.93916	10.00	15.37312	-0.0655766	0.00	0.06176677	16.89154	10.00	0.003216522
11.87641	10.00	15.43223	-0.06275394	0.00	0.0591081	16.94134	10.00	0.003178427
11.81001	10.00	15.49477	-0.06639764	0.00	0.06254011	16.99101	10.00	0.003140672
11.74378	10.00	15.55715	-0.06623484	0.00	0.06238678	17.04055	10.00	0.003102846
11.67773	10.00	15.61936	-0.06604799	0.00	0.06221078	17.09008	10.00	0.003065021
11.61168	10.00	15.68158	-0.06604799	0.00	0.06221078	17.18945	10.00	0.002989331
11.47919	10.00	15.80637	-0.1324881	0.00	0.1247909	17.23917	10.00	0.002951353
11.41291	10.00	15.8688	-0.06628864	0.00	0.06243744	17.29044	10.00	0.002912225
11.34454	10.00	15.9332	-0.06836388	0.00	0.06439212	17.34057	10.00	0.002874043
11.2777	10.00	15.99616	-0.06684354	0.00	0.06296011	17.39101	10.00	0.00283558
11.21045	10.00	16.0595	-0.06725264	0.00	0.06334545	17.43996	10.00	0.002798271
11.14517	10.00	16.12098	-0.06527225	0.00	0.06148011	17.53777	10.00	0.002723687
11.01476	10.00	16.24382	-0.1304171	0.00	0.1228402	17.58894	10.00	0.002684705
10.94654	10.00	16.3094	-0.06821807	0.00	0.06557588	17.68688	10.00	0.002610002
10.81593	10.00	16.43494	-0.130604	0.00	0.1255455	17.73653	10.00	0.002572088
10.74974	10.00	16.49857	-0.0661938	0.00	0.06363001	17.78441	10.00	0.002535616
10.68589	10.00	16.55995	-0.06384818	0.00	0.06137525	17.83347	10.00	0.002498205
10.62049	10.00	16.62281	-0.06539824	0.00	0.06286526	17.88374	10.00	0.002459888
10.55346	10.00	16.68725	-0.06703748	0.00	0.06444102	17.9326	10.00	0.002422673
10.4883	10.00	16.74989	-0.06515618	0.00	0.06263258	17.98226	10.00	0.002384728
10.4221	10.00	16.81353	-0.06620229	0.00	0.06363817	18.08196	10.00	0.00230866
10.28916	10.00	16.94131	-0.1329354	0.00	0.1277866	18.13181	10.00	0.002270644
10.2227	10.00	17.0052	-0.06646417	0.00	0.06388991	18.18253	10.00	0.002232065
10.15507	10.00	17.07021	-0.06762919	0.00	0.06500981	18.23205	10.00	0.002194224
10.08904	10.00	17.13369	-0.066031	0.00	0.06347352	18.28052	10.00	0.002157356
10.02441	10.00	17.19581	-0.06463099	0.00	0.06212774	18.32896	10.00	0.002120353
9.95982	10.00	17.2579	-0.06458712	0.00	0.06208556	18.37879	10.00	0.00208237
9.893388	10.00	17.32176	-0.06643161	0.00	0.06385861	18.42835	10.00	0.002044564
9.827303	10.00	17.38528	-0.06608479	0.00	0.06352523	18.47798	10.00	0.002006786
9.761126	10.00	17.4489	-0.06617822	0.00	0.06361504	18.57787	10.00	0.001930606
9.62794	10.00	17.57692	-0.1331846	0.00	0.1280261	18.62764	10.00	0.001892646
9.561576	10.00	17.64072	-0.06636508	0.00	0.06379466	18.67824	10.00	0.001854029
9.49411	10.00	17.70557	-0.06746498	0.00	0.06485196	18.72729	10.00	0.001816696
9.429348	10.00	17.76843	-0.06476219	0.00	0.06286255	18.77628	10.00	0.001779274
9.367181	10.00	17.83313	-0.06216736	0.00	0.06469771	18.82462	10.00	0.00174245
9.307728	10.00	17.89758	-0.0594534	0.00	0.06444556	18.87423	10.00	0.001704605
9.247978	10.00	17.96373	-0.0597498	0.00	0.06615558	18.92407	10.00	0.001666246
9.188877	10.00	18.0306	-0.05910045	0.00	0.06687044	18.97249	10.00	0.001628544
9.135324	10.00	18.09623	-0.05355374	0.00	0.06562756	19.02081	10.00	0.001590293
9.086457	10.00	18.16239	-0.04886628	0.00	0.06616407	19.06888	10.00	0.001551613
9.040981	10.00	18.22923	-0.04547601	0.00	0.06683081	19.16255	10.00	0.001473026
8.956895	10.00	18.36226	-0.08408631	0.00	0.1330373	19.20667	10.00	0.001432408
8.915435	10.00	18.42786	-0.04146024	0.00	0.06559642	19.24935	10.00	0.001391017
8.873105	10.00	18.49284	-0.04232944	0.00	0.06498064	19.29293	10.00	0.001346606
8.828152	10.00	18.56084	-0.04495385	0.00	0.06799866	19.3347	10.00	0.001301685
8.783914	10.00	18.62775	-0.04423793	0.00	0.06691574	19.37317	10.00	0.001258426
8.742049	10.00	18.69108	-0.04186465	0.00	0.06332584	19.41243	10.00	0.001212587
8.698159	10.00	18.75747	-0.0438898	0.00	0.06638914	19.45017	10.00	0.00116721
8.654661	10.00	18.82327	-0.04349768	0.00	0.06579602	19.48695	10.00	0.001121722
8.610858	10.00	18.88952	-0.0438037	0.00	0.06625891	19.55855	10.00	0.001030249
8.522617	10.00	19.023	-0.08824003	0.00	0.1334748	19.59247	10.00	0.0009839843
8.477675	10.00	19.09098	-0.04494261	0.00	0.06798167	19.62514	10.00	0.0009380985
8.432606	10.00	19.15915	-0.04506895	0.00	0.06817277	19.68358	10.00	0.0008539188
8.348526	10.00	19.28633	-0.08408023	0.00	0.1271825	19.71259	10.00	0.0008095948
8.303138	10.00	19.35499	-0.04538807	0.00	0.06865548	19.73894	10.00	0.0007679508
8.259862	10.00	19.42045	-0.04327589	0.00	0.06546053	19.76392	10.00	0.0007271357
8.216784	10.00	19.48561	-0.04307749	0.00	0.06516042	19.78803	10.00	0.0006864766
8.17294	10.00	19.55193	-0.04384394	0.00	0.06631978	19.81007	10.00	0.0006479711
8.130538	10.00	19.61607	-0.04240275	0.00	0.06413979	19.83162	10.00	0.0006091681
8.086592	10.00	19.68254	-0.04394595	0.00	0.06647408	19.85164	10.00	0.000571487
8.043047	10.00	19.74841	-0.04354447	0.00	0.0658668	19.88968	10.00	0.0004968953
7.954419	10.00	19.88247	-0.0886284	0.00	0.1340622	19.90535	10.00	0.0004626903
7.9117	10.00	19.94709	-0.04271907	0.00	0.06461826	19.92001	10.00	0.0004285658
7.867966	10.00	20.01324	-0.04373351	0.00	0.06615274	19.93353	10.00	0.0003946359
7.821998	10.00	20.0808	-0.04596823	0.00	0.06755416	19.94545	10.00	0.0003617587
7.775029	10.00	20.14791	-0.04696937	0.00	0.06711534	19.95523	10.00	0.0003311383
7.729867	10.00	20.21245	-0.0451614	0.00	0.06453191	19.96324	10.00	0.0003011096
7.684751	10.00	20.27691	-0.04511682	0.00	0.0644682	19.97014	10.00	0.0002711493
7.638392	10.00	20.34316	-0.04635812	0.00	0.06624192	19.97584	10.00	0.0002420736
7.591857	10.00	20.40965	-0.04653545	0.00	0.06649531	19.98028	10.00	0.000213581
7.545388	10.00	20.47605	-0.04646908	0.00	0.06640047	19.98345	10.00	0.0001856039
7.499144	10.00	20.54213	-0.0462442	0.00	0.06607913	19.98608	10.00	0.0001579624
7.45224	10.00	20.60915	-0.04690299	0.00	0.06702049	19.99094	10.00	0.0001062705
7.35674	10.00	20.74562	-0.09550101	0.00	0.136463	19.9927	10.00	8.741475E-05
7.313793	10.00	20.80698	-0.04294628	0.00	0.06136668	19.99433	10.00	6.977887E-05
7.268358	10.00	20.87191	-0.04543582	0.00	0.06492402	19.99572	10.00	5.456445E-05
7.221846	10.00	20.93837	-0.04651168	0.00	0.06646134	19.99675	10.00	4.305275E-05
7.175689	10.00	21.00432	-0.04615702	0.00	0.06595456	19.99754	10.00	3.397946E-05
7.129306	10.00	21.0706	-0.04638289	0.00	0.06627731	19.99804	10.00	2.675056E-05
7.083125	10.00	21.13659	-0.0461808	0.00	0.06598853	19.99848	10.00	2.046611E-05
7.036899	10.00	21.20264	-0.04622637	0.00	0.06605365	19.99914	10.00	1.135651E-05
6.944169	10.00	21.33514	-0.09273011	0.00	0.1325037	19.99937	10.00	8.330053E-06
6.895269	10.00	21.40135	-0.04889973	0.00	0.06620936	19.99957	10.00	5.68312E-06
6.842596	10.00	21.46828	-0.05267337	0.00	0.06693131	19.99974	10.00	3.464368E-06
6.788874	10.00	21.53491	-0.05372185	0.00	0.06662413	19.99987	10.00	1.693258E-06
6.734848	10.00	21.60112	-0.0540262	0.00	0.06620653	19.99997	10.00	3.503293E-07
6.678483	10.00	21.66859	-0.05636436	0.00	0.06747064	20	10.00	0
6.625762	10.00	21.73097	-0.05272068	0.00	0.06238589	20	10.00	0
6.566157	10.00	21.79697	-0.05960533	0.00	0.06599561	20	10.00	0
6.5051	10.00	21.86315	-0.06105708	0.00	0.06618389	20	10.00	0
6.439698	10.00	21.92985	-0.06540192	0.00	0.06669349	20	10.00	0
6.373606	10.00	21.99594	-0.06609187	0.00	0.06609187	20	10.00	0
6.241311	10.00	22.12823	-0.1322956	0.00	0.1322956	20	10.00	0
6.174633	10.00	22.19491	-0.06667792	0.00	0.06667792	20	10.00	0
6.107942	10.00	22.2616	-0.06669066	0.00	0.06669066	20	10.00	0
6.041344	10.00	22.3282	-0.06659865	0.00	0.06659865	20	10.00	0
5.976244	10.00	22.3933	-0.06509955	0.00	0.06509955	20	10.00	0
5.911586	10.00	22.45796	-0.06465789	0.00	0.06465789	20	10.00	0
5.845629	10.00	22.52391	-0.06595739	0.00	0.06595739	20	10.00	0
5.778945	10.00	22.5906	-0.06668358	0.00	0.06668358	20	10.00	0
5.712985	10.00	22.65656	-0.06596022	0.00	0.06596022	20	10.00	0
5.646631	10.00	22.72291	-0.06635375	0.00	0.06635375	20	10.00	0
5.51293	10.00	22.85661	-0.1337012	0.00	0.1337012	20	10.00	0
5.448993	10.00	22.92055	-0.06393737	0.00	0.06393737	20	10.00	0
5.381295	10.00	22.98825	-0.06769714	0.00	0.06769714	20	10.00	0
5.314675	10.00	23.05487	-0.06661988	0.00	0.06661988	20	10.00	0
5.248114	10.00	23.12143	-0.06656184	0.00	0.06656184	20	10.00	0
5.18046	10.00	23.18908	-0.06765325	0.00	0.06765325	20	10.00	0
5.115277	10.00	23.25427	-0.06518307	0.00	0.06518307	20	10.00	0
5.04531	10.00	23.32423	-0.06996772	0.00	0.06996772	20	10.00	0
4.918313	10.00	23.44754	-0.1269971	0.00	0.123308	20	10.00	0
4.853868	10.00	23.51011	-0.06444414	0.00	0.06257212	20	10.00	0
4.784954	10.00	23.57703	-0.06891453	0.00	0.06691266	20	10.00	0
4.718621	10.00	23.64143	-0.06633252	0.00	0.06440565	20	10.00	0
4.652612	10.00	23.70552	-0.06600977	0.00	0.06409227	20	10.00	0
4.589185	10.00	23.76711	-0.06342634	0.00	0.06158389	20	10.00	0
4.522808	10.00	23.83156	-0.06637782	0.00	0.06444963	20	10.00	0
4.457031	10.00	23.89542	-0.0657762	0.00	0.06386549	20	10.00	0
4.391234	10.00	23.95931	-0.06579743	0.00	0.06388611	20	10.00	0
4.324911	10.00	24.02371	-0.06632261	0.00	0.06439602	20	10.00	0
4.192399	10.00	24.15237	-0.1325122	0.00	0.1286629	20	10.00	0
4.125968	10.00	24.21687	-0.06643161	0.00	0.06450186	20	10.00	0
4.058987	10.00	24.28191	-0.06698085	0.00	0.06503515	20	10.00	0
3.991805	10.00	24.34714	-0.06718186	0.00	0.06523032	20	10.00	0
3.926968	10.00	24.41009	-0.06483626	0.00	0.06295285	20	10.00	0
3.862844	10.00	24.47359	-0.06412422	0.00	0.06350331	20	10.00	0
3.796715	10.00	24.53908	-0.06612868	0.00	0.06548836	20	10.00	0
3.729906	10.00	24.60524	-0.06680957	0.00	0.06616266	20	10.00	0
3.664236	10.00	24.67028	-0.06567003	0.00	0.06503415	20	10.00	0
3.598	10.00	24.73587	-0.06623626	0.00	0.0655949	20	10.00	0
3.4695	10.00	24.86826	-0.1284997	0.00	0.1323828	20	10.00	0
3.409069	10.00	24.93179	-0.06043078	0.00	0.06353696	20	10.00	0
3.344421	10.00	24.99976	-0.06464811	0.00	0.06797107	20	10.00	0
3.281292	10.00	25.06679	-0.06312945	0.00	0.06702332	20	10.00	0
3.220928	10.00	25.13291	-0.06036324	0.00	0.06612585	20	10.00	0
3.156709	10.00	25.20402	-0.06421947	0.00	0.07110443	20	10.00	0
3.043282	10.00	25.3296	-0.1134267	0.00	0.1255872	20	10.00	0
2.985516	10.00	25.39497	-0.05776679	0.00	0.06536143	20	10.00	0
2.927889	10.00	25.46089	-0.05762638	0.00	0.06592483	20	10.00	0
2.869677	10.00	25.52823	-0.05821172	0.00	0.06734041	20	10.00	0
2.81111	10.00	25.59378	-0.0585679	0.00	0.06554971	20	10.00	0
2.71037	10.00	25.72502	-0.1007398	0.00	0.1312381	20	10.00	0
2.662466	10.00	25.79163	-0.04790361	0.00	0.06660714	20	10.00	0
2.617044	10.00	25.85838	-0.04542207	0.00	0.06675153	20	10.00	0
2.572413	10.00	25.92491	-0.04463139	0.00	0.06653636	20	10.00	0
2.528279	10.00	25.99071	-0.04413383	0.00	0.0657946	20	10.00	0
2.484566	10.00	26.05588	-0.04371318	0.00	0.0651675	20	10.00	0
2.439522	10.00	26.12114	-0.04504358	0.00	0.06526659	20	10.00	0
2.393482	10.00	26.18693	-0.04604012	0.00	0.06578752	20	10.00	0
2.346754	10.00	26.2537	-0.04672764	0.00	0.06676994	20	10.00	0
2.300761	10.00	26.31942	-0.04599356	0.00	0.06572099	20	10.00	0
2.254068	10.00	26.38614	-0.04669297	0.00	0.06672039	20	10.00	0
2.207104	10.00	26.45325	-0.04696342	0.00	0.06710684	20	10.00	0
2.115431	10.00	26.58424	-0.09167308	0.00	0.1309932	20	10.00	0
2.068604	10.00	26.65115	-0.0468277	0.00	0.0669129	20	10.00	0
2.021173	10.00	26.71893	-0.04743002	0.00	0.06777358	20	10.00	0
1.975495	10.00	26.7842	-0.04567853	0.00	0.06527083	20	10.00	0
1.930193	10.00	26.84893	-0.04530207	0.00	0.06473292	20	10.00	0
1.88341	10.00	26.91398	-0.04678271	0.00	0.06504859	20	10.00	0
1.834587	10.00	26.98009	-0.04882341	0.00	0.06610603	20	10.00	0
1.785439	10.00	27.04663	-0.04914751	0.00	0.06654485	20	10.00	0
22.21281
