-0.06479662	10.00	-50	-0.06479662	0.00	0	0	10.00	-40
-0.4563268	10.00	-50	-0.3915302	0.00	0	0.006241467	10.00	-39.98639
-0.6386814	10.00	-50	-0.1823546	0.00	0	0.01056877	10.00	-39.97037
-0.747821	10.00	-50	-0.1091396	0.00	0	0.01344626	10.00	-39.94915
-0.8560504	10.00	-50	-0.1082294	0.00	0	0.01575649	10.00	-39.93127
-0.928835	10.00	-50	-0.07278472	0.00	0	0.01935558	10.00	-39.89499
-1.058648	10.00	-50	-0.1298127	0.00	0	0.02098239	10.00	-39.87095
-1.129057	10.00	-50	-0.07040938	0.00	0	0.02367125	10.00	-39.82366
-1.255046	10.00	-50	-0.1259892	0.00	0	0.02485951	10.00	-39.79585
-1.318698	10.00	-50	-0.06365142	0.00	0	0.02611079	10.00	-39.76258
-1.389774	10.00	-50	-0.07107612	0.00	0	0.02828489	10.00	-39.69733
-1.519412	10.00	-50	-0.1296385	0.00	0	0.02935063	10.00	-39.65504
-1.593979	10.00	-50	-0.07456693	0.00	0	0.03083681	10.00	-39.57898
-1.720189	10.00	-50	-0.12621	0.00	0	0.03136277	10.00	-39.53014
-1.795153	10.00	-50	-0.07496329	0.00	0	0.03171777	10.00	-39.48349
-1.864465	10.00	-50	-0.06931231	0.00	0	0.03208921	10.00	-39.40204
-1.982081	10.00	-50	-0.117616	0.00	0	0.0321373	10.00	-39.34984
-2.054013	10.00	-50	-0.07193254	0.00	0	0.03208164	10.00	-39.2521
-2.185867	10.00	-50	-0.1318539	0.00	0	0.03187981	10.00	-39.13601
-2.34087	10.00	-49.97858	-0.1550028	0.00	0.02142499	0.03172565	10.00	-39.05925
-2.443212	10.00	-49.96245	-0.102342	0.00	0.01612796	0.03159227	10.00	-38.9926
-2.532079	10.00	-49.94844	-0.08886709	0.00	0.01400447	0.03142485	10.00	-38.90926
-2.643219	10.00	-49.9277	-0.1111398	0.00	0.02074286	0.03128939	10.00	-38.84204
-2.732832	10.00	-49.90403	-0.08961309	0.00	0.02366688	0.03112972	10.00	-38.76245
-2.838949	10.00	-49.87395	-0.1061173	0.00	0.0300807	0.03103007	10.00	-38.71286
-2.905092	10.00	-49.8552	-0.06614283	0.00	0.01874928	0.0309296	10.00	-38.66264
-2.972048	10.00	-49.83622	-0.06695537	0.00	0.01897961	0.0308305	10.00	-38.61337
-3.037746	10.00	-49.8176	-0.06569834	0.00	0.01862328	0.03063058	10.00	-38.5138
-3.170507	10.00	-49.77997	-0.1327613	0.00	0.03763338	0.0305289	10.00	-38.46312
-3.238083	10.00	-49.76081	-0.0675754	0.00	0.01915536	0.03047661	10.00	-38.41527
-3.301896	10.00	-49.74272	-0.06381279	0.00	0.01808879	0.0304307	10.00	-38.36545
-3.368317	10.00	-49.72389	-0.0664217	0.00	0.01882833	0.03033979	10.00	-38.26626
-3.500556	10.00	-49.67617	-0.132239	0.00	0.04772894	0.03029302	10.00	-38.21527
-3.566571	10.00	-49.64109	-0.06601514	0.00	0.03507311	0.03024981	10.00	-38.16802
-3.605784	10.00	-49.60371	-0.03921283	0.00	0.0373826	0.0302029	10.00	-38.11768
-3.653405	10.00	-49.54959	-0.04762124	0.00	0.05412022	0.03011229	10.00	-38.01891
-3.737921	10.00	-49.41917	-0.08451512	0.00	0.130423	0.03006511	10.00	-37.96721
-3.782822	10.00	-49.35024	-0.04490126	0.00	0.06892869	0.03002163	10.00	-37.91998
-3.792745	10.00	-49.28727	-0.009922791	0.00	0.06296628	0.02997531	10.00	-37.87006
-3.80839	10.00	-49.22071	-0.01564516	0.00	0.06656042	0.02988348	10.00	-37.77018
-3.851303	10.00	-49.08752	-0.04291317	0.00	0.1331888	0.02983778	10.00	-37.71959
-3.858668	10.00	-49.02006	-0.007364841	0.00	0.06745932	0.02979448	10.00	-37.67286
-3.858668	10.00	-48.95777	0	0.00	0.06229671	0.02974771	10.00	-37.62208
-3.858668	10.00	-48.89007	0	0.00	0.06769431	0.02965371	10.00	-37.51979
-3.858668	10.00	-48.75368	0	0.00	0.1363923	0.02961062	10.00	-37.47277
-3.858668	10.00	-48.69098	0	0.00	0.06270015	0.02951774	10.00	-37.3718
-3.84788	10.00	-48.55634	0.01078791	0.00	0.1346369	0.0294727	10.00	-37.3229
-3.840131	10.00	-48.49115	0.007748671	0.00	0.06519298	0.02942556	10.00	-37.2719
-3.83139	10.00	-48.42315	0.008740751	0.00	0.06800007	0.02933642	10.00	-37.17457
-3.814711	10.00	-48.29338	0.01667979	0.00	0.1297631	0.02929216	10.00	-37.12656
-3.806479	10.00	-48.22935	0.008231266	0.00	0.06403645	0.02919941	10.00	-37.02543
-3.789148	10.00	-48.09451	0.01733175	0.00	0.1348351	0.02915538	10.00	-36.9779
-3.781002	10.00	-48.03114	0.008146109	0.00	0.06337396	0.02906321	10.00	-36.87717
-3.761137	10.00	-47.89684	0.019864	0.00	0.1343015	0.02901875	10.00	-36.82911
-3.751659	10.00	-47.83276	0.009478291	0.00	0.06408317	0.02892588	10.00	-36.72863
-3.739628	10.00	-47.69879	0.01203145	0.00	0.1339674	0.02888246	10.00	-36.68064
-3.73512	10.00	-47.63479	0.004508127	0.00	0.06399681	0.02878909	10.00	-36.57893
-3.73512	10.00	-47.49919	0	0.00	0.1355995	0.02874623	10.00	-36.5321
-3.73512	10.00	-47.43674	0	0.00	0.06245667	0.02869847	10.00	-36.48011
-3.73512	10.00	-47.36742	0	0.00	0.06931514	0.02860669	10.00	-36.38075
-3.73512	10.00	-47.23494	0	0.00	0.1324838	0.02856044	10.00	-36.33026
-3.73512	10.00	-47.16762	0	0.00	0.06731918	0.02847082	10.00	-36.23282
-3.73512	10.00	-47.03769	0	0.00	0.1299245	0.0284265	10.00	-36.18469
-3.73512	10.00	-46.97353	0	0.00	0.0641681	0.02833261	10.00	-36.08235
-3.73512	10.00	-46.86217	0	0.00	0.1113503	0.02828199	10.00	-36.02692
-3.73512	10.00	-46.81903	0	0.00	0.0431399	0.02819711	10.00	-35.9349
-3.73512	10.00	-46.78188	0	0.00	0.03715347	0.02815324	10.00	-35.88767
-3.73512	10.00	-46.76708	0	0.00	0.01480301	0.02810529	10.00	-35.83477
-3.73512	10.00	-46.76484	0	0.00	0.002236734	0.02801492	10.00	-35.73676
-3.73512	10.00	-46.76484	0	0.00	0	0.02796617	10.00	-35.68375
-3.73512	10.00	-46.76484	0	0.00	0	0.02787792	10.00	-35.58722
-3.73512	10.00	-46.76484	0	0.00	0	0.02781987	10.00	-35.52469
-3.73512	10.00	-46.76484	0	0.00	0	0.0277404	10.00	-35.43769
-3.73512	10.00	-46.76484	0	0.00	0	0.02768992	10.00	-35.38314
-3.73512	10.00	-46.76484	0	0.00	0	0.02760336	10.00	-35.2893
-3.73512	10.00	-46.76484	0	0.00	0	0.02751238	10.00	-35.18976
-3.73512	10.00	-46.76484	0	0.00	0	0.02744402	10.00	-35.11554
-3.73512	10.00	-46.76484	0	0.00	0	0.0273773	10.00	-35.04299
-3.73512	10.00	-46.76484	0	0.00	0	0.02728495	10.00	-34.94271
-3.73512	10.00	-46.76484	0	0.00	0	0.0272397	10.00	-34.89254
-3.73512	10.00	-46.76484	0	0.00	0	0.02714939	10.00	-34.795
-3.73512	10.00	-46.76484	0	0.00	0	0.02710348	10.00	-34.74515
-3.73512	10.00	-46.76484	0	0.00	0	0.02701337	10.00	-34.64648
-3.73512	10.00	-46.76484	0	0.00	0	0.02698345	10.00	-34.59253
-3.73512	10.00	-46.76484	0	0.00	0	0.0269318	10.00	-34.49791
-3.73512	10.00	-46.76484	0	0.00	0	0.0269049	10.00	-34.44783
-3.73512	10.00	-46.76484	0	0.00	0	0.02685158	10.00	-34.34912
-3.73512	10.00	-46.76322	0	0.00	0.001624734	0.02682468	10.00	-34.30033
-3.73512	10.00	-46.75486	0	0.00	0.008362095	0.02676999	10.00	-34.19973
-3.73512	10.00	-46.69085	0	0.00	0.06400688	0.02674348	10.00	-34.15126
-3.73512	10.00	-46.65377	0	0.00	0.03707973	0.02668906	10.00	-34.05173
-3.73512	10.00	-46.5429	0	0.00	0.1108686	0.02666224	10.00	-34.00235
-3.73512	10.00	-46.48153	0	0.00	0.06137066	0.02660806	10.00	-33.9027
-3.734766	10.00	-46.34864	0.0003538448	0.00	0.1328845	0.02658196	10.00	-33.85499
-3.729053	10.00	-46.28503	0.00571277	0.00	0.06361037	0.02652721	10.00	-33.75389
-3.714336	10.00	-46.15023	0.01471655	0.00	0.1347983	0.02650128	10.00	-33.7062
-3.707396	10.00	-46.08666	0.006940924	0.00	0.06357639	0.02644595	10.00	-33.60521
-3.692693	10.00	-45.95199	0.01470248	0.00	0.1346695	0.0264202	10.00	-33.55727
-3.685716	10.00	-45.88808	0.006977242	0.00	0.06390905	0.02636547	10.00	-33.45683
-3.671095	10.00	-45.75416	0.01462088	0.00	0.1339221	0.02633869	10.00	-33.40792
-3.664606	10.00	-45.68894	0.006488553	0.00	0.06521705	0.02628408	10.00	-33.3077
-3.651311	10.00	-45.55531	0.01329512	0.00	0.1336305	0.02625738	10.00	-33.25818
-3.644743	10.00	-45.48929	0.006568549	0.00	0.06602109	0.02622963	10.00	-33.20764
-3.638037	10.00	-45.42189	0.006705726	0.00	0.06739987	0.0261761	10.00	-33.10889
-3.624938	10.00	-45.29024	0.01309851	0.00	0.1316543	0.02614745	10.00	-33.05647
-3.617984	10.00	-45.22033	0.006954868	0.00	0.06990402	0.02611664	10.00	-32.99953
-3.610432	10.00	-45.14444	0.007551176	0.00	0.07589757	0.02606766	10.00	-32.90955
-3.598495	10.00	-45.02445	0.01193744	0.00	0.1199843	0.02603184	10.00	-32.84327
-3.589702	10.00	-44.93607	0.008792805	0.00	0.0883773	0.02598813	10.00	-32.76286
-3.576959	10.00	-44.82886	0.01274323	0.00	0.1072144	0.02595948	10.00	-32.7112
-3.568106	10.00	-44.75999	0.008852473	0.00	0.06886923	0.02593247	10.00	-32.66064
-3.559439	10.00	-44.69256	0.00866724	0.00	0.06742818	0.02587994	10.00	-32.56491
-3.541798	10.00	-44.56493	0.0176416	0.00	0.1276312	0.02585345	10.00	-32.51593
-3.532138	10.00	-44.49962	0.009659817	0.00	0.06531047	0.02579868	10.00	-32.41602
-3.512434	10.00	-44.3664	0.01970404	0.00	0.1332199	0.02577229	10.00	-32.36678
-3.502087	10.00	-44.30074	0.01034709	0.00	0.0656587	0.02571795	10.00	-32.26614
-3.475746	10.00	-44.16657	0.02634084	0.00	0.1341726	0.02569179	10.00	-32.21875
-3.462118	10.00	-44.10338	0.01362798	0.00	0.06318428	0.02566289	10.00	-32.16567
-3.443429	10.00	-44.03262	0.01868863	0.00	0.07076328	0.02561034	10.00	-32.06896
-3.408122	10.00	-43.90366	0.03530726	0.00	0.1289605	0.02558342	10.00	-32.01923
-3.389967	10.00	-43.83735	0.01815533	0.00	0.0663127	0.02552657	10.00	-31.9154
-3.342679	10.00	-43.6989	0.04728774	0.00	0.1384448	0.02549773	10.00	-31.86195
-3.316961	10.00	-43.62765	0.02571836	0.00	0.0712559	0.025448	10.00	-31.77021
-3.270442	10.00	-43.50533	0.0465188	0.00	0.1223228	0.02541421	10.00	-31.70819
-3.239796	10.00	-43.42263	0.03064524	0.00	0.08268809	0.02536785	10.00	-31.62398
-3.199272	10.00	-43.31036	0.04052492	0.00	0.1122793	0.02532947	10.00	-31.55351
-3.161716	10.00	-43.21639	0.03755569	0.00	0.09396883	0.0252863	10.00	-31.47347
-3.1201	10.00	-43.10967	0.04161641	0.00	0.1067147	0.02524816	10.00	-31.40344
-3.087303	10.00	-43.0163	0.03279642	0.00	0.09337146	0.02520526	10.00	-31.32486
-3.05456	10.00	-42.91153	0.032743	0.00	0.1047725	0.02517323	10.00	-31.26651
-3.030248	10.00	-42.83373	0.02431238	0.00	0.07779586	0.02512426	10.00	-31.17659
-2.992778	10.00	-42.71384	0.03746948	0.00	0.1198965	0.02509822	10.00	-31.12716
-2.972182	10.00	-42.64793	0.02059676	0.00	0.06590643	0.02504384	10.00	-31.0281
-2.930906	10.00	-42.51585	0.04127536	0.00	0.1320747	0.02501725	10.00	-30.97976
-2.91014	10.00	-42.4514	0.02076651	0.00	0.06445263	0.02496272	10.00	-30.87929
-2.866976	10.00	-42.31744	0.04316357	0.00	0.133966	0.02493726	10.00	-30.83169
-2.846527	10.00	-42.25397	0.02044907	0.00	0.06346739	0.02488156	10.00	-30.73067
-2.803128	10.00	-42.11927	0.04339891	0.00	0.1346964	0.02485548	10.00	-30.68179
-2.782133	10.00	-42.05411	0.02099502	0.00	0.06516184	0.02480125	10.00	-30.58199
-2.734102	10.00	-41.9249	0.0480309	0.00	0.1292099	0.02477482	10.00	-30.53377
-2.710894	10.00	-41.86434	0.02320768	0.00	0.06056411	0.02472015	10.00	-30.43332
-2.662552	10.00	-41.74078	0.04834205	0.00	0.1235624	0.02469366	10.00	-30.38466
-2.638509	10.00	-41.68155	0.02404381	0.00	0.05922222	0.02463909	10.00	-30.28456
-2.58775	10.00	-41.56488	0.05075875	0.00	0.1166708	0.02461317	10.00	-30.23634
-2.562679	10.00	-41.5118	0.02507109	0.00	0.05308348	0.02455844	10.00	-30.13572
-2.505166	10.00	-41.41402	0.05751263	0.00	0.0977812	0.02453203	10.00	-30.08767
-2.4777	10.00	-41.36856	0.0274658	0.00	0.04545581	0.02447701	10.00	-29.9862
-2.422316	10.00	-41.27256	0.05538459	0.00	0.09599777	0.0244482	10.00	-29.93381
-2.393728	10.00	-41.22301	0.02858814	0.00	0.04955164	0.02439573	10.00	-29.83701
-2.340894	10.00	-41.13144	0.05283382	0.00	0.09157652	0.02436603	10.00	-29.78332
-2.311585	10.00	-41.08064	0.02930898	0.00	0.05080108	0.02432897	10.00	-29.71406
-2.273786	10.00	-41.01512	0.0377992	0.00	0.06551712	0.02428952	10.00	-29.64117
-2.234002	10.00	-40.94616	0.03978384	0.00	0.06895708	0.02425402	10.00	-29.57714
-2.199051	10.00	-40.88558	0.03495117	0.00	0.06058064	0.024207	10.00	-29.49088
-2.151978	10.00	-40.80399	0.04707285	0.00	0.08159107	0.02418141	10.00	-29.44298
-2.125831	10.00	-40.75867	0.0261463	0.00	0.04531922	0.02412695	10.00	-29.34292
-2.068637	10.00	-40.66401	0.05719402	0.00	0.09465592	0.02410021	10.00	-29.29415
-2.040758	10.00	-40.61787	0.02787908	0.00	0.04613979	0.02404522	10.00	-29.19363
-1.983299	10.00	-40.52278	0.05745983	0.00	0.09509584	0.02401916	10.00	-29.1447
-1.952803	10.00	-40.47775	0.03049507	0.00	0.04502405	0.0239649	10.00	-29.04516
-1.880484	10.00	-40.38744	0.07231985	0.00	0.09031146	0.02393869	10.00	-28.99706
-1.845544	10.00	-40.34505	0.03494003	0.00	0.04239058	0.02388382	10.00	-28.89663
-1.772576	10.00	-40.25782	0.07296778	0.00	0.0872307	0.02385669	10.00	-28.84631
-1.736014	10.00	-40.21411	0.03656219	0.00	0.04370895	0.02380346	10.00	-28.74821
-1.669804	10.00	-40.12764	0.06620993	0.00	0.08647504	0.02377685	10.00	-28.69945
-1.636894	10.00	-40.08403	0.03290935	0.00	0.04361158	0.02372189	10.00	-28.59949
-1.579756	10.00	-39.96107	0.05713879	0.00	0.1229565	0.02369429	10.00	-28.54837
-1.552519	10.00	-39.89556	0.02723695	0.00	0.06551056	0.0236403	10.00	-28.44987
-1.508931	10.00	-39.76422	0.04358784	0.00	0.1313358	0.02361448	10.00	-28.40173
-1.488248	10.00	-39.70003	0.02068305	0.00	0.06419358	0.02358731	10.00	-28.35137
-1.468565	10.00	-39.63289	0.01968229	0.00	0.06714082	0.02353123	10.00	-28.24857
-1.416441	10.00	-39.49582	0.05212451	0.00	0.1370632	0.02348386	10.00	-28.16147
-1.359905	10.00	-39.37969	0.0565362	0.00	0.1161368	0.02344159	10.00	-28.08385
-1.314533	10.00	-39.27619	0.04537174	0.00	0.1034957	0.02339595	10.00	-28.00061
-1.274473	10.00	-39.1652	0.04005998	0.00	0.1109911	0.0233587	10.00	-27.93124
-1.246465	10.00	-39.07271	0.02800839	0.00	0.09248813	0.0233166	10.00	-27.85377
-1.220183	10.00	-38.96941	0.02628108	0.00	0.1032989	0.02325837	10.00	-27.74716
-1.199159	10.00	-38.82727	0.02102414	0.00	0.1421452	0.0232092	10.00	-27.6566
-1.185977	10.00	-38.70652	0.01318222	0.00	0.1207445	0.02318343	10.00	-27.60946
-1.18094	10.00	-38.64367	0.005036723	0.00	0.06286011	0.02312863	10.00	-27.50885
-1.174089	10.00	-38.50953	0.006851214	0.00	0.1341344	0.02310089	10.00	-27.45859
-1.173911	10.00	-38.4425	0.0001784698	0.00	0.06702332	0.02304729	10.00	-27.35995
-1.173911	10.00	-38.31098	0	0.00	0.1315255	0.02302183	10.00	-27.31173
-1.173911	10.00	-38.2467	0	0.00	0.06427852	0.02296697	10.00	-27.21163
-1.173911	10.00	-38.11323	0	0.00	0.1334691	0.02294089	10.00	-27.16311
-1.173911	10.00	-38.04854	0	0.00	0.06469186	0.02288606	10.00	-27.06273
-1.173911	10.00	-37.9147	0	0.00	0.1338442	0.02285996	10.00	-27.01495
-1.173911	10.00	-37.85099	0	0.00	0.06370662	0.02283022	10.00	-26.96044
-1.173911	10.00	-37.77832	0	0.00	0.07266723	0.02277808	10.00	-26.86435
-1.173911	10.00	-37.65019	0	0.00	0.1281352	0.0227507	10.00	-26.81469
-1.173911	10.00	-37.58397	0	0.00	0.06621361	0.0226969	10.00	-26.71539
-1.173911	10.00	-37.45158	0	0.00	0.1323947	0.02266736	10.00	-26.66134
-1.173911	10.00	-37.37951	0	0.00	0.07207552	0.0226143	10.00	-26.56376
-1.173911	10.00	-37.24941	0	0.00	0.1300972	0.02257458	10.00	-26.49062
-1.173911	10.00	-37.15189	0	0.00	0.09751909	0.02253445	10.00	-26.41708
-1.173911	10.00	-37.05383	0	0.00	0.09805702	0.02250784	10.00	-26.36859
-1.173911	10.00	-36.98919	0	0.00	0.06464656	0.02245424	10.00	-26.26968
-1.173911	10.00	-36.8573	0	0.00	0.1318879	0.02242781	10.00	-26.22127
-1.173911	10.00	-36.79276	0	0.00	0.06453899	0.02237299	10.00	-26.12001
-1.173911	10.00	-36.65774	0	0.00	0.1350191	0.02234636	10.00	-26.0716
-1.173911	10.00	-36.59319	0	0.00	0.06454889	0.02229206	10.00	-25.97186
-1.173911	10.00	-36.46021	0	0.00	0.1329793	0.02226561	10.00	-25.92409
-1.173911	10.00	-36.39652	0	0.00	0.06368963	0.02221057	10.00	-25.82213
-1.173911	10.00	-36.26057	0	0.00	0.1359492	0.0221846	10.00	-25.77518
-1.173911	10.00	-36.19797	0	0.00	0.06260389	0.0221304	10.00	-25.67462
-1.173911	10.00	-36.06389	0	0.00	0.1340792	0.02210387	10.00	-25.62506
-1.173911	10.00	-35.99782	0	0.00	0.06607064	0.02204805	10.00	-25.52323
-1.173911	10.00	-35.86203	0	0.00	0.1357821	0.02202343	10.00	-25.4783
-1.173911	10.00	-35.80214	0	0.00	0.05989589	0.02199578	10.00	-25.42715
-1.173911	10.00	-35.73392	0	0.00	0.06821382	0.02194187	10.00	-25.32792
-1.173911	10.00	-35.60163	0	0.00	0.1322998	0.02191497	10.00	-25.27945
-1.173911	10.00	-35.54638	0	0.00	0.05524256	0.02186053	10.00	-25.17809
-1.173911	10.00	-35.53424	0	0.00	0.01213735	0.02183498	10.00	-25.13138
-1.173911	10.00	-35.53424	0	0.00	0	0.02180498	10.00	-25.07717
-1.173911	10.00	-35.53424	0	0.00	0	0.02175279	10.00	-24.98062
-1.173911	10.00	-35.53424	0	0.00	0	0.02172351	10.00	-24.92701
-1.173911	10.00	-35.53424	0	0.00	0	0.02167172	10.00	-24.83191
-1.173911	10.00	-35.53424	0	0.00	0	0.02164483	10.00	-24.78292
-1.173911	10.00	-35.53424	0	0.00	0	0.02159014	10.00	-24.68219
-1.173911	10.00	-35.53424	0	0.00	0	0.02156188	10.00	-24.62934
-1.173911	10.00	-35.53424	0	0.00	0	0.02150841	10.00	-24.53123
-1.173911	10.00	-35.53424	0	0.00	0	0.0214713	10.00	-24.46346
-1.173911	10.00	-35.53424	0	0.00	0	0.02142945	10.00	-24.38686
-1.167705	10.00	-35.54737	0.006205838	0.00	-0.01312869	0.0213907	10.00	-24.31595
-1.156468	10.00	-35.56319	0.01123704	0.00	-0.01581424	0.02134771	10.00	-24.23662
-1.141848	10.00	-35.586	0.01461935	0.00	-0.02281233	0.02130473	10.00	-24.15753
-1.119102	10.00	-35.60569	0.02274638	0.00	-0.01968289	0.02126748	10.00	-24.08852
-1.083219	10.00	-35.61573	0.03588343	0.00	-0.01004558	0.02123264	10.00	-24.02436
-1.051512	10.00	-35.61573	0.03170709	0.00	0	0.0211856	10.00	-23.93882
-1.002622	10.00	-35.61573	0.04888958	0.00	0	0.02115915	10.00	-23.88975
-0.9625266	10.00	-35.61573	0.04009538	0.00	0	0.02113198	10.00	-23.84027
-0.9189176	10.00	-35.61573	0.04360905	0.00	0	0.02107854	10.00	-23.74162
-0.8268691	10.00	-35.61573	0.09204854	0.00	0	0.02105145	10.00	-23.69181
-0.7816839	10.00	-35.61169	0.04518511	0.00	0.004034672	0.02099749	10.00	-23.59275
-0.6917963	10.00	-35.5832	0.08988763	0.00	0.0284916	0.0209711	10.00	-23.54443
-0.6479617	10.00	-35.56557	0.04383463	0.00	0.01763677	0.02091604	10.00	-23.44297
-0.5572205	10.00	-35.51543	0.09074122	0.00	0.05013526	0.02087928	10.00	-23.3753
-0.499314	10.00	-35.46976	0.0579065	0.00	0.04567428	0.02083588	10.00	-23.29535
-0.4350331	10.00	-35.40135	0.06428085	0.00	0.06840969	0.02080886	10.00	-23.24608
-0.3960631	10.00	-35.35793	0.03896998	0.00	0.04342188	0.02077768	10.00	-23.18856
-0.3520335	10.00	-35.30647	0.04402963	0.00	0.05145765	0.02072774	10.00	-23.0969
-0.2830847	10.00	-35.22095	0.06894884	0.00	0.08551313	0.02070086	10.00	-23.04811
-0.2463709	10.00	-35.17542	0.03671377	0.00	0.04553389	0.02064674	10.00	-22.94852
-0.1714465	10.00	-35.0825	0.07492442	0.00	0.09292429	0.02062083	10.00	-22.90092
-0.1356313	10.00	-35.03808	0.03581515	0.00	0.04441939	0.02056639	10.00	-22.79971
-0.05948317	10.00	-34.94363	0.07614814	0.00	0.09444198	0.0205401	10.00	-22.75164
-0.02332055	10.00	-34.89878	0.03616262	0.00	0.04485033	0.02048485	10.00	-22.65065
0.05266623	10.00	-34.80454	0.07598679	0.00	0.09424187	0.020459	10.00	-22.60343
0.08818424	10.00	-34.76049	0.03551801	0.00	0.04405087	0.02040408	10.00	-22.50224
0.1669351	10.00	-34.70264	0.0787508	0.00	0.05784641	0.02037765	10.00	-22.4541
0.205019	10.00	-34.67886	0.0380839	0.00	0.02378884	0.02032325	10.00	-22.35339
0.2885853	10.00	-34.6538	0.08356636	0.00	0.02506016	0.02029645	10.00	-22.30441
0.3305045	10.00	-34.6538	0.04191917	0.00	0	0.02026935	10.00	-22.25513
0.3732978	10.00	-34.6538	0.04279327	0.00	0	0.02021474	10.00	-22.15464
0.4605755	10.00	-34.6538	0.08727773	0.00	0	0.02018691	10.00	-22.10312
0.5046703	10.00	-34.6538	0.04409484	0.00	0	0.02016192	10.00	-22.057
0.5399529	10.00	-34.6538	0.03528253	0.00	0	0.02010746	10.00	-21.95707
0.5790136	10.00	-34.6538	0.03906081	0.00	0	0.0200814	10.00	-21.90945
0.5853317	10.00	-34.6538	0.006317998	0.00	0	0.02005456	10.00	-21.85938
0.5853317	10.00	-34.6538	0	0.00	0	0.01999867	10.00	-21.75788
0.5853317	10.00	-34.6538	0	0.00	0	0.01997156	10.00	-21.70798
0.5853317	10.00	-34.6538	0	0.00	0	0.0199461	10.00	-21.66075
0.5853317	10.00	-34.6538	0	0.00	0	0.01989088	10.00	-21.5603
0.5853317	10.00	-34.6538	0	0.00	0	0.01986556	10.00	-21.51275
0.5853317	10.00	-34.6538	0	0.00	0	0.01983845	10.00	-21.46278
0.5853317	10.00	-34.6538	0	0.00	0	0.0197839	10.00	-21.36242
0.5853317	10.00	-34.6538	0	0.00	0	0.01975745	10.00	-21.31426
0.5853317	10.00	-34.6538	0	0.00	0	0.01970205	10.00	-21.21262
0.5853317	10.00	-34.6538	0	0.00	0	0.01967547	10.00	-21.16322
0.5853317	10.00	-34.6538	0	0.00	0	0.01964869	10.00	-21.11423
0.5853317	10.00	-34.6538	0	0.00	0	0.01959376	10.00	-21.01308
0.5853317	10.00	-34.6538	0	0.00	0	0.01955978	10.00	-20.95127
0.5853317	10.00	-34.6538	0	0.00	0	0.01951	10.00	-20.85948
0.5719708	10.00	-34.6538	-0.01336088	0.00	0	0.01948137	10.00	-20.8067
0.5554273	10.00	-34.6538	-0.01654355	0.00	0	0.01943216	10.00	-20.71647
0.4782276	10.00	-34.6538	-0.07719958	0.00	0	0.01939711	10.00	-20.65214
0.4256709	10.00	-34.6538	-0.05255678	0.00	0	0.01935081	10.00	-20.56725
0.3354974	10.00	-34.58445	-0.09017351	0.00	0.06934948	0.01931366	10.00	-20.4985
0.2642451	10.00	-34.50166	-0.07125225	0.00	0.08279108	0.01927181	10.00	-20.42174
0.2064982	10.00	-34.4013	-0.05774692	0.00	0.1003573	0.01923941	10.00	-20.36332
0.1663142	10.00	-34.3234	-0.04018402	0.00	0.07789778	0.01918888	10.00	-20.26986
0.1527088	10.00	-34.19878	-0.01360537	0.00	0.1246203	0.01915359	10.00	-20.20457
0.1527088	10.00	-34.11172	0	0.00	0.08705799	0.01910903	10.00	-20.12312
0.1527088	10.00	-34.00313	0	0.00	0.1085917	0.01908178	10.00	-20.07266
0.1527088	10.00	-33.93585	0	0.00	0.06727812	0.01905437	10.00	-20.02238
0.1527088	10.00	-33.86882	0	0.00	0.06703606	0.01900068	10.00	-19.92318
0.1527088	10.00	-33.73655	0	0.00	0.1322715	0.01897419	10.00	-19.87528
0.1527088	10.00	-33.67268	0	0.00	0.06386234	0.01894754	10.00	-19.82656
0.1527088	10.00	-33.60772	0	0.00	0.06496224	0.0188933	10.00	-19.72616
0.1527088	10.00	-33.47385	0	0.00	0.1338654	0.0188671	10.00	-19.67791
0.1527088	10.00	-33.40952	0	0.00	0.06433089	0.01884009	10.00	-19.62882
0.1527088	10.00	-33.34407	0	0.00	0.06545203	0.01878557	10.00	-19.52836
0.1527088	10.00	-33.21012	0	0.00	0.1339461	0.01875936	10.00	-19.47929
0.1527088	10.00	-33.1447	0	0.00	0.06542514	0.01873079	10.00	-19.42887
0.1527088	10.00	-33.07747	0	0.00	0.06722716	0.01867744	10.00	-19.32994
0.1527088	10.00	-32.94558	0	0.00	0.1318992	0.01865161	10.00	-19.28115
0.1527088	10.00	-32.88051	0	0.00	0.06506558	0.01862485	10.00	-19.23241
0.1527088	10.00	-32.81553	0	0.00	0.06498489	0.01856952	10.00	-19.13104
0.1527088	10.00	-32.68037	0	0.00	0.1351536	0.01854173	10.00	-19.08048
0.1527088	10.00	-32.61295	0	0.00	0.06742252	0.01851358	10.00	-19.02839
0.1527088	10.00	-32.5435	0	0.00	0.06945387	0.01846127	10.00	-18.93325
0.1527088	10.00	-32.41664	0	0.00	0.1268569	0.01843484	10.00	-18.8842
0.1527088	10.00	-32.35125	0	0.00	0.06538974	0.01840825	10.00	-18.83451
0.1527088	10.00	-32.28499	0	0.00	0.06625608	0.01835302	10.00	-18.7343
0.1527088	10.00	-32.15139	0	0.00	0.1336036	0.01832705	10.00	-18.68606
0.1527088	10.00	-32.08706	0	0.00	0.06433372	0.01830097	10.00	-18.63783
0.1527088	10.00	-32.02275	0	0.00	0.06430117	0.0182457	10.00	-18.53672
0.1527088	10.00	-31.88793	0	0.00	0.1348224	0.01821966	10.00	-18.48915
0.1527088	10.00	-31.8245	0	0.00	0.06342775	0.01816516	10.00	-18.38824
0.1527088	10.00	-31.68996	0	0.00	0.1345421	0.01813776	10.00	-18.33833
0.1527088	10.00	-31.62341	0	0.00	0.06655335	0.0181109	10.00	-18.28904
0.1527088	10.00	-31.55771	0	0.00	0.06570117	0.01805738	10.00	-18.19017
0.1527088	10.00	-31.42587	0	0.00	0.1318313	0.0180306	10.00	-18.14146
0.1527088	10.00	-31.36093	0	0.00	0.06494525	0.01800397	10.00	-18.09225
0.1527088	10.00	-31.2953	0	0.00	0.06562898	0.01794951	10.00	-17.99157
0.1527088	10.00	-31.16108	0	0.00	0.1342236	0.01792153	10.00	-17.94088
0.1527088	10.00	-31.09348	0	0.00	0.06759663	0.0178956	10.00	-17.89337
0.1527088	10.00	-31.03014	0	0.00	0.06333858	0.01784087	10.00	-17.7925
0.1527088	10.00	-30.89564	0	0.00	0.1345025	0.01781388	10.00	-17.74293
0.1527088	10.00	-30.82954	0	0.00	0.06609754	0.01778762	10.00	-17.69394
0.1527088	10.00	-30.76422	0	0.00	0.06531896	0.01773324	10.00	-17.59476
0.1527088	10.00	-30.63199	0	0.00	0.1322333	0.01770648	10.00	-17.54559
0.1527088	10.00	-30.56643	0	0.00	0.06555962	0.01768029	10.00	-17.49729
0.1527088	10.00	-30.50202	0	0.00	0.06440875	0.01762487	10.00	-17.39609
0.1527088	10.00	-30.36709	0	0.00	0.1349271	0.01759763	10.00	-17.34576
0.1447338	10.00	-30.3	-0.007974969	0.00	0.06709693	0.01756958	10.00	-17.29346
0.1296907	10.00	-30.23025	-0.01504314	0.00	0.06974547	0.01751512	10.00	-17.19358
0.08162812	10.00	-30.09709	-0.04806258	0.00	0.1331633	0.01746148	10.00	-17.09483
0.013704	10.00	-29.96542	-0.06792413	0.00	0.1316727	0.01741909	10.00	-17.0172
-0.05672983	10.00	-29.86191	-0.07043383	0.00	0.1035084	0.01737883	10.00	-16.94312
-0.1335046	10.00	-29.76314	-0.07677475	0.00	0.09877188	0.01733722	10.00	-16.86646
-0.2198763	10.00	-29.66093	-0.08637168	0.00	0.1022061	0.01730207	10.00	-16.80235
-0.2979093	10.00	-29.57545	-0.07803299	0.00	0.08548244	0.01726559	10.00	-16.73497
-0.3807896	10.00	-29.48561	-0.08288034	0.00	0.08983959	0.01722079	10.00	-16.6526
-0.4895635	10.00	-29.37577	-0.1087739	0.00	0.1098374	0.01719161	10.00	-16.5994
-0.5604853	10.00	-29.30485	-0.07092182	0.00	0.07092182	0.01714017	10.00	-16.50535
-0.6834697	10.00	-29.17944	-0.1229843	0.00	0.125413	0.0171146	10.00	-16.45704
-0.7466199	10.00	-29.11504	-0.06315032	0.00	0.06439742	0.01708595	10.00	-16.40554
-0.8139695	10.00	-29.04636	-0.06734952	0.00	0.06867955	0.0170589	10.00	-16.35544
-0.8807649	10.00	-28.97956	-0.06679542	0.00	0.06679542	0.01703297	10.00	-16.30869
-0.9316399	10.00	-28.91722	-0.05087496	0.00	0.06234484	0.01700596	10.00	-16.25822
-0.9774193	10.00	-28.84994	-0.04577943	0.00	0.06727671	0.01695224	10.00	-16.15859
-0.9790593	10.00	-28.71967	-0.001640078	0.00	0.1302736	0.01692425	10.00	-16.10839
-0.9790593	10.00	-28.65987	0	0.00	0.05979855	0.01689701	10.00	-16.05881
-0.9790593	10.00	-28.60143	0	0.00	0.05843613	0.01687073	10.00	-16.01044
-0.9790593	10.00	-28.54507	0	0.00	0.05636548	0.01681593	10.00	-15.90887
-0.9790593	10.00	-28.42013	0	0.00	0.1249363	0.01678891	10.00	-15.85938
-0.9790593	10.00	-28.35541	0	0.00	0.06471755	0.01676326	10.00	-15.8118
-0.9790593	10.00	-28.29259	0	0.00	0.06282481	0.01670783	10.00	-15.71096
-0.9790593	10.00	-28.15814	0	0.00	0.1344529	0.01668179	10.00	-15.6629
-0.9790593	10.00	-28.09406	0	0.00	0.06407609	0.01662679	10.00	-15.56104
-0.9790593	10.00	-27.95825	0	0.00	0.1358119	0.01659956	10.00	-15.51182
-0.9790593	10.00	-27.89261	0	0.00	0.06563464	0.01657354	10.00	-15.46397
-0.9790593	10.00	-27.82882	0	0.00	0.06378873	0.01651986	10.00	-15.36442
-0.9790593	10.00	-27.69608	0	0.00	0.1327415	0.01649245	10.00	-15.31495
-0.9776065	10.00	-27.63013	0.001452885	0.00	0.06595456	0.01646573	10.00	-15.26587
-0.974264	10.00	-27.56469	0.003342457	0.00	0.06543929	0.01641137	10.00	-15.1656
-0.9583737	10.00	-27.431	0.01589038	0.00	0.1336927	0.01638572	10.00	-15.11862
-0.950927	10.00	-27.36835	0.007446659	0.00	0.06265202	0.01635849	10.00	-15.06849
-0.9429833	10.00	-27.30151	0.007943675	0.00	0.06683364	0.01630172	10.00	-14.96435
-0.9251348	10.00	-27.16266	0.01784851	0.00	0.1388554	0.01627766	10.00	-14.91975
-0.9169153	10.00	-27.10319	0.00821952	0.00	0.05946556	0.01625065	10.00	-14.87028
-0.9071597	10.00	-27.03723	0.0097555	0.00	0.06595739	0.01619538	10.00	-14.76866
-0.8858082	10.00	-26.90174	0.02135159	0.00	0.1354891	0.01616859	10.00	-14.71956
-0.8754912	10.00	-26.83628	0.01031697	0.00	0.0654676	0.01614302	10.00	-14.67222
-0.8655421	10.00	-26.77314	0.009949114	0.00	0.06313331	0.01608788	10.00	-14.57156
-0.8443922	10.00	-26.63893	0.02114993	0.00	0.1342094	0.01606095	10.00	-14.52221
-0.8340237	10.00	-26.57314	0.0103685	0.00	0.0657946	0.01603311	10.00	-14.47062
-0.8231834	10.00	-26.50435	0.01084032	0.00	0.06878854	0.01598014	10.00	-14.37302
-0.8026752	10.00	-26.37421	0.02050813	0.00	0.1301368	0.01595435	10.00	-14.32541
-0.7926721	10.00	-26.31074	0.0100031	0.00	0.06347588	0.01592677	10.00	-14.27421
-0.7819135	10.00	-26.24247	0.01075867	0.00	0.06827044	0.01587179	10.00	-14.17474
-0.7610132	10.00	-26.10984	0.0209003	0.00	0.1326254	0.01584555	10.00	-14.12704
-0.750992	10.00	-26.04625	0.01002117	0.00	0.06359055	0.01579119	10.00	-14.02543
-0.7296406	10.00	-25.91076	0.02135137	0.00	0.1354877	0.01575482	10.00	-13.95981
-0.7158539	10.00	-25.82328	0.01378675	0.00	0.08748548	0.01570943	10.00	-13.87597
-0.6982364	10.00	-25.71148	0.01761747	0.00	0.1117938	0.01567774	10.00	-13.81759
-0.6859695	10.00	-25.63364	0.01226691	0.00	0.07784116	0.01562932	10.00	-13.72864
-0.6672797	10.00	-25.51505	0.01868981	0.00	0.1185985	0.01560309	10.00	-13.68005
-0.6570711	10.00	-25.45027	0.01020856	0.00	0.06477963	0.0155481	10.00	-13.57905
-0.6358485	10.00	-25.31559	0.02122265	0.00	0.1346709	0.01551381	10.00	-13.51509
-0.6224086	10.00	-25.23031	0.01343986	0.00	0.08528426	0.01546704	10.00	-13.43082
-0.6047017	10.00	-25.11795	0.01770692	0.00	0.1123614	0.01543168	10.00	-13.366
-0.5910823	10.00	-25.03152	0.01361944	0.00	0.08642381	0.01538654	10.00	-13.28364
-0.5737769	10.00	-24.92171	0.01730538	0.00	0.1098134	0.0153591	10.00	-13.23194
-0.5629131	10.00	-24.85277	0.01086374	0.00	0.06893718	0.01532463	10.00	-13.16862
-0.5496082	10.00	-24.76835	0.0133049	0.00	0.08442784	0.01527839	10.00	-13.08347
-0.5317177	10.00	-24.65482	0.01789051	0.00	0.1135264	0.01525237	10.00	-13.03589
-0.5217202	10.00	-24.59138	0.009997522	0.00	0.06344049	0.01519733	10.00	-12.93468
-0.5004525	10.00	-24.45642	0.02126771	0.00	0.1349569	0.01517144	10.00	-12.88732
-0.4905018	10.00	-24.39328	0.009950676	0.00	0.06314322	0.01511681	10.00	-12.78691
-0.469405	10.00	-24.25941	0.02109683	0.00	0.1338725	0.01508958	10.00	-12.73688
-0.4588928	10.00	-24.1927	0.01051217	0.00	0.06670623	0.0150635	10.00	-12.68905
-0.448842	10.00	-24.12892	0.01005084	0.00	0.06377882	0.0150366	10.00	-12.63904
-0.438336	10.00	-24.06226	0.01050592	0.00	0.0666666	0.01498215	10.00	-12.53881
-0.4172745	10.00	-23.92861	0.02106159	0.00	0.1336489	0.01495424	10.00	-12.48849
-0.4067005	10.00	-23.86151	0.01057396	0.00	0.06709835	0.01492913	10.00	-12.44168
-0.3968647	10.00	-23.79909	0.00983579	0.00	0.0624142	0.01490143	10.00	-12.39102
-0.38622	10.00	-23.73155	0.01064468	0.00	0.06754708	0.0148468	10.00	-12.29031
-0.3650605	10.00	-23.59728	0.02115952	0.00	0.1342703	0.01481998	10.00	-12.24127
-0.3566549	10.00	-23.53188	0.008405583	0.00	0.06539258	0.01476634	10.00	-12.14231
-0.3460824	10.00	-23.39993	0.01057251	0.00	0.1319488	0.01473999	10.00	-12.0941
-0.3421766	10.00	-23.33565	0.003905828	0.00	0.06428277	0.01468468	10.00	-11.99239
-0.3339367	10.00	-23.20004	0.008239903	0.00	0.1356137	0.01465848	10.00	-11.94409
-0.3300236	10.00	-23.14624	0.003913053	0.00	0.05380058	0.01463022	10.00	-11.89287
-0.3258747	10.00	-23.09911	0.004148894	0.00	0.04712548	0.01457709	10.00	-11.79515
-0.3179581	10.00	-23.06975	0.007916675	0.00	0.02936424	0.01455108	10.00	-11.74735
-0.3147026	10.00	-23.06975	0.003255476	0.00	0	0.01452212	10.00	-11.69388
-0.3110609	10.00	-23.06975	0.00364165	0.00	0	0.01446899	10.00	-11.59659
-0.3082035	10.00	-23.06975	0.002857405	0.00	0	0.01444334	10.00	-11.54911
-0.3082035	10.00	-23.06975	0	0.00	0	0.01438849	10.00	-11.44791
-0.3082035	10.00	-23.06975	0	0.00	0	0.01436191	10.00	-11.39983
-0.3082035	10.00	-23.06975	0	0.00	0	0.01430659	10.00	-11.29911
-0.3082035	10.00	-23.06975	0	0.00	0	0.01428121	10.00	-11.25174
-0.3082035	10.00	-23.06975	0	0.00	0	0.01422691	10.00	-11.15119
-0.3082035	10.00	-23.06975	0	0.00	0	0.01420041	10.00	-11.10298
-0.3082035	10.00	-23.06975	0	0.00	0	0.01414562	10.00	-11.00232
-0.3644433	10.00	-23.06975	-0.05623974	0.00	0	0.01411932	10.00	-10.95317
-0.4179254	10.00	-23.05054	-0.05348213	0.00	0.01921295	0.01406382	10.00	-10.85182
-0.5517381	10.00	-22.95859	-0.1338127	0.00	0.09194513	0.01403168	10.00	-10.79336
-0.6296826	10.00	-22.898	-0.07794449	0.00	0.06058576	0.01399616	10.00	-10.72771
-0.7078954	10.00	-22.81386	-0.07821279	0.00	0.08414603	0.013957	10.00	-10.65505
-0.7954003	10.00	-22.71791	-0.08750494	0.00	0.09594819	0.0139273	10.00	-10.602
-0.8633875	10.00	-22.64718	-0.06798713	0.00	0.07072647	0.01387584	10.00	-10.50685
-0.9460306	10.00	-22.52032	-0.0826431	0.00	0.1268668	0.01384887	10.00	-10.45684
-0.9823652	10.00	-22.45364	-0.03633464	0.00	0.06668075	0.01382283	10.00	-10.40928
-1.013235	10.00	-22.39022	-0.03087019	0.00	0.0634136	0.01376798	10.00	-10.30836
-1.018806	10.00	-22.25566	-0.005570336	0.00	0.1345676	0.01373986	10.00	-10.25636
-1.018806	10.00	-22.18633	0	0.00	0.06932647	0.01371432	10.00	-10.21012
-1.018806	10.00	-22.12468	0	0.00	0.06164696	0.01366047	10.00	-10.11097
-1.018806	10.00	-21.99248	0	0.00	0.1322036	0.01362836	10.00	-10.05143
-1.018806	10.00	-21.91308	0	0.00	0.07939688	0.01355893	10.00	-9.92467
-1.018806	10.00	-21.74407	0	0.00	0.1690072	0.01353509	10.00	-9.88042
-1.018806	10.00	-21.68507	0	0.00	0.05900125	0.01349873	10.00	-9.813066
-1.018806	10.00	-21.59527	0	0.00	0.08980562	0.01345416	10.00	-9.731189
-1.018806	10.00	-21.4861	0	0.00	0.1091679	0.01341742	10.00	-9.663645
-1.016822	10.00	-21.39604	0.001983871	0.00	0.090059	0.01337993	10.00	-9.595325
-1.016822	10.00	-21.30495	0	0.00	0.09109238	0.01333696	10.00	-9.516161
-1.016822	10.00	-21.19939	0	0.00	0.1055525	0.01331004	10.00	-9.466468
-1.016822	10.00	-21.13313	0	0.00	0.06626174	0.01328309	10.00	-9.417853
-1.016822	10.00	-21.06831	0	0.00	0.06481927	0.01322879	10.00	-9.317042
-1.013861	10.00	-20.9339	0.002960932	0.00	0.1344133	0.01320236	10.00	-9.268688
-1.009944	10.00	-20.86943	0.003917267	0.00	0.06447104	0.01317515	10.00	-9.21876
-1.002676	10.00	-20.80286	0.007267941	0.00	0.06657175	0.013121	10.00	-9.11899
-0.9830003	10.00	-20.66983	0.01967536	0.00	0.133026	0.01309379	10.00	-9.06977
-0.9732934	10.00	-20.6042	0.009706926	0.00	0.06562898	0.01306674	10.00	-9.01962
-0.9634037	10.00	-20.53734	0.009889708	0.00	0.06686477	0.01301234	10.00	-8.920083
-0.9437742	10.00	-20.40462	0.0196295	0.00	0.132716	0.01298546	10.00	-8.870267
-0.9339505	10.00	-20.3382	0.009823756	0.00	0.06641887	0.01295958	10.00	-8.822656
-0.9245607	10.00	-20.27472	0.009389726	0.00	0.06348438	0.01290419	10.00	-8.721117
-0.9045365	10.00	-20.13934	0.02002417	0.00	0.1353844	0.01287879	10.00	-8.673292
-0.8957228	10.00	-20.07557	0.008813756	0.00	0.06376466	0.01282332	10.00	-8.572567
-0.8771594	10.00	-19.94127	0.01856338	0.00	0.1343	0.01279652	10.00	-8.522839
-0.8679944	10.00	-19.87496	0.009164975	0.00	0.06630562	0.01276701	10.00	-8.468774
-0.8601244	10.00	-19.80288	0.007870048	0.00	0.07208684	0.01271569	10.00	-8.373951
-0.8601244	10.00	-19.67645	0	0.00	0.1264294	0.01268908	10.00	-8.325357
-0.8601244	10.00	-19.61166	0	0.00	0.06479096	0.01263459	10.00	-8.226385
-0.8601244	10.00	-19.47969	0	0.00	0.1319657	0.01260666	10.00	-8.17433
-0.8601244	10.00	-19.41029	0	0.00	0.06940432	0.01255386	10.00	-8.077365
-0.8601244	10.00	-19.281	0	0.00	0.1292889	0.01252334	10.00	-8.021386
-0.8601244	10.00	-19.20636	0	0.00	0.0746363	0.01247153	10.00	-7.925427
-0.8601244	10.00	-19.07842	0	0.00	0.1279455	0.01244039	10.00	-7.868824
-0.8625178	10.00	-19.00294	-0.002393355	0.00	0.0754729	0.01239107	10.00	-7.778568
-0.8873087	10.00	-18.8826	-0.02479095	0.00	0.1203424	0.01236589	10.00	-7.731665
-0.9092742	10.00	-18.82006	-0.02196554	0.00	0.06253594	0.0123087	10.00	-7.626938
-0.981306	10.00	-18.68043	-0.07203169	0.00	0.1396353	0.01225331	10.00	-7.525128
-1.064476	10.00	-18.54468	-0.08316994	0.00	0.1357467	0.01220203	10.00	-7.43076
-1.145222	10.00	-18.41886	-0.08074607	0.00	0.125825	0.01217219	10.00	-7.376423
-1.193118	10.00	-18.35062	-0.04789611	0.00	0.06824013	0.01212182	10.00	-7.283138
-1.275345	10.00	-18.25635	-0.08222727	0.00	0.09427082	0.0120953	10.00	-7.234263
-1.318426	10.00	-18.2139	-0.0430803	0.00	0.04244932	0.01204187	10.00	-7.136023
-1.394876	10.00	-18.15647	-0.07644989	0.00	0.05742462	0.0120133	10.00	-7.084173
-1.416481	10.00	-18.13286	-0.0216054	0.00	0.02361365	0.01195849	10.00	-6.982569
-1.416481	10.00	-18.12201	0	0.00	0.01085483	0.01193333	10.00	-6.936748
-1.416481	10.00	-18.12201	0	0.00	0	0.01189936	10.00	-6.875166
-1.416481	10.00	-18.12201	0	0.00	0	0.01185293	10.00	-6.78906
-1.416481	10.00	-18.12201	0	0.00	0	0.01182688	10.00	-6.740869
-1.416481	10.00	-18.12201	0	0.00	0	0.01177219	10.00	-6.640352
-1.416481	10.00	-18.12201	0	0.00	0	0.01174471	10.00	-6.591264
-1.416481	10.00	-18.12201	0	0.00	0	0.01169053	10.00	-6.491105
-1.416481	10.00	-18.12201	0	0.00	0	0.01165643	10.00	-6.428128
-1.416481	10.00	-18.12201	0	0.00	0	0.01160964	10.00	-6.34225
-1.416481	10.00	-18.10839	0	0.00	0.01360989	0.01157498	10.00	-6.278499
-1.416481	10.00	-18.09006	0	0.00	0.01833328	0.01152852	10.00	-6.193018
-1.416481	10.00	-18.05113	0	0.00	0.03892979	0.01149318	10.00	-6.128568
-1.416481	10.00	-18.01512	0	0.00	0.03600807	0.0114487	10.00	-6.046369
-1.416481	10.00	-17.95753	0	0.00	0.05759809	0.01141346	10.00	-5.982046
-1.416481	10.00	-17.90747	0	0.00	0.05005587	0.01136659	10.00	-5.895292
-1.416481	10.00	-17.83212	0	0.00	0.07534998	0.01134098	10.00	-5.848256
-1.416481	10.00	-17.79066	0	0.00	0.04146037	0.01131632	10.00	-5.797197
-1.416481	10.00	-17.7384	0	0.00	0.05225844	0.01126932	10.00	-5.69926
-1.416481	10.00	-17.61541	0	0.00	0.1229949	0.01124561	10.00	-5.64954
-1.416481	10.00	-17.54975	0	0.00	0.06565238	0.01122245	10.00	-5.601398
-1.416481	10.00	-17.48557	0	0.00	0.06418934	0.01119886	10.00	-5.551422
-1.416481	10.00	-17.41893	0	0.00	0.06663545	0.01117527	10.00	-5.501477
-1.416481	10.00	-17.35233	0	0.00	0.06659298	0.01112745	10.00	-5.402074
-1.416481	10.00	-17.2198	0	0.00	0.1325376	0.01110344	10.00	-5.351725
-1.416481	10.00	-17.15267	0	0.00	0.06713091	0.0110808	10.00	-5.303884
-1.416481	10.00	-17.08888	0	0.00	0.06378873	0.01105639	10.00	-5.253829
-1.416481	10.00	-17.02214	0	0.00	0.06673879	0.01100844	10.00	-5.153611
-1.416481	10.00	-16.88852	0	0.00	0.1336248	0.01098504	10.00	-5.104385
-1.416481	10.00	-16.82288	0	0.00	0.06563464	0.01093724	10.00	-5.003401
-1.416481	10.00	-16.68823	0	0.00	0.1346454	0.01091422	10.00	-4.95587
-1.416481	10.00	-16.62486	0	0.00	0.06337538	0.01086653	10.00	-4.8562
-1.416481	10.00	-16.49197	0	0.00	0.132893	0.01084277	10.00	-4.807329
-1.416481	10.00	-16.42681	0	0.00	0.06516184	0.01079464	10.00	-4.706923
-1.416481	10.00	-16.29293	0	0.00	0.1338739	0.01077239	10.00	-4.658877
-1.416481	10.00	-16.22887	0	0.00	0.06406193	0.01072272	10.00	-4.555441
-1.416481	10.00	-16.09095	0	0.00	0.1379154	0.01069682	10.00	-4.50211
-1.416481	10.00	-16.01985	0	0.00	0.07110726	0.01066523	10.00	-4.434692
-1.416481	10.00	-15.92996	0	0.00	0.08989055	0.01062958	10.00	-4.360963
-1.416481	10.00	-15.83165	0	0.00	0.09830474	0.01060497	10.00	-4.308635
-1.416481	10.00	-15.76188	0	0.00	0.06977237	0.01055861	10.00	-4.211394
-1.416481	10.00	-15.63222	0	0.00	0.1296541	0.01053592	10.00	-4.163345
-1.416481	10.00	-15.56816	0	0.00	0.06406476	0.01048617	10.00	-4.061213
-1.416481	10.00	-15.43198	0	0.00	0.1361757	0.0104642	10.00	-4.01466
-1.416481	10.00	-15.36991	0	0.00	0.06207163	0.01041615	10.00	-3.914043
-1.416481	10.00	-15.23576	0	0.00	0.1341556	0.0103932	10.00	-3.865389
-1.416481	10.00	-15.17089	0	0.00	0.06487165	0.01036697	10.00	-3.811923
-1.416481	10.00	-15.0996	0	0.00	0.07128845	0.01032039	10.00	-3.714484
-1.416481	10.00	-14.96968	0	0.00	0.1299202	0.01029727	10.00	-3.665193
-1.416481	10.00	-14.90396	0	0.00	0.06571957	0.0102731	10.00	-3.614747
-1.416481	10.00	-14.8367	0	0.00	0.06726114	0.010226	10.00	-3.516979
-1.416481	10.00	-14.70634	0	0.00	0.1303577	0.01020268	10.00	-3.468173
-1.416481	10.00	-14.64126	0	0.00	0.06507549	0.01015554	10.00	-3.368857
-1.416481	10.00	-14.50884	0	0.00	0.1324216	0.01013277	10.00	-3.321143
-1.416481	10.00	-14.44522	0	0.00	0.06361886	0.01010786	10.00	-3.269418
-1.416481	10.00	-14.37626	0	0.00	0.06896691	0.01006072	10.00	-3.170789
-1.416481	10.00	-14.24475	0	0.00	0.1315043	0.01003721	10.00	-3.121479
-1.416481	10.00	-14.179	0	0.00	0.06574647	0.009989817	10.00	-3.022252
-1.416481	10.00	-14.0467	0	0.00	0.1323027	0.009966227	10.00	-2.972935
-1.416481	10.00	-13.98094	0	0.00	0.0657578	0.00991722	10.00	-2.870927
-1.416481	10.00	-13.84493	0	0.00	0.1360101	0.009890731	10.00	-2.814835
-1.416481	10.00	-13.77014	0	0.00	0.07478917	0.009846396	10.00	-2.722451
-1.416481	10.00	-13.64697	0	0.00	0.1231778	0.009816618	10.00	-2.66046
-1.416481	10.00	-13.56431	0	0.00	0.08265553	0.009779989	10.00	-2.576115
-1.416481	10.00	-13.45185	0	0.00	0.1124591	0.009749646	10.00	-2.506427
-1.416481	10.00	-13.35893	0	0.00	0.09291847	0.009714769	10.00	-2.425645
-1.416481	10.00	-13.25122	0	0.00	0.1077098	0.009689701	10.00	-2.367934
-1.416481	10.00	-13.17428	0	0.00	0.07694793	0.009650366	10.00	-2.276342
-1.416481	10.00	-13.05215	0	0.00	0.1221218	0.009624403	10.00	-2.216271
-1.416481	10.00	-12.97206	0	0.00	0.08009476	0.009586179	10.00	-2.128948
-1.416481	10.00	-12.85563	0	0.00	0.1164312	0.009565334	10.00	-2.081389
-1.416481	10.00	-12.79222	0	0.00	0.06341218	0.009521134	10.00	-1.979782
-1.416481	10.00	-12.65674	0	0.00	0.1354764	0.009500582	10.00	-1.932443
-1.416481	10.00	-12.59362	0	0.00	0.06311774	0.009457238	10.00	-1.831429
-1.416481	10.00	-12.45894	0	0.00	0.1346865	0.009436511	10.00	-1.783587
-1.416481	10.00	-12.39515	0	0.00	0.06378731	0.009392349	10.00	-1.68231
-1.416481	10.00	-12.26011	0	0.00	0.1350375	0.009371661	10.00	-1.634894
-1.416481	10.00	-12.19689	0	0.00	0.06322108	0.009327753	10.00	-1.533706
-1.416481	10.00	-12.06197	0	0.00	0.1349172	0.009307141	10.00	-1.48593
-1.416481	10.00	-11.99827	0	0.00	0.06370096	0.009285246	10.00	-1.436026
-1.416481	10.00	-11.93173	0	0.00	0.06653919	0.009241279	10.00	-1.33358
-1.416481	10.00	-11.79514	0	0.00	0.1365947	0.00921588	10.00	-1.275242
-1.416481	10.00	-11.71735	0	0.00	0.07778454	0.009177383	10.00	-1.187045
-1.416481	10.00	-11.59976	0	0.00	0.1175962	0.009156538	10.00	-1.139372
-1.416481	10.00	-11.53619	0	0.00	0.06356365	0.009113078	10.00	-1.038227
-1.416481	10.00	-11.40133	0	0.00	0.1348592	0.009092292	10.00	-0.9907712
-1.416481	10.00	-11.33806	0	0.00	0.06327488	0.009047956	10.00	-0.889079
-1.416481	10.00	-11.20247	0	0.00	0.1355896	0.00902752	10.00	-0.8418352
-1.416481	10.00	-11.13948	0	0.00	0.06299176	0.008983768	10.00	-0.7417481
-1.416481	10.00	-11.00603	0	0.00	0.1334493	0.008963254	10.00	-0.6930797
-1.416481	10.00	-10.94114	0	0.00	0.06489147	0.008919073	10.00	-0.5914129
-1.416481	10.00	-10.80558	0	0.00	0.1355557	0.008898696	10.00	-0.5437199
-1.416481	10.00	-10.74199	0	0.00	0.06359055	0.008854146	10.00	-0.4425184
-1.416481	10.00	-10.60705	0	0.00	0.1349356	0.008834255	10.00	-0.3956579
-1.416481	10.00	-10.54457	0	0.00	0.06248074	0.008790678	10.00	-0.2945092
-1.420758	10.00	-10.40971	-0.004276761	0.00	0.1348649	0.008769152	10.00	-0.2450549
-1.429872	10.00	-10.34377	-0.009114298	0.00	0.06593899	0.008725828	10.00	-0.145363
-1.49458	10.00	-10.21085	-0.0647077	0.00	0.1329227	0.008705509	10.00	-0.09902488
-1.527648	10.00	-10.14906	-0.03306827	0.00	0.06178427	0.008661465	10.00	0.003136577
-1.625613	10.00	-10.01285	-0.09796554	0.00	0.1362153	0.008639978	10.00	0.05170854
-1.677834	10.00	-9.948086	-0.05222086	0.00	0.06476264	0.008618725	10.00	0.1010756
-1.732822	10.00	-9.882263	-0.05498787	0.00	0.06582291	0.008575556	10.00	0.2008939
-1.856892	10.00	-9.749171	-0.1240702	0.00	0.1330911	0.008554011	10.00	0.2496528
-1.918757	10.00	-9.68416	-0.06186428	0.00	0.06501178	0.008533088	10.00	0.2985432
-1.98205	10.00	-9.618973	-0.06329372	0.00	0.06518732	0.008489161	10.00	0.398936
-2.115907	10.00	-9.485116	-0.133857	0.00	0.133857	0.008467947	10.00	0.4482448
-2.181652	10.00	-9.421917	-0.06574506	0.00	0.06319865	0.008425518	10.00	0.547063
-2.307031	10.00	-9.311848	-0.1253787	0.00	0.1100692	0.00840444	10.00	0.5949969
-2.369705	10.00	-9.262789	-0.06267418	0.00	0.04905945	0.00836022	10.00	0.6966382
-2.505227	10.00	-9.167946	-0.1355217	0.00	0.09484222	0.008339823	10.00	0.7437067
-2.567985	10.00	-9.127672	-0.06275818	0.00	0.04027401	0.008294631	10.00	0.8482083
-2.70732	10.00	-9.051747	-0.1393352	0.00	0.07592439	0.008264931	10.00	0.9161326
-2.797886	10.00	-9.008536	-0.09056578	0.00	0.04321112	0.008231377	10.00	0.9935279
-2.90108	10.00	-8.967294	-0.1031941	0.00	0.04124269	0.008198076	10.00	1.070919
-3.004269	10.00	-8.929051	-0.1031885	0.00	0.03824293	0.008166605	10.00	1.14359
-3.101164	10.00	-8.896894	-0.09689482	0.00	0.03215754	0.008123671	10.00	1.241697
-3.231973	10.00	-8.863613	-0.1308092	0.00	0.0332802	0.008096384	10.00	1.304302
-3.315447	10.00	-8.846417	-0.08347374	0.00	0.01719587	0.0080603	10.00	1.387842
-3.426833	10.00	-8.826707	-0.1113861	0.00	0.0197103	0.008038307	10.00	1.438802
-3.494779	10.00	-8.815342	-0.06794628	0.00	0.0113655	0.008017696	10.00	1.486869
-3.558869	10.00	-8.805862	-0.06409024	0.00	0.009479337	0.00799617	10.00	1.536353
-3.624848	10.00	-8.797381	-0.06597862	0.00	0.008480914	0.00795271	10.00	1.636724
-3.758675	10.00	-8.780179	-0.1338272	0.00	0.01720219	0.007930445	10.00	1.687372
-3.826206	10.00	-8.771499	-0.06753151	0.00	0.008680522	0.007909521	10.00	1.736028
-3.889196	10.00	-8.76316	-0.06298996	0.00	0.008338986	0.007887976	10.00	1.78483
-3.942294	10.00	-8.754796	-0.05309746	0.00	0.008363915	0.007867074	10.00	1.834371
-3.975729	10.00	-8.747584	-0.03343529	0.00	0.007211532	0.007822971	10.00	1.93475
-3.975729	10.00	-8.747584	0	0.00	0	0.00780164	10.00	1.98426
-3.975729	10.00	-8.747584	0	0.00	0	0.007780231	10.00	2.034347
-3.975729	10.00	-8.747584	0	0.00	0	0.007757849	10.00	2.085203
-3.975729	10.00	-8.747584	0	0.00	0	0.007715031	10.00	2.183946
-3.975729	10.00	-8.747584	0	0.00	0	0.007693388	10.00	2.234386
-3.975729	10.00	-8.747584	0	0.00	0	0.007650959	10.00	2.332718
-3.956337	10.00	-8.745966	0.01939187	0.00	0.001618635	0.007628324	10.00	2.382889
-3.938023	10.00	-8.744492	0.01831462	0.00	0.00147359	0.00758537	10.00	2.48178
-3.886602	10.00	-8.744492	0.05142071	0.00	0	0.007565518	10.00	2.529361
-3.859405	10.00	-8.744492	0.02719756	0.00	0	0.007521298	10.00	2.630948
-3.767236	10.00	-8.744492	0.09216861	0.00	0	0.00749987	10.00	2.680175
-3.721937	10.00	-8.744492	0.04529857	0.00	0	0.00745713	10.00	2.777845
-3.633322	10.00	-8.744492	0.08861517	0.00	0	0.007436421	10.00	2.826239
-3.59004	10.00	-8.744492	0.04328209	0.00	0	0.007393117	10.00	2.926281
-3.500565	10.00	-8.744492	0.08947548	0.00	0	0.00737237	10.00	2.974859
-3.458373	10.00	-8.744492	0.04219204	0.00	0	0.007350338	10.00	3.024914
-3.414251	10.00	-8.744492	0.04412188	0.00	0	0.007306878	10.00	3.125418
-3.32566	10.00	-8.744492	0.08859096	0.00	0	0.007285916	10.00	3.173487
-3.290115	10.00	-8.744492	0.03554442	0.00	0	0.007241444	10.00	3.27458
-3.271484	10.00	-8.6345	0.01863108	0.00	0.1099919	0.007221319	10.00	3.321973
-3.271484	10.00	-8.576816	0	0.00	0.05768448	0.007177781	10.00	3.423191
-3.271484	10.00	-8.441857	0	0.00	0.1349583	0.007156333	10.00	3.472032
-3.271484	10.00	-8.376737	0	0.00	0.06512079	0.007134223	10.00	3.522442
-3.271484	10.00	-8.309524	0	0.00	0.06721301	0.007091425	10.00	3.621569
-3.271484	10.00	-8.177354	0	0.00	0.1321696	0.007070833	10.00	3.668884
-3.271484	10.00	-8.114267	0	0.00	0.0630866	0.007027334	10.00	3.769021
-3.271484	10.00	-7.98075	0	0.00	0.1335172	0.007006879	10.00	3.817187
-3.271484	10.00	-7.91653	0	0.00	0.06422048	0.006962971	10.00	3.918016
-3.271484	10.00	-7.782091	0	0.00	0.1344388	0.006941776	10.00	3.966594
-3.271484	10.00	-7.717321	0	0.00	0.06476972	0.006898296	10.00	4.06652
-3.271484	10.00	-7.584085	0	0.00	0.1332355	0.006877374	10.00	4.114352
-3.271484	10.00	-7.520309	0	0.00	0.06377599	0.006833894	10.00	4.215295
-3.271484	10.00	-7.385718	0	0.00	0.1345916	0.006813049	10.00	4.263961
-3.271484	10.00	-7.320831	0	0.00	0.06488722	0.00676846	10.00	4.366589
-3.271484	10.00	-7.183994	0	0.00	0.1368367	0.006743256	10.00	4.424213
-3.271484	10.00	-7.107161	0	0.00	0.07683327	0.00670363	10.00	4.515504
-3.271484	10.00	-6.985441	0	0.00	0.1217198	0.00667755	10.00	4.575901
-3.271484	10.00	-6.90491	0	0.00	0.08053076	0.006640045	10.00	4.662738
-3.281882	10.00	-6.789129	-0.01039819	0.00	0.1157815	0.00661196	10.00	4.726598
-3.293652	10.00	-6.70398	-0.01176948	0.00	0.08514837	0.006576538	10.00	4.808573
-3.314051	10.00	-6.594681	-0.0203994	0.00	0.1092995	0.006547344	10.00	4.875744
-3.335103	10.00	-6.505119	-0.02105176	0.00	0.08956214	0.006509236	10.00	4.96406
-3.377604	10.00	-6.387364	-0.04250117	0.00	0.1177548	0.006471848	10.00	5.049476
-3.422018	10.00	-6.273475	-0.04441417	0.00	0.1138888	0.006446566	10.00	5.107869
-3.454642	10.00	-6.19562	-0.03262347	0.00	0.07785532	0.00642613	10.00	5.154843
-3.482706	10.00	-6.132987	-0.02806396	0.00	0.0626322	0.006404799	10.00	5.205381
-3.514204	10.00	-6.065603	-0.0314982	0.00	0.0673843	0.006382611	10.00	5.255186
-3.545245	10.00	-5.999197	-0.03104097	0.00	0.06640613	0.006339949	10.00	5.35477
-3.615026	10.00	-5.866417	-0.06978086	0.00	0.1327797	0.006317956	10.00	5.404815
-3.650739	10.00	-5.799691	-0.03571322	0.00	0.06672605	0.006297209	10.00	5.453041
-3.685778	10.00	-5.735389	-0.03503876	0.00	0.06430259	0.006275527	10.00	5.502407
-3.724193	10.00	-5.669569	-0.03841497	0.00	0.06582008	0.006253924	10.00	5.55213
-3.764813	10.00	-5.60327	-0.0406201	0.00	0.06629854	0.006210716	10.00	5.651923
-3.852778	10.00	-5.470212	-0.08796488	0.00	0.1330586	0.006189502	10.00	5.70129
-3.896291	10.00	-5.404392	-0.04351359	0.00	0.06582008	0.006167937	10.00	5.75055
-3.939712	10.00	-5.338712	-0.04342094	0.00	0.06567994	0.006124964	10.00	5.850415
-4.032898	10.00	-5.205557	-0.09318582	0.00	0.1331548	0.006102815	10.00	5.900633
-4.079757	10.00	-5.1386	-0.04685841	0.00	0.06695679	0.006082106	10.00	5.948869
-4.124764	10.00	-5.074287	-0.04500785	0.00	0.06431249	0.006061087	10.00	5.997782
-4.170407	10.00	-5.009068	-0.04564287	0.00	0.06521988	0.006038938	10.00	6.048048
-4.21731	10.00	-4.942047	-0.04690299	0.00	0.06702049	0.005995381	10.00	6.147943
-4.310525	10.00	-4.808851	-0.09321455	0.00	0.1331959	0.005974478	10.00	6.198089
-4.357315	10.00	-4.741992	-0.04679005	0.00	0.06685911	0.005953731	10.00	6.244946
-4.401037	10.00	-4.679517	-0.04372197	0.00	0.06247507	0.005932049	10.00	6.294923
-4.447671	10.00	-4.61288	-0.04663452	0.00	0.06663687	0.005888102	10.00	6.395071
-4.541121	10.00	-4.479349	-0.09344934	0.00	0.1335314	0.005866927	10.00	6.44513
-4.587831	10.00	-4.412604	-0.04670981	0.00	0.06674445	0.005846374	10.00	6.492934
-4.632437	10.00	-4.348865	-0.04460663	0.00	0.06373918	0.005824361	10.00	6.543561
-4.679678	10.00	-4.281362	-0.0472408	0.00	0.0675032	0.005802777	10.00	6.592316
-4.725171	10.00	-4.216356	-0.04549327	0.00	0.06500612	0.005759764	10.00	6.692002
-4.798884	10.00	-4.083442	-0.07371252	0.00	0.1329142	0.005738025	10.00	6.743016
-4.834631	10.00	-4.015422	-0.03574708	0.00	0.06801989	0.005717122	10.00	6.790273
-4.867134	10.00	-3.952413	-0.03250342	0.00	0.06300875	0.005695499	10.00	6.840263
-4.901518	10.00	-3.885759	-0.03438377	0.00	0.06665386	0.0056737	10.00	6.890539
-4.934801	10.00	-3.818723	-0.03328273	0.00	0.06703606	0.005630162	10.00	6.990074
-4.983986	10.00	-3.68601	-0.04918515	0.00	0.1327132	0.0056085	10.00	7.040218
-5.002938	10.00	-3.619152	-0.01895192	0.00	0.0668577	0.00558824	10.00	7.087716
-5.01905	10.00	-3.555822	-0.0161123	0.00	0.06333008	0.005566052	10.00	7.138012
-5.035462	10.00	-3.488762	-0.01641196	0.00	0.06706013	0.005522981	10.00	7.237131
-5.067806	10.00	-3.356602	-0.03234409	0.00	0.1321597	0.005500949	10.00	7.287815
-5.082382	10.00	-3.289024	-0.0145757	0.00	0.06757823	0.005480649	10.00	7.335486
-5.095476	10.00	-3.225462	-0.01309404	0.00	0.06356224	0.005459026	10.00	7.385209
-5.10785	10.00	-3.159165	-0.01237354	0.00	0.06629713	0.005415235	10.00	7.485205
-5.130151	10.00	-3.025837	-0.02230194	0.00	0.1333275	0.005393476	10.00	7.536414
-5.139589	10.00	-2.95756	-0.009437538	0.00	0.06827752	0.005373215	10.00	7.583343
-5.14642	10.00	-2.894986	-0.006831506	0.00	0.06257416	0.005351514	10.00	7.633324
-5.14642	10.00	-2.828344	0	0.00	0.06664111	0.005308852	10.00	7.732727
-5.14642	10.00	-2.695807	0	0.00	0.1325376	0.005286197	10.00	7.783779
-5.14642	10.00	-2.627737	0	0.00	0.06806944	0.005265567	10.00	7.831039
-5.14642	10.00	-2.564726	0	0.00	0.06301158	0.005244158	10.00	7.881032
-5.14642	10.00	-2.498068	0	0.00	0.0666581	0.005200814	10.00	7.980671
-5.14642	10.00	-2.365216	0	0.00	0.1328519	0.005178744	10.00	8.032084
-5.14642	10.00	-2.299983	0	0.00	0.06523323	0.005144158	10.00	8.111114
-5.094105	10.00	-2.299983	0.05231579	0.00	0	0.005093399	10.00	8.228127
-4.997004	10.00	-2.299983	0.09710041	0.00	0	0.005068935	10.00	8.284163
-4.950504	10.00	-2.299983	0.04649966	0.00	0	0.005028083	10.00	8.378069
-4.875003	10.00	-2.299983	0.07550136	0.00	0	0.004996086	10.00	8.453027
-4.814737	10.00	-2.299983	0.06026639	0.00	0	0.004963602	10.00	8.526862
-4.755374	10.00	-2.299983	0.05936243	0.00	0	0.004935089	10.00	8.593168
-4.702918	10.00	-2.299983	0.05245607	0.00	0	0.004898811	10.00	8.677163
-4.636471	10.00	-2.299983	0.06644694	0.00	0	0.004877441	10.00	8.726525
-4.597422	10.00	-2.299983	0.03904977	0.00	0	0.004833553	10.00	8.827065
-4.513993	10.00	-2.299983	0.08342892	0.00	0	0.004812357	10.00	8.87604
-4.473351	10.00	-2.299983	0.04064183	0.00	0	0.004769072	10.00	8.975504
-4.386961	10.00	-2.299983	0.08638971	0.00	0	0.004748676	10.00	9.022684
-4.345983	10.00	-2.299983	0.04097852	0.00	0	0.004704845	10.00	9.123652
-4.258285	10.00	-2.299983	0.08769821	0.00	0	0.004684331	10.00	9.170794
-4.217341	10.00	-2.299983	0.04094348	0.00	0	0.004640112	10.00	9.272226
-4.129241	10.00	-2.299983	0.08809935	0.00	0	0.004619404	10.00	9.320735
-4.087108	10.00	-2.299983	0.04213395	0.00	0	0.004575554	10.00	9.421152
-3.999892	10.00	-2.299983	0.08721595	0.00	0	0.004554924	10.00	9.468314
-3.958929	10.00	-2.299983	0.04096284	0.00	0	0.004511541	10.00	9.569976
-3.870628	10.00	-2.294372	0.08830037	0.00	0.005611061	0.00449056	10.00	9.617367
-3.829466	10.00	-2.28992	0.04116202	0.00	0.004451189	0.004447334	10.00	9.717514
-3.742483	10.00	-2.268878	0.08698357	0.00	0.02104285	0.004425613	10.00	9.766926
-3.699566	10.00	-2.256581	0.04291684	0.00	0.01229613	0.004402997	10.00	9.819355
-3.654705	10.00	-2.238119	0.04486064	0.00	0.01846207	0.00436088	10.00	9.915977
-3.57328	10.00	-2.195364	0.08142541	0.00	0.04275535	0.00433914	10.00	9.966193
-3.530962	10.00	-2.172495	0.04231827	0.00	0.02286905	0.004318977	10.00	10.01323
-3.491321	10.00	-2.150466	0.03964039	0.00	0.02202919	0.004274913	10.00	10.11411
-3.406304	10.00	-2.096707	0.0850177	0.00	0.0537588	0.004254361	10.00	10.16243
-3.366834	10.00	-2.064723	0.03946919	0.00	0.03198392	0.004210375	10.00	10.26333
-3.287011	10.00	-1.991413	0.07982384	0.00	0.07331026	0.004189725	10.00	10.31119
-3.249153	10.00	-1.955408	0.03785797	0.00	0.03600446	0.004144396	10.00	10.41531
-3.16678	10.00	-1.875724	0.0823729	0.00	0.07968427	0.004125556	10.00	10.45896
-3.13225	10.00	-1.842322	0.0345295	0.00	0.03340246	0.004103174	10.00	10.51033
-3.092272	10.00	-1.803007	0.0399781	0.00	0.03931484	0.004060531	10.00	10.60941
-3.015172	10.00	-1.723348	0.07710009	0.00	0.07965837	0.004039103	10.00	10.65862
-2.976878	10.00	-1.683784	0.03829351	0.00	0.03956414	0.003995701	10.00	10.75796
-2.902142	10.00	-1.603917	0.07473671	0.00	0.07986664	0.003974759	10.00	10.80644
-2.865667	10.00	-1.564939	0.03647494	0.00	0.03897857	0.003931298	10.00	10.90686
-2.790117	10.00	-1.475128	0.07554986	0.00	0.08981066	0.003909403	10.00	10.95661
-2.752687	10.00	-1.430633	0.03743026	0.00	0.0444956	0.003866974	10.00	11.05566
-2.678165	10.00	-1.342044	0.07452185	0.00	0.0885886	0.003845721	10.00	11.10405
-2.641757	10.00	-1.298764	0.03640784	0.00	0.04328019	0.003801677	10.00	11.20528
-2.565591	10.00	-1.208221	0.07616571	0.00	0.09054276	0.003777854	10.00	11.25993
-2.52448	10.00	-1.159349	0.04111178	0.00	0.04887205	0.003737294	10.00	11.35457
-2.453273	10.00	-1.074701	0.07120696	0.00	0.08464799	0.003717306	10.00	11.40134
-2.418085	10.00	-1.032872	0.03518732	0.00	0.04182928	0.003673281	10.00	11.50148
-2.342744	10.00	-0.943309	0.07534139	0.00	0.08956283	0.00365265	10.00	11.54966
-2.3065	10.00	-0.9002234	0.03624409	0.00	0.04308553	0.003608723	10.00	11.65113
-2.23015	10.00	-0.8094623	0.07634943	0.00	0.09076115	0.003586438	10.00	11.702
-2.191882	10.00	-0.7639706	0.03826817	0.00	0.04549167	0.003560709	10.00	11.76098
-2.147507	10.00	-0.7112187	0.04437555	0.00	0.05275188	0.00352299	10.00	11.84788
-2.082131	10.00	-0.6335034	0.06537516	0.00	0.07771537	0.00349473	10.00	11.91334
-2.032879	10.00	-0.5749545	0.04925203	0.00	0.05854885	0.003455571	10.00	12.00341
-1.965114	10.00	-0.4943972	0.06776587	0.00	0.08055736	0.003426318	10.00	12.07121
-1.914101	10.00	-0.4337555	0.05101251	0.00	0.06064164	0.003393095	10.00	12.14826
-1.856131	10.00	-0.3648433	0.05796978	0.00	0.06891216	0.003360125	10.00	12.22282
-1.800037	10.00	-0.2981607	0.05609427	0.00	0.06668263	0.003329725	10.00	12.29343
-1.746913	10.00	-0.2350094	0.05312366	0.00	0.06315129	0.003307907	10.00	12.34446
-1.708519	10.00	-0.1893677	0.03839438	0.00	0.04564171	0.003287023	10.00	12.39229
-1.672533	10.00	-0.1465889	0.03598609	0.00	0.04277883	0.003265439	10.00	12.44223
-1.63496	10.00	-0.1019233	0.03757324	0.00	0.04466557	0.003221706	10.00	12.54219
-1.559755	10.00	-0.01252287	0.0752048	0.00	0.08940046	0.003200259	10.00	12.59184
-1.522398	10.00	0.03188537	0.03735678	0.00	0.04440824	0.00317846	10.00	12.64249
-1.484294	10.00	0.07718144	0.03810362	0.00	0.04529607	0.003158336	10.00	12.68953
-1.448898	10.00	0.1192595	0.0353966	0.00	0.04207806	0.00313681	10.00	12.73901
-1.411672	10.00	0.163512	0.03722578	0.00	0.04425252	0.003093097	10.00	12.8395
-1.336069	10.00	0.2533863	0.07560338	0.00	0.08987428	0.003071318	10.00	12.8897
-1.298304	10.00	0.2982798	0.03776494	0.00	0.04489346	0.003050123	10.00	12.93743
-1.263621	10.00	0.3434403	0.03468317	0.00	0.04516053	0.003029064	10.00	12.98749
-1.228546	10.00	0.3940246	0.03507456	0.00	0.05058426	0.002985623	10.00	13.08713
-1.169016	10.00	0.5088707	0.05952959	0.00	0.1148461	0.002963708	10.00	13.13683
-1.141253	10.00	0.5706359	0.02776308	0.00	0.06176523	0.002943175	10.00	13.18469
-1.11513	10.00	0.6313646	0.0261237	0.00	0.06072872	0.002921825	10.00	13.23457
-1.089195	10.00	0.6952913	0.02593449	0.00	0.06392665	0.002899909	10.00	13.28481
-1.063069	10.00	0.7616362	0.02612605	0.00	0.0663449	0.00285604	10.00	13.38509
-1.014809	10.00	0.8953459	0.04825979	0.00	0.1337097	0.002835138	10.00	13.43319
-0.9929039	10.00	0.9594786	0.02190541	0.00	0.06413271	0.002813962	10.00	13.48224
-0.9718319	10.00	1.02488	0.0210721	0.00	0.06540107	0.002792962	10.00	13.53237
-0.9502977	10.00	1.091715	0.02153412	0.00	0.06683505	0.002749287	10.00	13.63225
-0.9112601	10.00	1.224881	0.03903757	0.00	0.1331661	0.002728462	10.00	13.68052
-0.8923904	10.00	1.28925	0.01886976	0.00	0.06436911	0.002707034	10.00	13.73044
-0.8696548	10.00	1.355813	0.0227356	0.00	0.06656326	0.002685002	10.00	13.78006
-0.8425732	10.00	1.421972	0.02708155	0.00	0.06615841	0.002642048	10.00	13.88008
-0.7737794	10.00	1.55533	0.06879383	0.00	0.1333587	0.002619782	10.00	13.93048
-0.7521267	10.00	1.622533	0.02165271	0.00	0.0672031	0.002599016	10.00	13.97818
-0.7365628	10.00	1.686128	0.01556387	0.00	0.0635948	0.002577801	10.00	14.02769
-0.7216846	10.00	1.752145	0.01487816	0.00	0.06601685	0.002534633	10.00	14.12737
-0.6981679	10.00	1.885042	0.02351679	0.00	0.1328972	0.002512718	10.00	14.17786
-0.6895139	10.00	1.952367	0.008653956	0.00	0.06732484	0.002491854	10.00	14.22553
-0.6813442	10.00	2.015925	0.008169765	0.00	0.06355799	0.002469647	10.00	14.27558
-0.6753507	10.00	2.082661	0.005993476	0.00	0.06673596	0.002448724	10.00	14.32521
-0.669407	10.00	2.148842	0.00594364	0.00	0.06618106	0.002404777	10.00	14.42543
-0.6651697	10.00	2.282464	0.004237347	0.00	0.133622	0.00238368	10.00	14.47418
-0.663738	10.00	2.347456	0.00143168	0.00	0.06499197	0.002361804	10.00	14.52483
-0.6635581	10.00	2.415002	0.0001798607	0.00	0.06754567	0.002339305	10.00	14.57753
-0.663371	10.00	2.485268	0.0001871055	0.00	0.07026641	0.002297363	10.00	14.67328
-0.663371	10.00	2.612923	0	0.00	0.1276553	0.002275778	10.00	14.72309
-0.663371	10.00	2.679341	0	0.00	0.06641746	0.00225505	10.00	14.77085
-0.663371	10.00	2.743028	0	0.00	0.0636868	0.002233739	10.00	14.82177
-0.663371	10.00	2.810906	0	0.00	0.06787833	0.002190298	10.00	14.92036
-0.663371	10.00	2.942378	0	0.00	0.1314717	0.002168266	10.00	14.97095
-0.663371	10.00	3.009829	0	0.00	0.06745083	0.002148005	10.00	15.01861
-0.663371	10.00	3.073374	0	0.00	0.06354525	0.002125954	10.00	15.06868
-0.663371	10.00	3.140128	0	0.00	0.06675436	0.002104584	10.00	15.11817
-0.663371	10.00	3.206108	0	0.00	0.06598004	0.002060442	10.00	15.21987
-0.663371	10.00	3.341726	0	0.00	0.1356179	0.002039267	10.00	15.26912
-0.663371	10.00	3.407388	0	0.00	0.06566153	0.002017761	10.00	15.31806
-0.663371	10.00	3.472646	0	0.00	0.06525809	0.001996255	10.00	15.36776
-0.663371	10.00	3.5389	0	0.00	0.06625466	0.00195332	10.00	15.46674
-0.663371	10.00	3.670871	0	0.00	0.13197	0.001928797	10.00	15.52306
-0.663371	10.00	3.745972	0	0.00	0.07510202	0.001889054	10.00	15.61597
-0.663371	10.00	3.869855	0	0.00	0.1238828	0.001863947	10.00	15.6737
-0.663371	10.00	3.946817	0	0.00	0.07696208	0.001824301	10.00	15.76426
-0.663371	10.00	4.067566	0	0.00	0.1207487	0.001800576	10.00	15.81906
-0.663371	10.00	4.140644	0	0.00	0.07307775	0.001760755	10.00	15.91169
-0.663371	10.00	4.26414	0	0.00	0.1234963	0.001737945	10.00	15.96315
-0.663371	10.00	4.332762	0	0.00	0.06862151	0.001717256	10.00	16.01082
-0.663371	10.00	4.396325	0	0.00	0.06356365	0.001695866	10.00	16.06043
-0.663371	10.00	4.462461	0	0.00	0.06613576	0.001652465	10.00	16.16087
-0.663371	10.00	4.596386	0	0.00	0.1339249	0.00163055	10.00	16.21073
-0.6661231	10.00	4.66287	-0.002752061	0.00	0.06648399	0.001609705	10.00	16.25871
-0.6731058	10.00	4.726829	-0.006982652	0.00	0.0639586	0.00158816	10.00	16.30822
-0.6847878	10.00	4.792845	-0.01168199	0.00	0.06601685	0.001566673	10.00	16.35801
-0.7036057	10.00	4.859231	-0.01881789	0.00	0.0663849	0.001522823	10.00	16.45923
-0.7640835	10.00	4.994203	-0.06047785	0.00	0.1349724	0.001501901	10.00	16.50721
-0.7933669	10.00	5.058174	-0.02928342	0.00	0.06397134	0.001459161	10.00	16.60702
-0.8736117	10.00	5.19125	-0.08024479	0.00	0.1330756	0.001437168	10.00	16.65637
-0.9139291	10.00	5.257054	-0.04031741	0.00	0.06580451	0.001393688	10.00	16.75669
-1.010128	10.00	5.390813	-0.09619918	0.00	0.1337593	0.001373233	10.00	16.80467
-1.05923	10.00	5.454781	-0.04910183	0.00	0.06396709	0.001329111	10.00	16.90586
-1.173252	10.00	5.589706	-0.1140222	0.00	0.1349257	0.001308636	10.00	16.95333
-1.22858	10.00	5.653001	-0.05532731	0.00	0.06329469	0.00128602	10.00	17.0051
-1.289583	10.00	5.722024	-0.06100337	0.00	0.06902353	0.001243358	10.00	17.10323
-1.406487	10.00	5.852865	-0.1169043	0.00	0.1308404	0.001222533	10.00	17.15112
-1.46353	10.00	5.916708	-0.05704254	0.00	0.06384252	0.001179248	10.00	17.25174
-1.583412	10.00	6.05088	-0.1198817	0.00	0.1341726	0.001158033	10.00	17.30006
-1.640974	10.00	6.115304	-0.05756238	0.00	0.06442432	0.001114398	10.00	17.40183
-1.766158	10.00	6.251	-0.1251844	0.00	0.1356958	0.001075102	10.00	17.49204
-1.878286	10.00	6.37128	-0.1121275	0.00	0.1202802	0.001050832	10.00	17.5473
-1.946963	10.00	6.444951	-0.06867745	0.00	0.07367087	0.001006516	10.00	17.64967
-2.074206	10.00	6.581445	-0.1272426	0.00	0.1364942	0.0009777303	10.00	17.71522
-2.155686	10.00	6.66885	-0.08148048	0.00	0.08740479	0.000942347	10.00	17.79712
-2.25748	10.00	6.778045	-0.1017935	0.00	0.1091948	0.0009212104	10.00	17.84523
-2.317289	10.00	6.842203	-0.05980954	0.00	0.06415819	0.0008783146	10.00	17.94557
-2.442008	10.00	6.975989	-0.1247181	0.00	0.1337862	0.0008569834	10.00	17.99396
-2.502144	10.00	7.040498	-0.06013681	0.00	0.06450926	0.0008133479	10.00	18.09468
-2.627342	10.00	7.174798	-0.1251972	0.00	0.1343	0.0007919	10.00	18.14396
-2.6886	10.00	7.240511	-0.06125849	0.00	0.0657125	0.0007489068	10.00	18.24414
-2.813108	10.00	7.374072	-0.1245083	0.00	0.1335611	0.0007277119	10.00	18.29206
-2.872669	10.00	7.437963	-0.05956013	0.00	0.06389065	0.0006846992	10.00	18.39166
-2.996467	10.00	7.570762	-0.1237983	0.00	0.1327995	0.0006608379	10.00	18.44582
-3.063798	10.00	7.642989	-0.06733142	0.00	0.07222698	0.0006182534	10.00	18.54436
-3.186273	10.00	7.774369	-0.1224748	0.00	0.1313797	0.0005983236	10.00	18.59055
-3.24369	10.00	7.835961	-0.05741705	0.00	0.06159175	0.0005753965	10.00	18.64404
-3.310172	10.00	7.907276	-0.06648158	0.00	0.07131535	0.0005336878	10.00	18.74005
-3.429499	10.00	8.035279	-0.1193274	0.00	0.1280035	0.0005131157	10.00	18.78657
-3.487328	10.00	8.097313	-0.05782877	0.00	0.06203341	0.0004683903	10.00	18.88991
-3.615778	10.00	8.235103	-0.12845	0.00	0.1377894	0.0004415707	10.00	18.95263
-3.693732	10.00	8.318725	-0.07795443	0.00	0.08362237	0.0004051753	10.00	19.03573
-3.78431	10.00	8.431056	-0.0905778	0.00	0.1123317	0.0003850703	10.00	19.08279
-3.833426	10.00	8.495859	-0.04911546	0.00	0.06480228	0.000344257	10.00	19.17888
-3.923213	10.00	8.629714	-0.08978787	0.00	0.1338555	0.0003237432	10.00	19.22744
-3.966533	10.00	8.69932	-0.0433201	0.00	0.06960534	0.0002864526	10.00	19.3159
-4.03756	10.00	8.829666	-0.07102629	0.00	0.1303463	0.0002688194	10.00	19.3567
-4.071048	10.00	8.893388	-0.03348847	0.00	0.06372219	0.0002340784	10.00	19.43879
-4.139234	10.00	9.025568	-0.06818555	0.00	0.1321795	0.0002185666	10.00	19.47553
-4.171854	10.00	9.088803	-0.03262026	0.00	0.06323524	0.0002027239	10.00	19.51281
-4.20609	10.00	9.15517	-0.03423627	0.00	0.06636791	0.0001724983	10.00	19.58479
-4.274651	10.00	9.288078	-0.06856089	0.00	0.1329071	0.0001583099	10.00	19.61858
-4.309449	10.00	9.355535	-0.03479782	0.00	0.06745649	0.0001453477	10.00	19.64929
-4.34242	10.00	9.419449	-0.03297077	0.00	0.06391472	0.0001331252	10.00	19.67958
-4.376347	10.00	9.485218	-0.03392738	0.00	0.06576912	0.0001207468	10.00	19.70853
-4.410263	10.00	9.550964	-0.03391569	0.00	0.06574647	9.68466E-05	10.00	19.76489
-4.479469	10.00	9.685123	-0.06920642	0.00	0.1341585	8.569445E-05	10.00	19.79059
-4.514503	10.00	9.753036	-0.03503368	0.00	0.06791372	7.687783E-05	10.00	19.81317
-4.547101	10.00	9.81623	-0.03259835	0.00	0.06319277	5.739562E-05	10.00	19.85882
-4.61694	10.00	9.951614	-0.0698388	0.00	0.1353844	4.935751E-05	10.00	19.8782
-4.650887	10.00	10.01742	-0.0339471	0.00	0.06580734	4.194221E-05	10.00	19.89597
-4.684448	10.00	10.08248	-0.0335608	0.00	0.0650585	2.787064E-05	10.00	19.92985
-4.753862	10.00	10.21704	-0.06941453	0.00	0.1345619	2.267409E-05	10.00	19.94273
-4.785919	10.00	10.27918	-0.03205652	0.00	0.06214241	1.202797E-05	10.00	19.9674
-4.849595	10.00	10.41541	-0.06367597	0.00	0.1362224	9.419967E-06	10.00	19.9753
-4.869584	10.00	10.47744	-0.01998841	0.00	0.06203766	4.943536E-06	10.00	19.98891
-4.877839	10.00	10.61331	-0.00825504	0.00	0.1358628	3.308666E-06	10.00	19.99352
-4.877839	10.00	10.67862	0	0.00	0.06531613	1.615408E-06	10.00	19.9972
-4.877839	10.00	10.75081	0	0.00	0.07218452	3.503293E-07	10.00	19.99943
-4.877839	10.00	10.87736	0	0.00	0.1265554	1.167764E-07	10.00	19.99979
-4.877839	10.00	10.9394	0	0.00	0.06203483	0	10.00	20
-4.877839	10.00	11.07532	0	0.00	0.1359223	0	10.00	20
-4.877839	10.00	11.14182	0	0.00	0.06649673	0	10.00	20
-4.877839	10.00	11.20598	0	0.00	0.06416102	0	10.00	20
-4.877839	10.00	11.3383	0	0.00	0.1323239	0	10.00	20
-4.877839	10.00	11.40238	0	0.00	0.06408175	0	10.00	20
-4.869572	10.00	11.53844	0.008266566	0.00	0.1360525	0	10.00	20
-4.861977	10.00	11.60234	0.007595057	0.00	0.06390056	0	10.00	20
-4.853075	10.00	11.66674	0.008902001	0.00	0.06440309	0	10.00	20
-4.820014	10.00	11.80183	0.03306019	0.00	0.1350857	0	10.00	20
-4.796858	10.00	11.86598	0.02315659	0.00	0.06415819	0	10.00	20
-4.774722	10.00	11.93139	0.02213665	0.00	0.06540886	0	10.00	20
-4.703782	10.00	12.00756	0.07093918	0.00	0.07616731	0	10.00	20
-4.666079	10.00	12.03736	0.03770334	0.00	0.02980391	0	10.00	20
-4.588235	10.00	12.05646	0.07784363	0.00	0.01909372	0	10.00	20
-4.547253	10.00	12.05646	0.04098278	0.00	0	0	10.00	20
-4.507162	10.00	12.05646	0.04009032	0.00	0	0	10.00	20
-4.423486	10.00	12.05646	0.08367648	0.00	0	0	10.00	20
-4.38317	10.00	12.05646	0.04031586	0.00	0	0	10.00	20
-4.343559	10.00	12.05646	0.03961109	0.00	0	0	10.00	20
-4.268608	10.00	12.05646	0.07495078	0.00	0	0	10.00	20
-4.236595	10.00	12.05646	0.03201274	0.00	0	0	10.00	20
-4.193226	10.00	12.04046	0.04336927	0.00	-0.01599873	0	10.00	20
-4.178931	10.00	12.02739	0.0142953	0.00	-0.01306692	0	10.00	20
-4.178931	10.00	12.00279	0	0.00	-0.02459711	0	10.00	20
-4.229505	10.00	12.00119	-0.05057388	0.00	-0.001601036	0	10.00	20
-4.274441	10.00	12.00119	-0.04493652	0.00	0	0	10.00	20
-4.407467	10.00	12.00119	-0.1330262	0.00	0	0	10.00	20
-4.500653	10.00	12.00119	-0.09318601	0.00	0	0	10.00	20
-4.605613	10.00	12.00119	-0.1049594	0.00	0	0	10.00	20
-4.724681	10.00	12.00119	-0.1190684	0.00	0	0	10.00	20
-4.803212	10.00	12.00119	-0.07853054	0.00	0	0	10.00	20
-4.884638	10.00	12.00119	-0.08142681	0.00	0	0	10.00	20
-4.999708	10.00	12.00119	-0.1150694	0.00	0	0	10.00	20
-5.065842	10.00	12.00119	-0.06613434	0.00	0	0	10.00	20
-5.19818	10.00	12.00119	-0.132338	0.00	0	0	10.00	20
-5.262578	10.00	12.00119	-0.06439742	0.00	0	0	10.00	20
-5.396944	10.00	12.00119	-0.1343666	0.00	0	0	10.00	20
-5.462018	10.00	12.00119	-0.06507407	0.00	0	0	10.00	20
-5.594503	10.00	12.00119	-0.1324853	0.00	0	0	10.00	20
-5.659116	10.00	12.00119	-0.0646126	0.00	0	0	10.00	20
-5.794287	10.00	12.00119	-0.1351706	0.00	0	0	10.00	20
-5.859092	10.00	12.00119	-0.06480511	0.00	0	0	10.00	20
-5.945046	10.00	12.00119	-0.08595383	0.00	0	0	10.00	20
-6.056632	10.00	12.00119	-0.1115857	0.00	0	0	10.00	20
-6.122671	10.00	12.00119	-0.0660395	0.00	0	0	10.00	20
-6.190041	10.00	12.00119	-0.06737014	0.00	0	0	10.00	20
-6.322422	10.00	12.00119	-0.1323805	0.00	0	0	10.00	20
-6.387061	10.00	12.00119	-0.06463949	0.00	0	0	10.00	20
-6.456449	10.00	12.00119	-0.06938733	0.00	0	0	10.00	20
-6.587485	10.00	12.00119	-0.1310371	0.00	0	0	10.00	20
-6.651121	10.00	12.00119	-0.06363585	0.00	0	0	10.00	20
-6.716266	10.00	12.00263	-0.06514485	0.00	0.001435048	0	10.00	20
-6.851549	10.00	12.01478	-0.1352824	0.00	0.01214955	0	10.00	20
-6.915899	10.00	12.0218	-0.06435071	0.00	0.00702546	0	10.00	20
-6.982283	10.00	12.02969	-0.06638348	0.00	0.00789017	0	10.00	20
-7.117438	10.00	12.05099	-0.135155	0.00	0.02129894	0	10.00	20
-7.181347	10.00	12.06106	-0.06390905	0.00	0.01007136	0	10.00	20
-7.251683	10.00	12.07215	-0.07033577	0.00	0.01108414	0	10.00	20
-7.379354	10.00	12.09227	-0.1276709	0.00	0.02011952	0	10.00	20
-7.444468	10.00	12.10253	-0.06511512	0.00	0.01026143	0	10.00	20
-7.578506	10.00	12.12755	-0.1340367	0.00	0.0250163	0	10.00	20
-7.641263	10.00	12.1423	-0.06275818	0.00	0.01475144	0	10.00	20
-7.708193	10.00	12.16321	-0.06692989	0.00	0.02091661	0	10.00	20
-7.843718	10.00	12.21475	-0.1355245	0.00	0.05153934	0	10.00	20
-7.905536	10.00	12.24604	-0.06181825	0.00	0.03129072	0	10.00	20
-8.045446	10.00	12.34531	-0.13991	0.00	0.099268	0	10.00	20
-8.103749	10.00	12.3912	-0.05830337	0.00	0.04588338	0	10.00	20
-8.173548	10.00	12.45423	-0.06979785	0.00	0.06303941	0	10.00	20
-8.304631	10.00	12.58278	-0.1310838	0.00	0.1285453	0	10.00	20
-8.368363	10.00	12.64651	-0.0637321	0.00	0.0637321	0	10.00	20
-8.502365	10.00	12.78051	-0.1340013	0.00	0.1340013	0	10.00	20
-8.566864	10.00	12.84501	-0.06449935	0.00	0.06449935	0	10.00	20
-8.691914	10.00	12.97915	-0.1250494	0.00	0.1341415	0	10.00	20
-8.757053	10.00	13.04558	-0.06513956	0.00	0.06642595	0	10.00	20
-8.890195	10.00	13.17872	-0.1331421	0.00	0.1331421	0	10.00	20
-8.963621	10.00	13.25434	-0.07342621	0.00	0.07562295	0	10.00	20
-9.049692	10.00	13.37733	-0.08607087	0.00	0.1229882	0	10.00	20
-9.101645	10.00	13.46081	-0.05195311	0.00	0.08347657	0	10.00	20
-9.160533	10.00	13.57286	-0.05888734	0.00	0.1120514	0	10.00	20
-9.204091	10.00	13.6573	-0.04355843	0.00	0.08443917	0	10.00	20
-9.271362	10.00	13.77451	-0.06727128	0.00	0.1172069	0	10.00	20
-9.318828	10.00	13.86162	-0.04746528	0.00	0.08710752	0	10.00	20
-9.375109	10.00	13.97072	-0.05628129	0.00	0.1091028	0	10.00	20
-9.410116	10.00	14.03496	-0.03500714	0.00	0.06424455	0	10.00	20
-9.492145	10.00	14.16885	-0.08202858	0.00	0.1338838	0	10.00	20
-9.532972	10.00	14.23445	-0.04082772	0.00	0.06560066	0	10.00	20
-9.609589	10.00	14.37023	-0.07661621	0.00	0.1357793	0	10.00	20
-9.643273	10.00	14.43432	-0.03368488	0.00	0.06409591	0	10.00	20
-9.711271	10.00	14.56614	-0.06799788	0.00	0.1318157	0	10.00	20
-9.744354	10.00	14.63027	-0.0330825	0.00	0.0641313	0	10.00	20
-9.778679	10.00	14.69681	-0.03432535	0.00	0.06654061	0	10.00	20
-9.847308	10.00	14.82985	-0.0686288	0.00	0.1330387	0	10.00	20
-9.880186	10.00	14.89358	-0.03287803	0.00	0.06373493	0	10.00	20
-9.949761	10.00	15.02846	-0.06957519	0.00	0.1348733	0	10.00	20
-9.982753	10.00	15.09241	-0.03299122	0.00	0.06395435	0	10.00	20
-10.05189	10.00	15.22644	-0.0691407	0.00	0.1340311	0	10.00	20
-10.08494	10.00	15.2905	-0.03304452	0.00	0.06405769	0	10.00	20
-10.15521	10.00	15.42672	-0.0702711	0.00	0.1362224	0	10.00	20
-10.18878	10.00	15.49179	-0.0335681	0.00	0.06507266	0	10.00	20
-10.22242	10.00	15.55465	-0.03364332	0.00	0.06285869	0	10.00	20
-10.29955	10.00	15.68904	-0.07713392	0.00	0.1343906	0	10.00	20
-10.34011	10.00	15.75853	-0.04055725	0.00	0.06949067	0	10.00	20
-10.41635	10.00	15.88916	-0.07623755	0.00	0.1306252	0	10.00	20
-10.45346	10.00	15.95274	-0.03710877	0.00	0.06358206	0	10.00	20
-10.4923	10.00	16.01929	-0.03883879	0.00	0.06654627	0	10.00	20
-10.57369	10.00	16.15214	-0.08139371	0.00	0.1328477	0	10.00	20
-10.6135	10.00	16.21609	-0.03980663	0.00	0.06396002	0	10.00	20
-10.69429	10.00	16.35007	-0.08078938	0.00	0.1339787	0	10.00	20
-10.72942	10.00	16.41342	-0.03513227	0.00	0.06334849	0	10.00	20
-10.76675	10.00	16.48446	-0.03733465	0.00	0.07104073	0	10.00	20
-10.83161	10.00	16.61509	-0.0648548	0.00	0.1306266	0	10.00	20
-10.86253	10.00	16.67861	-0.03092119	0.00	0.06351835	0	10.00	20
-10.88485	10.00	16.74586	-0.02232081	0.00	0.06725547	0	10.00	20
-10.90579	10.00	16.87876	-0.02094246	0.00	0.132893	0	10.00	20
-10.90723	10.00	16.94402	-0.001437667	0.00	0.06526376	0	10.00	20
-10.90723	10.00	17.07671	0	0.00	0.1326891	0	10.00	20
-10.90723	10.00	17.14132	0	0.00	0.06460835	0	10.00	20
-10.90723	10.00	17.27495	0	0.00	0.1336291	0	10.00	20
-10.90723	10.00	17.34011	0	0.00	0.06516467	0	10.00	20
-10.90723	10.00	17.40829	0	0.00	0.06817843	0	10.00	20
-10.90723	10.00	17.54118	0	0.00	0.1328873	0	10.00	20
-10.90723	10.00	17.60579	0	0.00	0.06460835	0	10.00	20
-10.90723	10.00	17.66995	0	0.00	0.0641681	0	10.00	20
-10.90723	10.00	17.80586	0	0.00	0.1359039	0	10.00	20
-10.90723	10.00	17.87056	0	0.00	0.06470036	0	10.00	20
-10.90723	10.00	17.93979	0	0.00	0.06922596	0	10.00	20
-10.90723	10.00	18.06947	0	0.00	0.1296824	0	10.00	20
-10.90723	10.00	18.14818	0	0.00	0.07871599	0	10.00	20
-10.90723	10.00	18.26879	0	0.00	0.1206057	0	10.00	20
-10.90723	10.00	18.33618	0	0.00	0.06738713	0	10.00	20
-10.90723	10.00	18.46631	0	0.00	0.1301354	0	10.00	20
-10.90723	10.00	18.5659	0	0.00	0.09959292	0	10.00	20
-10.90723	10.00	18.66448	0	0.00	0.09857228	0	10.00	20
-10.90723	10.00	18.80309	0	0.00	0.1386091	0	10.00	20
-10.90723	10.00	18.92836	0	0.00	0.1252729	0	10.00	20
-10.90723	10.00	18.9935	0	0.00	0.06514627	0	10.00	20
-10.90723	10.00	19.06013	0	0.00	0.0666213	0	10.00	20
-10.90723	10.00	19.19173	0	0.00	0.1316076	0	10.00	20
-10.90723	10.00	19.25596	0	0.00	0.06422756	0	10.00	20
-10.90723	10.00	19.39034	0	0.00	0.1343765	0	10.00	20
-10.90723	10.00	19.45399	0	0.00	0.06365284	0	10.00	20
-10.90723	10.00	19.58846	0	0.00	0.1344671	0	10.00	20
-10.90723	10.00	19.65212	0	0.00	0.06366558	0	10.00	20
-10.90723	10.00	19.78757	0	0.00	0.1354523	0	10.00	20
-10.90723	10.00	19.85064	0	0.00	0.0630682	0	10.00	20
-10.90723	10.00	19.98753	0	0.00	0.1368905	0	10.00	20
-10.90723	10.00	20.05172	0	0.00	0.06418651	0	10.00	20
-10.90723	10.00	20.11751	0	0.00	0.06579177	0	10.00	20
-10.90723	10.00	20.24898	0	0.00	0.1314703	0	10.00	20
-10.90723	10.00	20.31292	0	0.00	0.06393595	0	10.00	20
-10.90723	10.00	20.44726	0	0.00	0.1343453	0	10.00	20
-10.90723	10.00	20.51176	0	0.00	0.06449227	0	10.00	20
-10.90723	10.00	20.6465	0	0.00	0.1347445	0	10.00	20
-10.90723	10.00	20.71043	0	0.00	0.06393312	0	10.00	20
-10.90723	10.00	20.77694	0	0.00	0.06650239	0	10.00	20
-10.90723	10.00	20.91165	0	0.00	0.1347176	0	10.00	20
-10.90723	10.00	20.97389	0	0.00	0.06223726	0	10.00	20
-10.90723	10.00	21.04224	0	0.00	0.06834972	0	10.00	20
-10.90723	10.00	21.1753	0	0.00	0.1330557	0	10.00	20
-10.90723	10.00	21.23946	0	0.00	0.06416244	0	10.00	20
-10.90723	10.00	21.30681	0	0.00	0.06735598	0	10.00	20
-10.90723	10.00	21.43882	0	0.00	0.1320096	0	10.00	20
-10.90723	10.00	21.50341	0	0.00	0.06458995	0	10.00	20
-10.90723	10.00	21.63744	0	0.00	0.1340212	0	10.00	20
-10.90723	10.00	21.70299	0	0.00	0.06555112	0	10.00	20
-10.90723	10.00	21.83633	0	0.00	0.1333459	0	10.00	20
-10.90723	10.00	21.90736	0	0.00	0.07102374	0	10.00	20
-10.90723	10.00	22.0357	0	0.00	0.1283447	0	10.00	20
-10.90723	10.00	22.09895	0	0.00	0.06324515	0	10.00	20
-10.90723	10.00	22.1657	0	0.00	0.0667487	0	10.00	20
-10.89133	10.00	22.29949	0.01590199	0.00	0.1337904	0	10.00	20
-10.87736	10.00	22.36728	0.01396654	0.00	0.06779764	0	10.00	20
-10.86366	10.00	22.4281	0.01370542	0.00	0.06081318	0	10.00	20
-10.82795	10.00	22.56328	0.03570164	0.00	0.1351819	0	10.00	20
-10.80841	10.00	22.62995	0.01954576	0.00	0.06667509	0	10.00	20
-10.76837	10.00	22.76652	0.04003517	0.00	0.1365692	0	10.00	20
-10.74296	10.00	22.85323	0.02541766	0.00	0.08670551	0	10.00	20
-10.71077	10.00	22.96303	0.03218757	0.00	0.1097992	0	10.00	20
-10.68491	10.00	23.04867	0.02585629	0.00	0.08563963	0	10.00	20
-10.65405	10.00	23.14883	0.03085799	0.00	0.1001674	0	10.00	20
-10.62981	10.00	23.22192	0.02424585	0.00	0.0730864	0	10.00	20
-10.58982	10.00	23.32259	0.03999339	0.00	0.100669	0	10.00	20
-10.561	10.00	23.39061	0.0288138	0.00	0.06802181	0	10.00	20
-10.52097	10.00	23.47478	0.04002744	0.00	0.0841652	0	10.00	20
-10.49042	10.00	23.53484	0.03055374	0.00	0.06006238	0	10.00	20
-10.4468	10.00	23.61622	0.0436204	0.00	0.08138216	0	10.00	20
-10.42297	10.00	23.65957	0.02382899	0.00	0.04335367	0	10.00	20
-10.39645	10.00	23.70782	0.02651524	0.00	0.04824094	0	10.00	20
-10.34084	10.00	23.79428	0.05561692	0.00	0.08646164	0	10.00	20
-10.30909	10.00	23.83297	0.03174881	0.00	0.03869534	0	10.00	20
-10.2423	10.00	23.91149	0.06679388	0.00	0.07851782	0	10.00	20
-10.21106	10.00	23.94894	0.03123335	0.00	0.03744585	0	10.00	20
-10.16808	10.00	23.98975	0.04298642	0.00	0.0408108	0	10.00	20
-10.09097	10.00	24.04766	0.07710239	0.00	0.05790926	0	10.00	20
-10.05099	10.00	24.07707	0.03998636	0.00	0.02941043	0	10.00	20
-9.967601	10.00	24.1384	0.08338663	0.00	0.06133182	0	10.00	20
-9.927653	10.00	24.16825	0.03994707	0.00	0.02984588	0	10.00	20
-9.848598	10.00	24.22924	0.07905534	0.00	0.06099292	0	10.00	20
-9.810695	10.00	24.25897	0.03790355	0.00	0.02972859	0	10.00	20
-9.733012	10.00	24.31989	0.07768255	0.00	0.06092812	0	10.00	20
-9.695623	10.00	24.34922	0.03738885	0.00	0.02932489	0	10.00	20
-9.617083	10.00	24.41082	0.07854012	0.00	0.06160074	0	10.00	20
-9.579769	10.00	24.44009	0.03731367	0.00	0.02926593	0	10.00	20
-9.509246	10.00	24.50281	0.07052331	0.00	0.06272709	0	10.00	20
-9.476349	10.00	24.53324	0.03289702	0.00	0.03042704	0	10.00	20
-9.41354	10.00	24.60776	0.06280914	0.00	0.07451877	0	10.00	20
-9.385324	10.00	24.64595	0.02821646	0.00	0.03818805	0	10.00	20
-9.326351	10.00	24.72706	0.05897172	0.00	0.0811146	0	10.00	20
-9.298076	10.00	24.76595	0.02827604	0.00	0.03889322	0	10.00	20
-9.239723	10.00	24.84622	0.05835238	0.00	0.08026271	0	10.00	20
-9.212462	10.00	24.88545	0.02726067	0.00	0.03922953	0	10.00	20
-9.164314	10.00	24.97751	0.04814841	0.00	0.09206649	0	10.00	20
-9.141127	10.00	25.02247	0.02318775	0.00	0.0449603	0	10.00	20
-9.094059	10.00	25.12793	0.04706753	0.00	0.1054559	0	10.00	20
-9.072289	10.00	25.18056	0.02177003	0.00	0.05262762	0	10.00	20
-9.031753	10.00	25.3108	0.04053605	0.00	0.1302442	0	10.00	20
-9.014064	10.00	25.37139	0.01768912	0.00	0.06059016	0	10.00	20
-8.995538	10.00	25.43675	0.01852617	0.00	0.06535577	0	10.00	20
-8.96042	10.00	25.56972	0.03511731	0.00	0.1329694	0	10.00	20
-8.944175	10.00	25.6361	0.01624567	0.00	0.06638065	0	10.00	20
-8.908447	10.00	25.77138	0.03572744	0.00	0.1352796	0	10.00	20
-8.890212	10.00	25.84588	0.01823458	0.00	0.07450747	0	10.00	20
-8.866433	10.00	25.96701	0.02377965	0.00	0.1211267	0	10.00	20
-8.854754	10.00	26.03301	0.01167824	0.00	0.06599561	0	10.00	20
-8.843879	10.00	26.10202	0.01087556	0.00	0.06901221	0	10.00	20
-8.828519	10.00	26.23125	0.01536022	0.00	0.1292323	0	10.00	20
-8.821582	10.00	26.29479	0.006937215	0.00	0.06354242	0	10.00	20
-8.807872	10.00	26.43259	0.01370989	0.00	0.1377993	0	10.00	20
-8.801023	10.00	26.50142	0.00684769	0.00	0.06882676	0	10.00	20
-8.788292	10.00	26.62939	0.01273163	0.00	0.1279667	0	10.00	20
-8.782231	10.00	26.69687	0.0060606	0.00	0.06748338	0	10.00	20
-8.765308	10.00	26.82852	0.01692289	0.00	0.1316543	0	10.00	20
-8.749908	10.00	26.91556	0.01540081	0.00	0.0870325	0	10.00	20
-8.724807	10.00	27.02235	0.02510114	0.00	0.1067897	0	10.00	20
-8.69914	10.00	27.11953	0.02566738	0.00	0.09718785	0	10.00	20
-8.670494	10.00	27.22416	0.02864508	0.00	0.1046267	0	10.00	20
-8.65139	10.00	27.29156	0.0191044	0.00	0.06739562	0	10.00	20
-8.614804	10.00	27.42062	0.03658567	0.00	0.1290652	0	10.00	20
-8.596807	10.00	27.48411	0.0179981	0.00	0.06349287	0	10.00	20
-8.558209	10.00	27.615	0.03859723	0.00	0.1308878	0	10.00	20
-8.540296	10.00	27.67514	0.01791303	0.00	0.06013333	0	10.00	20
-8.520229	10.00	27.73627	0.02006705	0.00	0.06113151	0	10.00	20
-8.474733	10.00	27.84367	0.04549586	0.00	0.1074038	0	10.00	20
-8.452683	10.00	27.89385	0.02204998	0.00	0.05017895	0	10.00	20
-8.404631	10.00	27.9896	0.04805236	0.00	0.09575021	0	10.00	20
-8.381287	10.00	28.03549	0.02334461	0.00	0.04589071	0	10.00	20
-8.327904	10.00	28.12638	0.05338258	0.00	0.09088941	0	10.00	20
-8.302196	10.00	28.17015	0.02570773	0.00	0.04377009	0	10.00	20
-8.235667	10.00	28.24965	0.06652892	0.00	0.07950384	0	10.00	20
-8.201671	10.00	28.28885	0.03399632	0.00	0.03919901	0	10.00	20
-8.121191	10.00	28.35153	0.08047957	0.00	0.06267295	0	10.00	20
-8.082731	10.00	28.38072	0.03845959	0.00	0.02919594	0	10.00	20
-8.04153	10.00	28.412	0.04120134	0.00	0.0312773	0	10.00	20
-7.962714	10.00	28.47281	0.07881597	0.00	0.06080825	0	10.00	20
-7.924943	10.00	28.50195	0.03777063	0.00	0.02914086	0	10.00	20
-7.840135	10.00	28.55817	0.08480834	0.00	0.05622491	0	10.00	20
-7.800852	10.00	28.58504	0.03928272	0.00	0.02686621	0	10.00	20
-7.719906	10.00	28.64129	0.08094645	0.00	0.05624982	0	10.00	20
-7.681276	10.00	28.66813	0.03862945	0.00	0.02684367	0	10.00	20
-7.599235	10.00	28.72514	0.08204161	0.00	0.05701085	0	10.00	20
-7.560904	10.00	28.75178	0.0383307	0.00	0.02663607	0	10.00	20
-7.520417	10.00	28.77991	0.04048774	0.00	0.028135	0	10.00	20
-7.44186	10.00	28.8354	0.07855645	0.00	0.0554799	0	10.00	20
-7.399529	10.00	28.86529	0.04233038	0.00	0.02989551	0	10.00	20
-7.323602	10.00	28.91644	0.0759276	0.00	0.05114503	0	10.00	20
-7.274132	10.00	28.95057	0.04947027	0.00	0.03413065	0	10.00	20
-7.207082	10.00	28.99464	0.06704997	0.00	0.0440708	0	10.00	20
-7.168804	10.00	29.0198	0.03827792	0.00	0.02515942	0	10.00	20
-7.089024	10.00	29.07224	0.07978016	0.00	0.05243813	0	10.00	20
-7.050821	10.00	29.09734	0.03820232	0.00	0.02510973	0	10.00	20
-7.010685	10.00	29.12373	0.04013659	0.00	0.02638109	0	10.00	20
-6.929977	10.00	29.1751	0.08070768	0.00	0.05137103	0	10.00	20
-6.887311	10.00	29.20183	0.04266551	0.00	0.0267344	0	10.00	20
-6.80809	10.00	29.25307	0.07922133	0.00	0.05123467	0	10.00	20
-6.769452	10.00	29.27805	0.03863885	0.00	0.02498883	0	10.00	20
-6.729373	10.00	29.30397	0.04007886	0.00	0.02592013	0	10.00	20
-6.649756	10.00	29.35546	0.07961654	0.00	0.05149027	0	10.00	20
-6.60825	10.00	29.37881	0.04150584	0.00	0.0233441	0	10.00	20
-6.519937	10.00	29.42774	0.08831327	0.00	0.04893165	0	10.00	20
-6.45805	10.00	29.46203	0.06188688	0.00	0.03428961	0	10.00	20
-6.393589	10.00	29.49884	0.0644616	0.00	0.03681051	0	10.00	20
-6.342412	10.00	29.52806	0.05117596	0.00	0.02922381	0	10.00	20
-6.26865	10.00	29.57019	0.07376307	0.00	0.04212207	0	10.00	20
-6.204444	10.00	29.60685	0.06420571	0.00	0.03666439	0	10.00	20
-6.143692	10.00	29.64154	0.06075211	0.00	0.03469222	0	10.00	20
-6.10136	10.00	29.66572	0.0423317	0.00	0.02417332	0	10.00	20
-6.018101	10.00	29.71326	0.0832587	0.00	0.04754451	0	10.00	20
-5.977404	10.00	29.7365	0.04069705	0.00	0.02323987	0	10.00	20
-5.892458	10.00	29.78501	0.08494612	0.00	0.0485081	0	10.00	20
-5.852317	10.00	29.80793	0.04014143	0.00	0.02292258	0	10.00	20
-5.809681	10.00	29.83228	0.0426359	0.00	0.02434704	0	10.00	20
-5.721715	10.00	29.87386	0.08796582	0.00	0.04158326	0	10.00	20
-5.679191	10.00	29.8921	0.04252441	0.00	0.01823365	0	10.00	20
-5.59066	10.00	29.92487	0.08853107	0.00	0.03277368	0	10.00	20
-5.548574	10.00	29.93922	0.04208551	0.00	0.01434698	0	10.00	20
-5.503065	10.00	29.95319	0.04550876	0.00	0.01397617	0	10.00	20
-5.41366	10.00	29.97936	0.08940521	0.00	0.02616659	0	10.00	20
-5.370498	10.00	29.99199	0.04316244	0.00	0.01263253	0	10.00	20
-5.281064	10.00	30.01855	0.08943415	0.00	0.02655844	0	10.00	20
-5.238199	10.00	30.03128	0.04286412	0.00	0.01272896	0	10.00	20
-5.193737	10.00	30.04448	0.04446253	0.00	0.01320363	0	10.00	20
-5.107309	10.00	30.07015	0.08642731	0.00	0.02566553	0	10.00	20
-5.064431	10.00	30.08288	0.04287816	0.00	0.01273313	0	10.00	20
-4.976338	10.00	30.10904	0.08809309	0.00	0.0261602	0	10.00	20
-4.932415	10.00	30.1219	0.04392303	0.00	0.01285513	0	10.00	20
-4.84075	10.00	30.14411	0.09166496	0.00	0.02221694	0	10.00	20
-4.796521	10.00	30.15483	0.0442288	0.00	0.01071978	0	10.00	20
-4.700695	10.00	30.16713	0.09582693	0.00	0.0122974	0	10.00	20
-4.638169	10.00	30.16713	0.06252562	0.00	0	0	10.00	20
-4.553069	10.00	30.16713	0.0851002	0.00	0	0	10.00	20
-4.503018	10.00	30.16713	0.05005044	0.00	0	0	10.00	20
-4.400084	10.00	30.16713	0.1029348	0.00	0	0	10.00	20
-4.352052	10.00	30.16713	0.04803152	0.00	0	0	10.00	20
-4.300383	10.00	30.16713	0.05166949	0.00	0	0	10.00	20
-4.198062	10.00	30.16713	0.1023197	0.00	0	0	10.00	20
-4.14244	10.00	30.16713	0.05562259	0.00	0	0	10.00	20
-4.045803	10.00	30.16713	0.09663676	0.00	0	0	10.00	20
-3.996541	10.00	30.16713	0.04926265	0.00	0	0	10.00	20
-3.892226	10.00	30.16713	0.1043148	0.00	0	0	10.00	20
-3.844693	10.00	30.16713	0.04753276	0.00	0	0	10.00	20
-3.790733	10.00	30.16713	0.05396007	0.00	0	0	10.00	20
-3.690433	10.00	30.16713	0.1002997	0.00	0	0	10.00	20
-3.638069	10.00	30.16713	0.05236384	0.00	0	0	10.00	20
-3.538312	10.00	30.16713	0.09975751	0.00	0	0	10.00	20
-3.488178	10.00	30.16713	0.05013411	0.00	0	0	10.00	20
28.33736
