0	10.00	-49.86816	0	0.00	0.1318454	-40	10.00	0
0	10.00	-49.02995	0	0.00	0.8382056	-39.98868	10.00	-4.445962E-05
0	10.00	-48.56248	0	0.00	0.4674674	-39.98073	10.00	-0.0002007654
0	10.00	-48.41249	0	0.00	0.149996	-39.97195	10.00	-0.0003312203
0	10.00	-48.28321	0	0.00	0.129279	-39.96125	10.00	-0.000488107
0	10.00	-48.15167	0	0.00	0.1315397	-39.94691	10.00	-0.0006178067
0	10.00	-48.01764	0	0.00	0.1340254	-39.92908	10.00	-0.0008454298
0	10.00	-47.88738	0	0.00	0.1302614	-39.90591	10.00	-0.0007650888
0	10.00	-47.75494	0	0.00	0.1324371	-39.87757	10.00	-0.0002532029
0	10.00	-47.62309	0	0.00	0.1318511	-39.84285	10.00	0.0007928362
0	10.00	-47.49063	0	0.00	0.132464	-39.8026	10.00	0.002519461
0	10.00	-47.35852	0	0.00	0.1321073	-39.75296	10.00	0.004126741
0	10.00	-47.21263	0	0.00	0.1458922	-39.70578	10.00	0.00482564
0	10.00	-47.08448	0	0.00	0.1281465	-39.6586	10.00	0.005122275
0	10.00	-46.96144	0	0.00	0.1230448	-39.60622	10.00	0.004838997
0	10.00	-46.83012	0	0.00	0.131316	-39.55174	10.00	0.003873006
0	10.00	-46.69778	0	0.00	0.1323366	-39.49496	10.00	0.002743445
0	10.00	-46.56409	0	0.00	0.1336885	-39.43677	10.00	0.001281892
0	10.00	-46.43174	0	0.00	0.1323508	-39.37679	10.00	-0.0007137335
0	10.00	-46.30006	0	0.00	0.1316855	-39.31472	10.00	-0.003248469
0	10.00	-46.16718	0	0.00	0.1328859	-39.2513	10.00	-0.006529341
0	10.00	-46.03533	0	0.00	0.1318412	-39.18592	10.00	-0.01000485
0	10.00	-45.9024	0	0.00	0.1329312	-39.11971	10.00	-0.01419048
0	10.00	-45.77098	0	0.00	0.131425	-39.05183	10.00	-0.01888428
0	10.00	-45.6384	0	0.00	0.1325716	-38.9837	10.00	-0.02347071
0	10.00	-45.50757	0	0.00	0.1308347	-38.91261	10.00	-0.02811377
0	10.00	-45.37376	0	0.00	0.1338088	-38.83428	10.00	-0.03329298
0	10.00	-45.22879	0	0.00	0.1449678	-38.75533	10.00	-0.03827153
0	10.00	-45.08485	0	0.00	0.1439444	-38.68111	10.00	-0.04332512
0	10.00	-44.95096	0	0.00	0.1338881	-38.61547	10.00	-0.04782997
0	10.00	-44.83356	0	0.00	0.1173952	-38.54773	10.00	-0.05210298
0	10.00	-44.71361	0	0.00	0.1199574	-38.47192	10.00	-0.05665491
0	10.00	-44.58057	0	0.00	0.1330402	-38.39571	10.00	-0.06091703
0	10.00	-44.44862	0	0.00	0.1319445	-38.31875	10.00	-0.06514565
0	10.00	-44.31732	0	0.00	0.1313047	-38.24096	10.00	-0.06933536
0	10.00	-44.18615	0	0.00	0.1311702	-38.15959	10.00	-0.07355628
0	10.00	-44.05124	0	0.00	0.1349116	-38.07983	10.00	-0.07791272
0	10.00	-43.92036	0	0.00	0.1308729	-37.99816	10.00	-0.0824687
0	10.00	-43.78758	0	0.00	0.1327868	-37.91618	10.00	-0.08739191
0	10.00	-43.65571	0	0.00	0.1318666	-37.83291	10.00	-0.0923941
0	10.00	-43.52261	0	0.00	0.1330996	-37.75024	10.00	-0.0972034
0	10.00	-43.39125	0	0.00	0.1313641	-37.66598	10.00	-0.1021271
0	10.00	-43.25832	0	0.00	0.1329326	-37.58136	10.00	-0.1067972
0	10.00	-43.1266	0	0.00	0.1317124	-37.49585	10.00	-0.1112914
0	10.00	-42.99458	0	0.00	0.1320266	-37.40948	10.00	-0.1156169
0	10.00	-42.86256	0	0.00	0.1320181	-37.32206	10.00	-0.1197691
0	10.00	-42.73006	0	0.00	0.1325022	-37.23431	10.00	-0.1236823
0	10.00	-42.59822	0	0.00	0.1318313	-37.14547	10.00	-0.1273057
0	10.00	-42.46595	0	0.00	0.1322729	-37.05738	10.00	-0.1307378
0	10.00	-42.33534	0	0.00	0.130611	-36.96639	10.00	-0.1340355
0	10.00	-42.20069	0	0.00	0.1346483	-36.8774	10.00	-0.1370198
0	10.00	-42.06934	0	0.00	0.1313471	-36.78703	10.00	-0.1400172
0	10.00	-41.93644	0	0.00	0.1329099	-36.69715	10.00	-0.1430079
0	10.00	-41.80475	0	0.00	0.1316826	-36.60744	10.00	-0.1457773
0	10.00	-41.67276	0	0.00	0.1319898	-36.51717	10.00	-0.1483724
0	10.00	-41.5397	0	0.00	0.1330586	-36.42901	10.00	-0.1507868
0	10.00	-41.40961	0	0.00	0.1300929	-36.33883	10.00	-0.1530561
0	10.00	-41.27623	0	0.00	0.1333785	-36.24907	10.00	-0.1552198
0	10.00	-41.14386	0	0.00	0.1323777	-36.1594	10.00	-0.157413
0	10.00	-41.01148	0	0.00	0.132372	-36.06973	10.00	-0.1596732
0	10.00	-40.87875	0	0.00	0.1327287	-35.98108	10.00	-0.1616223
0	10.00	-40.74784	0	0.00	0.1309126	-35.88477	10.00	-0.1635954
0	10.00	-40.60564	0	0.00	0.1422046	-35.80011	10.00	-0.1650569
0	10.00	-40.48101	0	0.00	0.1246316	-35.71153	10.00	-0.1663473
0	10.00	-40.35117	0	0.00	0.1298381	-35.62155	10.00	-0.1673896
0	10.00	-40.21934	0	0.00	0.1318284	-35.53057	10.00	-0.1684517
0	10.00	-40.08634	0	0.00	0.1329977	-35.44014	10.00	-0.1693762
0	10.00	-39.95462	0	0.00	0.1317223	-35.3482	10.00	-0.1700619
0	10.00	-39.82106	0	0.00	0.1335554	-35.25768	10.00	-0.1707064
0	10.00	-39.69025	0	0.00	0.130812	-35.16611	10.00	-0.171411
0	10.00	-39.55777	0	0.00	0.1324782	-35.07471	10.00	-0.1723024
0	10.00	-39.42574	0	0.00	0.1320365	-34.98346	10.00	-0.1730915
0	10.00	-39.29379	0	0.00	0.131953	-34.8919	10.00	-0.1738176
0	10.00	-39.16162	0	0.00	0.1321583	-34.79979	10.00	-0.1744454
0	10.00	-39.02885	0	0.00	0.1327698	-34.70902	10.00	-0.1750308
0	10.00	-38.89843	0	0.00	0.1304228	-34.61526	10.00	-0.1753602
0	10.00	-38.7639	0	0.00	0.134535	-34.52365	10.00	-0.1754063
0	10.00	-38.63292	0	0.00	0.1309791	-34.43109	10.00	-0.1751364
0	10.00	-38.50068	0	0.00	0.132239	-34.33875	10.00	-0.1748509
0	10.00	-38.36917	0	0.00	0.1315057	-34.24453	10.00	-0.1744897
0	10.00	-38.23532	0	0.00	0.1338527	-34.15162	10.00	-0.1743902
0	10.00	-38.10364	0	0.00	0.1316784	-34.05854	10.00	-0.1745053
0	10.00	-37.9716	0	0.00	0.1320478	-33.96553	10.00	-0.1747592
0	10.00	-37.83994	0	0.00	0.1316557	-33.87164	10.00	-0.1751457
0	10.00	-37.70724	0	0.00	0.1326962	-33.77834	10.00	-0.1754849
0	10.00	-37.57536	0	0.00	0.1318851	-33.685	10.00	-0.1758722
0	10.00	-37.44351	0	0.00	0.1318497	-33.59037	10.00	-0.1761397
0	10.00	-37.31011	0	0.00	0.1333997	-33.49636	10.00	-0.1764793
0	10.00	-37.17771	0	0.00	0.1324003	-33.40326	10.00	-0.1767452
0	10.00	-37.04654	0	0.00	0.1311716	-33.30891	10.00	-0.1771015
0	10.00	-36.91356	0	0.00	0.1329793	-33.21515	10.00	-0.1774795
0	10.00	-36.78188	0	0.00	0.1316727	-33.12142	10.00	-0.1777486
0	10.00	-36.65112	0	0.00	0.130771	-33.02499	10.00	-0.1779715
0	10.00	-36.517	0	0.00	0.134116	-32.92799	10.00	-0.1781104
0	10.00	-36.38268	0	0.00	0.1343241	-32.82579	10.00	-0.1781612
0	10.00	-36.24176	0	0.00	0.1409164	-32.73183	10.00	-0.1781173
0	10.00	-36.11252	0	0.00	0.1292408	-32.64216	10.00	-0.1778704
0	10.00	-35.98954	0	0.00	0.1229712	-32.54542	10.00	-0.1775672
0	10.00	-35.85714	0	0.00	0.1324102	-32.44883	10.00	-0.1771616
0	10.00	-35.72514	0	0.00	0.1319941	-32.35096	10.00	-0.176766
0	10.00	-35.59168	0	0.00	0.1334634	-32.25493	10.00	-0.1763519
0	10.00	-35.46071	0	0.00	0.1309692	-32.15781	10.00	-0.1759222
0	10.00	-35.32816	0	0.00	0.1325546	-32.06224	10.00	-0.1755394
0	10.00	-35.19789	0	0.00	0.1302628	-31.96386	10.00	-0.1751278
0	10.00	-35.06378	0	0.00	0.1341089	-31.86713	10.00	-0.1747908
0	10.00	-34.93214	0	0.00	0.1316458	-31.7702	10.00	-0.1744034
0	10.00	-34.80026	0	0.00	0.1318766	-31.67213	10.00	-0.1740604
0	10.00	-34.66681	0	0.00	0.133445	-31.57544	10.00	-0.1736979
0	10.00	-34.53516	0	0.00	0.1316586	-31.47839	10.00	-0.1734254
0	10.00	-34.40287	0	0.00	0.1322913	-31.38149	10.00	-0.1731436
0	10.00	-34.27065	0	0.00	0.1322163	-31.28555	10.00	-0.1728883
0	10.00	-34.13971	0	0.00	0.1309338	-31.18751	10.00	-0.1727302
0	10.00	-34.00573	0	0.00	0.1339829	-31.09245	10.00	-0.1725824
0	10.00	-33.87594	0	0.00	0.1297886	-30.99492	10.00	-0.172411
0	10.00	-33.74281	0	0.00	0.1331364	-30.89694	10.00	-0.1722414
0	10.00	-33.60915	0	0.00	0.1336616	-30.80053	10.00	-0.1719866
0	10.00	-33.47761	0	0.00	0.1315326	-30.70366	10.00	-0.1717192
0	10.00	-33.34533	0	0.00	0.1322786	-30.60672	10.00	-0.1714721
0	10.00	-33.21299	0	0.00	0.1323465	-30.50977	10.00	-0.1712792
0	10.00	-33.08055	0	0.00	0.1324385	-30.41331	10.00	-0.1709994
0	10.00	-32.94876	0	0.00	0.1317888	-30.31691	10.00	-0.1706987
0	10.00	-32.81688	0	0.00	0.1318751	-30.21954	10.00	-0.170398
0	10.00	-32.68339	0	0.00	0.133496	-30.12519	10.00	-0.1700483
0	10.00	-32.55405	0	0.00	0.1293427	-30.02729	10.00	-0.1696814
0	10.00	-32.42004	0	0.00	0.1340013	-29.93091	10.00	-0.1693053
0	10.00	-32.28831	0	0.00	0.1317364	-29.83388	10.00	-0.1689391
0	10.00	-32.15591	0	0.00	0.1324003	-29.73682	10.00	-0.1684869
0	10.00	-32.02367	0	0.00	0.1322404	-29.63962	10.00	-0.1680176
0	10.00	-31.89126	0	0.00	0.1324102	-29.53067	10.00	-0.1675164
0	10.00	-31.74303	0	0.00	0.1482307	-29.4423	10.00	-0.1671589
0	10.00	-31.62285	0	0.00	0.1201768	-29.34845	10.00	-0.166797
0	10.00	-31.49533	0	0.00	0.1275208	-29.25067	10.00	-0.1664661
0	10.00	-31.36273	0	0.00	0.1326028	-29.15322	10.00	-0.1661442
0	10.00	-31.23075	0	0.00	0.1319771	-29.05655	10.00	-0.1658839
0	10.00	-31.09988	0	0.00	0.1308687	-28.95759	10.00	-0.1655702
0	10.00	-30.96607	0	0.00	0.1338102	-28.85984	10.00	-0.1652932
0	10.00	-30.83386	0	0.00	0.1322135	-28.76206	10.00	-0.1649678
0	10.00	-30.70161	0	0.00	0.1322418	-28.66394	10.00	-0.1646431
0	10.00	-30.5689	0	0.00	0.1327202	-28.56609	10.00	-0.164292
0	10.00	-30.4366	0	0.00	0.132297	-28.46997	10.00	-0.163966
0	10.00	-30.30655	0	0.00	0.1300533	-28.37073	10.00	-0.1636569
0	10.00	-30.17235	0	0.00	0.134191	-28.27337	10.00	-0.1633085
0	10.00	-30.04065	0	0.00	0.1316996	-28.17591	10.00	-0.1629824
0	10.00	-29.90876	0	0.00	0.1318935	-28.07831	10.00	-0.1627035
0	10.00	-29.77659	0	0.00	0.1321668	-27.98019	10.00	-0.1624606
0	10.00	-29.6437	0	0.00	0.1328915	-27.88255	10.00	-0.1622045
0	10.00	-29.51129	0	0.00	0.1324088	-27.78555	10.00	-0.1619454
0	10.00	-29.3797	0	0.00	0.1315906	-27.68857	10.00	-0.1616681
0	10.00	-29.24807	0	0.00	0.1316288	-27.59054	10.00	-0.1613381
0	10.00	-29.11522	0	0.00	0.1328533	-27.49342	10.00	-0.1609709
0	10.00	-28.98356	0	0.00	0.1316628	-27.3959	10.00	-0.1606388
0	10.00	-28.85143	0	0.00	0.1321229	-27.29743	10.00	-0.1603043
0	10.00	-28.7182	0	0.00	0.1332327	-27.20033	10.00	-0.1599775
0	10.00	-28.58682	0	0.00	0.1313811	-27.10246	10.00	-0.1595932
0	10.00	-28.45442	0	0.00	0.1323975	-27.00495	10.00	-0.1591797
0	10.00	-28.32257	0	0.00	0.1318582	-26.90706	10.00	-0.1587334
0	10.00	-28.18997	0	0.00	0.1325999	-26.81071	10.00	-0.1582325
0	10.00	-28.05934	0	0.00	0.1306238	-26.71265	10.00	-0.1577704
0	10.00	-27.9262	0	0.00	0.1331393	-26.61522	10.00	-0.1572666
0	10.00	-27.79386	0	0.00	0.1323423	-26.5172	10.00	-0.156751
0	10.00	-27.66067	0	0.00	0.1331888	-26.41547	10.00	-0.1562162
0	10.00	-27.52234	0	0.00	0.1383259	-26.31082	10.00	-0.1557361
0	10.00	-27.38012	0	0.00	0.1422287	-26.20953	10.00	-0.1553324
0	10.00	-27.2425	0	0.00	0.1376196	-26.12349	10.00	-0.1550459
0	10.00	-27.12561	0	0.00	0.116887	-26.03204	10.00	-0.1547317
0	10.00	-27.0012	0	0.00	0.1244066	-25.93455	10.00	-0.15437
0	10.00	-26.86853	0	0.00	0.1326735	-25.83847	10.00	-0.1539892
0	10.00	-26.73787	0	0.00	0.1306549	-25.73353	10.00	-0.1535998
0	10.00	-26.59529	0	0.00	0.1425797	-25.64299	10.00	-0.1532547
0	10.00	-26.47241	0	0.00	0.1228848	-25.5453	10.00	-0.1528349
0	10.00	-26.33978	0	0.00	0.1326353	-25.4481	10.00	-0.1524341
0	10.00	-26.20805	0	0.00	0.1317237	-25.35018	10.00	-0.1519123
0	10.00	-26.07521	0	0.00	0.1328406	-25.25297	10.00	-0.1514046
0	10.00	-25.94333	0	0.00	0.131878	-25.15598	10.00	-0.1508972
0	10.00	-25.81174	0	0.00	0.1315977	-25.05811	10.00	-0.1503416
0	10.00	-25.67891	0	0.00	0.1328292	-24.96056	10.00	-0.1498144
0	10.00	-25.54655	0	0.00	0.1323508	-24.8634	10.00	-0.1493815
0	10.00	-25.41479	0	0.00	0.1317662	-24.76537	10.00	-0.1488535
0	10.00	-25.28173	0	0.00	0.1330586	-24.66856	10.00	-0.1482389
0	10.00	-25.15028	0	0.00	0.1314547	-24.57008	10.00	-0.1476184
0	10.00	-25.01669	0	0.00	0.133588	-24.4734	10.00	-0.1471529
0	10.00	-24.88564	0	0.00	0.1310456	-24.3751	10.00	-0.1466053
0	10.00	-24.75252	0	0.00	0.1331251	-24.27824	10.00	-0.1461231
0	10.00	-24.62126	0	0.00	0.131258	-24.18163	10.00	-0.1455819
0	10.00	-24.49036	0	0.00	0.1309012	-24.08284	10.00	-0.1451108
0	10.00	-24.35651	0	0.00	0.1338442	-23.98536	10.00	-0.1445086
0	10.00	-24.22444	0	0.00	0.1320747	-23.88805	10.00	-0.1438603
0	10.00	-24.09257	0	0.00	0.1318695	-23.7903	10.00	-0.143097
0	10.00	-23.96022	0	0.00	0.132348	-23.69197	10.00	-0.1424078
0	10.00	-23.82711	0	0.00	0.1331109	-23.59509	10.00	-0.1417047
0	10.00	-23.69594	0	0.00	0.1311659	-23.49742	10.00	-0.1410648
0	10.00	-23.56384	0	0.00	0.1321087	-23.39911	10.00	-0.1404529
0	10.00	-23.43102	0	0.00	0.1328193	-23.30149	10.00	-0.1398791
0	10.00	-23.29914	0	0.00	0.131878	-23.20393	10.00	-0.1393106
0	10.00	-23.16723	0	0.00	0.1319049	-23.09672	10.00	-0.138649
0.02985424	10.00	-23.02231	0.02985424	0.00	0.1449211	-22.99553	10.00	-0.138054
0.06734192	10.00	-22.88539	0.03748768	0.00	0.1369245	-22.90374	10.00	-0.1375545
0.1025709	10.00	-22.76111	0.03522898	0.00	0.1242792	-22.81348	10.00	-0.1370775
0.1443244	10.00	-22.63887	0.04175349	0.00	0.1222421	-22.71542	10.00	-0.1365066
0.1897173	10.00	-22.51112	0.04539287	0.00	0.1277499	-22.6181	10.00	-0.1360395
0.2360802	10.00	-22.39574	0.04636297	0.00	0.1153802	-22.52098	10.00	-0.1355874
0.2836809	10.00	-22.29067	0.0476007	0.00	0.1050663	-22.4239	10.00	-0.1351217
0.3313394	10.00	-22.18803	0.04765844	0.00	0.1026367	-22.3274	10.00	-0.134764
0.3825669	10.00	-22.09483	0.0512275	0.00	0.09320159	-22.22892	10.00	-0.1343112
0.432253	10.00	-21.99971	0.04968617	0.00	0.09512095	-22.13227	10.00	-0.1339114
0.4810379	10.00	-21.90631	0.04878486	0.00	0.09339544	-22.03438	10.00	-0.1334427
0.5304313	10.00	-21.81176	0.04939343	0.00	0.09456051	-21.93847	10.00	-0.1329211
0.57885	10.00	-21.71906	0.04841866	0.00	0.09269439	-21.84115	10.00	-0.132398
0.6280074	10.00	-21.62495	0.04915734	0.00	0.09410854	-21.74373	10.00	-0.1319696
0.6771358	10.00	-21.5309	0.04912849	0.00	0.0940533	-21.64623	10.00	-0.1314206
0.7263094	10.00	-21.43676	0.04917361	0.00	0.09413968	-21.54963	10.00	-0.130851
0.775068	10.00	-21.34341	0.04875863	0.00	0.09334522	-21.45275	10.00	-0.13035
0.8239206	10.00	-21.24989	0.04885253	0.00	0.093525	-21.35597	10.00	-0.129679
0.8727768	10.00	-21.15636	0.04885621	0.00	0.09353203	-21.25922	10.00	-0.1291191
0.9216241	10.00	-21.06284	0.04884729	0.00	0.09351496	-21.1619	10.00	-0.1285795
0.970815	10.00	-20.96867	0.04919092	0.00	0.09417282	-21.06494	10.00	-0.1280418
1.019849	10.00	-20.8748	0.04903406	0.00	0.09387252	-20.96821	10.00	-0.1274556
1.068851	10.00	-20.78099	0.04900153	0.00	0.09381025	-20.87138	10.00	-0.1269371
1.116584	10.00	-20.68715	0.04773355	0.00	0.09383436	-20.77486	10.00	-0.1263939
1.164147	10.00	-20.59365	0.04756238	0.00	0.09349788	-20.67841	10.00	-0.1258416
1.211542	10.00	-20.50048	0.04739531	0.00	0.09316945	-20.58049	10.00	-0.1252452
1.259661	10.00	-20.40589	0.04811929	0.00	0.09459265	-20.48339	10.00	-0.1247203
1.307355	10.00	-20.31214	0.0476942	0.00	0.09375701	-20.38627	10.00	-0.1242055
1.35502	10.00	-20.21844	0.04766457	0.00	0.09369876	-20.28897	10.00	-0.1236632
1.402751	10.00	-20.12461	0.0477315	0.00	0.09383033	-20.19295	10.00	-0.1231503
1.449855	10.00	-20.03201	0.04710358	0.00	0.09259596	-20.09416	10.00	-0.1226358
1.498244	10.00	-19.93689	0.04838855	0.00	0.09512196	-19.99569	10.00	-0.122088
1.546459	10.00	-19.84211	0.04821586	0.00	0.09478248	-19.89935	10.00	-0.1214805
1.593632	10.00	-19.74937	0.04717255	0.00	0.09273155	-19.80164	10.00	-0.120923
1.641454	10.00	-19.65536	0.04782244	0.00	0.09400911	-19.70369	10.00	-0.1203287
1.6894	10.00	-19.56111	0.04794609	0.00	0.09425217	-19.60743	10.00	-0.1198117
1.736512	10.00	-19.4685	0.04711175	0.00	0.09261203	-19.50928	10.00	-0.1192275
1.784645	10.00	-19.37001	0.04813309	0.00	0.09849367	-19.41263	10.00	-0.1187
1.831995	10.00	-19.27312	0.04734984	0.00	0.09689092	-19.31469	10.00	-0.1181562
1.879975	10.00	-19.17494	0.04797981	0.00	0.09818002	-19.21722	10.00	-0.1175742
1.927713	10.00	-19.07725	0.04773763	0.00	0.09768446	-19.12059	10.00	-0.1170078
1.975044	10.00	-18.9804	0.04733094	0.00	0.09685224	-19.02299	10.00	-0.1164397
2.022841	10.00	-18.88259	0.04779741	0.00	0.09780677	-18.92525	10.00	-0.1159294
2.070683	10.00	-18.78469	0.04784186	0.00	0.09789773	-18.82778	10.00	-0.1154245
2.118325	10.00	-18.68721	0.04764209	0.00	0.09748894	-18.72891	10.00	-0.1149514
2.166653	10.00	-18.58831	0.04832775	0.00	0.098892	-18.63241	10.00	-0.1145425
2.213816	10.00	-18.4918	0.04716335	0.00	0.09650932	-18.53468	10.00	-0.114072
2.261561	10.00	-18.39411	0.04774478	0.00	0.09769909	-18.43663	10.00	-0.1136107
2.309472	10.00	-18.29607	0.04791084	0.00	0.09803887	-18.33934	10.00	-0.1131707
2.357046	10.00	-18.19872	0.04757464	0.00	0.09735093	-18.24213	10.00	-0.1126985
2.404619	10.00	-18.10137	0.0475726	0.00	0.09734675	-18.14458	10.00	-0.1122243
2.4524	10.00	-18.0036	0.04778106	0.00	0.09777332	-18.04746	10.00	-0.1117241
2.500012	10.00	-17.90617	0.04761245	0.00	0.0974283	-17.94956	10.00	-0.1112301
2.548026	10.00	-17.80792	0.04801404	0.00	0.09825007	-17.8531	10.00	-0.110664
2.595332	10.00	-17.71112	0.0473059	0.00	0.09680101	-17.75533	10.00	-0.1101139
2.643315	10.00	-17.61293	0.04798288	0.00	0.09818629	-17.65819	10.00	-0.1096325
2.690896	10.00	-17.51557	0.04758077	0.00	0.09736348	-17.56037	10.00	-0.1091208
2.738763	10.00	-17.41762	0.04786689	0.00	0.09794896	-17.46305	10.00	-0.1085897
2.786335	10.00	-17.32027	0.0475726	0.00	0.09734675	-17.36525	10.00	-0.1080967
2.834121	10.00	-17.22249	0.04778515	0.00	0.09778169	-17.26788	10.00	-0.1075685
2.881732	10.00	-17.12506	0.04761143	0.00	0.09742621	-17.17015	10.00	-0.1070936
2.929487	10.00	-17.02734	0.047755	0.00	0.09772	-17.07271	10.00	-0.1065696
2.977142	10.00	-16.92983	0.04765537	0.00	0.09751613	-16.97514	10.00	-0.106068
3.024901	10.00	-16.8321	0.04775858	0.00	0.09772732	-16.87782	10.00	-0.1054583
3.072606	10.00	-16.73448	0.04770544	0.00	0.09761859	-16.78038	10.00	-0.1048722
3.120343	10.00	-16.6368	0.04773661	0.00	0.09768236	-16.68319	10.00	-0.1042664
3.16793	10.00	-16.53942	0.04758691	0.00	0.09737603	-16.58271	10.00	-0.1037481
3.21706	10.00	-16.43889	0.0491299	0.00	0.1005334	-16.4734	10.00	-0.1032017
3.270547	10.00	-16.32944	0.05348706	0.00	0.1094494	-16.37743	10.00	-0.1027384
3.317461	10.00	-16.23344	0.04691402	0.00	0.09599911	-16.29293	10.00	-0.1023767
3.358785	10.00	-16.14888	0.04132401	0.00	0.0845604	-16.19514	10.00	-0.1019519
3.406543	10.00	-16.05115	0.04775807	0.00	0.09772628	-16.09766	10.00	-0.1014901
3.454192	10.00	-15.95365	0.04764873	0.00	0.09750254	-16.00083	10.00	-0.1010114
3.501533	10.00	-15.85678	0.04734115	0.00	0.09687314	-15.90287	10.00	-0.1005996
3.549472	10.00	-15.75868	0.04793945	0.00	0.09809742	-15.80605	10.00	-0.1001431
3.596858	10.00	-15.66172	0.0473856	0.00	0.09696411	-15.70747	10.00	-0.09961329
3.645106	10.00	-15.56299	0.04824804	0.00	0.0987289	-15.6099	10.00	-0.09914233
3.692833	10.00	-15.46532	0.04772741	0.00	0.09766354	-15.51368	10.00	-0.09856444
3.739943	10.00	-15.36893	0.04710919	0.00	0.0963985	-15.41612	10.00	-0.09803715
3.78769	10.00	-15.27122	0.04774734	0.00	0.09770432	-15.31787	10.00	-0.09747393
3.835815	10.00	-15.17274	0.04812491	0.00	0.09847693	-15.2201	10.00	-0.09692118
3.883667	10.00	-15.07483	0.04785208	0.00	0.09791864	-15.12272	10.00	-0.09641705
3.931352	10.00	-14.97725	0.047685	0.00	0.09757677	-15.02634	10.00	-0.0958797
3.978577	10.00	-14.88061	0.04722517	0.00	0.09663583	-14.92902	10.00	-0.09536216
4.026299	10.00	-14.78296	0.04772128	0.00	0.097651	-14.83012	10.00	-0.09480494
4.074794	10.00	-14.68373	0.04849533	0.00	0.09923491	-14.73414	10.00	-0.09424902
4.121851	10.00	-14.58743	0.04705759	0.00	0.09629291	-14.63612	10.00	-0.09367748
4.169907	10.00	-14.4891	0.04805542	0.00	0.09833474	-14.53887	10.00	-0.09314543
4.217514	10.00	-14.39168	0.04760683	0.00	0.0974168	-14.44132	10.00	-0.09260077
4.265277	10.00	-14.29395	0.04776318	0.00	0.09773673	-14.34379	10.00	-0.0920268
4.312999	10.00	-14.19629	0.0477223	0.00	0.09765309	-14.24611	10.00	-0.09139702
4.360788	10.00	-14.0985	0.04778872	0.00	0.097789	-14.1488	10.00	-0.0908014
4.408392	10.00	-14.00109	0.04760479	0.00	0.09741262	-14.05107	10.00	-0.0901422
4.456192	10.00	-13.90328	0.04779996	0.00	0.097812	-13.95374	10.00	-0.08950159
4.503801	10.00	-13.80586	0.04760836	0.00	0.09741994	-13.85726	10.00	-0.08886418
4.551028	10.00	-13.70922	0.04722722	0.00	0.09664001	-13.75896	10.00	-0.08815558
4.599193	10.00	-13.61066	0.04816527	0.00	0.09855953	-13.66216	10.00	-0.08749972
4.646661	10.00	-13.51353	0.04746735	0.00	0.09713139	-13.56421	10.00	-0.08683176
4.694713	10.00	-13.4152	0.04805185	0.00	0.09832743	-13.46618	10.00	-0.08611951
4.742747	10.00	-13.31691	0.04803447	0.00	0.09829187	-13.35564	10.00	-0.08538879
4.79684	10.00	-13.20622	0.0540925	0.00	0.1106883	-13.24651	10.00	-0.08472382
4.850204	10.00	-13.09702	0.05336443	0.00	0.1091985	-13.14405	10.00	-0.0840712
4.900359	10.00	-12.99439	0.05015481	0.00	0.1026307	-13.05158	10.00	-0.08353682
4.945678	10.00	-12.90166	0.04531943	0.00	0.09273614	-12.96554	10.00	-0.08304577
4.987865	10.00	-12.81533	0.04218696	0.00	0.08632623	-12.87996	10.00	-0.08262412
5.029758	10.00	-12.72961	0.04189267	0.00	0.08572403	-12.78494	10.00	-0.08215585
5.076253	10.00	-12.63446	0.04649558	0.00	0.09514286	-12.68861	10.00	-0.08169007
5.123372	10.00	-12.53804	0.0471189	0.00	0.09641836	-12.59013	10.00	-0.08119576
5.171553	10.00	-12.43945	0.0481806	0.00	0.0985909	-12.49249	10.00	-0.08069909
5.219343	10.00	-12.34166	0.04778974	0.00	0.09779108	-12.39584	10.00	-0.080216
5.266705	10.00	-12.24475	0.04736261	0.00	0.09691706	-12.29761	10.00	-0.07979146
5.314833	10.00	-12.14626	0.04812746	0.00	0.09848216	-12.20165	10.00	-0.07933154
5.361879	10.00	-12.04999	0.04704635	0.00	0.09626991	-12.10288	10.00	-0.07886582
5.410309	10.00	-11.95089	0.04842993	0.00	0.0991011	-12.00591	10.00	-0.0783678
5.457828	10.00	-11.85365	0.04751896	0.00	0.09723698	-11.908	10.00	-0.07783052
5.505748	10.00	-11.7556	0.04792054	0.00	0.09805874	-11.81092	10.00	-0.07733396
5.553276	10.00	-11.65834	0.04752713	0.00	0.09725371	-11.71325	10.00	-0.07686395
5.601076	10.00	-11.56053	0.04780047	0.00	0.09781304	-11.61613	10.00	-0.07640015
5.648676	10.00	-11.46313	0.04759968	0.00	0.09740216	-11.51754	10.00	-0.07591688
5.697011	10.00	-11.36422	0.04833592	0.00	0.09890872	-11.42177	10.00	-0.07546505
5.744087	10.00	-11.26789	0.04707497	0.00	0.09632845	-11.32464	10.00	-0.07499177
5.791928	10.00	-11.16999	0.04784186	0.00	0.09789773	-11.22794	10.00	-0.07447976
5.83956	10.00	-11.07253	0.04763136	0.00	0.09746699	-11.13109	10.00	-0.07400857
5.887391	10.00	-10.97465	0.04783062	0.00	0.09787473	-11.03588	10.00	-0.07346962
5.934511	10.00	-10.87823	0.04712094	0.00	0.09642254	-10.93862	10.00	-0.07286353
5.989196	10.00	-10.78603	0.05468461	0.00	0.0921974	-10.84247	10.00	-0.07231575
6.057326	10.00	-10.71151	0.06813005	0.00	0.07452425	-10.74623	10.00	-0.0718382
6.129418	10.00	-10.64966	0.0720923	0.00	0.06184373	-10.6502	10.00	-0.07138301
6.202571	10.00	-10.59439	0.07315277	0.00	0.05527169	-10.55351	10.00	-0.07088026
6.276188	10.00	-10.53877	0.07361674	0.00	0.05562225	-10.45732	10.00	-0.07025296
6.34938	10.00	-10.4873	0.07319202	0.00	0.05146763	-10.36093	10.00	-0.06967451
6.42276	10.00	-10.4357	0.07337966	0.00	0.05159958	-10.26477	10.00	-0.06908169
6.49579	10.00	-10.38435	0.0730303	0.00	0.05135392	-10.16691	10.00	-0.06842957
6.570079	10.00	-10.32951	0.07428954	0.00	0.05483353	-10.07093	10.00	-0.06788984
6.642899	10.00	-10.27577	0.07281911	0.00	0.0537482	-9.974229	10.00	-0.06728709
6.716413	10.00	-10.22151	0.0735139	0.00	0.05426102	-9.878674	10.00	-0.0668927
6.788981	10.00	-10.16794	0.07256868	0.00	0.05356336	-9.782222	10.00	-0.0663797
6.862382	10.00	-10.11376	0.07340086	0.00	0.05417758	-9.685712	10.00	-0.06587002
6.935583	10.00	-10.05973	0.07320066	0.00	0.05402982	-9.588971	10.00	-0.06536575
7.009004	10.00	-10.00554	0.07342126	0.00	0.05419265	-9.49222	10.00	-0.06499209
7.082222	10.00	-9.951499	0.07321871	0.00	0.05404314	-9.394042	10.00	-0.06463802
7.156523	10.00	-9.896657	0.07430053	0.00	0.05484164	-9.298262	10.00	-0.06426483
7.229012	10.00	-9.843152	0.07248939	0.00	0.05350483	-9.201551	10.00	-0.06403137
7.302307	10.00	-9.789053	0.07329486	0.00	0.05409935	-9.105065	10.00	-0.06387793
7.37551	10.00	-9.735022	0.07320223	0.00	0.05403098	-9.008535	10.00	-0.06378599
7.448767	10.00	-9.68095	0.07325719	0.00	0.05407154	-8.911822	10.00	-0.06361637
7.522113	10.00	-9.626813	0.07334668	0.00	0.0541376	-8.814887	10.00	-0.06348446
7.59557	10.00	-9.572594	0.07345659	0.00	0.05421872	-8.717513	10.00	-0.06328787
7.669264	10.00	-9.5182	0.07369446	0.00	0.0543943	-8.621119	10.00	-0.0631505
7.742189	10.00	-9.464374	0.07292432	0.00	0.05382585	-8.524391	10.00	-0.06283762
7.81535	10.00	-9.410373	0.0731614	0.00	0.05400084	-8.427367	10.00	-0.06261537
7.888801	10.00	-9.356158	0.07345109	0.00	0.05421466	-8.330858	10.00	-0.06223314
7.96207	10.00	-9.302079	0.07326818	0.00	0.05407965	-8.234941	10.00	-0.06191
8.034986	10.00	-9.24826	0.07291568	0.00	0.05381947	-8.138164	10.00	-0.0615273
8.108552	10.00	-9.193959	0.07356728	0.00	0.05430042	-8.041209	10.00	-0.06118079
8.182101	10.00	-9.139671	0.07354923	0.00	0.0542871	-7.944811	10.00	-0.06088207
8.255205	10.00	-9.085713	0.07310331	0.00	0.05395796	-7.847748	10.00	-0.06064677
8.328737	10.00	-9.03144	0.07353195	0.00	0.05427435	-7.750799	10.00	-0.06041459
8.402072	10.00	-8.97731	0.0733349	0.00	0.05412891	-7.653346	10.00	-0.06025896
8.475766	10.00	-8.922916	0.07369446	0.00	0.0543943	-7.558076	10.00	-0.06002661
8.550201	10.00	-8.873596	0.07443488	0.00	0.04931977	-7.457553	10.00	-0.05984436
8.632626	10.00	-8.824261	0.08242487	0.00	0.0493358	-7.362261	10.00	-0.05963534
8.714441	10.00	-8.781301	0.08181551	0.00	0.04296019	-7.26522	10.00	-0.05957865
8.801576	10.00	-8.75032	0.08713386	0.00	0.03098022	-7.167998	10.00	-0.05948322
8.888968	10.00	-8.728208	0.0873931	0.00	0.02211228	-7.07063	10.00	-0.05944426
8.981661	10.00	-8.713748	0.09269246	0.00	0.01446015	-6.973896	10.00	-0.05940459
9.073822	10.00	-8.700645	0.09216148	0.00	0.01310217	-6.873742	10.00	-0.05937257
9.169179	10.00	-8.691048	0.09535636	0.00	0.009598305	-6.778947	10.00	-0.0593005
9.259504	10.00	-8.689454	0.09032578	0.00	0.001593434	-6.681684	10.00	-0.05934649
9.352163	10.00	-8.689101	0.0926588	0.00	0.0003525595	-6.585664	10.00	-0.05925424
9.443719	10.00	-8.688753	0.09155519	0.00	0.0003483603	-6.488229	10.00	-0.05925397
9.536506	10.00	-8.688753	0.09278757	0.00	0	-6.390881	10.00	-0.05919616
9.634335	10.00	-8.688753	0.09782872	0.00	0	-6.293788	10.00	-0.05916346
9.730587	10.00	-8.688753	0.09625209	0.00	0	-6.196671	10.00	-0.0591263
9.820436	10.00	-8.688753	0.0898491	0.00	0	-6.09867	10.00	-0.05918432
9.872295	10.00	-8.69297	0.05185904	0.00	-0.004216967	-6.001015	10.00	-0.05922215
9.891855	10.00	-8.733019	0.01956041	0.00	-0.04004922	-5.903885	10.00	-0.05924375
9.891855	10.00	-8.791922	0	0.00	-0.05890228	-5.806289	10.00	-0.05922113
9.891855	10.00	-8.849802	0	0.00	-0.05788012	-5.708562	10.00	-0.05921383
9.822451	10.00	-8.891073	-0.06940443	0.00	-0.04127182	-5.610618	10.00	-0.05923241
9.760613	10.00	-8.922169	-0.06183777	0.00	-0.03109502	-5.513616	10.00	-0.05914441
9.69934	10.00	-8.947903	-0.06127334	0.00	-0.02573417	-5.41503	10.00	-0.05902379
9.637046	10.00	-8.974066	-0.06229434	0.00	-0.02616298	-5.317141	10.00	-0.05891661
9.575165	10.00	-9.000055	-0.06188079	0.00	-0.02598929	-5.219619	10.00	-0.05879433
9.513472	10.00	-9.02341	-0.06169352	0.00	-0.02335472	-5.120999	10.00	-0.05873354
9.404564	10.00	-9.041857	-0.1089072	0.00	-0.01844735	-5.02444	10.00	-0.05861482
9.276319	10.00	-9.054869	-0.1282455	0.00	-0.01301133	-4.926576	10.00	-0.05863164
9.14372	10.00	-9.062925	-0.1325985	0.00	-0.0080567	-4.829155	10.00	-0.05853891
9.011774	10.00	-9.067109	-0.1319459	0.00	-0.004184197	-4.731378	10.00	-0.05839317
8.879432	10.00	-9.067109	-0.1323423	0.00	0	-4.633883	10.00	-0.05823075
8.747486	10.00	-9.067109	-0.1319459	0.00	0	-4.536691	10.00	-0.05807006
8.615956	10.00	-9.067109	-0.1315297	0.00	0	-4.438365	10.00	-0.05791831
8.484013	10.00	-9.067109	-0.131944	0.00	0	-4.340576	10.00	-0.05780729
8.351428	10.00	-9.060337	-0.1325843	0.00	0.00677204	-4.243999	10.00	-0.05772496
8.311666	10.00	-8.949377	-0.03976243	0.00	0.1109597	-4.146598	10.00	-0.05774934
8.311666	10.00	-8.819476	0	0.00	0.1299015	-4.049559	10.00	-0.05777521
8.338861	10.00	-8.687458	0.02719618	0.00	0.1320181	-3.952313	10.00	-0.05793519
8.391788	10.00	-8.555029	0.05292657	0.00	0.1324286	-3.855436	10.00	-0.05811916
8.444505	10.00	-8.426957	0.05271668	0.00	0.1280718	-3.757948	10.00	-0.05840018
8.500114	10.00	-8.304527	0.0556092	0.00	0.1224302	-3.661134	10.00	-0.05866439
8.555254	10.00	-8.185679	0.05513942	0.00	0.1188476	-3.561909	10.00	-0.05890012
8.611796	10.00	-8.063807	0.05654284	0.00	0.1218725	-3.466649	10.00	-0.05904951
8.666011	10.00	-7.950712	0.05421408	0.00	0.1130948	-3.36944	10.00	-0.05917255
8.718824	10.00	-7.845436	0.052814	0.00	0.1052761	-3.272146	10.00	-0.05932611
8.772904	10.00	-7.728673	0.05408023	0.00	0.1167634	-3.174508	10.00	-0.05939905
8.820799	10.00	-7.599831	0.04789397	0.00	0.1288415	-3.078403	10.00	-0.05945846
8.860377	10.00	-7.469135	0.03957896	0.00	0.130696	-2.981226	10.00	-0.05947144
8.899139	10.00	-7.336909	0.03876203	0.00	0.1322262	-2.883332	10.00	-0.05943496
8.938248	10.00	-7.203504	0.0391077	0.00	0.1334054	-2.786175	10.00	-0.05945534
8.977087	10.00	-7.071011	0.03884004	0.00	0.1324923	-2.689618	10.00	-0.05940745
9.014442	10.00	-6.939232	0.0373549	0.00	0.1317789	-2.592482	10.00	-0.05931993
9.052012	10.00	-6.806695	0.03756998	0.00	0.1325376	-2.495796	10.00	-0.05920832
9.091971	10.00	-6.674742	0.03995962	0.00	0.131953	-2.399103	10.00	-0.05914069
9.133324	10.00	-6.542422	0.04135189	0.00	0.1323196	-2.302669	10.00	-0.05907579
9.17839	10.00	-6.416871	0.04506553	0.00	0.1255511	-2.205972	10.00	-0.05905117
9.231343	10.00	-6.303617	0.0529543	0.00	0.1132535	-2.109741	10.00	-0.05905676
9.28791	10.00	-6.20489	0.05656651	0.00	0.09872787	-2.013304	10.00	-0.05894825
9.344655	10.00	-6.110977	0.05674494	0.00	0.0939127	-1.9171	10.00	-0.05878541
9.402521	10.00	-6.017323	0.05786647	0.00	0.09365356	-1.820587	10.00	-0.05858985
9.468373	10.00	-5.929638	0.0658521	0.00	0.08768507	-1.724654	10.00	-0.05836651
9.547775	10.00	-5.855337	0.07940144	0.00	0.07430139	-1.628599	10.00	-0.05817118
9.627284	10.00	-5.786042	0.07950898	0.00	0.06929506	-1.531959	10.00	-0.05802957
9.70717	10.00	-5.722833	0.07988542	0.00	0.06320922	-1.435394	10.00	-0.05786023
9.787025	10.00	-5.662211	0.0798564	0.00	0.06062162	-1.339209	10.00	-0.05775072
9.866426	10.00	-5.601935	0.07940058	0.00	0.0602756	-1.242265	10.00	-0.05780176
9.946321	10.00	-5.541285	0.07989481	0.00	0.06065078	-1.145571	10.00	-0.05792304
10.02458	10.00	-5.480908	0.0782566	0.00	0.06037668	-1.048076	10.00	-0.05806199
10.10334	10.00	-5.420137	0.07876725	0.00	0.06077066	-0.9514147	10.00	-0.05821589
10.18141	10.00	-5.359908	0.07806511	0.00	0.06022894	-0.8546634	10.00	-0.05827614
10.25944	10.00	-5.299707	0.078029	0.00	0.06020108	-0.7572784	10.00	-0.05829266
10.33794	10.00	-5.239142	0.07850017	0.00	0.0605646	-0.6590623	10.00	-0.05828685
10.41708	10.00	-5.185836	0.07913597	0.00	0.0533062	-0.5618848	10.00	-0.05827717
10.49403	10.00	-5.134418	0.07695302	0.00	0.05141905	-0.4640529	10.00	-0.05819906
10.57136	10.00	-5.082743	0.07733472	0.00	0.0516741	-0.3651004	10.00	-0.05815394
10.65597	10.00	-5.034428	0.08460792	0.00	0.04831497	-0.2684459	10.00	-0.05807924
10.73724	10.00	-4.987298	0.08126956	0.00	0.04713065	-0.1709552	10.00	-0.05800486
10.81919	10.00	-4.939775	0.0819453	0.00	0.04752253	-0.07304125	10.00	-0.05790357
10.90152	10.00	-4.892024	0.08233912	0.00	0.04775092	0.02448059	10.00	-0.05789886
10.98494	10.00	-4.844392	0.08341258	0.00	0.04763238	0.1224387	10.00	-0.05793197
11.06886	10.00	-4.800324	0.08392436	0.00	0.04406752	0.2195475	10.00	-0.05792387
11.15725	10.00	-4.757871	0.0883835	0.00	0.04245343	0.3167681	10.00	-0.05792536
11.24453	10.00	-4.719165	0.08728828	0.00	0.038706	0.4142093	10.00	-0.05788719
11.33214	10.00	-4.680316	0.08761021	0.00	0.03884876	0.5112431	10.00	-0.0578653
11.4195	10.00	-4.641579	0.08735847	0.00	0.03873713	0.6079779	10.00	-0.05786648
11.5067	10.00	-4.602914	0.0871947	0.00	0.03866451	0.7051007	10.00	-0.05790621
11.59429	10.00	-4.564072	0.08759523	0.00	0.03884212	0.8018727	10.00	-0.05789637
11.68161	10.00	-4.525355	0.08731261	0.00	0.0387168	0.8988068	10.00	-0.05787633
11.76912	10.00	-4.486548	0.08751757	0.00	0.03880768	0.9957899	10.00	-0.05778817
11.85662	10.00	-4.447751	0.08749416	0.00	0.0387973	1.091355	10.00	-0.05764369
11.94292	10.00	-4.409481	0.08630471	0.00	0.03826987	1.188998	10.00	-0.05754757
12.03115	10.00	-4.370359	0.08822505	0.00	0.0391214	1.285588	10.00	-0.05734788
12.11846	10.00	-4.331643	0.08731261	0.00	0.0387168	1.38221	10.00	-0.05705182
12.20588	10.00	-4.29288	0.08741649	0.00	0.03876286	1.479013	10.00	-0.05681515
12.29356	10.00	-4.254	0.08767946	0.00	0.03887947	1.574957	10.00	-0.05650467
12.38064	10.00	-4.215386	0.08708053	0.00	0.03861388	1.670792	10.00	-0.05618559
12.468	10.00	-4.176646	0.08736596	0.00	0.03874045	1.76649	10.00	-0.05588681
12.55543	10.00	-4.137878	0.08742679	0.00	0.03876742	1.861923	10.00	-0.05574913
12.64278	10.00	-4.099143	0.08735473	0.00	0.03873547	1.957038	10.00	-0.05560784
12.7301	10.00	-4.060422	0.08732104	0.00	0.03872053	2.052233	10.00	-0.05553997
12.81641	10.00	-4.021583	0.0863058	0.00	0.03883921	2.147022	10.00	-0.05541218
12.90121	10.00	-3.982846	0.08479854	0.00	0.03873672	2.241915	10.00	-0.05516697
12.98744	10.00	-3.944042	0.08622835	0.00	0.03880436	2.336339	10.00	-0.05502794
13.07207	10.00	-3.905382	0.08463138	0.00	0.03866036	2.430413	10.00	-0.05491458
13.15513	10.00	-3.866856	0.08306453	0.00	0.03852591	2.52503	10.00	-0.05473045
13.23896	10.00	-3.827975	0.08383041	0.00	0.03888113	2.619209	10.00	-0.05458483
13.32149	10.00	-3.789103	0.08252676	0.00	0.038872	2.712469	10.00	-0.05440835
13.40362	10.00	-3.750415	0.08213472	0.00	0.03868733	2.807952	10.00	-0.05424272
13.48791	10.00	-3.710716	0.0842835	0.00	0.03969946	2.901284	10.00	-0.05418475
13.57702	10.00	-3.682061	0.08911655	0.00	0.02865494	2.991723	10.00	-0.05426912
13.67114	10.00	-3.666714	0.09411526	0.00	0.01534726	3.083301	10.00	-0.05438419
13.77176	10.00	-3.666714	0.1006225	0.00	0	3.176594	10.00	-0.0544758
13.87688	10.00	-3.666714	0.1051217	0.00	0	3.26816	10.00	-0.05460632
13.97466	10.00	-3.666714	0.09777354	0.00	0	3.361649	10.00	-0.05479485
14.06114	10.00	-3.666714	0.08648008	0.00	0	3.455096	10.00	-0.05504416
14.14083	10.00	-3.666714	0.07969251	0.00	0	3.548965	10.00	-0.05518261
14.21929	10.00	-3.666714	0.07845818	0.00	0	3.64317	10.00	-0.05527571
14.29383	10.00	-3.666714	0.07454661	0.00	0	3.736887	10.00	-0.05546865
14.36781	10.00	-3.666714	0.07397869	0.00	0	3.832341	10.00	-0.05574727
14.44306	10.00	-3.666714	0.07524873	0.00	0	3.926989	10.00	-0.05601746
14.52034	10.00	-3.666714	0.07727442	0.00	0	4.021685	10.00	-0.05622182
14.60125	10.00	-3.666714	0.08090889	0.00	0	4.115742	10.00	-0.05625925
14.68014	10.00	-3.666714	0.07889696	0.00	0	4.211716	10.00	-0.05627023
14.76045	10.00	-3.666714	0.0803088	0.00	0	4.307145	10.00	-0.05636046
14.84031	10.00	-3.666714	0.07985469	0.00	0	4.402396	10.00	-0.05633905
14.91998	10.00	-3.666714	0.07967288	0.00	0	4.49864	10.00	-0.05626787
15.00051	10.00	-3.666714	0.08052733	0.00	0	4.592833	10.00	-0.05623081
15.07924	10.00	-3.666714	0.07873819	0.00	0	4.688734	10.00	-0.05620953
15.15931	10.00	-3.666714	0.08006639	0.00	0	4.783826	10.00	-0.05622366
15.23863	10.00	-3.666714	0.07932035	0.00	0	4.88001	10.00	-0.05629015
15.31748	10.00	-3.666714	0.07885209	0.00	0	4.975635	10.00	-0.05638564
15.39823	10.00	-3.666714	0.08074497	0.00	0	5.071736	10.00	-0.05636547
15.47922	10.00	-3.666714	0.08099302	0.00	0	5.167623	10.00	-0.05630638
15.56	10.00	-3.666714	0.08077792	0.00	0	5.264642	10.00	-0.05614229
15.64024	10.00	-3.666714	0.08024479	0.00	0	5.360573	10.00	-0.05593413
15.71817	10.00	-3.666714	0.07792569	0.00	0	5.45646	10.00	-0.05571312
15.79605	10.00	-3.666714	0.07788369	0.00	0	5.553926	10.00	-0.05542816
15.87501	10.00	-3.666714	0.07895203	0.00	0	5.650995	10.00	-0.05519102
15.95346	10.00	-3.666714	0.0784565	0.00	0	5.748283	10.00	-0.05493786
16.03201	10.00	-3.666714	0.07854637	0.00	0	5.846564	10.00	-0.05468866
16.11129	10.00	-3.666714	0.07928631	0.00	0	5.943312	10.00	-0.05445631
16.18925	10.00	-3.666714	0.07795089	0.00	0	6.0432	10.00	-0.05429098
16.26966	10.00	-3.666714	0.08041345	0.00	0	6.137374	10.00	-0.05408965
16.34558	10.00	-3.660178	0.07592508	0.00	0.006536186	6.233806	10.00	-0.0538879
16.42331	10.00	-3.652218	0.07772412	0.00	0.007959508	6.331783	10.00	-0.05375646
16.50219	10.00	-3.64414	0.07888401	0.00	0.008078289	6.428767	10.00	-0.05361881
16.58027	10.00	-3.636144	0.07807351	0.00	0.007995289	6.526299	10.00	-0.05347586
16.65884	10.00	-3.628098	0.07857408	0.00	0.008046551	6.624419	10.00	-0.05328824
16.73793	10.00	-3.619999	0.07908642	0.00	0.008099017	6.721281	10.00	-0.05308149
16.81618	10.00	-3.614539	0.07825828	0.00	0.005459881	6.818393	10.00	-0.05292958
16.89484	10.00	-3.610335	0.07865219	0.00	0.004203769	6.914708	10.00	-0.05284686
16.97293	10.00	-3.599789	0.07809199	0.00	0.01054609	7.011789	10.00	-0.05271145
17.05159	10.00	-3.587882	0.07866479	0.00	0.01190724	7.108271	10.00	-0.05257232
17.12975	10.00	-3.576051	0.07816003	0.00	0.01183083	7.205523	10.00	-0.05238782
17.20855	10.00	-3.564123	0.07880002	0.00	0.01192771	7.301042	10.00	-0.05220213
17.2859	10.00	-3.543579	0.07735037	0.00	0.02054471	7.398973	10.00	-0.05202143
17.36533	10.00	-3.522482	0.07942992	0.00	0.02109706	7.495641	10.00	-0.05183025
17.44362	10.00	-3.501688	0.07828936	0.00	0.02079411	7.592579	10.00	-0.05164434
17.52223	10.00	-3.480809	0.07860684	0.00	0.02087844	7.689033	10.00	-0.05152195
17.60044	10.00	-3.460037	0.07820537	0.00	0.02077181	7.785773	10.00	-0.05132547
17.67895	10.00	-3.431495	0.07851446	0.00	0.02854198	7.882147	10.00	-0.05111278
17.7572	10.00	-3.399219	0.07824904	0.00	0.03227653	7.979198	10.00	-0.05092205
17.83591	10.00	-3.365468	0.0787093	0.00	0.03375091	8.07659	10.00	-0.05063991
17.91482	10.00	-3.331629	0.07891424	0.00	0.03383879	8.172879	10.00	-0.05039482
17.99285	10.00	-3.298172	0.07802311	0.00	0.03345667	8.269253	10.00	-0.05027445
18.07091	10.00	-3.264699	0.07806259	0.00	0.0334736	8.367217	10.00	-0.05021366
18.15032	10.00	-3.230648	0.07940893	0.00	0.03405092	8.463151	10.00	-0.05022083
18.22812	10.00	-3.194745	0.07780559	0.00	0.03590295	8.55996	10.00	-0.05018014
18.3065	10.00	-3.157297	0.07838091	0.00	0.03744759	8.655626	10.00	-0.05016917
18.38398	10.00	-3.120282	0.07747635	0.00	0.03701542	8.752688	10.00	-0.05027159
18.4626	10.00	-3.082718	0.07862531	0.00	0.03756436	8.84936	10.00	-0.05029001
18.54092	10.00	-3.037634	0.07831287	0.00	0.04508342	8.946911	10.00	-0.05017531
18.62014	10.00	-2.990732	0.07922584	0.00	0.04690196	9.043018	10.00	-0.05003152
18.69854	10.00	-2.944323	0.07839435	0.00	0.04640971	9.139883	10.00	-0.0498804
18.77786	10.00	-2.897362	0.07932494	0.00	0.04696062	9.237726	10.00	-0.04973013
18.85843	10.00	-2.849669	0.0805621	0.00	0.04769303	9.328035	10.00	-0.04950222
18.93315	10.00	-2.805434	0.07472152	0.00	0.04423538	9.423116	10.00	-0.0493825
19.01219	10.00	-2.758639	0.07904358	0.00	0.04679406	9.516079	10.00	-0.04929886
19.09002	10.00	-2.708755	0.07782742	0.00	0.04988449	9.609845	10.00	-0.04955971
19.16908	10.00	-2.658082	0.07905786	0.00	0.05067315	9.702458	10.00	-0.04972376
19.24766	10.00	-2.600017	0.07858416	0.00	0.05806443	9.79391	10.00	-0.04988279
19.32596	10.00	-2.540885	0.07829944	0.00	0.05913189	9.885472	10.00	-0.05021472
19.4045	10.00	-2.481574	0.07853713	0.00	0.0593114	9.97657	10.00	-0.05051986
19.48299	10.00	-2.422297	0.07849178	0.00	0.05927715	10.06769	10.00	-0.05083937
19.56191	10.00	-2.362692	0.07892516	0.00	0.05960444	10.15709	10.00	-0.05125109
19.63965	10.00	-2.303988	0.07773419	0.00	0.05870502	10.24699	10.00	-0.05149503
19.71813	10.00	-2.240877	0.07848002	0.00	0.06311062	10.33649	10.00	-0.05163871
19.79657	10.00	-2.172678	0.07843971	0.00	0.0681987	10.42545	10.00	-0.05176974
19.87495	10.00	-2.100693	0.07838091	0.00	0.07198508	10.51458	10.00	-0.05185457
19.95397	10.00	-2.028116	0.0790251	0.00	0.07257671	10.60237	10.00	-0.05206779
20.03098	10.00	-1.956222	0.07700425	0.00	0.07189406	10.68937	10.00	-0.05212944
20.10815	10.00	-1.884166	0.07717776	0.00	0.07205605	10.77509	10.00	-0.05222639
20.18498	10.00	-1.808618	0.0768225	0.00	0.07554797	10.86	10.00	-0.05225082
20.26201	10.00	-1.732866	0.07703069	0.00	0.07575271	10.94466	10.00	-0.05245197
20.33921	10.00	-1.65694	0.07720667	0.00	0.07592577	11.02821	10.00	-0.05272066
20.41611	10.00	-1.581326	0.07688942	0.00	0.07561378	11.11068	10.00	-0.05313935
20.49248	10.00	-1.506215	0.07637801	0.00	0.07511085	11.19423	10.00	-0.05357624
20.5704	10.00	-1.429591	0.07791719	0.00	0.0766245	11.27549	10.00	-0.0542235
20.64678	10.00	-1.354478	0.07637966	0.00	0.07511248	11.35817	10.00	-0.05518531
20.72481	10.00	-1.269971	0.07803367	0.00	0.08450681	11.43964	10.00	-0.05627365
20.8021	10.00	-1.184991	0.0772868	0.00	0.08498022	11.52026	10.00	-0.05726814
20.8786	10.00	-1.100874	0.07650194	0.00	0.08411723	11.60271	10.00	-0.05847267
20.95638	10.00	-1.01536	0.0777726	0.00	0.08551437	11.68449	10.00	-0.05952305
21.03338	10.00	-0.9306891	0.07700507	0.00	0.08467045	11.76666	10.00	-0.06035766
21.11063	10.00	-0.8457534	0.07724632	0.00	0.08493572	11.84804	10.00	-0.06137294
21.18696	10.00	-0.7618214	0.07633339	0.00	0.0839319	11.93125	10.00	-0.06258382
21.26505	10.00	-0.6759528	0.07809481	0.00	0.08586866	12.01335	10.00	-0.06371025
21.34194	10.00	-0.5914105	0.07688859	0.00	0.08454237	12.09646	10.00	-0.06463715
21.41976	10.00	-0.5058479	0.07781639	0.00	0.08556252	12.17818	10.00	-0.06543668
21.4938	10.00	-0.4216435	0.07404019	0.00	0.08420443	12.2607	10.00	-0.06634711
21.56833	10.00	-0.3368749	0.07453623	0.00	0.08476856	12.34315	10.00	-0.06699704
21.64391	10.00	-0.252378	0.07557234	0.00	0.08449695	12.42585	10.00	-0.06754962
21.72011	10.00	-0.1671788	0.07620038	0.00	0.08519915	12.50743	10.00	-0.06793977
21.79718	10.00	-0.0824348	0.077072	0.00	0.08474404	12.58888	10.00	-0.06819013
21.87319	10.00	0.006394039	0.0760062	0.00	0.08882883	12.6697	10.00	-0.06820209
21.94901	10.00	0.09500922	0.0758234	0.00	0.08861519	12.75062	10.00	-0.06815295
22.02489	10.00	0.1836947	0.07588352	0.00	0.08868545	12.83079	10.00	-0.06789996
22.10062	10.00	0.2722007	0.07572996	0.00	0.08850599	12.91077	10.00	-0.06745617
22.17644	10.00	0.3608026	0.07581202	0.00	0.08860189	12.99063	10.00	-0.06711058
22.25224	10.00	0.4493978	0.07580633	0.00	0.08859525	13.07088	10.00	-0.06678122
22.32863	10.00	0.5386748	0.07638969	0.00	0.08927701	13.14982	10.00	-0.06657371
22.40418	10.00	0.6269719	0.07555122	0.00	0.08829709	13.22874	10.00	-0.06627778
22.47828	10.00	0.715063	0.07410329	0.00	0.08809104	13.30848	10.00	-0.06601015
22.55321	10.00	0.8041244	0.07491963	0.00	0.08906148	13.38766	10.00	-0.06598087
22.62721	10.00	0.8921044	0.07400984	0.00	0.08797994	13.46796	10.00	-0.06598639
22.70247	10.00	0.9815665	0.07525671	0.00	0.08946218	13.54681	10.00	-0.06607274
22.77629	10.00	1.069325	0.07382373	0.00	0.0877587	13.62778	10.00	-0.06612787
22.85176	10.00	1.15903	0.0754604	0.00	0.08970431	13.7085	10.00	-0.06631734
22.92637	10.00	1.247732	0.0746177	0.00	0.08870255	13.78969	10.00	-0.06645761
23.00083	10.00	1.336241	0.07445475	0.00	0.08850884	13.87208	10.00	-0.06637371
23.07566	10.00	1.425203	0.07483576	0.00	0.08896177	13.95465	10.00	-0.06602437
23.15	10.00	1.513564	0.07433095	0.00	0.08836167	14.03828	10.00	-0.06571598
23.2261	10.00	1.610208	0.07610126	0.00	0.09664313	14.12161	10.00	-0.06534583
23.30024	10.00	1.707248	0.07414003	0.00	0.09704043	14.20625	10.00	-0.0647487
23.37528	10.00	1.805466	0.07503945	0.00	0.09821766	14.2899	10.00	-0.0642067
23.44934	10.00	1.902405	0.07406256	0.00	0.09693901	14.37454	10.00	-0.06374864
23.52443	10.00	2.000689	0.07509056	0.00	0.09828456	14.45833	10.00	-0.06319795
23.59884	10.00	2.098085	0.07441162	0.00	0.09739589	14.54249	10.00	-0.06238609
23.6735	10.00	2.195809	0.07466243	0.00	0.09772418	14.62634	10.00	-0.06191516
23.74795	10.00	2.293245	0.07444197	0.00	0.09743562	14.71023	10.00	-0.0613529
23.82153	10.00	2.391243	0.0735869	0.00	0.0979981	14.79466	10.00	-0.06066117
23.8957	10.00	2.490018	0.0741702	0.00	0.0987749	14.87786	10.00	-0.06006955
23.96847	10.00	2.586931	0.07277201	0.00	0.09691288	14.96045	10.00	-0.05950906
24.04095	10.00	2.683443	0.07247134	0.00	0.09651245	15.04425	10.00	-0.05908948
24.11468	10.00	2.781643	0.07373843	0.00	0.09819988	15.12716	10.00	-0.0583533
24.18769	10.00	2.878863	0.07300282	0.00	0.09722026	15.21126	10.00	-0.05755423
24.26186	10.00	2.97764	0.07417177	0.00	0.09877699	15.29349	10.00	-0.05671993
24.33454	10.00	3.074432	0.07268095	0.00	0.0967916	15.37597	10.00	-0.05561903
24.40791	10.00	3.172137	0.0733671	0.00	0.09770536	15.45827	10.00	-0.05448442
24.47985	10.00	3.269645	0.07194034	0.00	0.09750776	15.54097	10.00	-0.05307098
24.55241	10.00	3.367993	0.07256051	0.00	0.09834833	15.62222	10.00	-0.05161933
24.62376	10.00	3.464701	0.07135025	0.00	0.09670796	15.70486	10.00	-0.05044938
24.69625	10.00	3.566828	0.07249648	0.00	0.1021263	15.78625	10.00	-0.04938509
24.76766	10.00	3.667424	0.07141043	0.00	0.1005964	15.86892	10.00	-0.04846172
24.84009	10.00	3.769449	0.07242475	0.00	0.1020253	15.95067	10.00	-0.04768534
24.91176	10.00	3.885695	0.07167037	0.00	0.1162454	16.03336	10.00	-0.04699081
24.98398	10.00	4.004117	0.07222112	0.00	0.1184221	16.11557	10.00	-0.04592143
25.05588	10.00	4.129669	0.07189483	0.00	0.1255524	16.19925	10.00	-0.04476929
25.12885	10.00	4.258404	0.07297473	0.00	0.1287351	16.28065	10.00	-0.04400871
25.20005	10.00	4.384011	0.07120138	0.00	0.1256067	16.3637	10.00	-0.0431001
25.27218	10.00	4.511253	0.07212856	0.00	0.1272423	16.44555	10.00	-0.0421965
25.33829	10.00	4.636806	0.06611177	0.00	0.1255523	16.52975	10.00	-0.04203929
25.40339	10.00	4.765347	0.06509636	0.00	0.1285418	16.61169	10.00	-0.04189353
25.465	10.00	4.895884	0.06161477	0.00	0.1305365	16.69307	10.00	-0.0418953
25.51875	10.00	5.027194	0.0537511	0.00	0.1313103	16.77557	10.00	-0.04173319
25.56685	10.00	5.160439	0.0480917	0.00	0.133244	16.85733	10.00	-0.04108942
25.60448	10.00	5.293205	0.03763498	0.00	0.132767	16.93801	10.00	-0.04031857
25.63924	10.00	5.424806	0.03475579	0.00	0.1316005	17.01855	10.00	-0.03960162
25.66909	10.00	5.557257	0.02985043	0.00	0.1324513	17.09819	10.00	-0.03924522
25.6937	10.00	5.689161	0.02461815	0.00	0.1319035	17.17744	10.00	-0.03926298
25.69791	10.00	5.82181	0.004206507	0.00	0.1326495	17.25414	10.00	-0.03956091
25.69791	10.00	5.953706	0	0.00	0.1318964	17.32953	10.00	-0.04027423
25.69791	10.00	6.085969	0	0.00	0.132263	17.40306	10.00	-0.04151962
25.69791	10.00	6.217761	0	0.00	0.1317916	17.47849	10.00	-0.04330584
25.69791	10.00	6.355655	0	0.00	0.1378942	17.55102	10.00	-0.04509268
25.69791	10.00	6.490741	0	0.00	0.1350857	17.61688	10.00	-0.04678298
25.69791	10.00	6.61483	0	0.00	0.1240895	17.68587	10.00	-0.04848619
25.69791	10.00	6.746271	0	0.00	0.1314406	17.75451	10.00	-0.05035897
25.69791	10.00	6.879062	0	0.00	0.132791	17.82138	10.00	-0.05248358
25.69791	10.00	7.011505	0	0.00	0.1324428	17.88747	10.00	-0.05502333
25.68077	10.00	7.144869	-0.01714269	0.00	0.1333643	17.95055	10.00	-0.05805682
25.6424	10.00	7.275774	-0.03837486	0.00	0.1309055	18.01241	10.00	-0.06075446
25.61012	10.00	7.407667	-0.03227861	0.00	0.1318921	18.07319	10.00	-0.06371214
25.56759	10.00	7.539662	-0.04252868	0.00	0.1319955	18.13218	10.00	-0.06724728
25.52514	10.00	7.671416	-0.04245069	0.00	0.1317534	18.18995	10.00	-0.0697455
25.4709	10.00	7.803916	-0.05423842	0.00	0.1325008	18.24655	10.00	-0.07317501
25.41024	10.00	7.936417	-0.06065337	0.00	0.1325008	18.30113	10.00	-0.07634396
25.3487	10.00	8.068086	-0.06154729	0.00	0.1316685	18.35416	10.00	-0.07903523
25.28722	10.00	8.199609	-0.06147913	0.00	0.1315227	18.40618	10.00	-0.08328298
25.22564	10.00	8.331345	-0.06157905	0.00	0.1317364	18.45681	10.00	-0.0860763
25.16752	10.00	8.463906	-0.05811408	0.00	0.1325617	18.50714	10.00	-0.08946962
25.10537	10.00	8.596882	-0.06215804	0.00	0.1329751	18.55558	10.00	-0.09185403
25.03811	10.00	8.729766	-0.06726251	0.00	0.1328845	18.60271	10.00	-0.09350812
24.96246	10.00	8.861561	-0.07564383	0.00	0.1317945	18.64874	10.00	-0.0945892
24.87621	10.00	8.993959	-0.08624679	0.00	0.1323989	18.6934	10.00	-0.09620884
24.80308	10.00	9.125831	-0.07313392	0.00	0.1318709	18.73722	10.00	-0.09684143
24.68072	10.00	9.258466	-0.122361	0.00	0.1326353	18.77967	10.00	-0.0977788
24.55013	10.00	9.390335	-0.1305926	0.00	0.1318695	18.82122	10.00	-0.09870684
24.41782	10.00	9.52264	-0.1323055	0.00	0.1323055	18.8615	10.00	-0.09973155
24.28708	10.00	9.645715	-0.130744	0.00	0.1230739	18.90153	10.00	-0.1012088
24.15852	10.00	9.765299	-0.1285584	0.00	0.119584	18.94035	10.00	-0.1022893
24.03419	10.00	9.880677	-0.1243256	0.00	0.115379	18.97871	10.00	-0.1057983
23.90982	10.00	9.996103	-0.1243762	0.00	0.115426	19.01713	10.00	-0.1069596
23.78396	10.00	10.10531	-0.1258596	0.00	0.1092106	19.05509	10.00	-0.1075267
23.67874	10.00	10.20542	-0.1052186	0.00	0.1001031	19.09328	10.00	-0.1069664
23.57727	10.00	10.29921	-0.1014711	0.00	0.09379116	19.13035	10.00	-0.1055534
23.47026	10.00	10.39336	-0.1070043	0.00	0.09415475	19.16614	10.00	-0.1028528
23.35766	10.00	10.48683	-0.1126038	0.00	0.09346977	19.20135	10.00	-0.09964299
23.25693	10.00	10.57583	-0.100734	0.00	0.0890018	19.23405	10.00	-0.0957268
23.16258	10.00	10.65514	-0.09434329	0.00	0.07930351	19.2667	10.00	-0.09152154
23.05689	10.00	10.72743	-0.1056945	0.00	0.07229362	19.29854	10.00	-0.08712019
22.94404	10.00	10.78275	-0.1128506	0.00	0.0553227	19.33025	10.00	-0.08213677
22.81401	10.00	10.8319	-0.1300292	0.00	0.04914213	19.36089	10.00	-0.07626964
22.68119	10.00	10.87598	-0.1328208	0.00	0.04408067	19.38984	10.00	-0.06953069
22.54905	10.00	10.91471	-0.1321328	0.00	0.03873464	19.41725	10.00	-0.0631731
22.41899	10.00	10.94528	-0.130066	0.00	0.03057229	19.44418	10.00	-0.05610595
22.28542	10.00	10.97151	-0.1335668	0.00	0.0262219	19.4698	10.00	-0.04913178
22.15347	10.00	10.99485	-0.1319473	0.00	0.02334871	19.49446	10.00	-0.04256528
22.02076	10.00	11.01705	-0.1327103	0.00	0.02219871	19.51786	10.00	-0.03626829
21.8891	10.00	11.03908	-0.1316671	0.00	0.0220242	19.54012	10.00	-0.03025423
21.75669	10.00	11.0561	-0.1324102	0.00	0.01702005	19.56128	10.00	-0.024787
21.62472	10.00	11.07306	-0.1319657	0.00	0.01696292	19.58185	10.00	-0.01953539
21.49235	10.00	11.09008	-0.1323734	0.00	0.01701532	19.60182	10.00	-0.01490329
21.36031	10.00	11.10321	-0.1320351	0.00	0.01313639	19.62114	10.00	-0.01088739
21.22797	10.00	11.11638	-0.1323437	0.00	0.0131671	19.63953	10.00	-0.00734812
21.0961	10.00	11.1295	-0.1318681	0.00	0.01311977	19.65704	10.00	-0.00405941
20.96364	10.00	11.14268	-0.1324612	0.00	0.01317879	19.67386	10.00	-0.0009675305
20.83174	10.00	11.1558	-0.1318964	0.00	0.01312259	19.6906	10.00	0.0019529
20.69815	10.00	11.16909	-0.1335908	0.00	0.01329118	19.70606	10.00	0.004198042
20.56739	10.00	11.1821	-0.1307625	0.00	0.01300978	19.72137	10.00	0.005978882
20.43478	10.00	11.1953	-0.132607	0.00	0.01319329	19.73604	10.00	0.00720531
20.30302	10.00	11.2084	-0.1317591	0.00	0.01310893	19.75036	10.00	0.00832755
20.17033	10.00	11.22418	-0.1326905	0.00	0.01577125	19.76373	10.00	0.008980313
20.03857	10.00	11.23984	-0.1317633	0.00	0.01566105	19.77656	10.00	0.009435653
19.90652	10.00	11.25553	-0.1320464	0.00	0.0156947	19.78901	10.00	0.009236428
19.77394	10.00	11.27129	-0.1325829	0.00	0.01575847	19.80086	10.00	0.008904591
19.64169	10.00	11.28701	-0.1322531	0.00	0.01571926	19.81227	10.00	0.008383544
19.51019	10.00	11.30264	-0.1314972	0.00	0.01562942	19.82329	10.00	0.007811285
19.37766	10.00	11.31839	-0.1325249	0.00	0.01575157	19.83377	10.00	0.006955486
19.2447	10.00	11.33419	-0.1329609	0.00	0.01580339	19.8441	10.00	0.005850537
19.11201	10.00	11.34996	-0.1326891	0.00	0.01577109	19.85433	10.00	0.005158117
18.97533	10.00	11.36621	-0.136681	0.00	0.01624556	19.86329	10.00	0.00461999
18.84884	10.00	11.38124	-0.1264903	0.00	0.01503431	19.87238	10.00	0.003772462
18.71696	10.00	11.39692	-0.1318836	0.00	0.01567535	19.88095	10.00	0.003027587
18.58592	10.00	11.41249	-0.1310357	0.00	0.01557457	19.88975	10.00	0.002435984
18.44981	10.00	11.42867	-0.1361134	0.00	0.01617809	19.89803	10.00	0.002046733
18.32004	10.00	11.4441	-0.1297702	0.00	0.01542415	19.90605	10.00	0.001700779
18.18795	10.00	11.46491	-0.1320875	0.00	0.02081553	19.9139	10.00	0.001180903
18.05552	10.00	11.48578	-0.1324329	0.00	0.02086996	19.92151	10.00	0.0007307372
17.9234	10.00	11.5066	-0.1321158	0.00	0.02081999	19.92824	10.00	0.0003232351
17.79106	10.00	11.52746	-0.1323409	0.00	0.02085546	19.93451	10.00	-0.0002146106
17.65932	10.00	11.54822	-0.1317393	0.00	0.02076066	19.94042	10.00	-0.0006887465
17.52748	10.00	11.569	-0.1318482	0.00	0.02077783	19.9459	10.00	-0.001268861
17.395	10.00	11.58987	-0.1324782	0.00	0.0208771	19.95114	10.00	-0.001716836
17.26126	10.00	11.61095	-0.1337423	0.00	0.02107631	19.95589	10.00	-0.002118842
17.12996	10.00	11.63164	-0.1312919	0.00	0.02069016	19.96033	10.00	-0.002387574
16.99902	10.00	11.65227	-0.1309409	0.00	0.02063484	19.96454	10.00	-0.002664198
16.86614	10.00	11.67064	-0.1328802	0.00	0.01836713	19.96834	10.00	-0.002676688
16.73378	10.00	11.68509	-0.1323621	0.00	0.01445057	19.97172	10.00	-0.002659967
16.60137	10.00	11.69827	-0.1324145	0.00	0.01317414	19.97467	10.00	-0.002492304
16.46924	10.00	11.70501	-0.1321257	0.00	0.006748614	19.97734	10.00	-0.00247419
16.33766	10.00	11.70919	-0.1315793	0.00	0.004172571	19.97985	10.00	-0.002406222
16.20428	10.00	11.70919	-0.1333813	0.00	0	19.98216	10.00	-0.00235057
16.07299	10.00	11.70919	-0.1312933	0.00	0	19.98434	10.00	-0.002191147
15.93912	10.00	11.70919	-0.1338697	0.00	0	19.9862	10.00	-0.002063926
15.80808	10.00	11.70919	-0.1310357	0.00	0	19.98791	10.00	-0.001960793
15.6754	10.00	11.70919	-0.1326764	0.00	0	19.98933	10.00	-0.001798659
15.54404	10.00	11.70919	-0.131367	0.00	0	19.99069	10.00	-0.001718163
15.41185	10.00	11.70919	-0.1321894	0.00	0	19.99202	10.00	-0.001544546
15.27996	10.00	11.70919	-0.1318851	0.00	0	19.99323	10.00	-0.001307918
15.14751	10.00	11.70919	-0.1324569	0.00	0	19.99424	10.00	-0.001152542
15.01585	10.00	11.70919	-0.1316557	0.00	0	19.99508	10.00	-0.0009708308
14.88281	10.00	11.70919	-0.1330402	0.00	0	19.99586	10.00	-0.0008646195
14.75124	10.00	11.70919	-0.1315694	0.00	0	19.99643	10.00	-0.0007979301
14.61736	10.00	11.70919	-0.1338853	0.00	0	19.99689	10.00	-0.0006969278
14.4867	10.00	11.70919	-0.1306563	0.00	0	19.99753	10.00	-0.0005781687
14.35343	10.00	11.70919	-0.1332652	0.00	0	19.99791	10.00	-0.0004942453
14.22251	10.00	11.70919	-0.1309267	0.00	0	19.99821	10.00	-0.0004758883
14.09013	10.00	11.70919	-0.1323791	0.00	0	19.99846	10.00	-0.0004064492
13.95828	10.00	11.70919	-0.1318511	0.00	0	19.99877	10.00	-0.0003303102
13.82578	10.00	11.70919	-0.1324923	0.00	0	19.99906	10.00	-0.0002656346
13.69358	10.00	11.70919	-0.1322007	0.00	0	19.99925	10.00	-0.0002417201
13.56131	10.00	11.70919	-0.1322729	0.00	0	19.99932	10.00	-0.0002067101
13.42957	10.00	11.70919	-0.1317449	0.00	0	19.99944	10.00	-0.0001304743
13.29577	10.00	11.70919	-0.1337918	0.00	0	19.99957	10.00	-0.0001046621
13.16504	10.00	11.70919	-0.1307314	0.00	0	19.99963	10.00	-0.0001418215
13.0319	10.00	11.70919	-0.1331435	0.00	0	19.99968	10.00	-0.0001050688
12.90041	10.00	11.70919	-0.1314873	0.00	0	19.99969	10.00	-0.0001020674
12.76671	10.00	11.70919	-0.1337069	0.00	0	19.99977	10.00	-6.790936E-05
12.63581	10.00	11.70919	-0.130897	0.00	0	19.99981	10.00	-5.534216E-05
12.50381	10.00	11.70919	-0.1319997	0.00	0	19.99983	10.00	-5.631035E-05
12.37153	10.00	11.70919	-0.1322828	0.00	0	19.99991	10.00	-2.635433E-05
12.23843	10.00	11.70919	-0.1330968	0.00	0	19.99989	10.00	-2.226854E-05
12.10753	10.00	11.70919	-0.1308956	0.00	0	19.99993	10.00	-2.20749E-05
11.97523	10.00	11.70919	-0.1323055	0.00	0	19.99999	10.00	-8.326497E-06
11.84309	10.00	11.70919	-0.1321342	0.00	0	20	10.00	0
11.71077	10.00	11.70919	-0.1323211	0.00	0	20	10.00	0
11.57883	10.00	11.70919	-0.1319459	0.00	0	20	10.00	0
11.44661	10.00	11.70919	-0.1322177	0.00	0	20	10.00	0
11.31471	10.00	11.70919	-0.131902	0.00	0	20	10.00	0
11.18194	10.00	11.70919	-0.1327684	0.00	0	20	10.00	0
11.04886	10.00	11.70919	-0.1330812	0.00	0	20	10.00	0
10.91758	10.00	11.70919	-0.131282	0.00	0	20	10.00	0
10.78693	10.00	11.70919	-0.1306493	0.00	0	20	10.00	0
10.65379	10.00	11.70919	-0.133135	0.00	0	20	10.00	0
10.52122	10.00	11.70919	-0.1325688	0.00	0	20	10.00	0
10.38726	10.00	11.70919	-0.1339603	0.00	0	20	10.00	0
10.25376	10.00	11.70919	-0.1335045	0.00	0	20	10.00	0
10.12185	10.00	11.70919	-0.1319105	0.00	0	20	10.00	0
9.990585	10.00	11.70919	-0.1312622	0.00	0	20	10.00	0
9.860168	10.00	11.70919	-0.1304171	0.00	0	20	10.00	0
9.729578	10.00	11.70919	-0.1305898	0.00	0	20	10.00	0
9.595667	10.00	11.70919	-0.1339107	0.00	0	20	10.00	0
9.463835	10.00	11.70919	-0.1318327	0.00	0	20	10.00	0
9.33013	10.00	11.70919	-0.1337055	0.00	0	20	10.00	0
9.200726	10.00	11.70919	-0.1294035	0.00	0	20	10.00	0
9.066952	10.00	11.70919	-0.1337734	0.00	0	20	10.00	0
8.934695	10.00	11.70919	-0.1322574	0.00	0	20	10.00	0
8.802733	10.00	11.70919	-0.1319615	0.00	0	20	10.00	0
8.669988	10.00	11.70919	-0.1327457	0.00	0	20	10.00	0
8.538321	10.00	11.70919	-0.1316671	0.00	0	20	10.00	0
8.406382	10.00	11.70919	-0.1319388	0.00	0	20	10.00	0
8.273918	10.00	11.70919	-0.132464	0.00	0	20	10.00	0
8.141979	10.00	11.70919	-0.1319388	0.00	0	20	10.00	0
8.009641	10.00	11.70919	-0.132338	0.00	0	20	10.00	0
7.87765	10.00	11.70919	-0.1319912	0.00	0	20	10.00	0
7.745229	10.00	11.70919	-0.1324201	0.00	0	20	10.00	0
7.614852	10.00	11.70919	-0.1303775	0.00	0	20	10.00	0
7.480856	10.00	11.70919	-0.1339957	0.00	0	20	10.00	0
7.348849	10.00	11.70919	-0.1320068	0.00	0	20	10.00	0
7.216776	10.00	11.70919	-0.1320733	0.00	0	20	10.00	0
7.084434	10.00	11.70919	-0.1323423	0.00	0	20	10.00	0
6.922189	10.00	11.70919	-0.1622449	0.00	0	20	10.00	0
6.695452	10.00	11.74053	-0.2267372	0.00	0.03134034	20	10.00	0
6.450572	10.00	11.82891	-0.2448792	0.00	0.08838416	20	10.00	0
6.229382	10.00	11.95372	-0.221191	0.00	0.1248115	20	10.00	0
5.97319	10.00	12.13249	-0.256191	0.00	0.1787724	20	10.00	0
5.774343	10.00	12.35141	-0.1988478	0.00	0.2189145	20	10.00	0
5.537077	10.00	12.60593	-0.2372653	0.00	0.2545165	20	10.00	0
5.409534	10.00	12.86282	-0.1275435	0.00	0.2568904	20	10.00	0
5.337227	10.00	13.09419	-0.07230675	0.00	0.2313704	20	10.00	0
5.307339	10.00	13.32671	-0.02988818	0.00	0.2325198	20	10.00	0
5.27362	10.00	13.54068	-0.03371933	0.00	0.2139701	20	10.00	0
5.237988	10.00	13.76678	-0.03563201	0.00	0.2261073	20	10.00	0
5.203151	10.00	13.98785	-0.03483674	0.00	0.2210607	20	10.00	0
5.162322	10.00	14.2066	-0.04082866	0.00	0.218759	20	10.00	0
5.111816	10.00	14.43071	-0.05050554	0.00	0.2241014	20	10.00	0
5.037126	10.00	14.65576	-0.07469115	0.00	0.2250541	20	10.00	0
4.940065	10.00	14.88739	-0.09706015	0.00	0.2316323	20	10.00	0
4.837198	10.00	15.10746	-0.1028671	0.00	0.2200642	20	10.00	0
4.718465	10.00	15.33338	-0.1187329	0.00	0.2259261	20	10.00	0
4.553377	10.00	15.56293	-0.1650884	0.00	0.2295457	20	10.00	0
4.331343	10.00	15.7916	-0.2220338	0.00	0.2286765	20	10.00	0
4.094963	10.00	15.99823	-0.2363801	0.00	0.2066252	20	10.00	0
3.836112	10.00	16.16184	-0.258851	0.00	0.1636069	20	10.00	0
3.621116	10.00	16.24152	-0.2149964	0.00	0.07968035	20	10.00	0
3.402501	10.00	16.29714	-0.2186146	0.00	0.05561946	20	10.00	0
3.195401	10.00	16.33779	-0.2071003	0.00	0.04065804	20	10.00	0
2.941763	10.00	16.38759	-0.2536374	0.00	0.04979423	20	10.00	0
2.681846	10.00	16.43862	-0.2599169	0.00	0.05102702	20	10.00	0
2.421089	10.00	16.49738	-0.2607578	0.00	0.05876676	20	10.00	0
2.187173	10.00	16.57728	-0.2339156	0.00	0.0798971	20	10.00	0
1.962511	10.00	16.70622	-0.224662	0.00	0.1289454	20	10.00	0
1.74788	10.00	16.856	-0.214631	0.00	0.1497715	20	10.00	0
1.536374	10.00	17.03198	-0.2115058	0.00	0.1759866	20	10.00	0
1.317437	10.00	17.24227	-0.2189369	0.00	0.2102897	20	10.00	0
1.08746	10.00	17.47225	-0.2299775	0.00	0.2299775	20	10.00	0
0.9186617	10.00	17.69784	-0.1687981	0.00	0.225592	20	10.00	0
0.7748883	10.00	17.92188	-0.1437733	0.00	0.2240391	20	10.00	0
0.6233136	10.00	18.1617	-0.1515747	0.00	0.2398143	20	10.00	0
0.5044483	10.00	18.39653	-0.1188653	0.00	0.2348315	20	10.00	0
0.4544302	10.00	18.61847	-0.05001807	0.00	0.2219384	20	10.00	0
0.4544302	10.00	18.86212	0	0.00	0.243659	20	10.00	0
0.4544302	10.00	19.10201	0	0.00	0.2398808	20	10.00	0
0.4544302	10.00	19.32385	0	0.00	0.2218464	20	10.00	0
0.4544302	10.00	19.54555	0	0.00	0.2216949	20	10.00	0
0.4544302	10.00	19.76678	0	0.00	0.2212363	20	10.00	0
0.4544302	10.00	19.98134	0	0.00	0.2145548	20	10.00	0
0.4544302	10.00	20.2042	0	0.00	0.2228642	20	10.00	0
0.4544302	10.00	20.44969	0	0.00	0.2454865	20	10.00	0
0.4544302	10.00	20.69138	0	0.00	0.2416942	20	10.00	0
0.4544302	10.00	20.90679	0	0.00	0.2154069	20	10.00	0
0.4544302	10.00	21.10264	0	0.00	0.1958465	20	10.00	0
0.4544302	10.00	21.29206	0	0.00	0.1894226	20	10.00	0
0.4544302	10.00	21.49389	0	0.00	0.2018287	20	10.00	0
0.4544302	10.00	21.68857	0	0.00	0.1946786	20	10.00	0
0.4544302	10.00	21.88752	0	0.00	0.1989579	20	10.00	0
0.4544302	10.00	22.09726	0	0.00	0.2097361	20	10.00	0
0.4538922	10.00	22.29931	-0.0005380214	0.00	0.202051	20	10.00	0
0.4538922	10.00	22.48564	0	0.00	0.1863324	20	10.00	0
0.4343641	10.00	22.68192	-0.01952805	0.00	0.1962782	20	10.00	0
0.411966	10.00	22.87037	-0.02239819	0.00	0.1884459	20	10.00	0
0.3932438	10.00	23.07883	-0.01872211	0.00	0.2084664	20	10.00	0
0.3741283	10.00	23.29168	-0.01911558	0.00	0.2128476	20	10.00	0
0.351001	10.00	23.48626	-0.02312723	0.00	0.1945795	20	10.00	0
0.3289925	10.00	23.67143	-0.02200852	0.00	0.1851674	20	10.00	0
0.3051154	10.00	23.87232	-0.02387712	0.00	0.2008888	20	10.00	0
0.2654457	10.00	24.05624	-0.03966969	0.00	0.1839231	20	10.00	0
0.1658668	10.00	24.2608	-0.09957888	0.00	0.2045551	20	10.00	0
0.03769726	10.00	24.45755	-0.1281696	0.00	0.1967553	20	10.00	0
-0.1005412	10.00	24.64721	-0.1382385	0.00	0.189659	20	10.00	0
-0.2494028	10.00	24.84114	-0.1488615	0.00	0.1939284	20	10.00	0
-0.4060464	10.00	25.04266	-0.1566436	0.00	0.2015244	20	10.00	0
-0.5554947	10.00	25.2533	-0.1494484	0.00	0.210635	20	10.00	0
-0.6433104	10.00	25.46287	-0.08781568	0.00	0.2095705	20	10.00	0
-0.6568847	10.00	25.68628	-0.01357428	0.00	0.2234078	20	10.00	0
-0.6568847	10.00	25.88161	0	0.00	0.1953312	20	10.00	0
-0.6568847	10.00	26.08892	0	0.00	0.2073141	20	10.00	0
-0.6568847	10.00	26.28349	0	0.00	0.1945696	20	10.00	0
-0.6568847	10.00	26.4499	0	0.00	0.1664124	20	10.00	0
-0.6568847	10.00	26.61559	0	0.00	0.165682	20	10.00	0
30.55923
