0.03243174	10.00	-49.86748	0.03243174	0.00	0.1325178	-40	10.00	0
0.09560885	10.00	-49.54568	0.06317711	0.00	0.3218059	-39.99549	10.00	-0.002628171
0.1120201	10.00	-49.46208	0.01641123	0.00	0.08359406	-39.98479	10.00	-0.006425741
0.136527	10.00	-49.33725	0.02450693	0.00	0.1248312	-39.97556	10.00	-0.009285334
0.1496298	10.00	-49.27051	0.01310275	0.00	0.06674162	-39.96479	10.00	-0.01161765
0.1624604	10.00	-49.20515	0.01283068	0.00	0.06535577	-39.93927	10.00	-0.01513898
0.1882919	10.00	-49.07357	0.02583144	0.00	0.1315779	-39.92286	10.00	-0.01663736
0.2009364	10.00	-49.00917	0.01264448	0.00	0.06440733	-39.90406	10.00	-0.01830242
0.2138579	10.00	-48.94335	0.01292155	0.00	0.06581867	-39.88299	10.00	-0.0201165
0.226872	10.00	-48.87706	0.0130141	0.00	0.06629005	-39.83643	10.00	-0.02397403
0.2529725	10.00	-48.74411	0.02610045	0.00	0.1329482	-39.8097	10.00	-0.0260327
0.2656186	10.00	-48.6797	0.01264615	0.00	0.06441583	-39.77967	10.00	-0.02809867
0.2788106	10.00	-48.6125	0.01319196	0.00	0.06719602	-39.74801	10.00	-0.0299604
0.2917563	10.00	-48.54656	0.01294573	0.00	0.06594182	-39.67892	10.00	-0.03327573
0.3182472	10.00	-48.41162	0.02649091	0.00	0.134937	-39.64193	10.00	-0.03433269
0.3308428	10.00	-48.34746	0.01259557	0.00	0.06415819	-39.56108	10.00	-0.03609878
0.3569841	10.00	-48.21431	0.0261413	0.00	0.1331562	-39.51708	10.00	-0.03643326
0.3699771	10.00	-48.14812	0.01299298	0.00	0.06618247	-39.47187	10.00	-0.03673471
0.3828188	10.00	-48.08271	0.0128418	0.00	0.06541239	-39.42549	10.00	-0.03694259
0.3955431	10.00	-48.0179	0.01272424	0.00	0.06481361	-39.32592	10.00	-0.03716305
0.4221135	10.00	-47.88256	0.02657039	0.00	0.1353419	-39.27649	10.00	-0.03714336
0.4350517	10.00	-47.81665	0.01293823	0.00	0.0659036	-39.21353	10.00	-0.03711728
0.4515333	10.00	-47.7327	0.01648154	0.00	0.0839522	-39.15831	10.00	-0.03709443
0.4638506	10.00	-47.67118	0.01231738	0.00	0.0615156	-39.07536	10.00	-0.03706012
0.4780638	10.00	-47.58952	0.01421316	0.00	0.08166543	-39.01084	10.00	-0.03703341
0.4849584	10.00	-47.53847	0.006894614	0.00	0.05105346	-38.92785	10.00	-0.0369991
0.4906092	10.00	-47.49532	0.005650827	0.00	0.04314446	-38.87619	10.00	-0.03697767
0.492794	10.00	-47.47179	0.002184797	0.00	0.02353242	-38.77987	10.00	-0.03693783
0.492794	10.00	-47.45155	0	0.00	0.02023865	-38.73329	10.00	-0.03691859
0.492794	10.00	-47.44597	0	0.00	0.005576993	-38.68385	10.00	-0.03688796
0.492794	10.00	-47.44597	0	0.00	0	-38.63358	10.00	-0.03685689
0.492794	10.00	-47.44597	0	0.00	0	-38.53246	10.00	-0.03679439
0.492794	10.00	-47.44597	0	0.00	0	-38.48407	10.00	-0.03676448
0.492794	10.00	-47.44597	0	0.00	0	-38.43554	10.00	-0.03673441
0.492794	10.00	-47.44597	0	0.00	0	-38.33477	10.00	-0.0366721
0.492794	10.00	-47.44597	0	0.00	0	-38.28532	10.00	-0.03664148
0.492794	10.00	-47.44597	0	0.00	0	-38.2373	10.00	-0.03661181
0.492794	10.00	-47.44597	0	0.00	0	-38.18744	10.00	-0.03658094
0.492794	10.00	-47.44597	0	0.00	0	-38.08817	10.00	-0.03651955
0.492794	10.00	-47.44597	0	0.00	0	-38.03621	10.00	-0.03648742
0.492794	10.00	-47.44597	0	0.00	0	-37.9904	10.00	-0.03645907
0.492794	10.00	-47.44597	0	0.00	0	-37.94014	10.00	-0.036428
0.492794	10.00	-47.44597	0	0.00	0	-37.83952	10.00	-0.03636585
0.492794	10.00	-47.44597	0	0.00	0	-37.78855	10.00	-0.03633431
0.492794	10.00	-47.44597	0	0.00	0	-37.74067	10.00	-0.03630471
0.492794	10.00	-47.44597	0	0.00	0	-37.64058	10.00	-0.03624275
0.492794	10.00	-47.44597	0	0.00	0	-37.59179	10.00	-0.03621257
0.492794	10.00	-47.44454	0	0.00	0.001433115	-37.54311	10.00	-0.03618248
0.492794	10.00	-47.42426	0	0.00	0.02028001	-37.49379	10.00	-0.03615208
0.492794	10.00	-47.39161	0	0.00	0.0326523	-37.39402	10.00	-0.03609028
0.492794	10.00	-47.2663	0	0.00	0.1253042	-37.34433	10.00	-0.03605959
0.492794	10.00	-47.20069	0	0.00	0.06561172	-37.2962	10.00	-0.03602978
0.492794	10.00	-47.13653	0	0.00	0.06416244	-37.2453	10.00	-0.03599838
0.492794	10.00	-47.06865	0	0.00	0.06788116	-37.1967	10.00	-0.03596827
0.492794	10.00	-47.00385	0	0.00	0.0648037	-37.09715	10.00	-0.03590665
0.492794	10.00	-46.87112	0	0.00	0.1327245	-37.04559	10.00	-0.03587474
0.492794	10.00	-46.80238	0	0.00	0.06873617	-36.99841	10.00	-0.03584556
0.492794	10.00	-46.73948	0	0.00	0.06290824	-36.94904	10.00	-0.03581506
0.492794	10.00	-46.67365	0	0.00	0.06583141	-36.84869	10.00	-0.03575299
0.492794	10.00	-46.53985	0	0.00	0.1337932	-36.79829	10.00	-0.03572186
0.492794	10.00	-46.47264	0	0.00	0.06720734	-36.75085	10.00	-0.03569253
0.492794	10.00	-46.4094	0	0.00	0.06324515	-36.70139	10.00	-0.03566197
0.492794	10.00	-46.34344	0	0.00	0.06596305	-36.60051	10.00	-0.03559953
0.492794	10.00	-46.20893	0	0.00	0.1345025	-36.51744	10.00	-0.03554813
0.492794	10.00	-46.09818	0	0.00	0.1107533	-36.47779	10.00	-0.03552364
0.492794	10.00	-46.04531	0	0.00	0.05286897	-36.40419	10.00	-0.03547807
0.492794	10.00	-45.94718	0	0.00	0.09813062	-36.35461	10.00	-0.03544746
0.492794	10.00	-45.88107	0	0.00	0.06611028	-36.30384	10.00	-0.03541608
0.492794	10.00	-45.81339	0	0.00	0.06768298	-36.255	10.00	-0.03538588
0.492794	10.00	-45.74825	0	0.00	0.06513494	-36.15319	10.00	-0.0353229
0.492794	10.00	-45.6125	0	0.00	0.1357538	-36.10522	10.00	-0.03529318
0.492794	10.00	-45.54855	0	0.00	0.06395152	-36.05676	10.00	-0.03526323
0.492794	10.00	-45.48394	0	0.00	0.06460693	-36.00722	10.00	-0.03523266
0.492794	10.00	-45.41788	0	0.00	0.06605931	-35.9068	10.00	-0.03517045
0.492794	10.00	-45.28398	0	0.00	0.1339023	-35.8583	10.00	-0.03514044
0.492794	10.00	-45.21931	0	0.00	0.06466921	-35.80886	10.00	-0.03510985
0.492794	10.00	-45.1534	0	0.00	0.06590784	-35.75657	10.00	-0.0350775
0.492794	10.00	-45.08367	0	0.00	0.06973132	-35.65798	10.00	-0.0350166
0.492794	10.00	-44.95222	0	0.00	0.1314448	-35.60021	10.00	-0.03498088
0.492794	10.00	-44.8752	0	0.00	0.0770272	-35.50801	10.00	-0.03492378
0.492794	10.00	-44.75227	0	0.00	0.1229315	-35.4453	10.00	-0.034885
0.492794	10.00	-44.66864	0	0.00	0.08362237	-35.35921	10.00	-0.03483176
0.492794	10.00	-44.55386	0	0.00	0.1147849	-35.30834	10.00	-0.03480032
0.492794	10.00	-44.48603	0	0.00	0.06782737	-35.21038	10.00	-0.03473968
0.492794	10.00	-44.35542	0	0.00	0.1306082	-35.16488	10.00	-0.03471155
0.492794	10.00	-44.29475	0	0.00	0.06067163	-35.06423	10.00	-0.03464934
0.492794	10.00	-44.16055	0	0.00	0.1341967	-35.01492	10.00	-0.03461881
0.492794	10.00	-44.09481	0	0.00	0.06574364	-34.96667	10.00	-0.03458904
0.492794	10.00	-44.03049	0	0.00	0.06432523	-34.91672	10.00	-0.03455813
0.492794	10.00	-43.96387	0	0.00	0.06660997	-34.86639	10.00	-0.03452701
0.492794	10.00	-43.89677	0	0.00	0.06710684	-34.76684	10.00	-0.03446545
0.492794	10.00	-43.76404	0	0.00	0.1327273	-34.71567	10.00	-0.03443378
0.492794	10.00	-43.6958	0	0.00	0.0682393	-34.66922	10.00	-0.03440502
0.492794	10.00	-43.63387	0	0.00	0.06193715	-34.61825	10.00	-0.03437348
0.492794	10.00	-43.56591	0	0.00	0.06795477	-34.51949	10.00	-0.03431248
0.492794	10.00	-43.43423	0	0.00	0.1316756	-34.46801	10.00	-0.0342806
0.492794	10.00	-43.3656	0	0.00	0.06863425	-34.4213	10.00	-0.0342517
0.492794	10.00	-43.30331	0	0.00	0.06229388	-34.37023	10.00	-0.03422006
0.492794	10.00	-43.23521	0	0.00	0.06809492	-34.27085	10.00	-0.03415861
0.492794	10.00	-43.10272	0	0.00	0.1324923	-34.22094	10.00	-0.03412778
0.492794	10.00	-43.03616	0	0.00	0.06655759	-34.17323	10.00	-0.03409831
0.492794	10.00	-42.97255	0	0.00	0.06361461	-34.07249	10.00	-0.03403591
0.492794	10.00	-42.83822	0	0.00	0.1343241	-34.02456	10.00	-0.03400634
0.492794	10.00	-42.77432	0	0.00	0.06389914	-33.97509	10.00	-0.03397578
0.492794	10.00	-42.70837	0	0.00	0.06595456	-33.92414	10.00	-0.03394419
0.492794	10.00	-42.64042	0	0.00	0.06794769	-33.87541	10.00	-0.03391402
0.492794	10.00	-42.57546	0	0.00	0.06496365	-33.77484	10.00	-0.03385181
0.492794	10.00	-42.44135	0	0.00	0.1341061	-33.72503	10.00	-0.03382097
0.492794	10.00	-42.37495	0	0.00	0.06640755	-33.67653	10.00	-0.03379107
0.492794	10.00	-42.31028	0	0.00	0.06466072	-33.57726	10.00	-0.03372962
0.492794	10.00	-42.17792	0	0.00	0.1323664	-33.52853	10.00	-0.03369949
0.492794	10.00	-42.11294	0	0.00	0.06497498	-33.47855	10.00	-0.03366861
0.492794	10.00	-42.0463	0	0.00	0.06664678	-33.42862	10.00	-0.03363775
0.492794	10.00	-41.97973	0	0.00	0.06656184	-33.3289	10.00	-0.03357609
0.492794	10.00	-41.84678	0	0.00	0.1329581	-33.27489	10.00	-0.03354273
0.492794	10.00	-41.77476	0	0.00	0.07201464	-33.18076	10.00	-0.0334844
0.492794	10.00	-41.64925	0	0.00	0.1255107	-33.13097	10.00	-0.03345364
0.492794	10.00	-41.58287	0	0.00	0.06638348	-33.08256	10.00	-0.03342373
0.492794	10.00	-41.51832	0	0.00	0.06454465	-33.03301	10.00	-0.03339307
0.492794	10.00	-41.45226	0	0.00	0.06606781	-32.93234	10.00	-0.03333077
0.492794	10.00	-41.31802	0	0.00	0.1342378	-32.88501	10.00	-0.03330155
0.492794	10.00	-41.25492	0	0.00	0.06309368	-32.83452	10.00	-0.03327028
0.492794	10.00	-41.1876	0	0.00	0.06731918	-32.78448	10.00	-0.03323941
0.492794	10.00	-41.12088	0	0.00	0.06672039	-32.68509	10.00	-0.03317786
0.492794	10.00	-40.98835	0	0.00	0.1325291	-32.6354	10.00	-0.03314713
0.492794	10.00	-40.92211	0	0.00	0.06624617	-32.58707	10.00	-0.03311734
0.492794	10.00	-40.85767	0	0.00	0.06443848	-32.5374	10.00	-0.03308656
0.492794	10.00	-40.79144	0	0.00	0.06623626	-32.43745	10.00	-0.03302471
0.492794	10.00	-40.65818	0	0.00	0.1332567	-32.38737	10.00	-0.03299376
0.492794	10.00	-40.5914	0	0.00	0.06677984	-32.33917	10.00	-0.03296396
0.492794	10.00	-40.52713	0	0.00	0.0642672	-32.28936	10.00	-0.03293312
0.492794	10.00	-40.46072	0	0.00	0.06641179	-32.18604	10.00	-0.03286921
0.492794	10.00	-40.32297	0	0.00	0.1377498	-32.11676	10.00	-0.03282641
0.492794	10.00	-40.23058	0	0.00	0.09239329	-32.03903	10.00	-0.03277825
0.492794	10.00	-40.12694	0	0.00	0.1036344	-31.98704	10.00	-0.03274615
0.492794	10.00	-40.05762	0	0.00	0.06931656	-31.8912	10.00	-0.03268679
0.492794	10.00	-39.92984	0	0.00	0.1277813	-31.82676	10.00	-0.03264696
0.492794	10.00	-39.84391	0	0.00	0.08593401	-31.74243	10.00	-0.03259487
0.492794	10.00	-39.73148	0	0.00	0.1124308	-31.68726	10.00	-0.0325607
0.492794	10.00	-39.65791	0	0.00	0.07356612	-31.59297	10.00	-0.03250235
0.492794	10.00	-39.53219	0	0.00	0.1257202	-31.54664	10.00	-0.0324737
0.492794	10.00	-39.47043	0	0.00	0.06175879	-31.49634	10.00	-0.03244258
0.492794	10.00	-39.40335	0	0.00	0.06708561	-31.4467	10.00	-0.03241197
0.492794	10.00	-39.33717	0	0.00	0.06617681	-31.34552	10.00	-0.03234935
0.492794	10.00	-39.20226	0	0.00	0.1349144	-31.29659	10.00	-0.03231909
0.492794	10.00	-39.13702	0	0.00	0.0652312	-31.24866	10.00	-0.03228939
0.492794	10.00	-39.0731	0	0.00	0.06392038	-31.19899	10.00	-0.03225878
0.492794	10.00	-39.00689	0	0.00	0.06621361	-31.09802	10.00	-0.03219632
0.492794	10.00	-38.87226	0	0.00	0.1346299	-31.05051	10.00	-0.03216687
0.492794	10.00	-38.80893	0	0.00	0.06333433	-31.00108	10.00	-0.03213638
0.492794	10.00	-38.74302	0	0.00	0.06591067	-30.95066	10.00	-0.03210526
0.492794	10.00	-38.67579	0	0.00	0.06723141	-30.90167	10.00	-0.03207481
0.492794	10.00	-38.61045	0	0.00	0.06532887	-30.8012	10.00	-0.03201266
0.4931507	10.00	-38.47649	0.0003567096	0.00	0.1339603	-30.75085	10.00	-0.03198158
0.4933295	10.00	-38.40937	0.0001787336	0.00	0.06712241	-30.70345	10.00	-0.03195228
0.4934978	10.00	-38.34617	0.0001683037	0.00	0.06320551	-30.65394	10.00	-0.03192173
0.4975087	10.00	-38.28016	0.004010933	0.00	0.0660126	-30.55402	10.00	-0.03185986
0.5081838	10.00	-38.14693	0.01067505	0.00	0.1332284	-30.50484	10.00	-0.03182944
0.5134374	10.00	-38.08136	0.005253704	0.00	0.06556811	-30.45468	10.00	-0.03179837
0.5187955	10.00	-38.01449	0.005358054	0.00	0.06687044	-30.35552	10.00	-0.03173703
0.5293908	10.00	-37.88226	0.01059531	0.00	0.1322333	-30.30661	10.00	-0.03170671
0.5346157	10.00	-37.81705	0.005224894	0.00	0.06520855	-30.25643	10.00	-0.03167572
0.5393288	10.00	-37.75014	0.004713047	0.00	0.06690583	-30.19376	10.00	-0.03163701
0.5435964	10.00	-37.66659	0.004267656	0.00	0.08355302	-30.10687	10.00	-0.0315833
0.5472704	10.00	-37.55073	0.003674022	0.00	0.1158579	-30.05957	10.00	-0.03155399
0.5498812	10.00	-37.48766	0.002610784	0.00	0.06307103	-30.00924	10.00	-0.03152299
0.5526593	10.00	-37.42055	0.002778078	0.00	0.06711251	-29.95967	10.00	-0.03149228
0.5547549	10.00	-37.35446	0.0020956	0.00	0.06608338	-29.85989	10.00	-0.03143056
0.5589738	10.00	-37.22142	0.004218942	0.00	0.1330416	-29.81064	10.00	-0.0314001
0.5610561	10.00	-37.15576	0.002082313	0.00	0.06566437	-29.7618	10.00	-0.03136988
0.5631213	10.00	-37.09064	0.002065075	0.00	0.06512079	-29.71199	10.00	-0.03133903
0.5652273	10.00	-37.02422	0.00210606	0.00	0.06641321	-29.61186	10.00	-0.03127714
0.569461	10.00	-36.89072	0.004233711	0.00	0.1335073	-29.56403	10.00	-0.03124754
0.5714837	10.00	-36.82693	0.002022654	0.00	0.06378306	-29.51366	10.00	-0.03121641
0.5723126	10.00	-36.75979	0.0008289518	0.00	0.06714506	-29.46353	10.00	-0.03118548
0.5731379	10.00	-36.69294	0.0008253167	0.00	0.06685062	-29.36348	10.00	-0.03112351
0.5747848	10.00	-36.55954	0.001646841	0.00	0.1333941	-29.31489	10.00	-0.03109343
0.5755847	10.00	-36.49475	0.0007999412	0.00	0.0647952	-29.26618	10.00	-0.03106334
0.5763865	10.00	-36.4298	0.0008018111	0.00	0.06494667	-29.21636	10.00	-0.03103252
0.5772066	10.00	-36.36338	0.000820039	0.00	0.06642312	-29.16542	10.00	-0.03100103
0.578045	10.00	-36.29546	0.0008384589	0.00	0.06791513	-29.06593	10.00	-0.03093952
0.5796826	10.00	-36.16281	0.001637649	0.00	0.1326495	-29.01515	10.00	-0.03090811
0.5805185	10.00	-36.09511	0.000835855	0.00	0.06770422	-28.96816	10.00	-0.03087904
0.5812921	10.00	-36.03245	0.000773587	0.00	0.06266052	-28.918	10.00	-0.03084798
0.5821177	10.00	-35.96557	0.0008256488	0.00	0.06687751	-28.8185	10.00	-0.0307865
0.5837557	10.00	-35.8329	0.001637928	0.00	0.1326721	-28.77052	10.00	-0.03075678
0.5845456	10.00	-35.76892	0.0007898575	0.00	0.06397842	-28.7211	10.00	-0.03072627
0.5853589	10.00	-35.70304	0.000813363	0.00	0.06588237	-28.67086	10.00	-0.03069521
0.5861859	10.00	-35.63605	0.0008270294	0.00	0.06698935	-28.62121	10.00	-0.03066454
0.5870032	10.00	-35.56985	0.0008172777	0.00	0.06619946	-28.52008	10.00	-0.030602
0.5886679	10.00	-35.43501	0.001664685	0.00	0.1348394	-28.46242	10.00	-0.03056632
0.5896171	10.00	-35.35812	0.0009492061	0.00	0.07688565	-28.37134	10.00	-0.03050997
0.5911163	10.00	-35.23669	0.001499219	0.00	0.1214367	-28.31559	10.00	-0.03047548
0.592034	10.00	-35.16235	0.0009177313	0.00	0.07433619	-28.22267	10.00	-0.03041802
0.5935636	10.00	-35.03846	0.00152954	0.00	0.1238927	-28.17512	10.00	-0.03038863
0.5943464	10.00	-34.97505	0.0007827795	0.00	0.0634051	-28.10659	10.00	-0.03034622
0.5954743	10.00	-34.88369	0.001127953	0.00	0.09136417	-28.02528	10.00	-0.03029595
0.5989125	10.00	-34.77527	0.003438126	0.00	0.108419	-27.9751	10.00	-0.03026496
0.5997385	10.00	-34.70836	0.0008259983	0.00	0.06690583	-27.92725	10.00	-0.03023529
0.5997385	10.00	-34.64456	0	0.00	0.0638043	-27.87814	10.00	-0.030205
0.5997385	10.00	-34.57909	0	0.00	0.06547185	-27.77826	10.00	-0.03014318
0.5997385	10.00	-34.4459	0	0.00	0.1331874	-27.72786	10.00	-0.03011206
0.5997385	10.00	-34.37872	0	0.00	0.06718328	-27.67939	10.00	-0.03008206
0.5997385	10.00	-34.31408	0	0.00	0.06464232	-27.63006	10.00	-0.03005155
0.5997385	10.00	-34.24831	0	0.00	0.06576204	-27.52907	10.00	-0.02998907
0.5997385	10.00	-34.11366	0	0.00	0.1346539	-27.47786	10.00	-0.02995741
0.5997385	10.00	-34.04537	0	0.00	0.06828602	-27.43134	10.00	-0.02992871
0.5997385	10.00	-33.98335	0	0.00	0.06202916	-27.3824	10.00	-0.02989831
0.5997385	10.00	-33.91809	0	0.00	0.06525244	-27.33278	10.00	-0.02986771
0.5997385	10.00	-33.85193	0	0.00	0.06615982	-27.23268	10.00	-0.02980578
0.5997385	10.00	-33.71847	0	0.00	0.1334634	-27.18214	10.00	-0.02977463
0.5997385	10.00	-33.65108	0	0.00	0.0673843	-27.13284	10.00	-0.02974408
0.5997385	10.00	-33.58536	0	0.00	0.06572382	-27.07594	10.00	-0.02970889
0.5997385	10.00	-33.50948	0	0.00	0.07588342	-26.98421	10.00	-0.02965211
0.5997385	10.00	-33.38719	0	0.00	0.1222874	-26.93578	10.00	-0.0296222
0.5997385	10.00	-33.32262	0	0.00	0.06457296	-26.88454	10.00	-0.0295905
0.5997385	10.00	-33.25428	0	0.00	0.06833556	-26.83706	10.00	-0.02956114
0.5997385	10.00	-33.19098	0	0.00	0.06329753	-26.73548	10.00	-0.02949832
0.5997385	10.00	-33.05554	0	0.00	0.1354424	-26.68731	10.00	-0.02946855
0.5997385	10.00	-32.99131	0	0.00	0.06423181	-26.63811	10.00	-0.02943812
0.5997385	10.00	-32.92571	0	0.00	0.06559783	-26.58902	10.00	-0.02940777
0.5997385	10.00	-32.86026	0	0.00	0.06544637	-26.48922	10.00	-0.02934602
0.5997385	10.00	-32.7272	0	0.00	0.1330685	-26.44088	10.00	-0.02931615
0.5997385	10.00	-32.66275	0	0.00	0.0644498	-26.39076	10.00	-0.02928515
0.5997385	10.00	-32.59591	0	0.00	0.06683222	-26.34126	10.00	-0.02925449
0.5997385	10.00	-32.52991	0	0.00	0.06599844	-26.24129	10.00	-0.02919267
0.5997385	10.00	-32.39663	0	0.00	0.1332836	-26.18873	10.00	-0.02916013
0.5997385	10.00	-32.32653	0	0.00	0.07009654	-26.14199	10.00	-0.02913126
0.5997385	10.00	-32.26422	0	0.00	0.06231795	-26.09328	10.00	-0.02910103
0.5997385	10.00	-32.19928	0	0.00	0.06493959	-25.99347	10.00	-0.02903939
0.5997385	10.00	-32.06618	0	0.00	0.1330925	-25.94329	10.00	-0.02900836
0.5997385	10.00	-31.99929	0	0.00	0.06689592	-25.89443	10.00	-0.02897814
0.5997385	10.00	-31.93414	0	0.00	0.0651491	-25.84489	10.00	-0.02894753
0.5997385	10.00	-31.86809	0	0.00	0.06605224	-25.74493	10.00	-0.02888567
0.5997385	10.00	-31.7348	0	0.00	0.1332851	-25.69691	10.00	-0.02885603
0.5997385	10.00	-31.67078	0	0.00	0.0640223	-25.64699	10.00	-0.02882515
0.5997385	10.00	-31.60421	0	0.00	0.06656892	-25.54759	10.00	-0.02876369
0.5997385	10.00	-31.4717	0	0.00	0.1325065	-25.49754	10.00	-0.02873265
0.5997385	10.00	-31.40497	0	0.00	0.06673596	-25.39876	10.00	-0.0286716
0.5997385	10.00	-31.27325	0	0.00	0.1317223	-25.34745	10.00	-0.0286398
0.5997385	10.00	-31.20484	0	0.00	0.06841059	-25.30069	10.00	-0.02861092
0.5997385	10.00	-31.14249	0	0.00	0.06234625	-25.25047	10.00	-0.02857989
0.5997385	10.00	-31.07554	0	0.00	0.06694688	-25.20106	10.00	-0.02854935
0.5997385	10.00	-31.00965	0	0.00	0.06589652	-25.09982	10.00	-0.02848679
0.5997385	10.00	-30.87467	0	0.00	0.1349795	-25.05208	10.00	-0.02845729
0.5997385	10.00	-30.81102	0	0.00	0.06365	-25.00093	10.00	-0.02842561
0.5997385	10.00	-30.74281	0	0.00	0.0682124	-24.94686	10.00	-0.02839218
0.5997385	10.00	-30.67073	0	0.00	0.07207835	-24.85218	10.00	-0.02833359
0.5997385	10.00	-30.54448	0	0.00	0.1262482	-24.80154	10.00	-0.02830237
0.5997385	10.00	-30.47696	0	0.00	0.06751311	-24.74374	10.00	-0.02826659
0.5997385	10.00	-30.3999	0	0.00	0.07706825	-24.65409	10.00	-0.02821113
0.5997385	10.00	-30.28035	0	0.00	0.1195441	-24.59966	10.00	-0.02817755
0.5997385	10.00	-30.20778	0	0.00	0.07256955	-24.5052	10.00	-0.02811903
0.5997385	10.00	-30.08184	0	0.00	0.1259411	-24.45335	10.00	-0.02808704
0.5997385	10.00	-30.01272	0	0.00	0.06912404	-24.35609	10.00	-0.02802685
0.5997385	10.00	-29.88302	0	0.00	0.1296994	-24.30755	10.00	-0.02799682
0.5997385	10.00	-29.81831	0	0.00	0.0647131	-24.25979	10.00	-0.02796726
0.5997385	10.00	-29.75462	0	0.00	0.06368963	-24.21006	10.00	-0.02793654
0.5997385	10.00	-29.68833	0	0.00	0.06629005	-24.10988	10.00	-0.02787459
0.5997385	10.00	-29.55474	0	0.00	0.1335838	-24.05894	10.00	-0.02784317
0.5997385	10.00	-29.48684	0	0.00	0.06790664	-24.01083	10.00	-0.0278134
0.5997385	10.00	-29.42269	0	0.00	0.06414687	-23.90714	10.00	-0.02774925
0.5997385	10.00	-29.28443	0	0.00	0.1382622	-23.83935	10.00	-0.0277073
0.5997385	10.00	-29.19404	0	0.00	0.09038176	-23.76365	10.00	-0.02766055
0.5997385	10.00	-29.09311	0	0.00	0.1009377	-23.71461	10.00	-0.02763017
0.5997385	10.00	-29.02771	0	0.00	0.06539682	-23.66331	10.00	-0.02759853
0.5997385	10.00	-28.95933	0	0.00	0.06838228	-23.61495	10.00	-0.02756858
0.5997385	10.00	-28.89484	0	0.00	0.06449085	-23.51419	10.00	-0.02750622
0.5997385	10.00	-28.76048	0	0.00	0.1343524	-23.46477	10.00	-0.02747568
0.5997385	10.00	-28.6946	0	0.00	0.06588237	-23.4167	10.00	-0.027446
0.5997385	10.00	-28.6305	0	0.00	0.0641044	-23.36728	10.00	-0.02741535
0.5997385	10.00	-28.56462	0	0.00	0.06587954	-23.266	10.00	-0.02735281
0.5997385	10.00	-28.42957	0	0.00	0.1350531	-23.21686	10.00	-0.02732239
0.5997385	10.00	-28.36405	0	0.00	0.06551573	-23.16871	10.00	-0.02729267
0.5997385	10.00	-28.29984	0	0.00	0.06420632	-23.11717	10.00	-0.02726073
0.5997385	10.00	-28.23114	0	0.00	0.06870078	-23.01912	10.00	-0.02720013
0.5997385	10.00	-28.1004	0	0.00	0.1307483	-22.97048	10.00	-0.02717004
0.5997385	10.00	-28.03554	0	0.00	0.06485749	-22.92145	10.00	-0.02713974
0.5997385	10.00	-27.97017	0	0.00	0.0653671	-22.87154	10.00	-0.02710887
0.5997385	10.00	-27.90364	0	0.00	0.06653494	-22.77134	10.00	-0.0270468
0.5997385	10.00	-27.77003	0	0.00	0.1336022	-22.72334	10.00	-0.02701722
0.5997385	10.00	-27.70602	0	0.00	0.06400814	-22.67204	10.00	-0.02698549
0.5997385	10.00	-27.63762	0	0.00	0.06839927	-22.62008	10.00	-0.02695331
0.5997385	10.00	-27.56836	0	0.00	0.06926984	-22.5226	10.00	-0.02689308
0.5997385	10.00	-27.43836	0	0.00	0.1299953	-22.47455	10.00	-0.02686336
0.5997385	10.00	-27.37431	0	0.00	0.06405485	-22.4257	10.00	-0.02683314
0.5997385	10.00	-27.30918	0	0.00	0.06512362	-22.37583	10.00	-0.02680229
0.5997385	10.00	-27.24268	0	0.00	0.06650239	-22.3261	10.00	-0.02677152
0.5997385	10.00	-27.17637	0	0.00	0.06630704	-22.22645	10.00	-0.02670993
0.5997385	10.00	-27.0435	0	0.00	0.132876	-22.17533	10.00	-0.02667836
0.5997385	10.00	-26.97535	0	0.00	0.06815012	-22.12831	10.00	-0.02664929
0.5997385	10.00	-26.91265	0	0.00	0.06269591	-22.07857	10.00	-0.02661848
0.5997385	10.00	-26.84632	0	0.00	0.06632827	-21.97849	10.00	-0.02655656
0.5997385	10.00	-26.71289	0	0.00	0.1334309	-21.92684	10.00	-0.02652471
0.5997385	10.00	-26.64404	0	0.00	0.06885649	-21.88047	10.00	-0.0264959
0.5997385	10.00	-26.5822	0	0.00	0.0618324	-21.83047	10.00	-0.026465
0.5997385	10.00	-26.51552	0	0.00	0.06667792	-21.78093	10.00	-0.02643439
0.5997385	10.00	-26.44947	0	0.00	0.06605224	-21.68089	10.00	-0.02637259
0.5997385	10.00	-26.3161	0	0.00	0.1333742	-21.63035	10.00	-0.02634129
0.5997385	10.00	-26.2487	0	0.00	0.06739279	-21.58294	10.00	-0.02631198
0.5997385	10.00	-26.1855	0	0.00	0.06320834	-21.53316	10.00	-0.02628123
0.5997385	10.00	-26.11911	0	0.00	0.06638348	-21.48257	10.00	-0.02624987
0.5997385	10.00	-26.05167	0	0.00	0.06744375	-21.38199	10.00	-0.02618763
0.5997385	10.00	-25.91756	0	0.00	0.1341103	-21.3298	10.00	-0.02615537
0.5997385	10.00	-25.84798	0	0.00	0.06958127	-21.28517	10.00	-0.02612779
0.5997385	10.00	-25.78846	0	0.00	0.05952218	-21.23293	10.00	-0.02609549
0.5997385	10.00	-25.7188	0	0.00	0.06965488	-21.13479	10.00	-0.02603481
0.5997385	10.00	-25.58796	0	0.00	0.1308404	-21.07666	10.00	-0.02599886
0.5997385	10.00	-25.51045	0	0.00	0.07751416	-20.98573	10.00	-0.02594261
0.5997385	10.00	-25.38921	0	0.00	0.1212328	-20.92601	10.00	-0.02590571
0.5997385	10.00	-25.30959	0	0.00	0.07962337	-20.837	10.00	-0.02585063
0.5997385	10.00	-25.1909	0	0.00	0.118689	-20.77081	10.00	-0.02580976
0.5997385	10.00	-25.10265	0	0.00	0.08825132	-20.68797	10.00	-0.02575851
0.5997385	10.00	-24.9922	0	0.00	0.110449	-20.6406	10.00	-0.02572923
0.5997385	10.00	-24.92904	0	0.00	0.06316587	-20.54028	10.00	-0.02566715
0.5997385	10.00	-24.79528	0	0.00	0.1337564	-20.48997	10.00	-0.02563604
0.5997385	10.00	-24.72819	0	0.00	0.06708702	-20.44209	10.00	-0.02560639
0.5997385	10.00	-24.66436	0	0.00	0.06382695	-20.39249	10.00	-0.02557577
0.5997385	10.00	-24.59822	0	0.00	0.06614	-20.29237	10.00	-0.02551389
0.5997385	10.00	-24.46473	0	0.00	0.1334932	-20.2418	10.00	-0.02548258
0.5997385	10.00	-24.3973	0	0.00	0.06742959	-20.19466	10.00	-0.02545336
0.5997385	10.00	-24.33446	0	0.00	0.06284029	-20.14419	10.00	-0.02542219
0.5997385	10.00	-24.26715	0	0.00	0.06730785	-20.04546	10.00	-0.02536111
0.5997385	10.00	-24.13551	0	0.00	0.1316416	-19.99446	10.00	-0.02532958
0.5997385	10.00	-24.06753	0	0.00	0.0679845	-19.94724	10.00	-0.02530035
0.5997385	10.00	-24.00456	0	0.00	0.06296911	-19.89646	10.00	-0.02526894
0.5997385	10.00	-23.93685	0	0.00	0.06771129	-19.79655	10.00	-0.0252072
0.5997385	10.00	-23.80364	0	0.00	0.133203	-19.74678	10.00	-0.02517641
0.5997385	10.00	-23.73728	0	0.00	0.06636083	-19.69829	10.00	-0.0251464
0.5997385	10.00	-23.67263	0	0.00	0.06465506	-19.59697	10.00	-0.02508375
0.5997385	10.00	-23.53753	0	0.00	0.1350956	-19.55013	10.00	-0.0250548
0.5997385	10.00	-23.47507	0	0.00	0.06246516	-19.50049	10.00	-0.02502411
0.5997385	10.00	-23.40889	0	0.00	0.06617539	-19.40007	10.00	-0.02496196
0.6039842	10.00	-23.275	0.004245786	0.00	0.1338881	-19.34963	10.00	-0.02493078
0.6041633	10.00	-23.20774	0.000179103	0.00	0.06726114	-19.30171	10.00	-0.02490112
0.6041633	10.00	-23.14385	0	0.00	0.06388924	-19.25215	10.00	-0.02487043
0.6041633	10.00	-23.07776	0	0.00	0.06609046	-19.15294	10.00	-0.02480915
0.6041633	10.00	-22.9455	0	0.00	0.1322659	-19.10224	10.00	-0.02477778
0.6041633	10.00	-22.87789	0	0.00	0.06760795	-19.05434	10.00	-0.02474817
0.6041633	10.00	-22.81402	0	0.00	0.06387225	-19.00436	10.00	-0.02471723
0.6041633	10.00	-22.74738	0	0.00	0.06663828	-18.90445	10.00	-0.02465545
0.6041633	10.00	-22.61417	0	0.00	0.1332114	-18.85449	10.00	-0.02462466
0.6041633	10.00	-22.54756	0	0.00	0.06660856	-18.80686	10.00	-0.02459512
0.6041633	10.00	-22.48405	0	0.00	0.06351269	-18.75646	10.00	-0.02456403
0.6041633	10.00	-22.41685	0	0.00	0.06719743	-18.65666	10.00	-0.02450227
0.6041633	10.00	-22.28378	0	0.00	0.1330741	-18.6059	10.00	-0.02447092
0.6041633	10.00	-22.2161	0	0.00	0.06767307	-18.55842	10.00	-0.02444161
0.6041633	10.00	-22.1528	0	0.00	0.0633046	-18.50853	10.00	-0.02441071
0.6041633	10.00	-22.08628	0	0.00	0.0665123	-18.4091	10.00	-0.02434921
0.6041633	10.00	-21.95371	0	0.00	0.1325773	-18.35975	10.00	-0.02431877
0.6041633	10.00	-21.8879	0	0.00	0.06580451	-18.30962	10.00	-0.0242878
0.6041633	10.00	-21.82107	0	0.00	0.06683646	-18.26195	10.00	-0.02425825
0.6041633	10.00	-21.7575	0	0.00	0.06356224	-18.212	10.00	-0.02422736
0.6041633	10.00	-21.69091	0	0.00	0.06659723	-18.11174	10.00	-0.02416533
0.6041633	10.00	-21.55722	0	0.00	0.1336842	-18.06215	10.00	-0.02413468
0.6041633	10.00	-21.49111	0	0.00	0.06611169	-18.0139	10.00	-0.02410489
0.6041633	10.00	-21.42678	0	0.00	0.06433372	-17.96301	10.00	-0.02407342
0.6041633	10.00	-21.35891	0	0.00	0.06786276	-17.86372	10.00	-0.02401196
0.6041633	10.00	-21.22652	0	0.00	0.1323904	-17.81508	10.00	-0.02398184
0.6041633	10.00	-21.16167	0	0.00	0.06485749	-17.76603	10.00	-0.02395154
0.6041633	10.00	-21.09628	0	0.00	0.06538833	-17.7165	10.00	-0.02392088
0.6041633	10.00	-21.03023	0	0.00	0.06604516	-17.59655	10.00	-0.02384664
0.6041633	10.00	-20.8703	0	0.00	0.1599291	-17.54743	10.00	-0.02381635
0.6041633	10.00	-20.8048	0	0.00	0.06550158	-17.46524	10.00	-0.02376552
0.6041633	10.00	-20.69522	0	0.00	0.1095798	-17.41752	10.00	-0.02373601
0.6041633	10.00	-20.63159	0	0.00	0.0636316	-17.31779	10.00	-0.02367434
0.6041633	10.00	-20.49861	0	0.00	0.1329807	-17.26561	10.00	-0.02364201
0.6041633	10.00	-20.42906	0	0.00	0.06955296	-17.16909	10.00	-0.02358239
0.6041633	10.00	-20.30036	0	0.00	0.1287	-17.11543	10.00	-0.02354923
0.6041633	10.00	-20.2288	0	0.00	0.07155459	-17.02174	10.00	-0.02349128
0.6041633	10.00	-20.10389	0	0.00	0.1249133	-16.97249	10.00	-0.02346084
0.6041633	10.00	-20.03822	0	0.00	0.06566578	-16.92205	10.00	-0.02342965
0.6041633	10.00	-19.97097	0	0.00	0.06725547	-16.87376	10.00	-0.02339978
0.6041633	10.00	-19.90659	0	0.00	0.06437902	-16.82513	10.00	-0.02336966
0.6041633	10.00	-19.84175	0	0.00	0.06484333	-16.77543	10.00	-0.02333905
0.6041633	10.00	-19.77547	0	0.00	0.06627165	-16.72559	10.00	-0.02330819
0.6041633	10.00	-19.70902	0	0.00	0.06645709	-16.67619	10.00	-0.02327758
0.6041633	10.00	-19.64314	0	0.00	0.06587388	-16.62645	10.00	-0.02324687
0.6041633	10.00	-19.57684	0	0.00	0.06630704	-16.52715	10.00	-0.02318542
0.6041633	10.00	-19.44443	0	0.00	0.1324074	-16.47719	10.00	-0.02315453
0.6041633	10.00	-19.37782	0	0.00	0.06660572	-16.4267	10.00	-0.02312334
0.6041633	10.00	-19.3105	0	0.00	0.06732342	-16.37792	10.00	-0.02309319
0.6041633	10.00	-19.24547	0	0.00	0.0650316	-16.32872	10.00	-0.0230628
0.6041633	10.00	-19.17986	0	0.00	0.06560491	-16.27959	10.00	-0.02303236
0.6041633	10.00	-19.11435	0	0.00	0.06551432	-16.1794	10.00	-0.02297047
0.6012207	10.00	-18.98076	-0.00294269	0.00	0.1335852	-16.13089	10.00	-0.02294037
0.5935329	10.00	-18.91608	-0.007687763	0.00	0.06468054	-16.07954	10.00	-0.02290865
0.5774402	10.00	-18.84762	-0.01609269	0.00	0.06846438	-16.03162	10.00	-0.02287909
0.5574729	10.00	-18.78373	-0.01996724	0.00	0.06389207	-15.98184	10.00	-0.02284826
0.5328741	10.00	-18.71735	-0.02459887	0.00	0.06637357	-15.93242	10.00	-0.0228177
0.5078145	10.00	-18.65146	-0.0250596	0.00	0.0658951	-15.88295	10.00	-0.02278712
0.4776187	10.00	-18.58549	-0.03019579	0.00	0.06596447	-15.83344	10.00	-0.02275644
0.4442042	10.00	-18.51948	-0.03341451	0.00	0.06601401	-15.78356	10.00	-0.02272569
0.4073236	10.00	-18.45298	-0.0368806	0.00	0.06650098	-15.68426	10.00	-0.02266422
0.3300467	10.00	-18.32057	-0.07727689	0.00	0.132406	-15.63395	10.00	-0.02263316
0.2883027	10.00	-18.2535	-0.04174398	0.00	0.06707287	-15.58428	10.00	-0.02260245
0.2458022	10.00	-18.18727	-0.04250056	0.00	0.06622776	-15.5346	10.00	-0.02257167
0.199444	10.00	-18.12103	-0.04635812	0.00	0.06624192	-15.48573	10.00	-0.02254149
0.1538418	10.00	-18.05587	-0.04560225	0.00	0.06516184	-15.43719	10.00	-0.02251143
0.1060419	10.00	-17.99115	-0.04779987	0.00	0.06472018	-15.38717	10.00	-0.02248053
0.05484837	10.00	-17.92446	-0.05119356	0.00	0.06669208	-15.33763	10.00	-0.02244994
0.003503091	10.00	-17.8584	-0.05134528	0.00	0.06605648	-15.2882	10.00	-0.02241937
-0.04580894	10.00	-17.7925	-0.04931204	0.00	0.0659036	-15.18765	10.00	-0.02235708
-0.1707818	10.00	-17.65844	-0.1249728	0.00	0.1340594	-15.13956	10.00	-0.02232741
-0.2330433	10.00	-17.59431	-0.0622615	0.00	0.06412422	-15.08765	10.00	-0.02229521
-0.3022565	10.00	-17.5251	-0.06921322	0.00	0.06921322	-15.03764	10.00	-0.02226436
-0.3689358	10.00	-17.45842	-0.06667934	0.00	0.06667934	-14.99067	10.00	-0.02223532
-0.4315595	10.00	-17.3958	-0.06262371	0.00	0.06262371	-14.9416	10.00	-0.02220497
-0.4969946	10.00	-17.33036	-0.06543504	0.00	0.06543504	-14.89178	10.00	-0.02217418
-0.563412	10.00	-17.26394	-0.06641746	0.00	0.06641746	-14.84205	10.00	-0.02214341
-0.6297304	10.00	-17.19762	-0.06631836	0.00	0.06631836	-14.79261	10.00	-0.02211283
-0.6956524	10.00	-17.1317	-0.065922	0.00	0.065922	-14.74288	10.00	-0.02208215
-0.7619538	10.00	-17.0654	-0.06630138	0.00	0.06630138	-14.64177	10.00	-0.0220196
-0.8967705	10.00	-16.93711	-0.1348167	0.00	0.1282897	-14.59422	10.00	-0.02199011
-0.96016	10.00	-16.87863	-0.06338953	0.00	0.05847918	-14.54268	10.00	-0.02195829
-1.028883	10.00	-16.8159	-0.06872343	0.00	0.06273446	-14.49251	10.00	-0.02192726
-1.095772	10.00	-16.75549	-0.06688884	0.00	0.06041207	-14.44064	10.00	-0.02189516
-1.164943	10.00	-16.69435	-0.06917075	0.00	0.06113348	-14.34591	10.00	-0.02183662
-1.291239	10.00	-16.5864	-0.1262964	0.00	0.1079527	-14.29637	10.00	-0.02180596
-1.357297	10.00	-16.53058	-0.0660579	0.00	0.0558238	-14.24508	10.00	-0.02177424
-1.425687	10.00	-16.47411	-0.06838936	0.00	0.05646965	-14.19758	10.00	-0.02174487
-1.489014	10.00	-16.42243	-0.06332725	0.00	0.05167663	-14.14824	10.00	-0.02171442
-1.554814	10.00	-16.36937	-0.06580026	0.00	0.05305754	-14.09819	10.00	-0.02168337
-1.621536	10.00	-16.31557	-0.0667218	0.00	0.05380061	-14.04883	10.00	-0.02165288
-1.68735	10.00	-16.2625	-0.06581442	0.00	0.05306895	-13.99903	10.00	-0.02162211
-1.753748	10.00	-16.20896	-0.06639764	0.00	0.05353922	-13.94884	10.00	-0.0215911
-1.820672	10.00	-16.155	-0.06692423	0.00	0.05396384	-13.89417	10.00	-0.02155723
-1.893565	10.00	-16.09834	-0.0728923	0.00	0.05665872	-13.79897	10.00	-0.02149831
-2.020492	10.00	-16.00337	-0.1269277	0.00	0.09497302	-13.74663	10.00	-0.02146598
-2.090286	10.00	-15.9525	-0.0697936	0.00	0.05087111	-13.65109	10.00	-0.02140688
-2.217675	10.00	-15.86211	-0.1273892	0.00	0.09038433	-13.6008	10.00	-0.02137573
-2.284731	10.00	-15.81454	-0.06705588	0.00	0.04757705	-13.55095	10.00	-0.02134495
-2.351194	10.00	-15.76738	-0.06646276	0.00	0.04715622	-13.5039	10.00	-0.02131584
-2.413921	10.00	-15.72287	-0.06272705	0.00	0.04450568	-13.45345	10.00	-0.02128466
-2.481194	10.00	-15.67514	-0.06727388	0.00	0.04773172	-13.40453	10.00	-0.02125436
-2.546424	10.00	-15.62886	-0.06522979	0.00	0.04628141	-13.35394	10.00	-0.02122317
-2.613865	10.00	-15.58101	-0.06744092	0.00	0.04785024	-13.30473	10.00	-0.02119265
-2.67949	10.00	-15.53572	-0.06562473	0.00	0.04529076	-13.25608	10.00	-0.02116251
-2.744349	10.00	-15.49284	-0.06485891	0.00	0.04287816	-13.15638	10.00	-0.02110092
-2.87728	10.00	-15.41011	-0.1329312	0.00	0.08273204	-13.10576	10.00	-0.02106962
-2.944779	10.00	-15.36875	-0.06749895	0.00	0.04135557	-13.05603	10.00	-0.02103884
-3.011095	10.00	-15.32941	-0.06631553	0.00	0.03934625	-13.00782	10.00	-0.02100905
-3.075372	10.00	-15.29189	-0.06427711	0.00	0.03751443	-12.95767	10.00	-0.020978
-3.142232	10.00	-15.25287	-0.06686053	0.00	0.03902221	-12.90878	10.00	-0.02094773
-3.20741	10.00	-15.21672	-0.06517741	0.00	0.03614657	-12.85934	10.00	-0.02091719
-3.27334	10.00	-15.18335	-0.06593049	0.00	0.03337223	-12.75871	10.00	-0.0208549
-3.407514	10.00	-15.12453	-0.134174	0.00	0.05882092	-12.71064	10.00	-0.02082527
-3.471604	10.00	-15.09706	-0.06409024	0.00	0.02747612	-12.66071	10.00	-0.02079438
-3.538176	10.00	-15.06916	-0.06657175	0.00	0.02789536	-12.61051	10.00	-0.02076337
-3.60511	10.00	-15.04111	-0.06693414	0.00	0.02804721	-12.5621	10.00	-0.02073333
-3.669659	10.00	-15.01406	-0.06454889	0.00	0.02704772	-12.51261	10.00	-0.02070268
-3.735643	10.00	-14.98642	-0.06598429	0.00	0.02764919	-12.46269	10.00	-0.02067181
-3.802204	10.00	-14.95852	-0.06656042	0.00	0.02789061	-12.41342	10.00	-0.02064137
-3.867898	10.00	-14.931	-0.06569409	0.00	0.02752759	-12.36377	10.00	-0.02061071
-3.934107	10.00	-14.90454	-0.06620936	0.00	0.02646131	-12.26397	10.00	-0.02054895
-4.06717	10.00	-14.85264	-0.1330628	0.00	0.0518916	-12.21349	10.00	-0.02051772
-4.134472	10.00	-14.8264	-0.06730219	0.00	0.02624639	-12.16376	10.00	-0.02048702
-4.200777	10.00	-14.80054	-0.06630421	0.00	0.0258572	-12.11438	10.00	-0.02045651
-4.266625	10.00	-14.77486	-0.0658484	0.00	0.02567944	-12.06655	10.00	-0.02042696
-4.330394	10.00	-14.74999	-0.06376891	0.00	0.02486849	-12.01684	10.00	-0.02039617
-4.396678	10.00	-14.72414	-0.06628439	0.00	0.02584947	-11.96631	10.00	-0.02036498
-4.464036	10.00	-14.69788	-0.0673574	0.00	0.02626792	-11.9175	10.00	-0.02033478
-4.529125	10.00	-14.67249	-0.06508964	0.00	0.02538355	-11.86713	10.00	-0.0203037
-4.596287	10.00	-14.6463	-0.06716204	0.00	0.02619174	-11.76745	10.00	-0.02024196
-4.72919	10.00	-14.59447	-0.1329029	0.00	0.05182923	-11.71975	10.00	-0.02021246
-4.792795	10.00	-14.56967	-0.06360471	0.00	0.02480445	-11.66797	10.00	-0.02018045
-4.861831	10.00	-14.54274	-0.06903628	0.00	0.02692265	-11.61859	10.00	-0.02015001
-4.927672	10.00	-14.51707	-0.06584132	0.00	0.02567668	-11.56898	10.00	-0.02011932
-4.993818	10.00	-14.49127	-0.06614567	0.00	0.02579537	-11.51944	10.00	-0.02008862
-5.059869	10.00	-14.46551	-0.06605082	0.00	0.02575838	-11.47175	10.00	-0.02005914
-5.123453	10.00	-14.44072	-0.06358347	0.00	0.02479617	-11.42143	10.00	-0.02002808
-5.190554	10.00	-14.41455	-0.06710118	0.00	0.026168	-11.36752	10.00	-0.01999472
-5.26244	10.00	-14.38652	-0.07188583	0.00	0.02803391	-11.27238	10.00	-0.0199358
-5.389288	10.00	-14.33705	-0.1268484	0.00	0.04946813	-11.22248	10.00	-0.01990498
-5.455814	10.00	-14.3111	-0.06652645	0.00	0.02594387	-11.17237	10.00	-0.019874
-5.522628	10.00	-14.28505	-0.06681382	0.00	0.02605594	-11.12175	10.00	-0.0198427
-5.590131	10.00	-14.25872	-0.0675032	0.00	0.02632478	-11.07494	10.00	-0.01981376
-5.65254	10.00	-14.23438	-0.06240854	0.00	0.02433797	-11.02561	10.00	-0.01978325
-5.718307	10.00	-14.20874	-0.06576771	0.00	0.02564798	-10.97574	10.00	-0.01975235
-5.784804	10.00	-14.1828	-0.06649673	0.00	0.02593228	-10.92612	10.00	-0.01972175
-5.850971	10.00	-14.157	-0.0661669	0.00	0.02580365	-10.87656	10.00	-0.01969112
-5.917042	10.00	-14.13124	-0.06607064	0.00	0.02576611	-10.77706	10.00	-0.01962954
-6.049716	10.00	-14.07949	-0.1326735	0.00	0.05173979	-10.72674	10.00	-0.01959842
-6.116808	10.00	-14.05333	-0.06709269	0.00	0.02616469	-10.67677	10.00	-0.01956757
-6.183429	10.00	-14.02735	-0.0666213	0.00	0.02598086	-10.6272	10.00	-0.01953685
-6.249526	10.00	-14.00157	-0.06609612	0.00	0.02577605	-10.57898	10.00	-0.01950704
-6.313827	10.00	-13.9765	-0.06430117	0.00	0.02507606	-10.52936	10.00	-0.0194764
-6.379974	10.00	-13.9507	-0.06614708	0.00	0.02579592	-10.47915	10.00	-0.01944538
-6.44693	10.00	-13.92459	-0.06695679	0.00	0.02611169	-10.42746	10.00	-0.01941345
-6.515845	10.00	-13.89771	-0.06891453	0.00	0.02687517	-10.32965	10.00	-0.01935298
-6.646261	10.00	-13.84686	-0.1304157	0.00	0.05085928	-10.27516	10.00	-0.01931928
-6.718913	10.00	-13.81852	-0.07265165	0.00	0.02833256	-10.22741	10.00	-0.01928974
-6.782582	10.00	-13.79369	-0.06366982	0.00	0.02482985	-10.13205	10.00	-0.01923076
-6.909719	10.00	-13.74411	-0.1271372	0.00	0.04958075	-10.07934	10.00	-0.01919813
-6.980007	10.00	-13.7167	-0.07028764	0.00	0.02741065	-10.03277	10.00	-0.0191694
-7.042106	10.00	-13.69248	-0.06209853	0.00	0.02421708	-9.93322	10.00	-0.0191078
-7.174834	10.00	-13.64072	-0.1327287	0.00	0.05176132	-9.885657	10.00	-0.01907842
-7.238246	10.00	-13.61599	-0.06341218	0.00	0.02472937	-9.833968	10.00	-0.0190464
-7.307168	10.00	-13.58912	-0.06892161	0.00	0.02687793	-9.786333	10.00	-0.01901694
-7.370682	10.00	-13.56373	-0.06351411	0.00	0.02538412	-9.735626	10.00	-0.01898561
-7.438293	10.00	-13.53606	-0.06761079	0.00	0.02767607	-9.686904	10.00	-0.01895541
-7.503257	10.00	-13.5038	-0.06496365	0.00	0.0322538	-9.637366	10.00	-0.0189248
-7.569306	10.00	-13.46525	-0.0660494	0.00	0.0385488	-9.536853	10.00	-0.01886263
-7.698133	10.00	-13.33643	-0.1288262	0.00	0.1288262	-9.48837	10.00	-0.01883258
-7.750887	10.00	-13.27303	-0.05275438	0.00	0.06339602	-9.438163	10.00	-0.01880159
-7.787363	10.00	-13.20609	-0.03647579	0.00	0.0669398	-9.387966	10.00	-0.01877062
-7.814761	10.00	-13.13916	-0.02739793	0.00	0.06693131	-9.338273	10.00	-0.01873984
-7.814761	10.00	-13.0729	0	0.00	0.06625466	-9.289291	10.00	-0.01870949
-7.814761	10.00	-13.0076	0	0.00	0.06530764	-9.241091	10.00	-0.01867978
-7.814761	10.00	-12.97631	0	0.00	0.03128642	-9.191547	10.00	-0.01864909
-7.794756	10.00	-12.97631	0.02000403	0.00	0	-9.141972	10.00	-0.01861848
-7.765138	10.00	-12.97631	0.02961859	0.00	0	-9.091997	10.00	-0.01858755
-7.728829	10.00	-12.97631	0.03630841	0.00	0	-9.042661	10.00	-0.01855703
-7.690435	10.00	-12.97631	0.03839431	0.00	0	-8.942919	10.00	-0.01849535
-7.603806	10.00	-12.97631	0.08662855	0.00	0	-8.893019	10.00	-0.01846448
-7.55982	10.00	-12.97631	0.04398712	0.00	0	-8.842606	10.00	-0.01843332
-7.515383	10.00	-12.97631	0.04443632	0.00	0	-8.794399	10.00	-0.01840354
-7.473511	10.00	-12.97631	0.04187207	0.00	0	-8.745368	10.00	-0.01837321
-7.431559	10.00	-12.97487	0.04195187	0.00	0.001440068	-8.695971	10.00	-0.01834264
-7.389294	10.00	-12.96896	0.04226528	0.00	0.005914908	-8.645705	10.00	-0.01831156
-7.346283	10.00	-12.95904	0.04301109	0.00	0.009913158	-8.596548	10.00	-0.01828118
-7.304223	10.00	-12.94871	0.04205998	0.00	0.01032857	-8.546725	10.00	-0.01825035
-7.261591	10.00	-12.93824	0.04263137	0.00	0.01046889	-8.446447	10.00	-0.01818832
-7.175789	10.00	-12.91718	0.08580234	0.00	0.02107029	-8.398378	10.00	-0.01815858
-7.13466	10.00	-12.90707	0.04112884	0.00	0.01009992	-8.346314	10.00	-0.01812636
-7.09011	10.00	-12.89614	0.04454996	0.00	0.01094003	-8.296906	10.00	-0.01809582
-7.047834	10.00	-12.88575	0.04227618	0.00	0.01038167	-8.247926	10.00	-0.01806551
-7.005926	10.00	-12.87546	0.04190826	0.00	0.01029132	-8.194982	10.00	-0.0180327
-6.960625	10.00	-12.86434	0.04530123	0.00	0.01112452	-8.099326	10.00	-0.0179736
-6.878778	10.00	-12.84424	0.08184707	0.00	0.020099	-8.049664	10.00	-0.01794294
-6.836284	10.00	-12.8338	0.04249329	0.00	0.01043498	-7.999951	10.00	-0.0179122
-6.793747	10.00	-12.82336	0.0425369	0.00	0.01044569	-7.950685	10.00	-0.01788176
-6.75223	10.00	-12.81301	0.0415175	0.00	0.01035155	-7.902861	10.00	-0.0178522
-6.711925	10.00	-12.80296	0.04030516	0.00	0.01004928	-7.853166	10.00	-0.01782143
-6.670048	10.00	-12.79252	0.04187718	0.00	0.01044123	-7.803396	10.00	-0.0177906
-6.628104	10.00	-12.78206	0.04194339	0.00	0.01045774	-7.753756	10.00	-0.01775996
-6.586271	10.00	-12.77163	0.04183334	0.00	0.0104303	-7.703428	10.00	-0.01772884
-6.543856	10.00	-12.76105	0.04241491	0.00	0.0105753	-7.654371	10.00	-0.01769846
-6.502516	10.00	-12.75074	0.04134035	0.00	0.01030738	-7.554215	10.00	-0.01763661
-6.418112	10.00	-12.7297	0.08440392	0.00	0.02104441	-7.506013	10.00	-0.01760675
-6.377487	10.00	-12.71957	0.04062458	0.00	0.01012892	-7.454912	10.00	-0.01757519
-6.334425	10.00	-12.70883	0.04306178	0.00	0.01073658	-7.405831	10.00	-0.01754475
-6.293062	10.00	-12.69852	0.04136362	0.00	0.01031318	-7.357563	10.00	-0.01751493
-6.252386	10.00	-12.68838	0.04067558	0.00	0.01014163	-7.307757	10.00	-0.01748422
-6.210413	10.00	-12.67792	0.04197292	0.00	0.0104651	-7.25814	10.00	-0.0174535
-6.168598	10.00	-12.66749	0.04181545	0.00	0.01042583	-7.208494	10.00	-0.01742275
-6.126758	10.00	-12.65706	0.0418396	0.00	0.01043186	-7.107786	10.00	-0.01736047
-6.041888	10.00	-12.6359	0.08487008	0.00	0.02116064	-7.05889	10.00	-0.01733026
-6.000684	10.00	-12.62562	0.04120436	0.00	0.01027347	-7.007905	10.00	-0.01729871
-5.957715	10.00	-12.61491	0.04296874	0.00	0.01071338	-6.95923	10.00	-0.01726848
-5.916696	10.00	-12.60468	0.04101915	0.00	0.01022729	-6.91108	10.00	-0.01723882
-5.876118	10.00	-12.59457	0.04057805	0.00	0.01011732	-6.848099	10.00	-0.01719981
-5.823043	10.00	-12.58133	0.05307455	0.00	0.01323306	-6.760262	10.00	-0.01714547
-5.750152	10.00	-12.56288	0.07289117	0.00	0.01845669	-6.709652	10.00	-0.01711415
-5.708155	10.00	-12.55224	0.04199682	0.00	0.01063397	-6.662724	10.00	-0.01708515
-5.669215	10.00	-12.54238	0.0389406	0.00	0.009860106	-6.562517	10.00	-0.01702323
-5.586061	10.00	-12.52133	0.08315405	0.00	0.02105534	-6.512579	10.00	-0.01699232
-5.54462	10.00	-12.51083	0.0414409	0.00	0.0104932	-6.464693	10.00	-0.01696263
-5.504882	10.00	-12.50077	0.03973791	0.00	0.01006199	-6.415557	10.00	-0.01693224
-5.464107	10.00	-12.49045	0.04077486	0.00	0.01032456	-6.365651	10.00	-0.01690141
-5.422696	10.00	-12.47996	0.04141095	0.00	0.01048562	-6.2655	10.00	-0.01683949
-5.339587	10.00	-12.45892	0.08310911	0.00	0.02104397	-6.215373	10.00	-0.01680855
-5.297992	10.00	-12.44838	0.04159508	0.00	0.01053224	-6.165504	10.00	-0.01677766
-5.256608	10.00	-12.43791	0.04138364	0.00	0.01047871	-6.115535	10.00	-0.01674675
-5.215143	10.00	-12.42741	0.04146557	0.00	0.01049945	-6.067977	10.00	-0.01671739
-5.175679	10.00	-12.41741	0.03946392	0.00	0.009992614	-6.019149	10.00	-0.01668716
-5.13516	10.00	-12.40715	0.04051849	0.00	0.01025964	-5.969527	10.00	-0.01665653
-5.093981	10.00	-12.39673	0.04117925	0.00	0.01042695	-5.919047	10.00	-0.01662527
-5.052093	10.00	-12.38612	0.04188846	0.00	0.01060653	-5.869967	10.00	-0.01659491
-5.011364	10.00	-12.37581	0.04072817	0.00	0.01031273	-5.769369	10.00	-0.01653269
-4.927887	10.00	-12.35467	0.08347738	0.00	0.02113721	-5.721986	10.00	-0.01650341
-4.888566	10.00	-12.34471	0.0393212	0.00	0.009956476	-5.667948	10.00	-0.01646997
-4.843726	10.00	-12.33336	0.04483984	0.00	0.01135384	-5.620761	10.00	-0.01644076
-4.804568	10.00	-12.32345	0.03915821	0.00	0.009915207	-5.571743	10.00	-0.0164105
-4.763891	10.00	-12.31315	0.04067619	0.00	0.01029957	-5.523478	10.00	-0.01638061
-4.725087	10.00	-12.303	0.03880444	0.00	0.01014119	-5.473764	10.00	-0.01634986
-4.684475	10.00	-12.29256	0.04061229	0.00	0.01044591	-5.424088	10.00	-0.01631916
-4.643895	10.00	-12.28212	0.0405802	0.00	0.01043766	-5.374444	10.00	-0.01628849
-4.60334	10.00	-12.27169	0.04055505	0.00	0.01043119	-5.275161	10.00	-0.01622704
-4.522232	10.00	-12.25083	0.0811075	0.00	0.02086171	-5.225248	10.00	-0.01619623
-4.481458	10.00	-12.24034	0.04077448	0.00	0.01048763	-5.174653	10.00	-0.01616492
-4.440125	10.00	-12.22971	0.04133216	0.00	0.01063107	-5.125911	10.00	-0.01613471
-4.400309	10.00	-12.21947	0.03981611	0.00	0.01024112	-5.076485	10.00	-0.01610421
-4.359932	10.00	-12.20908	0.04037725	0.00	0.01038546	-5.02744	10.00	-0.0160739
-4.319866	10.00	-12.19878	0.04006589	0.00	0.01030537	-4.927852	10.00	-0.01601232
-4.238512	10.00	-12.17785	0.08135381	0.00	0.02092506	-4.877787	10.00	-0.01598127
-4.197613	10.00	-12.16733	0.04089937	0.00	0.01051975	-4.826854	10.00	-0.01594972
-4.156005	10.00	-12.15663	0.04160795	0.00	0.01070201	-4.779933	10.00	-0.01592078
-4.117675	10.00	-12.14677	0.03832955	0.00	0.009858768	-4.730293	10.00	-0.01589009
-4.077122	10.00	-12.13634	0.04055332	0.00	0.01043074	-4.680541	10.00	-0.01585928
-4.036479	10.00	-12.12589	0.04064265	0.00	0.01045372	-4.630916	10.00	-0.01582855
-3.995941	10.00	-12.11546	0.04053858	0.00	0.01042695	-4.581328	10.00	-0.01579789
-3.955432	10.00	-12.10504	0.04050909	0.00	0.01041937	-4.480665	10.00	-0.01573567
-3.873199	10.00	-12.08389	0.08223327	0.00	0.02115127	-4.432472	10.00	-0.01570586
-3.833828	10.00	-12.07376	0.03937032	0.00	0.01012646	-4.381998	10.00	-0.01567465
-3.792597	10.00	-12.06316	0.04123155	0.00	0.01060519	-4.331221	10.00	-0.01564331
-3.751115	10.00	-12.05249	0.04148133	0.00	0.01066944	-4.282667	10.00	-0.01561325
-3.711451	10.00	-12.04229	0.03966433	0.00	0.01020209	-4.234109	10.00	-0.01558319
-3.671783	10.00	-12.03208	0.0396678	0.00	0.01020298	-4.185019	10.00	-0.01555287
-3.632315	10.00	-12.02177	0.03946854	0.00	0.01031474	-4.135247	10.00	-0.01552122
-3.592298	10.00	-12.01131	0.04001655	0.00	0.01045796	-4.085486	10.00	-0.01548963
-3.55229	10.00	-12.00086	0.04000801	0.00	0.01045573	-3.984818	10.00	-0.01542559
-3.471353	10.00	-11.9797	0.08093706	0.00	0.02115216	-3.936666	10.00	-0.01539498
-3.432638	10.00	-11.96959	0.03871481	0.00	0.01011776	-3.885254	10.00	-0.01536228
-3.391303	10.00	-11.95878	0.04133535	0.00	0.01080262	-3.83549	10.00	-0.01533062
-3.351293	10.00	-11.94833	0.04000972	0.00	0.01045617	-3.787015	10.00	-0.01529985
-3.312318	10.00	-11.93814	0.03897516	0.00	0.0101858	-3.738927	10.00	-0.01526925
-3.273656	10.00	-11.92804	0.03866189	0.00	0.01010393	-3.688764	10.00	-0.01523738
-3.233325	10.00	-11.9175	0.04033152	0.00	0.01054027	-3.639513	10.00	-0.01520605
-3.193727	10.00	-11.90715	0.03959743	0.00	0.01034843	-3.590125	10.00	-0.01517465
-3.154018	10.00	-11.89677	0.03970926	0.00	0.01037765	-3.539942	10.00	-0.01514276
-3.113671	10.00	-11.88623	0.04034689	0.00	0.01054429	-3.439449	10.00	-0.01507897
-3.032875	10.00	-11.86511	0.08079621	0.00	0.02111535	-3.385819	10.00	-0.01504483
-2.989755	10.00	-11.85384	0.04311937	0.00	0.01126885	-3.290776	10.00	-0.01498438
-2.912114	10.00	-11.83387	0.07764176	0.00	0.01997028	-3.241083	10.00	-0.01495282
-2.871519	10.00	-11.82343	0.04059495	0.00	0.01044145	-3.192952	10.00	-0.01492219
-2.832201	10.00	-11.81332	0.03931828	0.00	0.01011308	-3.142969	10.00	-0.0148905
-2.791368	10.00	-11.80281	0.04083259	0.00	0.01050257	-3.093082	10.00	-0.01485874
-2.750615	10.00	-11.79233	0.0407528	0.00	0.01048205	-3.040621	10.00	-0.01482545
-2.707759	10.00	-11.78131	0.042856	0.00	0.01102302	-2.944839	10.00	-0.01476455
-2.629513	10.00	-11.76118	0.07824627	0.00	0.02012577	-2.895356	10.00	-0.01473306
-2.589728	10.00	-11.75079	0.03978437	0.00	0.01039728	-2.844912	10.00	-0.01470098
-2.549172	10.00	-11.74019	0.04055602	0.00	0.01059894	-2.795256	10.00	-0.01466944
-2.509248	10.00	-11.72975	0.03992436	0.00	0.01043386	-2.745327	10.00	-0.01463766
-2.469105	10.00	-11.71926	0.04014288	0.00	0.01049097	-2.696435	10.00	-0.01460658
-2.429795	10.00	-11.70899	0.03930977	0.00	0.01027325	-2.648432	10.00	-0.01457605
-2.391202	10.00	-11.6989	0.0385936	0.00	0.01008608	-2.598503	10.00	-0.01454436
-2.351058	10.00	-11.68841	0.04014373	0.00	0.0104912	-2.548422	10.00	-0.01451245
-2.310793	10.00	-11.67789	0.04026495	0.00	0.01052288	-2.498462	10.00	-0.01448071
-2.270625	10.00	-11.66739	0.04016849	0.00	0.01049767	-2.399597	10.00	-0.01441791
-2.191137	10.00	-11.64662	0.07948764	0.00	0.02077337	-2.349913	10.00	-0.0143863
-2.15119	10.00	-11.63618	0.03994655	0.00	0.01043967	-2.299608	10.00	-0.01435432
-2.110745	10.00	-11.62561	0.04044506	0.00	0.01056994	-2.251864	10.00	-0.01432402
-2.072359	10.00	-11.61558	0.03838618	0.00	0.01003188	-2.202369	10.00	-0.0142925
-2.032565	10.00	-11.60518	0.03979376	0.00	0.01039973	-2.15251	10.00	-0.01426085
-1.992478	10.00	-11.5947	0.0400874	0.00	0.01047647	-2.10271	10.00	-0.01422923
-1.952439	10.00	-11.58424	0.04003874	0.00	0.01046376	-2.05337	10.00	-0.01419784
-1.91277	10.00	-11.57387	0.03966914	0.00	0.01036717	-2.002857	10.00	-0.01416571
-1.872157	10.00	-11.56456	0.04061321	0.00	0.009309572	-1.904056	10.00	-0.01410287
-1.791445	10.00	-11.56456	0.08071201	0.00	0	-1.854025	10.00	-0.01407108
-1.749928	10.00	-11.56456	0.04151667	0.00	0	-1.80379	10.00	-0.01403565
-1.708239	10.00	-11.56456	0.04168935	0.00	0	-1.754371	10.00	-0.01400081
-1.667225	10.00	-11.56456	0.04101361	0.00	0	-1.705602	10.00	-0.01396982
-1.626756	10.00	-11.56456	0.04046915	0.00	0	-1.656402	10.00	-0.01393864
-1.585928	10.00	-11.56456	0.04082772	0.00	0	-1.607287	10.00	-0.0139074
-1.545805	10.00	-11.56456	0.04012313	0.00	0	-1.557463	10.00	-0.01387571
-1.505747	10.00	-11.56456	0.04005837	0.00	0	-1.508006	10.00	-0.0138443
-1.465983	10.00	-11.56456	0.03976388	0.00	0	-1.408133	10.00	-0.01378084
-1.386975	10.00	-11.56456	0.0790083	0.00	0	-1.35904	10.00	-0.0137497
-1.348137	10.00	-11.56456	0.03883728	0.00	0	-1.308232	10.00	-0.01371742
-1.307944	10.00	-11.56456	0.0401937	0.00	0	-1.257613	10.00	-0.01368521
-1.2679	10.00	-11.56456	0.0400442	0.00	0	-1.210591	10.00	-0.01365533
-1.230701	10.00	-11.56456	0.03719866	0.00	0	-1.161451	10.00	-0.01362417
-1.191827	10.00	-11.56456	0.03887424	0.00	0	-1.111703	10.00	-0.01359255
-1.152471	10.00	-11.56456	0.03935549	0.00	0	-1.061987	10.00	-0.01356099
-1.113142	10.00	-11.56456	0.03932945	0.00	0	-1.012475	10.00	-0.01352952
-1.073973	10.00	-11.56456	0.03916904	0.00	0	-0.9120598	10.00	-0.0134657
-0.9945351	10.00	-11.56456	0.07943749	0.00	0	-0.8640025	10.00	-0.01343516
-0.9565176	10.00	-11.56456	0.03801755	0.00	0	-0.8122726	10.00	-0.01340224
-0.9162619	10.00	-11.56456	0.0402557	0.00	0	-0.7629539	10.00	-0.01337085
-0.8778833	10.00	-11.56456	0.03837861	0.00	0	-0.7145814	10.00	-0.01334021
-0.8402408	10.00	-11.56456	0.03764249	0.00	0	-0.6650444	10.00	-0.01330873
-0.801692	10.00	-11.56456	0.0385488	0.00	0	-0.6152092	10.00	-0.01327708
-0.762911	10.00	-11.56456	0.03878096	0.00	0	-0.5664439	10.00	-0.01324607
-0.7249628	10.00	-11.56456	0.03794817	0.00	0	-0.5166447	10.00	-0.01321441
-0.68621	10.00	-11.56456	0.03875287	0.00	0	-0.4167053	10.00	-0.01315088
-0.608439	10.00	-11.56456	0.07777095	0.00	0	-0.3671896	10.00	-0.0131194
-0.5699068	10.00	-11.56456	0.03853228	0.00	0	-0.3169432	10.00	-0.01308749
-0.5308061	10.00	-11.56456	0.0391007	0.00	0	-0.2666495	10.00	-0.01305564
-0.4916682	10.00	-11.56456	0.03913787	0.00	0	-0.2190329	10.00	-0.01302531
-0.4546139	10.00	-11.56456	0.03705424	0.00	0	-0.1700003	10.00	-0.01299417
-0.4170906	10.00	-11.56456	0.03752333	0.00	0	-0.1201086	10.00	-0.01296248
-0.37891	10.00	-11.56456	0.03818062	0.00	0	-0.07057073	10.00	-0.01293099
-0.3409999	10.00	-11.56456	0.03791007	0.00	0	0.03001339	10.00	-0.01286712
-0.264026	10.00	-11.56456	0.07697386	0.00	0	0.08238091	10.00	-0.0128338
-0.2239507	10.00	-11.56456	0.04007532	0.00	0	0.1797729	10.00	-0.01277187
-0.1494192	10.00	-11.56456	0.07453156	0.00	0	0.2331479	10.00	-0.01273757
-0.1085728	10.00	-11.56456	0.04084636	0.00	0	0.3279226	10.00	-0.01267645
-0.03604481	10.00	-11.56456	0.072528	0.00	0	0.3771121	10.00	-0.01264482
0.001598771	10.00	-11.56456	0.03764358	0.00	0	0.4259475	10.00	-0.01261334
0.0383405	10.00	-11.56456	0.03674173	0.00	0	0.4748159	10.00	-0.01258183
0.07510699	10.00	-11.56456	0.03676649	0.00	0	0.5249643	10.00	-0.01254957
0.1128368	10.00	-11.56456	0.0377298	0.00	0	0.6248341	10.00	-0.01248533
0.1879753	10.00	-11.56456	0.07513849	0.00	0	0.6729236	10.00	-0.01245429
0.2241555	10.00	-11.56456	0.03618019	0.00	0	0.7240921	10.00	-0.01242135
0.2626529	10.00	-11.56456	0.03849741	0.00	0	0.7740786	10.00	-0.01238917
0.3002605	10.00	-11.56456	0.03760759	0.00	0	0.822194	10.00	-0.01235817
0.3364606	10.00	-11.56456	0.03620016	0.00	0	0.8715252	10.00	-0.01232646
0.3735754	10.00	-11.56456	0.03711475	0.00	0	0.9205258	10.00	-0.01229483
0.4104417	10.00	-11.56456	0.03686633	0.00	0	0.97039	10.00	-0.01226275
0.4479575	10.00	-11.56456	0.03751573	0.00	0	1.06993	10.00	-0.01219855
0.5228475	10.00	-11.56456	0.07489008	0.00	0	1.120332	10.00	-0.01216617
0.5607682	10.00	-11.56456	0.03792071	0.00	0	1.169326	10.00	-0.01213462
0.597629	10.00	-11.56456	0.03686074	0.00	0	1.218921	10.00	-0.01210269
0.6349426	10.00	-11.56456	0.03731364	0.00	0	1.267802	10.00	-0.01207119
0.6717187	10.00	-11.56456	0.03677607	0.00	0	1.368234	10.00	-0.01200646
0.7472798	10.00	-11.56456	0.07556105	0.00	0	1.41641	10.00	-0.01197543
0.7835254	10.00	-11.56456	0.03624569	0.00	0	1.467452	10.00	-0.01194262
0.8219278	10.00	-11.56456	0.03840236	0.00	0	1.517356	10.00	-0.01191048
0.859473	10.00	-11.56456	0.03754528	0.00	0	1.565676	10.00	-0.01187937
0.8958274	10.00	-11.56456	0.03635432	0.00	0	1.614504	10.00	-0.01184791
0.9325635	10.00	-11.56456	0.03673613	0.00	0	1.664171	10.00	-0.01181587
0.9699315	10.00	-11.56456	0.03736796	0.00	0	1.713594	10.00	-0.011784
1.007115	10.00	-11.56456	0.03718344	0.00	0	1.763457	10.00	-0.01175198
1.04463	10.00	-11.56456	0.03751493	0.00	0	1.863645	10.00	-0.01168745
1.120008	10.00	-11.56456	0.07537813	0.00	0	1.91197	10.00	-0.01165638
1.156366	10.00	-11.56456	0.03635752	0.00	0	1.963228	10.00	-0.01162339
1.188974	10.00	-11.56456	0.03260861	0.00	0	2.013158	10.00	-0.01159124
1.207201	10.00	-11.56456	0.01822664	0.00	0	2.061571	10.00	-0.01156001
1.217373	10.00	-11.55064	0.01017242	0.00	0.01392262	2.110083	10.00	-0.01152875
1.217373	10.00	-11.50036	0	0.00	0.05027797	2.160404	10.00	-0.01149634
1.217373	10.00	-11.43651	0	0.00	0.06384578	2.209635	10.00	-0.01146463
1.217373	10.00	-11.37214	0	0.00	0.06437051	2.259096	10.00	-0.01143279
1.217373	10.00	-11.3062	0	0.00	0.06594748	2.359806	10.00	-0.01136789
1.217373	10.00	-11.17192	0	0.00	0.1342802	2.408297	10.00	-0.01133668
1.217373	10.00	-11.10726	0	0.00	0.06465506	2.458914	10.00	-0.01130407
1.217373	10.00	-11.03977	0	0.00	0.06748904	2.508968	10.00	-0.01127177
1.217373	10.00	-10.97303	0	0.00	0.06673879	2.558542	10.00	-0.01123993
1.210157	10.00	-10.90693	-0.007216323	0.00	0.06609895	2.60677	10.00	-0.01120886
1.190683	10.00	-10.84263	-0.01947333	0.00	0.064304	2.655493	10.00	-0.01117745
1.167865	10.00	-10.77767	-0.02281827	0.00	0.06496365	2.705305	10.00	-0.01114543
1.142608	10.00	-10.71125	-0.02525771	0.00	0.06641604	2.754774	10.00	-0.01111358
1.116885	10.00	-10.64529	-0.0257225	0.00	0.06595881	2.804362	10.00	-0.01108155
1.08918	10.00	-10.57917	-0.02770495	0.00	0.06611735	2.904008	10.00	-0.01101743
1.027076	10.00	-10.44631	-0.06210444	0.00	0.1328604	2.953718	10.00	-0.01098544
0.9916011	10.00	-10.38003	-0.03547456	0.00	0.06628014	3.00419	10.00	-0.01095286
0.9529752	10.00	-10.31274	-0.03862586	0.00	0.06729794	3.053299	10.00	-0.01092128
0.9128582	10.00	-10.24726	-0.04011706	0.00	0.06547751	3.101733	10.00	-0.01089006
0.8726656	10.00	-10.18268	-0.04019252	0.00	0.06458004	3.15185	10.00	-0.0108578
0.8349598	10.00	-10.11586	-0.03770584	0.00	0.06682231	3.200979	10.00	-0.01082625
0.7999005	10.00	-10.05035	-0.03505937	0.00	0.06550441	3.250499	10.00	-0.01079439
0.7639222	10.00	-9.984324	-0.03597827	0.00	0.06602675	3.300594	10.00	-0.01076205
0.7275258	10.00	-9.91753	-0.03639635	0.00	0.066794	3.400031	10.00	-0.01069796
0.6552808	10.00	-9.784947	-0.07224502	0.00	0.1325829	3.450865	10.00	-0.01066529
0.6183484	10.00	-9.71717	-0.03693244	0.00	0.06777783	3.5002	10.00	-0.01063349
0.5793196	10.00	-9.651389	-0.03902877	0.00	0.06578045	3.550561	10.00	-0.01060105
0.5381791	10.00	-9.584241	-0.04114048	0.00	0.0671479	3.602896	10.00	-0.01056728
0.492047	10.00	-9.514461	-0.04613206	0.00	0.06978086	3.698398	10.00	-0.01050582
0.3721095	10.00	-9.387125	-0.1199376	0.00	0.1273354	3.746651	10.00	-0.01047476
0.3083945	10.00	-9.325279	-0.06371499	0.00	0.06184606	3.796346	10.00	-0.01044277
0.2421342	10.00	-9.269284	-0.06626032	0.00	0.05599486	3.845188	10.00	-0.0104113
0.177012	10.00	-9.220556	-0.0651222	0.00	0.04872736	3.896449	10.00	-0.01037828
0.1086651	10.00	-9.17074	-0.06834689	0.00	0.04981663	3.994769	10.00	-0.01031495
-0.02242865	10.00	-9.089151	-0.1310938	0.00	0.08158849	4.045547	10.00	-0.01028231
-0.09013145	10.00	-9.054227	-0.0677028	0.00	0.03492488	4.094495	10.00	-0.01025076
-0.1553966	10.00	-9.026247	-0.06526517	0.00	0.02797982	4.144447	10.00	-0.0102186
-0.2220009	10.00	-9.000273	-0.06660431	0.00	0.02597423	4.19229	10.00	-0.01018774
-0.2857897	10.00	-8.978484	-0.06378873	0.00	0.02178792	4.242495	10.00	-0.01015542
-0.3527309	10.00	-8.956268	-0.06694122	0.00	0.02221651	4.295154	10.00	-0.01012162
-0.4229421	10.00	-8.936365	-0.0702112	0.00	0.01990252	4.391148	10.00	-0.01005975
-0.5509343	10.00	-8.909999	-0.1279922	0.00	0.02636683	4.441625	10.00	-0.01002721
-0.6182379	10.00	-8.899392	-0.06730361	0.00	0.01060631	4.489445	10.00	-0.009996414
-0.6819983	10.00	-8.891196	-0.06376041	0.00	0.008195784	4.539267	10.00	-0.009964369
-0.7484271	10.00	-8.885874	-0.06642878	0.00	0.005322666	4.58861	10.00	-0.009932596
-0.8142174	10.00	-8.88124	-0.06579036	0.00	0.00463447	4.688808	10.00	-0.009868018
-0.9478139	10.00	-8.878297	-0.1335965	0.00	0.00294294	4.738426	10.00	-0.009836051
-1.013972	10.00	-8.87812	-0.06615841	0.00	0.0001761666	4.788713	10.00	-0.009803724
-1.081021	10.00	-8.87812	-0.0670488	0.00	0	4.838858	10.00	-0.009771444
-1.147882	10.00	-8.87812	-0.06686053	0.00	0	4.887684	10.00	-0.009739934
-1.212984	10.00	-8.87812	-0.06510238	0.00	0	4.935544	10.00	-0.009709085
-1.276797	10.00	-8.87812	-0.06381279	0.00	0	4.985502	10.00	-0.009676933
-1.343407	10.00	-8.87812	-0.06660997	0.00	0	5.034854	10.00	-0.009645209
-1.40921	10.00	-8.87812	-0.0658031	0.00	0	5.085404	10.00	-0.00961258
-1.47661	10.00	-8.87812	-0.06739987	0.00	0	5.185008	10.00	-0.009548537
-1.609415	10.00	-8.87812	-0.1328052	0.00	0	5.232896	10.00	-0.009517582
-1.673267	10.00	-8.873004	-0.06385243	0.00	0.005116233	5.284339	10.00	-0.009484534
-1.741858	10.00	-8.850241	-0.06859037	0.00	0.02276383	5.334211	10.00	-0.009452343
-1.808353	10.00	-8.812075	-0.06649531	0.00	0.03816519	5.382748	10.00	-0.009421202
-1.871188	10.00	-8.771799	-0.06283464	0.00	0.04027621	5.431413	10.00	-0.009389761
-1.925394	10.00	-8.720106	-0.0542062	0.00	0.05169301	5.481342	10.00	-0.009357588
-1.985521	10.00	-8.661268	-0.06012696	0.00	0.05883772	5.531677	10.00	-0.009325174
-2.018193	10.00	-8.596104	-0.03267153	0.00	0.06516435	5.580853	10.00	-0.009293556
-2.05265	10.00	-8.530538	-0.03445783	0.00	0.0655667	5.630847	10.00	-0.009261374
-2.084455	10.00	-8.463878	-0.03180487	0.00	0.06665952	5.680143	10.00	-0.009229601
-2.113906	10.00	-8.398149	-0.02945114	0.00	0.06572807	5.779111	10.00	-0.009165851
-2.171756	10.00	-8.266191	-0.05784971	0.00	0.1319587	5.828833	10.00	-0.009133835
-2.198894	10.00	-8.199895	-0.02713775	0.00	0.06629571	5.879212	10.00	-0.0091014
-2.225739	10.00	-8.132725	-0.02684545	0.00	0.06717054	5.928586	10.00	-0.009069618
-2.252051	10.00	-8.066891	-0.02631139	0.00	0.06583424	5.977038	10.00	-0.009038302
-2.276618	10.00	-8.002291	-0.02456702	0.00	0.06459986	6.026024	10.00	-0.009006831
-2.298295	10.00	-7.936975	-0.02167718	0.00	0.06531613	6.075549	10.00	-0.008974883
-2.31957	10.00	-7.870944	-0.02127506	0.00	0.066031	6.125694	10.00	-0.008942613
-2.341113	10.00	-7.80408	-0.02154324	0.00	0.06686336	6.175098	10.00	-0.008910831
-2.362337	10.00	-7.738209	-0.02122352	0.00	0.06587104	6.274631	10.00	-0.008846692
-2.399956	10.00	-7.605499	-0.03761894	0.00	0.1327103	6.324254	10.00	-0.008814724
-2.418711	10.00	-7.539335	-0.0187553	0.00	0.06616407	6.375319	10.00	-0.008781803
-2.438011	10.00	-7.471247	-0.01930062	0.00	0.06808784	6.422593	10.00	-0.008751353
-2.455878	10.00	-7.408217	-0.01786689	0.00	0.06302998	6.472236	10.00	-0.008719386
-2.47336	10.00	-7.342024	-0.01748145	0.00	0.06619238	6.521641	10.00	-0.008687662
-2.488844	10.00	-7.276151	-0.01548379	0.00	0.06587388	6.57233	10.00	-0.008654925
-2.502766	10.00	-7.208567	-0.01392251	0.00	0.06758389	6.6212	10.00	-0.008623561
-2.516189	10.00	-7.143406	-0.01342327	0.00	0.06516042	6.722072	10.00	-0.008558516
-2.543896	10.00	-7.008909	-0.0277068	0.00	0.1344968	6.769271	10.00	-0.008528116
-2.55686	10.00	-6.945979	-0.01296398	0.00	0.06293089	6.820988	10.00	-0.008494766
-2.571065	10.00	-6.877021	-0.01420538	0.00	0.068957	6.871303	10.00	-0.008462332
-2.584885	10.00	-6.809936	-0.01381986	0.00	0.06708561	6.919586	10.00	-0.00843126
-2.598147	10.00	-6.745558	-0.01326201	0.00	0.06437761	6.967741	10.00	-0.008400255
-2.611374	10.00	-6.681352	-0.01322672	0.00	0.06420632	7.018194	10.00	-0.008367753
-2.62393	10.00	-6.614079	-0.01255557	0.00	0.06727246	7.068157	10.00	-0.00833561
-2.633138	10.00	-6.547461	-0.009208217	0.00	0.06661846	7.117847	10.00	-0.008303603
-2.639088	10.00	-6.481211	-0.005949869	0.00	0.06625041	7.174506	10.00	-0.008267208
-2.639088	10.00	-6.405664	0	0.00	0.07554651	7.267261	10.00	-0.008207477
-2.639088	10.00	-6.281992	0	0.00	0.1236719	7.316071	10.00	-0.008175996
-2.639088	10.00	-6.216913	0	0.00	0.06507973	7.366168	10.00	-0.008143707
-2.639088	10.00	-6.150117	0	0.00	0.06679542	7.423159	10.00	-0.00810702
-2.639088	10.00	-6.074128	0	0.00	0.07598959	7.514888	10.00	-0.008047892
-2.639088	10.00	-5.951822	0	0.00	0.1223058	7.564641	10.00	-0.008015954
-2.639088	10.00	-5.885485	0	0.00	0.06633677	7.613426	10.00	-0.007984415
-2.639088	10.00	-5.820438	0	0.00	0.06504717	7.662045	10.00	-0.007953089
-2.639088	10.00	-5.755613	0	0.00	0.06482493	7.761805	10.00	-0.00788891
-2.639088	10.00	-5.6226	0	0.00	0.1330133	7.811254	10.00	-0.007856943
-2.639088	10.00	-5.556666	0	0.00	0.06593332	7.861943	10.00	-0.007824373
-2.639088	10.00	-5.489081	0	0.00	0.0675853	7.912067	10.00	-0.007792064
-2.639088	10.00	-5.42225	0	0.00	0.06683081	7.959286	10.00	-0.007761712
-2.639088	10.00	-5.359291	0	0.00	0.0629592	8.008563	10.00	-0.00772989
-2.639088	10.00	-5.293588	0	0.00	0.06570259	8.058612	10.00	-0.007697689
-2.639088	10.00	-5.226857	0	0.00	0.06673171	8.108158	10.00	-0.00766579
-2.639088	10.00	-5.160794	0	0.00	0.06606214	8.160404	10.00	-0.00763209
-2.639088	10.00	-5.091133	0	0.00	0.06966196	8.257912	10.00	-0.007569333
-2.639088	10.00	-4.96112	0	0.00	0.1300122	8.306049	10.00	-0.00753827
-2.639088	10.00	-4.896939	0	0.00	0.06418084	8.357689	10.00	-0.007505067
-2.639088	10.00	-4.828087	0	0.00	0.06885225	8.407769	10.00	-0.007472836
-2.639088	10.00	-4.761313	0	0.00	0.06677418	8.456722	10.00	-0.00744119
-2.639088	10.00	-4.696042	0	0.00	0.06527083	8.504522	10.00	-0.007410429
-2.639088	10.00	-4.632307	0	0.00	0.06373493	8.554118	10.00	-0.007378481
-2.639088	10.00	-4.566178	0	0.00	0.06612868	8.604089	10.00	-0.007346358
-2.639088	10.00	-4.499554	0	0.00	0.06662413	8.653572	10.00	-0.007314439
-2.63444	10.00	-4.433571	0.004648031	0.00	0.06598287	8.754157	10.00	-0.007249705
-2.610708	10.00	-4.29946	0.02373171	0.00	0.1341118	8.802619	10.00	-0.007218468
-2.596146	10.00	-4.234844	0.01456233	0.00	0.06461543	8.854154	10.00	-0.007185235
-2.579995	10.00	-4.166133	0.01615059	0.00	0.06871069	8.903018	10.00	-0.007153793
-2.56405	10.00	-4.100982	0.01594495	0.00	0.06515193	8.950541	10.00	-0.007123169
-2.547315	10.00	-4.037615	0.01673524	0.00	0.06336688	9.000507	10.00	-0.007090997
-2.527785	10.00	-3.970995	0.01952958	0.00	0.06661988	9.050041	10.00	-0.007059107
-2.507146	10.00	-3.904951	0.02063967	0.00	0.06604374	9.099495	10.00	-0.007027217
-2.486537	10.00	-3.839008	0.02060826	0.00	0.06594323	9.150176	10.00	-0.006994627
-2.465421	10.00	-3.771438	0.02111656	0.00	0.06756973	9.249474	10.00	-0.006930673
-2.422763	10.00	-3.642887	0.04265821	0.00	0.1285515	9.297702	10.00	-0.006899532
-2.402044	10.00	-3.580451	0.02071862	0.00	0.06243606	9.349106	10.00	-0.006866494
-2.379961	10.00	-3.513904	0.02208281	0.00	0.06654705	9.398658	10.00	-0.006834614
-2.358672	10.00	-3.449749	0.02128874	0.00	0.06415413	9.44718	10.00	-0.006803376
-2.337828	10.00	-3.386935	0.02084405	0.00	0.06281403	9.496002	10.00	-0.006771896
-2.317485	10.00	-3.323731	0.02034327	0.00	0.06320437	9.545368	10.00	-0.006740074
-2.296277	10.00	-3.25982	0.02120801	0.00	0.06391084	9.59534	10.00	-0.006707902
-2.274809	10.00	-3.195126	0.02146799	0.00	0.06469429	9.644732	10.00	-0.006676119
-2.253591	10.00	-3.131185	0.02121805	0.00	0.06394108	9.694502	10.00	-0.006644113
-2.23221	10.00	-3.066752	0.02138133	0.00	0.06443314	9.795839	10.00	-0.006578815
-2.188675	10.00	-2.93556	0.04353437	0.00	0.1311918	9.842919	10.00	-0.006548502
-2.16845	10.00	-2.874611	0.02022512	0.00	0.06094889	9.895024	10.00	-0.00651488
-2.146738	10.00	-2.807154	0.02171202	0.00	0.06745694	9.9438	10.00	-0.006483506
-2.126414	10.00	-2.744009	0.02032425	0.00	0.06314527	9.991501	10.00	-0.006452736
-2.106537	10.00	-2.682255	0.01987655	0.00	0.06175432	10.04111	10.00	-0.006420807
-2.085863	10.00	-2.618022	0.02067418	0.00	0.06423247	10.09087	10.00	-0.006388771
-2.065131	10.00	-2.553608	0.02073257	0.00	0.06441389	10.14078	10.00	-0.006356668
-2.044333	10.00	-2.488991	0.02079804	0.00	0.06461731	10.19011	10.00	-0.006324875
-2.023781	10.00	-2.425139	0.02055163	0.00	0.06385174	10.29093	10.00	-0.006259938
-1.981771	10.00	-2.294619	0.04200972	0.00	0.1305197	10.33902	10.00	-0.006228875
-1.961729	10.00	-2.232351	0.020042	0.00	0.06226837	10.38991	10.00	-0.0061961
-1.940525	10.00	-2.166471	0.0212046	0.00	0.06588044	10.43964	10.00	-0.006164113
-1.919802	10.00	-2.102088	0.02072239	0.00	0.06438228	10.48971	10.00	-0.006131853
-1.89894	10.00	-2.03727	0.02086263	0.00	0.06481799	10.5379	10.00	-0.00610083
-1.878861	10.00	-1.974889	0.02007828	0.00	0.06238107	10.58958	10.00	-0.006067558
-1.857326	10.00	-1.907981	0.02153551	0.00	0.06690853	10.68745	10.00	-0.006004528
-1.819071	10.00	-1.781274	0.03825535	0.00	0.126707	10.73831	10.00	-0.005971772
-1.798537	10.00	-1.715439	0.02053345	0.00	0.06583508	10.83585	10.00	-0.005909024
-1.757892	10.00	-1.589159	0.04064495	0.00	0.1262795	10.8844	10.00	-0.005877709
-1.737661	10.00	-1.527557	0.0202309	0.00	0.06160161	10.93443	10.00	-0.005845489
-1.716813	10.00	-1.464721	0.02084848	0.00	0.06283611	10.98414	10.00	-0.005813472
-1.696103	10.00	-1.402303	0.02071001	0.00	0.06241878	11.08215	10.00	-0.005750345
-1.655262	10.00	-1.27921	0.04084093	0.00	0.1230922	11.13112	10.00	-0.005718786
-1.634856	10.00	-1.217708	0.02040609	0.00	0.06150277	11.18135	10.00	-0.005686429
-1.613927	10.00	-1.153332	0.02092899	0.00	0.0643757	11.2313	10.00	-0.005654287
-1.593113	10.00	-1.089311	0.02081353	0.00	0.06402054	11.28117	10.00	-0.005622231
-1.572334	10.00	-1.025396	0.02077946	0.00	0.06391577	11.33092	10.00	-0.005590118
-1.551604	10.00	-0.9616321	0.02072992	0.00	0.06376336	11.38126	10.00	-0.005557683
-1.530627	10.00	-0.8971081	0.02097721	0.00	0.06452402	11.4305	10.00	-0.005526036
-1.510109	10.00	-0.8339993	0.02051713	0.00	0.06310884	11.47969	10.00	-0.005494196
-1.489611	10.00	-0.7709476	0.02049855	0.00	0.06305169	11.52925	10.00	-0.005462325
-1.46896	10.00	-0.7074278	0.02065073	0.00	0.06351979	11.57889	10.00	-0.005430338
-1.448279	10.00	-0.6438155	0.02068081	0.00	0.06361232	11.62827	10.00	-0.005398605
-1.4277	10.00	-0.5805148	0.02057951	0.00	0.06330071	11.67653	10.00	-0.005367503
-1.407591	10.00	-0.5186619	0.0201088	0.00	0.06185286	11.7268	10.00	-0.005335107
-1.386644	10.00	-0.4542291	0.02094757	0.00	0.06443285	11.77564	10.00	-0.005303675
-1.366296	10.00	-0.3916427	0.02034725	0.00	0.06258631	11.82583	10.00	-0.005271357
-1.345379	10.00	-0.3273038	0.02091705	0.00	0.06433896	11.87518	10.00	-0.005239545
-1.324818	10.00	-0.2640589	0.02056137	0.00	0.06324492	11.92548	10.00	-0.005207217
-1.303856	10.00	-0.1995825	0.02096173	0.00	0.06447639	11.9744	10.00	-0.005175668
-1.283475	10.00	-0.1368914	0.02038131	0.00	0.06269109	12.02359	10.00	-0.005143974
-1.262975	10.00	-0.07383698	0.02049943	0.00	0.06305441	12.07326	10.00	-0.005111996
-1.242278	10.00	-0.01017432	0.02069718	0.00	0.06366266	12.17274	10.00	-0.005047915
-1.200826	10.00	0.1173279	0.04145187	0.00	0.1275022	12.22164	10.00	-0.005016405
-1.180452	10.00	0.1799986	0.02037468	0.00	0.06267068	12.27149	10.00	-0.00498433
-1.159678	10.00	0.2438967	0.02077371	0.00	0.06389808	12.32142	10.00	-0.004952061
-1.138875	10.00	0.3078859	0.02080335	0.00	0.06398924	12.37136	10.00	-0.004919938
-1.118065	10.00	0.3718942	0.02080955	0.00	0.0640083	12.42118	10.00	-0.004887873
-1.097307	10.00	0.4357433	0.02075779	0.00	0.06384909	12.4711	10.00	-0.004855808
-1.076505	10.00	0.4997285	0.02080202	0.00	0.06398516	12.52063	10.00	-0.00482386
-1.055866	10.00	0.5632142	0.02063967	0.00	0.06348577	12.57101	10.00	-0.004791415
-1.034872	10.00	0.6277872	0.02099314	0.00	0.064573	12.61977	10.00	-0.004759983
-1.014557	10.00	0.6902769	0.02031584	0.00	0.0624897	12.66956	10.00	-0.00472786
-0.9938098	10.00	0.754092	0.02074673	0.00	0.06381507	12.71951	10.00	-0.004695688
-0.9729924	10.00	0.8181248	0.02081751	0.00	0.06403279	12.76761	10.00	-0.00466481
-0.9529535	10.00	0.8797626	0.0200389	0.00	0.06163787	12.81659	10.00	-0.004633174
-0.9325438	10.00	0.9425408	0.02040963	0.00	0.06277817	12.8663	10.00	-0.004601226
-0.9118307	10.00	1.006253	0.02071311	0.00	0.06371165	12.91594	10.00	-0.00456919
-0.8911428	10.00	1.069887	0.02068789	0.00	0.06363409	12.96555	10.00	-0.0045373
-0.8704713	10.00	1.13347	0.02067152	0.00	0.06358375	13.0152	10.00	-0.004505342
-0.8497869	10.00	1.197093	0.02068435	0.00	0.0636232	13.1146	10.00	-0.004441281
-0.8083669	10.00	1.324498	0.04142002	0.00	0.1274042	13.16325	10.00	-0.004409829
-0.7880953	10.00	1.386851	0.0202716	0.00	0.06235363	13.21331	10.00	-0.004377657
-0.7672344	10.00	1.451017	0.02086086	0.00	0.06416614	13.26301	10.00	-0.004345602
-0.7465258	10.00	1.514716	0.02070868	0.00	0.06369805	13.31291	10.00	-0.004313517
-0.7263768	10.00	1.578673	0.02014893	0.00	0.06395794	13.36272	10.00	-0.004281414
-0.7069075	10.00	1.642516	0.0194694	0.00	0.06384228	13.41281	10.00	-0.004249164
-0.6873293	10.00	1.706715	0.01957813	0.00	0.0641988	13.4623	10.00	-0.004217245
-0.6679844	10.00	1.770149	0.01934491	0.00	0.06343406	13.51217	10.00	-0.004185151
-0.648493	10.00	1.834063	0.0194914	0.00	0.0639144	13.56218	10.00	-0.00415296
-0.6289456	10.00	1.898161	0.01954742	0.00	0.0640981	13.61269	10.00	-0.004120389
-0.609206	10.00	1.962889	0.01973955	0.00	0.06472813	13.65971	10.00	-0.004090182
-0.5908226	10.00	2.02317	0.01838341	0.00	0.06028121	13.70975	10.00	-0.004057894
-0.5712656	10.00	2.0873	0.01955696	0.00	0.0641294	13.75854	10.00	-0.004026481
-0.5521967	10.00	2.149829	0.01906895	0.00	0.06252916	13.8083	10.00	-0.003994407
-0.5314593	10.00	2.213616	0.02073744	0.00	0.06378649	13.85748	10.00	-0.003962741
-0.5109691	10.00	2.276641	0.02049014	0.00	0.06302584	13.95813	10.00	-0.003897959
-0.469028	10.00	2.405649	0.04194115	0.00	0.1290072	14.00662	10.00	-0.003866604
-0.4488218	10.00	2.467801	0.02020613	0.00	0.06215223	14.05573	10.00	-0.003835045
-0.4283631	10.00	2.53073	0.02045873	0.00	0.06292922	14.10634	10.00	-0.003802368
-0.4072735	10.00	2.5956	0.02108958	0.00	0.06486965	14.15668	10.00	-0.003769952
-0.3862976	10.00	2.66012	0.02097589	0.00	0.06451994	14.20487	10.00	-0.003738968
-0.3668402	10.00	2.721883	0.01945746	0.00	0.06176306	14.25448	10.00	-0.003706991
-0.3474467	10.00	2.785476	0.01939346	0.00	0.06359327	14.30392	10.00	-0.003675237
-0.3281238	10.00	2.848838	0.01932292	0.00	0.06336194	14.35398	10.00	-0.003642919
-0.3085569	10.00	2.913	0.01956692	0.00	0.06416206	14.40339	10.00	-0.003611127
-0.2892427	10.00	2.976333	0.0193142	0.00	0.06333337	14.45273	10.00	-0.003579393
-0.2699588	10.00	3.039567	0.01928391	0.00	0.06323403	14.5025	10.00	-0.00354724
-0.2511469	10.00	3.105289	0.01881187	0.00	0.06572107	14.55134	10.00	-0.003515818
-0.2326885	10.00	3.170405	0.01845836	0.00	0.06511654	14.60118	10.00	-0.003483646
-0.2189964	10.00	3.236871	0.01369214	0.00	0.06646559	14.65073	10.00	-0.003451795
-0.2098659	10.00	3.302927	0.009130538	0.00	0.06605648	14.7008	10.00	-0.003419506
-0.2025775	10.00	3.369686	0.007288341	0.00	0.06675861	14.79994	10.00	-0.003355678
-0.2025775	10.00	3.501879	0	0.00	0.1321937	14.84951	10.00	-0.003323711
-0.2025775	10.00	3.567974	0	0.00	0.0660947	14.89949	10.00	-0.00329151
-0.2025775	10.00	3.634609	0	0.00	0.06663545	14.94909	10.00	-0.003259581
-0.2025775	10.00	3.700742	0	0.00	0.06613293	15.00001	10.00	-0.003226845
-0.2025775	10.00	3.768631	0	0.00	0.06788824	15.04901	10.00	-0.003195227
-0.2025775	10.00	3.833967	0	0.00	0.06533595	15.09916	10.00	-0.0031629
-0.2025775	10.00	3.90084	0	0.00	0.06687327	15.14983	10.00	-0.003130319
-0.2025775	10.00	3.968393	0	0.00	0.06755275	15.19674	10.00	-0.003100055
-0.2025775	10.00	4.030943	0	0.00	0.0625501	15.24533	10.00	-0.003068778
-0.2025775	10.00	4.095732	0	0.00	0.06478954	15.29506	10.00	-0.003036781
-0.2025775	10.00	4.162028	0	0.00	0.06629571	15.34461	10.00	-0.003004804
-0.2025775	10.00	4.228096	0	0.00	0.06606781	15.39435	10.00	-0.002972797
-0.2025775	10.00	4.294415	0	0.00	0.06631978	15.44393	10.00	-0.002940947
-0.2025775	10.00	4.360534	0	0.00	0.06611877	15.49455	10.00	-0.002908278
-0.2025775	10.00	4.428025	0	0.00	0.06749046	15.54315	10.00	-0.002877012
-0.2025775	10.00	4.492817	0	0.00	0.06479237	15.64253	10.00	-0.002812931
-0.2025775	10.00	4.625328	0	0.00	0.1325107	15.69122	10.00	-0.002781498
-0.2025775	10.00	4.690243	0	0.00	0.06491553	15.74137	10.00	-0.002749248
-0.2025775	10.00	4.757113	0	0.00	0.06686902	15.79214	10.00	-0.002716561
-0.2025775	10.00	4.824804	0	0.00	0.06769148	15.84184	10.00	-0.002684506
-0.2025775	10.00	4.891081	0	0.00	0.06627731	15.89059	10.00	-0.002653209
-0.2025775	10.00	4.956079	0	0.00	0.06499763	15.94132	10.00	-0.002620463
-0.2025775	10.00	5.023719	0	0.00	0.06764051	15.98948	10.00	-0.002589479
-0.2025775	10.00	5.08793	0	0.00	0.06421057	16.03896	10.00	-0.00255755
-0.2025775	10.00	5.1539	0	0.00	0.06597013	16.08834	10.00	-0.002525806
-0.2025775	10.00	5.219743	0	0.00	0.06584273	16.1378	10.00	-0.002493868
-0.2025775	10.00	5.285697	0	0.00	0.06595456	16.18748	10.00	-0.0024619
-0.2025775	10.00	5.351928	0	0.00	0.0662306	16.28703	10.00	-0.002397839
-0.2025775	10.00	5.484663	0	0.00	0.1327344	16.336	10.00	-0.0023663
-0.2025775	10.00	5.549957	0	0.00	0.0652949	16.38601	10.00	-0.002334128
-0.2025775	10.00	5.616628	0	0.00	0.06667084	16.43627	10.00	-0.002301722
-0.2025775	10.00	5.68365	0	0.00	0.06702191	16.48641	10.00	-0.002269434
-0.2025775	10.00	5.750498	0	0.00	0.06684779	16.53562	10.00	-0.002237729
-0.2025775	10.00	5.81612	0	0.00	0.0656219	16.5853	10.00	-0.002205742
-0.2025775	10.00	5.88236	0	0.00	0.0662405	16.63489	10.00	-0.002173774
-0.2025775	10.00	5.948473	0	0.00	0.06611311	16.6853	10.00	-0.002141261
-0.2025775	10.00	6.015689	0	0.00	0.06721584	16.73407	10.00	-0.002109858
-0.2025775	10.00	6.080717	0	0.00	0.06502736	16.78381	10.00	-0.002077803
-0.2025775	10.00	6.147035	0	0.00	0.06631836	16.83144	10.00	-0.002047237
-0.2025775	10.00	6.210547	0	0.00	0.06351269	16.88109	10.00	-0.002015143
-0.2025775	10.00	6.27675	0	0.00	0.06620229	16.93073	10.00	-0.001983283
-0.2025775	10.00	6.342932	0	0.00	0.06618247	16.98052	10.00	-0.001951218
-0.2025775	10.00	6.409312	0	0.00	0.06637923	17.03073	10.00	-0.0019189
-0.2025775	10.00	6.476258	0	0.00	0.06694688	17.07981	10.00	-0.001887244
-0.2025775	10.00	6.541705	0	0.00	0.06544637	17.17908	10.00	-0.001823357
-0.2025775	10.00	6.674054	0	0.00	0.1323494	17.22814	10.00	-0.001791701
-0.2025775	10.00	6.739472	0	0.00	0.06541806	17.27818	10.00	-0.001759539
-0.2025775	10.00	6.806198	0	0.00	0.06672605	17.32801	10.00	-0.001727464
-0.2025775	10.00	6.872635	0	0.00	0.06643727	17.37827	10.00	-0.001695039
-0.2025775	10.00	6.939648	0	0.00	0.067012	17.42792	10.00	-0.001663033
-0.2025775	10.00	7.00585	0	0.00	0.06620229	17.47749	10.00	-0.001631143
-0.2025775	10.00	7.071938	0	0.00	0.06608763	17.52826	10.00	-0.001598446
-0.2025775	10.00	7.139635	0	0.00	0.06769714	17.57924	10.00	-0.001565729
-0.2025775	10.00	7.207615	0	0.00	0.06798025	17.62688	10.00	-0.001534997
-0.2025775	10.00	7.271135	0	0.00	0.06351977	17.67499	10.00	-0.001503954
-0.2025775	10.00	7.335279	0	0.00	0.06414404	17.72462	10.00	-0.001472045
-0.2025775	10.00	7.401439	0	0.00	0.06615982	17.77432	10.00	-0.00144
-0.2025775	10.00	7.467713	0	0.00	0.06627448	17.82353	10.00	-0.001408314
-0.2025775	10.00	7.533329	0	0.00	0.06561624	17.87331	10.00	-0.001376162
-0.2025775	10.00	7.599707	0	0.00	0.06637782	17.92324	10.00	-0.00134398
-0.2025775	10.00	7.666272	0	0.00	0.06656467	17.97243	10.00	-0.001312373
-0.2025775	10.00	7.731861	0	0.00	0.06558934	18.02185	10.00	-0.001280463
-0.2025775	10.00	7.797759	0	0.00	0.06589793	18.07095	10.00	-0.001248875
-0.2025775	10.00	7.863226	0	0.00	0.0654676	18.12112	10.00	-0.001216616
-0.2025775	10.00	7.930117	0	0.00	0.06689025	18.17078	10.00	-0.00118459
-0.2025775	10.00	7.996326	0	0.00	0.06620936	18.22062	10.00	-0.001152535
-0.2025775	10.00	8.062786	0	0.00	0.06645992	18.27038	10.00	-0.001120499
-0.2025775	10.00	8.129131	0	0.00	0.06634526	18.31889	10.00	-0.001089252
-0.2025775	10.00	8.193807	0	0.00	0.06467488	18.36906	10.00	-0.001056905
-0.2025775	10.00	8.260698	0	0.00	0.06689167	18.46795	10.00	-0.0009932129
-0.2025775	10.00	8.39255	0	0.00	0.1318525	18.51666	10.00	-0.0009618389
-0.2025775	10.00	8.457502	0	0.00	0.06495233	18.56747	10.00	-0.0009291318
-0.2025775	10.00	8.525258	0	0.00	0.06775518	18.61759	10.00	-0.0008968529
-0.2025775	10.00	8.592076	0	0.00	0.06681807	18.6673	10.00	-0.0008647199
-0.2025775	10.00	8.658356	0	0.00	0.06628014	18.71662	10.00	-0.0008329956
-0.2025775	10.00	8.724112	0	0.00	0.06575496	18.76635	10.00	-0.0008009794
-0.2025775	10.00	8.790423	0	0.00	0.0663127	18.81598	10.00	-0.0007690119
-0.2025775	10.00	8.856601	0	0.00	0.06617681	18.8657	10.00	-0.0007369372
-0.2025775	10.00	8.922888	0	0.00	0.06628722	18.91481	10.00	-0.0007052908
-0.2025775	10.00	8.988368	0	0.00	0.06548034	18.96326	10.00	-0.0006740726
-0.2025775	10.00	9.053234	0	0.00	0.06486598	19.01268	10.00	-0.0006422218
-0.2025775	10.00	9.119802	0	0.00	0.0665675	19.06075	10.00	-0.0006110425
-0.2025775	10.00	9.185101	0	0.00	0.06529915	19.10889	10.00	-0.0005799994
-0.2025775	10.00	9.251141	0	0.00	0.0660395	19.15635	10.00	-0.0005493553
-0.2025775	10.00	9.317285	0	0.00	0.06614425	19.20273	10.00	-0.0005194995
-0.2025775	10.00	9.383656	0	0.00	0.06637074	19.24762	10.00	-0.0004904708
-0.2025775	10.00	9.449705	0	0.00	0.0660494	19.33566	10.00	-0.0004336299
-0.2025775	10.00	9.583013	0	0.00	0.1333077	19.37621	10.00	-0.0004074038
-0.2025775	10.00	9.648258	0	0.00	0.06524536	19.41633	10.00	-0.0003814503
-0.2025775	10.00	9.714826	0	0.00	0.0665675	19.45506	10.00	-0.0003564114
-0.2025775	10.00	9.781241	0	0.00	0.06641604	19.49298	10.00	-0.0003319565
-0.2025775	10.00	9.848494	0	0.00	0.06725264	19.52867	10.00	-0.000308864
-0.2025775	10.00	9.914099	0	0.00	0.06560491	19.5633	10.00	-0.0002863845
-0.2025775	10.00	9.980075	0	0.00	0.06597579	19.59839	10.00	-0.0002636909
-0.2025775	10.00	10.04949	0	0.00	0.06941706	19.62883	10.00	-0.0002439265
-0.2025775	10.00	10.11224	0	0.00	0.06274403	19.65909	10.00	-0.0002242692
-0.2025775	10.00	10.1771	0	0.00	0.0648674	19.68904	10.00	-0.0002048843
-0.2025775	10.00	10.24403	0	0.00	0.06692423	19.717	10.00	-0.000186745
-0.2025775	10.00	10.3094	0	0.00	0.06537559	19.74359	10.00	-0.0001693842
-0.2025775	10.00	10.37451	0	0.00	0.06510663	19.76997	10.00	-0.0001523251
-0.2025775	10.00	10.44234	0	0.00	0.06783444	19.79383	10.00	-0.0001368231
-0.2025775	10.00	10.50703	0	0.00	0.06468762	19.81682	10.00	-0.0001218757
-0.2025775	10.00	10.57279	0	0.00	0.06576204	19.8607	10.00	-9.313895E-05
-0.2025775	10.00	10.70586	0	0.00	0.1330656	19.87954	10.00	-8.089688E-05
-0.2025775	10.00	10.77085	0	0.00	0.06498772	19.89743	10.00	-6.916085E-05
-0.2025775	10.00	10.83713	0	0.00	0.06628722	19.91422	10.00	-5.815467E-05
-0.2025775	10.00	10.90444	0	0.00	0.06731068	19.92944	10.00	-4.810216E-05
-0.2025775	10.00	10.97103	0	0.00	0.06658166	19.94317	10.00	-3.89936E-05
-0.2025775	10.00	11.03718	0	0.00	0.06615274	19.9557	10.00	-3.070247E-05
-0.2025775	10.00	11.10429	0	0.00	0.06711534	19.96658	10.00	-2.346233E-05
-0.2025775	10.00	11.17021	0	0.00	0.06591775	19.97597	10.00	-1.706882E-05
-0.2025775	10.00	11.23572	0	0.00	0.06551149	19.98388	10.00	-1.158033E-05
-0.2025775	10.00	11.30196	0	0.00	0.06623343	19.98988	10.00	-7.259603E-06
-0.2025775	10.00	11.36813	0	0.00	0.06616973	19.99445	10.00	-4.106638E-06
-0.2025775	10.00	11.4336	0	0.00	0.06547185	19.99773	10.00	-1.878155E-06
-0.2025775	10.00	11.49884	0	0.00	0.06523687	19.99967	10.00	-3.40598E-07
-0.2025775	10.00	11.56726	0	0.00	0.06841908	20	10.00	0
-0.2025775	10.00	11.63037	0	0.00	0.0631135	20	10.00	0
-0.2025775	10.00	11.69746	0	0.00	0.06709693	20	10.00	0
-0.2025775	10.00	11.76296	0	0.00	0.0654945	20	10.00	0
-0.2025775	10.00	11.83025	0	0.00	0.06729086	20	10.00	0
-0.2025775	10.00	11.895	0	0.00	0.06475274	20	10.00	0
-0.2025775	10.00	11.96228	0	0.00	0.06727388	20	10.00	0
-0.2025775	10.00	12.02773	0	0.00	0.06545062	20	10.00	0
-0.2025775	10.00	12.09437	0	0.00	0.06664395	20	10.00	0
-0.2025775	10.00	12.15997	0	0.00	0.06559783	20	10.00	0
-0.2025775	10.00	12.22759	0	0.00	0.06762211	20	10.00	0
-0.2025775	10.00	12.29263	0	0.00	0.06503868	20	10.00	0
-0.2025775	10.00	12.35923	0	0.00	0.06659582	20	10.00	0
-0.2025775	10.00	12.42425	0	0.00	0.06502169	20	10.00	0
-0.2025775	10.00	12.49027	0	0.00	0.06602251	20	10.00	0
-0.2025775	10.00	12.55621	0	0.00	0.06593616	20	10.00	0
-0.2025775	10.00	12.62168	0	0.00	0.06547751	20	10.00	0
-0.2025775	10.00	12.75448	0	0.00	0.132791	20	10.00	0
-0.2025775	10.00	12.82018	0	0.00	0.06570683	20	10.00	0
-0.2025775	10.00	12.88795	0	0.00	0.06776792	20	10.00	0
-0.2025775	10.00	12.95418	0	0.00	0.06622918	20	10.00	0
-0.2025775	10.00	13.02028	0	0.00	0.06610037	20	10.00	0
-0.2025775	10.00	13.08671	0	0.00	0.06643161	20	10.00	0
-0.2025775	10.00	13.15195	0	0.00	0.06523828	20	10.00	0
-0.2025775	10.00	13.21678	0	0.00	0.06482635	20	10.00	0
-0.2025775	10.00	13.28258	0	0.00	0.06580168	20	10.00	0
-0.2025775	10.00	13.34877	0	0.00	0.0661938	20	10.00	0
-0.2025775	10.00	13.41487	0	0.00	0.06609612	20	10.00	0
-0.2025775	10.00	13.48093	0	0.00	0.06606356	20	10.00	0
-0.2025775	10.00	13.54709	0	0.00	0.06615699	20	10.00	0
-0.2025775	10.00	13.61339	0	0.00	0.06630421	20	10.00	0
-0.2025775	10.00	13.74738	0	0.00	0.1339872	20	10.00	0
-0.2025775	10.00	13.81098	0	0.00	0.06360046	20	10.00	0
-0.2025775	10.00	13.87747	0	0.00	0.0664939	20	10.00	0
-0.2025775	10.00	13.94531	0	0.00	0.06783869	20	10.00	0
-0.2025775	10.00	14.01119	0	0.00	0.06587529	20	10.00	0
-0.2025775	10.00	14.07766	0	0.00	0.06646983	20	10.00	0
-0.2025775	10.00	14.14376	0	0.00	0.0661032	20	10.00	0
-0.2025775	10.00	14.21061	0	0.00	0.06685345	20	10.00	0
-0.2025775	10.00	14.27597	0	0.00	0.06535719	20	10.00	0
-0.2025775	10.00	14.34254	0	0.00	0.06657175	20	10.00	0
-0.2025775	10.00	14.40662	0	0.00	0.06407326	20	10.00	0
-0.2025775	10.00	14.47469	0	0.00	0.06807368	20	10.00	0
-0.2025775	10.00	14.53827	0	0.00	0.06357498	20	10.00	0
-0.2025775	10.00	14.60424	0	0.00	0.06597438	20	10.00	0
-0.2025775	10.00	14.67059	0	0.00	0.06635517	20	10.00	0
-0.2025775	10.00	14.73689	0	0.00	0.06629854	20	10.00	0
-0.2025775	10.00	14.80292	0	0.00	0.06602534	20	10.00	0
-0.2025775	10.00	14.86918	0	0.00	0.06626457	20	10.00	0
-0.2025775	10.00	15.00251	0	0.00	0.1333247	20	10.00	0
-0.2025775	10.00	15.06702	0	0.00	0.06450784	20	10.00	0
-0.2025775	10.00	15.13289	0	0.00	0.06587529	20	10.00	0
-0.2025775	10.00	15.19933	0	0.00	0.06644294	20	10.00	0
-0.2025775	10.00	15.26593	0	0.00	0.0665944	20	10.00	0
-0.2025775	10.00	15.33603	0	0.00	0.07010362	20	10.00	0
-0.2025775	10.00	15.40366	0	0.00	0.06763202	20	10.00	0
-0.2025775	10.00	15.53479	0	0.00	0.1311277	20	10.00	0
-0.2025775	10.00	15.59831	0	0.00	0.06351552	20	10.00	0
-0.2025775	10.00	15.73526	0	0.00	0.1369528	20	10.00	0
-0.2025775	10.00	15.79692	0	0.00	0.06165687	20	10.00	0
-0.2025775	10.00	15.86528	0	0.00	0.06836529	20	10.00	0
-0.2025775	10.00	15.99712	0	0.00	0.1318341	20	10.00	0
-0.2025775	10.00	16.06282	0	0.00	0.06569976	20	10.00	0
-0.2025775	10.00	16.19636	0	0.00	0.1335441	20	10.00	0
-0.2025775	10.00	16.2598	0	0.00	0.06344333	20	10.00	0
-0.2025775	10.00	16.39351	0	0.00	0.1337055	20	10.00	0
-0.2025775	10.00	16.46181	0	0.00	0.06830442	20	10.00	0
-0.2025775	10.00	16.59522	0	0.00	0.1334096	20	10.00	0
-0.2025775	10.00	16.66355	0	0.00	0.06832707	20	10.00	0
-0.2025775	10.00	16.79194	0	0.00	0.1283872	20	10.00	0
-0.2025775	10.00	16.8752	0	0.00	0.08326707	20	10.00	0
-0.2025775	10.00	16.99241	0	0.00	0.1172084	20	10.00	0
-0.2025775	10.00	17.07513	0	0.00	0.08271924	20	10.00	0
-0.2025775	10.00	17.18606	0	0.00	0.1109274	20	10.00	0
-0.2025775	10.00	17.25158	0	0.00	0.06551573	20	10.00	0
-0.2025775	10.00	17.38718	0	0.00	0.1356009	20	10.00	0
-0.2025775	10.00	17.46218	0	0.00	0.07500152	20	10.00	0
-0.2025775	10.00	17.58298	0	0.00	0.1208053	20	10.00	0
-0.2025775	10.00	17.64857	0	0.00	0.06558651	20	10.00	0
-0.2025775	10.00	17.78135	0	0.00	0.1327839	20	10.00	0
-0.2025775	10.00	17.85165	0	0.00	0.07029472	20	10.00	0
-0.2025775	10.00	17.97956	0	0.00	0.1279172	20	10.00	0
-0.2025775	10.00	18.04436	0	0.00	0.06479662	20	10.00	0
-0.2025775	10.00	18.17881	0	0.00	0.1344529	20	10.00	0
-0.2025775	10.00	18.2429	0	0.00	0.06408741	20	10.00	0
-0.2025775	10.00	18.37614	0	0.00	0.1332383	20	10.00	0
-0.2025775	10.00	18.44114	0	0.00	0.0649948	20	10.00	0
-0.2025775	10.00	18.57717	0	0.00	0.1360327	20	10.00	0
-0.2025775	10.00	18.66708	0	0.00	0.0899132	20	10.00	0
-0.2025775	10.00	18.77021	0	0.00	0.1031248	20	10.00	0
-0.2025775	10.00	18.83862	0	0.00	0.06841201	20	10.00	0
-0.2025775	10.00	18.97252	0	0.00	0.1338994	20	10.00	0
-0.2025775	10.00	19.03562	0	0.00	0.06310076	20	10.00	0
-0.2025775	10.00	19.10509	0	0.00	0.06946802	20	10.00	0
-0.2025775	10.00	19.23606	0	0.00	0.1309791	20	10.00	0
-0.2025775	10.00	19.30094	0	0.00	0.06487165	20	10.00	0
-0.2025775	10.00	19.43477	0	0.00	0.1338301	20	10.00	0
-0.2025775	10.00	19.49718	0	0.00	0.06241562	20	10.00	0
-0.2025775	10.00	19.6331	0	0.00	0.1359195	20	10.00	0
-0.2025775	10.00	19.696	0	0.00	0.06289408	20	10.00	0
-0.2025775	10.00	19.83112	0	0.00	0.1351267	20	10.00	0
-0.2025775	10.00	19.89349	0	0.00	0.06236607	20	10.00	0
-0.2025775	10.00	19.9633	0	0.00	0.06981059	20	10.00	0
-0.2025775	10.00	20.09456	0	0.00	0.1312608	20	10.00	0
-0.2025775	10.00	20.16005	0	0.00	0.06549167	20	10.00	0
-0.2025775	10.00	20.29287	0	0.00	0.1328222	20	10.00	0
-0.2025775	10.00	20.35784	0	0.00	0.06496365	20	10.00	0
-0.2025775	10.00	20.49121	0	0.00	0.1333686	20	10.00	0
-0.2025775	10.00	20.55585	0	0.00	0.06464373	20	10.00	0
-0.2025775	10.00	20.69062	0	0.00	0.1347743	20	10.00	0
-0.2025775	10.00	20.76698	0	0.00	0.07635763	20	10.00	0
-0.2025775	10.00	20.89192	0	0.00	0.124936	20	10.00	0
-0.2025775	10.00	20.9538	0	0.00	0.0618777	20	10.00	0
-0.2025775	10.00	21.08611	0	0.00	0.1323196	20	10.00	0
-0.2025775	10.00	21.15081	0	0.00	0.06469753	20	10.00	0
-0.2025775	10.00	21.28441	0	0.00	0.1336007	20	10.00	0
-0.2025775	10.00	21.34996	0	0.00	0.06554263	20	10.00	0
-0.2025775	10.00	21.48519	0	0.00	0.1352301	20	10.00	0
-0.2025775	10.00	21.57368	0	0.00	0.08849621	20	10.00	0
-0.2025775	10.00	21.6819	0	0.00	0.1082152	20	10.00	0
-0.2025775	10.00	21.77237	0	0.00	0.09047519	20	10.00	0
-0.2025775	10.00	21.87889	0	0.00	0.1065207	20	10.00	0
-0.2025775	10.00	21.96464	0	0.00	0.0857415	20	10.00	0
-0.2025775	10.00	22.0796	0	0.00	0.1149647	20	10.00	0
-0.2025775	10.00	22.15302	0	0.00	0.07342173	20	10.00	0
-0.2025775	10.00	22.27739	0	0.00	0.1243712	20	10.00	0
-0.2025775	10.00	22.33924	0	0.00	0.06184797	20	10.00	0
-0.2025775	10.00	22.4735	0	0.00	0.1342576	20	10.00	0
-0.2025775	10.00	22.54078	0	0.00	0.06727954	20	10.00	0
-0.2025775	10.00	22.60913	0	0.00	0.0683483	20	10.00	0
-0.2025775	10.00	22.74212	0	0.00	0.1329906	20	10.00	0
-0.2025775	10.00	22.82558	0	0.00	0.083461	20	10.00	0
-0.2025775	10.00	22.93422	0	0.00	0.1086455	20	10.00	0
-0.2025775	10.00	23.00349	0	0.00	0.0692656	20	10.00	0
-0.2025775	10.00	23.13768	0	0.00	0.1341868	20	10.00	0
-0.2025775	10.00	23.20018	0	0.00	0.06250197	20	10.00	0
-0.2025775	10.00	23.2664	0	0.00	0.06622635	20	10.00	0
-0.2025775	10.00	23.39939	0	0.00	0.1329878	20	10.00	0
-0.2025775	10.00	23.46445	0	0.00	0.0650585	20	10.00	0
-0.2025775	10.00	23.59831	0	0.00	0.1338626	20	10.00	0
-0.2025775	10.00	23.66468	0	0.00	0.06637074	20	10.00	0
-0.2025775	10.00	23.73266	0	0.00	0.06798025	20	10.00	0
-0.2025775	10.00	23.86251	0	0.00	0.1298466	20	10.00	0
-0.2025775	10.00	23.93055	0	0.00	0.06803829	20	10.00	0
-0.2025775	10.00	24.06096	0	0.00	0.13041	20	10.00	0
-0.2025775	10.00	24.12592	0	0.00	0.06495799	20	10.00	0
-0.2025775	10.00	24.25977	0	0.00	0.133857	20	10.00	0
-0.2025775	10.00	24.32249	0	0.00	0.06271714	20	10.00	0
-0.2025775	10.00	24.45725	0	0.00	0.1347629	20	10.00	0
-0.2025775	10.00	24.5204	0	0.00	0.06314181	20	10.00	0
-0.2025775	10.00	24.65558	0	0.00	0.135189	20	10.00	0
-0.2025775	10.00	24.72196	0	0.00	0.06637782	20	10.00	0
-0.2025775	10.00	24.85591	0	0.00	0.1339461	20	10.00	0
-0.2025775	10.00	24.92156	0	0.00	0.06565446	20	10.00	0
-0.2025775	10.00	24.9857	0	0.00	0.06413554	20	10.00	0
-0.2025775	10.00	25.11922	0	0.00	0.1335158	20	10.00	0
-0.2025775	10.00	25.1844	0	0.00	0.06518732	20	10.00	0
-0.2025775	10.00	25.25188	0	0.00	0.0674763	20	10.00	0
-0.2025775	10.00	25.38246	0	0.00	0.1305856	20	10.00	0
-0.2025775	10.00	25.44699	0	0.00	0.06452766	20	10.00	0
-0.2025775	10.00	25.58085	0	0.00	0.1338626	20	10.00	0
-0.2025775	10.00	25.64891	0	0.00	0.06805528	20	10.00	0
-0.2025775	10.00	25.77942	0	0.00	0.1305134	20	10.00	0
-0.2025775	10.00	25.84241	0	0.00	0.06298327	20	10.00	0
-0.2025775	10.00	25.97729	0	0.00	0.1348861	20	10.00	0
-0.2025775	10.00	26.04239	0	0.00	0.06509531	20	10.00	0
-0.2025775	10.00	26.17632	0	0.00	0.1339306	20	10.00	0
-0.2025775	10.00	26.2392	0	0.00	0.06288417	20	10.00	0
-0.2025775	10.00	26.3768	0	0.00	0.1375941	20	10.00	0
-0.2025775	10.00	26.4608	0	0.00	0.084006	20	10.00	0
-0.2025775	10.00	26.57225	0	0.00	0.1114441	20	10.00	0
24.32766
