0.07489887	10.00	-49.94952	0.07489887	0.00	0.05047881	28.27997	10.00	-28.27996
0.5175784	10.00	-49.65117	0.4426796	0.00	0.2983482	28.26746	10.00	-28.26794
0.7417598	10.00	-49.50008	0.2241814	0.00	0.1510892	28.25875	10.00	-28.25963
0.8208219	10.00	-49.4468	0.07906204	0.00	0.05328463	28.24916	10.00	-28.25046
0.8942773	10.00	-49.39729	0.07345549	0.00	0.04950604	28.2374	10.00	-28.23936
0.9688879	10.00	-49.34701	0.07461052	0.00	0.05028448	28.22321	10.00	-28.22614
1.04351	10.00	-49.29671	0.0746225	0.00	0.05029255	28.2062	10.00	-28.21041
1.119502	10.00	-49.23098	0.07599158	0.00	0.06573544	28.18604	10.00	-28.19206
1.190172	10.00	-49.1488	0.07067031	0.00	0.08217701	28.1618	10.00	-28.17066
1.254626	10.00	-49.05614	0.06445412	0.00	0.0926588	28.13343	10.00	-28.14679
1.308689	10.00	-48.93047	0.05406285	0.00	0.1256777	28.10134	10.00	-28.11996
1.338339	10.00	-48.7989	0.02965009	0.00	0.1315623	28.06523	10.00	-28.09011
1.360525	10.00	-48.66627	0.02218568	0.00	0.1326325	28.02572	10.00	-28.0582
1.381324	10.00	-48.53429	0.0207988	0.00	0.1319813	27.98306	10.00	-28.0242
1.4022	10.00	-48.40182	0.02087621	0.00	0.1324725	27.93788	10.00	-27.98847
1.423149	10.00	-48.26888	0.02094916	0.00	0.1329354	27.89065	10.00	-27.95087
1.444064	10.00	-48.13617	0.02091436	0.00	0.1327146	27.84229	10.00	-27.91188
1.464762	10.00	-48.00483	0.02069841	0.00	0.1313443	27.79203	10.00	-27.87097
1.485673	10.00	-47.87213	0.02091123	0.00	0.1326948	27.74076	10.00	-27.82863
1.510336	10.00	-47.73999	0.02466306	0.00	0.1321441	27.68815	10.00	-27.78479
1.556659	10.00	-47.6081	0.0463227	0.00	0.1318808	27.6344	10.00	-27.73942
1.60554	10.00	-47.47621	0.04888139	0.00	0.1318935	27.57953	10.00	-27.69247
1.649323	10.00	-47.34429	0.04378235	0.00	0.1319219	27.52347	10.00	-27.64404
1.695831	10.00	-47.21572	0.04650865	0.00	0.1285639	27.46654	10.00	-27.59454
1.742109	10.00	-47.09163	0.04627795	0.00	0.1240989	27.40844	10.00	-27.54332
1.787318	10.00	-46.96696	0.04520914	0.00	0.1246696	27.34901	10.00	-27.49067
1.830058	10.00	-46.84201	0.0427394	0.00	0.1249429	27.28285	10.00	-27.43108
1.872845	10.00	-46.69606	0.04278687	0.00	0.1459559	27.21695	10.00	-27.37106
1.922818	10.00	-46.55378	0.04997376	0.00	0.1422754	27.15528	10.00	-27.3146
1.963615	10.00	-46.42324	0.04079669	0.00	0.1305431	27.10006	10.00	-27.26348
1.99739	10.00	-46.30803	0.03377485	0.00	0.1152138	27.03946	10.00	-27.20688
2.032827	10.00	-46.18301	0.03543723	0.00	0.1250138	26.97391	10.00	-27.14499
2.069456	10.00	-46.04922	0.03662846	0.00	0.1337862	26.90862	10.00	-27.08287
2.1056	10.00	-45.91721	0.03614439	0.00	0.1320181	26.84354	10.00	-27.02024
2.141365	10.00	-45.78658	0.03576536	0.00	0.1306337	26.77613	10.00	-26.95502
2.175443	10.00	-45.65263	0.03407757	0.00	0.1339433	26.70989	10.00	-26.89058
2.208543	10.00	-45.52253	0.03309976	0.00	0.1301	26.64136	10.00	-26.82381
2.242518	10.00	-45.38899	0.03397528	0.00	0.1335413	26.57252	10.00	-26.75636
2.276469	10.00	-45.25555	0.03395043	0.00	0.1334436	26.50459	10.00	-26.68957
2.309795	10.00	-45.12455	0.03332666	0.00	0.1309918	26.4354	10.00	-26.62129
2.343638	10.00	-44.99154	0.03384275	0.00	0.1330204	26.36672	10.00	-26.55339
2.377141	10.00	-44.85985	0.03350349	0.00	0.1316869	26.2975	10.00	-26.48495
2.410797	10.00	-44.72756	0.03365583	0.00	0.1322857	26.22833	10.00	-26.41636
2.444414	10.00	-44.59543	0.03361694	0.00	0.1321328	26.15905	10.00	-26.34766
2.478055	10.00	-44.4632	0.03364143	0.00	0.132229	26.09062	10.00	-26.27983
2.510022	10.00	-44.33258	0.03196647	0.00	0.1306167	26.02041	10.00	-26.21024
2.542807	10.00	-44.19862	0.03278511	0.00	0.1339617	25.95074	10.00	-26.1411
2.575356	10.00	-44.06562	0.03254849	0.00	0.1329949	25.88213	10.00	-26.07295
2.607409	10.00	-43.93465	0.03205378	0.00	0.1309734	25.81291	10.00	-26.00413
2.639781	10.00	-43.80238	0.03237111	0.00	0.1322701	25.74358	10.00	-25.93528
2.672176	10.00	-43.67001	0.03239571	0.00	0.1323706	25.67521	10.00	-25.8674
2.704097	10.00	-43.53958	0.03192074	0.00	0.1304298	25.60456	10.00	-25.7973
2.737082	10.00	-43.4048	0.03298501	0.00	0.1347785	25.53567	10.00	-25.72898
2.769222	10.00	-43.27348	0.03214004	0.00	0.1313259	25.4661	10.00	-25.65998
2.801667	10.00	-43.14091	0.03244491	0.00	0.1325716	25.3969	10.00	-25.59131
2.833943	10.00	-43.00902	0.03227653	0.00	0.1318836	25.32746	10.00	-25.52231
2.866362	10.00	-42.87656	0.03241823	0.00	0.1324626	25.2591	10.00	-25.45427
2.89831	10.00	-42.74602	0.03194845	0.00	0.1305431	25.18883	10.00	-25.38428
2.931154	10.00	-42.61181	0.03284435	0.00	0.1342038	25.11994	10.00	-25.31566
2.963362	10.00	-42.48021	0.0322069	0.00	0.1315991	25.05076	10.00	-25.24671
2.99573	10.00	-42.34795	0.03236834	0.00	0.1322588	24.9817	10.00	-25.17781
3.028039	10.00	-42.21594	0.03230945	0.00	0.1320181	24.91248	10.00	-25.10879
3.060403	10.00	-42.0837	0.03236384	0.00	0.1322404	24.84354	10.00	-25.0401
3.092638	10.00	-41.95198	0.03223462	0.00	0.1317124	24.77423	10.00	-24.97103
3.125047	10.00	-41.81956	0.03240957	0.00	0.1324272	24.70514	10.00	-24.90219
3.157355	10.00	-41.68755	0.03230806	0.00	0.1320125	24.63581	10.00	-24.83335
3.189722	10.00	-41.55529	0.03236626	0.00	0.1322503	24.56736	10.00	-24.76528
3.221691	10.00	-41.42466	0.03196993	0.00	0.1306309	24.49721	10.00	-24.69546
3.254411	10.00	-41.29097	0.03271998	0.00	0.1336956	24.42782	10.00	-24.62632
3.286783	10.00	-41.1587	0.03237146	0.00	0.1322715	24.35811	10.00	-24.55691
3.319289	10.00	-41.02588	0.03250588	0.00	0.1328208	24.28904	10.00	-24.48814
3.35151	10.00	-40.89422	0.03222145	0.00	0.1316586	24.21968	10.00	-24.41914
3.383856	10.00	-40.76205	0.03234548	0.00	0.1321653	24.15043	10.00	-24.35028
3.416185	10.00	-40.62995	0.03232919	0.00	0.1320988	24.08095	10.00	-24.28107
3.448657	10.00	-40.49727	0.03247193	0.00	0.132682	24.01273	10.00	-24.21307
3.480537	10.00	-40.36701	0.03188021	0.00	0.1302642	23.94335	10.00	-24.14389
3.51292	10.00	-40.23469	0.03238289	0.00	0.1323182	23.87324	10.00	-24.07411
3.54562	10.00	-40.10107	0.03270058	0.00	0.1336163	23.80379	10.00	-24.0052
3.577962	10.00	-39.96892	0.03234167	0.00	0.1321498	23.73458	10.00	-23.93655
3.61026	10.00	-39.83695	0.03229732	0.00	0.1319686	23.66596	10.00	-23.86853
3.642277	10.00	-39.70613	0.03201809	0.00	0.1308276	23.59665	10.00	-23.79985
3.674624	10.00	-39.57396	0.03234652	0.00	0.1321696	23.52656	10.00	-23.7304
3.707329	10.00	-39.44032	0.03270439	0.00	0.1336319	23.45678	10.00	-23.66129
3.739892	10.00	-39.30727	0.03256408	0.00	0.1330586	23.38761	10.00	-23.59282
3.770856	10.00	-39.17553	0.03096359	0.00	0.1317308	23.31793	10.00	-23.52395
3.801997	10.00	-39.04305	0.0311406	0.00	0.1324838	23.2479	10.00	-23.45478
3.833269	10.00	-38.91001	0.03127203	0.00	0.133043	23.17821	10.00	-23.38605
3.86439	10.00	-38.77761	0.03112164	0.00	0.1324032	23.12636	10.00	-23.335
3.887534	10.00	-38.67914	0.02314366	0.00	0.09846187	23.06662	10.00	-23.27628
3.91417	10.00	-38.56582	0.02663604	0.00	0.1133198	23.00468	10.00	-23.21524
3.941804	10.00	-38.44826	0.02763391	0.00	0.1175651	22.93539	10.00	-23.14687
3.974002	10.00	-38.3167	0.03219789	0.00	0.1315623	22.8651	10.00	-23.07735
4.000203	10.00	-38.18711	0.02620078	0.00	0.1295824	22.79555	10.00	-23.00857
4.01846	10.00	-38.08956	0.01825755	0.00	0.09755481	22.72512	10.00	-22.93877
4.0253	10.00	-38.03733	0.006839862	0.00	0.05222283	22.65663	10.00	-22.87086
4.0253	10.00	-38.01429	0	0.00	0.02304361	22.5874	10.00	-22.80228
4.0253	10.00	-38.01429	0	0.00	0	22.51788	10.00	-22.73341
4.0253	10.00	-38.01429	0	0.00	0	22.44806	10.00	-22.66434
4.0253	10.00	-38.01429	0	0.00	0	22.37784	10.00	-22.59494
4.0253	10.00	-38.01429	0	0.00	0	22.31966	10.00	-22.53747
4.0253	10.00	-38.01429	0	0.00	0	22.26175	10.00	-22.48023
4.0253	10.00	-38.01429	0	0.00	0	22.20404	10.00	-22.42321
4.0253	10.00	-38.01429	0	0.00	0	22.13466	10.00	-22.35455
4.0253	10.00	-38.01429	0	0.00	0	22.06549	10.00	-22.28608
4.0253	10.00	-38.01429	0	0.00	0	21.99517	10.00	-22.21641
4.0253	10.00	-38.01429	0	0.00	0	21.92517	10.00	-22.14713
4.0253	10.00	-38.01429	0	0.00	0	21.85603	10.00	-22.07858
4.0253	10.00	-38.01429	0	0.00	0	21.78617	10.00	-22.00932
4.0253	10.00	-38.01429	0	0.00	0	21.7161	10.00	-21.94031
4.0253	10.00	-38.01429	0	0.00	0	21.64495	10.00	-21.86969
4.0253	10.00	-37.97601	0	0.00	0.03828544	21.57715	10.00	-21.8022
4.038133	10.00	-37.91072	0.01283261	0.00	0.06528705	21.50778	10.00	-21.73295
4.085844	10.00	-37.82461	0.04771106	0.00	0.08611031	21.43819	10.00	-21.66359
4.145185	10.00	-37.71526	0.05934184	0.00	0.1093544	21.38092	10.00	-21.60638
4.195159	10.00	-37.62088	0.04997317	0.00	0.09437026	21.29972	10.00	-21.52541
4.262941	10.00	-37.48723	0.06778269	0.00	0.1336565	21.2389	10.00	-21.46493
4.313522	10.00	-37.38749	0.05058087	0.00	0.09973732	21.16031	10.00	-21.38656
4.379142	10.00	-37.2581	0.06561998	0.00	0.129392	21.10394	10.00	-21.33037
4.427226	10.00	-37.16533	0.04808391	0.00	0.09276479	21.04721	10.00	-21.27406
4.474551	10.00	-37.07202	0.0473247	0.00	0.09331667	20.98666	10.00	-21.21369
4.525128	10.00	-36.97229	0.05057715	0.00	0.09972998	20.91763	10.00	-21.14481
4.582807	10.00	-36.85855	0.05767843	0.00	0.1137326	20.84818	10.00	-21.07546
4.640911	10.00	-36.74398	0.05810415	0.00	0.114572	20.77901	10.00	-21.00644
4.698826	10.00	-36.62978	0.05791549	0.00	0.1142	20.70906	10.00	-20.93682
4.757315	10.00	-36.51445	0.05848891	0.00	0.1153307	20.64046	10.00	-20.86852
4.814698	10.00	-36.4013	0.05738304	0.00	0.1131501	20.57053	10.00	-20.79889
4.873142	10.00	-36.28606	0.05844422	0.00	0.1152426	20.50125	10.00	-20.72993
4.931015	10.00	-36.17194	0.05787205	0.00	0.1141144	20.44403	10.00	-20.67293
4.978817	10.00	-36.07769	0.04780317	0.00	0.09426013	20.37979	10.00	-20.60899
5.032398	10.00	-35.97203	0.05358075	0.00	0.1056526	20.31635	10.00	-20.54579
5.085311	10.00	-35.8677	0.05291301	0.00	0.1043359	20.25805	10.00	-20.48776
5.13395	10.00	-35.77179	0.04863909	0.00	0.09590843	20.18922	10.00	-20.41918
5.191371	10.00	-35.65857	0.05742089	0.00	0.1132247	20.12005	10.00	-20.35027
5.249073	10.00	-35.54478	0.05770139	0.00	0.1137778	20.04963	10.00	-20.28006
5.307858	10.00	-35.42887	0.05878492	0.00	0.1159144	20.0008	10.00	-20.23138
5.348578	10.00	-35.34858	0.0407205	0.00	0.08029426	19.94636	10.00	-20.17706
5.393979	10.00	-35.25906	0.04540028	0.00	0.08952203	19.87656	10.00	-20.10744
5.452177	10.00	-35.1443	0.05819848	0.00	0.114758	19.80791	10.00	-20.03885
5.509425	10.00	-35.03141	0.05724775	0.00	0.1128833	19.73851	10.00	-19.9695
5.567338	10.00	-34.91722	0.05791301	0.00	0.1141951	19.66819	10.00	-19.89923
5.626009	10.00	-34.80153	0.05867074	0.00	0.1156892	19.59843	10.00	-19.82949
5.684243	10.00	-34.6867	0.05823447	0.00	0.114829	19.54783	10.00	-19.7789
5.726461	10.00	-34.60345	0.04221796	0.00	0.083247	19.49373	10.00	-19.72481
5.771593	10.00	-34.51446	0.04513158	0.00	0.08899219	19.42477	10.00	-19.65592
5.829104	10.00	-34.38963	0.05751212	0.00	0.1248372	19.35569	10.00	-19.58696
5.875233	10.00	-34.2583	0.04612828	0.00	0.1313273	19.28571	10.00	-19.51703
5.896217	10.00	-34.12514	0.0209844	0.00	0.1331591	19.21663	10.00	-19.44796
5.901662	10.00	-33.99361	0.005444705	0.00	0.1315326	19.14665	10.00	-19.37807
5.901662	10.00	-33.86035	0	0.00	0.1332582	19.09161	10.00	-19.32305
5.901662	10.00	-33.75541	0	0.00	0.1049339	19.00833	10.00	-19.23979
5.901662	10.00	-33.59655	0	0.00	0.1588674	18.95905	10.00	-19.19053
5.901662	10.00	-33.50251	0	0.00	0.09403111	18.90347	10.00	-19.13503
5.901662	10.00	-33.39644	0	0.00	0.1060777	18.83556	10.00	-19.06716
5.901662	10.00	-33.26684	0	0.00	0.1295989	18.76618	10.00	-18.99791
5.901662	10.00	-33.13456	0	0.00	0.1322828	18.69684	10.00	-18.92874
5.901662	10.00	-33.00242	0	0.00	0.1321384	18.6278	10.00	-18.85992
5.901662	10.00	-32.8709	0	0.00	0.1315142	18.55797	10.00	-18.79024
5.901662	10.00	-32.73766	0	0.00	0.1332483	18.50813	10.00	-18.74051
5.901662	10.00	-32.64252	0	0.00	0.09513385	18.4538	10.00	-18.68646
5.901662	10.00	-32.53899	0	0.00	0.1035282	18.38496	10.00	-18.6179
5.901662	10.00	-32.40766	0	0.00	0.1313301	18.31583	10.00	-18.54906
5.901662	10.00	-32.27575	0	0.00	0.1319148	18.24648	10.00	-18.48005
5.901662	10.00	-32.14338	0	0.00	0.1323734	18.17668	10.00	-18.41054
5.901662	10.00	-32.01013	0	0.00	0.1332412	18.10775	10.00	-18.34202
5.901662	10.00	-31.87881	0	0.00	0.1313259	18.04166	10.00	-18.27654
5.901662	10.00	-31.75314	0	0.00	0.1256693	17.9681	10.00	-18.20374
5.901662	10.00	-31.61336	0	0.00	0.1397826	17.89824	10.00	-18.13442
5.901662	10.00	-31.48051	0	0.00	0.1328406	17.82894	10.00	-18.06578
5.901662	10.00	-31.3489	0	0.00	0.1316104	17.77197	10.00	-18.00897
5.901662	10.00	-31.24055	0	0.00	0.1083553	17.71607	10.00	-17.95341
5.901662	10.00	-31.1343	0	0.00	0.106249	17.6558	10.00	-17.8935
5.894699	10.00	-31.0197	-0.006963075	0.00	0.1145994	17.58704	10.00	-17.82513
5.875344	10.00	-30.88884	-0.01935481	0.00	0.1308588	17.51691	10.00	-17.75542
5.84269	10.00	-30.75542	-0.03265346	0.00	0.1334238	17.44797	10.00	-17.6871
5.810664	10.00	-30.62456	-0.03202675	0.00	0.130863	17.37701	10.00	-17.61688
5.780296	10.00	-30.48981	-0.0303679	0.00	0.1347474	17.3077	10.00	-17.54846
5.749381	10.00	-30.35828	-0.03091534	0.00	0.1315255	17.24751	10.00	-17.48902
5.719217	10.00	-30.24407	-0.03016336	0.00	0.1142116	17.16756	10.00	-17.41007
5.677684	10.00	-30.09237	-0.04153344	0.00	0.1517017	17.11167	10.00	-17.35497
5.645594	10.00	-29.9864	-0.03208945	0.00	0.1059644	17.05785	10.00	-17.30189
5.617636	10.00	-29.88428	-0.0279587	0.00	0.1021197	16.99414	10.00	-17.23897
5.59271	10.00	-29.76329	-0.02492539	0.00	0.120995	16.92503	10.00	-17.17068
5.59271	10.00	-29.6321	0	0.00	0.1311858	16.85502	10.00	-17.10178
5.59271	10.00	-29.49988	0	0.00	0.1322276	16.78461	10.00	-17.03228
5.59271	10.00	-29.36642	0	0.00	0.1334521	16.71439	10.00	-16.96324
5.59271	10.00	-29.2337	0	0.00	0.1327273	16.66257	10.00	-16.91213
5.59271	10.00	-29.13542	0	0.00	0.09827218	16.60783	10.00	-16.85844
5.59271	10.00	-29.03222	0	0.00	0.1032026	16.54065	10.00	-16.79226
5.59271	10.00	-28.905	0	0.00	0.127225	16.47097	10.00	-16.72345
5.59271	10.00	-28.79838	0	0.00	0.1066207	16.40126	10.00	-16.65462
5.59271	10.00	-28.72242	0	0.00	0.07595339	16.33242	10.00	-16.58661
5.59271	10.00	-28.67143	0	0.00	0.05099674	16.26206	10.00	-16.51705
5.59271	10.00	-28.63092	0	0.00	0.04050877	16.19266	10.00	-16.44835
5.59271	10.00	-28.59988	0	0.00	0.03103479	16.1227	10.00	-16.37897
5.59271	10.00	-28.57373	0	0.00	0.02615659	16.05374	10.00	-16.31075
5.59271	10.00	-28.54799	0	0.00	0.0257414	15.98432	10.00	-16.24199
5.59271	10.00	-28.52206	0	0.00	0.02592843	15.91415	10.00	-16.17249
5.59271	10.00	-28.49587	0	0.00	0.02618494	15.86003	10.00	-16.11884
5.59271	10.00	-28.47567	0	0.00	0.02020188	15.80196	10.00	-16.0612
5.59271	10.00	-28.45399	0	0.00	0.02168479	15.74064	10.00	-16.00032
5.59271	10.00	-28.43108	0	0.00	0.02290508	15.67149	10.00	-15.93169
5.59271	10.00	-28.40525	0	0.00	0.02582866	15.60058	10.00	-15.86141
5.59271	10.00	-28.37878	0	0.00	0.02647368	15.53284	10.00	-15.79425
5.59271	10.00	-28.35971	0	0.00	0.01906943	15.46271	10.00	-15.72475
5.59271	10.00	-28.34255	0	0.00	0.01715998	15.39337	10.00	-15.65607
5.59271	10.00	-28.32942	0	0.00	0.01312682	15.32417	10.00	-15.58752
5.59271	10.00	-28.32014	0	0.00	0.00927592	15.25564	10.00	-15.5196
5.59271	10.00	-28.31474	0	0.00	0.005400171	15.18466	10.00	-15.44918
5.59271	10.00	-28.31046	0	0.00	0.004284886	15.11589	10.00	-15.38088
5.59271	10.00	-28.30631	0	0.00	0.004149946	15.04634	10.00	-15.31174
5.59271	10.00	-28.30211	0	0.00	0.004197754	14.97707	10.00	-15.24285
5.59271	10.00	-28.2941	0	0.00	0.008015931	14.90793	10.00	-15.17413
5.59271	10.00	-28.2861	0	0.00	0.007999073	14.83887	10.00	-15.10548
5.59306	10.00	-28.2781	0.0003502639	0.00	0.007992364	14.76826	10.00	-15.03528
5.59306	10.00	-28.26994	0	0.00	0.008169201	14.69853	10.00	-14.96596
5.594699	10.00	-28.25802	0.001638557	0.00	0.0119197	14.62998	10.00	-14.89776
5.6001	10.00	-28.2463	0.005400347	0.00	0.01171654	14.55995	10.00	-14.82804
5.626264	10.00	-28.23433	0.02616492	0.00	0.01196941	14.49087	10.00	-14.75934
5.634251	10.00	-28.22252	0.007986343	0.00	0.01180452	14.42153	10.00	-14.69041
5.634251	10.00	-28.21068	0	0.00	0.01184876	14.35213	10.00	-14.62149
5.634602	10.00	-28.19115	0.0003516058	0.00	0.01953005	14.28271	10.00	-14.55253
5.649033	10.00	-28.17032	0.01443095	0.00	0.02083048	14.21311	10.00	-14.4834
5.67891	10.00	-28.1353	0.02987723	0.00	0.03501188	14.14381	10.00	-14.41472
5.722729	10.00	-28.09788	0.04381852	0.00	0.03742632	14.075	10.00	-14.34647
5.792892	10.00	-28.04929	0.07016344	0.00	0.04858445	14.0051	10.00	-14.27719
5.880971	10.00	-27.99088	0.08807906	0.00	0.05840761	13.93538	10.00	-14.20813
5.967513	10.00	-27.9275	0.08654094	0.00	0.06338618	13.8672	10.00	-14.1405
6.045964	10.00	-27.85661	0.07845138	0.00	0.07089284	13.79704	10.00	-14.07095
6.125302	10.00	-27.77986	0.07933838	0.00	0.0767488	13.72795	10.00	-14.00245
6.20735	10.00	-27.70419	0.08204749	0.00	0.07566496	13.65823	10.00	-13.93336
6.290164	10.00	-27.6188	0.08281485	0.00	0.08539174	13.58994	10.00	-13.8657
6.371222	10.00	-27.53144	0.08105812	0.00	0.08736369	13.51977	10.00	-13.79623
6.45449	10.00	-27.44169	0.08326769	0.00	0.08974514	13.45053	10.00	-13.72763
6.536649	10.00	-27.35314	0.0821585	0.00	0.08854967	13.3788	10.00	-13.65652
6.621806	10.00	-27.26136	0.08515746	0.00	0.09178192	13.3111	10.00	-13.58933
6.702288	10.00	-27.17462	0.08048194	0.00	0.08674268	13.24308	10.00	-13.52167
6.783195	10.00	-27.1	0.08090746	0.00	0.07461362	13.17448	10.00	-13.45352
6.863452	10.00	-27.05907	0.08025668	0.00	0.04093693	13.10446	10.00	-13.3839
6.947965	10.00	-27.0367	0.08451218	0.00	0.02236611	13.03537	10.00	-13.31523
7.031306	10.00	-27.02614	0.0833419	0.00	0.01056537	12.96579	10.00	-13.24608
7.11518	10.00	-27.02193	0.08387426	0.00	0.004208168	12.89647	10.00	-13.17709
7.198739	10.00	-27.01774	0.08355842	0.00	0.004192322	12.82729	10.00	-13.10821
7.26039	10.00	-27.00206	0.06165051	0.00	0.01567602	12.75799	10.00	-13.03927
7.297814	10.00	-26.96208	0.03742432	0.00	0.03998106	12.68849	10.00	-12.97016
7.297814	10.00	-26.90792	0	0.00	0.0541602	12.61977	10.00	-12.90171
7.297814	10.00	-26.84291	0	0.00	0.06501012	12.54951	10.00	-12.8317
7.297814	10.00	-26.77511	0	0.00	0.06779632	12.48049	10.00	-12.76258
7.297814	10.00	-26.70846	0	0.00	0.06664988	12.41111	10.00	-12.6934
7.297814	10.00	-26.64148	0	0.00	0.06698665	12.34182	10.00	-12.62434
7.297814	10.00	-26.57079	0	0.00	0.0706847	12.27256	10.00	-12.55537
7.297814	10.00	-26.49891	0	0.00	0.07187632	12.2025	10.00	-12.48552
7.297814	10.00	-26.42617	0	0.00	0.07274023	12.13334	10.00	-12.41659
7.297814	10.00	-26.35445	0	0.00	0.07172514	12.06413	10.00	-12.34775
7.297814	10.00	-26.26743	0	0.00	0.08701689	11.99438	10.00	-12.27844
7.297814	10.00	-26.16051	0	0.00	0.1069198	11.92501	10.00	-12.20947
7.297814	10.00	-26.04647	0	0.00	0.1140434	11.8556	10.00	-12.14047
7.297814	10.00	-25.9234	0	0.00	0.1230646	11.78584	10.00	-12.07121
7.298167	10.00	-25.79609	0.0003526612	0.00	0.1273104	11.71631	10.00	-12.00215
7.298167	10.00	-25.66908	0	0.00	0.1270178	11.64671	10.00	-11.93303
7.311317	10.00	-25.54202	0.0131502	0.00	0.1270545	11.57704	10.00	-11.86368
7.35138	10.00	-25.42126	0.04006337	0.00	0.1207666	11.50733	10.00	-11.79462
7.405497	10.00	-25.31721	0.05411674	0.00	0.1040411	11.43795	10.00	-11.72561
7.460706	10.00	-25.2148	0.05520941	0.00	0.1024133	11.3681	10.00	-11.65661
7.514872	10.00	-25.11195	0.05416542	0.00	0.1028534	11.2984	10.00	-11.58729
7.569186	10.00	-25.00881	0.05431375	0.00	0.1031351	11.22912	10.00	-11.5183
7.623243	10.00	-24.90616	0.05405763	0.00	0.1026487	11.15982	10.00	-11.44925
7.677349	10.00	-24.80342	0.05410573	0.00	0.1027401	11.0907	10.00	-11.38037
7.731308	10.00	-24.70096	0.05395854	0.00	0.1024606	11.0211	10.00	-11.31089
7.784449	10.00	-24.59761	0.053141	0.00	0.103353	10.95225	10.00	-11.24222
7.836967	10.00	-24.49547	0.05251924	0.00	0.1021437	10.88285	10.00	-11.17315
7.889869	10.00	-24.39258	0.05290112	0.00	0.1028864	10.81364	10.00	-11.10423
7.942634	10.00	-24.28996	0.05276534	0.00	0.1026223	10.74456	10.00	-11.03549
7.995364	10.00	-24.1874	0.05273026	0.00	0.1025541	10.67536	10.00	-10.96668
8.048183	10.00	-24.08468	0.05281909	0.00	0.1027269	10.60589	10.00	-10.89773
8.101195	10.00	-23.98158	0.05301201	0.00	0.1031021	10.53633	10.00	-10.82847
8.154332	10.00	-23.87823	0.05313704	0.00	0.1033453	10.46743	10.00	-10.75995
8.206903	10.00	-23.77598	0.05257129	0.00	0.1022449	10.39833	10.00	-10.69125
8.259631	10.00	-23.67344	0.05272743	0.00	0.1025486	10.32918	10.00	-10.62229
8.312454	10.00	-23.5707	0.05282305	0.00	0.1027346	10.25985	10.00	-10.55314
8.364125	10.00	-23.46771	0.05167079	0.00	0.1029887	10.19078	10.00	-10.48426
8.41686	10.00	-23.36515	0.05273479	0.00	0.1025629	10.12162	10.00	-10.41527
8.469672	10.00	-23.26244	0.0528123	0.00	0.1027137	10.05259	10.00	-10.34641
8.521123	10.00	-23.15989	0.05145107	0.00	0.1025508	9.983334	10.00	-10.2773
8.572745	10.00	-23.05699	0.05162166	0.00	0.1028908	9.914758	10.00	-10.20885
8.623798	10.00	-22.95524	0.05105305	0.00	0.1017575	9.844932	10.00	-10.1391
8.675844	10.00	-22.8515	0.05204618	0.00	0.103737	9.776433	10.00	-10.07071
8.726886	10.00	-22.74977	0.05104146	0.00	0.1017344	9.706491	10.00	-10.00089
8.77895	10.00	-22.64599	0.0520644	0.00	0.1037733	9.63693	10.00	-9.931431
8.830748	10.00	-22.54275	0.05179776	0.00	0.1032418	9.567988	10.00	-9.862581
8.882051	10.00	-22.44049	0.05130313	0.00	0.1022559	9.498698	10.00	-9.79345
8.933608	10.00	-22.33773	0.05155707	0.00	0.1027621	9.429523	10.00	-9.724386
8.985081	10.00	-22.23514	0.05147316	0.00	0.1025948	9.360262	10.00	-9.655155
9.036634	10.00	-22.13238	0.05155376	0.00	0.1027555	9.290476	10.00	-9.585395
9.096301	10.00	-22.03532	0.05966596	0.00	0.09705791	9.221642	10.00	-9.516597
9.166596	10.00	-21.94468	0.07029527	0.00	0.09064306	9.152324	10.00	-9.447363
9.250212	10.00	-21.86747	0.08361568	0.00	0.0772108	9.082994	10.00	-9.378129
9.336378	10.00	-21.81076	0.08616656	0.00	0.05670791	9.013894	10.00	-9.309102
9.422283	10.00	-21.76316	0.08590467	0.00	0.04759713	8.94457	10.00	-9.239855
9.508456	10.00	-21.72567	0.08617302	0.00	0.03749855	8.874902	10.00	-9.170333
9.595003	10.00	-21.69701	0.0865474	0.00	0.02865617	8.805852	10.00	-9.101456
9.680762	10.00	-21.67116	0.08575898	0.00	0.02584561	8.730487	10.00	-9.02628
9.774411	10.00	-21.64294	0.09364872	0.00	0.02822338	8.660502	10.00	-8.956613
9.861355	10.00	-21.61674	0.08694392	0.00	0.02620272	8.577982	10.00	-8.874422
9.964021	10.00	-21.5858	0.1026653	0.00	0.03094075	8.516767	10.00	-8.813416
10.04024	10.00	-21.56283	0.0762177	0.00	0.02297011	8.449375	10.00	-8.746148
10.12546	10.00	-21.53752	0.08522289	0.00	0.02530786	8.387668	10.00	-8.684671
10.20231	10.00	-21.51436	0.07684752	0.00	0.02315992	8.321661	10.00	-8.619134
10.28443	10.00	-21.48961	0.08211841	0.00	0.02474844	8.252585	10.00	-8.550448
10.37035	10.00	-21.46372	0.08592311	0.00	0.02589508	8.182857	10.00	-8.480969
10.45712	10.00	-21.43756	0.0867724	0.00	0.02615103	8.11394	10.00	-8.412249
10.54294	10.00	-21.4117	0.08581524	0.00	0.02586256	8.044384	10.00	-8.342744
10.62823	10.00	-21.38561	0.08529273	0.00	0.02609295	7.975826	10.00	-8.274381
10.71225	10.00	-21.35103	0.08402365	0.00	0.03457933	7.90631	10.00	-8.205114
10.79738	10.00	-21.30187	0.08512648	0.00	0.04916207	7.836532	10.00	-8.135633
10.88276	10.00	-21.23195	0.08538356	0.00	0.06992369	7.767112	10.00	-8.066551
10.96637	10.00	-21.15986	0.08360942	0.00	0.0720815	7.698196	10.00	-7.99795
11.04955	10.00	-21.08816	0.08317459	0.00	0.07170662	7.628962	10.00	-7.929077
11.13302	10.00	-21.01619	0.08347342	0.00	0.07196426	7.559441	10.00	-7.859776
11.21698	10.00	-20.93609	0.08395657	0.00	0.08009797	7.490967	10.00	-7.79144
11.29837	10.00	-20.84964	0.08139114	0.00	0.08645632	7.421115	10.00	-7.721558
11.38019	10.00	-20.76006	0.08181782	0.00	0.08957613	7.352463	10.00	-7.653068
11.4631	10.00	-20.66953	0.08291511	0.00	0.09053657	7.282657	10.00	-7.583472
11.52682	10.00	-20.54891	0.06371578	0.00	0.1206106	7.213974	10.00	-7.514933
11.57676	10.00	-20.41885	0.04994532	0.00	0.1300613	7.144984	10.00	-7.446198
11.62442	10.00	-20.2868	0.04766048	0.00	0.1320493	7.076174	10.00	-7.377673
11.6707	10.00	-20.15507	0.04627248	0.00	0.1317378	7.007045	10.00	-7.308365
11.71735	10.00	-20.02224	0.04665384	0.00	0.1328236	6.93815	10.00	-7.239676
11.76369	10.00	-19.89032	0.04633861	0.00	0.1319261	6.868954	10.00	-7.171188
11.80624	10.00	-19.75826	0.04254875	0.00	0.1320578	6.800569	10.00	-7.103435
11.84833	10.00	-19.62761	0.0420963	0.00	0.1306535	6.73041	10.00	-7.033969
11.88764	10.00	-19.49354	0.0393015	0.00	0.1340665	6.662129	10.00	-6.966561
11.92453	10.00	-19.36339	0.03689183	0.00	0.1301453	6.591797	10.00	-6.897161
11.96259	10.00	-19.22913	0.03805953	0.00	0.1342646	6.522745	10.00	-6.828967
12.03564	10.00	-19.0974	0.073057	0.00	0.1317322	6.449871	10.00	-6.756814
12.07371	10.00	-18.95835	0.03806748	0.00	0.1390422	6.370711	10.00	-6.678272
12.10485	10.00	-18.80719	0.03114026	0.00	0.1511638	6.297972	10.00	-6.606228
12.13344	10.00	-18.66843	0.02858455	0.00	0.1387577	6.228378	10.00	-6.537271
12.15955	10.00	-18.53543	0.02611157	0.00	0.1330048	6.168171	10.00	-6.477553
12.18213	10.00	-18.4204	0.02258271	0.00	0.1150298	6.107177	10.00	-6.416975
12.205	10.00	-18.30392	0.02286756	0.00	0.1164807	6.038297	10.00	-6.348536
12.23082	10.00	-18.17239	0.02582088	0.00	0.1315241	5.96904	10.00	-6.279727
12.25681	10.00	-18.04002	0.02598679	0.00	0.1323692	5.899817	10.00	-6.210931
12.2828	10.00	-17.90759	0.02599846	0.00	0.1324286	5.831062	10.00	-6.142128
12.30871	10.00	-17.77564	0.02590508	0.00	0.131953	5.761986	10.00	-6.07329
12.33469	10.00	-17.6433	0.02598206	0.00	0.1323451	5.693939	10.00	-6.004831
12.36046	10.00	-17.51206	0.02576502	0.00	0.1312395	5.624324	10.00	-5.935394
12.38672	10.00	-17.37826	0.02626692	0.00	0.1337961	5.555513	10.00	-5.867277
12.41258	10.00	-17.24657	0.02585423	0.00	0.131694	5.486711	10.00	-5.798768
12.43592	10.00	-17.11467	0.02334019	0.00	0.1318992	5.417647	10.00	-5.729802
12.45806	10.00	-16.98228	0.02214519	0.00	0.1323904	5.34861	10.00	-5.661005
12.47633	10.00	-16.85012	0.01826714	0.00	0.1321568	5.279562	10.00	-5.59212
12.4933	10.00	-16.71812	0.01696783	0.00	0.132004	5.21023	10.00	-5.52283
12.50904	10.00	-16.58563	0.01574736	0.00	0.1324895	5.142037	10.00	-5.454046
12.52461	10.00	-16.45471	0.01556094	0.00	0.1309211	5.07218	10.00	-5.38411
12.54047	10.00	-16.32121	0.01586766	0.00	0.1335016	5.002701	10.00	-5.314583
12.55626	10.00	-16.18839	0.01578589	0.00	0.1328137	4.93401	10.00	-5.245852
12.57187	10.00	-16.05708	0.01560687	0.00	0.1313075	4.864974	10.00	-5.17682
12.58373	10.00	-15.92502	0.01186058	0.00	0.1320648	4.795758	10.00	-5.107636
12.59434	10.00	-15.79252	0.01061686	0.00	0.1325022	4.726588	10.00	-5.038543
12.60496	10.00	-15.65999	0.01061913	0.00	0.1325306	4.65768	10.00	-4.969803
12.61298	10.00	-15.52802	0.008018425	0.00	0.1319686	4.589563	10.00	-4.901803
12.61838	10.00	-15.3976	0.005398354	0.00	0.1304129	4.519043	10.00	-4.831846
12.62394	10.00	-15.26322	0.00556266	0.00	0.1343821	4.451165	10.00	-4.763947
12.62555	10.00	-15.13337	0.001603151	0.00	0.1298551	4.380683	10.00	-4.693438
12.62555	10.00	-14.99857	0	0.00	0.1347983	4.312328	10.00	-4.624985
12.62555	10.00	-14.86758	0	0.00	0.130989	4.243348	10.00	-4.555228
12.62555	10.00	-14.73516	0	0.00	0.1324216	4.175066	10.00	-4.486695
12.62555	10.00	-14.60453	0	0.00	0.1306309	4.10445	10.00	-4.415938
12.62555	10.00	-14.46944	0	0.00	0.1350871	4.035337	10.00	-4.346676
12.62555	10.00	-14.33717	0	0.00	0.1322673	3.967104	10.00	-4.278371
12.62555	10.00	-14.20664	0	0.00	0.1305374	3.898824	10.00	-4.210042
12.62555	10.00	-14.07604	0	0.00	0.1306011	3.827045	10.00	-4.139553
12.62555	10.00	-13.94141	0	0.00	0.1346228	3.75856	10.00	-4.071609
12.62555	10.00	-13.8104	0	0.00	0.1310088	3.689407	10.00	-4.002802
12.62555	10.00	-13.67762	0	0.00	0.1327797	3.621482	10.00	-3.934875
12.62555	10.00	-13.54699	0	0.00	0.1306351	3.551964	10.00	-3.865178
12.62555	10.00	-13.41322	0	0.00	0.1337664	3.483314	10.00	-3.796466
12.62555	10.00	-13.28109	0	0.00	0.132137	3.414536	10.00	-3.727565
12.62555	10.00	-13.14873	0	0.00	0.1323564	3.345949	10.00	-3.658853
12.62555	10.00	-13.01688	0	0.00	0.1318525	3.277113	10.00	-3.590126
12.62555	10.00	-12.88463	0	0.00	0.1322432	3.208264	10.00	-3.521317
12.62555	10.00	-12.75244	0	0.00	0.1321979	3.138795	10.00	-3.451766
12.62555	10.00	-12.61918	0	0.00	0.1332539	3.070426	10.00	-3.383302
12.62555	10.00	-12.488	0	0.00	0.1311801	3.001528	10.00	-3.314146
12.62555	10.00	-12.35582	0	0.00	0.1321781	2.932868	10.00	-3.245279
12.62555	10.00	-12.22396	0	0.00	0.1318624	2.864692	10.00	-3.176838
12.63984	10.00	-12.09305	0.01429216	0.00	0.1309111	2.794908	10.00	-3.106995
12.65705	10.00	-11.95913	0.01721384	0.00	0.1339178	2.725993	10.00	-3.037993
12.65705	10.00	-11.82683	0	0.00	0.1322984	2.656599	10.00	-2.968736
12.65705	10.00	-11.69398	0	0.00	0.1328576	2.587883	10.00	-2.900408
12.65705	10.00	-11.56264	0	0.00	0.1313316	2.519272	10.00	-2.832085
12.65705	10.00	-11.43121	0	0.00	0.1314307	2.449671	10.00	-2.762701
12.65705	10.00	-11.2976	0	0.00	0.1336149	2.381208	10.00	-2.694392
12.65705	10.00	-11.16615	0	0.00	0.1314462	2.312365	10.00	-2.62565
12.65705	10.00	-11.03395	0	0.00	0.132205	2.243602	10.00	-2.556922
12.65705	10.00	-10.90186	0	0.00	0.1320903	2.175027	10.00	-2.488051
12.65705	10.00	-10.76983	0	0.00	0.132028	2.105975	10.00	-2.419002
12.65705	10.00	-10.63739	0	0.00	0.1324385	2.037235	10.00	-2.350499
12.65705	10.00	-10.50558	0	0.00	0.1318114	1.968851	10.00	-2.281352
12.65705	10.00	-10.37334	0	0.00	0.1322361	1.899872	10.00	-2.212244
12.65705	10.00	-10.2407	0	0.00	0.1326424	1.832256	10.00	-2.144254
12.65705	10.00	-10.11041	0	0.00	0.1302925	1.76247	10.00	-2.074446
12.65705	10.00	-9.976516	0	0.00	0.1338923	1.684843	10.00	-1.997011
12.65705	10.00	-9.827934	0	0.00	0.1485818	1.609678	10.00	-1.92178
12.65705	10.00	-9.68347	0	0.00	0.1444639	1.552085	10.00	-1.864049
12.65705	10.00	-9.572763	0	0.00	0.1107066	1.487423	10.00	-1.799228
12.65705	10.00	-9.44833	0	0.00	0.1244335	1.418552	10.00	-1.730133
12.65705	10.00	-9.315894	0	0.00	0.1324357	1.349653	10.00	-1.661093
12.64774	10.00	-9.183718	-0.009310921	0.00	0.1321767	1.280743	10.00	-1.592048
12.6282	10.00	-9.051578	-0.01954429	0.00	0.1321399	1.211753	10.00	-1.522856
12.59964	10.00	-8.919202	-0.02855175	0.00	0.1323763	1.143137	10.00	-1.453928
12.55204	10.00	-8.787311	-0.04760326	0.00	0.1318907	1.074073	10.00	-1.384596
12.50034	10.00	-8.654725	-0.05170557	0.00	0.1325858	1.005248	10.00	-1.315405
12.44885	10.00	-8.522695	-0.05148916	0.00	0.1320309	0.9359767	10.00	-1.245939
12.38942	10.00	-8.390079	-0.05942176	0.00	0.1326155	0.8671027	10.00	-1.176721
12.32773	10.00	-8.258101	-0.06169153	0.00	0.1319771	0.7980477	10.00	-1.107424
12.25694	10.00	-8.125837	-0.07079078	0.00	0.1322644	0.7292444	10.00	-1.038126
12.18244	10.00	-7.993796	-0.07450667	0.00	0.1320408	0.6609744	10.00	-0.9696696
12.10997	10.00	-7.863137	-0.07246191	0.00	0.1306592	0.5919554	10.00	-0.9004354
12.0366	10.00	-7.730836	-0.07337259	0.00	0.1323012	0.5229424	10.00	-0.8311872
11.96322	10.00	-7.598514	-0.07338437	0.00	0.1323225	0.4531708	10.00	-0.7610624
11.88647	10.00	-7.464799	-0.07674555	0.00	0.133714	0.3842091	10.00	-0.6918994
11.80433	10.00	-7.332813	-0.0821444	0.00	0.131987	0.3152074	10.00	-0.6227211
11.72212	10.00	-7.200724	-0.08220784	0.00	0.1320889	0.2470901	10.00	-0.5542151
11.6408	10.00	-7.070066	-0.08131713	0.00	0.1306577	0.1775864	10.00	-0.4844075
11.55779	10.00	-6.936692	-0.0830078	0.00	0.1333742	0.1087283	10.00	-0.4150975
11.47538	10.00	-6.804272	-0.08241399	0.00	0.1324201	0.03969397	10.00	-0.3457785
11.39284	10.00	-6.67165	-0.0825391	0.00	0.1326212	-0.02899848	10.00	-0.2767338
11.3082	10.00	-6.539748	-0.08464592	0.00	0.131902	-0.09732456	10.00	-0.2080858
11.22137	10.00	-6.408418	-0.08682223	0.00	0.1313301	-0.1666378	10.00	-0.138488
11.13322	10.00	-6.27507	-0.08815674	0.00	0.1333488	-0.2352794	10.00	-0.06944174
11.04575	10.00	-6.14276	-0.08746984	0.00	0.1323097	-0.3035678	10.00	-0.001047422
10.95873	10.00	-6.011131	-0.0870197	0.00	0.1316288	-0.371884	10.00	0.06753822
10.87143	10.00	-5.879085	-0.08729576	0.00	0.1320464	-0.439771	10.00	0.1356784
10.78478	10.00	-5.748013	-0.08665098	0.00	0.1310711	-0.5093075	10.00	0.2054054
10.69611	10.00	-5.613882	-0.08867425	0.00	0.1341316	-0.5778208	10.00	0.2739294
10.6088	10.00	-5.481821	-0.08730512	0.00	0.1320606	-0.6461372	10.00	0.3425381
10.52187	10.00	-5.350326	-0.08693173	0.00	0.1314958	-0.7149991	10.00	0.411868
10.43681	10.00	-5.217773	-0.08506289	0.00	0.1325518	-0.7832023	10.00	0.4806575
10.35374	10.00	-5.086353	-0.08306453	0.00	0.1314207	-0.8522021	10.00	0.5504861
10.26993	10.00	-4.953749	-0.08381251	0.00	0.1326042	-0.9209187	10.00	0.6196746
10.18253	10.00	-4.821548	-0.08739778	0.00	0.1322007	-0.9894872	10.00	0.6887501
10.09517	10.00	-4.689408	-0.08735754	0.00	0.1321399	-1.058252	10.00	0.7580145
10.00767	10.00	-4.55705	-0.08750165	0.00	0.1323579	-1.126504	10.00	0.8267421
9.920849	10.00	-4.425719	-0.08682317	0.00	0.1313316	-1.195977	10.00	0.8963797
9.832802	10.00	-4.292537	-0.0880463	0.00	0.1331817	-1.264256	10.00	0.9650429
9.749857	10.00	-4.161304	-0.08294553	0.00	0.1312325	-1.332735	10.00	1.033718
9.670544	10.00	-4.029773	-0.07931352	0.00	0.1315312	-1.40236	10.00	1.103588
9.591109	10.00	-3.895892	-0.07943413	0.00	0.133881	-1.47098	10.00	1.172717
9.512839	10.00	-3.763973	-0.07827004	0.00	0.131919	-1.539554	10.00	1.241698
9.439642	10.00	-3.631988	-0.07319751	0.00	0.1319856	-1.608279	10.00	1.310701
9.371429	10.00	-3.499757	-0.06821184	0.00	0.1322305	-1.676895	10.00	1.379647
9.303178	10.00	-3.367449	-0.068252	0.00	0.1323083	-1.745482	10.00	1.448531
9.240053	10.00	-3.235148	-0.06312413	0.00	0.1323012	-1.814002	10.00	1.517234
9.188531	10.00	-3.10303	-0.05152284	0.00	0.1321172	-1.882657	10.00	1.585914
9.153646	10.00	-2.97094	-0.03488515	0.00	0.1320903	-1.950638	10.00	1.653905
9.138101	10.00	-2.840154	-0.01554496	0.00	0.1307866	-2.020078	10.00	1.723288
9.138101	10.00	-2.706731	0	0.00	0.1334224	-2.088922	10.00	1.792261
9.138101	10.00	-2.574314	0	0.00	0.1324173	-2.162655	10.00	1.866305
9.138101	10.00	-2.432339	0	0.00	0.1419753	-2.226003	10.00	1.929932
9.12009	10.00	-2.310566	-0.01801085	0.00	0.1217722	-2.295373	10.00	1.99955
9.074564	10.00	-2.17728	-0.04552583	0.00	0.1332865	-2.363954	10.00	2.068491
9.016777	10.00	-2.045464	-0.05778703	0.00	0.1318157	-2.432568	10.00	2.137361
8.955087	10.00	-1.91349	-0.06169021	0.00	0.1319742	-2.500749	10.00	2.205685
8.89139	10.00	-1.782644	-0.06369677	0.00	0.130846	-2.570036	10.00	2.275315
8.818669	10.00	-1.649188	-0.07272095	0.00	0.1334563	-2.638802	10.00	2.344406
8.733731	10.00	-1.516831	-0.08493754	0.00	0.1323564	-2.707453	10.00	2.41333
8.6465	10.00	-1.384881	-0.08723213	0.00	0.1319502	-2.776488	10.00	2.482567
8.558751	10.00	-1.252151	-0.08774778	0.00	0.1327302	-2.845204	10.00	2.551474
8.471497	10.00	-1.120167	-0.08725459	0.00	0.1319841	-2.913718	10.00	2.62058
8.382877	10.00	-0.9880524	-0.08861994	0.00	0.1321144	-2.985557	10.00	2.693129
8.288576	10.00	-0.8494688	-0.09430124	0.00	0.1385836	-3.050204	10.00	2.757931
8.20776	10.00	-0.7254063	-0.08081636	0.00	0.1240626	-3.119425	10.00	2.827994
8.123281	10.00	-0.5917475	-0.08447909	0.00	0.1336588	-3.188072	10.00	2.897264
8.037174	10.00	-0.4595652	-0.0861057	0.00	0.1321823	-3.256806	10.00	2.966393
7.949729	10.00	-0.3272922	-0.0874455	0.00	0.1322729	-3.325679	10.00	3.035286
7.86241	10.00	-0.1952104	-0.08731917	0.00	0.1320818	-3.394712	10.00	3.10429
7.77498	10.00	-0.06296013	-0.08743053	0.00	0.1322503	-3.463189	10.00	3.17277
7.688213	10.00	0.06828508	-0.08676608	0.00	0.1312452	-3.532488	10.00	3.242504
7.600191	10.00	0.2014314	-0.08802291	0.00	0.1331463	-3.601282	10.00	3.311716
7.512866	10.00	0.3335203	-0.08732384	0.00	0.1320889	-3.670246	10.00	3.381063
7.425417	10.00	0.4657989	-0.08744925	0.00	0.1322786	-3.73928	10.00	3.450527
7.337843	10.00	0.5982658	-0.08757371	0.00	0.1324669	-3.808493	10.00	3.520087
7.250026	10.00	0.731102	-0.08781797	0.00	0.1328363	-3.877021	10.00	3.589154
7.163013	10.00	0.8627196	-0.08701221	0.00	0.1316175	-3.945756	10.00	3.658309
7.075866	10.00	0.9945424	-0.0871479	0.00	0.1318228	-4.014726	10.00	3.727706
6.988372	10.00	1.126887	-0.08749323	0.00	0.1323451	-4.083499	10.00	3.796877
6.901136	10.00	1.258843	-0.08723587	0.00	0.1319558	-4.152511	10.00	3.866415
6.81351	10.00	1.391389	-0.08762611	0.00	0.1325461	-4.221241	10.00	3.935675
6.726307	10.00	1.523296	-0.08720312	0.00	0.1319063	-4.290584	10.00	4.005621
6.638213	10.00	1.65655	-0.08809403	0.00	0.1332539	-4.3587	10.00	4.074577
6.555287	10.00	1.787751	-0.08292585	0.00	0.1312013	-4.427115	10.00	4.143935
6.480803	10.00	1.919752	-0.0744843	0.00	0.1320011	-4.495846	10.00	4.213535
6.41758	10.00	2.052261	-0.06322341	0.00	0.1325093	-4.564364	10.00	4.282909
6.369922	10.00	2.184304	-0.04765793	0.00	0.1320422	-4.632914	10.00	4.35247
6.369922	10.00	2.316646	0	0.00	0.1323423	-4.701131	10.00	4.421668
6.369922	10.00	2.448357	0	0.00	0.1317109	-4.769649	10.00	4.491278
6.369922	10.00	2.58063	0	0.00	0.1322729	-4.838374	10.00	4.561023
6.369922	10.00	2.713167	0	0.00	0.1325376	-4.905914	10.00	4.629696
6.369922	10.00	2.843743	0	0.00	0.1305756	-4.975053	10.00	4.700034
6.369922	10.00	2.977483	0	0.00	0.1337395	-5.043694	10.00	4.769362
6.369922	10.00	3.109464	0	0.00	0.1319813	-5.112411	10.00	4.838926
6.369922	10.00	3.241904	0	0.00	0.13244	-5.18084	10.00	4.908482
6.360611	10.00	3.374072	-0.009310322	0.00	0.1321682	-5.252643	10.00	4.981741
6.323902	10.00	3.513072	-0.03670993	0.00	0.1389997	-5.316561	10.00	5.046648
6.27452	10.00	3.63663	-0.04938158	0.00	0.1235586	-5.385098	10.00	5.117056
6.215988	10.00	3.770145	-0.05853173	0.00	0.1335144	-5.453454	10.00	5.186635
6.15538	10.00	3.902546	-0.06060802	0.00	0.1324017	-5.521812	10.00	5.256281
6.085738	10.00	4.035061	-0.06964174	0.00	0.132515	-5.589797	10.00	5.325473
6.011333	10.00	4.166924	-0.07440602	0.00	0.1318624	-5.657898	10.00	5.394684
5.929089	10.00	4.299069	-0.08224308	0.00	0.1321455	-5.725405	10.00	5.462973
5.842555	10.00	4.429965	-0.08653493	0.00	0.1308956	-5.794345	10.00	5.533437
5.754067	10.00	4.563813	-0.08848708	0.00	0.1338485	-5.861388	10.00	5.603167
5.667399	10.00	4.69491	-0.08666782	0.00	0.1310966	-5.929596	10.00	5.673209
5.580407	10.00	4.826498	-0.08699255	0.00	0.1315878	-5.997997	10.00	5.743062
5.49217	10.00	4.959968	-0.08823722	0.00	0.1334705	-6.065375	10.00	5.811644
5.405581	10.00	5.090946	-0.08658921	0.00	0.1309777	-6.134484	10.00	5.882204
5.316479	10.00	5.225725	-0.08910193	0.00	0.1347785	-6.201822	10.00	5.95082
5.229775	10.00	5.356875	-0.08670337	0.00	0.1311504	-6.26993	10.00	6.019778
5.142524	10.00	5.488853	-0.08725084	0.00	0.1319785	-6.337605	10.00	6.088799
5.055179	10.00	5.620975	-0.08734537	0.00	0.1321215	-6.405891	10.00	6.158578
4.961867	10.00	5.754309	-0.09331164	0.00	0.1333346	-6.473354	10.00	6.227049
4.869935	10.00	5.885674	-0.09193263	0.00	0.1313641	-6.541286	10.00	6.295998
4.777288	10.00	6.018058	-0.0926469	0.00	0.1323848	-6.608789	10.00	6.364709
4.685078	10.00	6.149819	-0.09221002	0.00	0.1317605	-6.676505	10.00	6.433523
4.592651	10.00	6.281889	-0.09242697	0.00	0.1320705	-6.744275	10.00	6.502231
4.500231	10.00	6.41395	-0.09242004	0.00	0.1320606	-6.811565	10.00	6.570227
4.408416	10.00	6.545146	-0.09181474	0.00	0.1311957	-6.880539	10.00	6.639828
4.314414	10.00	6.679467	-0.09400213	0.00	0.1343213	-6.948162	10.00	6.707952
4.222432	10.00	6.810902	-0.09198216	0.00	0.1314349	-7.016165	10.00	6.776736
4.129862	10.00	6.943176	-0.09256963	0.00	0.1322743	-7.084115	10.00	6.845127
4.037621	10.00	7.07498	-0.09224072	0.00	0.1318044	-7.152271	10.00	6.914029
3.956557	10.00	7.20729	-0.08106413	0.00	0.1323097	-7.220651	10.00	6.98326
3.898372	10.00	7.340013	-0.05818482	0.00	0.1327231	-7.288446	10.00	7.051977
3.873793	10.00	7.47171	-0.02457958	0.00	0.1316968	-7.356501	10.00	7.121137
3.873793	10.00	7.60378	0	0.00	0.1320705	-7.424664	10.00	7.190294
3.873793	10.00	7.735867	0	0.00	0.1320861	-7.499178	10.00	7.265974
3.873793	10.00	7.880332	0	0.00	0.1444653	-7.563998	10.00	7.331611
3.873793	10.00	8.005751	0	0.00	0.1254187	-7.629271	10.00	7.3978
3.873793	10.00	8.132126	0	0.00	0.1263756	-7.697611	10.00	7.4672
3.873793	10.00	8.264617	0	0.00	0.1324909	-7.765714	10.00	7.536357
3.873793	10.00	8.396667	0	0.00	0.1320507	-7.833422	10.00	7.604908
3.873793	10.00	8.528019	0	0.00	0.1313514	-7.901853	10.00	7.674258
3.873793	10.00	8.661135	0	0.00	0.1331152	-7.969844	10.00	7.743068
3.873793	10.00	8.793495	0	0.00	0.1323607	-8.037499	10.00	7.811574
3.873793	10.00	8.925545	0	0.00	0.1320493	-8.105207	10.00	7.880406
3.873793	10.00	9.058002	0	0.00	0.1324569	-8.172616	10.00	7.948897
3.873793	10.00	9.190001	0	0.00	0.1319997	-8.240082	10.00	8.017824
3.849086	10.00	9.322378	-0.02470666	0.00	0.1323777	-8.307554	10.00	8.086394
3.804053	10.00	9.454224	-0.04503362	0.00	0.1318454	-8.375042	10.00	8.155048
3.747436	10.00	9.586287	-0.05661688	0.00	0.1320634	-8.442838	10.00	8.223967
3.689399	10.00	9.718674	-0.05803713	0.00	0.1323862	-8.511463	10.00	8.294027
3.630572	10.00	9.85286	-0.05882651	0.00	0.1341868	-8.578146	10.00	8.361943
3.56969	10.00	9.983107	-0.06088228	0.00	0.1302458	-8.646576	10.00	8.431326
3.5075	10.00	10.11615	-0.06218979	0.00	0.133043	-8.714044	10.00	8.499888
3.437157	10.00	10.24758	-0.070343	0.00	0.1314278	-8.781631	10.00	8.568646
3.365369	10.00	10.37932	-0.07178839	0.00	0.1317449	-8.849773	10.00	8.637736
3.293073	10.00	10.512	-0.07229593	0.00	0.1326764	-8.917745	10.00	8.706606
3.220944	10.00	10.64437	-0.07212856	0.00	0.1323692	-8.985617	10.00	8.775112
3.135157	10.00	10.77606	-0.08578757	0.00	0.131694	-9.053963	10.00	8.843986
3.047652	10.00	10.90842	-0.08750446	0.00	0.1323621	-9.122245	10.00	8.913002
2.960141	10.00	11.0408	-0.08751101	0.00	0.132372	-9.190251	10.00	8.981854
2.872975	10.00	11.17265	-0.08716568	0.00	0.1318497	-9.258407	10.00	9.050934
2.785461	10.00	11.30502	-0.08751476	0.00	0.1323777	-9.326434	10.00	9.119888
2.698137	10.00	11.43711	-0.08732384	0.00	0.1320889	-9.394513	10.00	9.188927
2.610625	10.00	11.56949	-0.08751195	0.00	0.1323734	-9.461605	10.00	9.25712
2.525572	10.00	11.70005	-0.08505262	0.00	0.1305657	-9.530153	10.00	9.326733
2.437405	10.00	11.83342	-0.08816703	0.00	0.1333643	-9.59815	10.00	9.396071
2.349853	10.00	11.96585	-0.08755218	0.00	0.1324343	-9.665917	10.00	9.465338
2.262347	10.00	12.09821	-0.08750633	0.00	0.1323649	-9.737461	10.00	9.538075
2.176846	10.00	12.23777	-0.08550038	0.00	0.1395504	-9.811175	10.00	9.613244
2.091467	10.00	12.38167	-0.0853797	0.00	0.1439019	-9.879743	10.00	9.683276
2.014584	10.00	12.51562	-0.07688286	0.00	0.1339532	-9.938218	10.00	9.743334
1.951093	10.00	12.6301	-0.06349024	0.00	0.114482	-10.00436	10.00	9.810716
1.879777	10.00	12.7587	-0.07131652	0.00	0.1285938	-10.0723	10.00	9.880279
1.806291	10.00	12.8912	-0.07348564	0.00	0.1325051	-10.1397	10.00	9.949559
1.73297	10.00	13.02341	-0.07332078	0.00	0.1322078	-10.20665	10.00	10.01886
1.659799	10.00	13.15535	-0.07317161	0.00	0.1319388	-10.27366	10.00	10.08855
1.591609	10.00	13.28754	-0.06818993	0.00	0.132188	-10.34075	10.00	10.15786
1.518154	10.00	13.41999	-0.07345501	0.00	0.1324499	-10.40728	10.00	10.22729
1.441154	10.00	13.55192	-0.07700012	0.00	0.1319318	-10.47394	10.00	10.29652
1.361432	10.00	13.68412	-0.07972154	0.00	0.1322078	-10.54084	10.00	10.36558
1.27895	10.00	13.81666	-0.08248271	0.00	0.1325306	-10.60733	10.00	10.4344
1.196917	10.00	13.94846	-0.08203252	0.00	0.1318072	-10.6752	10.00	10.50561
1.112359	10.00	14.08433	-0.08455837	0.00	0.1358657	-10.73984	10.00	10.57308
1.032101	10.00	14.21328	-0.08025728	0.00	0.1289548	-10.80591	10.00	10.64199
0.9501764	10.00	14.34492	-0.08192503	0.00	0.1316345	-10.87243	10.00	10.71108
0.8678267	10.00	14.47723	-0.08234969	0.00	0.1323168	-10.93857	10.00	10.77992
0.7808651	10.00	14.60878	-0.08696167	0.00	0.1315411	-11.00485	10.00	10.84785
0.6941093	10.00	14.74001	-0.08675578	0.00	0.1312296	-11.0727	10.00	10.91831
0.605099	10.00	14.87465	-0.08901022	0.00	0.1346398	-11.13858	10.00	10.98686
0.5187073	10.00	15.00532	-0.08639175	0.00	0.130679	-11.20679	10.00	11.05702
0.4294425	10.00	15.14035	-0.08926477	0.00	0.1350248	-11.2725	10.00	11.12482
0.3432829	10.00	15.27068	-0.08615966	0.00	0.1303279	-11.33901	10.00	11.19317
0.256208	10.00	15.40239	-0.08707491	0.00	0.1317124	-11.40583	10.00	11.26192
0.1685145	10.00	15.53504	-0.0876935	0.00	0.1326481	-11.47255	10.00	11.33048
0.09528868	10.00	15.66707	-0.07322578	0.00	0.1320365	-11.53916	10.00	11.39898
0.03348664	10.00	15.79929	-0.06180204	0.00	0.1322135	-11.60592	10.00	11.46765
-0.01701371	10.00	15.93208	-0.05050035	0.00	0.1327924	-11.6718	10.00	11.53577
-0.06193564	10.00	16.0636	-0.04492193	0.00	0.1315184	-11.73821	10.00	11.60395
-0.0763516	10.00	16.19564	-0.01441596	0.00	0.132045	-11.80502	10.00	11.67246
-0.0763516	10.00	16.32848	0	0.00	0.1328349	-11.87128	10.00	11.74065
-0.0763516	10.00	16.46001	0	0.00	0.1315368	-11.93824	10.00	11.80991
-0.0763516	10.00	16.59339	0	0.00	0.1333742	-12.0127	10.00	11.88681
-0.0763516	10.00	16.74172	0	0.00	0.1483355	-12.0833	10.00	11.96055
-0.0763516	10.00	16.88312	0	0.00	0.1413921	-12.14537	10.00	12.02502
-0.0763516	10.00	17.00751	0	0.00	0.1243924	-12.20183	10.00	12.08379
-0.0763516	10.00	17.12099	0	0.00	0.113484	-12.26768	10.00	12.15224
-0.0763516	10.00	17.25351	0	0.00	0.1325164	-12.33311	10.00	12.22009
-0.0763516	10.00	17.38524	0	0.00	0.1317293	-12.39849	10.00	12.2878
-0.0763516	10.00	17.5176	0	0.00	0.1323564	-12.46392	10.00	12.35536
-0.0763516	10.00	17.64975	0	0.00	0.132154	-12.52909	10.00	12.4222
-0.0763516	10.00	17.78183	0	0.00	0.1320818	-12.59449	10.00	12.48885
-0.0763516	10.00	17.91395	0	0.00	0.1321186	-12.66037	10.00	12.5561
-0.0763516	10.00	18.04821	0	0.00	0.1342646	-12.72643	10.00	12.62397
-0.0763516	10.00	18.1839	0	0.00	0.1356845	-12.78744	10.00	12.68693
-0.0763516	10.00	18.31044	0	0.00	0.1265427	-12.85129	10.00	12.75243
-0.0763516	10.00	18.44265	0	0.00	0.1322106	-12.91508	10.00	12.81729
-0.0763516	10.00	18.57491	0	0.00	0.1322545	-12.97779	10.00	12.88185
-0.0763516	10.00	18.70707	0	0.00	0.1321583	-13.04088	10.00	12.94654
-0.0763516	10.00	18.84072	0	0.00	0.1336531	-13.10168	10.00	13.00916
-0.0763516	10.00	18.97166	0	0.00	0.1309423	-13.16281	10.00	13.07155
-0.0763516	10.00	19.10407	0	0.00	0.1324102	-13.22219	10.00	13.13177
-0.0763516	10.00	19.2345	0	0.00	0.1304313	-13.28154	10.00	13.19316
-0.0763516	10.00	19.36808	0	0.00	0.1335781	-13.3391	10.00	13.25149
-0.0763516	10.00	19.50025	0	0.00	0.1321724	-13.39441	10.00	13.30847
-0.0763516	10.00	19.63254	0	0.00	0.1322857	-13.44828	10.00	13.36278
-0.0763516	10.00	19.7646	0	0.00	0.1320563	-13.50044	10.00	13.41423
-0.0763516	10.00	19.89524	0	0.00	0.1306436	-13.55126	10.00	13.46461
-0.0763516	10.00	20.029	0	0.00	0.1337607	-13.59914	10.00	13.51157
-0.0763516	10.00	20.16126	0	0.00	0.1322602	-13.64412	10.00	13.55606
-0.0763516	10.00	20.29302	0	0.00	0.1317605	-13.68698	10.00	13.59882
-0.0763516	10.00	20.42554	0	0.00	0.1325263	-13.72743	10.00	13.63931
-0.0763516	10.00	20.5582	0	0.00	0.1326537	-13.76494	10.00	13.67752
-0.0763516	10.00	20.68993	0	0.00	0.1317336	-13.79923	10.00	13.7133
-0.0763516	10.00	20.8204	0	0.00	0.1304709	-13.83217	10.00	13.74814
-0.0763516	10.00	20.95571	0	0.00	0.1353051	-13.86365	10.00	13.78238
-0.0763516	10.00	21.09671	0	0.00	0.1410014	-13.89026	10.00	13.81183
-0.0763516	10.00	21.22606	0	0.00	0.1293512	-13.91466	10.00	13.83951
-0.0763516	10.00	21.35675	0	0.00	0.1306917	-13.93622	10.00	13.86413
-0.0763516	10.00	21.48271	0	0.00	0.1259538	-13.95672	10.00	13.88813
-0.0763516	10.00	21.61519	0	0.00	0.132481	-13.97506	10.00	13.91044
-0.0763516	10.00	21.74731	0	0.00	0.1321271	-13.99203	10.00	13.93062
-0.0763516	10.00	21.87948	0	0.00	0.1321653	-14.0072	10.00	13.94901
-0.0763516	10.00	22.01173	0	0.00	0.1322531	-14.02088	10.00	13.96579
-0.0763516	10.00	22.14397	0	0.00	0.1322404	-14.03401	10.00	13.9816
-0.0763516	10.00	22.28436	0	0.00	0.1403814	-14.0444	10.00	13.99406
-0.0763516	10.00	22.40835	0	0.00	0.1239904	-14.05453	10.00	14.00572
-0.0763516	10.00	22.54063	0	0.00	0.1322843	-14.06327	10.00	14.0165
-0.0763516	10.00	22.67256	0	0.00	0.1319346	-14.07094	10.00	14.02658
-0.0763516	10.00	22.80453	0	0.00	0.1319657	-14.07752	10.00	14.03557
-0.0763516	10.00	22.9369	0	0.00	0.1323664	-14.08331	10.00	14.04373
-0.0763516	10.00	23.06916	0	0.00	0.1322644	-14.08842	10.00	14.05115
-0.0763516	10.00	23.20187	0	0.00	0.1327132	-14.09292	10.00	14.05814
-0.0763516	10.00	23.33181	0	0.00	0.1299372	-14.0972	10.00	14.06476
-0.0763516	10.00	23.46616	0	0.00	0.1343482	-14.10107	10.00	14.07093
-0.0763516	10.00	23.59923	0	0.00	0.1330699	-14.1047	10.00	14.07683
-0.0763516	10.00	23.72874	0	0.00	0.1295083	-14.10812	10.00	14.0822
-0.0763516	10.00	23.86328	0	0.00	0.1345407	-14.11135	10.00	14.08707
-0.0763516	10.00	23.99438	0	0.00	0.1310994	-14.11426	10.00	14.09175
-0.0763516	10.00	24.12656	0	0.00	0.1321852	-14.11679	10.00	14.09585
-0.0763516	10.00	24.25886	0	0.00	0.1322927	-14.11905	10.00	14.09958
-0.0763516	10.00	24.39121	0	0.00	0.1323536	-14.12095	10.00	14.10302
-0.0763516	10.00	24.52315	0	0.00	0.1319374	-14.12275	10.00	14.10623
-0.0763516	10.00	24.65552	0	0.00	0.1323734	-14.12411	10.00	14.10941
-0.0763516	10.00	24.78607	0	0.00	0.1305502	-14.12533	10.00	14.11233
-0.0763516	10.00	24.92008	0	0.00	0.1340127	-14.12653	10.00	14.11485
-0.0763516	10.00	25.0504	0	0.00	0.1303152	-14.12783	10.00	14.1174
-0.0763516	10.00	25.18311	0	0.00	0.1327103	-14.12909	10.00	14.1198
-0.0763516	10.00	25.31641	0	0.00	0.1332978	-14.13046	10.00	14.12219
-0.0763516	10.00	25.45834	0	0.00	0.1419371	-14.13174	10.00	14.12438
-0.0763516	10.00	25.60357	0	0.00	0.1452283	-14.13276	10.00	14.12627
-0.0763516	10.00	25.73719	0	0.00	0.133622	-14.13353	10.00	14.12783
-0.0763516	10.00	25.86022	0	0.00	0.1230264	-14.13421	10.00	14.12926
-0.0763516	10.00	25.97729	0	0.00	0.1170725	-14.13497	10.00	14.13068
-0.0763516	10.00	26.1092	0	0.00	0.1319105	-14.13565	10.00	14.13189
-0.0763516	10.00	26.24038	0	0.00	0.1311744	-14.1363	10.00	14.13306
-0.0763516	10.00	26.37424	0	0.00	0.1338598	-14.13684	10.00	14.13413
-0.0763516	10.00	26.50697	0	0.00	0.1327344	-14.13729	10.00	14.13499
22.47061
