-0.1328745	10.00	-50	-0.1328745	0.00	0	-28.27995	10.00	-28.27996
-0.8801208	10.00	-50	-0.7472463	0.00	0	-28.27345	10.00	-28.27276
-1.186818	10.00	-50	-0.3066975	0.00	0	-28.2673	10.00	-28.26586
-1.355521	10.00	-50	-0.1687028	0.00	0	-28.26	10.00	-28.25771
-1.519637	10.00	-50	-0.1641163	0.00	0	-28.25282	10.00	-28.24996
-1.646551	10.00	-50	-0.1269135	0.00	0	-28.24289	10.00	-28.24025
-1.783093	10.00	-50	-0.1365423	0.00	0	-28.23054	10.00	-28.22879
-1.915921	10.00	-50	-0.1328278	0.00	0	-28.21565	10.00	-28.21507
-2.047481	10.00	-50	-0.1315595	0.00	0	-28.19741	10.00	-28.19888
-2.180211	10.00	-50	-0.1327302	0.00	0	-28.17541	10.00	-28.18032
-2.311749	10.00	-50	-0.1315382	0.00	0	-28.14892	10.00	-28.15869
-2.430601	10.00	-50	-0.1188521	0.00	0	-28.1194	10.00	-28.13496
-2.51124	10.00	-50	-0.08063916	0.00	0	-28.08618	10.00	-28.10956
-2.518011	10.00	-50	-0.006770595	0.00	0	-28.04975	10.00	-28.0824
-2.518011	10.00	-50	0	0.00	0	-28.01245	10.00	-28.05546
-2.518011	10.00	-50	0	0.00	0	-27.97323	10.00	-28.02736
-2.518011	10.00	-50	0	0.00	0	-27.92625	10.00	-27.99312
-2.518011	10.00	-50	0	0.00	0	-27.88188	10.00	-27.96116
-2.518011	10.00	-50	0	0.00	0	-27.84346	10.00	-27.93322
-2.518011	10.00	-50	0	0.00	0	-27.80066	10.00	-27.90166
-2.518011	10.00	-50	0	0.00	0	-27.7547	10.00	-27.86711
-2.518011	10.00	-50	0	0.00	0	-27.70848	10.00	-27.83138
-2.518011	10.00	-50	0	0.00	0	-27.65933	10.00	-27.79315
-2.518011	10.00	-50	0	0.00	0	-27.61049	10.00	-27.75507
-2.518011	10.00	-50	0	0.00	0	-27.55896	10.00	-27.71387
-2.518011	10.00	-50	0	0.00	0	-27.5082	10.00	-27.67302
-2.518011	10.00	-49.97817	0	0.00	0.0218298	-27.45577	10.00	-27.63044
-2.518011	10.00	-49.89935	0	0.00	0.07881765	-27.4029	10.00	-27.58701
-2.518011	10.00	-49.77425	0	0.00	0.1250972	-27.3469	10.00	-27.54032
-2.518011	10.00	-49.63763	0	0.00	0.1366258	-27.29384	10.00	-27.49593
-2.518011	10.00	-49.50993	0	0.00	0.1276964	-27.23774	10.00	-27.44871
-2.518011	10.00	-49.37698	0	0.00	0.1329524	-27.18165	10.00	-27.40097
-2.518011	10.00	-49.24564	0	0.00	0.1313372	-27.12389	10.00	-27.35152
-2.518011	10.00	-49.11222	0	0.00	0.1334238	-27.06645	10.00	-27.30177
-2.518011	10.00	-48.98088	0	0.00	0.1313344	-27.00764	10.00	-27.2505
-2.518011	10.00	-48.84799	0	0.00	0.1328972	-26.9489	10.00	-27.19847
-2.518011	10.00	-48.71685	0	0.00	0.1311391	-26.88839	10.00	-27.14435
-2.518011	10.00	-48.583	0	0.00	0.1338499	-26.82847	10.00	-27.09012
-2.518011	10.00	-48.45181	0	0.00	0.1311957	-26.76765	10.00	-27.03481
-2.518011	10.00	-48.32003	0	0.00	0.1317732	-26.70588	10.00	-26.97844
-2.518011	10.00	-48.1875	0	0.00	0.1325348	-26.64367	10.00	-26.92142
-2.518011	10.00	-48.0549	0	0.00	0.1325928	-26.58153	10.00	-26.86413
-2.518011	10.00	-47.92362	0	0.00	0.1312848	-26.51855	10.00	-26.80576
-2.518011	10.00	-47.79142	0	0.00	0.1321922	-26.45495	10.00	-26.74669
-2.518011	10.00	-47.65931	0	0.00	0.1321144	-26.39071	10.00	-26.68665
-2.518011	10.00	-47.5265	0	0.00	0.1328052	-26.32681	10.00	-26.6265
-2.518011	10.00	-47.3951	0	0.00	0.1314009	-26.26187	10.00	-26.56491
-2.518011	10.00	-47.26217	0	0.00	0.1329354	-26.19689	10.00	-26.50273
-2.518011	10.00	-47.13014	0	0.00	0.132028	-26.13064	10.00	-26.43898
-2.518011	10.00	-46.99702	0	0.00	0.1331237	-26.06473	10.00	-26.37525
-2.518011	10.00	-46.86565	0	0.00	0.1313712	-25.99752	10.00	-26.31008
-2.518011	10.00	-46.73261	0	0.00	0.1330359	-25.93124	10.00	-26.24567
-2.518011	10.00	-46.60212	0	0.00	0.1304893	-25.86338	10.00	-26.17956
-2.518011	10.00	-46.4692	0	0.00	0.1329255	-25.79613	10.00	-26.11375
-2.518011	10.00	-46.33764	0	0.00	0.1315538	-25.72778	10.00	-26.0465
-2.518011	10.00	-46.20389	0	0.00	0.1337522	-25.66075	10.00	-25.98043
-2.518011	10.00	-46.07288	0	0.00	0.1310159	-25.59207	10.00	-25.91249
-2.518011	10.00	-45.9386	0	0.00	0.134276	-25.5256	10.00	-25.84661
-2.518011	10.00	-45.80867	0	0.00	0.1299316	-25.45724	10.00	-25.77888
-2.518011	10.00	-45.67559	0	0.00	0.1330798	-25.38989	10.00	-25.71178
-2.518011	10.00	-45.54427	0	0.00	0.1313174	-25.32142	10.00	-25.64357
-2.518011	10.00	-45.41109	0	0.00	0.1331803	-25.25385	10.00	-25.57624
-2.518011	10.00	-45.27993	0	0.00	0.1311574	-25.18471	10.00	-25.50732
-2.518011	10.00	-45.14587	0	0.00	0.1340622	-25.11744	10.00	-25.44025
-2.518011	10.00	-45.01554	0	0.00	0.1303322	-25.04836	10.00	-25.3712
-2.518011	10.00	-44.88188	0	0.00	0.133656	-24.98041	10.00	-25.30329
-2.518011	10.00	-44.75055	0	0.00	0.1313287	-24.91135	10.00	-25.23432
-2.518011	10.00	-44.61725	0	0.00	0.1333049	-24.84372	10.00	-25.16668
-2.518011	10.00	-44.48672	0	0.00	0.1305247	-24.77441	10.00	-25.09735
-2.518011	10.00	-44.35275	0	0.00	0.1339702	-24.70679	10.00	-25.02963
-2.518011	10.00	-44.22197	0	0.00	0.1307852	-24.63749	10.00	-24.9603
-2.518011	10.00	-44.08829	0	0.00	0.1336729	-24.58213	10.00	-24.90498
-2.518011	10.00	-43.9817	0	0.00	0.1065944	-24.50074	10.00	-24.82379
-2.518011	10.00	-43.82526	0	0.00	0.1564382	-24.45127	10.00	-24.77449
-2.518011	10.00	-43.73011	0	0.00	0.095148	-24.39868	10.00	-24.72213
-2.51926	10.00	-43.62891	-0.001249413	0.00	0.1012024	-24.32865	10.00	-24.6524
-2.553522	10.00	-43.49424	-0.03426196	0.00	0.1346681	-24.26034	10.00	-24.58431
-2.603543	10.00	-43.36271	-0.05002069	0.00	0.1315312	-24.19194	10.00	-24.5162
-2.663855	10.00	-43.23096	-0.06031189	0.00	0.1317548	-24.1237	10.00	-24.44822
-2.724003	10.00	-43.09956	-0.06014859	0.00	0.1313981	-24.05417	10.00	-24.37885
-2.78534	10.00	-42.96556	-0.06133701	0.00	0.1339943	-23.98517	10.00	-24.30999
-2.843646	10.00	-42.83257	-0.05830522	0.00	0.1329977	-23.91684	10.00	-24.2419
-2.901208	10.00	-42.70126	-0.05756238	0.00	0.1313033	-23.86061	10.00	-24.18579
-2.948673	10.00	-42.59299	-0.04746557	0.00	0.1082718	-23.79836	10.00	-24.12374
-3.001161	10.00	-42.47327	-0.05248729	0.00	0.1197267	-23.73673	10.00	-24.06215
-3.053224	10.00	-42.35451	-0.05206344	0.00	0.1187598	-23.6773	10.00	-24.00279
-3.103482	10.00	-42.23986	-0.05025755	0.00	0.1146405	-23.60861	10.00	-23.93417
-3.164227	10.00	-42.10717	-0.06074474	0.00	0.1327004	-23.54063	10.00	-23.86618
-3.225739	10.00	-41.97557	-0.06151222	0.00	0.1315935	-23.47133	10.00	-23.79701
-3.288395	10.00	-41.84153	-0.06265629	0.00	0.134041	-23.40338	10.00	-23.72933
-3.349834	10.00	-41.71009	-0.06143943	0.00	0.1314377	-23.34973	10.00	-23.67595
-3.398311	10.00	-41.60639	-0.04847674	0.00	0.1037066	-23.26695	10.00	-23.59344
-3.473089	10.00	-41.44641	-0.0747773	0.00	0.1599715	-23.21305	10.00	-23.53967
-3.521712	10.00	-41.3424	-0.04862364	0.00	0.1040208	-23.1637	10.00	-23.49044
-3.566122	10.00	-41.24739	-0.04440994	0.00	0.09500644	-23.09494	10.00	-23.42194
-3.627849	10.00	-41.11534	-0.0617266	0.00	0.1320521	-23.0266	10.00	-23.35384
-3.689245	10.00	-40.98399	-0.06139642	0.00	0.1313457	-22.95744	10.00	-23.28487
-3.75127	10.00	-40.8513	-0.06202437	0.00	0.1326891	-22.88861	10.00	-23.21621
-3.812913	10.00	-40.71943	-0.06164389	0.00	0.1318751	-22.81806	10.00	-23.14587
-3.876014	10.00	-40.58443	-0.06310029	0.00	0.1349908	-22.77033	10.00	-23.09827
-3.918666	10.00	-40.49319	-0.0426518	0.00	0.09124526	-22.71655	10.00	-23.04459
-3.966745	10.00	-40.39034	-0.04807906	0.00	0.1028558	-22.64682	10.00	-22.97505
-4.029116	10.00	-40.2569	-0.0623711	0.00	0.1334309	-22.57743	10.00	-22.90582
-4.091153	10.00	-40.12418	-0.06203761	0.00	0.1327174	-22.50872	10.00	-22.8372
-4.152603	10.00	-39.99273	-0.06145002	0.00	0.1314604	-22.43939	10.00	-22.76803
-4.214592	10.00	-39.86011	-0.0619893	0.00	0.1326141	-22.36969	10.00	-22.69839
-4.276931	10.00	-39.72675	-0.06233802	0.00	0.1333601	-22.31746	10.00	-22.64618
-4.323629	10.00	-39.62685	-0.04669809	0.00	0.09990151	-22.26685	10.00	-22.59562
-4.368851	10.00	-39.53011	-0.04522184	0.00	0.09674336	-22.19732	10.00	-22.52613
-4.423213	10.00	-39.3973	-0.05436185	0.00	0.1328024	-22.12844	10.00	-22.45726
-4.4758	10.00	-39.26572	-0.0525877	0.00	0.1315807	-22.05843	10.00	-22.38725
-4.524044	10.00	-39.13206	-0.04824345	0.00	0.1336644	-21.9901	10.00	-22.31888
-4.561062	10.00	-39.00146	-0.03701863	0.00	0.1305926	-21.91952	10.00	-22.24832
-4.587563	10.00	-38.86648	-0.02650036	0.00	0.1349852	-21.87198	10.00	-22.20073
-4.600146	10.00	-38.77544	-0.01258384	0.00	0.09104	-21.81743	10.00	-22.14612
-4.611545	10.00	-38.67104	-0.01139831	0.00	0.1044045	-21.74803	10.00	-22.07679
-4.620888	10.00	-38.5384	-0.009343029	0.00	0.1326325	-21.67804	10.00	-22.00688
-4.621244	10.00	-38.40455	-0.0003564193	0.00	0.1338513	-21.61032	10.00	-21.93929
-4.621244	10.00	-38.27536	0	0.00	0.1291926	-21.53783	10.00	-21.86699
-4.621244	10.00	-38.13712	0	0.00	0.1382367	-21.48488	10.00	-21.8141
-4.621244	10.00	-38.03601	0	0.00	0.1011132	-21.40138	10.00	-21.73077
-4.621244	10.00	-37.8768	0	0.00	0.1592099	-21.35329	10.00	-21.6828
-4.621244	10.00	-37.78504	0	0.00	0.09176336	-21.29788	10.00	-21.62672
-4.621244	10.00	-37.67946	0	0.00	0.105578	-21.22847	10.00	-21.55717
-4.621244	10.00	-37.54729	0	0.00	0.132171	-21.1587	10.00	-21.48743
-4.621244	10.00	-37.41424	0	0.00	0.1330501	-21.08969	10.00	-21.41857
-4.621244	10.00	-37.28263	0	0.00	0.1316048	-21.01952	10.00	-21.34849
-4.621244	10.00	-37.1487	0	0.00	0.1339263	-20.95118	10.00	-21.28039
-4.621244	10.00	-37.0182	0	0.00	0.1305049	-20.88949	10.00	-21.21886
-4.621244	10.00	-36.90035	0	0.00	0.117851	-20.8129	10.00	-21.14204
-4.621244	10.00	-36.75418	0	0.00	0.1461739	-20.76552	10.00	-21.0946
-4.621244	10.00	-36.66366	0	0.00	0.09051766	-20.70925	10.00	-21.0385
-4.621244	10.00	-36.55609	0	0.00	0.1075669	-20.63952	10.00	-20.96889
-4.621244	10.00	-36.42268	0	0.00	0.133411	-20.57082	10.00	-20.90034
-4.621244	10.00	-36.29117	0	0.00	0.1315085	-20.50156	10.00	-20.83102
-4.621244	10.00	-36.15861	0	0.00	0.1325617	-20.43229	10.00	-20.76164
-4.621598	10.00	-36.02559	-0.000354218	0.00	0.1330246	-20.37815	10.00	-20.70748
-4.621875	10.00	-35.92173	-0.0002765344	0.00	0.103851	-20.32987	10.00	-20.65914
-4.622122	10.00	-35.82895	-0.0002470653	0.00	0.09278399	-20.26058	10.00	-20.5898
-4.622477	10.00	-35.6958	-0.0003545384	0.00	0.1331449	-20.19202	10.00	-20.52132
-4.622827	10.00	-35.5641	-0.0003507162	0.00	0.1317095	-20.12326	10.00	-20.45282
-4.623178	10.00	-35.4321	-0.0003514814	0.00	0.1319969	-20.0543	10.00	-20.38406
-4.623531	10.00	-35.29965	-0.0003526801	0.00	0.132447	-19.96202	10.00	-20.29181
-4.624004	10.00	-35.12217	-0.0004725922	0.00	0.1774794	-19.85062	10.00	-20.18031
-4.632895	10.00	-34.90738	-0.00889108	0.00	0.2147897	-19.75082	10.00	-20.08069
-4.655749	10.00	-34.7151	-0.02285399	0.00	0.1922807	-19.64495	10.00	-19.97455
-4.695913	10.00	-34.51052	-0.0401642	0.00	0.2045848	-19.53613	10.00	-19.86543
-4.745494	10.00	-34.29958	-0.04958107	0.00	0.2109365	-19.43525	10.00	-19.7643
-4.791534	10.00	-34.10371	-0.04603944	0.00	0.1958691	-19.32763	10.00	-19.6562
-4.848696	10.00	-33.89493	-0.05716226	0.00	0.2087863	-19.20861	10.00	-19.53684
-4.918674	10.00	-33.66385	-0.06997854	0.00	0.2310802	-19.09282	10.00	-19.42081
-4.997445	10.00	-33.43959	-0.07877056	0.00	0.2242599	-18.965	10.00	-19.29256
-5.093935	10.00	-33.19216	-0.09648961	0.00	0.247423	-18.84911	10.00	-19.17645
-5.196408	10.00	-32.9683	-0.1024735	0.00	0.2238593	-18.74569	10.00	-19.07275
-5.289684	10.00	-32.76876	-0.09327576	0.00	0.1995454	-18.65174	10.00	-18.97873
-5.374238	10.00	-32.58787	-0.0845539	0.00	0.1808867	-18.55939	10.00	-18.88642
-5.45733	10.00	-32.41011	-0.08309221	0.00	0.1777597	-18.46474	10.00	-18.79165
-5.542549	10.00	-32.2278	-0.08521891	0.00	0.1823093	-18.37976	10.00	-18.70666
-5.619054	10.00	-32.06414	-0.07650499	0.00	0.1636676	-18.29406	10.00	-18.62076
-5.696341	10.00	-31.8988	-0.07728646	0.00	0.1653394	-18.20708	10.00	-18.53336
-5.77504	10.00	-31.73043	-0.07869919	0.00	0.1683616	-18.11407	10.00	-18.4401
-5.855653	10.00	-31.55052	-0.08061323	0.00	0.1799099	-18.0182	10.00	-18.34369
-5.97818	10.00	-31.36518	-0.1225272	0.00	0.1853387	-17.93584	10.00	-18.26079
-6.111186	10.00	-31.20597	-0.1330061	0.00	0.1592142	-17.84952	10.00	-18.17407
-6.274605	10.00	-31.05546	-0.1634187	0.00	0.1505098	-17.75484	10.00	-18.07918
-6.457286	10.00	-30.91877	-0.1826816	0.00	0.1366906	-17.66256	10.00	-17.9864
-6.635441	10.00	-30.79237	-0.1781546	0.00	0.1264031	-17.57803	10.00	-17.90147
-6.798234	10.00	-30.69263	-0.1627928	0.00	0.09974062	-17.48321	10.00	-17.80636
-6.980204	10.00	-30.60228	-0.1819696	0.00	0.09034608	-17.38858	10.00	-17.71161
-7.161522	10.00	-30.52455	-0.1813184	0.00	0.07773298	-17.29559	10.00	-17.61838
-7.339612	10.00	-30.4551	-0.1780895	0.00	0.06945103	-17.19965	10.00	-17.52192
-7.523531	10.00	-30.39228	-0.1839202	0.00	0.06282049	-17.11005	10.00	-17.4321
-7.695077	10.00	-30.34199	-0.1715453	0.00	0.05028839	-17.01189	10.00	-17.33368
-7.883231	10.00	-30.30141	-0.1881542	0.00	0.04058229	-16.92162	10.00	-17.24308
-8.056315	10.00	-30.26743	-0.173084	0.00	0.03397994	-16.83134	10.00	-17.15255
-8.229362	10.00	-30.23848	-0.1730472	0.00	0.02894593	-16.72577	10.00	-17.04692
-8.431395	10.00	-30.20469	-0.2020326	0.00	0.03379436	-16.62093	10.00	-16.94198
-8.632315	10.00	-30.17108	-0.2009199	0.00	0.03360825	-16.50721	10.00	-16.82875
-8.84946	10.00	-30.13476	-0.2171452	0.00	0.03632229	-16.38866	10.00	-16.7101
-9.076689	10.00	-30.09675	-0.2272284	0.00	0.03800892	-16.30068	10.00	-16.62387
-9.242679	10.00	-30.06898	-0.1659905	0.00	0.02776555	-16.22076	10.00	-16.54479
-9.394374	10.00	-30.04361	-0.1516946	0.00	0.02537424	-16.1372	10.00	-16.46106
-9.553676	10.00	-30.01696	-0.159302	0.00	0.02664674	-16.05639	10.00	-16.38047
-9.707574	10.00	-29.99122	-0.1538987	0.00	0.02574292	-15.97834	10.00	-16.30247
-9.856636	10.00	-29.96628	-0.1490617	0.00	0.02493382	-15.89483	10.00	-16.21912
-10.01613	10.00	-29.9396	-0.1594945	0.00	0.02667894	-15.80933	10.00	-16.13372
-10.17964	10.00	-29.91225	-0.1635105	0.00	0.0273507	-15.72494	10.00	-16.04862
-10.34087	10.00	-29.88528	-0.1612271	0.00	0.02696876	-15.64474	10.00	-15.96809
-10.49465	10.00	-29.85956	-0.153784	0.00	0.02572374	-15.55997	10.00	-15.88317
-10.65761	10.00	-29.8323	-0.1629527	0.00	0.02725741	-15.48028	10.00	-15.80335
-10.81089	10.00	-29.80666	-0.1532886	0.00	0.02564087	-15.39848	10.00	-15.7216
-10.96848	10.00	-29.7803	-0.1575863	0.00	0.02635975	-15.31649	10.00	-15.63946
-11.12726	10.00	-29.74606	-0.1587782	0.00	0.03424628	-15.2348	10.00	-15.55762
-11.28539	10.00	-29.70736	-0.1581327	0.00	0.0387006	-15.14963	10.00	-15.4723
-11.45062	10.00	-29.66212	-0.1652304	0.00	0.04523737	-15.07203	10.00	-15.39454
-11.60159	10.00	-29.61933	-0.1509642	0.00	0.04279329	-14.99426	10.00	-15.31672
-11.7531	10.00	-29.57638	-0.1515149	0.00	0.04294939	-14.91011	10.00	-15.23255
-11.91718	10.00	-29.52987	-0.1640809	0.00	0.04651145	-14.83175	10.00	-15.15407
-12.07048	10.00	-29.48641	-0.1533027	0.00	0.04345619	-14.74837	10.00	-15.07111
-12.23354	10.00	-29.44019	-0.1630589	0.00	0.04622173	-14.6661	10.00	-14.98945
-12.39491	10.00	-29.39445	-0.161363	0.00	0.04574101	-14.58071	10.00	-14.90438
-12.56283	10.00	-29.34359	-0.1679256	0.00	0.0508533	-14.49995	10.00	-14.82382
-12.72192	10.00	-29.29387	-0.1590868	0.00	0.04971703	-14.42008	10.00	-14.74388
-12.8796	10.00	-29.24154	-0.1576854	0.00	0.05233276	-14.33304	10.00	-14.65642
-13.05156	10.00	-29.18114	-0.1719558	0.00	0.0603989	-14.24545	10.00	-14.56848
-13.22418	10.00	-29.11717	-0.1726211	0.00	0.06397554	-14.13905	10.00	-14.46208
-13.43414	10.00	-29.03122	-0.2099555	0.00	0.08594405	-14.03888	10.00	-14.36195
-13.63087	10.00	-28.94498	-0.1967326	0.00	0.08624615	-13.94441	10.00	-14.26729
-13.81671	10.00	-28.85631	-0.1858369	0.00	0.0886673	-13.86083	10.00	-14.18339
-13.98118	10.00	-28.76987	-0.1644731	0.00	0.08643694	-13.78507	10.00	-14.10761
-14.12997	10.00	-28.68159	-0.1487871	0.00	0.08827816	-13.70989	10.00	-14.0324
-14.27771	10.00	-28.58249	-0.1477452	0.00	0.09910479	-13.63586	10.00	-13.95848
-14.42325	10.00	-28.48487	-0.1455411	0.00	0.09762636	-13.55361	10.00	-13.87642
-14.57748	10.00	-28.3479	-0.1542243	0.00	0.1369618	-13.47598	10.00	-13.79885
-14.73084	10.00	-28.199	-0.1533608	0.00	0.1489058	-13.40127	10.00	-13.72438
-14.87827	10.00	-28.05156	-0.147438	0.00	0.147438	-13.32518	10.00	-13.64846
-15.02553	10.00	-27.9014	-0.1472522	0.00	0.1501601	-13.25105	10.00	-13.57444
-15.1632	10.00	-27.75523	-0.1376736	0.00	0.1461654	-13.17495	10.00	-13.49853
-15.29096	10.00	-27.60576	-0.1277611	0.00	0.1494708	-13.09808	10.00	-13.42185
-15.41551	10.00	-27.45492	-0.1245518	0.00	0.1508425	-13.01751	10.00	-13.34138
-15.54015	10.00	-27.29655	-0.1246339	0.00	0.1583705	-12.93931	10.00	-13.26326
-15.66127	10.00	-27.14264	-0.1211202	0.00	0.1539058	-12.86295	10.00	-13.18667
-15.77981	10.00	-26.99202	-0.1185379	0.00	0.1506245	-12.78429	10.00	-13.10784
-15.90222	10.00	-26.83647	-0.1224125	0.00	0.1555478	-12.71234	10.00	-13.03562
-16.01445	10.00	-26.69386	-0.1122281	0.00	0.1426066	-12.6363	10.00	-12.95925
-16.13321	10.00	-26.54295	-0.1187685	0.00	0.1509175	-12.56277	10.00	-12.88518
-16.24841	10.00	-26.39657	-0.1151958	0.00	0.1463777	-12.48332	10.00	-12.80528
-16.37271	10.00	-26.23863	-0.1242941	0.00	0.1579387	-12.41213	10.00	-12.73357
-16.487	10.00	-26.09688	-0.1142981	0.00	0.1417488	-12.33393	10.00	-12.6551
-16.61358	10.00	-25.94176	-0.126581	0.00	0.1551189	-12.25529	10.00	-12.57633
-16.74077	10.00	-25.7859	-0.1271862	0.00	0.1558607	-12.17047	10.00	-12.49073
-16.87864	10.00	-25.61695	-0.1378656	0.00	0.1689477	-12.09645	10.00	-12.41622
-16.99595	10.00	-25.46969	-0.1173169	0.00	0.1472611	-12.01553	10.00	-12.33504
-17.11617	10.00	-25.30902	-0.1202233	0.00	0.1606736	-11.93876	10.00	-12.25754
-17.23057	10.00	-25.15613	-0.1143966	0.00	0.1528866	-11.85346	10.00	-12.17142
-17.3578	10.00	-24.9861	-0.1272267	0.00	0.1700334	-11.76222	10.00	-12.07936
-17.49358	10.00	-24.80464	-0.1357765	0.00	0.18146	-11.66989	10.00	-11.98667
-17.62934	10.00	-24.62319	-0.135767	0.00	0.1814472	-11.59142	10.00	-11.90779
-17.74448	10.00	-24.46931	-0.115138	0.00	0.1538775	-11.51441	10.00	-11.83057
-17.85706	10.00	-24.31885	-0.1125822	0.00	0.1504617	-11.42841	10.00	-11.74492
-17.97531	10.00	-24.1522	-0.1182456	0.00	0.1666573	-11.35016	10.00	-11.66691
-18.08268	10.00	-24.00086	-0.1073743	0.00	0.1513351	-11.27266	10.00	-11.58952
-18.16558	10.00	-23.85139	-0.08289224	0.00	0.1494665	-11.19077	10.00	-11.50756
-18.24715	10.00	-23.69325	-0.08157949	0.00	0.158144	-11.11075	10.00	-11.42756
-18.32662	10.00	-23.5392	-0.07946619	0.00	0.1540473	-11.03138	10.00	-11.34818
-18.40553	10.00	-23.38624	-0.07890538	0.00	0.1529602	-10.95249	10.00	-11.26917
-18.4487	10.00	-23.23392	-0.0431769	0.00	0.1523175	-10.87037	10.00	-11.18709
-18.4487	10.00	-23.07539	0	0.00	0.1585404	-10.79492	10.00	-11.11144
-18.4487	10.00	-22.92951	0	0.00	0.1458794	-10.71572	10.00	-11.032
-18.4487	10.00	-22.776	0	0.00	0.1535023	-10.63717	10.00	-10.95021
-18.4487	10.00	-22.62215	0	0.00	0.1538506	-10.55962	10.00	-10.87227
-18.4487	10.00	-22.47138	0	0.00	0.1507717	-10.48274	10.00	-10.79496
-18.4487	10.00	-22.32185	0	0.00	0.1495316	-10.40665	10.00	-10.7186
-18.4487	10.00	-22.17364	0	0.00	0.1482109	-10.32725	10.00	-10.63898
-18.4487	10.00	-22.01881	0	0.00	0.1548287	-10.24793	10.00	-10.55931
-18.4487	10.00	-21.86403	0	0.00	0.1547806	-10.1734	10.00	-10.48442
-18.4487	10.00	-21.71857	0	0.00	0.1454562	-10.08789	10.00	-10.39976
-18.4487	10.00	-21.55326	0	0.00	0.1653139	-10.00301	10.00	-10.31506
-18.4487	10.00	-21.38876	0	0.00	0.1645014	-9.924628	10.00	-10.23692
-18.4487	10.00	-21.23707	0	0.00	0.1516833	-9.844211	10.00	-10.15643
-18.4487	10.00	-21.08106	0	0.00	0.1560121	-9.766079	10.00	-10.0781
-18.4487	10.00	-20.92893	0	0.00	0.1521335	-9.684429	10.00	-9.995936
-18.4487	10.00	-20.76944	0	0.00	0.1594888	-9.6068	10.00	-9.917726
-18.4487	10.00	-20.61743	0	0.00	0.1520061	-9.516528	10.00	-9.826391
-18.4487	10.00	-20.44001	0	0.00	0.1774256	-9.428071	10.00	-9.736517
-18.4487	10.00	-20.26576	0	0.00	0.174249	-9.332341	10.00	-9.639578
-18.4487	10.00	-20.07775	0	0.00	0.1880042	-9.255466	10.00	-9.561682
-18.4487	10.00	-19.92675	0	0.00	0.1510095	-9.184501	10.00	-9.489874
-18.4487	10.00	-19.78713	0	0.00	0.1396155	-9.110196	10.00	-9.4148
-18.4487	10.00	-19.64117	0	0.00	0.1459601	-9.039769	10.00	-9.343753
-18.4487	10.00	-19.503	0	0.00	0.1381716	-8.972085	10.00	-9.275341
-18.4487	10.00	-19.37024	0	0.00	0.1327599	-8.902421	10.00	-9.204764
-18.44304	10.00	-19.23336	0.005665966	0.00	0.1368778	-8.831583	10.00	-9.133151
-18.42249	10.00	-19.09447	0.02054321	0.00	0.1388936	-8.757648	10.00	-9.058204
-18.40524	10.00	-18.94932	0.01725221	0.00	0.1451504	-8.689276	10.00	-8.98918
-18.38544	10.00	-18.81542	0.01980475	0.00	0.1339008	-8.616556	10.00	-8.915826
-18.35883	10.00	-18.67287	0.02660519	0.00	0.14255	-8.548337	10.00	-8.847213
-18.32872	10.00	-18.53925	0.03011204	0.00	0.1336121	-8.469951	10.00	-8.768209
-18.29251	10.00	-18.38518	0.03621479	0.00	0.1540714	-8.399424	10.00	-8.697106
-18.25994	10.00	-18.24663	0.03256603	0.00	0.1385482	-8.328428	10.00	-8.625533
-18.22711	10.00	-18.10696	0.03283122	0.00	0.1396764	-8.255564	10.00	-8.552201
-18.19201	10.00	-17.96355	0.03509691	0.00	0.1434079	-8.184016	10.00	-8.480209
-18.15759	10.00	-17.8229	0.03442239	0.00	0.1406517	-8.113445	10.00	-8.409156
-18.12368	10.00	-17.68434	0.03391001	0.00	0.1385581	-8.042991	10.00	-8.338151
-18.08576	10.00	-17.54584	0.03791943	0.00	0.1385015	-7.965468	10.00	-8.260062
-18.04261	10.00	-17.39362	0.04314801	0.00	0.1522156	-7.889446	10.00	-8.183454
-18.00036	10.00	-17.24459	0.04224757	0.00	0.149039	-7.817323	10.00	-8.110766
-17.96037	10.00	-17.10348	0.03999846	0.00	0.1411047	-7.746472	10.00	-8.039486
-17.92121	10.00	-16.96535	0.03915579	0.00	0.138132	-7.675951	10.00	-7.968432
-17.8823	10.00	-16.8281	0.0389054	0.00	0.1372487	-7.605256	10.00	-7.897232
-17.84337	10.00	-16.69076	0.03893149	0.00	0.1373407	-7.533317	10.00	-7.824904
-17.8038	10.00	-16.55116	0.03957111	0.00	0.1395971	-7.457286	10.00	-7.748432
-17.76206	10.00	-16.4039	0.04174438	0.00	0.1472639	-7.38492	10.00	-7.675686
-17.72243	10.00	-16.2641	0.03962929	0.00	0.1398024	-7.31407	10.00	-7.604381
-17.68362	10.00	-16.12719	0.03880709	0.00	0.1369019	-7.244136	10.00	-7.533899
-17.64529	10.00	-15.99196	0.03833319	0.00	0.1352301	-7.158016	10.00	-7.446947
-17.59807	10.00	-15.82539	0.04721848	0.00	0.1665752	-7.070942	10.00	-7.35915
-17.55034	10.00	-15.65703	0.04772408	0.00	0.1683588	-6.989608	10.00	-7.277085
-17.50571	10.00	-15.49958	0.0446303	0.00	0.1574447	-6.915875	10.00	-7.202555
-17.46512	10.00	-15.35639	0.04059153	0.00	0.1431969	-6.841757	10.00	-7.127632
-17.42435	10.00	-15.21255	0.04077331	0.00	0.1438382	-6.770876	10.00	-7.056016
-17.38536	10.00	-15.07502	0.03898405	0.00	0.1375261	-6.699343	10.00	-6.983656
-17.34606	10.00	-14.94308	0.03930467	0.00	0.1319442	-6.623798	10.00	-6.907241
-17.30457	10.00	-14.80522	0.04148796	0.00	0.1378562	-6.552454	10.00	-6.835204
-17.26549	10.00	-14.67534	0.03908718	0.00	0.1298789	-6.482106	10.00	-6.764209
-17.22695	10.00	-14.54729	0.03853824	0.00	0.1280549	-6.414286	10.00	-6.696053
-17.18993	10.00	-14.4243	0.03701302	0.00	0.1229869	-6.34381	10.00	-6.625037
-17.15138	10.00	-14.29621	0.03854867	0.00	0.1280896	-6.272134	10.00	-6.552735
-17.11206	10.00	-14.16555	0.03932272	0.00	0.1306616	-6.192387	10.00	-6.472203
-17.06824	10.00	-14.01993	0.04382335	0.00	0.1456163	-6.119144	10.00	-6.398129
-17.02385	10.00	-13.88891	0.04438535	0.00	0.1310245	-6.046019	10.00	-6.324305
-16.97553	10.00	-13.76523	0.04832681	0.00	0.1236769	-5.97536	10.00	-6.253106
-16.9289	10.00	-13.64591	0.04662727	0.00	0.1193275	-5.902259	10.00	-6.179352
-16.88066	10.00	-13.52246	0.04823736	0.00	0.123448	-5.826255	10.00	-6.102674
-16.8248	10.00	-13.41112	0.05586326	0.00	0.1113354	-5.74781	10.00	-6.023473
-16.76706	10.00	-13.3034	0.05774098	0.00	0.1077268	-5.674372	10.00	-5.948646
-16.71319	10.00	-13.20289	0.05387142	0.00	0.1005074	-5.600315	10.00	-5.873878
-16.65755	10.00	-13.10166	0.05563943	0.00	0.1012285	-5.526237	10.00	-5.799434
-16.60039	10.00	-13.00019	0.05715953	0.00	0.1014746	-5.457943	10.00	-5.730816
-16.54515	10.00	-12.91047	0.05524322	0.00	0.08971038	-5.386791	10.00	-5.657643
-16.48679	10.00	-12.81572	0.058352	0.00	0.09475879	-5.315423	10.00	-5.584808
-16.42848	10.00	-12.72101	0.058317	0.00	0.09470195	-5.236907	10.00	-5.505035
-16.36306	10.00	-12.62162	0.06541349	0.00	0.09939452	-5.167033	10.00	-5.434338
-16.28907	10.00	-12.54237	0.07398983	0.00	0.07924899	-5.096675	10.00	-5.363528
-16.21076	10.00	-12.46274	0.07831363	0.00	0.07963482	-5.022729	10.00	-5.289086
-16.12976	10.00	-12.37896	0.08099347	0.00	0.08377316	-4.947778	10.00	-5.213768
-16.04755	10.00	-12.29393	0.08221318	0.00	0.08503474	-4.873767	10.00	-5.140526
-15.96685	10.00	-12.21046	0.08070032	0.00	0.08346995	-4.791129	10.00	-5.058217
-15.87644	10.00	-12.11695	0.09040774	0.00	0.09351053	-4.710331	10.00	-4.977635
-15.78801	10.00	-12.02548	0.08843639	0.00	0.09147152	-4.625961	10.00	-4.893449
-15.69571	10.00	-11.93001	0.09229523	0.00	0.0954628	-4.550724	10.00	-4.818219
-15.61338	10.00	-11.84485	0.08233699	0.00	0.0851628	-4.4791	10.00	-4.746534
-15.53504	10.00	-11.76382	0.07833996	0.00	0.08102858	-4.40853	10.00	-4.675787
-15.45914	10.00	-11.68395	0.07589655	0.00	0.07987192	-4.335681	10.00	-4.602819
-15.38074	10.00	-11.60145	0.0783954	0.00	0.08250166	-4.265378	10.00	-4.532244
-15.30634	10.00	-11.52176	0.07439864	0.00	0.07968687	-4.194602	10.00	-4.461149
-15.23132	10.00	-11.4414	0.07502653	0.00	0.08035938	-4.125483	10.00	-4.391647
-15.15815	10.00	-11.36303	0.07316757	0.00	0.07836828	-4.044069	10.00	-4.309784
-15.07512	10.00	-11.27083	0.08302746	0.00	0.09220599	-3.973329	10.00	-4.238686
-15.00433	10.00	-11.19073	0.07079102	0.00	0.08009252	-3.902611	10.00	-4.167582
-14.9336	10.00	-11.11071	0.07073407	0.00	0.08002808	-3.832257	10.00	-4.096851
-14.86593	10.00	-11.03116	0.0676717	0.00	0.07954971	-3.76191	10.00	-4.026087
-14.8009	10.00	-10.95161	0.06502876	0.00	0.07954558	-3.686191	10.00	-3.950089
-14.73233	10.00	-10.866	0.06856328	0.00	0.08560646	-3.60949	10.00	-3.872967
-14.66425	10.00	-10.7792	0.0680839	0.00	0.08680607	-3.533074	10.00	-3.796224
-14.59935	10.00	-10.68277	0.06489763	0.00	0.09643263	-3.460677	10.00	-3.723432
-14.54876	10.00	-10.5711	0.05059216	0.00	0.1116692	-3.390332	10.00	-3.652813
-14.49972	10.00	-10.45758	0.04904508	0.00	0.1135175	-3.318345	10.00	-3.580614
-14.44956	10.00	-10.33745	0.05015685	0.00	0.1201275	-3.246071	10.00	-3.507964
-14.40047	10.00	-10.21663	0.04909319	0.00	0.1208213	-3.171726	10.00	-3.433141
-14.35409	10.00	-10.08246	0.04637129	0.00	0.1341667	-3.101686	10.00	-3.362741
-14.31305	10.00	-9.953493	0.04104377	0.00	0.1289712	-3.020448	10.00	-3.281299
-14.26705	10.00	-9.802666	0.0459963	0.00	0.1508268	-2.946448	10.00	-3.207503
-14.22657	10.00	-9.662623	0.04048118	0.00	0.1400421	-2.871974	10.00	-3.133132
-14.18578	10.00	-9.520125	0.04078855	0.00	0.1424987	-2.799019	10.00	-3.060292
-14.14583	10.00	-9.38055	0.03995151	0.00	0.1395744	-2.727829	10.00	-2.98922
-14.10681	10.00	-9.244237	0.03901816	0.00	0.1363136	-2.654901	10.00	-2.916102
-14.06671	10.00	-9.104138	0.04010158	0.00	0.1400987	-2.576961	10.00	-2.838313
-14.024	10.00	-8.954913	0.04271384	0.00	0.1492249	-2.498082	10.00	-2.759436
-13.98062	10.00	-8.803371	0.04337714	0.00	0.1515422	-2.420044	10.00	-2.681572
-13.93775	10.00	-8.653603	0.04286953	0.00	0.1497688	-2.338644	10.00	-2.600344
-13.89289	10.00	-8.496887	0.04485782	0.00	0.1567151	-2.264678	10.00	-2.52598
-13.85182	10.00	-8.353402	0.04107105	0.00	0.1434856	-2.190472	10.00	-2.451596
-13.80068	10.00	-8.223312	0.05114073	0.00	0.1300899	-2.121656	10.00	-2.382324
-13.74922	10.00	-8.119435	0.05146343	0.00	0.1038769	-2.051411	10.00	-2.311893
-13.69417	10.00	-8.02037	0.05505097	0.00	0.09906507	-1.984489	10.00	-2.244667
-13.64174	10.00	-7.927301	0.05242475	0.00	0.09306902	-1.914858	10.00	-2.17469
-13.5834	10.00	-7.830744	0.05834283	0.00	0.0965572	-1.840573	10.00	-2.100145
-13.52119	10.00	-7.72778	0.06221406	0.00	0.1029641	-1.763536	10.00	-2.022806
-13.45678	10.00	-7.625557	0.06440304	0.00	0.102223	-1.693335	10.00	-1.952664
-13.39848	10.00	-7.533019	0.05830095	0.00	0.09253753	-1.622283	10.00	-1.881662
-13.33949	10.00	-7.439388	0.05898975	0.00	0.09363081	-1.54421	10.00	-1.803564
-13.27474	10.00	-7.336603	0.06475746	0.00	0.1027856	-1.473006	10.00	-1.732159
-13.18483	10.00	-7.258729	0.08990119	0.00	0.07787428	-1.400364	10.00	-1.659341
-13.09295	10.00	-7.185963	0.09188745	0.00	0.07276557	-1.319448	10.00	-1.578314
-12.98903	10.00	-7.114007	0.103919	0.00	0.07195566	-1.250569	10.00	-1.509091
-12.89911	10.00	-7.052647	0.08991607	0.00	0.06136099	-1.180668	10.00	-1.438824
-12.80776	10.00	-6.990304	0.09135462	0.00	0.0623427	-1.10633	10.00	-1.364016
-12.71044	10.00	-6.929511	0.09731775	0.00	0.06079287	-1.037526	10.00	-1.294851
-12.62172	10.00	-6.873278	0.08871917	0.00	0.05623322	-0.9651409	10.00	-1.221866
-12.52828	10.00	-6.816786	0.09344514	0.00	0.05649137	-0.8952089	10.00	-1.151597
-12.44226	10.00	-6.763712	0.08601889	0.00	0.05307409	-0.8212323	10.00	-1.077181
-12.35125	10.00	-6.707562	0.09100424	0.00	0.05615008	-0.7437423	10.00	-0.9991512
-12.25581	10.00	-6.648675	0.09544025	0.00	0.05888711	-0.6723228	10.00	-0.9272801
-12.17056	10.00	-6.59441	0.08525407	0.00	0.05426484	-0.6023141	10.00	-0.8565655
-12.08685	10.00	-6.541132	0.08370334	0.00	0.05327779	-0.5300239	10.00	-0.7835398
-12.00035	10.00	-6.486073	0.08650299	0.00	0.05505979	-0.4587871	10.00	-0.7113815
-11.91494	10.00	-6.431711	0.08540671	0.00	0.054362	-0.3891312	10.00	-0.6405338
-11.8311	10.00	-6.378343	0.08384383	0.00	0.05336722	-0.3223902	10.00	-0.5727656
-11.75086	10.00	-6.327271	0.08023933	0.00	0.05107293	-0.2431067	10.00	-0.4924466
-11.65593	10.00	-6.266847	0.0949297	0.00	0.06042345	-0.1546927	10.00	-0.4030105
-11.55206	10.00	-6.199669	0.1038732	0.00	0.06717771	-0.06753773	10.00	-0.3148787
-11.44983	10.00	-6.133558	0.102224	0.00	0.06611116	0.01409481	10.00	-0.2325888
-11.35413	10.00	-6.071666	0.09570084	0.00	0.06189244	0.08415969	10.00	-0.1618442
-11.27191	10.00	-6.018492	0.08222	0.00	0.053174	0.1513252	10.00	-0.09395551
-11.19322	10.00	-5.967596	0.07869723	0.00	0.05089572	0.2144069	10.00	-0.03011096
-11.11935	10.00	-5.919824	0.07386757	0.00	0.04777225	0.2797914	10.00	0.03599169
-11.04299	10.00	-5.870442	0.07635581	0.00	0.04938146	0.3434612	10.00	0.1001479
-10.96884	10.00	-5.822488	0.07414927	0.00	0.04795443	0.4096561	10.00	0.1669531
-10.89184	10.00	-5.772684	0.07700881	0.00	0.04980377	0.4775024	10.00	0.2356698
-10.81269	10.00	-5.7215	0.07914279	0.00	0.05118388	0.5456809	10.00	0.3046315
-10.73318	10.00	-5.670074	0.07951752	0.00	0.05142623	0.6162239	10.00	0.3762366
-10.65064	10.00	-5.616697	0.08253328	0.00	0.0533766	0.6817237	10.00	0.4426943
-10.57383	10.00	-5.567023	0.07680821	0.00	0.04967404	0.7500403	10.00	0.5119182
-10.49377	10.00	-5.515243	0.08006553	0.00	0.05178064	0.8185865	10.00	0.5813018
-10.4135	10.00	-5.463331	0.08026783	0.00	0.05191148	0.885115	10.00	0.6487678
-10.33545	10.00	-5.412854	0.07804934	0.00	0.05047671	0.9545392	10.00	0.7192106
-10.25388	10.00	-5.360097	0.08157554	0.00	0.05275721	1.021826	10.00	0.7875153
-10.17484	10.00	-5.308982	0.07903696	0.00	0.05111543	1.090178	10.00	0.8568462
-10.09459	10.00	-5.257083	0.08024734	0.00	0.05189823	1.157727	10.00	0.9255475
-10.01525	10.00	-5.20577	0.07934254	0.00	0.05131306	1.225466	10.00	0.9944474
-9.935871	10.00	-5.154435	0.07937754	0.00	0.0513357	1.295177	10.00	1.064934
-9.854431	10.00	-5.101765	0.08143982	0.00	0.05266944	1.363114	10.00	1.133867
-9.777351	10.00	-5.042589	0.07707944	0.00	0.05917629	1.429797	10.00	1.201593
-9.706703	10.00	-4.970685	0.07064833	0.00	0.07190374	1.49846	10.00	1.271439
-9.634032	10.00	-4.89414	0.07267082	0.00	0.07654487	1.565378	10.00	1.339524
-9.563162	10.00	-4.819492	0.07087047	0.00	0.07464855	1.633226	10.00	1.408413
-9.491397	10.00	-4.743901	0.07176524	0.00	0.07559103	1.701997	10.00	1.478023
-9.418656	10.00	-4.667283	0.07274023	0.00	0.07661799	1.770237	10.00	1.547175
-9.346459	10.00	-4.591237	0.0721972	0.00	0.07604601	1.838258	10.00	1.616077
-9.278251	10.00	-4.515346	0.06820892	0.00	0.07589083	1.906579	10.00	1.685258
-9.209826	10.00	-4.439216	0.06842434	0.00	0.07613051	1.974142	10.00	1.753754
-9.142118	10.00	-4.363883	0.06770725	0.00	0.07533266	2.042407	10.00	1.823081
-9.073742	10.00	-4.287805	0.06837687	0.00	0.0760777	2.113852	10.00	1.896333
-9.00173	10.00	-4.207683	0.07201197	0.00	0.0801222	2.187167	10.00	1.970858
-8.928313	10.00	-4.125998	0.07341695	0.00	0.0816854	2.261214	10.00	2.04547
-8.854319	10.00	-4.04367	0.07399455	0.00	0.08232807	2.326592	10.00	2.111655
-8.78874	10.00	-3.970705	0.06557862	0.00	0.0729643	2.391753	10.00	2.177613
-8.72338	10.00	-3.897985	0.06535955	0.00	0.07272056	2.457134	10.00	2.243761
-8.657887	10.00	-3.825116	0.06549245	0.00	0.07286842	2.520885	10.00	2.308261
-8.594097	10.00	-3.754142	0.06379028	0.00	0.07097454	2.586596	10.00	2.374817
-8.528285	10.00	-3.680918	0.06581229	0.00	0.07322428	2.654702	10.00	2.443729
-8.460036	10.00	-3.604982	0.06824908	0.00	0.07593552	2.732356	10.00	2.522361
-8.382197	10.00	-3.518376	0.07783923	0.00	0.08660574	2.797199	10.00	2.588238
-8.317269	10.00	-3.446136	0.06492798	0.00	0.07224038	2.864321	10.00	2.656375
-8.250282	10.00	-3.371605	0.06698651	0.00	0.07453075	2.929889	10.00	2.722864
-8.184902	10.00	-3.298862	0.06537999	0.00	0.0727433	2.996156	10.00	2.789752
-8.118875	10.00	-3.225398	0.06602771	0.00	0.07346396	3.063481	10.00	2.858878
-8.051014	10.00	-3.149894	0.06786133	0.00	0.07550409	3.131657	10.00	2.927772
-7.982939	10.00	-3.074152	0.06807455	0.00	0.07574134	3.200012	10.00	2.996987
-7.914653	10.00	-2.998176	0.0682856	0.00	0.07597614	3.268343	10.00	3.066242
-7.84636	10.00	-2.922192	0.0682929	0.00	0.07598427	3.336261	10.00	3.135106
-7.782279	10.00	-2.84154	0.06408199	0.00	0.08065217	3.405644	10.00	3.205475
-7.72321	10.00	-2.752465	0.05906791	0.00	0.08907479	3.472495	10.00	3.273281
-7.666334	10.00	-2.665438	0.05687665	0.00	0.0870266	3.539827	10.00	3.341567
-7.609059	10.00	-2.577802	0.05727505	0.00	0.08763621	3.60789	10.00	3.410603
-7.551109	10.00	-2.489134	0.05794962	0.00	0.08866836	3.677069	10.00	3.480797
-7.492238	10.00	-2.399054	0.05887181	0.00	0.09007939	3.7455	10.00	3.550142
-7.434031	10.00	-2.309994	0.05820592	0.00	0.08906052	3.813082	10.00	3.618728
-7.376393	10.00	-2.221802	0.05763809	0.00	0.0881917	3.880495	10.00	3.6871
-7.318905	10.00	-2.13384	0.05748792	0.00	0.0879619	3.948924	10.00	3.756882
-7.262976	10.00	-2.044308	0.05592951	0.00	0.08953245	4.016431	10.00	3.825671
-7.207591	10.00	-1.955647	0.05538499	0.00	0.08866077	4.083762	10.00	3.893749
-7.152581	10.00	-1.867586	0.05501011	0.00	0.08806065	4.152063	10.00	3.962777
-7.096947	10.00	-1.778527	0.05563411	0.00	0.08905958	4.219544	10.00	4.031353
-7.041745	10.00	-1.690159	0.0552017	0.00	0.08836737	4.287609	10.00	4.100189
-6.986341	10.00	-1.601467	0.05540456	0.00	0.08869211	4.356985	10.00	4.170456
-6.929767	10.00	-1.510904	0.05657369	0.00	0.09056365	4.425797	10.00	4.24007
-6.873615	10.00	-1.421015	0.05615195	0.00	0.08988853	4.497961	10.00	4.312891
-6.814829	10.00	-1.32691	0.05878619	0.00	0.09410544	4.569856	10.00	4.385791
-6.756281	10.00	-1.233186	0.05854774	0.00	0.09372373	4.635173	10.00	4.452271
-6.702969	10.00	-1.147844	0.05331188	0.00	0.08534212	4.698888	10.00	4.516866
-6.65224	10.00	-1.064715	0.05072923	0.00	0.08312873	4.763726	10.00	4.582422
-6.600703	10.00	-0.9802637	0.05153641	0.00	0.08445144	4.831996	10.00	4.651329
-6.546526	10.00	-0.8914842	0.05417758	0.00	0.08877946	4.898584	10.00	4.718894
-6.492189	10.00	-0.8045013	0.05433686	0.00	0.08698293	4.967351	10.00	4.788814
-6.43609	10.00	-0.7146983	0.05609856	0.00	0.08980306	5.035702	10.00	4.858499
-6.380225	10.00	-0.6252683	0.05586545	0.00	0.08942989	5.103034	10.00	4.92726
-6.325195	10.00	-0.5371764	0.05502968	0.00	0.08809198	5.169929	10.00	4.996308
-6.270369	10.00	-0.4494101	0.05482623	0.00	0.0877663	5.238524	10.00	5.066577
-6.214205	10.00	-0.3595016	0.05616441	0.00	0.08990847	5.306311	10.00	5.136024
-6.158672	10.00	-0.2706044	0.05553268	0.00	0.0888972	5.373902	10.00	5.205217
-6.103463	10.00	-0.1822256	0.05520882	0.00	0.08837876	5.442124	10.00	5.274648
-6.047781	10.00	-0.09308916	0.05568216	0.00	0.08913649	5.50827	10.00	5.342041
-5.993772	10.00	-0.006630382	0.05400944	0.00	0.08645877	5.577507	10.00	5.411007
-5.937018	10.00	0.08422098	0.05675342	0.00	0.09085137	5.644494	10.00	5.47949
-5.882251	10.00	0.1718923	0.05476691	0.00	0.08767134	5.713222	10.00	5.54936
-5.826355	10.00	0.2613707	0.0558957	0.00	0.08947832	5.780845	10.00	5.618199
-5.772683	10.00	0.3493221	0.0536723	0.00	0.08795146	5.849417	10.00	5.688193
-5.718144	10.00	0.4386941	0.05453916	0.00	0.08937197	5.916984	10.00	5.75715
-5.664329	10.00	0.5268791	0.05381484	0.00	0.08818504	5.984667	10.00	5.826442
-5.610296	10.00	0.6154212	0.05403271	0.00	0.08854207	6.051301	10.00	5.894676
-5.556967	10.00	0.7028105	0.05332926	0.00	0.08738933	6.119832	10.00	5.965044
-5.502014	10.00	0.7928614	0.05495348	0.00	0.09005091	6.18613	10.00	6.033087
-5.44879	10.00	0.880078	0.05322379	0.00	0.08721651	6.254463	10.00	6.103222
-5.393918	10.00	0.969995	0.05487177	0.00	0.08991701	6.321705	10.00	6.17184
-5.339933	10.00	1.058459	0.0539852	0.00	0.08846421	6.389473	10.00	6.241349
-5.285344	10.00	1.147914	0.05458957	0.00	0.08945458	6.45657	10.00	6.309977
-5.231529	10.00	1.236099	0.05381484	0.00	0.08818504	6.524125	10.00	6.379378
-5.178416	10.00	1.325242	0.05311271	0.00	0.08914313	6.591229	10.00	6.448262
-5.127108	10.00	1.413493	0.05130754	0.00	0.08825152	6.658659	10.00	6.517454
-5.075669	10.00	1.501972	0.05143948	0.00	0.08847845	6.73316	10.00	6.593468
-5.019073	10.00	1.59932	0.05659612	0.00	0.09734814	6.813437	10.00	6.675419
-4.958037	10.00	1.704303	0.06103511	0.00	0.1049834	6.884117	10.00	6.747484
-4.904439	10.00	1.796496	0.05359853	0.00	0.09219212	6.965036	10.00	6.830061
-4.84294	10.00	1.902278	0.06149938	0.00	0.105782	7.031723	10.00	6.898143
-4.792236	10.00	1.98949	0.0507036	0.00	0.08721271	7.099493	10.00	6.967726
-4.740487	10.00	2.082356	0.05174918	0.00	0.09286584	7.167932	10.00	7.037107
-4.688571	10.00	2.175521	0.0519159	0.00	0.09316502	7.233816	10.00	7.104701
-4.638106	10.00	2.266082	0.05046457	0.00	0.09056056	7.302341	10.00	7.1748
-4.585872	10.00	2.359818	0.05223443	0.00	0.09373663	7.370653	10.00	7.244055
-4.534142	10.00	2.452648	0.0517293	0.00	0.09283017	7.438418	10.00	7.312366
-4.483001	10.00	2.544424	0.05114138	0.00	0.09177512	7.506608	10.00	7.381884
-4.433765	10.00	2.637396	0.04923604	0.00	0.09297283	7.574042	10.00	7.450698
-4.385021	10.00	2.72944	0.04874394	0.00	0.09204359	7.641158	10.00	7.519324
-4.336423	10.00	2.821209	0.04859862	0.00	0.09176918	7.709497	10.00	7.58901
-4.286959	10.00	2.914612	0.04946373	0.00	0.09340278	7.776503	10.00	7.65722
-4.238596	10.00	3.005935	0.04836253	0.00	0.09132338	7.844985	10.00	7.727072
-4.18906	10.00	3.099476	0.04953666	0.00	0.09354048	7.912834	10.00	7.796328
-4.139911	10.00	3.192284	0.04914895	0.00	0.09280838	7.979526	10.00	7.864369
-4.091665	10.00	3.283387	0.04824554	0.00	0.09110246	8.048407	10.00	7.934609
-4.041624	10.00	3.377881	0.05004187	0.00	0.09449448	8.115163	10.00	8.002666
-3.993187	10.00	3.469343	0.04843598	0.00	0.09146207	8.183586	10.00	8.07239
-3.94358	10.00	3.563017	0.04960748	0.00	0.09367422	8.250606	10.00	8.140753
-3.894997	10.00	3.654757	0.04858288	0.00	0.09173946	8.318666	10.00	8.210183
-3.845617	10.00	3.748002	0.04938031	0.00	0.09324526	8.385466	10.00	8.27858
-3.797004	10.00	3.839798	0.04861278	0.00	0.09179591	8.452482	10.00	8.347063
-3.748233	10.00	3.931892	0.0487707	0.00	0.09209412	8.519482	10.00	8.415525
-3.699416	10.00	4.024075	0.04881739	0.00	0.09218229	8.587863	10.00	8.485453
-3.649572	10.00	4.118196	0.04984409	0.00	0.09412101	8.653553	10.00	8.552609
-3.60164	10.00	4.208706	0.04793233	0.00	0.09051102	8.721624	10.00	8.622057
-3.552038	10.00	4.302369	0.04960118	0.00	0.09366233	8.78887	10.00	8.690745
-3.50298	10.00	4.395006	0.0490582	0.00	0.092637	8.855954	10.00	8.759411
-3.45266	10.00	4.487606	0.05032001	0.00	0.09260035	8.92285	10.00	8.827781
-3.402533	10.00	4.579851	0.05012674	0.00	0.09224468	8.998813	10.00	8.905368
-3.347142	10.00	4.684447	0.05539153	0.00	0.1045963	9.080474	10.00	8.988712
-3.287693	10.00	4.796705	0.05944902	0.00	0.1122581	9.160861	10.00	9.070616
-3.229185	10.00	4.907186	0.05850783	0.00	0.1104808	9.229037	10.00	9.139622
-3.179829	10.00	5.000385	0.04935566	0.00	0.0931987	9.293336	10.00	9.204679
-3.132997	10.00	5.088819	0.04683219	0.00	0.08843361	9.361025	10.00	9.271968
-3.084089	10.00	5.181172	0.04890814	0.00	0.09235366	9.429	10.00	9.340383
-3.034644	10.00	5.27454	0.04944537	0.00	0.09336811	9.495509	10.00	9.407294
-2.986248	10.00	5.365926	0.04839558	0.00	0.09138578	9.563725	10.00	9.475847
-2.936736	10.00	5.459421	0.04951252	0.00	0.09349491	9.631124	10.00	9.543721
-2.887805	10.00	5.551817	0.0489307	0.00	0.09239626	9.698324	10.00	9.611503
-2.839061	10.00	5.64386	0.04874341	0.00	0.0920426	9.765031	10.00	9.679169
-2.790494	10.00	5.735569	0.04856714	0.00	0.09170974	9.832849	10.00	9.748085
-2.741051	10.00	5.828934	0.04944327	0.00	0.09336414	9.900204	10.00	9.8165
-2.69207	10.00	5.921425	0.04898107	0.00	0.09249137	9.967938	10.00	9.885389
-2.642819	10.00	6.014427	0.04925126	0.00	0.09300156	10.03486	10.00	9.954272
-2.594006	10.00	6.1066	0.04881267	0.00	0.09217337	10.10221	10.00	10.02278
-2.545059	10.00	6.199027	0.04894697	0.00	0.09242697	10.16938	10.00	10.09118
-2.496147	10.00	6.291389	0.04891234	0.00	0.09236159	10.23645	10.00	10.16095
-2.446925	10.00	6.384334	0.04922135	0.00	0.09294509	10.30244	10.00	10.22909
-2.398312	10.00	6.47613	0.0486133	0.00	0.0917969	10.36938	10.00	10.29833
-2.348957	10.00	6.569328	0.04935513	0.00	0.09319771	10.43521	10.00	10.36617
-2.300375	10.00	6.671221	0.04858235	0.00	0.1018928	10.50211	10.00	10.43499
-2.253708	10.00	6.787356	0.04666628	0.00	0.116135	10.56824	10.00	10.50268
-2.211385	10.00	6.90981	0.04232298	0.00	0.1224536	10.63587	10.00	10.57177
-2.169607	10.00	7.038316	0.04177835	0.00	0.1285065	10.70209	10.00	10.63934
-2.132517	10.00	7.169162	0.03709046	0.00	0.130846	10.76974	10.00	10.7083
-2.092132	10.00	7.302519	0.04038488	0.00	0.1333573	10.83624	10.00	10.77603
-2.054919	10.00	7.433794	0.03721204	0.00	0.1312749	10.90242	10.00	10.84369
-2.027897	10.00	7.564969	0.02702238	0.00	0.1311744	10.96855	10.00	10.91138
-2.005927	10.00	7.696313	0.02197021	0.00	0.1313443	11.03641	10.00	10.98075
-1.98736	10.00	7.830643	0.01856749	0.00	0.1343298	11.10181	10.00	11.04813
-1.984492	10.00	7.960826	0.002867757	0.00	0.1301835	11.17494	10.00	11.12346
-1.984492	10.00	8.051458	0	0.00	0.09063205	11.25253	10.00	11.2036
-1.984492	10.00	8.074326	0	0.00	0.02286724	11.32226	10.00	11.27523
-1.984492	10.00	8.074326	0	0.00	0	11.39246	10.00	11.34783
-1.984492	10.00	8.074326	0	0.00	0	11.46619	10.00	11.42401
-1.984492	10.00	8.074326	0	0.00	0	11.53233	10.00	11.49235
-1.984492	10.00	8.074326	0	0.00	0	11.59836	10.00	11.56049
-1.984492	10.00	8.074326	0	0.00	0	11.66322	10.00	11.62842
-1.984492	10.00	8.074326	0	0.00	0	11.72825	10.00	11.69582
-1.984492	10.00	8.074326	0	0.00	0	11.79203	10.00	11.76246
-1.984492	10.00	8.106332	0	0.00	0.03200631	11.85631	10.00	11.8305
-1.984492	10.00	8.223828	0	0.00	0.1174966	11.92081	10.00	11.89773
-1.984492	10.00	8.355038	0	0.00	0.1312094	11.98474	10.00	11.96469
-1.984492	10.00	8.487199	0	0.00	0.1321611	12.04906	10.00	12.03031
-1.984492	10.00	8.618568	0	0.00	0.1313698	12.11399	10.00	12.09714
-1.984492	10.00	8.752527	0	0.00	0.1339589	12.17691	10.00	12.16207
-1.984492	10.00	8.882534	0	0.00	0.1300066	12.24119	10.00	12.22823
-1.984492	10.00	9.015519	0	0.00	0.132985	12.304	10.00	12.29314
-1.984492	10.00	9.146023	0	0.00	0.1305035	12.36822	10.00	12.3594
-1.984492	10.00	9.280064	0	0.00	0.134041	12.43106	10.00	12.42413
-1.984492	10.00	9.411616	0	0.00	0.1315524	12.49455	10.00	12.48919
-1.984492	10.00	9.544585	0	0.00	0.1329694	12.55705	10.00	12.55334
-1.984492	10.00	9.675921	0	0.00	0.1313358	12.62017	10.00	12.61841
-1.984492	10.00	9.809063	0	0.00	0.1331421	12.68279	10.00	12.68186
-1.984492	10.00	9.940372	0	0.00	0.1313089	12.74574	10.00	12.74559
-1.984492	10.00	10.07231	0	0.00	0.1319388	12.80797	10.00	12.80875
-1.984492	10.00	10.20359	0	0.00	0.131282	12.87183	10.00	12.87254
-1.984492	10.00	10.3378	0	0.00	0.134208	12.93289	10.00	12.93324
-1.984492	10.00	10.46882	0	0.00	0.1310187	12.99396	10.00	12.99517
-1.984492	10.00	10.60186	0	0.00	0.133043	13.05368	10.00	13.05542
-1.977755	10.00	10.73375	0.006736611	0.00	0.1318907	13.1124	10.00	13.11531
-1.96071	10.00	10.86636	0.0170448	0.00	0.1326028	13.17092	10.00	13.1735
-1.943687	10.00	10.99879	0.01702315	0.00	0.1324343	13.22799	10.00	13.22888
-1.927946	10.00	11.13123	0.01574114	0.00	0.1324371	13.28172	10.00	13.28269
-1.909838	10.00	11.26224	0.01810846	0.00	0.1310088	13.33477	10.00	13.33573
-1.890082	10.00	11.39581	0.01975576	0.00	0.1335696	13.38566	10.00	13.38534
-1.866882	10.00	11.52691	0.02319992	0.00	0.1311065	13.43532	10.00	13.4337
-1.836712	10.00	11.66078	0.0301701	0.00	0.1338697	13.48598	10.00	13.48315
-1.797063	10.00	11.8056	0.03964873	0.00	0.1448178	13.52629	10.00	13.52453
-1.759639	10.00	11.92918	0.03742397	0.00	0.1235799	13.5653	10.00	13.5633
-1.720373	10.00	12.05483	0.03926647	0.00	0.1256466	13.60401	10.00	13.60132
-1.683078	10.00	12.18639	0.03729431	0.00	0.1315651	13.64025	10.00	13.63673
-1.644099	10.00	12.31936	0.03897948	0.00	0.132968	13.67403	10.00	13.66972
-1.605153	10.00	12.45221	0.03894628	0.00	0.1328547	13.70539	10.00	13.70026
-1.566381	10.00	12.58447	0.03877199	0.00	0.1322602	13.73453	10.00	13.72898
-1.524923	10.00	12.71713	0.04145806	0.00	0.1326594	13.76114	10.00	13.75543
-1.478886	10.00	12.84439	0.0460363	0.00	0.1272582	13.78618	10.00	13.7805
-1.43218	10.00	12.9735	0.04670605	0.00	0.1291096	13.809	10.00	13.80325
-1.386039	10.00	13.10105	0.04614171	0.00	0.1275495	13.8301	10.00	13.82436
-1.339328	10.00	13.23017	0.04671003	0.00	0.1291206	13.84926	10.00	13.84356
-1.293032	10.00	13.35815	0.04629634	0.00	0.127977	13.86694	10.00	13.86131
-1.24632	10.00	13.48728	0.04671202	0.00	0.1291261	13.88286	10.00	13.8777
-1.200369	10.00	13.6143	0.04595128	0.00	0.1270231	13.89804	10.00	13.89315
-1.153318	10.00	13.74436	0.04705112	0.00	0.1300634	13.91154	10.00	13.90727
-1.107296	10.00	13.87412	0.04602139	0.00	0.1297543	13.92454	10.00	13.92017
-1.065885	10.00	14.00663	0.04141161	0.00	0.1325107	13.93676	10.00	13.93187
-1.019704	10.00	14.1381	0.04618099	0.00	0.1314774	13.94878	10.00	13.9428
-0.979456	10.00	14.27101	0.0402477	0.00	0.1329043	13.96013	10.00	13.95315
-0.9497727	10.00	14.40272	0.02968327	0.00	0.1317095	13.97121	10.00	13.96285
-0.9223158	10.00	14.536	0.02745688	0.00	0.1332836	13.98158	10.00	13.97174
-0.8963819	10.00	14.6681	0.02593398	0.00	0.1321002	13.99129	10.00	13.98017
-0.8706038	10.00	14.79941	0.02577808	0.00	0.1313061	14.00053	10.00	13.98791
-0.8447248	10.00	14.93123	0.02587896	0.00	0.1318199	14.00905	10.00	13.99539
-0.818745	10.00	15.06356	0.02597984	0.00	0.1323338	14.01685	10.00	14.00279
-0.7927666	10.00	15.19589	0.02597845	0.00	0.1323267	14.02406	10.00	14.00978
-0.7670376	10.00	15.32694	0.02572889	0.00	0.1310555	14.03078	10.00	14.01689
-0.7409219	10.00	15.45997	0.02611574	0.00	0.133026	14.03738	10.00	14.02348
-0.7147414	10.00	15.59333	0.02618049	0.00	0.1333558	14.04352	10.00	14.02983
-0.6889308	10.00	15.7248	0.02581059	0.00	0.1314717	14.04959	10.00	14.03607
-0.6628098	10.00	15.85785	0.02612101	0.00	0.1330529	14.05578	10.00	14.04246
-0.6353379	10.00	15.99778	0.02747192	0.00	0.139934	14.06105	10.00	14.04815
-0.6101784	10.00	16.12594	0.02515946	0.00	0.128155	14.06616	10.00	14.05361
-0.5852249	10.00	16.25305	0.02495353	0.00	0.1271061	14.07141	10.00	14.05925
-0.5592176	10.00	16.38552	0.02600735	0.00	0.1324739	14.07616	10.00	14.06458
-0.5334017	10.00	16.51702	0.02581587	0.00	0.1314986	14.0806	10.00	14.06976
-0.5098516	10.00	16.6501	0.0235501	0.00	0.1330855	14.08487	10.00	14.07465
-0.4865567	10.00	16.78175	0.02329485	0.00	0.131643	14.08892	10.00	14.07946
-0.4630009	10.00	16.91486	0.02355587	0.00	0.133118	14.09276	10.00	14.08419
-0.4397523	10.00	17.04625	0.02324851	0.00	0.1313811	14.09655	10.00	14.08859
-0.4162764	10.00	17.17891	0.02347596	0.00	0.1326665	14.10025	10.00	14.09259
-0.3929798	10.00	17.31056	0.02329661	0.00	0.1316529	14.10383	10.00	14.09607
-0.3694687	10.00	17.44343	0.02351103	0.00	0.1328646	14.10688	10.00	14.09944
-0.3462022	10.00	17.57491	0.02326655	0.00	0.131483	14.10984	10.00	14.10268
-0.322728	10.00	17.70757	0.02347421	0.00	0.1326565	14.11233	10.00	14.10585
-0.2994194	10.00	17.83929	0.02330863	0.00	0.1317209	14.11462	10.00	14.10888
-0.2757586	10.00	17.973	0.02366082	0.00	0.1337111	14.11674	10.00	14.11165
-0.2526366	10.00	18.10367	0.02312201	0.00	0.1306662	14.1187	10.00	14.11427
-0.2289642	10.00	18.23744	0.02367234	0.00	0.1337763	14.12051	10.00	14.11673
-0.2058778	10.00	18.36791	0.02308644	0.00	0.1304652	14.12223	10.00	14.11896
-0.182503	10.00	18.5	0.02337476	0.00	0.1320946	14.12365	10.00	14.12135
-0.1590313	10.00	18.63264	0.0234717	0.00	0.1326424	14.12491	10.00	14.12346
-0.1355816	10.00	18.76516	0.02344966	0.00	0.1325178	14.12615	10.00	14.12515
-0.1122968	10.00	18.89675	0.02328483	0.00	0.1315864	14.12731	10.00	14.12658
-0.08882485	10.00	19.02939	0.02347195	0.00	0.1326438	14.12856	10.00	14.12788
-0.06549844	10.00	19.16121	0.02332641	0.00	0.1318213	14.12968	10.00	14.12914
-0.04205505	10.00	19.2937	0.02344339	0.00	0.1324824	14.13062	10.00	14.13048
-0.01872237	10.00	19.42555	0.02333268	0.00	0.1318567	14.13151	10.00	14.13173
0.004843265	10.00	19.55873	0.02356564	0.00	0.1331732	14.13235	10.00	14.13273
0.0280527	10.00	19.68989	0.02320943	0.00	0.1311603	14.1331	10.00	14.13374
0.05158452	10.00	19.82287	0.02353182	0.00	0.1329821	14.13391	10.00	14.13474
0.07488338	10.00	19.95453	0.02329886	0.00	0.1316656	14.1346	10.00	14.13557
0.09829821	10.00	20.08686	0.02341484	0.00	0.1323211	14.13519	10.00	14.13623
0.1217376	10.00	20.21932	0.02343938	0.00	0.1324598	14.13581	10.00	14.13681
0.1444759	10.00	20.35525	0.02273834	0.00	0.1359364	14.13632	10.00	14.13726
0.1657848	10.00	20.48264	0.02130886	0.00	0.1273906	14.13684	10.00	14.13774
0.189588	10.00	20.62494	0.02380317	0.00	0.1423023	14.13727	10.00	14.13815
0.2100392	10.00	20.74721	0.02045122	0.00	0.1222634	14.13764	10.00	14.13852
0.2323923	10.00	20.88084	0.02235309	0.00	0.1336333	14.13797	10.00	14.13885
0.2543009	10.00	21.01182	0.02190864	0.00	0.1309763	14.13828	10.00	14.13895
0.2765394	10.00	21.14477	0.02223849	0.00	0.1329482	14.13853	10.00	14.13903
0.2985269	10.00	21.27621	0.02198749	0.00	0.1314476	14.13873	10.00	14.13919
0.3208835	10.00	21.40987	0.02235664	0.00	0.1336545	14.13896	10.00	14.1394
0.3427896	10.00	21.54083	0.02190604	0.00	0.1309607	14.1391	10.00	14.1395
0.3647563	10.00	21.67215	0.02196665	0.00	0.1313231	14.13924	10.00	14.13958
0.3869947	10.00	21.8051	0.02223849	0.00	0.1329482	14.13942	10.00	14.13964
0.4091726	10.00	21.93769	0.02217787	0.00	0.1325858	14.1395	10.00	14.1397
0.4312415	10.00	22.06962	0.02206895	0.00	0.1319346	14.13962	10.00	14.13979
0.4534374	10.00	22.20231	0.02219586	0.00	0.1326934	14.13969	10.00	14.13983
0.4754199	10.00	22.33373	0.02198252	0.00	0.1314179	14.13975	10.00	14.13983
0.4973691	10.00	22.46495	0.02194913	0.00	0.1312183	14.13977	10.00	14.13987
0.5194006	10.00	22.59666	0.02203154	0.00	0.1317109	14.13985	10.00	14.1399
0.5418484	10.00	22.73086	0.02244781	0.00	0.1341995	14.13987	10.00	14.1399
0.5638546	10.00	22.86242	0.0220062	0.00	0.1315595	14.13991	10.00	14.13993
0.5860786	10.00	22.99528	0.02222404	0.00	0.1328618	14.13994	10.00	14.13993
0.608079	10.00	23.12681	0.02200028	0.00	0.1315241	14.13996	10.00	14.13998
0.6300522	10.00	23.25817	0.02197329	0.00	0.1313627	14.13999	10.00	14.13998
0.6522464	10.00	23.39085	0.02219421	0.00	0.1326834	14.13999	10.00	14.13998
0.6693589	10.00	23.52398	0.01711249	0.00	0.1331293	14.13999	10.00	14.13998
0.6693589	10.00	23.65526	0	0.00	0.1312778	14.13999	10.00	14.13998
0.6693589	10.00	23.78845	0	0.00	0.133193	14.13999	10.00	14.13998
0.6693589	10.00	23.92056	0	0.00	0.1321087	14.13999	10.00	14.13998
0.6693589	10.00	24.05258	0	0.00	0.1320224	14.13999	10.00	14.13998
0.6693589	10.00	24.18454	0	0.00	0.131953	14.13999	10.00	14.13998
0.6693589	10.00	24.31552	0	0.00	0.1309805	14.13999	10.00	14.13998
0.6693589	10.00	24.44866	0	0.00	0.1331449	14.13999	10.00	14.13998
0.6693589	10.00	24.58116	0	0.00	0.1324937	14.13999	10.00	14.13998
0.6693589	10.00	24.71343	0	0.00	0.1322743	14.13999	10.00	14.13998
0.6693589	10.00	24.85479	0	0.00	0.1413581	14.13999	10.00	14.13998
0.6693589	10.00	24.98025	0	0.00	0.1254597	14.13999	10.00	14.13998
0.6693589	10.00	25.1088	0	0.00	0.128557	14.13999	10.00	14.13998
0.6693589	10.00	25.24145	0	0.00	0.1326452	14.13999	10.00	14.13998
0.6693589	10.00	25.37448	0	0.00	0.1330288	14.13999	10.00	14.13998
0.6693589	10.00	25.50611	0	0.00	0.1316331	14.13999	10.00	14.13998
0.6693589	10.00	25.6388	0	0.00	0.1326834	14.13999	10.00	14.13998
0.6693589	10.00	25.77026	0	0.00	0.1314646	14.13999	10.00	14.13998
0.6693589	10.00	25.90154	0	0.00	0.1312749	14.13999	10.00	14.13998
0.6693589	10.00	26.03388	0	0.00	0.1323409	14.13999	10.00	14.13998
0.6693589	10.00	26.16855	0	0.00	0.1346723	14.13999	10.00	14.13998
0.6693589	10.00	26.29901	0	0.00	0.130461	14.13999	10.00	14.13998
0.6693589	10.00	26.43173	0	0.00	0.1327231	14.13999	10.00	14.13998
0.6693589	10.00	26.5636	0	0.00	0.1318681	14.13999	10.00	14.13998
24.93308
