0.01328635	10.00	-49.92881	0.01328635	0.00	0.07118795	28.28002	10.00	-28.28002
0.07592964	10.00	-49.44147	0.06264329	0.00	0.4873435	28.27193	10.00	-28.27369
0.08010145	10.00	-49.34069	0.004171805	0.00	0.100782	28.2613	10.00	-28.26456
0.08036548	10.00	-49.24153	0.0002640351	0.00	0.09915692	28.2475	10.00	-28.25201
0.08036548	10.00	-49.14336	0	0.00	0.0981646	28.23566	10.00	-28.24087
0.08036548	10.00	-49.07522	0	0.00	0.06814446	28.20953	10.00	-28.21577
0.08036548	10.00	-48.94204	0	0.00	0.1331817	28.19353	10.00	-28.19977
0.08036548	10.00	-48.87513	0	0.00	0.06691149	28.15853	10.00	-28.16444
0.08036548	10.00	-48.74117	0	0.00	0.1339532	28.13611	10.00	-28.14164
0.08036548	10.00	-48.66815	0	0.00	0.07302254	28.07743	10.00	-28.08211
0.08036548	10.00	-48.49191	0	0.00	0.1762422	28.04214	10.00	-28.04636
0.08036548	10.00	-48.40256	0	0.00	0.08934697	27.98711	10.00	-27.99065
0.08036548	10.00	-48.27301	0	0.00	0.1295536	27.94034	10.00	-27.94346
0.08036548	10.00	-48.16959	0	0.00	0.1034192	27.89355	10.00	-27.89638
0.08036548	10.00	-48.07077	0	0.00	0.09882001	27.83281	10.00	-27.83539
0.08036548	10.00	-47.94779	0	0.00	0.1229797	27.79735	10.00	-27.79985
0.08036548	10.00	-47.87948	0	0.00	0.06831008	27.73071	10.00	-27.73315
0.08036548	10.00	-47.75286	0	0.00	0.1266177	27.69595	10.00	-27.69839
0.08036548	10.00	-47.68733	0	0.00	0.06553555	27.65795	10.00	-27.66039
0.08036548	10.00	-47.61567	0	0.00	0.07165933	27.59111	10.00	-27.59356
0.08036548	10.00	-47.48964	0	0.00	0.1260274	27.55685	10.00	-27.55929
0.08036548	10.00	-47.42502	0	0.00	0.06462109	27.52127	10.00	-27.52371
0.08036548	10.00	-47.35794	0	0.00	0.0670757	27.48653	10.00	-27.48897
0.08036548	10.00	-47.29243	0	0.00	0.0655129	27.41562	10.00	-27.41805
0.08036548	10.00	-47.1587	0	0.00	0.1337281	27.38014	10.00	-27.38258
0.08036548	10.00	-47.09182	0	0.00	0.06687893	27.34649	10.00	-27.34892
0.08036548	10.00	-47.02835	0	0.00	0.06346881	27.31111	10.00	-27.31353
0.08036548	10.00	-46.96164	0	0.00	0.06671614	27.24061	10.00	-27.24303
0.08036548	10.00	-46.8287	0	0.00	0.1329383	27.2047	10.00	-27.20712
0.08036548	10.00	-46.76099	0	0.00	0.06770846	27.17108	10.00	-27.17349
0.08036548	10.00	-46.69759	0	0.00	0.06340369	27.136	10.00	-27.13841
0.08036548	10.00	-46.63144	0	0.00	0.06614991	27.06496	10.00	-27.06736
0.08036548	10.00	-46.49748	0	0.00	0.1339589	27.03076	10.00	-27.03316
0.08036548	10.00	-46.43299	0	0.00	0.06448802	26.99646	10.00	-26.99886
0.08036548	10.00	-46.3683	0	0.00	0.06468903	26.96108	10.00	-26.96348
0.08036548	10.00	-46.30159	0	0.00	0.06670906	26.92557	10.00	-26.92797
0.08036548	10.00	-46.23464	0	0.00	0.06695396	26.85479	10.00	-26.85719
0.08036548	10.00	-46.10117	0	0.00	0.1334677	26.81594	10.00	-26.81833
0.08036548	10.00	-46.02791	0	0.00	0.0732646	26.74995	10.00	-26.75235
0.08036548	10.00	-45.90348	0	0.00	0.1244264	26.71486	10.00	-26.71725
0.08036548	10.00	-45.83731	0	0.00	0.06616832	26.6799	10.00	-26.68229
0.08036548	10.00	-45.77139	0	0.00	0.065922	26.64401	10.00	-26.64639
0.08036548	10.00	-45.70372	0	0.00	0.06767307	26.57454	10.00	-26.57691
0.08036548	10.00	-45.5727	0	0.00	0.1310131	26.53941	10.00	-26.54179
0.08036548	10.00	-45.50648	0	0.00	0.06622776	26.50504	10.00	-26.50741
0.08036548	10.00	-45.44164	0	0.00	0.06483767	26.46873	10.00	-26.47111
0.08036548	10.00	-45.3732	0	0.00	0.06844031	26.39914	10.00	-26.4015
0.08036548	10.00	-45.24195	0	0.00	0.1312438	26.35767	10.00	-26.36003
0.08036548	10.00	-45.16375	0	0.00	0.0781993	26.29485	10.00	-26.29721
0.08036548	10.00	-45.0453	0	0.00	0.1184526	26.25978	10.00	-26.26214
0.08036548	10.00	-44.97916	0	0.00	0.06613717	26.22494	10.00	-26.22729
0.08036548	10.00	-44.91347	0	0.00	0.06569409	26.19007	10.00	-26.19242
0.08036548	10.00	-44.84772	0	0.00	0.06575496	26.11901	10.00	-26.12136
0.08036548	10.00	-44.71373	0	0.00	0.1339829	26.08369	10.00	-26.08604
0.08036548	10.00	-44.64713	0	0.00	0.06660289	26.04939	10.00	-26.05173
0.08036548	10.00	-44.58244	0	0.00	0.06468762	26.01475	10.00	-26.01709
0.08036548	10.00	-44.51712	0	0.00	0.0653218	25.94405	10.00	-25.94639
0.08036548	10.00	-44.38381	0	0.00	0.1333105	25.90989	10.00	-25.91222
0.08036548	10.00	-44.31938	0	0.00	0.06442998	25.87382	10.00	-25.87616
0.08036548	10.00	-44.25138	0	0.00	0.06800007	25.83906	10.00	-25.84139
0.08036548	10.00	-44.18583	0	0.00	0.06554829	25.76836	10.00	-25.77069
0.08036548	10.00	-44.05252	0	0.00	0.1333148	25.73223	10.00	-25.73455
0.08036548	10.00	-43.98438	0	0.00	0.06814162	25.66272	10.00	-25.66505
0.08036548	10.00	-43.85332	0	0.00	0.1310555	25.62778	10.00	-25.6301
0.08036548	10.00	-43.78743	0	0.00	0.0658951	25.59259	10.00	-25.59491
0.08036548	10.00	-43.72108	0	0.00	0.06634526	25.55944	10.00	-25.56175
0.08036548	10.00	-43.65855	0	0.00	0.06252745	25.52413	10.00	-25.52644
0.08036548	10.00	-43.59197	0	0.00	0.06658166	25.48851	10.00	-25.49082
0.08036548	10.00	-43.5248	0	0.00	0.06717054	25.41782	10.00	-25.42013
0.08036548	10.00	-43.39152	0	0.00	0.133278	25.37091	10.00	-25.37322
0.08036548	10.00	-43.30305	0	0.00	0.08847073	25.31262	10.00	-25.31493
0.08036548	10.00	-43.19315	0	0.00	0.1099026	25.26085	10.00	-25.26316
0.08036548	10.00	-43.09553	0	0.00	0.09762102	25.20719	10.00	-25.20949
0.08036548	10.00	-42.99433	0	0.00	0.1011954	25.17059	10.00	-25.17289
0.08036548	10.00	-42.92532	0	0.00	0.06901363	25.10301	10.00	-25.1053
0.08036548	10.00	-42.79787	0	0.00	0.1274486	25.06739	10.00	-25.06968
0.08036548	10.00	-42.73071	0	0.00	0.0671578	25.03362	10.00	-25.03591
0.08036548	10.00	-42.66703	0	0.00	0.06367972	24.99795	10.00	-25.00023
0.08036548	10.00	-42.59977	0	0.00	0.06726397	24.9632	10.00	-24.96549
0.08036548	10.00	-42.53425	0	0.00	0.06551857	24.89259	10.00	-24.89487
0.08036548	10.00	-42.4011	0	0.00	0.133152	24.85713	10.00	-24.85941
0.08036548	10.00	-42.33423	0	0.00	0.0668676	24.82305	10.00	-24.82533
0.08036548	10.00	-42.26997	0	0.00	0.0642587	24.78744	10.00	-24.7897
0.08036548	10.00	-42.20281	0	0.00	0.06716204	24.75314	10.00	-24.75542
0.08036548	10.00	-42.13815	0	0.00	0.0646593	24.68246	10.00	-24.68473
0.08036548	10.00	-42.00485	0	0.00	0.1332978	24.64684	10.00	-24.64911
0.08036548	10.00	-41.9377	0	0.00	0.06714931	24.61302	10.00	-24.61528
0.08036548	10.00	-41.87392	0	0.00	0.06378306	24.57776	10.00	-24.58003
0.08036548	10.00	-41.80744	0	0.00	0.06648399	24.54283	10.00	-24.5451
0.08036548	10.00	-41.74157	0	0.00	0.06586538	24.47216	10.00	-24.47441
0.08036548	10.00	-41.6083	0	0.00	0.1332723	24.43653	10.00	-24.43879
0.08036548	10.00	-41.54113	0	0.00	0.06717195	24.40271	10.00	-24.40496
0.08036548	10.00	-41.47734	0	0.00	0.06378731	24.3674	10.00	-24.36965
0.08036548	10.00	-41.41076	0	0.00	0.06658591	24.33237	10.00	-24.33461
0.08036548	10.00	-41.34471	0	0.00	0.06604091	24.26209	10.00	-24.26433
0.08036548	10.00	-41.21219	0	0.00	0.1325206	24.2262	10.00	-24.22844
0.08036548	10.00	-41.1445	0	0.00	0.06769148	24.19008	10.00	-24.19232
0.08036548	10.00	-41.07639	0	0.00	0.0681119	24.14687	10.00	-24.14911
0.08036548	10.00	-40.99492	0	0.00	0.08147211	24.08611	10.00	-24.08835
0.08036548	10.00	-40.88035	0	0.00	0.1145669	24.05211	10.00	-24.05434
0.08036548	10.00	-40.81622	0	0.00	0.06413271	24.01685	10.00	-24.01908
0.08036548	10.00	-40.74974	0	0.00	0.06648116	23.94662	10.00	-23.94885
0.08036548	10.00	-40.61732	0	0.00	0.1324201	23.91073	10.00	-23.91295
0.08036548	10.00	-40.54963	0	0.00	0.06769006	23.87654	10.00	-23.87876
0.08036548	10.00	-40.48515	0	0.00	0.06447387	23.84199	10.00	-23.8442
0.08036548	10.00	-40.42	0	0.00	0.06515335	23.80676	10.00	-23.80896
0.08036548	10.00	-40.35356	0	0.00	0.06644011	23.73627	10.00	-23.73847
0.08036548	10.00	-40.22064	0	0.00	0.132917	23.70041	10.00	-23.70262
0.08036548	10.00	-40.15303	0	0.00	0.0676122	23.66642	10.00	-23.66862
0.08036548	10.00	-40.08893	0	0.00	0.06410157	23.63163	10.00	-23.63383
0.08036548	10.00	-40.02333	0	0.00	0.06559642	23.5965	10.00	-23.59871
0.08036548	10.00	-39.9571	0	0.00	0.06623201	23.52604	10.00	-23.52823
0.08036548	10.00	-39.82422	0	0.00	0.1328816	23.48954	10.00	-23.49174
0.08036548	10.00	-39.7554	0	0.00	0.06881686	23.4551	10.00	-23.45731
0.08036548	10.00	-39.69047	0	0.00	0.06492686	23.42127	10.00	-23.42346
0.08036548	10.00	-39.62667	0	0.00	0.06379722	23.38541	10.00	-23.3876
0.08036548	10.00	-39.55904	0	0.00	0.06763627	23.31579	10.00	-23.31797
0.08036548	10.00	-39.42776	0	0.00	0.1312764	23.27977	10.00	-23.28195
0.08036548	10.00	-39.35984	0	0.00	0.0679208	23.24514	10.00	-23.24732
0.08036548	10.00	-39.29454	0	0.00	0.06530198	23.21079	10.00	-23.21297
0.08036548	10.00	-39.22978	0	0.00	0.06476406	23.14043	10.00	-23.1426
0.08036548	10.00	-39.0971	0	0.00	0.1326806	23.1046	10.00	-23.10677
0.08036548	10.00	-39.02954	0	0.00	0.06755841	23.07038	10.00	-23.07255
0.08036548	10.00	-38.965	0	0.00	0.06453899	23.03581	10.00	-23.03798
0.08036548	10.00	-38.89981	0	0.00	0.0651859	23.00064	10.00	-23.00281
0.08036548	10.00	-38.8335	0	0.00	0.06631695	22.9289	10.00	-22.93106
0.08036548	10.00	-38.69821	0	0.00	0.1352824	22.88478	10.00	-22.88694
0.08036548	10.00	-38.61502	0	0.00	0.08319346	22.82442	10.00	-22.82657
0.08036548	10.00	-38.5012	0	0.00	0.113818	22.78649	10.00	-22.78864
0.08036548	10.00	-38.42967	0	0.00	0.07153052	22.71864	10.00	-22.72079
0.08036548	10.00	-38.30174	0	0.00	0.1279285	22.68122	10.00	-22.68337
0.08036548	10.00	-38.23118	0	0.00	0.07056085	22.61427	10.00	-22.61642
0.08036548	10.00	-38.10493	0	0.00	0.1262482	22.58006	10.00	-22.5822
0.08036548	10.00	-38.04042	0	0.00	0.06451067	22.54461	10.00	-22.54675
0.08036548	10.00	-37.97356	0	0.00	0.06686336	22.51	10.00	-22.51214
0.08036548	10.00	-37.90832	0	0.00	0.06524111	22.43888	10.00	-22.44101
0.08036548	10.00	-37.7742	0	0.00	0.1341188	22.40442	10.00	-22.40655
0.08036548	10.00	-37.70922	0	0.00	0.06498347	22.36877	10.00	-22.3709
0.08036548	10.00	-37.64199	0	0.00	0.06722292	22.33399	10.00	-22.33612
0.08036548	10.00	-37.57642	0	0.00	0.06557235	22.29948	10.00	-22.3016
0.08036548	10.00	-37.51133	0	0.00	0.06509106	22.2292	10.00	-22.23132
0.08036548	10.00	-37.37881	0	0.00	0.1325192	22.19328	10.00	-22.1954
0.08036548	10.00	-37.31109	0	0.00	0.06771837	22.15891	10.00	-22.16103
0.08036548	10.00	-37.24627	0	0.00	0.06482352	22.12455	10.00	-22.12667
0.08036548	10.00	-37.18148	0	0.00	0.06479096	22.08936	10.00	-22.09148
0.08036548	10.00	-37.11512	0	0.00	0.06635658	22.0183	10.00	-22.0204
0.08036548	10.00	-36.98112	0	0.00	0.1340028	21.98398	10.00	-21.98608
0.08036548	10.00	-36.9164	0	0.00	0.06472018	21.94367	10.00	-21.94577
0.08036548	10.00	-36.84039	0	0.00	0.07601365	21.87839	10.00	-21.88049
0.08036548	10.00	-36.7173	0	0.00	0.1230887	21.84311	10.00	-21.84521
0.08036548	10.00	-36.65077	0	0.00	0.06652928	21.80818	10.00	-21.81028
0.08036548	10.00	-36.58491	0	0.00	0.06585689	21.77419	10.00	-21.77628
0.08036548	10.00	-36.52081	0	0.00	0.06410015	21.73882	10.00	-21.7409
0.08036548	10.00	-36.45409	0	0.00	0.06671473	21.66828	10.00	-21.67036
0.08036548	10.00	-36.32109	0	0.00	0.1329991	21.63272	10.00	-21.6348
0.08036548	10.00	-36.25404	0	0.00	0.06705163	21.59761	10.00	-21.5997
0.08036548	10.00	-36.18784	0	0.00	0.06620511	21.56099	10.00	-21.56307
0.08036548	10.00	-36.11878	0	0.00	0.06906033	21.52847	10.00	-21.53055
0.08036548	10.00	-36.05747	0	0.00	0.06130864	21.49334	10.00	-21.49541
0.08036548	10.00	-35.99121	0	0.00	0.06625891	21.42242	10.00	-21.42449
0.08036548	10.00	-35.85748	0	0.00	0.1337352	21.38794	10.00	-21.39001
0.08036548	10.00	-35.79247	0	0.00	0.06500329	21.35205	10.00	-21.35412
0.08036548	10.00	-35.72479	0	0.00	0.06768581	21.31814	10.00	-21.32021
0.08036548	10.00	-35.66085	0	0.00	0.06393595	21.28312	10.00	-21.28518
0.08036548	10.00	-35.5948	0	0.00	0.0660494	21.24805	10.00	-21.25011
0.08036548	10.00	-35.52868	0	0.00	0.0661216	21.17682	10.00	-21.17887
0.08036548	10.00	-35.39435	0	0.00	0.1343283	21.14295	10.00	-21.145
0.08036548	10.00	-35.33049	0	0.00	0.06386375	21.10752	10.00	-21.10957
0.08036548	10.00	-35.26368	0	0.00	0.06680391	21.07303	10.00	-21.07508
0.08036548	10.00	-35.19864	0	0.00	0.06504293	21.0378	10.00	-21.03985
0.08036548	10.00	-35.13222	0	0.00	0.06642029	20.96696	10.00	-20.96901
0.08036548	10.00	-34.99864	0	0.00	0.1335795	20.93288	10.00	-20.93492
0.08036548	10.00	-34.93437	0	0.00	0.06427003	20.89586	10.00	-20.8979
0.08036548	10.00	-34.86456	0	0.00	0.06981059	20.8621	10.00	-20.86414
0.08036548	10.00	-34.80091	0	0.00	0.06365284	20.82772	10.00	-20.82975
0.08036548	10.00	-34.73607	0	0.00	0.06483767	20.79239	10.00	-20.79442
0.08036548	10.00	-34.66945	0	0.00	0.0666213	20.7221	10.00	-20.72413
0.08036548	10.00	-34.53691	0	0.00	0.1325419	20.68643	10.00	-20.68846
0.08036548	10.00	-34.46965	0	0.00	0.06725831	20.65137	10.00	-20.6534
0.08036548	10.00	-34.40354	0	0.00	0.06610744	20.61749	10.00	-20.61952
0.08036548	10.00	-34.33966	0	0.00	0.0638864	20.58213	10.00	-20.58415
0.08036548	10.00	-34.27297	0	0.00	0.06668641	20.51186	10.00	-20.51387
0.08036548	10.00	-34.14046	0	0.00	0.1325093	20.47536	10.00	-20.47737
0.08036548	10.00	-34.07164	0	0.00	0.06882252	20.43972	10.00	-20.44173
0.08036548	10.00	-34.00443	0	0.00	0.06720593	20.37079	10.00	-20.3728
0.08036548	10.00	-33.87445	0	0.00	0.1299825	20.33275	10.00	-20.33476
0.08036548	10.00	-33.80273	0	0.00	0.07171879	20.26581	10.00	-20.26781
0.08036548	10.00	-33.67649	0	0.00	0.1262397	20.22632	10.00	-20.22833
0.08036548	10.00	-33.60204	0	0.00	0.07445085	20.1598	10.00	-20.1618
0.08036548	10.00	-33.4766	0	0.00	0.1254399	20.12469	10.00	-20.12669
0.08036548	10.00	-33.4104	0	0.00	0.06620229	20.0912	10.00	-20.0932
0.08036548	10.00	-33.34725	0	0.00	0.0631503	20.0563	10.00	-20.05829
0.08036548	10.00	-33.28144	0	0.00	0.06580876	19.98597	10.00	-19.98796
0.08036548	10.00	-33.14882	0	0.00	0.1326197	19.95029	10.00	-19.95227
0.08036548	10.00	-33.08152	0	0.00	0.0672937	19.91516	10.00	-19.91715
0.08036548	10.00	-33.01529	0	0.00	0.0662306	19.88141	10.00	-19.88339
0.08036548	10.00	-32.95164	0	0.00	0.06365567	19.84605	10.00	-19.84803
0.08036548	10.00	-32.88496	0	0.00	0.06667226	19.81089	10.00	-19.81286
0.08036548	10.00	-32.81866	0	0.00	0.06630279	19.74006	10.00	-19.74202
0.08036548	10.00	-32.68509	0	0.00	0.1335767	19.70437	10.00	-19.70634
0.08036548	10.00	-32.6178	0	0.00	0.06728379	19.66158	10.00	-19.66355
0.08036548	10.00	-32.53712	0	0.00	0.08068081	19.59991	10.00	-19.60188
0.08036548	10.00	-32.42083	0	0.00	0.1162967	19.56526	10.00	-19.56722
0.08036548	10.00	-32.35548	0	0.00	0.06534161	19.52827	10.00	-19.53023
0.08036548	10.00	-32.28573	0	0.00	0.06975255	19.4955	10.00	-19.49745
0.08036548	10.00	-32.22393	0	0.00	0.06179984	19.46018	10.00	-19.46214
0.08036548	10.00	-32.15734	0	0.00	0.06659298	19.39018	10.00	-19.39213
0.08036548	10.00	-32.02535	0	0.00	0.1319884	19.35479	10.00	-19.35674
0.08036548	10.00	-31.95861	0	0.00	0.06673738	19.31945	10.00	-19.3214
0.08036548	10.00	-31.89197	0	0.00	0.06664111	19.28559	10.00	-19.28753
0.08036548	10.00	-31.82812	0	0.00	0.06384818	19.25031	10.00	-19.25225
0.08036548	10.00	-31.76159	0	0.00	0.06653353	19.21507	10.00	-19.217
0.08036548	10.00	-31.69513	0	0.00	0.06645709	19.14453	10.00	-19.14646
0.08036548	10.00	-31.56212	0	0.00	0.1330161	19.10914	10.00	-19.11108
0.08036548	10.00	-31.4954	0	0.00	0.0667119	19.07345	10.00	-19.07539
0.08036548	10.00	-31.4281	0	0.00	0.06729936	19.0395	10.00	-19.04143
0.08036548	10.00	-31.36407	0	0.00	0.06402937	19.0049	10.00	-19.00682
0.08036548	10.00	-31.29883	0	0.00	0.06524819	18.93325	10.00	-18.93517
0.08036548	10.00	-31.16372	0	0.00	0.1351027	18.899	10.00	-18.90092
0.08036548	10.00	-31.09914	0	0.00	0.06458287	18.86304	10.00	-18.86497
0.08036548	10.00	-31.03134	0	0.00	0.06780189	18.8293	10.00	-18.83121
0.08036548	10.00	-30.96771	0	0.00	0.06363302	18.79432	10.00	-18.79623
0.08036548	10.00	-30.90174	0	0.00	0.0659673	18.75959	10.00	-18.7615
0.08036548	10.00	-30.83625	0	0.00	0.06548884	18.68835	10.00	-18.69026
0.08036548	10.00	-30.70192	0	0.00	0.134334	18.6543	10.00	-18.6562
0.08036548	10.00	-30.63771	0	0.00	0.06421057	18.61831	10.00	-18.62022
0.08036548	10.00	-30.56986	0	0.00	0.0678486	18.58399	10.00	-18.58589
0.08036548	10.00	-30.50513	0	0.00	0.06472442	18.54953	10.00	-18.55143
0.08036548	10.00	-30.44016	0	0.00	0.06497498	18.51423	10.00	-18.51614
0.08036548	10.00	-30.3736	0	0.00	0.06656042	18.44398	10.00	-18.44587
0.08036548	10.00	-30.24111	0	0.00	0.1324867	18.40823	10.00	-18.41012
0.08036548	10.00	-30.17371	0	0.00	0.06740553	18.37288	10.00	-18.37477
0.08036548	10.00	-30.10704	0	0.00	0.06666518	18.33917	10.00	-18.34106
0.08036548	10.00	-30.04348	0	0.00	0.06355657	18.30393	10.00	-18.30582
0.08036548	10.00	-29.97703	0	0.00	0.06645001	18.26835	10.00	-18.27024
0.08036548	10.00	-29.90994	0	0.00	0.06709552	18.19816	10.00	-18.20004
0.08036548	10.00	-29.77758	0	0.00	0.1323564	18.16217	10.00	-18.16405
0.08036548	10.00	-29.70972	0	0.00	0.06785851	18.12796	10.00	-18.12983
0.08036548	10.00	-29.6452	0	0.00	0.06452624	18.09389	10.00	-18.09576
0.08036548	10.00	-29.58096	0	0.00	0.06423888	18.05862	10.00	-18.06049
0.08036548	10.00	-29.51446	0	0.00	0.06650098	17.9882	10.00	-17.99006
0.08036548	10.00	-29.38166	0	0.00	0.1327981	17.95199	10.00	-17.95385
0.08036548	10.00	-29.31338	0	0.00	0.06828177	17.91733	10.00	-17.91919
0.08036548	10.00	-29.24802	0	0.00	0.06535294	17.87019	10.00	-17.87205
0.08036548	10.00	-29.15913	0	0.00	0.08889682	17.81213	10.00	-17.81399
0.08036548	10.00	-29.04966	0	0.00	0.1094666	17.77138	10.00	-17.77323
0.08036548	10.00	-28.97281	0	0.00	0.07685026	17.70679	10.00	-17.70865
0.08036548	10.00	-28.85103	0	0.00	0.1217807	17.66538	10.00	-17.66723
0.08036548	10.00	-28.77293	0	0.00	0.07809738	17.60225	10.00	-17.6041
0.08036548	10.00	-28.6539	0	0.00	0.1190302	17.56686	10.00	-17.56871
0.08036548	10.00	-28.58717	0	0.00	0.06673171	17.53093	10.00	-17.53277
0.08036548	10.00	-28.5194	0	0.00	0.06776933	17.48032	10.00	-17.48215
0.08036548	10.00	-28.42396	0	0.00	0.09544103	17.42685	10.00	-17.42868
0.08036548	10.00	-28.32314	0	0.00	0.1008245	17.39185	10.00	-17.39368
0.08036548	10.00	-28.25715	0	0.00	0.06598712	17.35649	10.00	-17.35832
0.08036548	10.00	-28.19047	0	0.00	0.06667934	17.32168	10.00	-17.32351
0.08036548	10.00	-28.12483	0	0.00	0.06563605	17.28771	10.00	-17.28954
0.08036548	10.00	-28.06077	0	0.00	0.06406052	17.25241	10.00	-17.25424
0.08036548	10.00	-27.99422	0	0.00	0.06655476	17.18199	10.00	-17.18381
0.08036548	10.00	-27.86143	0	0.00	0.1327882	17.14663	10.00	-17.14845
0.08036548	10.00	-27.79475	0	0.00	0.06668075	17.11123	10.00	-17.11304
0.08036548	10.00	-27.72799	0	0.00	0.06675719	17.07741	10.00	-17.07922
0.08036548	10.00	-27.6642	0	0.00	0.06379439	17.04207	10.00	-17.04388
0.08036548	10.00	-27.59758	0	0.00	0.0666213	17.00646	10.00	-17.00826
0.08036548	10.00	-27.53042	0	0.00	0.06715921	16.9361	10.00	-16.93791
0.08036548	10.00	-27.39775	0	0.00	0.1326636	16.90219	10.00	-16.90399
0.08036548	10.00	-27.33379	0	0.00	0.06396143	16.86502	10.00	-16.86682
0.08036548	10.00	-27.26372	0	0.00	0.07007247	16.83114	10.00	-16.83293
0.08036548	10.00	-27.19982	0	0.00	0.06390198	16.76042	10.00	-16.76222
0.08036548	10.00	-27.06649	0	0.00	0.1333304	16.72573	10.00	-16.72753
0.08036548	10.00	-27.00107	0	0.00	0.06541947	16.65496	10.00	-16.65675
0.08036548	10.00	-26.86762	0	0.00	0.1334507	16.62005	10.00	-16.62184
0.08036548	10.00	-26.80179	0	0.00	0.06582999	16.54987	10.00	-16.55165
0.08036548	10.00	-26.66944	0	0.00	0.132348	16.51413	10.00	-16.51591
0.08036548	10.00	-26.60205	0	0.00	0.06738996	16.48103	10.00	-16.48281
0.08036548	10.00	-26.53964	0	0.00	0.06240996	16.40898	10.00	-16.41075
0.08036548	10.00	-26.40376	0	0.00	0.1358756	16.37595	10.00	-16.37772
0.08036548	10.00	-26.34149	0	0.00	0.06227265	16.30473	10.00	-16.3065
0.08036548	10.00	-26.2072	0	0.00	0.1342958	16.27093	10.00	-16.2727
0.08036548	10.00	-26.14346	0	0.00	0.06373635	16.19972	10.00	-16.20148
0.08036548	10.00	-26.00917	0	0.00	0.1342845	16.16578	10.00	-16.16754
0.08036548	10.00	-25.94518	0	0.00	0.06399115	16.13034	10.00	-16.13209
0.08036548	10.00	-25.87834	0	0.00	0.06684071	16.05917	10.00	-16.06092
0.08036548	10.00	-25.74414	0	0.00	0.1342009	16.02496	10.00	-16.02671
0.08036548	10.00	-25.67963	0	0.00	0.06450784	15.99006	10.00	-15.99181
0.08036548	10.00	-25.61383	0	0.00	0.06580593	15.9192	10.00	-15.92095
0.08036548	10.00	-25.48021	0	0.00	0.133622	15.88509	10.00	-15.88683
0.08036548	10.00	-25.41588	0	0.00	0.06432098	15.84999	10.00	-15.85173
0.08036548	10.00	-25.34969	0	0.00	0.06619097	15.77829	10.00	-15.78003
0.08036548	10.00	-25.2145	0	0.00	0.1351975	15.74368	10.00	-15.74541
0.08036548	10.00	-25.14923	0	0.00	0.06527083	15.70923	10.00	-15.71096
0.08036548	10.00	-25.08427	0	0.00	0.06495091	15.63875	10.00	-15.64048
0.08036548	10.00	-24.95136	0	0.00	0.1329099	15.60504	10.00	-15.60677
0.08036548	10.00	-24.8878	0	0.00	0.06356082	15.56868	10.00	-15.57041
0.08036548	10.00	-24.81925	0	0.00	0.06855639	15.49797	10.00	-15.49969
0.08036548	10.00	-24.6859	0	0.00	0.1333488	15.45295	10.00	-15.45467
0.08036548	10.00	-24.60101	0	0.00	0.08488507	15.38918	10.00	-15.39089
0.08036548	10.00	-24.48076	0	0.00	0.1202575	15.3027	10.00	-15.30441
0.08036548	10.00	-24.31769	0	0.00	0.1630702	15.25352	10.00	-15.25523
0.08036548	10.00	-24.22496	0	0.00	0.09272737	15.20625	10.00	-15.20795
0.08036548	10.00	-24.13581	0	0.00	0.08915304	15.1469	10.00	-15.14859
0.08036548	10.00	-24.02389	0	0.00	0.1119169	15.11274	10.00	-15.11443
0.08036548	10.00	-23.95948	0	0.00	0.06440592	15.0411	10.00	-15.04279
0.08036548	10.00	-23.82439	0	0.00	0.1350899	15.00838	10.00	-15.01007
0.08036548	10.00	-23.76269	0	0.00	0.06170358	14.93606	10.00	-14.93775
0.08036548	10.00	-23.62634	0	0.00	0.1363526	14.90134	10.00	-14.90302
0.08036548	10.00	-23.56086	0	0.00	0.0654761	14.83144	10.00	-14.83312
0.08036548	10.00	-23.42904	0	0.00	0.1318171	14.79655	10.00	-14.79823
0.08036548	10.00	-23.36325	0	0.00	0.06579036	14.76287	10.00	-14.76455
0.08036548	10.00	-23.29975	0	0.00	0.06350137	14.69158	10.00	-14.69325
0.08036548	10.00	-23.16531	0	0.00	0.1344402	14.65683	10.00	-14.6585
0.08036548	10.00	-23.09978	0	0.00	0.06552706	14.62321	10.00	-14.62488
0.08036548	10.00	-23.03639	0	0.00	0.06338953	14.55157	10.00	-14.55323
0.08036548	10.00	-22.9013	0	0.00	0.1350984	14.51773	10.00	-14.51939
0.08036548	10.00	-22.8375	0	0.00	0.06380147	14.48227	10.00	-14.48392
0.08036548	10.00	-22.77062	0	0.00	0.06687751	14.4105	10.00	-14.41215
0.08036548	10.00	-22.63528	0	0.00	0.1353334	14.37649	10.00	-14.37814
0.08036548	10.00	-22.57116	0	0.00	0.06412563	14.34252	10.00	-14.34417
0.08036548	10.00	-22.5071	0	0.00	0.06405627	14.27103	10.00	-14.27268
0.08036548	10.00	-22.3723	0	0.00	0.134804	14.23785	10.00	-14.2395
0.08036548	10.00	-22.30974	0	0.00	0.06255859	14.20254	10.00	-14.20418
0.08036548	10.00	-22.24314	0	0.00	0.06660148	14.13072	10.00	-14.13236
0.08036548	10.00	-22.10771	0	0.00	0.135424	14.09739	10.00	-14.09903
0.08036548	10.00	-22.04487	0	0.00	0.06284595	14.06094	10.00	-14.06257
0.08036548	10.00	-21.97613	0	0.00	0.06873758	13.99067	10.00	-13.9923
0.08036548	10.00	-21.84363	0	0.00	0.1324966	13.95208	10.00	-13.95371
0.08036548	10.00	-21.77087	0	0.00	0.07276632	13.88512	10.00	-13.88675
0.08036548	10.00	-21.6446	0	0.00	0.126268	13.84716	10.00	-13.84878
0.08036548	10.00	-21.57302	0	0.00	0.07158289	13.78023	10.00	-13.78185
0.08036548	10.00	-21.44681	0	0.00	0.1262029	13.74674	10.00	-13.74836
0.08036548	10.00	-21.38367	0	0.00	0.06314889	13.67471	10.00	-13.67632
0.08036548	10.00	-21.24782	0	0.00	0.1358444	13.64163	10.00	-13.64324
0.08036548	10.00	-21.18546	0	0.00	0.06236324	13.56992	10.00	-13.57153
0.08036548	10.00	-21.05024	0	0.00	0.1352216	13.53622	10.00	-13.53782
0.08036548	10.00	-20.98668	0	0.00	0.06355374	13.46559	10.00	-13.46719
0.08036548	10.00	-20.85351	0	0.00	0.1331761	13.4316	10.00	-13.4332
0.08036548	10.00	-20.78941	0	0.00	0.06409449	13.36073	10.00	-13.36233
0.08036548	10.00	-20.65577	0	0.00	0.133639	13.32566	10.00	-13.32725
0.08036548	10.00	-20.58964	0	0.00	0.06613151	13.25432	10.00	-13.2559
0.08036548	10.00	-20.4551	0	0.00	0.1345393	13.21338	10.00	-13.21497
0.08036548	10.00	-20.37792	0	0.00	0.07718433	13.14907	10.00	-13.15065
0.08036548	10.00	-20.25665	0	0.00	0.121264	13.10873	10.00	-13.11031
0.08036548	10.00	-20.18058	0	0.00	0.07607735	13.04433	10.00	-13.04591
0.08036548	10.00	-20.05914	0	0.00	0.1214339	12.98732	10.00	-12.98889
0.08036548	10.00	-19.95164	0	0.00	0.1074975	12.93959	10.00	-12.94116
0.08036548	10.00	-19.86164	0	0.00	0.09000946	12.90442	10.00	-12.90599
0.08036548	10.00	-19.79532	0	0.00	0.06631836	12.83408	10.00	-12.83564
0.08036548	10.00	-19.66267	0	0.00	0.1326495	12.80107	10.00	-12.80263
0.08036548	10.00	-19.60043	0	0.00	0.06224009	12.76531	10.00	-12.76687
0.08036548	10.00	-19.53299	0	0.00	0.06743384	12.69355	10.00	-12.6951
0.08036548	10.00	-19.39768	0	0.00	0.1353164	12.64717	10.00	-12.64873
0.08036548	10.00	-19.31023	0	0.00	0.08744726	12.5895	10.00	-12.59104
0.08036548	10.00	-19.20147	0	0.00	0.1087602	12.54125	10.00	-12.54279
0.08036548	10.00	-19.1105	0	0.00	0.09096922	12.48377	10.00	-12.48531
0.08036548	10.00	-19.0021	0	0.00	0.1084035	12.44698	10.00	-12.44851
0.08036548	10.00	-18.93272	0	0.00	0.06937459	12.37843	10.00	-12.37996
0.08036548	10.00	-18.80346	0	0.00	0.1292676	12.33968	10.00	-12.34122
0.08036548	10.00	-18.7304	0	0.00	0.07305226	12.27371	10.00	-12.27524
0.08036548	10.00	-18.606	0	0.00	0.124408	12.23463	10.00	-12.23616
0.08036548	10.00	-18.53231	0	0.00	0.07368503	12.16879	10.00	-12.17031
0.08036548	10.00	-18.40816	0	0.00	0.1241518	12.13376	10.00	-12.13528
0.08036548	10.00	-18.3421	0	0.00	0.0660579	12.09982	10.00	-12.10135
0.08036548	10.00	-18.27811	0	0.00	0.06399115	12.06464	10.00	-12.06616
0.08036548	10.00	-18.21177	0	0.00	0.06633818	11.99413	10.00	-11.99564
0.08036548	10.00	-18.07881	0	0.00	0.1329595	11.95853	10.00	-11.96004
0.08036548	10.00	-18.01168	0	0.00	0.06712949	11.92492	10.00	-11.92643
0.08036548	10.00	-17.94829	0	0.00	0.06339095	11.88949	10.00	-11.891
0.08036548	10.00	-17.88148	0	0.00	0.06680533	11.85444	10.00	-11.85594
0.08036548	10.00	-17.81539	0	0.00	0.06609329	11.78322	10.00	-11.78471
0.08036548	10.00	-17.68109	0	0.00	0.1343043	11.74794	10.00	-11.74944
0.08036548	10.00	-17.61458	0	0.00	0.06650664	11.71406	10.00	-11.71555
0.08036548	10.00	-17.55068	0	0.00	0.06389914	11.64326	10.00	-11.64475
0.08036548	10.00	-17.41719	0	0.00	0.133496	11.60878	10.00	-11.61027
0.08036548	10.00	-17.35216	0	0.00	0.06502594	11.53729	10.00	-11.53877
0.08036548	10.00	-17.21735	0	0.00	0.1348111	11.50359	10.00	-11.50508
0.08036548	10.00	-17.15381	0	0.00	0.06353676	11.43206	10.00	-11.43354
0.08036548	10.00	-17.01893	0	0.00	0.1348847	11.39845	10.00	-11.39992
0.08036548	10.00	-16.95553	0	0.00	0.06339378	11.32664	10.00	-11.32811
0.08036548	10.00	-16.82013	0	0.00	0.1354084	11.29304	10.00	-11.29451
0.08036548	10.00	-16.75677	0	0.00	0.06335415	11.2225	10.00	-11.22396
0.08036548	10.00	-16.62375	0	0.00	0.1330161	11.18763	10.00	-11.1891
0.08036548	10.00	-16.55801	0	0.00	0.06574647	11.11662	10.00	-11.11808
0.08036548	10.00	-16.42411	0	0.00	0.1339023	11.08207	10.00	-11.08353
0.08036548	10.00	-16.35896	0	0.00	0.06514485	11.04767	10.00	-11.04913
0.08036548	10.00	-16.29409	0	0.00	0.06487306	10.97612	10.00	-10.97757
0.08036548	10.00	-16.15917	0	0.00	0.1349201	10.94248	10.00	-10.94393
0.08036548	10.00	-16.09573	0	0.00	0.06343625	10.90588	10.00	-10.90733
0.08018171	10.00	-16.02672	-0.0001837695	0.00	0.06901363	10.83584	10.00	-10.83728
0.05041454	10.00	-15.89464	-0.02976717	0.00	0.1320818	10.78855	10.00	-10.78999
0.01736755	10.00	-15.80547	-0.03304699	0.00	0.08916861	10.73197	10.00	-10.7334
-0.02837237	10.00	-15.69878	-0.04573992	0.00	0.106692	10.69746	10.00	-10.69889
-0.05753238	10.00	-15.6337	-0.02916	0.00	0.06507832	10.62668	10.00	-10.62811
-0.1315448	10.00	-15.50024	-0.07401241	0.00	0.1334549	10.59234	10.00	-10.59377
-0.1743602	10.00	-15.43548	-0.04281546	0.00	0.06476406	10.5218	10.00	-10.52323
-0.2700168	10.00	-15.30247	-0.09565655	0.00	0.1330048	10.48745	10.00	-10.48887
-0.3178637	10.00	-15.23769	-0.04784692	0.00	0.06478388	10.41657	10.00	-10.41799
-0.4204551	10.00	-15.10404	-0.1025914	0.00	0.1336503	10.38234	10.00	-10.38376
-0.4731252	10.00	-15.0395	-0.05267006	0.00	0.06454465	10.31139	10.00	-10.3128
-0.587487	10.00	-14.9057	-0.1143619	0.00	0.1337947	10.27667	10.00	-10.27808
-0.643446	10.00	-14.84023	-0.05595887	0.00	0.0654676	10.20605	10.00	-10.20745
-0.7572742	10.00	-14.70706	-0.1138283	0.00	0.1331704	10.16701	10.00	-10.16841
-0.8202001	10.00	-14.63344	-0.0629259	0.00	0.07361849	10.10043	10.00	-10.10183
-0.9275067	10.00	-14.5079	-0.1073065	0.00	0.1255404	10.05591	10.00	-10.05731
-0.9992654	10.00	-14.42395	-0.07175871	0.00	0.0839522	9.995901	10.00	-9.997293
-1.095988	10.00	-14.31079	-0.09672289	0.00	0.1131584	9.943992	10.00	-9.945381
-1.176811	10.00	-14.21291	-0.0808227	0.00	0.0978829	9.889567	10.00	-9.890953
-1.259564	10.00	-14.11028	-0.08275323	0.00	0.1026279	9.850333	10.00	-9.851716
-1.320654	10.00	-14.0363	-0.06109012	0.00	0.07398513	9.784993	10.00	-9.786373
-1.414037	10.00	-13.91309	-0.09338246	0.00	0.1232076	9.737869	10.00	-9.739248
-1.478803	10.00	-13.82423	-0.06476615	0.00	0.08885718	9.68165	10.00	-9.683022
-1.550941	10.00	-13.71822	-0.07213782	0.00	0.1060126	9.64604	10.00	-9.647411
-1.595983	10.00	-13.65107	-0.04504254	0.00	0.06714931	9.611423	10.00	-9.61279
-1.637876	10.00	-13.58579	-0.04189282	0.00	0.06528074	9.540167	10.00	-9.541532
-1.728006	10.00	-13.45142	-0.0901297	0.00	0.1343651	9.504935	10.00	-9.506298
-1.77128	10.00	-13.38499	-0.04327462	0.00	0.06643161	9.471293	10.00	-9.472652
-1.809535	10.00	-13.32155	-0.03825473	0.00	0.06344049	9.436046	10.00	-9.437407
-1.847682	10.00	-13.25509	-0.03814732	0.00	0.06646417	9.365457	10.00	-9.366812
-1.918925	10.00	-13.12198	-0.07124233	0.00	0.1331081	9.330592	10.00	-9.331944
-1.953474	10.00	-13.05624	-0.03454933	0.00	0.06574081	9.296069	10.00	-9.29742
-1.987056	10.00	-12.99114	-0.03358198	0.00	0.06509955	9.260892	10.00	-9.262239
-2.019991	10.00	-12.9248	-0.03293484	0.00	0.06633535	9.188721	10.00	-9.190064
-2.084923	10.00	-12.78872	-0.06493151	0.00	0.1360893	9.155382	10.00	-9.156724
-2.1137	10.00	-12.72585	-0.02877799	0.00	0.06286719	9.084286	10.00	-9.085623
-2.172474	10.00	-12.59178	-0.05877313	0.00	0.134065	9.049909	10.00	-9.051246
-2.200891	10.00	-12.52696	-0.02841753	0.00	0.0648221	8.978569	10.00	-8.9799
-2.259865	10.00	-12.39244	-0.05897358	0.00	0.1345223	8.945102	10.00	-8.946431
-2.287532	10.00	-12.32933	-0.02766725	0.00	0.06311066	8.874067	10.00	-8.87539
-2.350145	10.00	-12.19538	-0.06261328	0.00	0.133949	8.839525	10.00	-8.84085
-2.380591	10.00	-12.13025	-0.03044544	0.00	0.06513211	8.768888	10.00	-8.770205
-2.445436	10.00	-11.99704	-0.06484483	0.00	0.1332044	8.733407	10.00	-8.734724
-2.481242	10.00	-11.93014	-0.03580641	0.00	0.06690016	8.664121	10.00	-8.665433
-2.556231	10.00	-11.79949	-0.07498898	0.00	0.1306535	8.629499	10.00	-8.630811
-2.594333	10.00	-11.73421	-0.03810184	0.00	0.06528357	8.557571	10.00	-8.558875
-2.678748	10.00	-11.59857	-0.08441564	0.00	0.1356363	8.489688	10.00	-8.490991
-2.758414	10.00	-11.47056	-0.07966524	0.00	0.1280035	8.454816	10.00	-8.456117
-2.800611	10.00	-11.40481	-0.04219715	0.00	0.06575496	8.417566	10.00	-8.418863
-2.847048	10.00	-11.33457	-0.04643714	0.00	0.07024235	8.348473	10.00	-8.349767
-2.933181	10.00	-11.20428	-0.08613346	0.00	0.1302883	8.312109	10.00	-8.3134
-2.978514	10.00	-11.13571	-0.04533286	0.00	0.06857196	8.241069	10.00	-8.242356
-3.070964	10.00	-11.00175	-0.09244946	0.00	0.133956	8.208485	10.00	-8.209772
-3.113962	10.00	-10.94031	-0.04299878	0.00	0.0614417	8.138253	10.00	-8.139536
-3.206644	10.00	-10.80788	-0.09268157	0.00	0.1324343	8.103741	10.00	-8.10502
-3.252189	10.00	-10.7428	-0.04554479	0.00	0.06507973	8.033184	10.00	-8.03446
-3.345299	10.00	-10.60975	-0.09311052	0.00	0.1330472	7.998078	10.00	-7.999349
-3.391628	10.00	-10.54355	-0.04632841	0.00	0.06619946	7.927852	10.00	-7.92912
-3.47789	10.00	-10.41113	-0.08626246	0.00	0.132423	7.892327	10.00	-7.893593
-3.519582	10.00	-10.34414	-0.04169199	0.00	0.06698935	7.822749	10.00	-7.824011
-3.592345	10.00	-10.21293	-0.07276338	0.00	0.1312027	7.788648	10.00	-7.789909
-3.628005	10.00	-10.14864	-0.03565904	0.00	0.06429834	7.717703	10.00	-7.71896
-3.702198	10.00	-10.01486	-0.07419297	0.00	0.1337805	7.683473	10.00	-7.684728
-3.737995	10.00	-9.950308	-0.03579721	0.00	0.06454748	7.611851	10.00	-7.613104
-3.810277	10.00	-9.815256	-0.07228258	0.00	0.1350517	7.578062	10.00	-7.57931
-3.843147	10.00	-9.751536	-0.03287	0.00	0.06371936	7.50626	10.00	-7.507504
-3.912992	10.00	-9.616141	-0.06984464	0.00	0.1353957	7.46379	10.00	-7.465031
-3.954304	10.00	-9.536057	-0.04131223	0.00	0.08008485	7.402934	10.00	-7.404169
-4.013502	10.00	-9.4213	-0.05919784	0.00	0.1147566	7.362484	10.00	-7.36372
-4.052848	10.00	-9.345025	-0.03934644	0.00	0.07627412	7.295756	10.00	-7.296987
-4.117757	10.00	-9.219199	-0.06490827	0.00	0.1258264	7.248908	10.00	-7.250136
-4.163329	10.00	-9.130857	-0.04557168	0.00	0.08834191	7.192528	10.00	-7.193754
-4.218169	10.00	-9.024548	-0.05484053	0.00	0.1063098	7.148418	10.00	-7.14964
-4.2643	10.00	-8.941366	-0.04613097	0.00	0.08318072	7.086912	10.00	-7.088131
-4.331989	10.00	-8.825388	-0.06768905	0.00	0.1159782	7.051397	10.00	-7.052616
-4.371075	10.00	-8.758419	-0.03908582	0.00	0.06696953	7.018526	10.00	-7.019742
-4.408451	10.00	-8.696436	-0.03737552	0.00	0.06198245	6.982628	10.00	-6.983842
-4.449925	10.00	-8.628742	-0.04147526	0.00	0.06769431	6.912784	10.00	-6.913994
-4.53572	10.00	-8.497038	-0.08579402	0.00	0.1317039	6.876485	10.00	-6.877692
-4.582295	10.00	-8.428592	-0.04657508	0.00	0.06844597	6.841468	10.00	-6.842672
-4.628506	10.00	-8.362559	-0.04621151	0.00	0.06603242	6.807306	10.00	-6.808508
-4.673589	10.00	-8.29814	-0.04508314	0.00	0.06442007	6.772335	10.00	-6.773536
-4.721014	10.00	-8.2322	-0.0474241	0.00	0.0659404	6.701693	10.00	-6.702888
-4.819397	10.00	-8.098989	-0.09838388	0.00	0.13321	6.665259	10.00	-6.666454
-4.870136	10.00	-8.03029	-0.05073875	0.00	0.06869937	6.626854	10.00	-6.628045
-4.926428	10.00	-7.957869	-0.05629232	0.00	0.07242092	6.56112	10.00	-6.562307
-5.031178	10.00	-7.833915	-0.1047499	0.00	0.1239536	6.525761	10.00	-6.526947
-5.088171	10.00	-7.767239	-0.05699219	0.00	0.0666765	6.45509	10.00	-6.456271
-5.204658	10.00	-7.633976	-0.1164877	0.00	0.1332624	6.42016	10.00	-6.42134
-5.263508	10.00	-7.568111	-0.05884995	0.00	0.06586538	6.348889	10.00	-6.350064
-5.383588	10.00	-7.433716	-0.1200802	0.00	0.1343949	6.31122	10.00	-6.312392
-5.447053	10.00	-7.362685	-0.0634652	0.00	0.07103082	6.245474	10.00	-6.246643
-5.557825	10.00	-7.238709	-0.1107713	0.00	0.1239762	6.210856	10.00	-6.212022
-5.61615	10.00	-7.173431	-0.05832505	0.00	0.06527791	6.139567	10.00	-6.140729
-5.736259	10.00	-7.039004	-0.1201093	0.00	0.1344274	6.106055	10.00	-6.107215
-5.794557	10.00	-6.975811	-0.05829766	0.00	0.06319277	6.034407	10.00	-6.035565
-5.920504	10.00	-6.840707	-0.1259467	0.00	0.1351041	6.000899	10.00	-6.002053
-5.979407	10.00	-6.777521	-0.05890295	0.00	0.06318569	5.929214	10.00	-5.930364
-6.105421	10.00	-6.642345	-0.126014	0.00	0.1351763	5.896328	10.00	-5.897477
-6.163229	10.00	-6.580334	-0.05780766	0.00	0.06201077	5.860352	10.00	-5.861497
-6.22647	10.00	-6.512494	-0.06324189	0.00	0.06784011	5.789342	10.00	-5.790484
-6.351294	10.00	-6.378595	-0.1248237	0.00	0.1338994	5.755579	10.00	-5.75672
-6.410647	10.00	-6.314926	-0.05935295	0.00	0.06366841	5.683809	10.00	-5.684946
-6.526323	10.00	-6.179595	-0.1156759	0.00	0.135332	5.650923	10.00	-5.652057
-6.577529	10.00	-6.117579	-0.0512063	0.00	0.06201501	5.57963	10.00	-5.58076
-6.685929	10.00	-5.983145	-0.1084002	0.00	0.1344345	5.545461	10.00	-5.546588
-6.735389	10.00	-5.918712	-0.04945932	0.00	0.06443281	5.474613	10.00	-5.475735
-6.826296	10.00	-5.785116	-0.09090772	0.00	0.1335965	5.440311	10.00	-5.441432
-6.867178	10.00	-5.720434	-0.04088226	0.00	0.06468195	5.369142	10.00	-5.370258
-6.942904	10.00	-5.586233	-0.07572559	0.00	0.1342009	5.327938	10.00	-5.329051
-6.983737	10.00	-5.508534	-0.0408334	0.00	0.07769819	5.263418	10.00	-5.264529
-7.039429	10.00	-5.386873	-0.0556917	0.00	0.1216618	5.223779	10.00	-5.224887
-7.072198	10.00	-5.312125	-0.03276903	0.00	0.07474812	5.159135	10.00	-5.160239
-7.109112	10.00	-5.190229	-0.03691383	0.00	0.1218953	5.124298	10.00	-5.1254
-7.125825	10.00	-5.124537	-0.01671339	0.00	0.06569268	5.053902	10.00	-5.055001
-7.140317	10.00	-4.991794	-0.01449215	0.00	0.1327429	5.017532	10.00	-5.018628
-7.145813	10.00	-4.92321	-0.005495298	0.00	0.06858329	4.947474	10.00	-4.948565
-7.152561	10.00	-4.791104	-0.006747602	0.00	0.1321059	4.911245	10.00	-4.912334
-7.154066	10.00	-4.722787	-0.001504929	0.00	0.06831716	4.844211	10.00	-4.845297
-7.155626	10.00	-4.596384	-0.001560543	0.00	0.1264039	4.805799	10.00	-4.806881
-7.15652	10.00	-4.52395	-0.0008942432	0.00	0.07243366	4.736676	10.00	-4.737755
-7.158129	10.00	-4.393606	-0.00160918	0.00	0.1303435	4.690207	10.00	-4.691283
-7.162605	10.00	-4.305982	-0.004475601	0.00	0.08762421	4.633626	10.00	-4.634699
-7.171154	10.00	-4.199288	-0.008548908	0.00	0.1066934	4.5966	10.00	-4.59767
-7.176748	10.00	-4.129469	-0.005594317	0.00	0.06981909	4.526908	10.00	-4.527974
-7.187278	10.00	-3.998055	-0.01052975	0.00	0.1314151	4.491094	10.00	-4.492157
-7.193997	10.00	-3.930519	-0.006719246	0.00	0.06753576	4.422211	10.00	-4.423272
-7.209435	10.00	-3.80063	-0.01543828	0.00	0.1298891	4.388692	10.00	-4.38975
-7.22062	10.00	-3.737424	-0.01118452	0.00	0.06320551	4.317065	10.00	-4.318119
-7.252368	10.00	-3.602357	-0.03174784	0.00	0.1350673	4.282712	10.00	-4.283763
-7.267594	10.00	-3.53758	-0.01522592	0.00	0.0647768	4.247555	10.00	-4.248605
-7.287028	10.00	-3.471286	-0.01943413	0.00	0.0662943	4.176745	10.00	-4.177791
-7.346857	10.00	-3.337761	-0.05982897	0.00	0.1335243	4.142394	10.00	-4.143437
-7.379018	10.00	-3.272985	-0.03216103	0.00	0.0647768	4.071236	10.00	-4.072276
-7.467724	10.00	-3.138805	-0.08870608	0.00	0.1341797	4.031096	10.00	-4.032133
-7.519963	10.00	-3.063112	-0.05223887	0.00	0.07569231	3.966505	10.00	-3.967538
-7.605201	10.00	-2.941315	-0.08523773	0.00	0.1217977	3.931959	10.00	-3.932989
-7.650789	10.00	-2.876173	-0.04558838	0.00	0.06514202	3.861267	10.00	-3.862293
-7.744078	10.00	-2.742871	-0.09328885	0.00	0.133302	3.82784	10.00	-3.828865
-7.783307	10.00	-2.679839	-0.03922869	0.00	0.0630314	3.756062	10.00	-3.757082
-7.846576	10.00	-2.544488	-0.06326903	0.00	0.1353518	3.721982	10.00	-3.723
-7.872259	10.00	-2.480225	-0.0256834	0.00	0.06426295	3.687067	10.00	-3.688084
-7.893472	10.00	-2.414388	-0.02121257	0.00	0.06583707	3.615543	10.00	-3.616555
-7.922561	10.00	-2.279517	-0.02908972	0.00	0.1348705	3.582017	10.00	-3.583026
-7.933136	10.00	-2.216296	-0.01057511	0.00	0.06322108	3.510724	10.00	-3.51173
-7.942606	10.00	-2.081861	-0.009469969	0.00	0.1344345	3.476447	10.00	-3.477451
-7.942606	10.00	-2.017226	0	0.00	0.06463524	3.405995	10.00	-3.406995
-7.942606	10.00	-1.884376	0	0.00	0.1328505	3.371821	10.00	-3.372819
-7.942606	10.00	-1.819936	0	0.00	0.06443989	3.333613	10.00	-3.334608
-7.942606	10.00	-1.747889	0	0.00	0.0720472	3.265338	10.00	-3.266329
-7.942606	10.00	-1.619143	0	0.00	0.1287453	3.232375	10.00	-3.233352
-7.942606	10.00	-1.556973	0	0.00	0.06217073	3.196911	10.00	-3.197836
-7.942606	10.00	-1.490026	0	0.00	0.06694688	3.12504	10.00	-3.125773
-7.942606	10.00	-1.354285	0	0.00	0.1357411	3.089252	10.00	-3.089888
-7.942606	10.00	-1.286691	0	0.00	0.0675938	3.020223	10.00	-3.02061
-7.942606	10.00	-1.156258	0	0.00	0.1304327	2.986917	10.00	-2.987159
-7.942606	10.00	-1.093288	0	0.00	0.06297053	2.915713	10.00	-2.915583
-7.942606	10.00	-0.9585502	0	0.00	0.1347374	2.882315	10.00	-2.881986
-7.942606	10.00	-0.8953419	0	0.00	0.06320834	2.81087	10.00	-2.810079
-7.942606	10.00	-0.7599802	0	0.00	0.1353617	2.777431	10.00	-2.776398
-7.942606	10.00	-0.6966147	0	0.00	0.06336547	2.706346	10.00	-2.704702
-7.942606	10.00	-0.5618929	0	0.00	0.1347219	2.673177	10.00	-2.671244
-7.942606	10.00	-0.4990299	0	0.00	0.06286294	2.637861	10.00	-2.635589
-7.942606	10.00	-0.432042	0	0.00	0.06698793	2.567358	10.00	-2.564376
-7.955921	10.00	-0.2982176	-0.01331441	0.00	0.1338244	2.534401	10.00	-2.531044
-7.963971	10.00	-0.2355939	-0.008049672	0.00	0.06262371	2.49704	10.00	-2.493288
-7.979281	10.00	-0.1646083	-0.0153106	0.00	0.07098552	2.428812	10.00	-2.424343
-8.018537	10.00	-0.03497972	-0.03925573	0.00	0.1296286	2.366108	10.00	-2.36098
-8.060382	10.00	0.08415241	-0.04184476	0.00	0.1191321	2.323487	10.00	-2.317913
-8.088824	10.00	0.1651277	-0.02844229	0.00	0.08097525	2.276855	10.00	-2.270775
-8.123364	10.00	0.2536975	-0.0345403	0.00	0.08856982	2.220052	10.00	-2.213348
-8.171704	10.00	0.3615814	-0.04834016	0.00	0.107884	2.140165	10.00	-2.132661
-8.245552	10.00	0.5132803	-0.0738481	0.00	0.1516989	2.110595	10.00	-2.102797
-8.27343	10.00	0.5694292	-0.02787735	0.00	0.05614886	2.072448	10.00	-2.064271
-8.312198	10.00	0.6418628	-0.03876805	0.00	0.07243366	2.011372	10.00	-2.00259
-8.37539	10.00	0.7578326	-0.06319241	0.00	0.1159697	1.977394	10.00	-1.968277
-8.413024	10.00	0.8223135	-0.0376334	0.00	0.06448095	1.942609	10.00	-1.933117
-8.453475	10.00	0.8883374	-0.04045184	0.00	0.06602392	1.871731	10.00	-1.861478
-8.537201	10.00	1.022865	-0.08372582	0.00	0.1345279	1.838114	10.00	-1.827498
-8.576933	10.00	1.086705	-0.03973175	0.00	0.06383969	1.803306	10.00	-1.792352
-8.618062	10.00	1.15279	-0.04112903	0.00	0.06608479	1.733196	10.00	-1.721559
-8.700904	10.00	1.285898	-0.08284216	0.00	0.1331081	1.697956	10.00	-1.685977
-8.742544	10.00	1.352804	-0.04164001	0.00	0.06690583	1.664123	10.00	-1.651817
-8.777526	10.00	1.417002	-0.03498168	0.00	0.06419783	1.629353	10.00	-1.616679
-8.812204	10.00	1.482989	-0.03467878	0.00	0.06598712	1.594788	10.00	-1.58175
-8.844772	10.00	1.548585	-0.03256796	0.00	0.06559642	1.524017	10.00	-1.510232
-8.890671	10.00	1.682962	-0.04589814	0.00	0.1343765	1.488811	10.00	-1.474689
-8.910263	10.00	1.749795	-0.01959224	0.00	0.06683364	1.454708	10.00	-1.440258
-8.92424	10.00	1.814596	-0.01397666	0.00	0.06480087	1.420331	10.00	-1.405515
-8.934554	10.00	1.880047	-0.0103143	0.00	0.06545062	1.385821	10.00	-1.370621
-8.943643	10.00	1.945803	-0.009089057	0.00	0.06575638	1.31658	10.00	-1.300569
-8.95422	10.00	2.07781	-0.01057716	0.00	0.1320068	1.281335	10.00	-1.264911
-8.9557	10.00	2.145005	-0.001480201	0.00	0.0671946	1.24712	10.00	-1.230268
-8.956506	10.00	2.210219	-0.0008051142	0.00	0.06521422	1.212283	10.00	-1.194993
-8.956506	10.00	2.276646	0	0.00	0.06642736	1.177497	10.00	-1.159834
-8.956506	10.00	2.34294	0	0.00	0.0662943	1.107527	10.00	-1.089211
-8.956506	10.00	2.476218	0	0.00	0.133278	1.072186	10.00	-1.053669
-8.956506	10.00	2.543393	0	0.00	0.06717478	1.038715	10.00	-1.020091
-8.956506	10.00	2.606927	0	0.00	0.06353392	1.004513	10.00	-0.9858518
-8.956506	10.00	2.671753	0	0.00	0.06482635	0.9332756	10.00	-0.9145563
-8.956506	10.00	2.806637	0	0.00	0.1348833	0.8977066	10.00	-0.8790725
-8.956506	10.00	2.873795	0	0.00	0.0671578	0.8639656	10.00	-0.8454896
-8.956506	10.00	2.937355	0	0.00	0.06356082	0.8285775	10.00	-0.8102821
-8.956506	10.00	3.004008	0	0.00	0.06665244	0.7586391	10.00	-0.7406995
-8.956506	10.00	3.135736	0	0.00	0.1317279	0.7234879	10.00	-0.7057008
-8.956506	10.00	3.201904	0	0.00	0.06616832	0.6891232	10.00	-0.6714755
-8.956506	10.00	3.266593	0	0.00	0.06468903	0.6532811	10.00	-0.6357353
-8.956506	10.00	3.33411	0	0.00	0.06751736	0.5828363	10.00	-0.5654773
-8.956506	10.00	3.466896	0	0.00	0.1327854	0.5475041	10.00	-0.530171
-8.956506	10.00	3.533555	0	0.00	0.06665952	0.5134699	10.00	-0.4960884
-8.956676	10.00	3.597795	-0.0001710591	0.00	0.0642403	0.4788412	10.00	-0.4614099
-8.97204	10.00	3.663158	-0.01536367	0.00	0.06536285	0.44369	10.00	-0.4261804
-8.994064	10.00	3.729521	-0.02202436	0.00	0.06636225	0.3730851	10.00	-0.3554186
-9.06928	10.00	3.862817	-0.07521518	0.00	0.1332964	0.3377812	10.00	-0.3200368
-9.108824	10.00	3.929467	-0.03954447	0.00	0.06664961	0.3033153	10.00	-0.2855227
-9.151201	10.00	3.994521	-0.04237739	0.00	0.06505425	0.2687203	10.00	-0.2508795
-9.19437	10.00	4.059819	-0.04316827	0.00	0.06529773	0.1983755	10.00	-0.1804368
-9.293718	10.00	4.192594	-0.09934857	0.00	0.1327755	0.1626116	10.00	-0.1446238
-9.345534	10.00	4.260098	-0.05181618	0.00	0.0675032	0.1287674	10.00	-0.1107336
-9.393332	10.00	4.323977	-0.04779739	0.00	0.06387933	0.09344356	10.00	-0.0753618
-9.44451	10.00	4.390649	-0.05117834	0.00	0.06667226	0.05854535	10.00	-0.04041595
-9.49571	10.00	4.456519	-0.05120004	0.00	0.06586963	-0.0117177	10.00	0.02994137
-9.60393	10.00	4.589136	-0.1082187	0.00	0.1326169	-0.04810518	10.00	0.06637779
-9.659973	10.00	4.657815	-0.05604424	0.00	0.06867955	-0.08184391	10.00	0.1001607
-9.711937	10.00	4.721493	-0.05196311	0.00	0.06367831	-0.1167781	10.00	0.1351414
-9.765742	10.00	4.787429	-0.05380556	0.00	0.06593616	-0.1887096	10.00	0.2071671
-9.876529	10.00	4.923193	-0.1107866	0.00	0.1357637	-0.2228775	10.00	0.2414063
-9.929163	10.00	4.987694	-0.05263425	0.00	0.06450076	-0.257115	10.00	0.2757167
-9.983159	10.00	5.052329	-0.05399569	0.00	0.06463524	-0.3220417	10.00	0.3407784
-10.08792	10.00	5.174895	-0.1047644	0.00	0.1225663	-0.3635195	10.00	0.382342
-10.15485	10.00	5.253195	-0.06692728	0.00	0.07829981	-0.4094185	10.00	0.428335
-10.22891	10.00	5.33984	-0.07406008	0.00	0.08664463	-0.4675887	10.00	0.4866247
-10.32277	10.00	5.44965	-0.0938613	0.00	0.1098106	-0.5034212	10.00	0.5225301
-10.38059	10.00	5.517292	-0.05781739	0.00	0.06764193	-0.5393011	10.00	0.5584828
-10.43848	10.00	5.585023	-0.05789362	0.00	0.06773111	-0.607962	10.00	0.6272814
-10.54927	10.00	5.714634	-0.1107852	0.00	0.1296102	-0.6430211	10.00	0.6624109
-10.60584	10.00	5.780815	-0.0565687	0.00	0.06618106	-0.676961	10.00	0.6964183
-10.6606	10.00	5.844882	-0.05476221	0.00	0.06406759	-0.7122573	10.00	0.731784
-10.71755	10.00	5.91151	-0.05694984	0.00	0.06662696	-0.7476611	10.00	0.7672572
-10.77467	10.00	5.978339	-0.05712287	0.00	0.06682939	-0.8176887	10.00	0.8374224
-10.88766	10.00	6.110527	-0.1129886	0.00	0.132188	-0.8534287	10.00	0.8732318
-10.94532	10.00	6.17799	-0.05766494	0.00	0.06746357	-0.8866074	10.00	0.906475
-10.99886	10.00	6.24062	-0.05353288	0.00	0.06262937	-0.921967	10.00	0.9419022
-11.05591	10.00	6.307364	-0.05705027	0.00	0.06674445	-0.9940819	10.00	1.014156
-11.16304	10.00	6.443489	-0.107127	0.00	0.1361247	-1.02766	10.00	1.047797
-11.21291	10.00	6.50687	-0.04987939	0.00	0.06338104	-1.099846	10.00	1.12012
-11.30959	10.00	6.643127	-0.09667671	0.00	0.1362578	-1.133122	10.00	1.153459
-11.35112	10.00	6.705938	-0.041524	0.00	0.06281056	-1.204519	10.00	1.225
-11.42196	10.00	6.840738	-0.07084247	0.00	0.1347997	-1.237907	10.00	1.258456
-11.45145	10.00	6.90384	-0.02949656	0.00	0.06310217	-1.309086	10.00	1.329829
-11.49869	10.00	7.038307	-0.04723111	0.00	0.1344671	-1.344165	10.00	1.365007
-11.52069	10.00	7.104619	-0.02200745	0.00	0.06631128	-1.413854	10.00	1.434946
-11.54656	10.00	7.236379	-0.02586729	0.00	0.1317605	-1.458474	10.00	1.479727
-11.55414	10.00	7.320743	-0.007576641	0.00	0.08436414	-1.518496	10.00	1.540008
-11.55554	10.00	7.434244	-0.001401247	0.00	0.113501	-1.552576	10.00	1.574258
-11.55554	10.00	7.49876	0	0.00	0.06451634	-1.588009	10.00	1.609867
-11.55554	10.00	7.565896	0	0.00	0.06713516	-1.657531	10.00	1.679852
-11.55554	10.00	7.697792	0	0.00	0.1318964	-1.691298	10.00	1.713872
-11.55554	10.00	7.761859	0	0.00	0.06406759	-1.762074	10.00	1.785158
-11.55554	10.00	7.896198	0	0.00	0.1343382	-1.796187	10.00	1.819568
-11.55554	10.00	7.960959	0	0.00	0.06476123	-1.866391	10.00	1.89041
-11.55554	10.00	8.094183	0	0.00	0.1332242	-1.90122	10.00	1.92556
-11.55554	10.00	8.160256	0	0.00	0.06607347	-1.970937	10.00	1.996002
-11.55554	10.00	8.292648	0	0.00	0.1323918	-2.006016	10.00	2.031432
-11.55554	10.00	8.359251	0	0.00	0.06660289	-2.075197	10.00	2.101463
-11.55554	10.00	8.49073	0	0.00	0.1314788	-2.110473	10.00	2.137144
-11.55554	10.00	8.557847	0	0.00	0.06711675	-2.179481	10.00	2.207026
-11.55554	10.00	8.689197	0	0.00	0.13135	-2.214547	10.00	2.242565
-11.55554	10.00	8.755989	0	0.00	0.06679258	-2.283935	10.00	2.312985
-11.55554	10.00	8.888507	0	0.00	0.1325178	-2.317118	10.00	2.346656
-11.55554	10.00	8.951902	0	0.00	0.06339519	-2.354843	10.00	2.384991
-11.55554	10.00	9.024099	0	0.00	0.07219726	-2.424172	10.00	2.455343
-11.55554	10.00	9.156788	0	0.00	0.1326877	-2.454942	10.00	2.486475
-11.55554	10.00	9.215696	0	0.00	0.05890923	-2.528309	10.00	2.560699
-11.55554	10.00	9.356112	0	0.00	0.1404153	-2.573265	10.00	2.606135
-11.55554	10.00	9.442056	0	0.00	0.08594392	-2.62881	10.00	2.662169
-11.55554	10.00	9.547982	0	0.00	0.1059262	-2.664114	10.00	2.697688
-11.55554	10.00	9.615034	0	0.00	0.06705163	-2.735145	10.00	2.769182
-11.55554	10.00	9.749821	0	0.00	0.134787	-2.782735	10.00	2.817141
-11.55554	10.00	9.840112	0	0.00	0.09029116	-2.838464	10.00	2.873343
-11.55554	10.00	9.945904	0	0.00	0.1057917	-2.88	10.00	2.915236
-11.55554	10.00	10.02492	0	0.00	0.07901326	-2.941797	10.00	2.977633
-11.55554	10.00	10.14274	0	0.00	0.1178241	-2.989616	10.00	3.025945
-11.55554	10.00	10.23403	0	0.00	0.09128914	-3.046282	10.00	3.083255
-11.55554	10.00	10.34219	0	0.00	0.1081586	-3.0819	10.00	3.119336
-11.55554	10.00	10.41014	0	0.00	0.06794911	-3.15001	10.00	3.188354
-11.55554	10.00	10.5401	0	0.00	0.1299613	-3.183579	10.00	3.222265
-11.55554	10.00	10.60413	0	0.00	0.06403362	-3.254139	10.00	3.293478
-11.55554	10.00	10.73856	0	0.00	0.1344317	-3.287918	10.00	3.327469
-11.55554	10.00	10.80278	0	0.00	0.06422048	-3.358296	10.00	3.398166
-11.55554	10.00	10.93644	0	0.00	0.1336574	-3.392268	10.00	3.432179
-11.55571	10.00	11.0008	-0.0001713682	0.00	0.06435637	-3.463066	10.00	3.502981
-11.56385	10.00	11.13481	-0.008142367	0.00	0.1340084	-3.497049	10.00	3.536848
-11.56899	10.00	11.19899	-0.005142888	0.00	0.06418509	-3.568935	10.00	3.608647
-11.58777	10.00	11.3348	-0.01877137	0.00	0.1358048	-3.603787	10.00	3.643457
-11.5975	10.00	11.40064	-0.009738332	0.00	0.06584132	-3.640781	10.00	3.680459
-11.61123	10.00	11.47057	-0.01372887	0.00	0.06993092	-3.708034	10.00	3.747744
-11.64112	10.00	11.5977	-0.02988253	0.00	0.1271316	-3.742458	10.00	3.782223
-11.65894	10.00	11.66282	-0.01782745	0.00	0.06511512	-3.812927	10.00	3.852886
-11.7058	10.00	11.79622	-0.0468572	0.00	0.1334026	-3.849338	10.00	3.889394
-11.73134	10.00	11.86514	-0.02554426	0.00	0.06892444	-3.917778	10.00	3.958159
-11.78562	10.00	11.99468	-0.05427755	0.00	0.1295324	-3.951957	10.00	3.992505
-11.81334	10.00	12.05933	-0.02771704	0.00	0.06465223	-4.02218	10.00	4.063066
-11.87543	10.00	12.19216	-0.06208988	0.00	0.1328292	-4.056061	10.00	4.097109
-11.90539	10.00	12.25624	-0.02995644	0.00	0.064086	-4.126944	10.00	4.168327
-11.96805	10.00	12.39031	-0.06266953	0.00	0.1340693	-4.161595	10.00	4.203139
-11.99869	10.00	12.45585	-0.03063469	0.00	0.06553697	-4.231709	10.00	4.273613
-12.06073	10.00	12.58857	-0.06204157	0.00	0.1327259	-4.266994	10.00	4.309139
-12.092	10.00	12.65547	-0.03126793	0.00	0.06689167	-4.336362	10.00	4.37892
-12.15346	10.00	12.78696	-0.06146457	0.00	0.1314915	-4.370904	10.00	4.413694
-12.18408	10.00	12.85245	-0.03061153	0.00	0.06548742	-4.4409	10.00	4.484236
-12.2461	10.00	12.98514	-0.06202768	0.00	0.1326962	-4.475002	10.00	4.518604
-12.27632	10.00	13.04979	-0.0302198	0.00	0.0646494	-4.545519	10.00	4.589663
-12.33881	10.00	13.18346	-0.06248359	0.00	0.1336715	-4.58116	10.00	4.625578
-12.37039	10.00	13.25103	-0.03158224	0.00	0.06756407	-4.649983	10.00	4.694983
-12.43141	10.00	13.38158	-0.06102586	0.00	0.130553	-4.683986	10.00	4.729269
-12.46158	10.00	13.44611	-0.03016422	0.00	0.06453049	-4.755992	10.00	4.80187
-12.52547	10.00	13.58279	-0.0638897	0.00	0.1366796	-4.803081	10.00	4.849386
-12.56556	10.00	13.67226	-0.04008938	0.00	0.08947013	-4.858151	10.00	4.904995
-12.60231	10.00	13.7769	-0.03675376	0.00	0.104638	-4.892871	10.00	4.940072
-12.62293	10.00	13.84288	-0.02062109	0.00	0.06598429	-4.963132	10.00	5.011101
-12.66081	10.00	13.97651	-0.03787775	0.00	0.1336234	-4.996975	10.00	5.045313
-12.67906	10.00	14.04087	-0.01824448	0.00	0.06436203	-5.067919	10.00	5.116917
-12.71728	10.00	14.17572	-0.03822525	0.00	0.1348493	-5.101734	10.00	5.150932
-12.73547	10.00	14.23989	-0.01818991	0.00	0.06416952	-5.171953	10.00	5.221491
-12.77064	10.00	14.37307	-0.03517451	0.00	0.133186	-5.20769	10.00	5.257267
-12.7872	10.00	14.4407	-0.01655019	0.00	0.06762494	-5.278038	10.00	5.327679
-12.81973	10.00	14.57366	-0.03254018	0.00	0.1329609	-5.321993	10.00	5.371665
-12.84008	10.00	14.65678	-0.02034164	0.00	0.08311702	-5.382514	10.00	5.432249
-12.86809	10.00	14.77125	-0.02801566	0.00	0.1144735	-5.432518	10.00	5.482351
-12.89122	10.00	14.86576	-0.0231298	0.00	0.09450958	-5.485944	10.00	5.535892
-12.91593	10.00	14.96671	-0.02470714	0.00	0.1009547	-5.533445	10.00	5.583498
-12.93791	10.00	15.05653	-0.02198204	0.00	0.08981977	-5.592189	10.00	5.642399
-12.96833	10.00	15.16762	-0.03041429	0.00	0.1110888	-5.629302	10.00	5.679638
-12.98754	10.00	15.23781	-0.01921725	0.00	0.07019138	-5.697104	10.00	5.747699
-13.02265	10.00	15.36605	-0.03510922	0.00	0.1282371	-5.734418	10.00	5.785154
-13.04198	10.00	15.43666	-0.01933158	0.00	0.07060898	-5.800936	10.00	5.851982
-13.07647	10.00	15.56261	-0.03448447	0.00	0.1259552	-5.840748	10.00	5.891978
-13.09711	10.00	15.638	-0.02063883	0.00	0.07538372	-5.905832	10.00	5.957397
-13.13445	10.00	15.76131	-0.03734252	0.00	0.1233109	-5.943504	10.00	5.995337
-13.16093	10.00	15.83276	-0.02648177	0.00	0.07145408	-6.010223	10.00	6.062554
-13.2262	10.00	15.95928	-0.06526535	0.00	0.1265186	-6.044583	10.00	6.097134
-13.26734	10.00	16.02438	-0.04114441	0.00	0.06509672	-6.115305	10.00	6.168298
-13.37018	10.00	16.15835	-0.1028413	0.00	0.1339759	-6.148539	10.00	6.201738
-13.42156	10.00	16.22131	-0.05137398	0.00	0.06295637	-6.184605	10.00	6.238048
-13.47732	10.00	16.28964	-0.05576007	0.00	0.06833132	-6.254535	10.00	6.308452
-13.58543	10.00	16.42213	-0.1081113	0.00	0.1324853	-6.288399	10.00	6.342539
-13.63778	10.00	16.48628	-0.05234893	0.00	0.06415112	-6.359222	10.00	6.413827
-13.75115	10.00	16.62044	-0.1133774	0.00	0.1341627	-6.393734	10.00	6.448565
-13.80703	10.00	16.68582	-0.05588022	0.00	0.06537559	-6.463981	10.00	6.519176
-13.92586	10.00	16.81881	-0.1188243	0.00	0.1329892	-6.499025	10.00	6.5544
-13.98514	10.00	16.88515	-0.05927618	0.00	0.06634243	-6.568748	10.00	6.624473
-14.10817	10.00	17.01713	-0.1230382	0.00	0.1319841	-6.602398	10.00	6.658281
-14.16754	10.00	17.08082	-0.0593701	0.00	0.0636868	-6.673322	10.00	6.729548
-14.2927	10.00	17.21507	-0.1251549	0.00	0.1342547	-6.707296	10.00	6.763686
-14.35265	10.00	17.27938	-0.05995205	0.00	0.06431107	-6.778033	10.00	6.834621
-14.47731	10.00	17.41311	-0.1246627	0.00	0.1337267	-6.812375	10.00	6.869059
-14.53784	10.00	17.47804	-0.06052478	0.00	0.06492544	-6.88301	10.00	6.939881
-14.6468	10.00	17.61156	-0.108958	0.00	0.1335229	-6.918256	10.00	6.975218
-14.69987	10.00	17.67819	-0.05307787	0.00	0.06662554	-6.9885	10.00	7.045603
-14.79794	10.00	17.81096	-0.09806501	0.00	0.1327783	-7.034832	10.00	7.091979
-14.8626	10.00	17.89852	-0.06466574	0.00	0.08755627	-7.092635	10.00	7.149831
-14.9401	10.00	18.00775	-0.07749926	0.00	0.1092287	-7.127081	10.00	7.184307
-14.98629	10.00	18.07284	-0.04618298	0.00	0.06509106	-7.198363	10.00	7.255641
-15.07663	10.00	18.20753	-0.09034811	0.00	0.1346907	-7.232335	10.00	7.289519
-15.11963	10.00	18.27163	-0.04299817	0.00	0.06410157	-7.270652	10.00	7.327657
-15.16463	10.00	18.34394	-0.04500106	0.00	0.07230625	-7.337782	10.00	7.394336
-15.23114	10.00	18.47049	-0.06650604	0.00	0.1265483	-7.372319	10.00	7.42856
-15.26216	10.00	18.5355	-0.03101735	0.00	0.06500895	-7.443267	10.00	7.498799
-15.31673	10.00	18.66882	-0.05457567	0.00	0.1333247	-7.478302	10.00	7.533486
-15.34177	10.00	18.73466	-0.02503807	0.00	0.06583849	-7.549191	10.00	7.603665
-15.37822	10.00	18.86781	-0.03645328	0.00	0.1331463	-7.583306	10.00	7.637437
-15.3908	10.00	18.93188	-0.01257862	0.00	0.06407184	-7.655111	10.00	7.708586
-15.39508	10.00	19.06674	-0.004276851	0.00	0.1348677	-7.688694	10.00	7.74186
-15.39508	10.00	19.12982	0	0.00	0.06307103	-7.725759	10.00	7.778584
-15.39508	10.00	19.19943	0	0.00	0.06961241	-7.795855	10.00	7.848041
-15.39508	10.00	19.33109	0	0.00	0.1316586	-7.830293	10.00	7.882195
-15.39508	10.00	19.39577	0	0.00	0.06467771	-7.869848	10.00	7.921429
-15.39508	10.00	19.47005	0	0.00	0.07428665	-7.93779	10.00	7.98881
-15.39508	10.00	19.59765	0	0.00	0.1275987	-7.983795	10.00	8.034441
-15.39508	10.00	19.68405	0	0.00	0.08640116	-8.044895	10.00	8.095039
-15.39508	10.00	19.7988	0	0.00	0.1147495	-8.082559	10.00	8.132397
-15.39508	10.00	19.86954	0	0.00	0.07073779	-8.151179	10.00	8.200452
-15.39508	10.00	19.99841	0	0.00	0.1288713	-8.187908	10.00	8.236882
-15.39508	10.00	20.06739	0	0.00	0.06898248	-8.255452	10.00	8.303873
-15.39508	10.00	20.19425	0	0.00	0.1268555	-8.308433	10.00	8.356421
-15.39508	10.00	20.29375	0	0.00	0.0995009	-8.358149	10.00	8.405728
-15.39508	10.00	20.38712	0	0.00	0.09336863	-8.402371	10.00	8.44959
-15.39508	10.00	20.47017	0	0.00	0.08305756	-8.463774	10.00	8.510488
-15.39508	10.00	20.58549	0	0.00	0.1153143	-8.498762	10.00	8.54519
-15.39508	10.00	20.6512	0	0.00	0.0657125	-8.569431	10.00	8.615284
-15.39508	10.00	20.78393	0	0.00	0.1327259	-8.603842	10.00	8.649411
-15.39508	10.00	20.84855	0	0.00	0.06462533	-8.675238	10.00	8.720224
-15.39508	10.00	20.98264	0	0.00	0.1340905	-8.712186	10.00	8.756867
-15.39508	10.00	21.05203	0	0.00	0.06938592	-8.781547	10.00	8.82566
-15.39508	10.00	21.1823	0	0.00	0.1302685	-8.820234	10.00	8.864032
-15.39508	10.00	21.25496	0	0.00	0.07265732	-8.886213	10.00	8.929469
-15.39508	10.00	21.37887	0	0.00	0.1239125	-8.920666	10.00	8.96364
-15.39508	10.00	21.44357	0	0.00	0.0647046	-8.992801	10.00	9.035184
-15.39508	10.00	21.57905	0	0.00	0.1354764	-9.026534	10.00	9.068641
-15.39508	10.00	21.6424	0	0.00	0.06335273	-9.097511	10.00	9.139039
-15.39508	10.00	21.77571	0	0.00	0.1333035	-9.131693	10.00	9.172938
-15.39508	10.00	21.8399	0	0.00	0.06419217	-9.204124	10.00	9.244779
-15.39508	10.00	21.97593	0	0.00	0.1360355	-9.256138	10.00	9.296365
-15.39508	10.00	22.07362	0	0.00	0.09768755	-9.30721	10.00	9.347018
-15.39508	10.00	22.16953	0	0.00	0.09591524	-9.345592	10.00	9.385086
-15.39508	10.00	22.24162	0	0.00	0.07208259	-9.414845	10.00	9.453773
-15.39508	10.00	22.37168	0	0.00	0.130066	-9.448801	10.00	9.487451
-15.39508	10.00	22.43546	0	0.00	0.06377457	-9.485687	10.00	9.524035
-15.39508	10.00	22.50473	0	0.00	0.06927126	-9.554809	10.00	9.59259
-15.39508	10.00	22.63455	0	0.00	0.1298169	-9.591857	10.00	9.629336
-15.39508	10.00	22.70413	0	0.00	0.06958269	-9.660418	10.00	9.697333
-15.39508	10.00	22.83289	0	0.00	0.1287566	-9.695696	10.00	9.732323
-15.39508	10.00	22.89915	0	0.00	0.06625891	-9.766478	10.00	9.802526
-15.39508	10.00	23.03208	0	0.00	0.1329354	-9.800499	10.00	9.836267
-15.39508	10.00	23.09597	0	0.00	0.06389207	-9.844903	10.00	9.880307
-15.39508	10.00	23.17937	0	0.00	0.08339588	-9.906715	10.00	9.941615
-15.39508	10.00	23.29546	0	0.00	0.1160886	-9.941093	10.00	9.975709
-15.39508	10.00	23.36002	0	0.00	0.06456305	-10.01314	10.00	10.04717
-15.39508	10.00	23.49532	0	0.00	0.1353037	-10.04637	10.00	10.08012
-15.39508	10.00	23.55773	0	0.00	0.06240854	-10.08302	10.00	10.11647
-15.39508	10.00	23.62657	0	0.00	0.06883384	-10.15423	10.00	10.18711
-15.39508	10.00	23.76031	0	0.00	0.133748	-10.18758	10.00	10.22018
-15.39508	10.00	23.82295	0	0.00	0.0626322	-10.22496	10.00	10.25725
-15.39508	10.00	23.89315	0	0.00	0.07020271	-10.29379	10.00	10.32552
-15.39508	10.00	24.02241	0	0.00	0.1292606	-10.32821	10.00	10.35966
-15.39508	10.00	24.08706	0	0.00	0.06465223	-10.40043	10.00	10.43128
-15.39508	10.00	24.22269	0	0.00	0.1356264	-10.43563	10.00	10.4662
-15.39362	10.00	24.28881	0.001456471	0.00	0.06611735	-10.47216	10.00	10.50243
-15.38945	10.00	24.35741	0.004168418	0.00	0.06860452	-10.54164	10.00	10.57134
-15.37647	10.00	24.4879	0.01298246	0.00	0.1304879	-10.58069	10.00	10.61007
-15.36775	10.00	24.56124	0.008717633	0.00	0.07334529	-10.64655	10.00	10.67539
-15.35186	10.00	24.68492	0.01589737	0.00	0.1236761	-10.68819	10.00	10.71669
-15.34029	10.00	24.76313	0.01156804	0.00	0.07821204	-10.7506	10.00	10.77859
-15.31614	10.00	24.88035	0.02414736	0.00	0.1172183	-10.79621	10.00	10.82382
-15.29684	10.00	24.96599	0.01930148	0.00	0.08564382	-10.85798	10.00	10.8851
-15.26957	10.00	25.08202	0.02727256	0.00	0.1160278	-10.90131	10.00	10.92807
-15.25044	10.00	25.16339	0.01912723	0.00	0.08137444	-10.9632	10.00	10.98944
-15.22312	10.00	25.27961	0.02731748	0.00	0.1162189	-11.00017	10.00	11.02612
-15.2068	10.00	25.34905	0.01632195	0.00	0.06943971	-11.06929	10.00	11.09467
-15.17629	10.00	25.47886	0.0305124	0.00	0.1298112	-11.10234	10.00	11.12745
-15.1617	10.00	25.54095	0.01459306	0.00	0.06208437	-11.17408	10.00	11.19861
-15.13003	10.00	25.67568	0.03166898	0.00	0.1347318	-11.20756	10.00	11.2318
-15.11464	10.00	25.73854	0.01538406	0.00	0.06286011	-11.24465	10.00	11.26859
-15.09759	10.00	25.8082	0.01704872	0.00	0.06966196	-11.31424	10.00	11.33762
-15.06561	10.00	25.9389	0.03198691	0.00	0.1307002	-11.34871	10.00	11.37181
-15.04725	10.00	26.00364	0.01835202	0.00	0.06474141	-11.42075	10.00	11.44325
-15.00629	10.00	26.13893	0.0409696	0.00	0.1352881	-11.46897	10.00	11.49108
-14.97623	10.00	26.22774	0.0300547	0.00	0.08880496	-11.52426	10.00	11.54591
-14.94277	10.00	26.32656	0.0334583	0.00	0.09881635	-11.56236	10.00	11.5837
-14.91972	10.00	26.39395	0.02305383	0.00	0.06739479	-11.63103	10.00	11.65181
-14.87817	10.00	26.51293	0.04155355	0.00	0.1189786	-11.66622	10.00	11.68671
-14.85879	10.00	26.57262	0.01937603	0.00	0.05969611	-11.7366	10.00	11.75652
-14.82004	10.00	26.69201	0.03875082	0.00	0.1193884	-11.77162	10.00	11.79125
-14.80076	10.00	26.75141	0.0192781	0.00	0.05939438	-11.84392	10.00	11.86296
-14.76095	10.00	26.87405	0.03980694	0.00	0.1226422	-11.8768	10.00	11.89557
-14.74285	10.00	26.92862	0.01810081	0.00	0.05457149	-11.94924	10.00	11.96741
-14.69902	10.00	27.03568	0.04383266	0.00	0.1070623	-11.98166	10.00	11.99957
-14.67881	10.00	27.08184	0.02021045	0.00	0.04615531	-12.01873	10.00	12.03633
-14.65436	10.00	27.1319	0.02445113	0.00	0.05006499	-12.0885	10.00	12.10553
-14.60579	10.00	27.22487	0.04856347	0.00	0.0929716	-12.1236	10.00	12.14035
-14.58072	10.00	27.27166	0.02507467	0.00	0.04678158	-12.19414	10.00	12.21031
-14.52265	10.00	27.36051	0.05807188	0.00	0.08885542	-12.2284	10.00	12.2443
-14.49069	10.00	27.40181	0.0319537	0.00	0.04130144	-12.30234	10.00	12.31762
-14.41369	10.00	27.46806	0.0770027	0.00	0.0662472	-12.33359	10.00	12.34862
-14.38114	10.00	27.49436	0.03255412	0.00	0.02630191	-12.37099	10.00	12.3857
-14.34219	10.00	27.52311	0.03894531	0.00	0.02874575	-12.44042	10.00	12.45457
-14.26987	10.00	27.57396	0.07231747	0.00	0.05085266	-12.47494	10.00	12.48881
-14.23392	10.00	27.59736	0.03595737	0.00	0.02340132	-12.54598	10.00	12.55927
-14.15993	10.00	27.64552	0.073992	0.00	0.04815454	-12.58168	10.00	12.59468
-14.12274	10.00	27.66972	0.03718991	0.00	0.02420347	-12.65146	10.00	12.66388
-14.05006	10.00	27.71701	0.07267153	0.00	0.04729517	-12.68705	10.00	12.69918
-14.01299	10.00	27.74114	0.03706901	0.00	0.02412479	-12.7219	10.00	12.73374
-13.97669	10.00	27.76476	0.03630044	0.00	0.02362459	-12.79281	10.00	12.80407
-13.90284	10.00	27.81283	0.07385539	0.00	0.04806564	-12.83264	10.00	12.84358
-13.86135	10.00	27.83694	0.04149204	0.00	0.02410559	-12.90085	10.00	12.91123
-13.78411	10.00	27.8658	0.07724013	0.00	0.02886815	-12.93186	10.00	12.94199
-13.74841	10.00	27.87781	0.03569295	0.00	0.01200107	-12.96829	10.00	12.97812
-13.70518	10.00	27.88991	0.04323357	0.00	0.01210408	-13.03941	10.00	13.04866
-13.62075	10.00	27.90708	0.08442809	0.00	0.01717017	-13.07387	10.00	13.08283
-13.57985	10.00	27.9154	0.04090015	0.00	0.008317878	-13.11157	10.00	13.12022
-13.53648	10.00	27.9245	0.04337725	0.00	0.009100483	-13.1809	10.00	13.18899
-13.45669	10.00	27.94124	0.0797814	0.00	0.01673802	-13.231	10.00	13.23868
-13.39904	10.00	27.95333	0.05765305	0.00	0.01209552	-13.28469	10.00	13.29192
-13.33727	10.00	27.96629	0.061771	0.00	0.01295946	-13.35295	10.00	13.35963
-13.25872	10.00	27.98277	0.07855416	0.00	0.01648055	-13.3997	10.00	13.40599
-13.20427	10.00	27.99419	0.0544475	0.00	0.011423	-13.46083	10.00	13.46661
-13.13454	10.00	28.0093	0.06972922	0.00	0.01510658	-13.49491	10.00	13.50039
-13.09507	10.00	28.01785	0.03946468	0.00	0.008549877	-13.56001	10.00	13.56495
-13.01883	10.00	28.03437	0.07624424	0.00	0.01651803	-13.59141	10.00	13.59609
-12.98051	10.00	28.04267	0.03831655	0.00	0.008301139	-13.65516	10.00	13.6593
-12.90055	10.00	28.05999	0.07996494	0.00	0.01732411	-13.69487	10.00	13.69868
-12.84763	10.00	28.07146	0.05291801	0.00	0.01146449	-13.74073	10.00	13.74415
-12.78388	10.00	28.08527	0.06374753	0.00	0.01381067	-13.7689	10.00	13.7721
-12.74256	10.00	28.09422	0.04132419	0.00	0.008952733	-13.8193	10.00	13.82207
-12.66592	10.00	28.11083	0.07664067	0.00	0.01660392	-13.84268	10.00	13.84525
-12.62774	10.00	28.1191	0.03817965	0.00	0.008271479	-13.88944	10.00	13.89161
-12.54844	10.00	28.13628	0.07929555	0.00	0.01717909	-13.9141	10.00	13.91606
-12.50297	10.00	28.14613	0.0454682	0.00	0.009850517	-13.95143	10.00	13.95307
-12.43053	10.00	28.16182	0.07244206	0.00	0.0156943	-13.97004	10.00	13.97153
-12.39106	10.00	28.17037	0.03947476	0.00	0.00855206	-14.00502	10.00	14.00621
-12.31292	10.00	28.1873	0.07813986	0.00	0.01692871	-14.02158	10.00	14.02262
-12.27153	10.00	28.19627	0.0413855	0.00	0.008966016	-14.05015	10.00	14.05095
-12.19521	10.00	28.21654	0.07632402	0.00	0.02027211	-14.06292	10.00	14.06361
-12.15614	10.00	28.22692	0.03907161	0.00	0.01037765	-14.08676	10.00	14.08724
-12.08103	10.00	28.25949	0.07510335	0.00	0.03257378	-14.09632	10.00	14.09671
-12.04478	10.00	28.27708	0.03624969	0.00	0.01758833	-14.11328	10.00	14.11351
-11.9711	10.00	28.31474	0.07368269	0.00	0.03766147	-14.12018	10.00	14.12033
-11.92984	10.00	28.33583	0.04126045	0.00	0.02108948	-14.13007	10.00	14.13013
-11.86116	10.00	28.37453	0.06868106	0.00	0.03870242	-14.13387	10.00	14.13389
-11.82519	10.00	28.3948	0.0359715	0.00	0.02027027	-14.13927	10.00	14.13927
-11.75131	10.00	28.43643	0.07387659	0.00	0.04163015	-14.13994	10.00	14.13993
-11.71487	10.00	28.45697	0.03644018	0.00	0.02053438	-14.14001	10.00	14.14001
-11.64123	10.00	28.49846	0.0736395	0.00	0.04149655	-14.14001	10.00	14.14001
-11.60604	10.00	28.51864	0.03518686	0.00	0.02018047	-14.14001	10.00	14.14001
-11.53319	10.00	28.56043	0.07285285	0.00	0.04178277	-14.14001	10.00	14.14001
-11.49498	10.00	28.58234	0.0382152	0.00	0.02191729	-14.14001	10.00	14.14001
-11.42414	10.00	28.62297	0.07084116	0.00	0.04062903	-14.14001	10.00	14.14001
-11.38874	10.00	28.64327	0.03539358	0.00	0.02029903	-14.14001	10.00	14.14001
-11.3489	10.00	28.66612	0.03984121	0.00	0.02284985	-14.14001	10.00	14.14001
-11.281	10.00	28.70507	0.06790385	0.00	0.03894441	-14.14001	10.00	14.14001
-11.24554	10.00	28.7254	0.03545375	0.00	0.02033354	-14.14001	10.00	14.14001
-11.17293	10.00	28.76705	0.07261142	0.00	0.04164431	-14.14001	10.00	14.14001
-11.13771	10.00	28.78724	0.03521694	0.00	0.02019772	-14.14001	10.00	14.14001
-11.06488	10.00	28.82901	0.07283126	0.00	0.04177039	-14.14001	10.00	14.14001
-11.03004	10.00	28.849	0.03484747	0.00	0.01998582	-14.14001	10.00	14.14001
-10.95675	10.00	28.89103	0.07328173	0.00	0.04202874	-14.14001	10.00	14.14001
-10.92191	10.00	28.91101	0.03484052	0.00	0.01998184	-14.14001	10.00	14.14001
-10.84891	10.00	28.95288	0.07300712	0.00	0.04187126	-14.14001	10.00	14.14001
-10.81375	10.00	28.97304	0.03515215	0.00	0.02016056	-14.14001	10.00	14.14001
-10.73957	10.00	29.01559	0.07418113	0.00	0.04254457	-14.14001	10.00	14.14001
-10.67146	10.00	29.05465	0.06811057	0.00	0.03906297	-14.14001	10.00	14.14001
-10.62225	10.00	29.08287	0.04920854	0.00	0.02822222	-14.14001	10.00	14.14001
-10.55771	10.00	29.11989	0.06454151	0.00	0.03701603	-14.14001	10.00	14.14001
-10.46592	10.00	29.17253	0.09178805	0.00	0.05264255	-14.14001	10.00	14.14001
-10.41585	10.00	29.20125	0.05007168	0.00	0.02871725	-14.14001	10.00	14.14001
-10.37837	10.00	29.22274	0.03747932	0.00	0.02149525	-14.14001	10.00	14.14001
-10.30716	10.00	29.26358	0.07121372	0.00	0.0408427	-14.14001	10.00	14.14001
-10.26772	10.00	29.28831	0.03943856	0.00	0.02472137	-14.14001	10.00	14.14001
-10.20189	10.00	29.33074	0.06583585	0.00	0.04243794	-14.14001	10.00	14.14001
-10.16492	10.00	29.35457	0.03696329	0.00	0.02382662	-14.14001	10.00	14.14001
-10.12936	10.00	29.37749	0.03556097	0.00	0.02292268	-14.14001	10.00	14.14001
-10.09405	10.00	29.40025	0.03530873	0.00	0.0227601	-14.14001	10.00	14.14001
-10.05756	10.00	29.42378	0.03649431	0.00	0.02352432	-14.14001	10.00	14.14001
-9.985035	10.00	29.47053	0.07252348	0.00	0.04674881	-14.14001	10.00	14.14001
-9.948704	10.00	29.49265	0.03633078	0.00	0.02212772	-14.14001	10.00	14.14001
-9.914078	10.00	29.51313	0.03462609	0.00	0.02047415	-14.14001	10.00	14.14001
-9.87799	10.00	29.53319	0.03608857	0.00	0.02005633	-14.14001	10.00	14.14001
-9.841471	10.00	29.55153	0.03651822	0.00	0.01834834	-14.14001	10.00	14.14001
-9.76768	10.00	29.5873	0.07379083	0.00	0.03576445	-14.14001	10.00	14.14001
-9.733005	10.00	29.6041	0.03467545	0.00	0.01680627	-14.14001	10.00	14.14001
-9.659636	10.00	29.63966	0.07336966	0.00	0.03556033	-14.14001	10.00	14.14001
-9.625163	10.00	29.65637	0.03447182	0.00	0.01670757	-14.14001	10.00	14.14001
-9.588293	10.00	29.67424	0.03687073	0.00	0.01787026	-14.14001	10.00	14.14001
-9.515418	10.00	29.70956	0.07287445	0.00	0.03532031	-14.14001	10.00	14.14001
-9.481372	10.00	29.72606	0.03404603	0.00	0.01650121	-14.14001	10.00	14.14001
-9.406178	10.00	29.75925	0.07519393	0.00	0.03318248	-14.14001	10.00	14.14001
-9.368954	10.00	29.77238	0.03722443	0.00	0.01313895	-14.14001	10.00	14.14001
-9.330002	10.00	29.78464	0.0389515	0.00	0.0122528	-14.14001	10.00	14.14001
-9.236654	10.00	29.79145	0.09334829	0.00	0.006813037	-14.14001	10.00	14.14001
-9.189733	10.00	29.79145	0.04692144	0.00	0	-14.14001	10.00	14.14001
-9.091842	10.00	29.79145	0.09789056	0.00	0	-14.14001	10.00	14.14001
-9.04341	10.00	29.79145	0.04843197	0.00	0	-14.14001	10.00	14.14001
-8.947104	10.00	29.79145	0.09630678	0.00	0	-14.14001	10.00	14.14001
-8.896111	10.00	29.79145	0.05099183	0.00	0	-14.14001	10.00	14.14001
-8.801918	10.00	29.79145	0.09419356	0.00	0	-14.14001	10.00	14.14001
-8.754604	10.00	29.79145	0.04731372	0.00	0	-14.14001	10.00	14.14001
-8.655686	10.00	29.79145	0.09891813	0.00	0	-14.14001	10.00	14.14001
-8.608119	10.00	29.79145	0.04756673	0.00	0	-14.14001	10.00	14.14001
-8.511813	10.00	29.79145	0.09630608	0.00	0	-14.14001	10.00	14.14001
-8.465491	10.00	29.79145	0.04632152	0.00	0	-14.14001	10.00	14.14001
-8.367617	10.00	29.79145	0.0978751	0.00	0	-14.14001	10.00	14.14001
-8.320149	10.00	29.79145	0.04746725	0.00	0	-14.14001	10.00	14.14001
-8.223151	10.00	29.79145	0.09699807	0.00	0	-14.14001	10.00	14.14001
-8.176794	10.00	29.79145	0.04635705	0.00	0	-14.14001	10.00	14.14001
-8.128168	10.00	29.79145	0.04862595	0.00	0	-14.14001	10.00	14.14001
-8.03021	10.00	29.79145	0.09795866	0.00	0	-14.14001	10.00	14.14001
-7.983471	10.00	29.79145	0.04673881	0.00	0	-14.14001	10.00	14.14001
-7.885276	10.00	29.79145	0.09819494	0.00	0	-14.14001	10.00	14.14001
-7.825079	10.00	29.79145	0.06019638	0.00	0	-14.14001	10.00	14.14001
-7.742881	10.00	29.79145	0.08219815	0.00	0	-14.14001	10.00	14.14001
-7.694524	10.00	29.79145	0.04835768	0.00	0	-14.14001	10.00	14.14001
-7.593515	10.00	29.79145	0.1010086	0.00	0	-14.14001	10.00	14.14001
-7.530922	10.00	29.79145	0.06259321	0.00	0	-14.14001	10.00	14.14001
-7.45246	10.00	29.79145	0.07846206	0.00	0	-14.14001	10.00	14.14001
-7.384846	10.00	29.79145	0.06761388	0.00	0	-14.14001	10.00	14.14001
-7.307347	10.00	29.79145	0.07749913	0.00	0	-14.14001	10.00	14.14001
-7.24858	10.00	29.79145	0.0587665	0.00	0	-14.14001	10.00	14.14001
-7.162813	10.00	29.79145	0.08576694	0.00	0	-14.14001	10.00	14.14001
-7.119433	10.00	29.79145	0.04338029	0.00	0	-14.14001	10.00	14.14001
-7.022362	10.00	29.79145	0.09707065	0.00	0	-14.14001	10.00	14.14001
-6.976283	10.00	29.79145	0.04607921	0.00	0	-14.14001	10.00	14.14001
-6.92918	10.00	29.79145	0.0471034	0.00	0	-14.14001	10.00	14.14001
-6.832387	10.00	29.79145	0.09679272	0.00	0	-14.14001	10.00	14.14001
-6.784595	10.00	29.79145	0.04779162	0.00	0	-14.14001	10.00	14.14001
-6.736468	10.00	29.79145	0.04812759	0.00	0	-14.14001	10.00	14.14001
-6.64094	10.00	29.79145	0.09552778	0.00	0	-14.14001	10.00	14.14001
-6.593529	10.00	29.79145	0.04741086	0.00	0	-14.14001	10.00	14.14001
-6.547336	10.00	29.79145	0.04619324	0.00	0	-14.14001	10.00	14.14001
-6.450232	10.00	29.79145	0.09710425	0.00	0	-14.14001	10.00	14.14001
-6.404763	10.00	29.79145	0.04546837	0.00	0	-14.14001	10.00	14.14001
-6.306839	10.00	29.79145	0.09792381	0.00	0	-14.14001	10.00	14.14001
-6.260695	10.00	29.79145	0.04614437	0.00	0	-14.14001	10.00	14.14001
-6.166214	10.00	29.79145	0.09448066	0.00	0	-14.14001	10.00	14.14001
-6.118831	10.00	29.79145	0.04738367	0.00	0	-14.14001	10.00	14.14001
-6.020118	10.00	29.79145	0.0987129	0.00	0	-14.14001	10.00	14.14001
-5.969776	10.00	29.79145	0.0503418	0.00	0	-14.14001	10.00	14.14001
-5.875985	10.00	29.79145	0.09379128	0.00	0	-14.14001	10.00	14.14001
-5.82923	10.00	29.79145	0.04675429	0.00	0	-14.14001	10.00	14.14001
-5.781418	10.00	29.79145	0.0478129	0.00	0	-14.14001	10.00	14.14001
-5.683352	10.00	29.79145	0.09806596	0.00	0	-14.14001	10.00	14.14001
-5.637803	10.00	29.79145	0.04554916	0.00	0	-14.14001	10.00	14.14001
-5.540318	10.00	29.79145	0.09748404	0.00	0	-14.14001	10.00	14.14001
-5.49335	10.00	29.79145	0.0469689	0.00	0	-14.14001	10.00	14.14001
-5.395517	10.00	29.79145	0.09783279	0.00	0	-14.14001	10.00	14.14001
-5.348186	10.00	29.79145	0.04733003	0.00	0	-14.14001	10.00	14.14001
-5.250379	10.00	29.79145	0.09780803	0.00	0	-14.14001	10.00	14.14001
-5.203596	10.00	29.79145	0.04678318	0.00	0	-14.14001	10.00	14.14001
-5.106343	10.00	29.79145	0.09725292	0.00	0	-14.14001	10.00	14.14001
-5.058631	10.00	29.79145	0.04771179	0.00	0	-14.14001	10.00	14.14001
-4.959151	10.00	29.79145	0.09947951	0.00	0	-14.14001	10.00	14.14001
-4.913742	10.00	29.79145	0.04540987	0.00	0	-14.14001	10.00	14.14001
-4.862695	10.00	29.79145	0.05104651	0.00	0	-14.14001	10.00	14.14001
-4.768508	10.00	29.79145	0.09418646	0.00	0	-14.14001	10.00	14.14001
-4.708894	10.00	29.79145	0.05961445	0.00	0	-14.14001	10.00	14.14001
-4.624713	10.00	29.79145	0.08418124	0.00	0	-14.14001	10.00	14.14001
-4.576988	10.00	29.79145	0.0477252	0.00	0	-14.14001	10.00	14.14001
-4.479282	10.00	29.79145	0.09770588	0.00	0	-14.14001	10.00	14.14001
-4.432416	10.00	29.79145	0.04686572	0.00	0	-14.14001	10.00	14.14001
-4.38429	10.00	29.79145	0.04812553	0.00	0	-14.14001	10.00	14.14001
-4.287519	10.00	29.79145	0.09677108	0.00	0	-14.14001	10.00	14.14001
-4.239733	10.00	29.79145	0.04778608	0.00	0	-14.14001	10.00	14.14001
-4.139263	10.00	29.79145	0.10047	0.00	0	-14.14001	10.00	14.14001
-4.075514	10.00	29.79145	0.06374881	0.00	0	-14.14001	10.00	14.14001
-3.998778	10.00	29.79145	0.07673692	0.00	0	-14.14001	10.00	14.14001
-3.917238	10.00	29.79145	0.08153988	0.00	0	-14.14001	10.00	14.14001
-3.852929	10.00	29.79145	0.06430908	0.00	0	-14.14001	10.00	14.14001
-3.756711	10.00	29.79145	0.09621701	0.00	0	-14.14001	10.00	14.14001
-3.697984	10.00	29.79145	0.05872815	0.00	0	-14.14001	10.00	14.14001
-3.612304	10.00	29.79145	0.0856794	0.00	0	-14.14001	10.00	14.14001
-3.561033	10.00	29.79145	0.05127144	0.00	0	-14.14001	10.00	14.14001
-3.469295	10.00	29.79145	0.09173804	0.00	0	-14.14001	10.00	14.14001
23.70914
