0.07317914	10.00	-49.92292	0.07317914	0.00	0.07708029	0	10.00	-40
0.2737952	10.00	-49.71161	0.2006161	0.00	0.2113109	0.002834087	10.00	-39.99382
0.3217688	10.00	-49.66108	0.0479736	0.00	0.05053105	0.005306322	10.00	-39.9864
0.3601452	10.00	-49.62066	0.03837641	0.00	0.04042224	0.01090573	10.00	-39.96825
0.4321504	10.00	-49.54481	0.07200514	0.00	0.07584371	0.01280115	10.00	-39.95557
0.4671128	10.00	-49.50798	0.0349624	0.00	0.03682623	0.01491646	10.00	-39.94004
0.5043005	10.00	-49.46881	0.03718775	0.00	0.03917022	0.01688042	10.00	-39.92301
0.5400636	10.00	-49.43114	0.03576306	0.00	0.03766958	0.01850833	10.00	-39.90432
0.5751224	10.00	-49.39422	0.03505882	0.00	0.03692779	0.02003483	10.00	-39.88303
0.6112233	10.00	-49.35619	0.03610091	0.00	0.03802544	0.02148751	10.00	-39.85941
0.6476752	10.00	-49.3178	0.03645188	0.00	0.03839512	0.02281403	10.00	-39.83374
0.683942	10.00	-49.2796	0.03626676	0.00	0.03820013	0.02537509	10.00	-39.7785
0.7559347	10.00	-49.20377	0.07199279	0.00	0.07583071	0.02650051	10.00	-39.74617
0.792419	10.00	-49.16534	0.03648428	0.00	0.03842924	0.02746673	10.00	-39.71297
0.8275056	10.00	-49.12838	0.03508658	0.00	0.03695704	0.02835507	10.00	-39.67696
0.8633636	10.00	-49.08806	0.03585794	0.00	0.04031828	0.02911136	10.00	-39.6388
0.8992223	10.00	-49.04519	0.03585871	0.00	0.04286796	0.02972031	10.00	-39.59815
0.9302963	10.00	-48.99867	0.03107405	0.00	0.04652258	0.03014845	10.00	-39.55507
0.9538867	10.00	-48.95102	0.02359045	0.00	0.04765237	0.0304391	10.00	-39.51197
0.9754854	10.00	-48.90673	0.02159872	0.00	0.04428447	0.03086483	10.00	-39.42185
1.004029	10.00	-48.85641	0.0285435	0.00	0.05032754	0.03094852	10.00	-39.37316
1.011425	10.00	-48.84508	0.007395595	0.00	0.01133117	0.03097355	10.00	-39.32488
1.011425	10.00	-48.84508	0	0.00	0	0.03094901	10.00	-39.27681
1.011425	10.00	-48.84508	0	0.00	0	0.03090882	10.00	-39.22715
1.011425	10.00	-48.84508	0	0.00	0	0.03086845	10.00	-39.1776
1.011425	10.00	-48.84508	0	0.00	0	0.03082746	10.00	-39.12775
1.011425	10.00	-48.84508	0	0.00	0	0.03078671	10.00	-39.07824
1.011425	10.00	-48.84508	0	0.00	0	0.03074662	10.00	-39.02871
1.011425	10.00	-48.84508	0	0.00	0	0.0306637	10.00	-38.92761
1.011425	10.00	-48.84508	0	0.00	0	0.0306233	10.00	-38.87829
1.011425	10.00	-48.84508	0	0.00	0	0.03058346	10.00	-38.8292
1.011425	10.00	-48.84508	0	0.00	0	0.03054342	10.00	-38.77969
1.011425	10.00	-48.84508	0	0.00	0	0.03050277	10.00	-38.73087
1.011425	10.00	-48.84508	0	0.00	0	0.03046265	10.00	-38.68169
1.011425	10.00	-48.84508	0	0.00	0	0.03042166	10.00	-38.63129
1.011425	10.00	-48.84508	0	0.00	0	0.03038169	10.00	-38.58226
1.011425	10.00	-48.84508	0	0.00	0	0.03030069	10.00	-38.48306
1.011425	10.00	-48.84508	0	0.00	0	0.0302594	10.00	-38.43273
1.011425	10.00	-48.84508	0	0.00	0	0.03021881	10.00	-38.38315
1.011425	10.00	-48.84508	0	0.00	0	0.03017858	10.00	-38.33412
1.011425	10.00	-48.84508	0	0.00	0	0.0301393	10.00	-38.28529
1.011425	10.00	-48.84508	0	0.00	0	0.03009831	10.00	-38.23536
1.011425	10.00	-48.84508	0	0.00	0	0.03005016	10.00	-38.17704
1.011425	10.00	-48.84508	0	0.00	0	0.02997638	10.00	-38.08591
1.011425	10.00	-48.84508	0	0.00	0	0.02993438	10.00	-38.03499
1.011425	10.00	-48.84508	0	0.00	0	0.02989496	10.00	-37.98716
1.011425	10.00	-48.84508	0	0.00	0	0.02985518	10.00	-37.93837
1.011425	10.00	-48.84508	0	0.00	0	0.02981497	10.00	-37.88895
1.011425	10.00	-48.84508	0	0.00	0	0.02977379	10.00	-37.83898
1.011425	10.00	-48.84508	0	0.00	0	0.02973401	10.00	-37.78951
1.011425	10.00	-48.84508	0	0.00	0	0.02969236	10.00	-37.73939
1.011425	10.00	-48.84508	0	0.00	0	0.0296112	10.00	-37.63962
1.011425	10.00	-48.84508	0	0.00	0	0.02957153	10.00	-37.591
1.011425	10.00	-48.84508	0	0.00	0	0.02952988	10.00	-37.54004
1.011425	10.00	-48.84508	0	0.00	0	0.02948928	10.00	-37.49065
1.011425	10.00	-48.84508	0	0.00	0	0.02944857	10.00	-37.44111
1.011425	10.00	-48.84508	0	0.00	0	0.02939898	10.00	-37.38035
1.011425	10.00	-48.84508	0	0.00	0	0.02932646	10.00	-37.29134
1.011425	10.00	-48.84508	0	0.00	0	0.02924094	10.00	-37.18653
1.011425	10.00	-48.84508	0	0.00	0	0.02916447	10.00	-37.09319
1.011425	10.00	-48.84508	0	0.00	0	0.02912484	10.00	-37.04455
1.011425	10.00	-48.84508	0	0.00	0	0.02908551	10.00	-36.99629
1.011425	10.00	-48.84508	0	0.00	0	0.02904147	10.00	-36.94296
1.011425	10.00	-48.84508	0	0.00	0	0.02900454	10.00	-36.89736
1.011425	10.00	-48.84508	0	0.00	0	0.02896321	10.00	-36.8471
1.011425	10.00	-48.84508	0	0.00	0	0.02892348	10.00	-36.79808
1.011425	10.00	-48.84508	0	0.00	0	0.02884166	10.00	-36.69878
1.011425	10.00	-48.84508	0	0.00	0	0.02880283	10.00	-36.64984
1.011425	10.00	-48.84508	0	0.00	0	0.02876107	10.00	-36.59957
1.011425	10.00	-48.84508	0	0.00	0	0.02871992	10.00	-36.54938
1.011425	10.00	-48.84508	0	0.00	0	0.02867905	10.00	-36.49944
1.011425	10.00	-48.84508	0	0.00	0	0.02864001	10.00	-36.44979
1.011425	10.00	-48.84508	0	0.00	0	0.02860058	10.00	-36.4003
1.011425	10.00	-48.84508	0	0.00	0	0.02856087	10.00	-36.35063
1.011425	10.00	-48.84298	0	0.00	0.002100224	0.02852265	10.00	-36.30214
1.011425	10.00	-48.83654	0	0.00	0.006431795	0.02848396	10.00	-36.25295
1.011425	10.00	-48.82684	0	0.00	0.009702529	0.02844304	10.00	-36.20216
1.011425	10.00	-48.81617	0	0.00	0.01067189	0.02836301	10.00	-36.10091
1.011425	10.00	-48.7949	0	0.00	0.02127619	0.02832496	10.00	-36.05285
1.011425	10.00	-48.7848	0	0.00	0.01009702	0.02824577	10.00	-35.95248
1.011425	10.00	-48.76371	0	0.00	0.02109081	0.02820618	10.00	-35.9028
1.011425	10.00	-48.75134	0	0.00	0.01236244	0.02812736	10.00	-35.80354
1.011425	10.00	-48.71639	0	0.00	0.03495095	0.02808968	10.00	-35.75598
1.011425	10.00	-48.69657	0	0.00	0.01981992	0.02800899	10.00	-35.65422
1.011425	10.00	-48.64892	0	0.00	0.04765524	0.0279708	10.00	-35.60635
1.011425	10.00	-48.6265	0	0.00	0.02241701	0.02789132	10.00	-35.5058
1.011425	10.00	-48.56253	0	0.00	0.06396501	0.02785321	10.00	-35.45721
1.011425	10.00	-48.5197	0	0.00	0.04283511	0.02777415	10.00	-35.35783
1.011425	10.00	-48.39362	0	0.00	0.1260859	0.02773561	10.00	-35.30944
1.011425	10.00	-48.32972	0	0.00	0.06388883	0.0276564	10.00	-35.20902
1.011425	10.00	-48.19583	0	0.00	0.1338966	0.02761771	10.00	-35.16081
1.011425	10.00	-48.13154	0	0.00	0.0642856	0.02753791	10.00	-35.0592
1.011425	10.00	-47.99606	0	0.00	0.1354835	0.02749406	10.00	-35.00434
1.011425	10.00	-47.92292	0	0.00	0.07313862	0.02741989	10.00	-34.91135
1.011425	10.00	-47.79891	0	0.00	0.1240074	0.02737826	10.00	-34.85859
1.011425	10.00	-47.72859	0	0.00	0.07032444	0.02729887	10.00	-34.75901
1.011425	10.00	-47.5958	0	0.00	0.1327924	0.02726014	10.00	-34.70974
1.011425	10.00	-47.53012	0	0.00	0.06567144	0.02721751	10.00	-34.65554
1.011425	10.00	-47.45786	0	0.00	0.07226662	0.02714443	10.00	-34.56352
1.011425	10.00	-47.33516	0	0.00	0.1226994	0.02711857	10.00	-34.51674
1.011425	10.00	-47.27279	0	0.00	0.06237315	0.0270617	10.00	-34.41443
1.011425	10.00	-47.13637	0	0.00	0.1364149	0.02703091	10.00	-34.35977
1.011425	10.00	-47.0635	0	0.00	0.07287673	0.02697985	10.00	-34.2672
1.011425	10.00	-46.94007	0	0.00	0.1234284	0.02695278	10.00	-34.21899
1.011425	10.00	-46.87579	0	0.00	0.06427569	0.02689688	10.00	-34.11874
1.011425	10.00	-46.74211	0	0.00	0.1336842	0.02686995	10.00	-34.0705
1.010631	10.00	-46.6778	-0.0007939643	0.00	0.06431107	0.02681324	10.00	-33.9684
0.9997227	10.00	-46.54166	-0.01090791	0.00	0.1361346	0.02678641	10.00	-33.92009
0.9908193	10.00	-46.47725	-0.00890337	0.00	0.064413	0.02673079	10.00	-33.81918
0.9644023	10.00	-46.34269	-0.02641699	0.00	0.1345605	0.02669408	10.00	-33.75332
0.9437652	10.00	-46.25489	-0.02063718	0.00	0.08779833	0.02664874	10.00	-33.67242
0.9110991	10.00	-46.14702	-0.03266602	0.00	0.1078684	0.02661861	10.00	-33.61754
0.888229	10.00	-46.07384	-0.02287019	0.00	0.07318108	0.02656528	10.00	-33.52218
0.8448006	10.00	-45.94669	-0.04342837	0.00	0.1271457	0.02653624	10.00	-33.46944
0.8160166	10.00	-45.87638	-0.02878399	0.00	0.07031737	0.02648233	10.00	-33.37312
0.7559872	10.00	-45.74796	-0.06002935	0.00	0.1284211	0.02645053	10.00	-33.31547
0.720059	10.00	-45.67109	-0.03592828	0.00	0.07686158	0.0264002	10.00	-33.22495
0.6636358	10.00	-45.55039	-0.05642309	0.00	0.1207062	0.02637392	10.00	-33.17796
0.6343458	10.00	-45.48773	-0.02929011	0.00	0.06266052	0.0263463	10.00	-33.12853
0.6035463	10.00	-45.42184	-0.03079945	0.00	0.06588944	0.02629124	10.00	-33.02855
0.5270348	10.00	-45.28853	-0.07651156	0.00	0.1333063	0.02626298	10.00	-32.97879
0.48638	10.00	-45.22218	-0.04065479	0.00	0.06635517	0.0262369	10.00	-32.9312
0.4469002	10.00	-45.15874	-0.03947978	0.00	0.06343483	0.02620878	10.00	-32.88097
0.4052117	10.00	-45.09176	-0.04168847	0.00	0.06698368	0.026153	10.00	-32.78042
0.3165796	10.00	-44.95769	-0.08863214	0.00	0.1340679	0.02612534	10.00	-32.73088
0.2729228	10.00	-44.89165	-0.04365677	0.00	0.06603666	0.02609899	10.00	-32.68285
0.2305715	10.00	-44.82759	-0.04235128	0.00	0.06406193	0.02607114	10.00	-32.6335
0.1870748	10.00	-44.7618	-0.04349675	0.00	0.0657946	0.02604362	10.00	-32.58372
0.1431887	10.00	-44.69541	-0.04388605	0.00	0.06638348	0.02598854	10.00	-32.48422
0.05548866	10.00	-44.56276	-0.08770005	0.00	0.132658	0.02596055	10.00	-32.4334
0.01070233	10.00	-44.49501	-0.04478633	0.00	0.06774527	0.02593325	10.00	-32.38504
-0.03193625	10.00	-44.43051	-0.04263858	0.00	0.06449652	0.02590534	10.00	-32.33535
-0.07573246	10.00	-44.36427	-0.04379621	0.00	0.06624758	0.02587832	10.00	-32.28615
-0.1191001	10.00	-44.29866	-0.0433676	0.00	0.06559925	0.02582311	10.00	-32.18686
-0.2066204	10.00	-44.16628	-0.08752037	0.00	0.1323862	0.02579426	10.00	-32.1361
-0.2513684	10.00	-44.09859	-0.04474796	0.00	0.06768723	0.02576789	10.00	-32.08775
-0.2939883	10.00	-44.03413	-0.04261987	0.00	0.0644682	0.02574033	10.00	-32.03835
-0.3375299	10.00	-43.96826	-0.04354167	0.00	0.06586255	0.02571322	10.00	-31.98925
-0.3808021	10.00	-43.90281	-0.04327215	0.00	0.06545486	0.02565726	10.00	-31.88791
-0.460977	10.00	-43.76768	-0.08017491	0.00	0.1351296	0.02563037	10.00	-31.84035
-0.4961461	10.00	-43.70426	-0.03516916	0.00	0.06341501	0.0256023	10.00	-31.79019
-0.5299934	10.00	-43.63739	-0.03384729	0.00	0.06686902	0.02557482	10.00	-31.7402
-0.561803	10.00	-43.57072	-0.0318096	0.00	0.06666943	0.02551939	10.00	-31.6411
-0.6248434	10.00	-43.4386	-0.06304038	0.00	0.1321257	0.0254916	10.00	-31.59114
-0.6566253	10.00	-43.37199	-0.0317819	0.00	0.06661139	0.02546486	10.00	-31.54329
-0.6870665	10.00	-43.30819	-0.03044122	0.00	0.06380147	0.02543776	10.00	-31.49362
-0.7186661	10.00	-43.24195	-0.03159954	0.00	0.06622918	0.02538107	10.00	-31.39283
-0.7827817	10.00	-43.10758	-0.06411561	0.00	0.1343793	0.0253538	10.00	-31.34227
-0.8149479	10.00	-43.04016	-0.03216621	0.00	0.06741685	0.02532739	10.00	-31.29556
-0.8446684	10.00	-42.97787	-0.02972057	0.00	0.06229105	0.02529927	10.00	-31.24491
-0.8768826	10.00	-42.91035	-0.03221416	0.00	0.06751736	0.02527177	10.00	-31.19592
-0.9067797	10.00	-42.84504	-0.02989707	0.00	0.06531189	0.02521645	10.00	-31.09641
-0.9623836	10.00	-42.71234	-0.05560387	0.00	0.1326976	0.02518786	10.00	-31.0449
-0.990496	10.00	-42.64367	-0.0281124	0.00	0.06867672	0.02516202	10.00	-30.99817
-1.014187	10.00	-42.58137	-0.02369115	0.00	0.06229671	0.0251342	10.00	-30.94824
-1.033702	10.00	-42.5148	-0.01951505	0.00	0.06657033	0.02510659	10.00	-30.89885
-1.04982	10.00	-42.44894	-0.01611783	0.00	0.0658583	0.02505127	10.00	-30.79895
-1.064362	10.00	-42.31574	-0.01454175	0.00	0.1331973	0.02502327	10.00	-30.74852
-1.066494	10.00	-42.24849	-0.002132769	0.00	0.06725547	0.02499682	10.00	-30.70075
-1.066494	10.00	-42.1848	0	0.00	0.06369105	0.0249691	10.00	-30.65079
-1.066494	10.00	-42.11818	0	0.00	0.06661422	0.02494113	10.00	-30.60064
-1.066494	10.00	-42.05132	0	0.00	0.06685911	0.02488574	10.00	-30.50133
-1.066494	10.00	-41.91891	0	0.00	0.1324173	0.02485882	10.00	-30.45241
-1.066494	10.00	-41.85368	0	0.00	0.06522129	0.02483125	10.00	-30.40301
-1.066494	10.00	-41.78782	0	0.00	0.06586963	0.02480304	10.00	-30.35267
-1.066494	10.00	-41.7207	0	0.00	0.06711817	0.02474771	10.00	-30.25282
-1.066494	10.00	-41.58756	0	0.00	0.1331378	0.02471982	10.00	-30.2029
-1.066494	10.00	-41.521	0	0.00	0.06655759	0.02469339	10.00	-30.15477
-1.066494	10.00	-41.45682	0	0.00	0.06418084	0.0246655	10.00	-30.10486
-1.066494	10.00	-41.39028	0	0.00	0.06654344	0.02463718	10.00	-30.05482
-1.066494	10.00	-41.32356	0	0.00	0.06671614	0.02458199	10.00	-29.95535
-1.066494	10.00	-41.19093	0	0.00	0.1326339	0.02455143	10.00	-29.90019
-1.066494	10.00	-41.11739	0	0.00	0.0735378	0.02449826	10.00	-29.80374
-1.066494	10.00	-40.98879	0	0.00	0.1286009	0.02446428	10.00	-29.74265
-1.066494	10.00	-40.90732	0	0.00	0.08146504	0.02441722	10.00	-29.65886
-1.066494	10.00	-40.79562	0	0.00	0.1117032	0.02438814	10.00	-29.60599
-1.066494	10.00	-40.72512	0	0.00	0.07049432	0.02433477	10.00	-29.50938
-1.066494	10.00	-40.59629	0	0.00	0.1288302	0.02430671	10.00	-29.45975
-1.066494	10.00	-40.53014	0	0.00	0.06615133	0.02427983	10.00	-29.41197
-1.066494	10.00	-40.46642	0	0.00	0.06372644	0.02425235	10.00	-29.36217
-1.066494	10.00	-40.40003	0	0.00	0.06638914	0.02419604	10.00	-29.26122
-1.066494	10.00	-40.26542	0	0.00	0.1346129	0.02416871	10.00	-29.21157
-1.066494	10.00	-40.19923	0	0.00	0.06618672	0.02414201	10.00	-29.16418
-1.066494	10.00	-40.13603	0	0.00	0.06319985	0.02411484	10.00	-29.11412
-1.066494	10.00	-40.06929	0	0.00	0.06673454	0.02408645	10.00	-29.06402
-1.066494	10.00	-40.00249	0	0.00	0.06679966	0.02403121	10.00	-28.96449
-1.066494	10.00	-39.86978	0	0.00	0.1327132	0.02400332	10.00	-28.91429
-1.066494	10.00	-39.80285	0	0.00	0.06692989	0.02397693	10.00	-28.86681
-1.066494	10.00	-39.73955	0	0.00	0.06329894	0.02394922	10.00	-28.8168
-1.066494	10.00	-39.67287	0	0.00	0.06667792	0.02392131	10.00	-28.76658
-1.066494	10.00	-39.6059	0	0.00	0.06696953	0.02386527	10.00	-28.66618
-1.066494	10.00	-39.47205	0	0.00	0.133857	0.0238387	10.00	-28.61803
-1.066494	10.00	-39.40783	0	0.00	0.0642134	0.02381	10.00	-28.56669
-1.066494	10.00	-39.3394	0	0.00	0.0684389	0.02375529	10.00	-28.4678
-1.066494	10.00	-39.20753	0	0.00	0.1318638	0.02372788	10.00	-28.41846
-1.066494	10.00	-39.14175	0	0.00	0.06578611	0.0237013	10.00	-28.37082
-1.066494	10.00	-39.07822	0	0.00	0.06352402	0.02367296	10.00	-28.31982
-1.066494	10.00	-39.01022	0	0.00	0.06800573	0.02361808	10.00	-28.22141
-1.066494	10.00	-38.87901	0	0.00	0.1312127	0.02359013	10.00	-28.1708
-1.066494	10.00	-38.81154	0	0.00	0.06746357	0.0235635	10.00	-28.12305
-1.066494	10.00	-38.74787	0	0.00	0.06367265	0.02353625	10.00	-28.07323
-1.066494	10.00	-38.68143	0	0.00	0.06644152	0.02348016	10.00	-27.97354
-1.069422	10.00	-38.54851	-0.002927878	0.00	0.1329128	0.02345194	10.00	-27.92298
-1.07156	10.00	-38.4811	-0.002137752	0.00	0.06741261	0.02342574	10.00	-27.87524
-1.074195	10.00	-38.41745	-0.002634692	0.00	0.06364859	0.02339805	10.00	-27.82532
-1.07695	10.00	-38.35089	-0.002755166	0.00	0.06655901	0.02337026	10.00	-27.77554
-1.081625	10.00	-38.28453	-0.004674756	0.00	0.06636225	0.0233151	10.00	-27.67616
-1.092242	10.00	-38.15202	-0.01061754	0.00	0.1325107	0.02328797	10.00	-27.62651
-1.098828	10.00	-38.08582	-0.006586154	0.00	0.06619804	0.02326052	10.00	-27.57784
-1.105915	10.00	-38.02092	-0.007086196	0.00	0.06490704	0.02323248	10.00	-27.52777
-1.113849	10.00	-37.95416	-0.007934253	0.00	0.06675436	0.02317666	10.00	-27.42727
-1.129776	10.00	-37.82016	-0.01592756	0.00	0.1340056	0.02314945	10.00	-27.37825
-1.137545	10.00	-37.75479	-0.007769029	0.00	0.06536426	0.02312224	10.00	-27.32995
-1.145199	10.00	-37.6904	-0.007653776	0.00	0.06439459	0.02309426	10.00	-27.27919
-1.153244	10.00	-37.62271	-0.008044962	0.00	0.06768581	0.02306732	10.00	-27.2305
-1.160959	10.00	-37.5578	-0.007715189	0.00	0.06491128	0.02301138	10.00	-27.12955
-1.176957	10.00	-37.42321	-0.01599739	0.00	0.1345931	0.02298488	10.00	-27.08231
-1.184444	10.00	-37.36021	-0.007487376	0.00	0.06299459	0.02295679	10.00	-27.03176
-1.192454	10.00	-37.29282	-0.008010303	0.00	0.0673942	0.02290134	10.00	-26.93175
-1.210889	10.00	-37.15945	-0.01843405	0.00	0.1333643	0.02287326	10.00	-26.88157
-1.221432	10.00	-37.09254	-0.01054384	0.00	0.06690724	0.02284645	10.00	-26.83323
-1.23159	10.00	-37.02809	-0.01015725	0.00	0.06445405	0.02281927	10.00	-26.78429
-1.241872	10.00	-36.96284	-0.01028195	0.00	0.06524536	0.02279169	10.00	-26.7344
-1.252353	10.00	-36.89633	-0.01048183	0.00	0.06651372	0.02273591	10.00	-26.63512
-1.278344	10.00	-36.76394	-0.02599096	0.00	0.1323904	0.02270899	10.00	-26.58569
-1.292557	10.00	-36.69804	-0.01421298	0.00	0.06589652	0.02268166	10.00	-26.53702
-1.30718	10.00	-36.63316	-0.01462294	0.00	0.06488439	0.02265296	10.00	-26.48582
-1.32323	10.00	-36.56488	-0.01604977	0.00	0.06828177	0.02259778	10.00	-26.38547
-1.365047	10.00	-36.43107	-0.0418164	0.00	0.133806	0.02256584	10.00	-26.32825
-1.397015	10.00	-36.35478	-0.03196862	0.00	0.07629252	0.02251516	10.00	-26.237
-1.453884	10.00	-36.23312	-0.05686841	0.00	0.1216589	0.02248406	10.00	-26.18148
-1.491353	10.00	-36.1591	-0.03746933	0.00	0.07402477	0.02243237	10.00	-26.08848
-1.562529	10.00	-36.03509	-0.07117604	0.00	0.1240102	0.02240337	10.00	-26.0371
-1.604499	10.00	-35.96658	-0.04197049	0.00	0.0685026	0.02235086	10.00	-25.94206
-1.683354	10.00	-35.83988	-0.07885472	0.00	0.1267012	0.02232299	10.00	-25.89174
-1.725116	10.00	-35.77278	-0.04176247	0.00	0.0671026	0.02229543	10.00	-25.84193
-1.766454	10.00	-35.70636	-0.04133695	0.00	0.06641887	0.02226814	10.00	-25.79288
-1.807152	10.00	-35.64097	-0.04069822	0.00	0.06539258	0.02224115	10.00	-25.74453
-1.84727	10.00	-35.57651	-0.04011851	0.00	0.06446113	0.02221413	10.00	-25.69493
-1.888438	10.00	-35.51036	-0.0411678	0.00	0.06614708	0.02218583	10.00	-25.64517
-1.92973	10.00	-35.44402	-0.04129202	0.00	0.06634668	0.0221567	10.00	-25.59301
-1.973015	10.00	-35.37447	-0.04328486	0.00	0.06954871	0.02212953	10.00	-25.54285
-2.014637	10.00	-35.30759	-0.04162239	0.00	0.06687751	0.02207522	10.00	-25.4458
-2.09517	10.00	-35.17819	-0.08053304	0.00	0.1293979	0.02204805	10.00	-25.397
-2.135668	10.00	-35.11312	-0.04049734	0.00	0.06506982	0.02201976	10.00	-25.34622
-2.177796	10.00	-35.04543	-0.04212809	0.00	0.06769006	0.02199245	10.00	-25.29739
-2.218323	10.00	-34.98031	-0.0405273	0.00	0.06511796	0.02196491	10.00	-25.24733
-2.259863	10.00	-34.91357	-0.04154046	0.00	0.06674587	0.02193799	10.00	-25.19901
-2.299959	10.00	-34.84914	-0.0400956	0.00	0.06442432	0.0219102	10.00	-25.14935
-2.341167	10.00	-34.78293	-0.04120832	0.00	0.06621219	0.02188272	10.00	-25.09959
-2.382461	10.00	-34.71658	-0.04129378	0.00	0.06634951	0.0218277	10.00	-25.0004
-2.464768	10.00	-34.58433	-0.08230651	0.00	0.1322474	0.02179917	10.00	-24.94997
-2.506617	10.00	-34.51709	-0.04184881	0.00	0.06724132	0.02177137	10.00	-24.89995
-2.548126	10.00	-34.45039	-0.04150962	0.00	0.06669632	0.02174447	10.00	-24.85048
-2.589178	10.00	-34.38443	-0.0410515	0.00	0.06596022	0.02171695	10.00	-24.8019
-2.629482	10.00	-34.31968	-0.0403044	0.00	0.06475981	0.02168998	10.00	-24.75313
-2.669966	10.00	-34.25463	-0.04048413	0.00	0.06504859	0.0216623	10.00	-24.70364
-2.71102	10.00	-34.18866	-0.04105414	0.00	0.06596447	0.02163463	10.00	-24.65379
-2.752399	10.00	-34.12218	-0.04137924	0.00	0.06648682	0.02160683	10.00	-24.60431
-2.79346	10.00	-34.0562	-0.04106031	0.00	0.06597438	0.02157982	10.00	-24.55457
-2.83473	10.00	-33.98989	-0.04126999	0.00	0.06631128	0.02152427	10.00	-24.45512
-2.917251	10.00	-33.8573	-0.08252148	0.00	0.1325928	0.02149629	10.00	-24.40549
-2.958442	10.00	-33.79111	-0.0411907	0.00	0.06618389	0.0214682	10.00	-24.35422
-3.000986	10.00	-33.72276	-0.04254393	0.00	0.06835821	0.02144109	10.00	-24.30516
-3.041694	10.00	-33.65734	-0.0407079	0.00	0.06540815	0.02141388	10.00	-24.25647
-3.082107	10.00	-33.59241	-0.04041277	0.00	0.06493393	0.02138659	10.00	-24.20786
-3.122442	10.00	-33.5276	-0.04033524	0.00	0.06480936	0.02135927	10.00	-24.15823
-3.163613	10.00	-33.46145	-0.04117132	0.00	0.06615274	0.02133116	10.00	-24.10818
-3.205154	10.00	-33.3947	-0.04154046	0.00	0.06674587	0.02130376	10.00	-24.05883
-3.246108	10.00	-33.3289	-0.04095459	0.00	0.06580451	0.02124825	10.00	-23.95847
-3.329388	10.00	-33.19509	-0.08328003	0.00	0.1338117	0.0212213	10.00	-23.91007
-3.369545	10.00	-33.13057	-0.04015639	0.00	0.064522	0.02119356	10.00	-23.85985
-3.411231	10.00	-33.06359	-0.04168583	0.00	0.06697944	0.02116538	10.00	-23.80933
-3.453153	10.00	-32.99623	-0.04192282	0.00	0.06736023	0.02113751	10.00	-23.75949
-3.494506	10.00	-32.92978	-0.0413528	0.00	0.06644435	0.02111015	10.00	-23.70991
-3.535652	10.00	-32.86367	-0.04114577	0.00	0.06611169	0.02108391	10.00	-23.66254
-3.57496	10.00	-32.80051	-0.03930798	0.00	0.0631588	0.02105561	10.00	-23.61262
-3.616385	10.00	-32.73395	-0.04142505	0.00	0.06656042	0.02102889	10.00	-23.56337
-3.657249	10.00	-32.66829	-0.04086384	0.00	0.0656587	0.02100042	10.00	-23.51306
-3.699005	10.00	-32.6012	-0.04175631	0.00	0.06709269	0.02094532	10.00	-23.41408
-3.781136	10.00	-32.46923	-0.08213119	0.00	0.1319657	0.02091816	10.00	-23.36502
-3.821844	10.00	-32.40383	-0.0407079	0.00	0.06540815	0.02088928	10.00	-23.31321
-3.864842	10.00	-32.33474	-0.04299765	0.00	0.06908723	0.02086188	10.00	-23.26419
-3.905507	10.00	-32.2694	-0.04066562	0.00	0.0653402	0.020835	10.00	-23.21529
-3.946101	10.00	-32.20417	-0.04059337	0.00	0.06522413	0.02080762	10.00	-23.16696
-3.986202	10.00	-32.13974	-0.04010177	0.00	0.06443423	0.02078056	10.00	-23.11733
-4.027378	10.00	-32.07358	-0.04117572	0.00	0.06615982	0.02075248	10.00	-23.06743
-4.068792	10.00	-32.00704	-0.04141359	0.00	0.06654202	0.02072535	10.00	-23.0176
-4.110136	10.00	-31.94061	-0.04134399	0.00	0.0664302	0.02066877	10.00	-22.91681
-4.193786	10.00	-31.8062	-0.08365005	0.00	0.1344062	0.02064199	10.00	-22.86786
-4.2344	10.00	-31.74094	-0.04061452	0.00	0.06525809	0.0206119	10.00	-22.81411
-4.278996	10.00	-31.66929	-0.0445958	0.00	0.07165509	0.02055919	10.00	-22.71886
-4.358046	10.00	-31.54227	-0.07904942	0.00	0.1270141	0.02053084	10.00	-22.66871
-4.399664	10.00	-31.4754	-0.04161887	0.00	0.06687185	0.02050423	10.00	-22.62033
-4.43981	10.00	-31.4109	-0.04014582	0.00	0.06450501	0.02047718	10.00	-22.57185
-4.480041	10.00	-31.34626	-0.0402304	0.00	0.0646409	0.02044933	10.00	-22.52176
-4.521596	10.00	-31.27949	-0.04155544	0.00	0.06676994	0.02042062	10.00	-22.47024
-4.558369	10.00	-31.21078	-0.03677241	0.00	0.06870503	0.02039265	10.00	-22.42018
-4.59215	10.00	-31.14404	-0.03378137	0.00	0.06673879	0.0203395	10.00	-22.32385
-4.621099	10.00	-31.01559	-0.02894855	0.00	0.1284495	0.02031151	10.00	-22.27422
-4.621099	10.00	-30.94942	0	0.00	0.06617539	0.02028341	10.00	-22.22386
-4.621099	10.00	-30.88228	0	0.00	0.06714082	0.02025433	10.00	-22.17146
-4.621099	10.00	-30.8124	0	0.00	0.06987854	0.02022817	10.00	-22.12478
-4.621099	10.00	-30.75018	0	0.00	0.06222451	0.02020143	10.00	-22.07525
-4.621099	10.00	-30.68413	0	0.00	0.06604657	0.02017389	10.00	-22.02679
-4.621099	10.00	-30.61951	0	0.00	0.06461543	0.02014616	10.00	-21.97674
-4.621099	10.00	-30.55279	0	0.00	0.06672747	0.02011906	10.00	-21.92756
-4.621099	10.00	-30.48721	0	0.00	0.06557235	0.02009141	10.00	-21.8777
-4.621099	10.00	-30.42074	0	0.00	0.06647125	0.02003592	10.00	-21.77852
-4.621099	10.00	-30.28849	0	0.00	0.1322474	0.02000848	10.00	-21.72934
-4.621099	10.00	-30.22292	0	0.00	0.06557235	0.01998135	10.00	-21.67935
-4.621099	10.00	-30.15627	0	0.00	0.06665386	0.01995287	10.00	-21.62903
-4.621099	10.00	-30.08917	0	0.00	0.06710118	0.01992498	10.00	-21.57905
-4.621099	10.00	-30.02253	0	0.00	0.06663404	0.01989738	10.00	-21.5294
-4.621099	10.00	-29.95633	0	0.00	0.0662037	0.01986992	10.00	-21.48006
-4.621099	10.00	-29.89055	0	0.00	0.06578186	0.01984339	10.00	-21.43194
-4.621099	10.00	-29.82637	0	0.00	0.06417235	0.01981618	10.00	-21.3823
-4.621099	10.00	-29.7602	0	0.00	0.06617539	0.019788	10.00	-21.33272
-4.621099	10.00	-29.69409	0	0.00	0.06611311	0.01976019	10.00	-21.28234
-4.621099	10.00	-29.62692	0	0.00	0.06716912	0.01970455	10.00	-21.18259
-4.621099	10.00	-29.49392	0	0.00	0.1330005	0.01967757	10.00	-21.13405
-4.621099	10.00	-29.4292	0	0.00	0.06472018	0.01965009	10.00	-21.08447
-4.621099	10.00	-29.36308	0	0.00	0.06611735	0.0196223	10.00	-21.03485
-4.621099	10.00	-29.29692	0	0.00	0.06615416	0.01959474	10.00	-20.98454
-4.621099	10.00	-29.22985	0	0.00	0.06707853	0.01956685	10.00	-20.9346
-4.621099	10.00	-29.16327	0	0.00	0.06657175	0.01953958	10.00	-20.88532
-4.621099	10.00	-29.09755	0	0.00	0.06572241	0.01951258	10.00	-20.83718
-4.621099	10.00	-29.03338	0	0.00	0.06417518	0.01948536	10.00	-20.78762
-4.621099	10.00	-28.9673	0	0.00	0.06608055	0.01945747	10.00	-20.73773
-4.621099	10.00	-28.90077	0	0.00	0.06652362	0.01942948	10.00	-20.68797
-4.621099	10.00	-28.83442	0	0.00	0.06634809	0.01940206	10.00	-20.63852
-4.621099	10.00	-28.76848	0	0.00	0.06594323	0.01934674	10.00	-20.53922
-4.621099	10.00	-28.63609	0	0.00	0.1323961	0.01931957	10.00	-20.4899
-4.621099	10.00	-28.57033	0	0.00	0.06576063	0.01929194	10.00	-20.44011
-4.621099	10.00	-28.50393	0	0.00	0.06639056	0.01926397	10.00	-20.38979
-4.621099	10.00	-28.43684	0	0.00	0.0670941	0.01923619	10.00	-20.33961
-4.621099	10.00	-28.36995	0	0.00	0.06689309	0.0192084	10.00	-20.29003
-4.621099	10.00	-28.30382	0	0.00	0.06612443	0.01918213	10.00	-20.24245
-4.621099	10.00	-28.24039	0	0.00	0.06343625	0.01915449	10.00	-20.19281
-4.621099	10.00	-28.17421	0	0.00	0.06618106	0.01912728	10.00	-20.14301
-4.621099	10.00	-28.10781	0	0.00	0.06640047	0.01909922	10.00	-20.09322
-4.621099	10.00	-28.04141	0	0.00	0.06639481	0.01904194	10.00	-19.99091
-4.621099	10.00	-27.90501	0	0.00	0.1364022	0.01901568	10.00	-19.9432
-4.621099	10.00	-27.8414	0	0.00	0.06361178	0.01898645	10.00	-19.89074
-4.621099	10.00	-27.77144	0	0.00	0.06995357	0.01893254	10.00	-19.79305
-4.621099	10.00	-27.6412	0	0.00	0.1302458	0.0189058	10.00	-19.74545
-4.621099	10.00	-27.57774	0	0.00	0.06346173	0.01887793	10.00	-19.69538
-4.621099	10.00	-27.51097	0	0.00	0.0667671	0.01882154	10.00	-19.59436
-4.621099	10.00	-27.37627	0	0.00	0.1347021	0.01879455	10.00	-19.54527
-4.621099	10.00	-27.31082	0	0.00	0.06545062	0.01876776	10.00	-19.49744
-4.621099	10.00	-27.24705	0	0.00	0.06377032	0.01870965	10.00	-19.3918
-4.621099	10.00	-27.1062	0	0.00	0.1408499	0.0186659	10.00	-19.31404
-4.621099	10.00	-27.00251	0	0.00	0.1036868	0.0186267	10.00	-19.24336
-4.621099	10.00	-26.90827	0	0.00	0.09423496	0.01857384	10.00	-19.14883
-4.621099	10.00	-26.78224	0	0.00	0.1260359	0.01851724	10.00	-19.04655
-4.621099	10.00	-26.64585	0	0.00	0.1363823	0.01848639	10.00	-18.99115
-4.621099	10.00	-26.57199	0	0.00	0.0738648	0.01843345	10.00	-18.89606
-4.621099	10.00	-26.4452	0	0.00	0.1267946	0.01839535	10.00	-18.82759
-4.621099	10.00	-26.3539	0	0.00	0.09129197	0.0183543	10.00	-18.75282
-4.621099	10.00	-26.25422	0	0.00	0.09967927	0.01832584	10.00	-18.70223
-4.621278	10.00	-26.18676	-0.0001796383	0.00	0.06746215	0.01829949	10.00	-18.65481
-4.621447	10.00	-26.12354	-0.0001683527	0.00	0.06322391	0.01824291	10.00	-18.55375
-4.621805	10.00	-25.98879	-0.0003588016	0.00	0.1347459	0.01821495	10.00	-18.50325
-4.621984	10.00	-25.92146	-0.0001792953	0.00	0.06733333	0.0181889	10.00	-18.45605
-4.622152	10.00	-25.85851	-0.0001676101	0.00	0.06294505	0.01813309	10.00	-18.35556
-4.622509	10.00	-25.72454	-0.000356736	0.00	0.1339702	0.01810486	10.00	-18.30495
-4.622689	10.00	-25.65706	-0.0001797023	0.00	0.06748621	0.0180788	10.00	-18.25781
-4.622856	10.00	-25.5942	-0.0001673839	0.00	0.06286011	0.01802304	10.00	-18.15709
-4.631016	10.00	-25.45991	-0.008159569	0.00	0.1342915	0.01799455	10.00	-18.10678
-4.646133	10.00	-25.39283	-0.01511775	0.00	0.06707995	0.01796791	10.00	-18.0589
-4.666084	10.00	-25.32899	-0.01995043	0.00	0.06383827	0.01791228	10.00	-17.95836
-4.72615	10.00	-25.19493	-0.0600662	0.00	0.1340537	0.01788377	10.00	-17.90729
-4.757983	10.00	-25.12683	-0.03183302	0.00	0.06810057	0.0178573	10.00	-17.85969
-4.787645	10.00	-25.06338	-0.02966199	0.00	0.06345607	0.01780166	10.00	-17.75942
-4.850141	10.00	-24.92968	-0.0624955	0.00	0.133697	0.01777404	10.00	-17.70954
-4.881227	10.00	-24.86318	-0.03108663	0.00	0.06650381	0.01774749	10.00	-17.66202
-4.914521	10.00	-24.79982	-0.03329431	0.00	0.06335273	0.01769179	10.00	-17.56248
-4.986846	10.00	-24.66709	-0.07232524	0.00	0.1327302	0.01766415	10.00	-17.51245
-5.0232	10.00	-24.60038	-0.03635315	0.00	0.06671473	0.01763745	10.00	-17.46422
-5.058233	10.00	-24.53609	-0.03503336	0.00	0.06429268	0.01758173	10.00	-17.36409
-5.136151	10.00	-24.40258	-0.07791801	0.00	0.1335045	0.01755409	10.00	-17.31446
-5.174774	10.00	-24.33641	-0.03862234	0.00	0.06617539	0.01752779	10.00	-17.26666
-5.211972	10.00	-24.27267	-0.03719882	0.00	0.06373635	0.01747166	10.00	-17.1659
-5.290386	10.00	-24.13832	-0.07841372	0.00	0.1343538	0.01744354	10.00	-17.11567
-5.329471	10.00	-24.07135	-0.039085	0.00	0.06696811	0.01741736	10.00	-17.06799
-5.366579	10.00	-24.00777	-0.03710794	0.00	0.06358064	0.01736112	10.00	-16.96721
-5.445003	10.00	-23.8734	-0.07842363	0.00	0.1343708	0.01733348	10.00	-16.91712
-5.483975	10.00	-23.80662	-0.03897264	0.00	0.0667756	0.01730646	10.00	-16.86891
-5.521495	10.00	-23.74233	-0.03752021	0.00	0.06428701	0.01725094	10.00	-16.76904
-5.599215	10.00	-23.60917	-0.07771973	0.00	0.1331647	0.01722457	10.00	-16.7218
-5.635979	10.00	-23.54618	-0.03676343	0.00	0.06299035	0.01719634	10.00	-16.6716
-5.675036	10.00	-23.47926	-0.03905773	0.00	0.0669214	0.01714115	10.00	-16.57105
-5.753289	10.00	-23.34518	-0.07825261	0.00	0.1340778	0.01711394	10.00	-16.52224
-5.791263	10.00	-23.28012	-0.03797378	0.00	0.06506416	0.01708681	10.00	-16.4733
-5.829352	10.00	-23.21485	-0.03808945	0.00	0.06526234	0.01703025	10.00	-16.37165
-5.908449	10.00	-23.07933	-0.07909697	0.00	0.1355245	0.01700296	10.00	-16.32308
-5.943109	10.00	-23.01457	-0.03466009	0.00	0.0647584	0.01697552	10.00	-16.27436
-5.974738	10.00	-22.9496	-0.0316289	0.00	0.06497215	0.01692061	10.00	-16.17471
-6.008543	10.00	-22.81673	-0.03380422	0.00	0.1328689	0.01689397	10.00	-16.12661
-6.018026	10.00	-22.75261	-0.009484153	0.00	0.0641228	0.01686357	10.00	-16.0732
-6.018026	10.00	-22.68138	0	0.00	0.07122476	0.01680896	10.00	-15.97428
-6.018026	10.00	-22.54949	0	0.00	0.1318907	0.01677408	10.00	-15.91191
-6.018026	10.00	-22.47036	0	0.00	0.07912932	0.01672747	10.00	-15.82756
-6.018026	10.00	-22.4069	0	0.00	0.0634637	0.01669977	10.00	-15.77809
-6.018026	10.00	-22.37671	0	0.00	0.03019126	0.01666719	10.00	-15.71865
-6.018026	10.00	-22.35731	0	0.00	0.0193962	0.01661515	10.00	-15.62565
-6.018026	10.00	-22.34978	0	0.00	0.007534616	0.01657708	10.00	-15.55723
-6.018026	10.00	-22.34978	0	0.00	0	0.01653473	10.00	-15.48099
-6.018026	10.00	-22.34978	0	0.00	0	0.0165037	10.00	-15.42575
-6.018026	10.00	-22.34978	0	0.00	0	0.01645141	10.00	-15.33055
-6.018026	10.00	-22.34978	0	0.00	0	0.01641305	10.00	-15.26162
-6.018026	10.00	-22.34978	0	0.00	0	0.01636867	10.00	-15.18203
-6.018026	10.00	-22.34978	0	0.00	0	0.01634193	10.00	-15.1346
-6.018026	10.00	-22.34978	0	0.00	0	0.0163153	10.00	-15.08636
-6.018026	10.00	-22.34978	0	0.00	0	0.0162595	10.00	-14.98604
-6.018026	10.00	-22.34978	0	0.00	0	0.01623189	10.00	-14.93675
-6.018026	10.00	-22.34978	0	0.00	0	0.01620409	10.00	-14.88631
-6.018026	10.00	-22.34978	0	0.00	0	0.01617671	10.00	-14.83687
-6.018026	10.00	-22.34978	0	0.00	0	0.01615018	10.00	-14.78874
-6.018026	10.00	-22.34978	0	0.00	0	0.01612247	10.00	-14.73922
-6.018026	10.00	-22.34978	0	0.00	0	0.01606618	10.00	-14.63871
-6.018026	10.00	-22.34978	0	0.00	0	0.01603831	10.00	-14.58843
-6.018026	10.00	-22.34978	0	0.00	0	0.01601095	10.00	-14.53894
-6.018026	10.00	-22.34978	0	0.00	0	0.01598393	10.00	-14.49066
-6.018026	10.00	-22.34978	0	0.00	0	0.01595719	10.00	-14.4418
-6.018026	10.00	-22.34978	0	0.00	0	0.01592924	10.00	-14.39187
-6.018026	10.00	-22.34978	0	0.00	0	0.01587385	10.00	-14.29258
-6.018026	10.00	-22.34978	0	0.00	0	0.01584571	10.00	-14.24188
-6.018026	10.00	-22.34978	0	0.00	0	0.01581826	10.00	-14.19238
-6.018026	10.00	-22.34978	0	0.00	0	0.01579176	10.00	-14.14422
-6.018026	10.00	-22.34978	0	0.00	0	0.01576435	10.00	-14.09488
-6.018026	10.00	-22.34978	0	0.00	0	0.01570855	10.00	-13.99495
-6.018026	10.00	-22.34978	0	0.00	0	0.01568004	10.00	-13.94378
-6.018026	10.00	-22.34978	0	0.00	0	0.01565332	10.00	-13.89549
-6.018026	10.00	-22.34978	0	0.00	0	0.01562626	10.00	-13.84685
-6.018026	10.00	-22.34978	0	0.00	0	0.01557013	10.00	-13.74621
-6.018026	10.00	-22.34978	0	0.00	0	0.01554335	10.00	-13.69767
-6.018026	10.00	-22.34772	0	0.00	0.002052102	0.01551618	10.00	-13.64917
-6.018026	10.00	-22.33503	0	0.00	0.01269812	0.01548853	10.00	-13.59882
-6.018026	10.00	-22.31665	0	0.00	0.01838012	0.01546132	10.00	-13.54949
-6.018026	10.00	-22.29291	0	0.00	0.023737	0.01540558	10.00	-13.4499
-6.018026	10.00	-22.21155	0	0.00	0.08135469	0.01537689	10.00	-13.3983
-6.018026	10.00	-22.15208	0	0.00	0.05947578	0.01535093	10.00	-13.35162
-6.018026	10.00	-22.09405	0	0.00	0.05802672	0.01532309	10.00	-13.30171
-6.018204	10.00	-22.02815	-0.0001771995	0.00	0.06590191	0.01529592	10.00	-13.25217
-6.023495	10.00	-21.96211	-0.005291474	0.00	0.0660395	0.01524038	10.00	-13.15259
-6.066276	10.00	-21.82933	-0.04278045	0.00	0.1327769	0.0152129	10.00	-13.10303
-6.093325	10.00	-21.76325	-0.0270491	0.00	0.06607913	0.01518573	10.00	-13.05423
-6.121222	10.00	-21.69818	-0.02789668	0.00	0.06507124	0.01515821	10.00	-13.00444
-6.149683	10.00	-21.63179	-0.02846228	0.00	0.06639056	0.01510044	10.00	-12.90083
-6.208905	10.00	-21.49365	-0.05922157	0.00	0.1381391	0.01506907	10.00	-12.84432
-6.241211	10.00	-21.4183	-0.0323056	0.00	0.07535541	0.01501955	10.00	-12.75497
-6.292281	10.00	-21.29917	-0.05107008	0.00	0.119125	0.01499234	10.00	-12.70604
-6.320251	10.00	-21.23393	-0.02797011	0.00	0.06524253	0.01496545	10.00	-12.65771
-6.347881	10.00	-21.16948	-0.02762965	0.00	0.06444839	0.01493758	10.00	-12.608
-6.376293	10.00	-21.10321	-0.02841191	0.00	0.06627306	0.01488183	10.00	-12.50731
-6.433846	10.00	-20.96896	-0.05755389	0.00	0.1342491	0.01485435	10.00	-12.45815
-6.461946	10.00	-20.90341	-0.02809998	0.00	0.06554546	0.01482718	10.00	-12.40904
-6.49002	10.00	-20.83793	-0.02807389	0.00	0.06548459	0.01479953	10.00	-12.359
-6.518625	10.00	-20.77121	-0.02860429	0.00	0.0667218	0.01474431	10.00	-12.25989
-6.575279	10.00	-20.63906	-0.0566539	0.00	0.1321498	0.01471593	10.00	-12.20908
-6.604321	10.00	-20.57132	-0.02904185	0.00	0.06774244	0.01468943	10.00	-12.16163
-6.63144	10.00	-20.50806	-0.02711988	0.00	0.0632593	0.01466206	10.00	-12.11207
-6.659774	10.00	-20.44197	-0.02833363	0.00	0.06609046	0.01460562	10.00	-12.01011
-6.718056	10.00	-20.30602	-0.05828214	0.00	0.1359478	0.01457028	10.00	-11.94735
-6.753932	10.00	-20.22234	-0.03587522	0.00	0.08368183	0.01452325	10.00	-11.86249
-6.802437	10.00	-20.10919	-0.04850604	0.00	0.1131442	0.01449203	10.00	-11.80694
-6.834188	10.00	-20.03513	-0.03175031	0.00	0.07406016	0.01444023	10.00	-11.71311
-6.887823	10.00	-19.91002	-0.05363532	0.00	0.1251087	0.01440774	10.00	-11.655
-6.921038	10.00	-19.83255	-0.0332153	0.00	0.07747736	0.01435782	10.00	-11.56467
-6.972673	10.00	-19.7121	-0.05163447	0.00	0.1204415	0.01433044	10.00	-11.51586
-7.000572	10.00	-19.64703	-0.02789911	0.00	0.0650769	0.01429717	10.00	-11.456
-7.034789	10.00	-19.56721	-0.03421725	0.00	0.07981447	0.01424828	10.00	-11.36805
-7.085066	10.00	-19.44994	-0.05027689	0.00	0.1172749	0.014221	10.00	-11.31885
-7.113189	10.00	-19.38434	-0.02812304	0.00	0.06559925	0.01419394	10.00	-11.27001
-7.141103	10.00	-19.31923	-0.02791428	0.00	0.06511229	0.01416553	10.00	-11.21946
-7.170002	10.00	-19.25182	-0.02889923	0.00	0.06740978	0.01411025	10.00	-11.11946
-7.227162	10.00	-19.11849	-0.05715943	0.00	0.1333289	0.01408209	10.00	-11.06957
-7.255682	10.00	-19.05196	-0.02851933	0.00	0.06652362	0.01405564	10.00	-11.02148
-7.283171	10.00	-18.98784	-0.02748947	0.00	0.06412139	0.01402785	10.00	-10.97155
-7.310418	10.00	-18.92128	-0.02724727	0.00	0.06656326	0.0139725	10.00	-10.87131
-7.353484	10.00	-18.78762	-0.04306597	0.00	0.133663	0.0139447	10.00	-10.82152
-7.369729	10.00	-18.72124	-0.01624463	0.00	0.0663764	0.01391827	10.00	-10.77398
-7.38156	10.00	-18.65785	-0.01183166	0.00	0.06339378	0.01389025	10.00	-10.72431
-7.393279	10.00	-18.59162	-0.01171882	0.00	0.06622493	0.01383435	10.00	-10.62364
-7.415732	10.00	-18.45739	-0.02245349	0.00	0.1342335	0.0138066	10.00	-10.57368
-7.426875	10.00	-18.39078	-0.01114245	0.00	0.0666128	0.0137798	10.00	-10.52591
-7.437528	10.00	-18.32709	-0.01065277	0.00	0.06368539	0.01375101	10.00	-10.47368
-7.449178	10.00	-18.25744	-0.01165059	0.00	0.06965064	0.013697	10.00	-10.37679
-7.470786	10.00	-18.12826	-0.02160745	0.00	0.1291756	0.01366748	10.00	-10.32327
-7.482722	10.00	-18.0569	-0.01193663	0.00	0.07136065	0.01364264	10.00	-10.27818
-7.49278	10.00	-17.99678	-0.01005749	0.00	0.06012663	0.01361409	10.00	-10.22753
-7.504076	10.00	-17.92925	-0.01129565	0.00	0.06752868	0.01355926	10.00	-10.12862
-7.526136	10.00	-17.79736	-0.02206042	0.00	0.1318836	0.01353098	10.00	-10.0773
-7.537582	10.00	-17.72894	-0.01144601	0.00	0.06842757	0.01350477	10.00	-10.03065
-7.547986	10.00	-17.66674	-0.01040415	0.00	0.06219903	0.01347674	10.00	-9.980613
-7.559145	10.00	-17.60002	-0.01115926	0.00	0.06671331	0.0134491	10.00	-9.930895
-7.570234	10.00	-17.53373	-0.01108846	0.00	0.06629005	0.0133943	10.00	-9.831607
-7.589815	10.00	-17.40135	-0.01958072	0.00	0.1323862	0.01336526	10.00	-9.780137
-7.593985	10.00	-17.33272	-0.004169709	0.00	0.06862576	0.0133391	10.00	-9.732664
-7.593985	10.00	-17.26943	0	0.00	0.06329328	0.0133115	10.00	-9.682501
-7.593985	10.00	-17.20254	0	0.00	0.06688884	0.01327859	10.00	-9.624348
-7.593985	10.00	-17.125	0	0.00	0.07753681	0.01322859	10.00	-9.533916
-7.593985	10.00	-17.00443	0	0.00	0.1205774	0.01320189	10.00	-9.485343
-7.593985	10.00	-16.93966	0	0.00	0.06476123	0.01317402	10.00	-9.435596
-7.593985	10.00	-16.87333	0	0.00	0.06632969	0.01314591	10.00	-9.385829
-7.593985	10.00	-16.80698	0	0.00	0.06635658	0.01309048	10.00	-9.285642
-7.593985	10.00	-16.6734	0	0.00	0.1335823	0.01306341	10.00	-9.237575
-7.593985	10.00	-16.60931	0	0.00	0.06408883	0.01303546	10.00	-9.186634
-7.593985	10.00	-16.54139	0	0.00	0.06792221	0.01298009	10.00	-9.086988
-7.593985	10.00	-16.40852	0	0.00	0.1328618	0.01295249	10.00	-9.037938
-7.593985	10.00	-16.34312	0	0.00	0.06540107	0.01292552	10.00	-8.989559
-7.593985	10.00	-16.27862	0	0.00	0.06450218	0.01289835	10.00	-8.940103
-7.593985	10.00	-16.21268	0	0.00	0.06594465	0.01284202	10.00	-8.838577
-7.593985	10.00	-16.07731	0	0.00	0.1353674	0.01281474	10.00	-8.789502
-7.593985	10.00	-16.01187	0	0.00	0.06543363	0.01278809	10.00	-8.741809
-7.593985	10.00	-15.94829	0	0.00	0.06358913	0.01276001	10.00	-8.691272
-7.593985	10.00	-15.8809	0	0.00	0.06738288	0.01270477	10.00	-8.591344
-7.593985	10.00	-15.74766	0	0.00	0.1332398	0.01267717	10.00	-8.541715
-7.593985	10.00	-15.68149	0	0.00	0.06616832	0.01265012	10.00	-8.493671
-7.593985	10.00	-15.61743	0	0.00	0.0640591	0.0126226	10.00	-8.444036
-7.593985	10.00	-15.55125	0	0.00	0.06618247	0.01256659	10.00	-8.34306
-7.593985	10.00	-15.41662	0	0.00	0.1346341	0.01253945	10.00	-8.294092
-7.593985	10.00	-15.35133	0	0.00	0.06528924	0.01251203	10.00	-8.245049
-7.593985	10.00	-15.28594	0	0.00	0.06539116	0.01245569	10.00	-8.144087
-7.593985	10.00	-15.15132	0	0.00	0.1346157	0.01242499	10.00	-8.088345
-7.593985	10.00	-15.077	0	0.00	0.07432345	0.01237451	10.00	-7.997727
-7.593985	10.00	-14.95618	0	0.00	0.1208223	0.01234631	10.00	-7.947074
-7.593985	10.00	-14.88864	0	0.00	0.06753859	0.01231816	10.00	-7.896448
-7.593985	10.00	-14.82114	0	0.00	0.06750178	0.01226351	10.00	-7.799052
-7.593985	10.00	-14.69127	0	0.00	0.1298622	0.01223735	10.00	-7.751086
-7.593985	10.00	-14.62732	0	0.00	0.06395294	0.01220863	10.00	-7.699776
-7.593985	10.00	-14.55891	0	0.00	0.06841484	0.0121812	10.00	-7.649845
-7.593985	10.00	-14.49233	0	0.00	0.06657458	0.0121544	10.00	-7.601821
-7.593985	10.00	-14.4283	0	0.00	0.06402937	0.01212708	10.00	-7.552826
-7.593985	10.00	-14.36298	0	0.00	0.06532746	0.01209886	10.00	-7.502407
-7.593985	10.00	-14.29575	0	0.00	0.06722575	0.01207247	10.00	-7.453516
-7.593985	10.00	-14.23056	0	0.00	0.06518732	0.01204444	10.00	-7.403803
-7.593985	10.00	-14.16428	0	0.00	0.06628439	0.01198897	10.00	-7.304319
-7.593985	10.00	-14.03163	0	0.00	0.1326452	0.01196139	10.00	-7.254282
-7.593985	10.00	-13.96491	0	0.00	0.06671756	0.01193272	10.00	-7.204357
-7.593985	10.00	-13.89835	0	0.00	0.0665675	0.01190575	10.00	-7.154547
-7.593985	10.00	-13.83193	0	0.00	0.06641179	0.01187819	10.00	-7.105536
-7.593985	10.00	-13.76659	0	0.00	0.06534869	0.01185164	10.00	-7.057115
-7.593985	10.00	-13.70203	0	0.00	0.06456022	0.01182393	10.00	-7.00752
-7.593985	10.00	-13.6359	0	0.00	0.06612868	0.01179645	10.00	-6.957736
-7.593985	10.00	-13.56952	0	0.00	0.06637782	0.01176854	10.00	-6.907502
-7.593985	10.00	-13.50254	0	0.00	0.06697802	0.01174107	10.00	-6.858594
-7.593985	10.00	-13.43733	0	0.00	0.0652128	0.01168597	10.00	-6.758942
-7.593985	10.00	-13.30446	0	0.00	0.1328675	0.0116583	10.00	-6.709232
-7.593985	10.00	-13.23818	0	0.00	0.06628156	0.01162998	10.00	-6.658741
-7.593985	10.00	-13.17086	0	0.00	0.06731918	0.0116024	10.00	-6.609497
-7.593985	10.00	-13.1052	0	0.00	0.06566012	0.01157508	10.00	-6.559372
-7.593985	10.00	-13.03837	0	0.00	0.06683364	0.0115483	10.00	-6.511017
-7.593985	10.00	-12.97389	0	0.00	0.06447245	0.01151787	10.00	-6.457418
-7.593985	10.00	-12.90243	0	0.00	0.07146399	0.01146505	10.00	-6.362509
-7.593985	10.00	-12.77588	0	0.00	0.1265455	0.01143757	10.00	-6.31272
-7.593985	10.00	-12.7095	0	0.00	0.06638773	0.0114096	10.00	-6.262223
-7.593985	10.00	-12.64217	0	0.00	0.0673305	0.01138236	10.00	-6.213086
-7.593985	10.00	-12.57665	0	0.00	0.06551573	0.0113554	10.00	-6.164844
-7.593985	10.00	-12.51233	0	0.00	0.06431957	0.01132813	10.00	-6.115268
-7.593985	10.00	-12.44623	0	0.00	0.0661032	0.0112996	10.00	-6.065056
-7.593985	10.00	-12.37928	0	0.00	0.06694829	0.01127224	10.00	-6.015385
-7.593985	10.00	-12.31305	0	0.00	0.06622918	0.01124394	10.00	-5.96543
-7.593985	10.00	-12.24644	0	0.00	0.06660714	0.01122043	10.00	-5.916702
-7.593985	10.00	-12.18147	0	0.00	0.06497073	0.01117126	10.00	-5.816408
-7.593985	10.00	-12.04775	0	0.00	0.1337253	0.01114668	10.00	-5.76695
-7.593985	10.00	-11.9818	0	0.00	0.06594465	0.01112214	10.00	-5.717013
-7.593985	10.00	-11.91522	0	0.00	0.06658024	0.01109797	10.00	-5.66781
-7.593985	10.00	-11.84962	0	0.00	0.06560491	0.01107457	10.00	-5.619198
-7.593985	10.00	-11.7848	0	0.00	0.06481644	0.0110495	10.00	-5.569954
-7.593985	10.00	-11.71914	0	0.00	0.0656587	0.0110249	10.00	-5.519849
-7.593985	10.00	-11.65233	0	0.00	0.06680816	0.01100044	10.00	-5.469668
-7.593985	10.00	-11.58543	0	0.00	0.06690583	0.01097599	10.00	-5.420948
-7.593985	10.00	-11.52047	0	0.00	0.06495799	0.01092714	10.00	-5.321519
-7.593985	10.00	-11.3879	0	0.00	0.132573	0.01090221	10.00	-5.271438
-7.593985	10.00	-11.32112	0	0.00	0.06677701	0.01087753	10.00	-5.221223
-7.593985	10.00	-11.25417	0	0.00	0.06695254	0.01085314	10.00	-5.172406
-7.593985	10.00	-11.18908	0	0.00	0.06508964	0.01082991	10.00	-5.123838
-7.593985	10.00	-11.12432	0	0.00	0.06475698	0.01080517	10.00	-5.074264
-7.593985	10.00	-11.05822	0	0.00	0.06609895	0.01078041	10.00	-5.02446
-7.593985	10.00	-10.99182	0	0.00	0.06640472	0.01075628	10.00	-4.974852
-7.593985	10.00	-10.92567	0	0.00	0.06614567	0.01073152	10.00	-4.925237
-7.593985	10.00	-10.85952	0	0.00	0.06615133	0.01068224	10.00	-4.824596
-7.593985	10.00	-10.72533	0	0.00	0.1341882	0.01065754	10.00	-4.774662
-7.593985	10.00	-10.65875	0	0.00	0.06657883	0.01063106	10.00	-4.721074
-7.593985	10.00	-10.5873	0	0.00	0.07144983	0.0105847	10.00	-4.626182
-7.593985	10.00	-10.46078	0	0.00	0.1265243	0.01055881	10.00	-4.57428
-7.593985	10.00	-10.39158	0	0.00	0.06920189	0.0105112	10.00	-4.478263
-7.593985	10.00	-10.26355	0	0.00	0.1280234	0.01048633	10.00	-4.428303
-7.593985	10.00	-10.19694	0	0.00	0.0666128	0.01046282	10.00	-4.379261
-7.593985	10.00	-10.13155	0	0.00	0.06538974	0.01043834	10.00	-4.330422
-7.593985	10.00	-10.06643	0	0.00	0.06511796	0.01041401	10.00	-4.281021
-7.593985	10.00	-10.00057	0	0.00	0.06586821	0.01036504	10.00	-4.181579
-7.593985	10.00	-9.867977	0	0.00	0.1325886	0.01034005	10.00	-4.13129
-7.593985	10.00	-9.800925	0	0.00	0.06705163	0.01031549	10.00	-4.080843
-7.593985	10.00	-9.733663	0	0.00	0.06726255	0.0102912	10.00	-4.031963
-7.593985	10.00	-9.668489	0	0.00	0.06517458	0.01026722	10.00	-3.982548
-7.593985	10.00	-9.602602	0	0.00	0.06588662	0.01024277	10.00	-3.934066
-7.593985	10.00	-9.537958	0	0.00	0.06464373	0.01021864	10.00	-3.884335
-7.593985	10.00	-9.471651	0	0.00	0.06630704	0.01016948	10.00	-3.784827
-7.593985	10.00	-9.338975	0	0.00	0.1326764	0.01014515	10.00	-3.73518
-7.593985	10.00	-9.272777	0	0.00	0.06619804	0.01011989	10.00	-3.684477
-7.593985	10.00	-9.205174	0	0.00	0.06760229	0.01009482	10.00	-3.632829
-7.593985	10.00	-9.136311	0	0.00	0.06886357	0.01007207	10.00	-3.586667
-7.593985	10.00	-9.07476	0	0.00	0.0615507	0.01004713	10.00	-3.537771
-7.593985	10.00	-9.009567	0	0.00	0.06519298	0.01002273	10.00	-3.487682
-7.593985	10.00	-8.94278	0	0.00	0.06678692	0.009998789	10.00	-3.438253
-7.593985	10.00	-8.876875	0	0.00	0.06590501	0.009973662	10.00	-3.387779
-7.593985	10.00	-8.809577	0	0.00	0.06729794	0.009947835	10.00	-3.335289
-7.593985	10.00	-8.73959	0	0.00	0.06998754	0.009900911	10.00	-3.239742
-7.593985	10.00	-8.612193	0	0.00	0.1273963	0.009875901	10.00	-3.189739
-7.593985	10.00	-8.545524	0	0.00	0.06666943	0.009851106	10.00	-3.139437
-7.593985	10.00	-8.478454	0	0.00	0.06707004	0.009827614	10.00	-3.090655
-7.593985	10.00	-8.413411	0	0.00	0.06504293	0.009803052	10.00	-3.042048
-7.593985	10.00	-8.348601	0	0.00	0.06480936	0.009778801	10.00	-2.992445
-7.593985	10.00	-8.282465	0	0.00	0.06613717	0.009754025	10.00	-2.942174
-7.593985	10.00	-8.215437	0	0.00	0.06702757	0.00972956	10.00	-2.892879
-7.593985	10.00	-8.149709	0	0.00	0.06572807	0.009705368	10.00	-2.843306
-7.593985	10.00	-8.083612	0	0.00	0.06609612	0.009680378	10.00	-2.793148
-7.593985	10.00	-8.016735	0	0.00	0.06687751	0.009656828	10.00	-2.744219
-7.593985	10.00	-7.951496	0	0.00	0.0652397	0.009607276	10.00	-2.644947
-7.593985	10.00	-7.819133	0	0.00	0.1323621	0.009582792	10.00	-2.594165
-7.593985	10.00	-7.751423	0	0.00	0.06770988	0.00955821	10.00	-2.54478
-7.593985	10.00	-7.685578	0	0.00	0.06584556	0.009534077	10.00	-2.496274
-7.593985	10.00	-7.620903	0	0.00	0.06467488	0.009510235	10.00	-2.447129
-7.594159	10.00	-7.555376	-0.0001744855	0.00	0.06552706	0.00948579	10.00	-2.397593
-7.595614	10.00	-7.489328	-0.001454943	0.00	0.06604799	0.009460703	10.00	-2.348041
-7.597709	10.00	-7.423259	-0.002095151	0.00	0.06606922	0.009436763	10.00	-2.298198
-7.60046	10.00	-7.356801	-0.002751006	0.00	0.06645851	0.009411851	10.00	-2.248539
-7.603201	10.00	-7.29059	-0.002740751	0.00	0.06621078	0.009362902	10.00	-2.149275
-7.608679	10.00	-7.158237	-0.005478632	0.00	0.1323522	0.009338106	10.00	-2.098996
-7.611454	10.00	-7.091198	-0.002775031	0.00	0.06703889	0.009313583	10.00	-2.048887
-7.61422	10.00	-7.024387	-0.002765597	0.00	0.06681099	0.009289488	10.00	-1.999225
-7.616961	10.00	-6.958171	-0.002740986	0.00	0.06621644	0.009265199	10.00	-1.950925
-7.619627	10.00	-6.893771	-0.002665806	0.00	0.06440026	0.009241104	10.00	-1.902037
-7.622325	10.00	-6.828586	-0.002698269	0.00	0.06518449	0.009216932	10.00	-1.852345
-7.626351	10.00	-6.76233	-0.004025727	0.00	0.06625608	0.009194004	10.00	-1.801235
-7.631151	10.00	-6.694183	-0.004800499	0.00	0.06814729	0.009171817	10.00	-1.752871
-7.636318	10.00	-6.629698	-0.005166934	0.00	0.06448519	0.009127481	10.00	-1.653543
-7.64693	10.00	-6.497261	-0.01061164	0.00	0.1324371	0.009105059	10.00	-1.602943
-7.652336	10.00	-6.429794	-0.005405806	0.00	0.0674664	0.009082171	10.00	-1.553219
-7.657648	10.00	-6.363496	-0.00531223	0.00	0.06629854	0.009059926	10.00	-1.50366
-7.662942	10.00	-6.297417	-0.00529465	0.00	0.06607913	0.009038147	10.00	-1.455392
-7.668099	10.00	-6.233059	-0.005156726	0.00	0.06435779	0.009016348	10.00	-1.406183
-7.673357	10.00	-6.167448	-0.005257106	0.00	0.06561057	0.008994102	10.00	-1.356786
-7.678634	10.00	-6.101584	-0.00527741	0.00	0.06586397	0.008970845	10.00	-1.306306
-7.684027	10.00	-6.034278	-0.005392989	0.00	0.06730644	0.008949046	10.00	-1.256733
-7.689323	10.00	-5.96818	-0.005296124	0.00	0.06609754	0.008925905	10.00	-1.205491
-7.69612	10.00	-5.899858	-0.006797552	0.00	0.06832282	0.008900194	10.00	-1.148229
-7.712588	10.00	-5.823508	-0.01646746	0.00	0.07634914	0.008859362	10.00	-1.058011
-7.75251	10.00	-5.703218	-0.03992197	0.00	0.1202901	0.008837759	10.00	-1.009307
-7.775949	10.00	-5.638278	-0.02343862	0.00	0.06493959	0.008814928	10.00	-0.9590719
-7.802069	10.00	-5.571299	-0.02612052	0.00	0.06697944	0.00879315	10.00	-0.9097546
-7.827713	10.00	-5.505543	-0.02564356	0.00	0.06575638	0.008770495	10.00	-0.8602111
-7.853474	10.00	-5.439485	-0.02576114	0.00	0.0660579	0.008748035	10.00	-0.810292
-7.87943	10.00	-5.372926	-0.02595657	0.00	0.06655901	0.008726159	10.00	-0.7609747
-7.905074	10.00	-5.307169	-0.02564356	0.00	0.06575638	0.00870405	10.00	-0.7114896
-7.930805	10.00	-5.241189	-0.02573078	0.00	0.06598004	0.008659071	10.00	-0.6124167
-7.98232	10.00	-5.109092	-0.05151511	0.00	0.1320974	0.008636864	10.00	-0.5622543
-8.008403	10.00	-5.042209	-0.02608299	0.00	0.06688318	0.008614092	10.00	-0.5115876
-8.034748	10.00	-4.974653	-0.02634521	0.00	0.06755558	0.008592391	10.00	-0.4632056
-8.059905	10.00	-4.910144	-0.02515721	0.00	0.06450926	0.008570146	10.00	-0.414878
-8.085034	10.00	-4.845707	-0.02512905	0.00	0.06443706	0.008548347	10.00	-0.3653907
-8.110766	10.00	-4.779724	-0.02573189	0.00	0.06598287	0.00852577	10.00	-0.315736
-8.136585	10.00	-4.713518	-0.02581911	0.00	0.06620653	0.008503038	10.00	-0.2651469
-8.16289	10.00	-4.646065	-0.02630491	0.00	0.06745224	0.008479956	10.00	-0.2131361
-8.189934	10.00	-4.576718	-0.0270441	0.00	0.0693477	0.008436242	10.00	-0.1168966
-8.239976	10.00	-4.448399	-0.05004171	0.00	0.1283192	0.008413724	10.00	-0.06642316
-8.266221	10.00	-4.381101	-0.02624474	0.00	0.06729794	0.008391945	10.00	-0.0165251
-8.292166	10.00	-4.31457	-0.02594553	0.00	0.0665307	0.008369952	10.00	0.03163065
-8.317205	10.00	-4.250362	-0.02503962	0.00	0.06420774	0.00834792	10.00	0.08076959
-8.342756	10.00	-4.184844	-0.02555082	0.00	0.06551857	0.008325187	10.00	0.1304223
-8.368574	10.00	-4.11864	-0.025818	0.00	0.0662037	0.008303	10.00	0.1806017
-8.394667	10.00	-4.051734	-0.02609182	0.00	0.06690583	0.008280579	10.00	0.22985
-8.417095	10.00	-3.98607	-0.02242857	0.00	0.06566437	0.008258197	10.00	0.2795697
-8.437813	10.00	-3.919777	-0.02071753	0.00	0.06629288	0.008213511	10.00	0.3791237
-8.461301	10.00	-3.787038	-0.02348873	0.00	0.1327386	0.0081907	10.00	0.4298116
-8.471297	10.00	-3.719454	-0.009996069	0.00	0.06758389	0.008168279	10.00	0.479393
-8.479155	10.00	-3.653345	-0.007857529	0.00	0.06610886	0.008146072	10.00	0.5288016
-8.481882	10.00	-3.587467	-0.002726982	0.00	0.06587812	0.008124663	10.00	0.5774204
-8.482682	10.00	-3.522642	-0.0008003082	0.00	0.06482493	0.008101015	10.00	0.629946
-8.483547	10.00	-3.452608	-0.0008646208	0.00	0.07003425	0.008080443	10.00	0.6756895
-8.4843	10.00	-3.391617	-0.0007529825	0.00	0.06099155	0.008057964	10.00	0.7251841
-8.485114	10.00	-3.325624	-0.0008147261	0.00	0.06599278	0.008035621	10.00	0.7750003
-8.485114	10.00	-3.259202	0	0.00	0.0664217	0.008013239	10.00	0.8247573
-8.485114	10.00	-3.19286	0	0.00	0.06634243	0.007968708	10.00	0.9241201
-8.485114	10.00	-3.060376	0	0.00	0.1324838	0.007946404	10.00	0.97448
-8.485114	10.00	-2.993229	0	0.00	0.06714648	0.007924099	10.00	1.023448
-8.485114	10.00	-2.927939	0	0.00	0.06529065	0.007902418	10.00	1.072106
-8.485114	10.00	-2.863061	0	0.00	0.06487731	0.007879686	10.00	1.121716
-8.485114	10.00	-2.796914	0	0.00	0.06614708	0.007857653	10.00	1.171618
-8.485114	10.00	-2.730378	0	0.00	0.06653636	0.007834843	10.00	1.221041
-8.485114	10.00	-2.664481	0	0.00	0.06589652	0.007812811	10.00	1.270969
-8.485114	10.00	-2.59791	0	0.00	0.06657175	0.007768008	10.00	1.3701
-8.485114	10.00	-2.465736	0	0.00	0.1321738	0.00774549	10.00	1.420475
-8.485114	10.00	-2.398568	0	0.00	0.06716771	0.007722855	10.00	1.470577
-8.485114	10.00	-2.331766	0	0.00	0.06680249	0.007701212	10.00	1.519264
-8.485114	10.00	-2.26685	0	0.00	0.06491553	0.007680815	10.00	1.568063
-8.485114	10.00	-2.201784	0	0.00	0.06506558	0.00765962	10.00	1.618327
-8.485114	10.00	-2.134765	0	0.00	0.06701908	0.007639788	10.00	1.667169
-8.485114	10.00	-2.069643	0	0.00	0.0651222	0.007618573	10.00	1.71675
-8.485114	10.00	-2.003534	0	0.00	0.06610886	0.007597981	10.00	1.766379
-8.485114	10.00	-1.937363	0	0.00	0.06617115	0.007556351	10.00	1.866629
-8.485114	10.00	-1.803696	0	0.00	0.1336673	0.007535915	10.00	1.915285
-8.485114	10.00	-1.738821	0	0.00	0.06487448	0.00751435	10.00	1.966209
-8.485114	10.00	-1.670923	0	0.00	0.06789815	0.007493934	10.00	2.016578
-8.485114	10.00	-1.603764	0	0.00	0.06715921	0.007474218	10.00	2.063491
-8.485114	10.00	-1.541214	0	0.00	0.0625501	0.007453821	10.00	2.113119
-8.485114	10.00	-1.475043	0	0.00	0.06617115	0.007432256	10.00	2.16383
-8.485114	10.00	-1.407428	0	0.00	0.06761503	0.007412229	10.00	2.212619
-8.485114	10.00	-1.342376	0	0.00	0.06505142	0.007390587	10.00	2.262897
-8.485114	10.00	-1.275337	0	0.00	0.06703889	0.007349092	10.00	2.36301
-8.485114	10.00	-1.141854	0	0.00	0.1334832	0.007328423	10.00	2.413034
-8.485114	10.00	-1.075156	0	0.00	0.06669774	0.007305593	10.00	2.467714
-8.485114	10.00	-1.002249	0	0.00	0.07290787	0.00726583	10.00	2.562331
-8.485114	10.00	-0.8760938	0	0.00	0.1261548	0.007245901	10.00	2.609669
-8.485114	10.00	-0.8129746	0	0.00	0.06311916	0.007224686	10.00	2.660099
-8.485114	10.00	-0.7457348	0	0.00	0.0672399	0.007204562	10.00	2.708901
-8.485114	10.00	-0.6806663	0	0.00	0.06506841	0.007184515	10.00	2.757788
-8.485114	10.00	-0.6154833	0	0.00	0.06518307	0.007142164	10.00	2.858005
-8.485114	10.00	-0.4818613	0	0.00	0.133622	0.007120677	10.00	2.90954
-8.485114	10.00	-0.4131477	0	0.00	0.06871352	0.007101293	10.00	2.956913
-8.485114	10.00	-0.3499833	0	0.00	0.06316446	0.007081012	10.00	3.005601
-8.485114	10.00	-0.2850664	0	0.00	0.06491695	0.007039323	10.00	3.105082
-8.485114	10.00	-0.1524254	0	0.00	0.132641	0.007018381	10.00	3.155297
-8.485114	10.00	-0.08547284	0	0.00	0.06695254	0.006997556	10.00	3.205574
-8.485114	10.00	-0.01843678	0	0.00	0.06703606	0.00697749	10.00	3.253901
-8.485114	10.00	0.04600029	0	0.00	0.06443706	0.006956529	10.00	3.303167
-8.485114	10.00	0.1116887	0	0.00	0.06568843	0.006935996	10.00	3.352425
-8.485114	10.00	0.1773658	0	0.00	0.06567711	0.006914976	10.00	3.402205
-8.485114	10.00	0.2437394	0	0.00	0.06637357	0.006894287	10.00	3.452395
-8.485114	10.00	0.3106594	0	0.00	0.06691998	0.006873423	10.00	3.502163
-8.485114	10.00	0.3770159	0	0.00	0.06635658	0.006853337	10.00	3.551182
-8.485114	10.00	0.4423746	0	0.00	0.0653586	0.006811726	10.00	3.65036
-8.485114	10.00	0.5746135	0	0.00	0.132239	0.006790784	10.00	3.701164
-8.485114	10.00	0.6423517	0	0.00	0.06773819	0.006769647	10.00	3.750512
-8.485114	10.00	0.7081491	0	0.00	0.06579743	0.00674999	10.00	3.798439
-8.485114	10.00	0.7720525	0	0.00	0.06390339	0.006729126	10.00	3.848033
-8.485114	10.00	0.8381755	0	0.00	0.06612302	0.006708768	10.00	3.897873
-8.485114	10.00	0.9046298	0	0.00	0.06645426	0.006688254	10.00	3.947344
-8.485114	10.00	0.9705914	0	0.00	0.06596164	0.006666728	10.00	3.997281
-8.485114	10.00	1.037173	0	0.00	0.06658166	0.006625857	10.00	4.096514
-8.485114	10.00	1.169484	0	0.00	0.1323112	0.00660435	10.00	4.14671
-8.485114	10.00	1.236413	0	0.00	0.06692848	0.006583973	10.00	4.196825
-8.485114	10.00	1.303232	0	0.00	0.06681948	0.00656307	10.00	4.245491
-8.485114	10.00	1.368121	0	0.00	0.06488863	0.006543023	10.00	4.294264
-8.485114	10.00	1.433152	0	0.00	0.0650316	0.006522588	10.00	4.343572
-8.485114	10.00	1.498895	0	0.00	0.06574222	0.006501373	10.00	4.393344
-8.485291	10.00	1.565258	-0.0001767132	0.00	0.06636366	0.006480664	10.00	4.443259
-8.485469	10.00	1.63181	-0.0001772145	0.00	0.06655193	0.006459878	10.00	4.492752
-8.485644	10.00	1.697802	-0.0001757219	0.00	0.06599136	0.0064178	10.00	4.595055
-8.486008	10.00	1.834207	-0.0003632193	0.00	0.136405	0.006396644	10.00	4.643927
-8.486181	10.00	1.899368	-0.000173513	0.00	0.06516184	0.006355441	10.00	4.743688
-8.486535	10.00	2.032383	-0.0003541916	0.00	0.1330147	0.006335278	10.00	4.792623
-8.486709	10.00	2.09763	-0.0001737392	0.00	0.06524678	0.006314336	10.00	4.842548
-8.486886	10.00	2.164197	-0.000177256	0.00	0.0665675	0.00627253	10.00	4.943224
-8.487244	10.00	2.298432	-0.0003574408	0.00	0.1342349	0.006252911	10.00	4.989307
-8.487407	10.00	2.359875	-0.0001636108	0.00	0.06144312	0.00622944	10.00	5.044612
-8.487603	10.00	2.433616	-0.0001963556	0.00	0.07374024	0.006190242	10.00	5.13985
-8.49286	10.00	2.5606	-0.005256433	0.00	0.1269843	0.006169611	10.00	5.188925
-8.495568	10.00	2.626032	-0.002708523	0.00	0.06543221	0.006128	10.00	5.288752
-8.501078	10.00	2.759135	-0.005509688	0.00	0.1331024	0.006107895	10.00	5.336782
-8.503729	10.00	2.823175	-0.002650923	0.00	0.0640407	0.006065836	10.00	5.437736
-8.509301	10.00	2.95778	-0.00557186	0.00	0.1346044	0.006044933	10.00	5.486857
-8.512012	10.00	3.023276	-0.00271116	0.00	0.06549592	0.00600375	10.00	5.585987
-8.517483	10.00	3.155448	-0.00547119	0.00	0.1321724	0.005983411	10.00	5.63414
-8.520141	10.00	3.219653	-0.00265772	0.00	0.06420491	0.005940729	10.00	5.737372
-8.53117	10.00	3.357295	-0.01102871	0.00	0.1376422	0.005919242	10.00	5.788525
-8.536634	10.00	3.425501	-0.005465013	0.00	0.06820533	0.005879285	10.00	5.884918
-8.546932	10.00	3.554022	-0.01029791	0.00	0.1285217	0.005858908	10.00	5.933913
-8.552167	10.00	3.619351	-0.005234535	0.00	0.06532887	0.00581753	10.00	6.032733
-8.567828	10.00	3.751112	-0.01566071	0.00	0.1317605	0.00577479	10.00	6.135222
-8.592009	10.00	3.887761	-0.02418085	0.00	0.1366499	0.005735086	10.00	6.229417
-8.619098	10.00	4.013357	-0.02708926	0.00	0.1255956	0.005703245	10.00	6.305549
-8.645905	10.00	4.114864	-0.02680801	0.00	0.1015068	0.005672766	10.00	6.379006
-8.674618	10.00	4.212806	-0.02871174	0.00	0.09794235	0.005651883	10.00	6.429648
-8.697681	10.00	4.280331	-0.0230639	0.00	0.06752443	0.005611225	10.00	6.526379
-8.754223	10.00	4.409305	-0.05654153	0.00	0.1289746	0.005590205	10.00	6.576917
-8.785069	10.00	4.47669	-0.03084573	0.00	0.0673843	0.005569497	10.00	6.626136
-8.818921	10.00	4.542313	-0.03385216	0.00	0.06562331	0.005528255	10.00	6.725863
-8.896526	10.00	4.675282	-0.07760572	0.00	0.1329694	0.005508073	10.00	6.773911
-8.933919	10.00	4.73935	-0.03739215	0.00	0.06406759	0.005487442	10.00	6.822764
-8.973196	10.00	4.804486	-0.03927733	0.00	0.06513636	0.005466559	10.00	6.872804
-9.014719	10.00	4.871204	-0.04152284	0.00	0.06671756	0.005445753	10.00	6.922254
-9.055756	10.00	4.93714	-0.04103652	0.00	0.06593616	0.005404103	10.00	7.02277
-9.148249	10.00	5.07116	-0.09249342	0.00	0.1340197	0.005383452	10.00	7.072655
-9.197372	10.00	5.137672	-0.04912347	0.00	0.0665123	0.005363309	10.00	7.120779
-9.246628	10.00	5.201838	-0.04925504	0.00	0.06416669	0.00534262	10.00	7.169998
-9.297639	10.00	5.267466	-0.05101188	0.00	0.06562756	0.005321405	10.00	7.219775
-9.349227	10.00	5.333834	-0.05158735	0.00	0.06636791	0.00527995	10.00	7.320265
-9.453374	10.00	5.467822	-0.1041474	0.00	0.1339872	0.005259183	10.00	7.370496
-9.505433	10.00	5.534797	-0.05205939	0.00	0.06697519	0.00523863	10.00	7.418831
-9.555526	10.00	5.599241	-0.05009202	0.00	0.06444414	0.005217864	10.00	7.468233
-9.606725	10.00	5.665109	-0.05119894	0.00	0.06586821	0.005197486	10.00	7.517114
-9.657384	10.00	5.730283	-0.05065979	0.00	0.06517458	0.005155446	10.00	7.617944
-9.757978	10.00	5.864724	-0.1005942	0.00	0.1344402	0.00513505	10.00	7.667501
-9.807421	10.00	5.930801	-0.04944232	0.00	0.06607772	0.005115237	10.00	7.714995
-9.854803	10.00	5.994126	-0.04738218	0.00	0.06332442	0.005094334	10.00	7.764935
-9.904629	10.00	6.060716	-0.04982575	0.00	0.06659015	0.005073392	10.00	7.814586
-9.954164	10.00	6.126917	-0.04953447	0.00	0.06620087	0.005032364	10.00	7.914155
-10.0535	10.00	6.259673	-0.09933374	0.00	0.1327556	0.005011091	10.00	7.964298
-10.10352	10.00	6.32653	-0.05002594	0.00	0.0668577	0.004991064	10.00	8.012434
-10.15155	10.00	6.390714	-0.04802511	0.00	0.06418367	0.004970122	10.00	8.062315
-10.20131	10.00	6.457219	-0.0497622	0.00	0.06650522	0.004949375	10.00	8.111892
-10.25077	10.00	6.523325	-0.04946351	0.00	0.06610603	0.004907453	10.00	8.212618
-10.35126	10.00	6.657624	-0.1004883	0.00	0.1342986	0.004886549	10.00	8.262238
-10.40077	10.00	6.723783	-0.04950375	0.00	0.06615982	0.004866892	10.00	8.309662
-10.44808	10.00	6.787016	-0.04731333	0.00	0.06323241	0.004845853	10.00	8.359782
-10.49808	10.00	6.853844	-0.0500037	0.00	0.06682798	0.00482532	10.00	8.409226
-10.54741	10.00	6.919772	-0.04933004	0.00	0.06592766	0.004783358	10.00	8.509752
-10.6477	10.00	7.053805	-0.1002902	0.00	0.1340339	0.004762942	10.00	8.559815
-10.69765	10.00	7.120554	-0.04994438	0.00	0.0667487	0.004742797	10.00	8.607907
-10.74562	10.00	7.184674	-0.04797745	0.00	0.06411997	0.004721836	10.00	8.657079
-10.79468	10.00	7.250238	-0.04905783	0.00	0.06556387	0.004680089	10.00	8.756909
-10.89428	10.00	7.383348	-0.09959853	0.00	0.1331095	0.004659672	10.00	8.806331
-10.94358	10.00	7.44924	-0.04930356	0.00	0.06589227	0.004639256	10.00	8.855104
-10.99224	10.00	7.514271	-0.04865957	0.00	0.0650316	0.004618314	10.00	8.905005
-11.04009	10.00	7.580803	-0.04784965	0.00	0.06653211	0.004576508	10.00	9.005513
-11.12999	10.00	7.714819	-0.08989517	0.00	0.1340155	0.004556111	10.00	9.053776
-11.17191	10.00	7.779167	-0.04191725	0.00	0.06434788	0.00453585	10.00	9.103103
-11.21411	10.00	7.844939	-0.04220805	0.00	0.06577195	0.004514889	10.00	9.153359
-11.25257	10.00	7.911944	-0.03845768	0.00	0.06700492	0.00447281	10.00	9.253557
-11.32149	10.00	8.045545	-0.0689187	0.00	0.1336007	0.004451985	10.00	9.302678
-11.35528	10.00	8.111036	-0.03378425	0.00	0.06549167	0.004432425	10.00	9.350587
-11.38823	10.00	8.174914	-0.03295179	0.00	0.06387791	0.004411542	10.00	9.400513
-11.4187	10.00	8.241482	-0.03047184	0.00	0.0665675	0.004390833	10.00	9.450267
-11.44842	10.00	8.307822	-0.02972579	0.00	0.06634101	0.004349027	10.00	9.551401
-11.49709	10.00	8.442668	-0.04866956	0.00	0.134845	0.004324893	10.00	9.608225
-11.52444	10.00	8.518431	-0.02734514	0.00	0.07576309	0.004286513	10.00	9.701181
-11.56437	10.00	8.642376	-0.03993486	0.00	0.1239451	0.00425839	10.00	9.767941
-11.58874	10.00	8.731387	-0.02436988	0.00	0.08901148	0.004224524	10.00	9.849778
-11.61545	10.00	8.840508	-0.02670542	0.00	0.1091198	0.004194454	10.00	9.921054
-11.63411	10.00	8.935537	-0.01865644	0.00	0.09503051	0.004162244	10.00	9.997948
-11.64034	10.00	9.038064	-0.006229491	0.00	0.102526	0.004142722	10.00	10.04466
-11.6411	10.00	9.100347	-0.0007689208	0.00	0.06228255	0.004122053	10.00	10.09447
-11.6411	10.00	9.166762	0	0.00	0.06641604	0.004080013	10.00	10.19456
-11.6411	10.00	9.30021	0	0.00	0.1334479	0.004059792	10.00	10.24344
-11.6411	10.00	9.36539	0	0.00	0.06518024	0.004039142	10.00	10.2927
-11.6411	10.00	9.431057	0	0.00	0.0656672	0.004019017	10.00	10.34232
-11.6411	10.00	9.497229	0	0.00	0.06617115	0.003976472	10.00	10.44315
-11.6411	10.00	9.63167	0	0.00	0.1344416	0.003955763	10.00	10.49166
-11.6411	10.00	9.696345	0	0.00	0.06467488	0.003935872	10.00	10.5404
-11.6411	10.00	9.761334	0	0.00	0.06498913	0.00391495	10.00	10.59142
-11.6411	10.00	9.829361	0	0.00	0.06802697	0.003894417	10.00	10.63985
-11.6411	10.00	9.893927	0	0.00	0.06456588	0.003852221	10.00	10.74037
-11.6411	10.00	10.02796	0	0.00	0.1340297	0.003831357	10.00	10.79018
-11.6411	10.00	10.09437	0	0.00	0.06641462	0.003811856	10.00	10.83779
-11.6411	10.00	10.15786	0	0.00	0.06348438	0.003790505	10.00	10.88891
-11.6411	10.00	10.22601	0	0.00	0.0681572	0.003769505	10.00	10.93792
-11.6411	10.00	10.29136	0	0.00	0.06534586	0.003728108	10.00	11.03814
-11.6411	10.00	10.42498	0	0.00	0.1336248	0.003707419	10.00	11.08758
-11.6411	10.00	10.49091	0	0.00	0.06592625	0.003687197	10.00	11.13531
-11.6411	10.00	10.55454	0	0.00	0.0636316	0.003666566	10.00	11.18498
-11.6411	10.00	10.62077	0	0.00	0.06623201	0.003624429	10.00	11.28622
-11.6411	10.00	10.75576	0	0.00	0.1349852	0.003602767	10.00	11.33831
-11.6411	10.00	10.82521	0	0.00	0.06945528	0.003583986	10.00	11.38299
-11.6411	10.00	10.88478	0	0.00	0.05956889	0.003563005	10.00	11.43301
-11.6411	10.00	10.95148	0	0.00	0.06669491	0.003520966	10.00	11.53401
-11.61336	10.00	11.08614	0.02774062	0.00	0.134661	0.003501192	10.00	11.58277
-11.59493	10.00	11.15116	0.01843147	0.00	0.06502169	0.003480639	10.00	11.63169
-11.57897	10.00	11.21639	0.0159647	0.00	0.06523262	0.003460047	10.00	11.6809
-11.57625	10.00	11.28201	0.002716024	0.00	0.0656134	0.003439242	10.00	11.73047
-11.57625	10.00	11.34809	0	0.00	0.06608338	0.00339728	10.00	11.83003
-11.57625	10.00	11.48084	0	0.00	0.1327514	0.003376766	10.00	11.88083
-11.57625	10.00	11.54856	0	0.00	0.06772403	0.003356467	10.00	11.92867
-11.57625	10.00	11.61235	0	0.00	0.06378873	0.003335486	10.00	11.97828
-11.57625	10.00	11.67851	0	0.00	0.06615699	0.003293913	10.00	12.07791
-11.57625	10.00	11.81135	0	0.00	0.1328392	0.00327303	10.00	12.12827
-11.57625	10.00	11.87849	0	0.00	0.06713799	0.003252458	10.00	12.17758
-11.57625	10.00	11.94425	0	0.00	0.06575921	0.003232061	10.00	12.22626
-11.57625	10.00	12.00915	0	0.00	0.06490137	0.003188698	10.00	12.32965
-11.57625	10.00	12.147	0	0.00	0.1378531	0.003167405	10.00	12.38165
-11.57625	10.00	12.21634	0	0.00	0.06933638	0.00312813	10.00	12.47579
-11.57625	10.00	12.34185	0	0.00	0.1255135	0.003107071	10.00	12.52752
-11.57607	10.00	12.41083	0.0001836753	0.00	0.06897824	0.003087141	10.00	12.57382
-11.57351	10.00	12.47256	0.002555058	0.00	0.06172482	0.003045296	10.00	12.67364
-11.56285	10.00	12.60566	0.01066541	0.00	0.1331081	0.003025619	10.00	12.72176
-11.55771	10.00	12.66982	0.005140279	0.00	0.06415253	0.003004736	10.00	12.77171
-11.55237	10.00	12.73642	0.00533639	0.00	0.06660006	0.002984261	10.00	12.82079
-11.54713	10.00	12.80185	0.005243155	0.00	0.06543646	0.002942183	10.00	12.92085
-11.53644	10.00	12.93527	0.01069013	0.00	0.1334167	0.002921338	10.00	12.97132
-11.53104	10.00	13.00256	0.005391968	0.00	0.0672937	0.002899481	10.00	13.02264
-11.52556	10.00	13.071	0.005483614	0.00	0.06843748	0.002858181	10.00	13.12229
-11.51492	10.00	13.20385	0.01064488	0.00	0.1328519	0.002832023	10.00	13.1853
-11.50819	10.00	13.28787	0.00673185	0.00	0.08401591	0.002797886	10.00	13.26714
-11.49944	10.00	13.39698	0.008742864	0.00	0.1091141	0.002775192	10.00	13.32003
-11.49379	10.00	13.46751	0.005650803	0.00	0.07052404	0.002750163	10.00	13.38045
-11.48734	10.00	13.54806	0.006454414	0.00	0.0805534	0.002713067	10.00	13.47017
-11.47775	10.00	13.6677	0.009586288	0.00	0.1196403	0.002693293	10.00	13.51739
-11.47271	10.00	13.73066	0.005044549	0.00	0.06295779	0.002670833	10.00	13.57192
-11.46688	10.00	13.80336	0.005825363	0.00	0.07270262	0.002632316	10.00	13.66424
-11.45702	10.00	13.92645	0.00986293	0.00	0.1230929	0.002611277	10.00	13.71311
-11.4518	10.00	13.99161	0.005220697	0.00	0.06515618	0.002591075	10.00	13.763
-11.44582	10.00	14.05815	0.00597555	0.00	0.06653636	0.002569705	10.00	13.81353
-11.43977	10.00	14.12552	0.006050684	0.00	0.06737297	0.002549249	10.00	13.86309
-11.43256	10.00	14.19159	0.007213078	0.00	0.06606922	0.002528677	10.00	13.91127
-11.42492	10.00	14.25583	0.007635437	0.00	0.0642403	0.002508475	10.00	13.95998
-11.4172	10.00	14.32077	0.007719394	0.00	0.06494667	0.002487669	10.00	14.01027
-11.40923	10.00	14.38783	0.007970426	0.00	0.06705871	0.002466825	10.00	14.06015
-11.40133	10.00	14.45433	0.007903462	0.00	0.06649531	0.002446116	10.00	14.10945
-11.39352	10.00	14.52007	0.00781328	0.00	0.06573656	0.002404661	10.00	14.20847
-11.37782	10.00	14.6521	0.01569319	0.00	0.1320337	0.002383874	10.00	14.25847
-11.36926	10.00	14.71875	0.00856789	0.00	0.06665527	0.002362582	10.00	14.3092
-11.36056	10.00	14.7864	0.008695625	0.00	0.06764901	0.002342263	10.00	14.35859
-11.35209	10.00	14.85226	0.008465083	0.00	0.06585547	0.002322158	10.00	14.40686
-11.34382	10.00	14.91661	0.008272025	0.00	0.06435354	0.002301158	10.00	14.45626
-11.33535	10.00	14.98248	0.008467086	0.00	0.06587104	0.002280917	10.00	14.50563
-11.32689	10.00	15.0483	0.008460353	0.00	0.06581867	0.002260481	10.00	14.55551
-11.31835	10.00	15.11481	0.008549149	0.00	0.06650947	0.002218636	10.00	14.6546
-11.30136	10.00	15.24694	0.01698403	0.00	0.13213	0.002198161	10.00	14.70431
-11.29284	10.00	15.31321	0.008517851	0.00	0.06626599	0.002176693	10.00	14.75462
-11.28422	10.00	15.38029	0.008622842	0.00	0.06708278	0.002156063	10.00	14.80444
-11.27568	10.00	15.44673	0.008540414	0.00	0.06644152	0.002134985	10.00	14.85393
-11.2672	10.00	15.51271	0.008481277	0.00	0.06598146	0.002114393	10.00	14.90319
-11.25876	10.00	15.57839	0.008441793	0.00	0.06567428	0.002094736	10.00	14.95139
-11.2505	10.00	15.64265	0.008260016	0.00	0.06426012	0.002073911	10.00	15.00097
-11.242	10.00	15.70876	0.008498564	0.00	0.06611594	0.002053047	10.00	15.05081
-11.23346	10.00	15.77521	0.008541688	0.00	0.06645143	0.002032027	10.00	15.10118
-11.22482	10.00	15.84238	0.008633759	0.00	0.06716771	0.002011591	10.00	15.14995
-11.21647	10.00	15.90739	0.008356635	0.00	0.06501178	0.001970096	10.00	15.24923
-11.19945	10.00	16.03977	0.01701623	0.00	0.1323805	0.001949018	10.00	15.2998
-11.19078	10.00	16.1072	0.008667058	0.00	0.06742676	0.001928368	10.00	15.34974
-11.18222	10.00	16.17379	0.008559156	0.00	0.06658732	0.001907427	10.00	15.40005
-11.1736	10.00	16.24086	0.00862175	0.00	0.06707428	0.001886738	10.00	15.44992
-11.16505	10.00	16.30737	0.008548239	0.00	0.06650239	0.001863304	10.00	15.50514
-11.15559	10.00	16.38098	0.009462945	0.00	0.07361849	0.001825294	10.00	15.59636
-11.13996	10.00	16.50262	0.01563517	0.00	0.1216363	0.001804118	10.00	15.64694
-11.13129	10.00	16.57006	0.008668696	0.00	0.0674395	0.001783546	10.00	15.69746
-11.12328	10.00	16.63741	0.008005591	0.00	0.06735457	0.00176313	10.00	15.74626
-11.11555	10.00	16.70249	0.007734874	0.00	0.0650769	0.00174246	10.00	15.79483
-11.10785	10.00	16.76725	0.007696512	0.00	0.06475415	0.001721655	10.00	15.84424
-11.10002	10.00	16.83313	0.007830778	0.00	0.06588379	0.001701822	10.00	15.89323
-11.09226	10.00	16.89844	0.007762803	0.00	0.06531189	0.001681016	10.00	15.94274
-11.08441	10.00	16.96445	0.007846088	0.00	0.0660126	0.001660074	10.00	15.99237
-11.07654	10.00	17.03063	0.007865606	0.00	0.06617681	0.001639327	10.00	16.0422
-11.06865	10.00	17.09706	0.007895218	0.00	0.06642595	0.001618599	10.00	16.0917
-11.0608	10.00	17.16306	0.007845415	0.00	0.06600694	0.001597969	10.00	16.14142
-11.05292	10.00	17.22936	0.007880075	0.00	0.06629854	0.001556007	10.00	16.24157
-11.03705	10.00	17.3629	0.01587204	0.00	0.1335385	0.001535143	10.00	16.29256
-11.02897	10.00	17.43088	0.008080295	0.00	0.06798308	0.001514513	10.00	16.34114
-11.02127	10.00	17.49565	0.007698363	0.00	0.06476972	0.001494836	10.00	16.38896
-11.0137	10.00	17.55941	0.007577895	0.00	0.06375617	0.001474244	10.00	16.43864
-11.00582	10.00	17.62566	0.007874018	0.00	0.06624758	0.001452777	10.00	16.48816
-10.99797	10.00	17.69168	0.007847939	0.00	0.06602817	0.001432925	10.00	16.53766
-10.99013	10.00	17.75768	0.007843733	0.00	0.06599278	0.001412061	10.00	16.58821
-10.98147	10.00	17.82508	0.008663783	0.00	0.06740128	0.00136969	10.00	16.68857
-10.96038	10.00	17.95889	0.02108657	0.00	0.1338074	0.0013476	10.00	16.74174
-10.94646	10.00	18.02979	0.01391952	0.00	0.070902	0.001307507	10.00	16.83675
-10.91791	10.00	18.15647	0.02854944	0.00	0.1266786	0.001287266	10.00	16.88694
-10.90218	10.00	18.22339	0.01573001	0.00	0.0669214	0.001266869	10.00	16.93546
-10.88698	10.00	18.28807	0.01520363	0.00	0.06468195	0.001245849	10.00	16.98458
-10.87158	10.00	18.35356	0.01539428	0.00	0.06549308	0.001223661	10.00	17.03796
-10.85485	10.00	18.42476	0.01673421	0.00	0.07119361	0.001204958	10.00	17.08391
-10.84045	10.00	18.48602	0.01440007	0.00	0.06126334	0.001163677	10.00	17.18301
-10.80939	10.00	18.61814	0.03105509	0.00	0.13212	0.00114256	10.00	17.23291
-10.79375	10.00	18.68468	0.01564051	0.00	0.06654061	0.001121735	10.00	17.28271
-10.77814	10.00	18.75109	0.01561023	0.00	0.06641179	0.001101435	10.00	17.33176
-10.76277	10.00	18.81647	0.015368	0.00	0.06538125	0.00108063	10.00	17.38132
-10.74724	10.00	18.88256	0.01553436	0.00	0.06608904	0.001060213	10.00	17.42978
-10.73205	10.00	18.94718	0.01518865	0.00	0.06461826	0.001040128	10.00	17.47955
-10.71645	10.00	19.01354	0.01559792	0.00	0.06635942	0.001018952	10.00	17.52941
-10.70083	10.00	19.08001	0.01562454	0.00	0.06647266	0.0009983997	10.00	17.57878
-10.68536	10.00	19.14584	0.01547181	0.00	0.06582291	0.0009772242	10.00	17.62856
-10.66976	10.00	19.21221	0.01560091	0.00	0.06637216	0.0009361578	10.00	17.72793
-10.63861	10.00	19.34471	0.03114393	0.00	0.132498	0.0009150213	10.00	17.77768
-10.62302	10.00	19.41103	0.0155896	0.00	0.06632403	0.000894274	10.00	17.82819
-10.60719	10.00	19.47839	0.01583249	0.00	0.0673574	0.0008734684	10.00	17.87758
-10.59171	10.00	19.54424	0.01547747	0.00	0.06584698	0.0008525265	10.00	17.9273
-10.57613	10.00	19.61054	0.01558561	0.00	0.06630704	0.0008330832	10.00	17.97512
-10.56114	10.00	19.67428	0.01498236	0.00	0.0637406	0.0008118299	10.00	18.0252
-10.54674	10.00	19.74107	0.01440563	0.00	0.06678975	0.0007913356	10.00	18.07437
-10.5326	10.00	19.80663	0.01413878	0.00	0.06555254	0.0007707829	10.00	18.12413
-10.51829	10.00	19.87297	0.01431007	0.00	0.06634668	0.0007291716	10.00	18.22354
-10.4897	10.00	20.00552	0.0285893	0.00	0.1325504	0.0007079767	10.00	18.27398
-10.4752	10.00	20.07277	0.01450517	0.00	0.06725123	0.0006872683	10.00	18.32383
-10.46086	10.00	20.13923	0.01433388	0.00	0.06645709	0.0006672606	10.00	18.37194
-10.44703	10.00	20.20338	0.01383713	0.00	0.06415395	0.0006469415	10.00	18.4212
-10.43286	10.00	20.26907	0.01416657	0.00	0.06568135	0.0006260775	10.00	18.47067
-10.41863	10.00	20.33502	0.01422519	0.00	0.06595314	0.000604396	10.00	18.52127
-10.40408	10.00	20.40249	0.01455249	0.00	0.06747064	0.000583746	10.00	18.57074
-10.38985	10.00	20.46845	0.01422794	0.00	0.06596588	0.0005630182	10.00	18.62078
-10.37546	10.00	20.53518	0.0143922	0.00	0.06672747	0.0005221464	10.00	18.71932
-10.34713	10.00	20.66656	0.02833558	0.00	0.131374	0.0005005428	10.00	18.76944
-10.33271	10.00	20.73338	0.01441296	0.00	0.06682373	0.0004796787	10.00	18.82024
-10.3181	10.00	20.80112	0.01460959	0.00	0.06773536	0.00045862	10.00	18.87042
-10.30367	10.00	20.86803	0.01443189	0.00	0.06691149	0.0004393519	10.00	18.91717
-10.2902	10.00	20.93048	0.01347135	0.00	0.06245809	0.0004189939	10.00	18.96582
-10.27605	10.00	20.99609	0.01415069	0.00	0.06560774	0.000398597	10.00	19.01508
-10.26157	10.00	21.06322	0.014478	0.00	0.06712525	0.0003789785	10.00	19.06257
-10.24493	10.00	21.12862	0.01663992	0.00	0.0654039	0.0003595547	10.00	19.11006
-10.22682	10.00	21.19477	0.01810921	0.00	0.06614425	0.0003396248	10.00	19.15758
-10.20846	10.00	21.26182	0.0183588	0.00	0.06705588	0.0003028792	10.00	19.24901
-10.17237	10.00	21.39367	0.03609634	0.00	0.1318426	0.0002838057	10.00	19.29482
-10.15326	10.00	21.46344	0.01910369	0.00	0.06977662	0.000266659	10.00	19.33615
-10.13548	10.00	21.5284	0.01778366	0.00	0.06495516	0.0002501546	10.00	19.3767
-10.1175	10.00	21.59407	0.01798015	0.00	0.06567286	0.0002345844	10.00	19.41491
-10.10002	10.00	21.65791	0.01747826	0.00	0.06383969	0.0002193062	10.00	19.45256
-10.08225	10.00	21.72283	0.01777475	0.00	0.06492261	0.0002043199	10.00	19.48985
-10.06406	10.00	21.78927	0.01818982	0.00	0.06643869	0.0001893725	10.00	19.52587
-10.04586	10.00	21.85575	0.01819951	0.00	0.06647408	0.0001751258	10.00	19.56047
-10.02773	10.00	21.92194	0.01812239	0.00	0.06619238	0.0001612099	10.00	19.59371
-10.00966	10.00	21.98797	0.01807859	0.00	0.06603242	0.0001348379	10.00	19.65839
-9.973083	10.00	22.12155	0.03657188	0.00	0.1335795	0.0001237246	10.00	19.68686
-9.955574	10.00	22.1855	0.01750965	0.00	0.06395435	0.0001116772	10.00	19.71605
-9.936832	10.00	22.25396	0.01874171	0.00	0.06845447	0.0001005834	10.00	19.743
-9.918662	10.00	22.32032	0.01817006	0.00	0.06636649	9.036551E-05	10.00	19.76861
-9.900533	10.00	22.38654	0.01812975	0.00	0.06621927	8.084823E-05	10.00	19.79234
-9.882825	10.00	22.45122	0.0177077	0.00	0.06467771	7.177859E-05	10.00	19.81493
-9.865043	10.00	22.51617	0.01778249	0.00	0.06495091	6.270895E-05	10.00	19.83695
-9.84668	10.00	22.58324	0.01836268	0.00	0.06707004	5.465138E-05	10.00	19.85744
-9.828487	10.00	22.64969	0.01819176	0.00	0.06644577	4.706091E-05	10.00	19.87653
-9.81036	10.00	22.7159	0.0181282	0.00	0.06621361	3.925635E-05	10.00	19.89573
-9.790763	10.00	22.78748	0.01959706	0.00	0.07157864	2.666395E-05	10.00	19.92732
-9.751958	10.00	22.91562	0.03880433	0.00	0.128138	2.119492E-05	10.00	19.94129
-9.730879	10.00	22.98307	0.02107896	0.00	0.06744941	1.644602E-05	10.00	19.95424
-9.706344	10.00	23.05157	0.02453566	0.00	0.0685003	7.999187E-06	10.00	19.97474
-9.657815	10.00	23.16805	0.04852841	0.00	0.1164867	6.383779E-06	10.00	19.98149
-9.63306	10.00	23.22559	0.02475544	0.00	0.05753158	4.359654E-06	10.00	19.98704
-9.608512	10.00	23.28201	0.02454764	0.00	0.05642364	2.763709E-06	10.00	19.9918
-9.583587	10.00	23.33803	0.02492556	0.00	0.05602301	1.790572E-06	10.00	19.99566
-9.558489	10.00	23.39189	0.02509782	0.00	0.05385408	5.25494E-07	10.00	19.99857
-9.53142	10.00	23.44009	0.0270688	0.00	0.04819879	0	10.00	20
-9.474471	10.00	23.53434	0.05694884	0.00	0.09425016	0	10.00	20
-9.445303	10.00	23.58154	0.02916843	0.00	0.04720744	0	10.00	20
-9.415963	10.00	23.62903	0.02933971	0.00	0.04748464	0	10.00	20
-9.386893	10.00	23.67607	0.02906976	0.00	0.04704774	0	10.00	20
-9.357886	10.00	23.72302	0.02900646	0.00	0.0469453	0	10.00	20
-9.329184	10.00	23.76948	0.02870362	0.00	0.04645517	0	10.00	20
-9.300792	10.00	23.81543	0.02839147	0.00	0.04594997	0	10.00	20
-9.271797	10.00	23.86235	0.02899467	0.00	0.04692622	0	10.00	20
-9.243041	10.00	23.90889	0.02875637	0.00	0.04654053	0	10.00	20
-9.213492	10.00	23.95671	0.02954823	0.00	0.04782211	0	10.00	20
-9.184956	10.00	24.0029	0.02853668	0.00	0.04618499	0	10.00	20
-9.126738	10.00	24.09712	0.05821834	0.00	0.09422304	0	10.00	20
-9.097518	10.00	24.14441	0.02921932	0.00	0.0472898	0	10.00	20
-9.068291	10.00	24.19172	0.02922739	0.00	0.04730285	0	10.00	20
-9.038908	10.00	24.23927	0.02938253	0.00	0.04755395	0	10.00	20
-9.007388	10.00	24.29028	0.0315198	0.00	0.051013	0	10.00	20
-8.952917	10.00	24.37844	0.05447128	0.00	0.08815865	0	10.00	20
-8.924008	10.00	24.42523	0.02890841	0.00	0.04678661	0	10.00	20
-8.89435	10.00	24.47323	0.02965869	0.00	0.04800089	0	10.00	20
-8.865962	10.00	24.51917	0.02838837	0.00	0.04594494	0	10.00	20
-8.837428	10.00	24.56535	0.02853358	0.00	0.04617997	0	10.00	20
-8.808671	10.00	24.61295	0.02875662	0.00	0.04759211	0	10.00	20
-8.780637	10.00	24.65934	0.02803504	0.00	0.04639792	0	10.00	20
-8.752287	10.00	24.70626	0.02834941	0.00	0.04691818	0	10.00	20
-8.723896	10.00	24.75325	0.02839128	0.00	0.04698748	0	10.00	20
-8.665895	10.00	24.84712	0.05800052	0.00	0.09387051	0	10.00	20
-8.636871	10.00	24.89515	0.02902364	0.00	0.04803404	0	10.00	20
-8.608436	10.00	24.94221	0.02843619	0.00	0.0470618	0	10.00	20
-8.580091	10.00	24.98913	0.02834516	0.00	0.04691115	0	10.00	20
-8.551453	10.00	25.03652	0.02863706	0.00	0.04739425	0	10.00	20
-8.523064	10.00	25.08351	0.02838946	0.00	0.04698446	0	10.00	20
-8.49545	10.00	25.12921	0.02761327	0.00	0.04569988	0	10.00	20
-8.467793	10.00	25.17498	0.02765818	0.00	0.0457742	0	10.00	20
-8.439343	10.00	25.22206	0.02844893	0.00	0.0470829	0	10.00	20
-8.411006	10.00	25.26896	0.02833727	0.00	0.04689809	0	10.00	20
-8.382618	10.00	25.31594	0.02838824	0.00	0.04698246	0	10.00	20
-8.325836	10.00	25.40992	0.05678134	0.00	0.09397295	0	10.00	20
-8.296893	10.00	25.45782	0.02894353	0.00	0.04790146	0	10.00	20
-8.268564	10.00	25.5047	0.02832877	0.00	0.04688403	0	10.00	20
-8.240117	10.00	25.55178	0.02844711	0.00	0.04707988	0	10.00	20
-8.212015	10.00	25.59829	0.0281018	0.00	0.0465084	0	10.00	20
-8.184447	10.00	25.64392	0.02756776	0.00	0.04562455	0	10.00	20
-8.156052	10.00	25.69091	0.02839553	0.00	0.04699451	0	10.00	20
-8.127705	10.00	25.73782	0.02834759	0.00	0.04691517	0	10.00	20
-8.099357	10.00	25.78474	0.02834759	0.00	0.04691517	0	10.00	20
-8.070959	10.00	25.83174	0.02839735	0.00	0.04699752	0	10.00	20
-8.042567	10.00	25.87873	0.02839188	0.00	0.04698848	0	10.00	20
-7.985822	10.00	25.97264	0.05674554	0.00	0.0939137	0	10.00	20
-7.957243	10.00	26.01994	0.0285788	0.00	0.04729783	0	10.00	20
-7.92857	10.00	26.06739	0.02867347	0.00	0.04745451	0	10.00	20
-7.899525	10.00	26.11546	0.02904488	0.00	0.04806919	0	10.00	20
-7.87192	10.00	26.16115	0.02760538	0.00	0.04568682	0	10.00	20
-7.842494	10.00	26.20985	0.02942539	0.00	0.04869893	0	10.00	20
-7.787085	10.00	26.30155	0.0554092	0.00	0.09170207	0	10.00	20
-7.758145	10.00	26.34944	0.02893928	0.00	0.04789443	0	10.00	20
-7.730452	10.00	26.39528	0.02769338	0.00	0.04583246	0	10.00	20
-7.701251	10.00	26.4436	0.02920145	0.00	0.04832831	0	10.00	20
-7.645677	10.00	26.53558	0.05557367	0.00	0.09197426	0	10.00	20
-7.617364	10.00	26.58244	0.02831299	0.00	0.04685792	0	10.00	20
-7.588526	10.00	26.63016	0.02883794	0.00	0.0477267	0	10.00	20
-7.560804	10.00	26.67604	0.0277219	0.00	0.04587966	0	10.00	20
-7.532696	10.00	26.72256	0.02810848	0.00	0.04651945	0	10.00	20
-7.504458	10.00	26.76929	0.02823714	0.00	0.04673237	0	10.00	20
-7.474231	10.00	26.81487	0.03022755	0.00	0.0455731	0	10.00	20
-7.4412	10.00	26.85949	0.03303112	0.00	0.04462664	0	10.00	20
-7.406462	10.00	26.90255	0.03473755	0.00	0.04305792	0	10.00	20
-7.371288	10.00	26.94615	0.03517424	0.00	0.04359921	0	10.00	20
-7.301014	10.00	27.03326	0.07027409	0.00	0.08710621	0	10.00	20
-7.266979	10.00	27.07545	0.03403527	0.00	0.04218743	0	10.00	20
-7.231538	10.00	27.1173	0.03544046	0.00	0.04185213	0	10.00	20
-7.194982	10.00	27.15905	0.03655679	0.00	0.04175366	0	10.00	20
-7.158821	10.00	27.19971	0.03616108	0.00	0.04065913	0	10.00	20
-7.122943	10.00	27.24005	0.03587722	0.00	0.04033996	0	10.00	20
-7.088131	10.00	27.27919	0.03481198	0.00	0.03914222	0	10.00	20
-7.015785	10.00	27.36054	0.07234608	0.00	0.08134514	0	10.00	20
-6.979055	10.00	27.40184	0.03673034	0.00	0.0412992	0	10.00	20
-6.94301	10.00	27.44236	0.03604461	0.00	0.04052817	0	10.00	20
-6.906964	10.00	27.48289	0.03604615	0.00	0.0405299	0	10.00	20
-6.87272	10.00	27.52282	0.03424432	0.00	0.03992279	0	10.00	20
-6.838729	10.00	27.56244	0.03399063	0.00	0.03962703	0	10.00	20
-6.80402	10.00	27.60291	0.03470854	0.00	0.04046398	0	10.00	20
-6.769262	10.00	27.64343	0.03475838	0.00	0.04052209	0	10.00	20
-6.734375	10.00	27.6841	0.03488708	0.00	0.04067214	0	10.00	20
-6.699553	10.00	27.7247	0.03482161	0.00	0.04059581	0	10.00	20
-6.664927	10.00	27.76507	0.03462596	0.00	0.04036772	0	10.00	20
-6.59518	10.00	27.84638	0.06974738	0.00	0.08131305	0	10.00	20
-6.559624	10.00	27.88783	0.03555588	0.00	0.04145184	0	10.00	20
-6.524458	10.00	27.92883	0.03516606	0.00	0.04099737	0	10.00	20
-6.489829	10.00	27.9692	0.03462968	0.00	0.04037205	0	10.00	20
-6.455394	10.00	28.00934	0.03443402	0.00	0.04014395	0	10.00	20
-6.421476	10.00	28.04889	0.03391847	0.00	0.03954291	0	10.00	20
-6.387198	10.00	28.08885	0.0342778	0.00	0.03996182	0	10.00	20
-6.352005	10.00	28.12988	0.03519358	0.00	0.04102946	0	10.00	20
-6.317535	10.00	28.17006	0.03446973	0.00	0.04018558	0	10.00	20
-6.282841	10.00	28.21051	0.03469366	0.00	0.04044664	0	10.00	20
-6.248058	10.00	28.25106	0.03478293	0.00	0.04055072	0	10.00	20
-6.178316	10.00	28.33237	0.06974217	0.00	0.08130698	0	10.00	20
-6.144248	10.00	28.37283	0.03406831	0.00	0.04046312	0	10.00	20
-6.109197	10.00	28.41446	0.03505048	0.00	0.04162964	0	10.00	20
-6.075622	10.00	28.45434	0.0335754	0.00	0.03987769	0	10.00	20
-6.041873	10.00	28.49442	0.0337492	0.00	0.0400841	0	10.00	20
-6.00712	10.00	28.53494	0.03475317	0.00	0.04051602	0	10.00	20
-5.972271	10.00	28.57483	0.03484874	0.00	0.03989243	0	10.00	20
-5.938002	10.00	28.61553	0.03426913	0.00	0.04070163	0	10.00	20
-5.903903	10.00	28.65603	0.03409825	0.00	0.04049868	0	10.00	20
-5.834765	10.00	28.73815	0.0691385	0.00	0.08211617	0	10.00	20
-5.800865	10.00	28.77841	0.03390036	0.00	0.04026364	0	10.00	20
-5.766675	10.00	28.81902	0.03418953	0.00	0.04060709	0	10.00	20
-5.732545	10.00	28.85955	0.03412965	0.00	0.04053597	0	10.00	20
-5.698828	10.00	28.8996	0.03371707	0.00	0.04004594	0	10.00	20
-5.66539	10.00	28.93931	0.03343812	0.00	0.03971463	0	10.00	20
-5.631397	10.00	28.97969	0.0339931	0.00	0.04037378	0	10.00	20
-5.597153	10.00	29.02036	0.0342443	0.00	0.04067214	0	10.00	20
-5.562149	10.00	29.06194	0.03500374	0.00	0.04157413	0	10.00	20
-5.528551	10.00	29.10184	0.03359804	0.00	0.03990458	0	10.00	20
-5.492486	10.00	29.14467	0.0360655	0.00	0.04283519	0	10.00	20
-5.460052	10.00	29.1832	0.03243405	0.00	0.03852209	0	10.00	20
-5.390814	10.00	29.26543	0.06923782	0.00	0.08223413	0	10.00	20
-5.355305	10.00	29.3076	0.03550833	0.00	0.04217344	0	10.00	20
-5.28954	10.00	29.38571	0.06576482	0.00	0.07810923	0	10.00	20
-5.255803	10.00	29.42578	0.03373752	0.00	0.04007023	0	10.00	20
-5.222091	10.00	29.46582	0.03371196	0.00	0.04003987	0	10.00	20
-5.187626	10.00	29.50676	0.03446483	0.00	0.04093406	0	10.00	20
-5.119601	10.00	29.58755	0.06802563	0.00	0.0807944	0	10.00	20
-5.085552	10.00	29.62799	0.03404859	0.00	0.0404397	0	10.00	20
-5.050912	10.00	29.66913	0.03463936	0.00	0.04114135	0	10.00	20
-5.015973	10.00	29.71063	0.03493948	0.00	0.04149781	0	10.00	20
-4.981637	10.00	29.75141	0.03433558	0.00	0.04078055	0	10.00	20
-4.938114	10.00	29.8031	0.04352411	0.00	0.05169381	0	10.00	20
-4.87983	10.00	29.87233	0.05828358	0.00	0.06922372	0	10.00	20
-4.847388	10.00	29.91086	0.03244208	0.00	0.03853163	0	10.00	20
-4.811816	10.00	29.95311	0.03557187	0.00	0.04224889	0	10.00	20
-4.77745	10.00	29.99393	0.03436625	0.00	0.04081697	0	10.00	20
-4.743659	10.00	30.03406	0.03379082	0.00	0.04013354	0	10.00	20
-4.709485	10.00	30.07465	0.0341742	0.00	0.04058887	0	10.00	20
-4.676664	10.00	30.11438	0.0328205	0.00	0.03972678	0	10.00	20
-4.643589	10.00	30.15441	0.03307487	0.00	0.04003467	0	10.00	20
-4.609973	10.00	30.1951	0.03361657	0.00	0.04069035	0	10.00	20
-4.576802	10.00	30.23525	0.03317089	0.00	0.04015089	0	10.00	20
-4.543473	10.00	30.27559	0.03332852	0.00	0.0403417	0	10.00	20
-4.509927	10.00	30.3162	0.03354634	0.00	0.04060535	0	10.00	20
-4.4429	10.00	30.39733	0.06702677	0.00	0.08113091	0	10.00	20
-4.408573	10.00	30.43888	0.03432736	0.00	0.04155071	0	10.00	20
-4.375191	10.00	30.47929	0.03338154	0.00	0.04040587	0	10.00	20
-4.341305	10.00	30.5203	0.0338867	0.00	0.04101732	0	10.00	20
-4.309573	10.00	30.55871	0.03173139	0.00	0.03840848	0	10.00	20
-4.275895	10.00	30.59948	0.03367819	0.00	0.04076494	0	10.00	20
-4.242316	10.00	30.64012	0.03357859	0.00	0.04064438	0	10.00	20
-4.208899	10.00	30.68057	0.03341737	0.00	0.04044924	0	10.00	20
-4.17536	10.00	30.72117	0.03353918	0.00	0.04059668	0	10.00	20
-4.107989	10.00	30.80271	0.0673707	0.00	0.08154722	0	10.00	20
-4.074419	10.00	30.84335	0.03357071	0.00	0.04063484	0	10.00	20
-4.04024	10.00	30.88472	0.03417832	0.00	0.04137031	0	10.00	20
-4.006872	10.00	30.92511	0.03336865	0.00	0.04039026	0	10.00	20
-3.97391	10.00	30.96501	0.03296166	0.00	0.03989764	0	10.00	20
-3.940765	10.00	31.00513	0.03314438	0.00	0.0401188	0	10.00	20
-3.908005	10.00	31.04478	0.03276031	0.00	0.03965392	0	10.00	20
-3.874514	10.00	31.08532	0.03349118	0.00	0.04053858	0	10.00	20
-3.840271	10.00	31.12677	0.03424281	0.00	0.04144837	0	10.00	20
-3.807445	10.00	31.1665	0.03282624	0.00	0.03973372	0	10.00	20
-3.773457	10.00	31.20764	0.03398845	0.00	0.04114048	0	10.00	20
-3.706219	10.00	31.28903	0.06723743	0.00	0.0813859	0	10.00	20
-3.672617	10.00	31.3297	0.03360223	0.00	0.040673	0	10.00	20
-3.638521	10.00	31.37097	0.03409592	0.00	0.04127058	0	10.00	20
-3.606486	10.00	31.40975	0.03203519	0.00	0.03877622	0	10.00	20
-3.573441	10.00	31.44975	0.03304477	0.00	0.03999824	0	10.00	20
-3.539979	10.00	31.49025	0.0334618	0.00	0.04050301	0	10.00	20
-3.506256	10.00	31.53107	0.03372333	0.00	0.04081958	0	10.00	20
-3.472981	10.00	31.57134	0.03327478	0.00	0.04027665	0	10.00	20
-3.439374	10.00	31.61202	0.03360725	0.00	0.04067907	0	10.00	20
-3.371961	10.00	31.69362	0.06741298	0.00	0.08159839	0	10.00	20
-3.338673	10.00	31.73391	0.03328768	0.00	0.04029226	0	10.00	20
-3.304772	10.00	31.77495	0.03390102	0.00	0.04103467	0	10.00	20
-3.271214	10.00	31.81557	0.03355853	0.00	0.0406201	0	10.00	20
-3.237047	10.00	31.85692	0.03416614	0.00	0.04135557	0	10.00	20
-3.204201	10.00	31.89668	0.03284702	0.00	0.03975887	0	10.00	20
-3.171204	10.00	31.93662	0.03299605	0.00	0.03993927	0	10.00	20
-3.138233	10.00	31.97653	0.03297098	0.00	0.03990891	0	10.00	20
-3.104633	10.00	32.0172	0.03360008	0.00	0.0406704	0	10.00	20
-3.070928	10.00	32.058	0.03370541	0.00	0.04079789	0	10.00	20
-3.03738	10.00	32.09861	0.03354849	0.00	0.04060796	0	10.00	20
-3.002514	10.00	32.14081	0.03486547	0.00	0.04220206	0	10.00	20
-2.936474	10.00	32.22075	0.06604012	0.00	0.07993665	0	10.00	20
-2.901799	10.00	32.25998	0.03467441	0.00	0.0392304	0	10.00	20
-2.85043	10.00	32.30678	0.0513691	0.00	0.04680499	0	10.00	20
-2.79487	10.00	32.34655	0.05556064	0.00	0.03976374	0	10.00	20
-2.758662	10.00	32.36948	0.0362078	0.00	0.02293213	0	10.00	20
-2.721535	10.00	32.3891	0.03712632	0.00	0.0196246	0	10.00	20
-2.683861	10.00	32.4077	0.03767508	0.00	0.01859909	0	10.00	20
-2.647896	10.00	32.42169	0.03596443	0.00	0.01398704	0	10.00	20
-2.611937	10.00	32.43253	0.03595893	0.00	0.01084576	0	10.00	20
-2.572353	10.00	32.43253	0.03958401	0.00	0	0	10.00	20
-2.534425	10.00	32.43253	0.03792852	0.00	0	0	10.00	20
-2.495361	10.00	32.43253	0.03906405	0.00	0	0	10.00	20
24.15574
