0	10.00	-49.93459	0	0.00	0.06540532	-40	10.00	0
0	10.00	-49.79852	0	0.00	0.1360738	-39.99728	10.00	-0.0004351322
0	10.00	-49.75762	0	0.00	0.04089743	-39.98954	10.00	-0.001281115
0	10.00	-49.66843	0	0.00	0.0891955	-39.98117	10.00	-0.001767159
0	10.00	-49.60439	0	0.00	0.06404211	-39.97039	10.00	-0.002177862
0	10.00	-49.5381	0	0.00	0.06628297	-39.95743	10.00	-0.002594838
0	10.00	-49.47176	0	0.00	0.06634809	-39.9422	10.00	-0.002940251
0	10.00	-49.40514	0	0.00	0.06661705	-39.92489	10.00	-0.00331013
0	10.00	-49.33904	0	0.00	0.06609895	-39.90554	10.00	-0.003621652
0	10.00	-49.27337	0	0.00	0.06566861	-39.88397	10.00	-0.003937501
0	10.00	-49.20754	0	0.00	0.06583282	-39.86015	10.00	-0.004219092
0	10.00	-49.14146	0	0.00	0.06607489	-39.8342	10.00	-0.004486084
0	10.00	-49.07555	0	0.00	0.06591634	-39.80584	10.00	-0.004730188
0	10.00	-49.00906	0	0.00	0.06648965	-39.77564	10.00	-0.004946305
0	10.00	-48.94338	0	0.00	0.06567852	-39.74315	10.00	-0.005138507
0	10.00	-48.8774	0	0.00	0.06597438	-39.70821	10.00	-0.005307051
0	10.00	-48.81092	0	0.00	0.06648682	-39.67136	10.00	-0.005448928
0	10.00	-48.74498	0	0.00	0.06593899	-39.63077	10.00	-0.005570595
0	10.00	-48.67638	0	0.00	0.06860311	-39.59108	10.00	-0.00565804
0	10.00	-48.61295	0	0.00	0.06342068	-39.54766	10.00	-0.005724944
0	10.00	-48.54694	0	0.00	0.06601543	-39.49997	10.00	-0.005768666
0	10.00	-48.47787	0	0.00	0.06906458	-39.45378	10.00	-0.005783668
0	10.00	-48.41417	0	0.00	0.06370096	-39.40378	10.00	-0.00577901
0	10.00	-48.34751	0	0.00	0.0666666	-39.35276	10.00	-0.005774388
0	10.00	-48.27947	0	0.00	0.06803263	-39.30494	10.00	-0.005770023
0	10.00	-48.22004	0	0.00	0.05943608	-39.25512	10.00	-0.005765512
0	10.00	-48.18642	0	0.00	0.033618	-39.20571	10.00	-0.00576089
0	10.00	-48.16774	0	0.00	0.01868026	-39.15629	10.00	-0.005756452
0	10.00	-48.16774	0	0.00	0	-39.10583	10.00	-0.005751793
0	10.00	-48.16774	0	0.00	0	-39.05694	10.00	-0.005747392
0	10.00	-48.16774	0	0.00	0	-39.00757	10.00	-0.00574288
0	10.00	-48.16774	0	0.00	0	-38.9579	10.00	-0.005738222
0	10.00	-48.16774	0	0.00	0	-38.90896	10.00	-0.00573382
0	10.00	-48.16774	0	0.00	0	-38.85918	10.00	-0.005729272
0	10.00	-48.16774	0	0.00	0	-38.80975	10.00	-0.005724687
0	10.00	-48.16774	0	0.00	0	-38.76013	10.00	-0.005720175
0	10.00	-48.16774	0	0.00	0	-38.7102	10.00	-0.005715664
0	10.00	-48.16774	0	0.00	0	-38.66076	10.00	-0.005711189
0	10.00	-48.16774	0	0.00	0	-38.61161	10.00	-0.005706567
0	10.00	-48.16774	0	0.00	0	-38.56173	10.00	-0.005702129
0	10.00	-48.16774	0	0.00	0	-38.5115	10.00	-0.005697507
0	10.00	-48.16774	0	0.00	0	-38.46273	10.00	-0.005693032
0	10.00	-48.16774	0	0.00	0	-38.4129	10.00	-0.005688521
0	10.00	-48.16774	0	0.00	0	-38.36376	10.00	-0.005684046
0	10.00	-48.16774	0	0.00	0	-38.31417	10.00	-0.005679571
0	10.00	-48.15924	0	0.00	0.008500566	-38.26476	10.00	-0.005675059
0	10.00	-48.14121	0	0.00	0.01803131	-38.21318	10.00	-0.005670327
0	10.00	-48.08175	0	0.00	0.0594562	-38.16509	10.00	-0.005665889
0	10.00	-48.02197	0	0.00	0.05977787	-38.11568	10.00	-0.005661341
0	10.00	-47.95672	0	0.00	0.06525004	-38.06628	10.00	-0.005656903
0	10.00	-47.89087	0	0.00	0.06585972	-38.01647	10.00	-0.005652391
0	10.00	-47.82446	0	0.00	0.06641038	-37.96688	10.00	-0.005647843
0	10.00	-47.75835	0	0.00	0.06610461	-37.91754	10.00	-0.005643331
0	10.00	-47.69255	0	0.00	0.06579602	-37.86763	10.00	-0.005638746
0	10.00	-47.62601	0	0.00	0.06654627	-37.81844	10.00	-0.005634271
0	10.00	-47.56043	0	0.00	0.06557801	-37.76876	10.00	-0.005629833
0	10.00	-47.49417	0	0.00	0.06625183	-37.71876	10.00	-0.005625174
0	10.00	-47.42751	0	0.00	0.06666518	-37.66946	10.00	-0.0056207
0	10.00	-47.36179	0	0.00	0.06572524	-37.62017	10.00	-0.005616262
0	10.00	-47.29605	0	0.00	0.0657309	-37.57036	10.00	-0.005611603
0	10.00	-47.22964	0	0.00	0.06641746	-37.52104	10.00	-0.005607202
0	10.00	-47.16388	0	0.00	0.06575638	-37.4717	10.00	-0.005602727
0	10.00	-47.09809	0	0.00	0.06578469	-37.4216	10.00	-0.005598105
0	10.00	-47.0313	0	0.00	0.06679683	-37.37164	10.00	-0.005593593
0	10.00	-46.96469	0	0.00	0.06661422	-37.3218	10.00	-0.005589008
0	10.00	-46.89823	0	0.00	0.06645851	-37.27249	10.00	-0.005584533
0	10.00	-46.83249	0	0.00	0.06573939	-37.22173	10.00	-0.005579985
0	10.00	-46.76481	0	0.00	0.06767732	-37.17364	10.00	-0.005575473
0	10.00	-46.70068	0	0.00	0.06412563	-37.12368	10.00	-0.005570962
0	10.00	-46.63407	0	0.00	0.06661846	-37.0671	10.00	-0.005565753
0	10.00	-46.55863	0	0.00	0.07543609	-36.97478	10.00	-0.00555739
0	10.00	-46.43555	0	0.00	0.1230759	-36.92583	10.00	-0.005552842
0	10.00	-46.37029	0	0.00	0.065268	-36.87643	10.00	-0.00554833
0	10.00	-46.30441	0	0.00	0.06588095	-36.82693	10.00	-0.005543855
0	10.00	-46.2384	0	0.00	0.06600552	-36.7775	10.00	-0.005539271
0	10.00	-46.1725	0	0.00	0.06589935	-36.72759	10.00	-0.005534832
0	10.00	-46.10595	0	0.00	0.0665491	-36.67803	10.00	-0.005530174
0	10.00	-46.03988	0	0.00	0.06607205	-36.62843	10.00	-0.005525772
0	10.00	-45.97374	0	0.00	0.06614425	-36.57906	10.00	-0.005521188
0	10.00	-45.90791	0	0.00	0.06582716	-36.52944	10.00	-0.005516713
0	10.00	-45.84174	0	0.00	0.06616548	-36.48002	10.00	-0.005512201
0	10.00	-45.77585	0	0.00	0.06588944	-36.43054	10.00	-0.005507653
0	10.00	-45.70988	0	0.00	0.06597013	-36.38057	10.00	-0.005503031
0	10.00	-45.64325	0	0.00	0.06663545	-36.33144	10.00	-0.005498556
0	10.00	-45.57774	0	0.00	0.06550299	-36.28173	10.00	-0.005494044
0	10.00	-45.51146	0	0.00	0.06629005	-36.23232	10.00	-0.005489643
0	10.00	-45.44558	0	0.00	0.06586963	-36.18267	10.00	-0.005484911
0	10.00	-45.37937	0	0.00	0.06621502	-36.13303	10.00	-0.005480473
0	10.00	-45.31319	0	0.00	0.06617681	-36.08307	10.00	-0.005475888
0	10.00	-45.24658	0	0.00	0.06661422	-36.03389	10.00	-0.005471413
0	10.00	-45.18101	0	0.00	0.0655667	-35.9845	10.00	-0.005467012
0	10.00	-45.11516	0	0.00	0.06585406	-35.93493	10.00	-0.005462426
0	10.00	-45.04907	0	0.00	0.06609046	-35.88509	10.00	-0.005457841
0	10.00	-44.98261	0	0.00	0.06645709	-35.8345	10.00	-0.00545322
0	10.00	-44.91515	0	0.00	0.06746498	-35.7838	10.00	-0.005448562
0	10.00	-44.84755	0	0.00	0.0675938	-35.7357	10.00	-0.005444233
0	10.00	-44.78341	0	0.00	0.06413696	-35.68642	10.00	-0.005439685
0	10.00	-44.71771	0	0.00	0.06570542	-35.63699	10.00	-0.005435283
0	10.00	-44.65181	0	0.00	0.06589652	-35.58734	10.00	-0.005430625
0	10.00	-44.58561	0	0.00	0.06620087	-35.53769	10.00	-0.005426187
0	10.00	-44.51941	0	0.00	0.06620087	-35.48797	10.00	-0.005421602
0	10.00	-44.45312	0	0.00	0.06629005	-35.43829	10.00	-0.005417017
0	10.00	-44.38688	0	0.00	0.06623909	-35.38918	10.00	-0.005412542
0	10.00	-44.32138	0	0.00	0.06549592	-35.33956	10.00	-0.005408067
0	10.00	-44.25523	0	0.00	0.06616124	-35.28994	10.00	-0.005403482
0	10.00	-44.18906	0	0.00	0.06616124	-35.23854	10.00	-0.00539875
0	10.00	-44.12054	0	0.00	0.06851958	-35.19134	10.00	-0.005394496
0	10.00	-44.05761	0	0.00	0.06293655	-35.14159	10.00	-0.005389911
0	10.00	-43.99127	0	0.00	0.06633535	-35.09066	10.00	-0.005385215
0	10.00	-43.92337	0	0.00	0.06789815	-35.04165	10.00	-0.005380814
0	10.00	-43.85803	0	0.00	0.06534728	-34.99296	10.00	-0.005376339
0	10.00	-43.7931	0	0.00	0.06492686	-34.94265	10.00	-0.00537168
0	10.00	-43.72602	0	0.00	0.06708419	-34.89309	10.00	-0.005367242
0	10.00	-43.65993	0	0.00	0.06608196	-34.84426	10.00	-0.005362621
0	10.00	-43.59484	0	0.00	0.06509531	-34.79464	10.00	-0.005358219
0	10.00	-43.52868	0	0.00	0.06616124	-34.74496	10.00	-0.005353561
0	10.00	-43.46244	0	0.00	0.06624192	-34.69537	10.00	-0.005349122
0	10.00	-43.39632	0	0.00	0.06612018	-34.64318	10.00	-0.005344317
0	10.00	-43.32672	0	0.00	0.06959684	-34.59637	10.00	-0.005339989
0	10.00	-43.26431	0	0.00	0.06240429	-34.54683	10.00	-0.005335478
0	10.00	-43.19826	0	0.00	0.06605365	-34.4967	10.00	-0.005330893
0	10.00	-43.13142	0	0.00	0.06683788	-34.4474	10.00	-0.005326491
0	10.00	-43.06568	0	0.00	0.06574506	-34.3979	10.00	-0.005321833
0	10.00	-42.99969	0	0.00	0.06599136	-34.34848	10.00	-0.005317431
0	10.00	-42.9338	0	0.00	0.06588802	-34.29815	10.00	-0.005312883
0	10.00	-42.86669	0	0.00	0.06710967	-34.24847	10.00	-0.005308261
0	10.00	-42.80045	0	0.00	0.06623626	-34.19987	10.00	-0.005303933
0	10.00	-42.73564	0	0.00	0.06480936	-34.15033	10.00	-0.005299201
0	10.00	-42.66959	0	0.00	0.0660494	-34.10018	10.00	-0.005294763
0	10.00	-42.60273	0	0.00	0.0668676	-34.05056	10.00	-0.005290178
0	10.00	-42.53658	0	0.00	0.06615133	-34.00153	10.00	-0.005285703
0	10.00	-42.4712	0	0.00	0.06537559	-33.95144	10.00	-0.005281265
0	10.00	-42.4044	0	0.00	0.06679825	-33.902	10.00	-0.005276606
0	10.00	-42.33847	0	0.00	0.06592483	-33.8526	10.00	-0.005272132
0	10.00	-42.27262	0	0.00	0.0658583	-33.80312	10.00	-0.00526762
0	10.00	-42.20664	0	0.00	0.06598004	-33.75362	10.00	-0.005263145
0	10.00	-42.14064	0	0.00	0.0659942	-33.70392	10.00	-0.005258487
0	10.00	-42.07438	0	0.00	0.06626032	-33.65337	10.00	-0.005253938
0	10.00	-42.00697	0	0.00	0.06741119	-33.60515	10.00	-0.005249574
0	10.00	-41.94268	0	0.00	0.06429409	-33.55462	10.00	-0.005244879
0	10.00	-41.87532	0	0.00	0.06735598	-33.50536	10.00	-0.005240477
0	10.00	-41.80963	0	0.00	0.06569268	-33.45626	10.00	-0.005235855
0	10.00	-41.74417	0	0.00	0.06545486	-33.40683	10.00	-0.005231344
0	10.00	-41.67826	0	0.00	0.06591351	-33.35707	10.00	-0.005226796
0	10.00	-41.61191	0	0.00	0.06635234	-33.30774	10.00	-0.005222284
0	10.00	-41.54614	0	0.00	0.06576912	-33.25798	10.00	-0.005217772
0	10.00	-41.47979	0	0.00	0.06635375	-33.20839	10.00	-0.005213224
0	10.00	-41.41367	0	0.00	0.06611028	-33.15906	10.00	-0.005208786
0	10.00	-41.3479	0	0.00	0.06577054	-33.10955	10.00	-0.005204238
0	10.00	-41.28189	0	0.00	0.06601543	-33.0598	10.00	-0.005199653
0	10.00	-41.21555	0	0.00	0.06633393	-33.01031	10.00	-0.005195141
0	10.00	-41.14957	0	0.00	0.06598712	-32.95768	10.00	-0.005190299
0	10.00	-41.07939	0	0.00	0.07017581	-32.91121	10.00	-0.005186155
0	10.00	-41.01744	0	0.00	0.06195414	-32.86159	10.00	-0.005181496
0	10.00	-40.95127	0	0.00	0.06616548	-32.81138	10.00	-0.005176984
0	10.00	-40.88433	0	0.00	0.06694405	-32.76243	10.00	-0.005172436
0	10.00	-40.81907	0	0.00	0.06526376	-32.71279	10.00	-0.005167998
0	10.00	-40.75287	0	0.00	0.06619238	-32.66252	10.00	-0.005163413
0	10.00	-40.68584	0	0.00	0.0670304	-32.61335	10.00	-0.005158828
0	10.00	-40.6203	0	0.00	0.06554688	-32.56403	10.00	-0.005154426
0	10.00	-40.55454	0	0.00	0.0657578	-32.51363	10.00	-0.005149768
0	10.00	-40.48733	0	0.00	0.06720876	-32.46494	10.00	-0.005145366
0	10.00	-40.42241	0	0.00	0.06492119	-32.41527	10.00	-0.005140781
0	10.00	-40.35619	0	0.00	0.06621927	-32.36582	10.00	-0.005136197
0	10.00	-40.29025	0	0.00	0.0659404	-32.31599	10.00	-0.005131721
0	10.00	-40.22381	0	0.00	0.06644011	-32.26457	10.00	-0.005126916
0	10.00	-40.15525	0	0.00	0.06855922	-32.21688	10.00	-0.005122552
0	10.00	-40.09166	0	0.00	0.06359055	-32.16726	10.00	-0.005118077
0	10.00	-40.0255	0	0.00	0.06615558	-32.11791	10.00	-0.005113638
0	10.00	-39.9597	0	0.00	0.06580593	-32.06816	10.00	-0.00510898
0	10.00	-39.89336	0	0.00	0.06633252	-32.01867	10.00	-0.005104579
0	10.00	-39.82739	0	0.00	0.06597296	-31.9694	10.00	-0.005099994
0	10.00	-39.76169	0	0.00	0.06570117	-31.91887	10.00	-0.005095408
0	10.00	-39.69432	0	0.00	0.06737155	-31.87015	10.00	-0.005090934
0	10.00	-39.62936	0	0.00	0.06496082	-31.81906	10.00	-0.005086312
0	10.00	-39.56124	0	0.00	0.06811756	-31.77094	10.00	-0.005081874
0	10.00	-39.49709	0	0.00	0.06415253	-31.72117	10.00	-0.005077288
0	10.00	-39.43071	0	0.00	0.06637357	-31.67019	10.00	-0.005072594
0	10.00	-39.36275	0	0.00	0.06796326	-31.62231	10.00	-0.005068229
0	10.00	-39.29891	0	0.00	0.06383969	-31.57252	10.00	-0.005063717
0	10.00	-39.23251	0	0.00	0.06639905	-31.52205	10.00	-0.005059096
0	10.00	-39.16522	0	0.00	0.06729228	-31.47416	10.00	-0.00505473
0	10.00	-39.10137	0	0.00	0.0638496	-31.42486	10.00	-0.005050256
0	10.00	-39.03563	0	0.00	0.06573656	-31.37553	10.00	-0.005045597
0	10.00	-38.96987	0	0.00	0.06576629	-31.32567	10.00	-0.005041159
0	10.00	-38.90339	0	0.00	0.06647266	-31.27582	10.00	-0.005036574
0	10.00	-38.83692	0	0.00	0.06647691	-31.22664	10.00	-0.005032099
0	10.00	-38.77134	0	0.00	0.06557801	-31.17711	10.00	-0.005027697
0	10.00	-38.70531	0	0.00	0.06602534	-31.1271	10.00	-0.005023039
0	10.00	-38.63862	0	0.00	0.06669208	-31.07796	10.00	-0.005018528
0	10.00	-38.57312	0	0.00	0.06550724	-31.02826	10.00	-0.005014016
0	10.00	-38.50684	0	0.00	0.06627873	-30.97718	10.00	-0.005009395
0	10.00	-38.43873	0	0.00	0.06810623	-30.92824	10.00	-0.005004846
0	10.00	-38.37348	0	0.00	0.06525102	-30.87877	10.00	-0.005000298
0	10.00	-38.30751	0	0.00	0.06596305	-30.82832	10.00	-0.004995676
0	10.00	-38.24024	0	0.00	0.06727529	-30.77804	10.00	-0.004991164
0	10.00	-38.17321	0	0.00	0.06703182	-30.72888	10.00	-0.004986616
0	10.00	-38.10767	0	0.00	0.0655398	-30.67852	10.00	-0.004982068
0	10.00	-38.04051	0	0.00	0.06715638	-30.62969	10.00	-0.00497752
0	10.00	-37.97541	0	0.00	0.0651038	-30.58099	10.00	-0.004973045
0	10.00	-37.91048	0	0.00	0.06492969	-30.53073	10.00	-0.00496846
0	10.00	-37.84347	0	0.00	0.067012	-30.48182	10.00	-0.004963985
0	10.00	-37.77825	0	0.00	0.06521422	-30.43261	10.00	-0.00495951
0	10.00	-37.71263	0	0.00	0.06562048	-30.38268	10.00	-0.004954998
0	10.00	-37.64606	0	0.00	0.066576	-30.33335	10.00	-0.004950487
0	10.00	-37.5803	0	0.00	0.06576063	-30.28383	10.00	-0.004946012
0	10.00	-37.51426	0	0.00	0.06603383	-30.23305	10.00	-0.004941317
0	10.00	-37.44656	0	0.00	0.06769714	-30.18443	10.00	-0.004936842
0	10.00	-37.38172	0	0.00	0.06484333	-30.13511	10.00	-0.004932367
0	10.00	-37.31597	0	0.00	0.0657493	-30.0857	10.00	-0.004927855
0	10.00	-37.2501	0	0.00	0.06587388	-30.03624	10.00	-0.004923454
0	10.00	-37.18415	0	0.00	0.06595031	-29.98665	10.00	-0.004918722
0	10.00	-37.11802	0	0.00	0.06612302	-29.93704	10.00	-0.004914284
0	10.00	-37.05188	0	0.00	0.06614142	-29.88762	10.00	-0.004909736
0	10.00	-36.98598	0	0.00	0.06589652	-29.8379	10.00	-0.004905224
0	10.00	-36.91969	0	0.00	0.06629996	-29.78835	10.00	-0.004900712
0	10.00	-36.85363	0	0.00	0.0660579	-29.73871	10.00	-0.004896164
0	10.00	-36.78744	0	0.00	0.06618813	-29.68927	10.00	-0.004891652
0	10.00	-36.72152	0	0.00	0.06591775	-29.63948	10.00	-0.004887067
0	10.00	-36.65514	0	0.00	0.06638348	-29.58957	10.00	-0.004882556
0	10.00	-36.58858	0	0.00	0.06655618	-29.54039	10.00	-0.004877934
0	10.00	-36.52301	0	0.00	0.06557377	-29.49087	10.00	-0.004873496
0	10.00	-36.45698	0	0.00	0.06602817	-29.44134	10.00	-0.004868947
0	10.00	-36.39095	0	0.00	0.06603666	-29.39128	10.00	-0.004864436
0	10.00	-36.3242	0	0.00	0.06674304	-29.34202	10.00	-0.004859998
0	10.00	-36.25852	0	0.00	0.06567994	-29.29238	10.00	-0.004855339
0	10.00	-36.19233	0	0.00	0.06618813	-29.24049	10.00	-0.004850681
0	10.00	-36.12313	0	0.00	0.06919765	-29.19356	10.00	-0.004846426
0	10.00	-36.06057	0	0.00	0.06257133	-29.14376	10.00	-0.004841878
0	10.00	-35.99418	0	0.00	0.06638631	-29.09383	10.00	-0.004837293
0	10.00	-35.92761	0	0.00	0.06656892	-29.04469	10.00	-0.004832781
0	10.00	-35.86207	0	0.00	0.06553838	-28.99498	10.00	-0.004828233
0	10.00	-35.79579	0	0.00	0.06628014	-28.94582	10.00	-0.004823721
0	10.00	-35.73026	0	0.00	0.06553697	-28.89606	10.00	-0.004819283
0	10.00	-35.6639	0	0.00	0.06635092	-28.84657	10.00	-0.004814588
0	10.00	-35.5979	0	0.00	0.06599703	-28.79494	10.00	-0.00480993
0	10.00	-35.52907	0	0.00	0.06883243	-28.74742	10.00	-0.004805528
0	10.00	-35.46571	0	0.00	0.06336547	-28.69776	10.00	-0.00480109
0	10.00	-35.3995	0	0.00	0.06620936	-28.64828	10.00	-0.004796431
0	10.00	-35.33353	0	0.00	0.06597013	-28.59855	10.00	-0.004791993
0	10.00	-35.26723	0	0.00	0.06630138	-28.54891	10.00	-0.004787371
0	10.00	-35.20104	0	0.00	0.06618672	-28.49905	10.00	-0.004782933
0	10.00	-35.13455	0	0.00	0.06648965	-28.44911	10.00	-0.004778275
0	10.00	-35.06796	0	0.00	0.06659015	-28.39913	10.00	-0.004773837
0	10.00	-35.00133	0	0.00	0.06663404	-28.35021	10.00	-0.004769362
0	10.00	-34.93611	0	0.00	0.06521846	-28.30029	10.00	-0.004764704
0	10.00	-34.86954	0	0.00	0.06656184	-28.24917	10.00	-0.004759972
0	10.00	-34.80138	0	0.00	0.06816711	-28.20173	10.00	-0.004755717
0	10.00	-34.73812	0	0.00	0.06325506	-28.15212	10.00	-0.004751205
0	10.00	-34.67199	0	0.00	0.06613859	-28.10113	10.00	-0.004746511
0	10.00	-34.604	0	0.00	0.06798733	-28.05288	10.00	-0.004742146
0	10.00	-34.53967	0	0.00	0.06433089	-28.00307	10.00	-0.004737634
0	10.00	-34.47325	0	0.00	0.06641746	-27.95219	10.00	-0.004732939
0	10.00	-34.40541	0	0.00	0.06784011	-27.90421	10.00	-0.004728574
0	10.00	-34.34143	0	0.00	0.06397417	-27.85445	10.00	-0.004723916
0	10.00	-34.2751	0	0.00	0.06633818	-27.80422	10.00	-0.004719404
0	10.00	-34.20812	0	0.00	0.06697944	-27.75585	10.00	-0.004715003
0	10.00	-34.14362	0	0.00	0.06449935	-27.70648	10.00	-0.004710454
0	10.00	-34.0778	0	0.00	0.06581584	-27.65685	10.00	-0.004705943
0	10.00	-34.01163	0	0.00	0.06617398	-27.60675	10.00	-0.004701431
0	10.00	-33.94482	0	0.00	0.06680816	-27.55669	10.00	-0.004696846
0	10.00	-33.87807	0	0.00	0.0667487	-27.50723	10.00	-0.004692334
0	10.00	-33.81213	0	0.00	0.06594465	-27.45798	10.00	-0.00468786
0	10.00	-33.74646	0	0.00	0.06566861	-27.40889	10.00	-0.004683385
0	10.00	-33.68101	0	0.00	0.06545062	-27.3594	10.00	-0.0046788
0	10.00	-33.61503	0	0.00	0.06597862	-27.31001	10.00	-0.004674325
0	10.00	-33.54917	0	0.00	0.06585689	-27.26054	10.00	-0.004669813
0	10.00	-33.48321	0	0.00	0.06596305	-27.21025	10.00	-0.004665228
0	10.00	-33.41616	0	0.00	0.06705163	-27.1606	10.00	-0.004660716
0	10.00	-33.34996	0	0.00	0.06620087	-27.11145	10.00	-0.004656168
0	10.00	-33.28442	0	0.00	0.06553414	-27.06151	10.00	-0.004651656
0	10.00	-33.21783	0	0.00	0.06658874	-27.01213	10.00	-0.004647145
0	10.00	-33.15199	0	0.00	0.06584556	-26.96243	10.00	-0.004642633
0	10.00	-33.08573	0	0.00	0.06625891	-26.91337	10.00	-0.004638158
0	10.00	-33.02031	0	0.00	0.06541523	-26.86351	10.00	-0.004633573
0	10.00	-32.95383	0	0.00	0.06648116	-26.81409	10.00	-0.004629098
0	10.00	-32.88794	0	0.00	0.06589369	-26.76445	10.00	-0.004624587
0	10.00	-32.82176	0	0.00	0.06618106	-26.71493	10.00	-0.004620002
0	10.00	-32.75572	0	0.00	0.06603666	-26.66539	10.00	-0.004615454
0	10.00	-32.68968	0	0.00	0.06604374	-26.61592	10.00	-0.004610942
0	10.00	-32.62371	0	0.00	0.06596305	-26.56564	10.00	-0.004606357
0	10.00	-32.55668	0	0.00	0.06703748	-26.51666	10.00	-0.004601955
0	10.00	-32.49137	0	0.00	0.06530906	-26.46731	10.00	-0.004597444
0	10.00	-32.42556	0	0.00	0.06580451	-26.41759	10.00	-0.004592859
0	10.00	-32.35928	0	0.00	0.06628722	-26.36822	10.00	-0.004588384
0	10.00	-32.29345	0	0.00	0.06582858	-26.31847	10.00	-0.004583799
0	10.00	-32.22712	0	0.00	0.0663311	-26.2689	10.00	-0.004579397
0	10.00	-32.16102	0	0.00	0.06609895	-26.21922	10.00	-0.004574666
0	10.00	-32.09478	0	0.00	0.06623626	-26.16965	10.00	-0.004570228
0	10.00	-32.02868	0	0.00	0.06609895	-26.12022	10.00	-0.004565606
0	10.00	-31.96278	0	0.00	0.06589935	-26.07061	10.00	-0.004561168
0	10.00	-31.89663	0	0.00	0.06615274	-26.02071	10.00	-0.004556582
0	10.00	-31.8301	0	0.00	0.06652503	-25.97155	10.00	-0.004552108
0	10.00	-31.76455	0	0.00	0.06555112	-25.92157	10.00	-0.004547596
0	10.00	-31.69791	0	0.00	0.06664536	-25.8722	10.00	-0.004543011
0	10.00	-31.63208	0	0.00	0.06582575	-25.82029	10.00	-0.004538206
0	10.00	-31.56288	0	0.00	0.06920756	-25.77328	10.00	-0.004533951
0	10.00	-31.50019	0	0.00	0.06268317	-25.72363	10.00	-0.004529439
0	10.00	-31.434	0	0.00	0.06619521	-25.67299	10.00	-0.004524781
0	10.00	-31.36647	0	0.00	0.06752868	-25.62465	10.00	-0.004520453
0	10.00	-31.30203	0	0.00	0.06444272	-25.57442	10.00	-0.004515941
0	10.00	-31.23504	0	0.00	0.06698368	-25.52546	10.00	-0.00451132
0	10.00	-31.16977	0	0.00	0.06527225	-25.4756	10.00	-0.004506808
0	10.00	-31.10329	0	0.00	0.06648399	-25.42625	10.00	-0.00450237
0	10.00	-31.03748	0	0.00	0.06580451	-25.37665	10.00	-0.004497821
0	10.00	-30.97136	0	0.00	0.06612726	-25.32707	10.00	-0.00449331
0	10.00	-30.90524	0	0.00	0.06611735	-25.27739	10.00	-0.004488652
0	10.00	-30.839	0	0.00	0.06623484	-25.22796	10.00	-0.00448425
0	10.00	-30.7731	0	0.00	0.06590218	-25.17841	10.00	-0.004479665
0	10.00	-30.70703	0	0.00	0.06606922	-25.1289	10.00	-0.00447508
0	10.00	-30.64101	0	0.00	0.06601826	-25.07926	10.00	-0.004470605
0	10.00	-30.57483	0	0.00	0.06618247	-25.02964	10.00	-0.004466094
0	10.00	-30.50867	0	0.00	0.06615982	-24.97984	10.00	-0.004461435
0	10.00	-30.44228	0	0.00	0.06639481	-24.93046	10.00	-0.004457034
0	10.00	-30.37643	0	0.00	0.06584556	-24.8807	10.00	-0.004452522
0	10.00	-30.31008	0	0.00	0.06634668	-24.83068	10.00	-0.004447863
0	10.00	-30.2434	0	0.00	0.06668358	-24.78114	10.00	-0.004443425
0	10.00	-30.17735	0	0.00	0.06605507	-24.73155	10.00	-0.00443884
0	10.00	-30.11122	0	0.00	0.0661216	-24.68041	10.00	-0.004434146
0	10.00	-30.04304	0	0.00	0.06818409	-24.63253	10.00	-0.004429707
0	10.00	-29.97919	0	0.00	0.06384535	-24.58252	10.00	-0.004425196
0	10.00	-29.91251	0	0.00	0.06668217	-24.53163	10.00	-0.004420501
0	10.00	-29.84466	0	0.00	0.06785568	-24.48388	10.00	-0.004416209
0	10.00	-29.78099	0	0.00	0.06366841	-24.43424	10.00	-0.004411587
0	10.00	-29.7148	0	0.00	0.06618389	-24.38351	10.00	-0.004407039
0	10.00	-29.64717	0	0.00	0.06763485	-24.33554	10.00	-0.004402674
0	10.00	-29.58321	0	0.00	0.0639586	-24.28589	10.00	-0.004398089
0	10.00	-29.51701	0	0.00	0.06619946	-24.23546	10.00	-0.004393468
0	10.00	-29.44978	0	0.00	0.06723424	-24.1866	10.00	-0.004388919
0	10.00	-29.38461	0	0.00	0.06516609	-24.13734	10.00	-0.004384518
0	10.00	-29.31894	0	0.00	0.06567428	-24.08776	10.00	-0.004379933
0	10.00	-29.25284	0	0.00	0.06610037	-24.03822	10.00	-0.004375458
0	10.00	-29.18678	0	0.00	0.06605224	-23.98871	10.00	-0.004370873
0.001454194	10.00	-29.12077	0.001454194	0.00	0.06601401	-23.93925	10.00	-0.004366398
0.00354562	10.00	-29.05482	0.002091425	0.00	0.06595173	-23.88943	10.00	-0.004361813
0.007581323	10.00	-28.9884	0.004035704	0.00	0.06642029	-23.84012	10.00	-0.004357375
0.012213	10.00	-28.92265	0.004631678	0.00	0.06575072	-23.79046	10.00	-0.004352826
0.01687679	10.00	-28.85644	0.004663786	0.00	0.06620653	-23.74103	10.00	-0.004348315
0.02151993	10.00	-28.79053	0.004643145	0.00	0.06591351	-23.69132	10.00	-0.00434373
0.02490541	10.00	-28.72425	0.003385478	0.00	0.06628156	-23.64175	10.00	-0.004339255
0.02828142	10.00	-28.65815	0.003376006	0.00	0.06609612	-23.59177	10.00	-0.00433467
0.03168504	10.00	-28.59151	0.003403626	0.00	0.06663687	-23.54241	10.00	-0.004330158
0.0350468	10.00	-28.52569	0.003361763	0.00	0.06581725	-23.49279	10.00	-0.004325573
0.03842578	10.00	-28.45954	0.003378971	0.00	0.06615416	-23.44318	10.00	-0.004321172
0.04052331	10.00	-28.3934	0.002097531	0.00	0.06614425	-23.39323	10.00	-0.004316513
0.04199032	10.00	-28.3268	0.001467011	0.00	0.06659582	-23.34458	10.00	-0.004312038
0.0434195	10.00	-28.26192	0.001429186	0.00	0.06487872	-23.29461	10.00	-0.0043076
0.04488692	10.00	-28.19531	0.001467416	0.00	0.06661422	-23.24512	10.00	-0.004303015
0.04506264	10.00	-28.12932	0.0001757219	0.00	0.06599136	-23.19541	10.00	-0.004298504
0.04506264	10.00	-28.06304	0	0.00	0.06627731	-23.14633	10.00	-0.004293882
0.04506264	10.00	-27.9976	0	0.00	0.06544071	-23.09658	10.00	-0.00428937
0.04506264	10.00	-27.93126	0	0.00	0.06633818	-23.04691	10.00	-0.004284822
0.04506264	10.00	-27.86503	0	0.00	0.0662306	-22.99736	10.00	-0.004280384
0.04506264	10.00	-27.79897	0	0.00	0.06606356	-22.94776	10.00	-0.004275725
0.04506264	10.00	-27.73283	0	0.00	0.06613576	-22.89825	10.00	-0.004271251
0.04506264	10.00	-27.66682	0	0.00	0.06601401	-22.84867	10.00	-0.004266665
0.04506264	10.00	-27.60072	0	0.00	0.0660947	-22.79913	10.00	-0.004262227
0.04506264	10.00	-27.53467	0	0.00	0.06605507	-22.74949	10.00	-0.004257605
0.04506264	10.00	-27.46848	0	0.00	0.0661853	-22.69999	10.00	-0.004253094
0.04506264	10.00	-27.40247	0	0.00	0.0660126	-22.65049	10.00	-0.004248546
0.04506264	10.00	-27.33648	0	0.00	0.06598853	-22.60049	10.00	-0.004244071
0.04506264	10.00	-27.26981	0	0.00	0.06667367	-22.5512	10.00	-0.004239522
0.04506264	10.00	-27.20409	0	0.00	0.06571391	-22.50178	10.00	-0.004235047
0.04506264	10.00	-27.1382	0	0.00	0.06589793	-22.4523	10.00	-0.004230536
0.04506264	10.00	-27.07222	0	0.00	0.06597438	-22.4021	10.00	-0.004225951
0.04506264	10.00	-27.00528	0	0.00	0.06693697	-22.35308	10.00	-0.004221476
0.04506264	10.00	-26.93992	0	0.00	0.06536002	-22.30349	10.00	-0.004216964
0.04506264	10.00	-26.87381	0	0.00	0.06611311	-22.25387	10.00	-0.004212306
0.04506264	10.00	-26.80764	0	0.00	0.0661669	-22.20422	10.00	-0.004207831
0.04506264	10.00	-26.74145	0	0.00	0.06619804	-22.15461	10.00	-0.00420332
0.04506264	10.00	-26.67529	0	0.00	0.06614991	-22.10453	10.00	-0.004198808
0.04506264	10.00	-26.60853	0	0.00	0.06676144	-22.05554	10.00	-0.004194333
0.04506264	10.00	-26.54321	0	0.00	0.06532321	-22.00591	10.00	-0.004189748
0.04506264	10.00	-26.47704	0	0.00	0.06617256	-21.95498	10.00	-0.004185053
0.04506264	10.00	-26.40913	0	0.00	0.06790381	-21.90654	10.00	-0.004180652
0.04506264	10.00	-26.34454	0	0.00	0.06459561	-21.85673	10.00	-0.00417614
0.04506264	10.00	-26.27813	0	0.00	0.06641179	-21.80764	10.00	-0.004171592
0.04506264	10.00	-26.21267	0	0.00	0.06545345	-21.75829	10.00	-0.00416719
0.04506264	10.00	-26.14688	0	0.00	0.0657946	-21.70868	10.00	-0.004162532
0.04506264	10.00	-26.08072	0	0.00	0.06615558	-21.65907	10.00	-0.004158094
0.04506264	10.00	-26.01458	0	0.00	0.06614283	-21.60952	10.00	-0.004153545
0.04506264	10.00	-25.94851	0	0.00	0.06607347	-21.55992	10.00	-0.004149034
0.04506264	10.00	-25.88237	0	0.00	0.06613717	-21.51031	10.00	-0.004144375
0.04506264	10.00	-25.81622	0	0.00	0.06614708	-21.46078	10.00	-0.004139974
0.04506264	10.00	-25.75019	0	0.00	0.06603525	-21.41114	10.00	-0.004135462
0.04506264	10.00	-25.68401	0	0.00	0.06617822	-21.36152	10.00	-0.004130877
0.04506264	10.00	-25.61783	0	0.00	0.06617398	-21.31196	10.00	-0.004126402
0.04506264	10.00	-25.55176	0	0.00	0.06607205	-21.26255	10.00	-0.004121817
0.04506264	10.00	-25.48588	0	0.00	0.0658852	-21.21261	10.00	-0.004117379
0.04506264	10.00	-25.41929	0	0.00	0.06658874	-21.16277	10.00	-0.004112794
0.04506264	10.00	-25.35284	0	0.00	0.06644718	-21.11182	10.00	-0.004108099
0.04506264	10.00	-25.28491	0	0.00	0.06793495	-21.06387	10.00	-0.004103734
0.04506264	10.00	-25.22098	0	0.00	0.06393029	-21.01344	10.00	-0.004099149
0.04506264	10.00	-25.15374	0	0.00	0.0672399	-20.9629	10.00	-0.004094454
0.04506264	10.00	-25.08635	0	0.00	0.06739137	-20.91471	10.00	-0.004090089
0.04506264	10.00	-25.02209	0	0.00	0.06425304	-20.86547	10.00	-0.004085504
0.04506264	10.00	-24.95644	0	0.00	0.06565587	-20.81417	10.00	-0.004080956
0.04506264	10.00	-24.88804	0	0.00	0.06839643	-20.76664	10.00	-0.004076518
0.04506264	10.00	-24.82466	0	0.00	0.06337679	-20.71678	10.00	-0.004071933
0.04506264	10.00	-24.75819	0	0.00	0.06646983	-20.66735	10.00	-0.004067458
0.04506264	10.00	-24.69228	0	0.00	0.06591351	-20.61776	10.00	-0.004062873
0.04506264	10.00	-24.62615	0	0.00	0.06612585	-20.56771	10.00	-0.004058361
0.04506264	10.00	-24.55943	0	0.00	0.06672039	-20.51861	10.00	-0.004053886
0.04506264	10.00	-24.49396	0	0.00	0.06547751	-20.46891	10.00	-0.004049375
0.04506264	10.00	-24.4277	0	0.00	0.06625749	-20.41969	10.00	-0.004044826
0.04506264	10.00	-24.36208	0	0.00	0.06562331	-20.37008	10.00	-0.004040241
0.04506264	10.00	-24.29593	0	0.00	0.06614708	-20.32057	10.00	-0.004035803
0.04506264	10.00	-24.22991	0	0.00	0.06601685	-20.27122	10.00	-0.004031255
0.04506264	10.00	-24.16411	0	0.00	0.06579743	-20.22154	10.00	-0.00402667
0.04506264	10.00	-24.09788	0	0.00	0.06623767	-20.17182	10.00	-0.004022158
0.04506264	10.00	-24.03158	0	0.00	0.06629288	-20.12236	10.00	-0.004017683
0.04506264	10.00	-23.96564	0	0.00	0.06594748	-20.07271	10.00	-0.004013098
0.04506264	10.00	-23.89944	0	0.00	0.06620087	-20.02329	10.00	-0.00400855
0.04506264	10.00	-23.83354	0	0.00	0.06589086	-19.97277	10.00	-0.004003928
0.04506264	10.00	-23.76619	0	0.00	0.0673574	-19.9233	10.00	-0.003999417
0.04506264	10.00	-23.70022	0	0.00	0.06596447	-19.87416	10.00	-0.003995015
0.04506264	10.00	-23.63469	0	0.00	0.06553131	-19.82463	10.00	-0.003990394
0.04506264	10.00	-23.56866	0	0.00	0.06603242	-19.77525	10.00	-0.003985882
0.04506264	10.00	-23.50281	0	0.00	0.06584981	-19.72572	10.00	-0.003981407
0.04506264	10.00	-23.43678	0	0.00	0.06602675	-19.67628	10.00	-0.003976895
0.04506264	10.00	-23.37086	0	0.00	0.065922	-19.62658	10.00	-0.00397231
0.04506264	10.00	-23.30459	0	0.00	0.06626599	-19.57695	10.00	-0.003967725
0.04506264	10.00	-23.23842	0	0.00	0.06617115	-19.52753	10.00	-0.003963324
0.04506264	10.00	-23.17253	0	0.00	0.06589369	-19.47777	10.00	-0.003958665
0.04506264	10.00	-23.10618	0	0.00	0.06634951	-19.42834	10.00	-0.003954264
0.04506264	10.00	-23.04027	0	0.00	0.06590643	-19.37907	10.00	-0.003949752
0.04506264	10.00	-22.97458	0	0.00	0.06569126	-19.32931	10.00	-0.003945094
0.04506264	10.00	-22.90824	0	0.00	0.06634384	-19.27979	10.00	-0.003940692
0.04506264	10.00	-22.84221	0	0.00	0.06603383	-19.23015	10.00	-0.003936107
0.04506264	10.00	-22.77602	0	0.00	0.06618672	-19.17986	10.00	-0.003931596
0.04506264	10.00	-22.70896	0	0.00	0.06705447	-19.13107	10.00	-0.003926974
0.04506264	10.00	-22.64391	0	0.00	0.06505425	-19.08137	10.00	-0.003922462
0.04506264	10.00	-22.57765	0	0.00	0.06625749	-19.03192	10.00	-0.003917951
0.04506264	10.00	-22.51172	0	0.00	0.06593474	-18.98181	10.00	-0.003913439
0.04506264	10.00	-22.4449	0	0.00	0.0668124	-18.93263	10.00	-0.003908818
0.04506264	10.00	-22.37934	0	0.00	0.06556953	-18.88331	10.00	-0.003904343
0.04506264	10.00	-22.31357	0	0.00	0.06576487	-18.83316	10.00	-0.003899794
0.04506264	10.00	-22.2467	0	0.00	0.06687044	-18.78415	10.00	-0.00389532
0.04506264	10.00	-22.18135	0	0.00	0.06534728	-18.73429	10.00	-0.003890808
0.04506264	10.00	-22.11488	0	0.00	0.06646983	-18.68289	10.00	-0.003886113
0.04506264	10.00	-22.04634	0	0.00	0.06854507	-18.6353	10.00	-0.003881674
0.04506264	10.00	-21.98289	0	0.00	0.06345182	-18.58544	10.00	-0.003877163
0.04506264	10.00	-21.9164	0	0.00	0.06648116	-18.53628	10.00	-0.003872688
0.04506264	10.00	-21.85085	0	0.00	0.06554971	-18.48647	10.00	-0.00386803
0.04506264	10.00	-21.78445	0	0.00	0.06640755	-18.43696	10.00	-0.003863518
0.04506264	10.00	-21.71844	0	0.00	0.0660041	-18.3876	10.00	-0.003859116
0.04506264	10.00	-21.65263	0	0.00	0.06581725	-18.33801	10.00	-0.003854532
0.04506264	10.00	-21.58649	0	0.00	0.06613151	-18.28837	10.00	-0.003850057
0.04506264	10.00	-21.52032	0	0.00	0.06617822	-18.23883	10.00	-0.003845472
0.04506264	10.00	-21.45426	0	0.00	0.06605365	-18.18903	10.00	-0.003840887
0.04506264	10.00	-21.38787	0	0.00	0.06639622	-18.13948	10.00	-0.003836375
0.04506264	10.00	-21.32179	0	0.00	0.06607913	-18.08986	10.00	-0.0038319
0.04506264	10.00	-21.25564	0	0.00	0.06614708	-18.03993	10.00	-0.003827388
0.04506264	10.00	-21.18906	0	0.00	0.06658166	-17.99055	10.00	-0.003822803
0.04506264	10.00	-21.12322	0	0.00	0.06583565	-17.9407	10.00	-0.003818292
0.04506264	10.00	-21.05676	0	0.00	0.06646559	-17.89145	10.00	-0.00381389
0.04506264	10.00	-20.99109	0	0.00	0.06567144	-17.8424	10.00	-0.003809269
0.04506264	10.00	-20.92568	0	0.00	0.06540249	-17.79257	10.00	-0.003804757
0.04506264	10.00	-20.85925	0	0.00	0.06643161	-17.74301	10.00	-0.003800172
0.04506264	10.00	-20.79317	0	0.00	0.06608338	-17.69291	10.00	-0.003795661
0.04506264	10.00	-20.72637	0	0.00	0.06679542	-17.64305	10.00	-0.003791149
0.04506264	10.00	-20.65988	0	0.00	0.06648965	-17.5941	10.00	-0.003786601
0.04506264	10.00	-20.59462	0	0.00	0.06526092	-17.54333	10.00	-0.003781979
0.04506264	10.00	-20.52693	0	0.00	0.06769006	-17.49492	10.00	-0.003777541
0.04506264	10.00	-20.46238	0	0.00	0.06455597	-17.44509	10.00	-0.003773102
0.04506264	10.00	-20.39594	0	0.00	0.06643586	-17.3938	10.00	-0.003768297
0.04506264	10.00	-20.32756	0	0.00	0.06838228	-17.3458	10.00	-0.003763933
0.04506264	10.00	-20.26356	0	0.00	0.06399681	-17.29588	10.00	-0.003759347
0.04506264	10.00	-20.19699	0	0.00	0.06657317	-17.24684	10.00	-0.003754873
0.04506264	10.00	-20.13161	0	0.00	0.06537842	-17.19706	10.00	-0.003750361
0.04506264	10.00	-20.06524	0	0.00	0.06636649	-17.14748	10.00	-0.003745813
0.04506264	10.00	-19.99913	0	0.00	0.06611452	-17.09782	10.00	-0.003741228
0.04506264	10.00	-19.93292	0	0.00	0.06620936	-17.04847	10.00	-0.003736716
0.04506264	10.00	-19.86711	0	0.00	0.06580734	-16.99891	10.00	-0.003732315
0.04506264	10.00	-19.80103	0	0.00	0.06608055	-16.94917	10.00	-0.003727656
0.04506264	10.00	-19.73472	0	0.00	0.06631128	-16.89952	10.00	-0.003723145
0.04506264	10.00	-19.66852	0	0.00	0.06619804	-16.85043	10.00	-0.003718596
0.04506264	10.00	-19.60306	0	0.00	0.06546477	-16.80085	10.00	-0.003714158
0.04506264	10.00	-19.53695	0	0.00	0.0661032	-16.75155	10.00	-0.00370961
0.04506264	10.00	-19.47123	0	0.00	0.06572807	-16.70231	10.00	-0.003705062
0.04506264	10.00	-19.40557	0	0.00	0.06565021	-16.65265	10.00	-0.00370055
0.04506264	10.00	-19.33936	0	0.00	0.06621361	-16.59561	10.00	-0.003695268
0.04506264	10.00	-19.26331	0	0.00	0.0760547	-16.55284	10.00	-0.00369138
0.04506264	10.00	-19.20628	0	0.00	0.05703076	-16.50389	10.00	-0.003686905
0.04506264	10.00	-19.141	0	0.00	0.06527366	-16.45415	10.00	-0.003682247
0.04506264	10.00	-19.07469	0	0.00	0.06631128	-16.40352	10.00	-0.003677625
0.04506264	10.00	-19.00718	0	0.00	0.06750745	-16.35512	10.00	-0.00367326
0.04506264	10.00	-18.94265	0	0.00	0.06453191	-16.30521	10.00	-0.003668748
0.04506264	10.00	-18.8761	0	0.00	0.0665491	-16.25608	10.00	-0.003664274
0.04506264	10.00	-18.81059	0	0.00	0.06550866	-16.20622	10.00	-0.003659615
0.04506264	10.00	-18.74412	0	0.00	0.06647408	-16.15681	10.00	-0.003655177
0.04506264	10.00	-18.67824	0	0.00	0.06588095	-16.10737	10.00	-0.003650775
0.04506264	10.00	-18.61232	0	0.00	0.06592058	-16.05787	10.00	-0.003646117
0.04506264	10.00	-18.54632	0	0.00	0.06599844	-16.00806	10.00	-0.003641605
0.04506264	10.00	-18.4799	0	0.00	0.06641746	-15.95816	10.00	-0.003637094
0.04506264	10.00	-18.41337	0	0.00	0.06653353	-15.90898	10.00	-0.003632545
0.04506264	10.00	-18.34779	0	0.00	0.0655766	-15.85949	10.00	-0.003628107
0.04506264	10.00	-18.28181	0	0.00	0.06598712	-15.80991	10.00	-0.003623486
0.04506264	10.00	-18.2157	0	0.00	0.06610461	-15.76029	10.00	-0.003618974
0.04506264	10.00	-18.14955	0	0.00	0.06615274	-15.71084	10.00	-0.003614389
0.04506264	10.00	-18.08361	0	0.00	0.06593474	-15.66124	10.00	-0.003609987
0.04506264	10.00	-18.01748	0	0.00	0.06613717	-15.61146	10.00	-0.003605329
0.04506264	10.00	-17.95111	0	0.00	0.06637216	-15.5618	10.00	-0.003600817
0.04506264	10.00	-17.88489	0	0.00	0.06621078	-15.51271	10.00	-0.003596343
0.04506264	10.00	-17.81944	0	0.00	0.06545628	-15.46265	10.00	-0.003591831
0.04506264	10.00	-17.75269	0	0.00	0.06675012	-15.41228	10.00	-0.003587283
0.04506264	10.00	-17.68553	0	0.00	0.06716063	-15.36376	10.00	-0.003582698
0.04506264	10.00	-17.62083	0	0.00	0.06469611	-15.31402	10.00	-0.003578186
0.04506264	10.00	-17.55451	0	0.00	0.06631978	-15.26413	10.00	-0.003573674
0.04506264	10.00	-17.48799	0	0.00	0.06652079	-15.21504	10.00	-0.003569199
0.04506264	10.00	-17.42254	0	0.00	0.06544637	-15.16526	10.00	-0.003564541
0.04506264	10.00	-17.35616	0	0.00	0.06637923	-15.11589	10.00	-0.003560029
0.04506264	10.00	-17.29034	0	0.00	0.06582575	-15.06626	10.00	-0.003555555
0.04506264	10.00	-17.22417	0	0.00	0.06617115	-15.01679	10.00	-0.003551043
0.04506264	10.00	-17.15821	0	0.00	0.06595881	-14.96576	10.00	-0.003546348
0.04506264	10.00	-17.09017	0	0.00	0.06803546	-14.9172	10.00	-0.003541873
0.04506264	10.00	-17.02542	0	0.00	0.0647499	-14.86722	10.00	-0.003537362
0.04506264	10.00	-16.95878	0	0.00	0.0666397	-14.81789	10.00	-0.003532813
0.04506264	10.00	-16.89301	0	0.00	0.06577054	-14.7691	10.00	-0.003528412
0.04506264	10.00	-16.82795	0	0.00	0.06506416	-14.71934	10.00	-0.003523753
0.04506264	10.00	-16.76161	0	0.00	0.06633535	-14.6696	10.00	-0.003519242
0.04506264	10.00	-16.6953	0	0.00	0.06631836	-14.62023	10.00	-0.003514693
0.04506264	10.00	-16.62946	0	0.00	0.06583141	-14.57084	10.00	-0.003510255
0.04506264	10.00	-16.56361	0	0.00	0.06585689	-14.52128	10.00	-0.003505633
0.04506264	10.00	-16.49752	0	0.00	0.06608196	-14.47145	10.00	-0.003501122
0.04506264	10.00	-16.43109	0	0.00	0.06644011	-14.4221	10.00	-0.00349661
0.04506264	10.00	-16.36529	0	0.00	0.06579319	-14.37204	10.00	-0.003492025
0.04506264	10.00	-16.29854	0	0.00	0.06675295	-14.32244	10.00	-0.003487514
0.04506264	10.00	-16.2324	0	0.00	0.06613434	-14.27268	10.00	-0.003482965
0.04506264	10.00	-16.16607	0	0.00	0.0663396	-14.22368	10.00	-0.00347849
0.04506264	10.00	-16.10073	0	0.00	0.06533029	-14.17423	10.00	-0.003473905
0.04506264	10.00	-16.03479	0	0.00	0.06594323	-14.12415	10.00	-0.003469467
0.04506264	10.00	-15.96802	0	0.00	0.06676994	-14.07489	10.00	-0.003464992
0.04506264	10.00	-15.90234	0	0.00	0.06568418	-14.02507	10.00	-0.003460334
0.04506264	10.00	-15.83592	0	0.00	0.06642029	-13.97601	10.00	-0.003455896
0.04506264	10.00	-15.7705	0	0.00	0.06541947	-13.92623	10.00	-0.003451347
0.04506264	10.00	-15.70413	0	0.00	0.06636508	-13.8765	10.00	-0.003446836
0.04506264	10.00	-15.63782	0	0.00	0.06631412	-13.8271	10.00	-0.003442177
0.04506264	10.00	-15.57196	0	0.00	0.06585689	-13.77694	10.00	-0.003437666
0.04506264	10.00	-15.50508	0	0.00	0.06688459	-13.72719	10.00	-0.003433154
0.04506264	10.00	-15.43874	0	0.00	0.06633535	-13.67775	10.00	-0.003428606
0.04506264	10.00	-15.37283	0	0.00	0.06591351	-13.62845	10.00	-0.003424168
0.04506264	10.00	-15.30709	0	0.00	0.06573515	-13.57828	10.00	-0.003419583
0.04506264	10.00	-15.2402	0	0.00	0.0668945	-13.52913	10.00	-0.003415034
0.04506264	10.00	-15.17466	0	0.00	0.06553555	-13.47965	10.00	-0.003410523
0.04506264	10.00	-15.10869	0	0.00	0.06597155	-13.43034	10.00	-0.003406048
0.04506264	10.00	-15.04295	0	0.00	0.06574222	-13.38051	10.00	-0.00340139
0.04506264	10.00	-14.9765	0	0.00	0.06644435	-13.33012	10.00	-0.003396841
0.04506264	10.00	-14.90932	0	0.00	0.06718328	-13.28164	10.00	-0.003392476
0.04506264	10.00	-14.84467	0	0.00	0.0646494	-13.23199	10.00	-0.003387891
0.04506264	10.00	-14.77848	0	0.00	0.06619238	-13.18117	10.00	-0.003383196
0.04506264	10.00	-14.71072	0	0.00	0.06775659	-13.13271	10.00	-0.003378758
0.04506264	10.00	-14.6461	0	0.00	0.06462533	-13.08373	10.00	-0.003374357
0.04506264	10.00	-14.58079	0	0.00	0.06530481	-13.03368	10.00	-0.003369662
0.04506264	10.00	-14.51406	0	0.00	0.06673171	-12.98274	10.00	-0.00336504
0.04506264	10.00	-14.44615	0	0.00	0.06791513	-12.93461	10.00	-0.003360675
0.04506264	10.00	-14.38197	0	0.00	0.06417801	-12.88513	10.00	-0.003356127
0.04506264	10.00	-14.316	0	0.00	0.06597155	-12.83584	10.00	-0.003351615
0.04506264	10.00	-14.25027	0	0.00	0.06572382	-12.78587	10.00	-0.003347103
0.04506264	10.00	-14.18365	0	0.00	0.06662413	-12.73661	10.00	-0.003342628
0.04506264	10.00	-14.11797	0	0.00	0.06568135	-12.6869	10.00	-0.00333797
0.04506264	10.00	-14.0517	0	0.00	0.06627023	-12.63718	10.00	-0.003333458
0.04506264	10.00	-13.9854	0	0.00	0.06629854	-12.58788	10.00	-0.00332891
0.04506264	10.00	-13.91966	0	0.00	0.06573939	-12.53829	10.00	-0.003324472
0.04506264	10.00	-13.85354	0	0.00	0.06611877	-12.48879	10.00	-0.00331985
0.04506264	10.00	-13.78754	0	0.00	0.06599703	-12.43903	10.00	-0.003315339
0.04506264	10.00	-13.7212	0	0.00	0.06634809	-12.38954	10.00	-0.003310827
0.04506264	10.00	-13.65521	0	0.00	0.06598004	-12.34009	10.00	-0.003306352
0.04506264	10.00	-13.58928	0	0.00	0.06593191	-12.29058	10.00	-0.003301694
0.04506264	10.00	-13.52327	0	0.00	0.06601543	-12.241	10.00	-0.003297182
0.04506264	10.00	-13.45716	0	0.00	0.06610603	-12.19121	10.00	-0.003292671
0.04506264	10.00	-13.39078	0	0.00	0.0663849	-12.14197	10.00	-0.003288196
0.04506264	10.00	-13.32511	0	0.00	0.06566295	-12.09216	10.00	-0.003283684
0.04506264	10.00	-13.25871	0	0.00	0.06640188	-12.04265	10.00	-0.003279062
0.04506264	10.00	-13.19269	0	0.00	0.06601968	-11.99275	10.00	-0.003274551
0.04506264	10.00	-13.12615	0	0.00	0.06653778	-11.94351	10.00	-0.003270039
0.04506264	10.00	-13.0605	0	0.00	0.06565304	-11.89425	10.00	-0.003265564
0.04506264	10.00	-12.99483	0	0.00	0.06567144	-11.8444	10.00	-0.003260906
0.04506264	10.00	-12.92836	0	0.00	0.06646983	-11.79493	10.00	-0.003256394
0.04506264	10.00	-12.86239	0	0.00	0.0659673	-11.7444	10.00	-0.003251809
0.04506264	10.00	-12.79503	0	0.00	0.06736306	-11.69343	10.00	-0.003247114
0.04506264	10.00	-12.72707	0	0.00	0.06796043	-11.64595	10.00	-0.003242896
0.04506264	10.00	-12.66376	0	0.00	0.06330885	-11.59639	10.00	-0.003238274
0.04506264	10.00	-12.59768	0	0.00	0.06608055	-11.54696	10.00	-0.003233763
0.04506264	10.00	-12.53177	0	0.00	0.06590643	-11.49729	10.00	-0.003229178
0.04506264	10.00	-12.46554	0	0.00	0.06623343	-11.44788	10.00	-0.003224776
0.04506264	10.00	-12.39967	0	0.00	0.06587246	-11.39778	10.00	-0.003220191
0.04506264	10.00	-12.33287	0	0.00	0.06679966	-11.34825	10.00	-0.003215606
0.04506264	10.00	-12.26682	0	0.00	0.06604799	-11.29897	10.00	-0.003211132
0.04506264	10.00	-12.20111	0	0.00	0.06570542	-11.24954	10.00	-0.00320662
0.04506264	10.00	-12.13521	0	0.00	0.0659036	-11.19998	10.00	-0.003202035
0.04506264	10.00	-12.06913	0	0.00	0.06608338	-11.15033	10.00	-0.003197487
0.04506264	10.00	-12.00293	0	0.00	0.0661938	-11.1008	10.00	-0.003192975
0.04506264	10.00	-11.93689	0	0.00	0.06604233	-11.05108	10.00	-0.00318839
0.04506264	10.00	-11.8706	0	0.00	0.06629288	-10.99949	10.00	-0.003183695
0.04506264	10.00	-11.80181	0	0.00	0.06878571	-10.95214	10.00	-0.00317933
0.04506264	10.00	-11.73868	0	0.00	0.06313615	-10.90259	10.00	-0.003174819
0.04506264	10.00	-11.67261	0	0.00	0.06607064	-10.8513	10.00	-0.003170124
0.04506264	10.00	-11.60422	0	0.00	0.06838794	-10.8035	10.00	-0.003165832
0.04506264	10.00	-11.54049	0	0.00	0.0637321	-10.75408	10.00	-0.00316121
0.04506264	10.00	-11.4746	0	0.00	0.06588944	-10.70436	10.00	-0.003156699
0.04506264	10.00	-11.4083	0	0.00	0.06629996	-10.65488	10.00	-0.003152187
0.04506264	10.00	-11.34232	0	0.00	0.06597296	-10.60483	10.00	-0.003147602
0.04506264	10.00	-11.2756	0	0.00	0.06672322	-10.55556	10.00	-0.003143127
0.04506264	10.00	-11.2099	0	0.00	0.06569551	-10.50599	10.00	-0.003138542
0.04506264	10.00	-11.1438	0	0.00	0.06610037	-10.45624	10.00	-0.003134031
0.04506264	10.00	-11.07748	0	0.00	0.06632403	-10.40025	10.00	-0.003128932
0.04506264	10.00	-11.00282	0	0.00	0.07466178	-10.3573	10.00	-0.003125044
0.04506264	10.00	-10.94556	0	0.00	0.0572615	-10.30771	10.00	-0.003120422
0.04506264	10.00	-10.87944	0	0.00	0.06611735	-10.25822	10.00	-0.003115911
0.04506264	10.00	-10.81345	0	0.00	0.06598853	-10.20865	10.00	-0.003111326
0.04506264	10.00	-10.74736	0	0.00	0.06609187	-10.15828	10.00	-0.003106814
0.04506264	10.00	-10.68019	0	0.00	0.06716629	-10.10903	10.00	-0.003102303
0.04506264	10.00	-10.61453	0	0.00	0.06566437	-10.05924	10.00	-0.003097754
0.04506264	10.00	-10.54814	0	0.00	0.06638631	-10.01008	10.00	-0.003093169
0.04506264	10.00	-10.48259	0	0.00	0.06554829	-9.959632	10.00	-0.003088584
0.04506264	10.00	-10.41533	0	0.00	0.06726397	-9.910383	10.00	-0.003084073
0.04506264	10.00	-10.34967	0	0.00	0.06566437	-9.861433	10.00	-0.003079524
0.04506264	10.00	-10.2844	0	0.00	0.06526659	-9.811243	10.00	-0.003074939
0.04506264	10.00	-10.21748	0	0.00	0.06691857	-9.762225	10.00	-0.003070465
0.04506264	10.00	-10.15212	0	0.00	0.0653586	-9.710632	10.00	-0.003065733
0.04506264	10.00	-10.08333	0	0.00	0.06878996	-9.66295	10.00	-0.003061478
0.04506264	10.00	-10.01976	0	0.00	0.06357639	-9.612766	10.00	-0.003056856
0.04506264	10.00	-9.952844	0	0.00	0.06691149	-9.562076	10.00	-0.003052271
0.04506264	10.00	-9.885256	0	0.00	0.06758814	-9.51453	10.00	-0.003047906
0.04506264	10.00	-9.821863	0	0.00	0.06339236	-9.464466	10.00	-0.003043321
0.04506264	10.00	-9.755111	0	0.00	0.06675295	-9.41472	10.00	-0.00303881
0.04506264	10.00	-9.688783	0	0.00	0.06632827	-9.365845	10.00	-0.003034262
0.04506264	10.00	-9.623616	0	0.00	0.06516609	-9.315948	10.00	-0.003029677
0.04506264	10.00	-9.557087	0	0.00	0.06652928	-9.266807	10.00	-0.003025348
0.04506264	10.00	-9.491566	0	0.00	0.0655214	-9.216906	10.00	-0.00302069
0.04506264	10.00	-9.425031	0	0.00	0.06653494	-9.167359	10.00	-0.003016178
0.04506264	10.00	-9.358969	0	0.00	0.06606214	-9.117872	10.00	-0.003011703
0.04506264	10.00	-9.292984	0	0.00	0.06598429	-9.068573	10.00	-0.003007119
0.04506264	10.00	-9.227252	0	0.00	0.06573232	-9.018923	10.00	-0.003002607
0.04506264	10.00	-9.161053	0	0.00	0.06619946	-8.969481	10.00	-0.002998059
0.04506264	10.00	-9.095129	0	0.00	0.06592342	-8.919801	10.00	-0.002993474
0.04506264	10.00	-9.02889	0	0.00	0.06623909	-8.870275	10.00	-0.002976051
0.04506264	10.00	-8.962831	0	0.00	0.06605931	-8.820706	10.00	-0.002958591
0.04506264	10.00	-8.896716	0	0.00	0.06611452	-8.771134	10.00	-0.00295408
0.04506264	10.00	-8.83062	0	0.00	0.06609612	-8.721668	10.00	-0.002949495
0.04506264	10.00	-8.764666	0	0.00	0.06595456	-8.672004	10.00	-0.00294502
0.04506264	10.00	-8.698446	0	0.00	0.06621927	-8.621508	10.00	-0.002940435
0.04506264	10.00	-8.631119	0	0.00	0.06732767	-8.570506	10.00	-0.002935776
0.04506264	10.00	-8.563117	0	0.00	0.06800149	-8.52259	10.00	-0.002931448
0.04506264	10.00	-8.499228	0	0.00	0.06388924	-8.47388	10.00	-0.00292701
0.04506264	10.00	-8.434282	0	0.00	0.06494525	-8.423656	10.00	-0.002922388
0.04506264	10.00	-8.367317	0	0.00	0.06696528	-8.374506	10.00	-0.002918097
0.04506264	10.00	-8.301785	0	0.00	0.06553272	-8.324411	10.00	-0.002913548
0.04506264	10.00	-8.234992	0	0.00	0.06679258	-8.275303	10.00	-0.002909
0.04506264	10.00	-8.169515	0	0.00	0.06547751	-8.225946	10.00	-0.002904562
0.04506264	10.00	-8.103704	0	0.00	0.06581017	-8.176147	10.00	-0.002900013
0.04506264	10.00	-8.037304	0	0.00	0.06640047	-8.126845	10.00	-0.002895649
0.04506264	10.00	-7.971569	0	0.00	0.06573515	-8.076944	10.00	-0.002891027
0.04506264	10.00	-7.905034	0	0.00	0.06653494	-8.027553	10.00	-0.002886552
0.04506264	10.00	-7.83918	0	0.00	0.06585406	-7.977824	10.00	-0.002882077
0.04506264	10.00	-7.772875	0	0.00	0.06630421	-7.928447	10.00	-0.002877639
0.04506264	10.00	-7.70704	0	0.00	0.06583565	-7.878673	10.00	-0.002873164
0.04038759	10.00	-7.640673	-0.004675055	0.00	0.06636649	-7.829242	10.00	-0.002868579
0.03319213	10.00	-7.574765	-0.007195459	0.00	0.06590784	-7.779742	10.00	-0.002864104
0.02406922	10.00	-7.508764	-0.009122907	0.00	0.06600127	-7.730319	10.00	-0.002859556
0.0136851	10.00	-7.442871	-0.01038412	0.00	0.06589369	-7.680099	10.00	-0.002855154
0.003132335	10.00	-7.375906	-0.01055277	0.00	0.06696387	-7.631018	10.00	-0.002850569
-0.007180399	10.00	-7.310466	-0.01031273	0.00	0.06544071	-7.580675	10.00	-0.002846094
-0.01775838	10.00	-7.243342	-0.01057798	0.00	0.06712383	-7.532023	10.00	-0.002841656
-0.02798054	10.00	-7.178476	-0.01022216	0.00	0.06486598	-7.482501	10.00	-0.002837181
-0.0383863	10.00	-7.112445	-0.01040576	0.00	0.066031	-7.432436	10.00	-0.002832706
-0.04890605	10.00	-7.045691	-0.01051975	0.00	0.06675436	-7.383362	10.00	-0.002828121
-0.05921767	10.00	-6.980257	-0.01031162	0.00	0.06543363	-7.333682	10.00	-0.00282372
-0.06965577	10.00	-6.914021	-0.0104381	0.00	0.06623626	-7.283976	10.00	-0.002819098
-0.08010012	10.00	-6.847745	-0.01044435	0.00	0.06627589	-7.234498	10.00	-0.002814733
-0.09049673	10.00	-6.781772	-0.01039661	0.00	0.06597296	-7.184833	10.00	-0.002810112
-0.1009319	10.00	-6.715554	-0.0104352	0.00	0.06621785	-7.134704	10.00	-0.002805636
-0.1114653	10.00	-6.648714	-0.01053336	0.00	0.06684071	-7.085673	10.00	-0.002801198
-0.1217671	10.00	-6.583342	-0.0103018	0.00	0.06537134	-7.036226	10.00	-0.002796723
-0.1321572	10.00	-6.51741	-0.01039014	0.00	0.06593191	-6.986552	10.00	-0.002792102
-0.1438771	10.00	-6.45118	-0.01171982	0.00	0.0662306	-6.937159	10.00	-0.002787663
-0.160633	10.00	-6.38532	-0.01675589	0.00	0.06585972	-6.88759	10.00	-0.002783188
-0.1793674	10.00	-6.319229	-0.01873443	0.00	0.06609046	-6.837695	10.00	-0.00277864
-0.2040224	10.00	-6.252704	-0.024655	0.00	0.06652503	-6.788399	10.00	-0.002774275
-0.2347477	10.00	-6.186974	-0.03072534	0.00	0.0657309	-6.739029	10.00	-0.002769654
-0.2693424	10.00	-6.121146	-0.03459471	0.00	0.06582716	-6.689004	10.00	-0.002765179
-0.310208	10.00	-6.054447	-0.04086554	0.00	0.06669915	-6.639771	10.00	-0.00276074
-0.3523334	10.00	-5.988804	-0.04212538	0.00	0.06564313	-6.590041	10.00	-0.002756265
-0.4013052	10.00	-5.922497	-0.04897187	0.00	0.06630704	-6.540079	10.00	-0.00275179
-0.4556653	10.00	-5.855881	-0.05436004	0.00	0.06661563	-6.490327	10.00	-0.002747169
-0.5110824	10.00	-5.789545	-0.05541714	0.00	0.06633677	-6.441134	10.00	-0.002742731
-0.5671453	10.00	-5.723955	-0.05606293	0.00	0.06558934	-6.391069	10.00	-0.002738182
-0.6242028	10.00	-5.657202	-0.05705753	0.00	0.06675295	-6.341495	10.00	-0.002733781
-0.6807014	10.00	-5.591103	-0.05649852	0.00	0.06609895	-6.290329	10.00	-0.002729049
-0.7390149	10.00	-5.522881	-0.05831348	0.00	0.06822231	-6.242617	10.00	-0.002724758
-0.7952378	10.00	-5.459266	-0.05622294	0.00	0.06361461	-6.192952	10.00	-0.002720173
-0.8544052	10.00	-5.393046	-0.05916741	0.00	0.06622069	-6.142143	10.00	-0.002715624
-0.916248	10.00	-5.325299	-0.06184283	0.00	0.06774668	-6.093939	10.00	-0.002711369
-0.9761631	10.00	-5.261027	-0.05991511	0.00	0.06427144	-6.044116	10.00	-0.002706674
-1.038091	10.00	-5.194597	-0.06192755	0.00	0.0664302	-5.992984	10.00	-0.002702199
-1.101644	10.00	-5.126423	-0.06355333	0.00	0.06817418	-5.945521	10.00	-0.002513922
-1.162095	10.00	-5.062896	-0.06045123	0.00	0.06352685	-5.896399	10.00	-0.002160109
-1.225907	10.00	-4.997175	-0.06381188	0.00	0.06572099	-5.847296	10.00	-0.001558597
-1.289823	10.00	-4.931347	-0.06391634	0.00	0.06582858	-5.798126	10.00	-0.0008338414
-1.353975	10.00	-4.865276	-0.06415138	0.00	0.06607064	-5.75176	10.00	0.006077565
-1.418151	10.00	-4.79918	-0.06417611	0.00	0.06609612	-5.70615	10.00	0.01620581
-1.482152	10.00	-4.733263	-0.06400155	0.00	0.06591634	-5.659552	10.00	0.02679542
-1.546663	10.00	-4.666823	-0.06451011	0.00	0.06644011	-5.612421	10.00	0.0365318
-1.610946	10.00	-4.600617	-0.06428332	0.00	0.06620653	-5.563883	10.00	0.0449817
-1.676057	10.00	-4.533558	-0.06511074	0.00	0.06705871	-5.51529	10.00	0.05201813
-1.740284	10.00	-4.46741	-0.06422697	0.00	0.0661485	-5.467158	10.00	0.05734607
-1.803272	10.00	-4.402537	-0.06298859	0.00	0.06487306	-5.417419	10.00	0.06078247
-1.868335	10.00	-4.335527	-0.06506263	0.00	0.06700917	-5.369233	10.00	0.0624002
-1.926708	10.00	-4.270196	-0.05837311	0.00	0.0653317	-5.320475	10.00	0.0639699
-1.976877	10.00	-4.204003	-0.05016905	0.00	0.06619238	-5.271756	10.00	0.06545859
-2.021281	10.00	-4.137805	-0.04440445	0.00	0.06619804	-5.22315	10.00	0.06708446
-2.058622	10.00	-4.07163	-0.0373408	0.00	0.06617539	-5.175107	10.00	0.0686311
-2.091113	10.00	-4.006189	-0.03249066	0.00	0.06544071	-5.126351	10.00	0.07005405
-2.111189	10.00	-3.939897	-0.02007562	0.00	0.06629288	-5.077774	10.00	0.07144268
-2.114562	10.00	-3.87386	-0.00337297	0.00	0.06603666	-5.024265	10.00	0.07654733
-2.114562	10.00	-3.807006	0	0.00	0.06685345	-4.975889	10.00	0.07772435
-2.114562	10.00	-3.741178	0	0.00	0.06582858	-4.927531	10.00	0.07846225
-2.114562	10.00	-3.675338	0	0.00	0.0658399	-4.877328	10.00	0.07882349
-2.114562	10.00	-3.607018	0	0.00	0.06831999	-4.830352	10.00	0.07890274
-2.114562	10.00	-3.543182	0	0.00	0.06383544	-4.78167	10.00	0.07882906
-2.114562	10.00	-3.476963	0	0.00	0.06621927	-4.733371	10.00	0.07859004
-2.114562	10.00	-3.411241	0	0.00	0.06572241	-4.684784	10.00	0.07818525
-2.114562	10.00	-3.34516	0	0.00	0.06608055	-4.635823	10.00	0.07761792
-2.114562	10.00	-3.278642	0	0.00	0.06651796	-4.58739	10.00	0.07689878
-2.114562	10.00	-3.212917	0	0.00	0.06572524	-4.538516	10.00	0.07604723
-2.114562	10.00	-3.14674	0	0.00	0.06617681	-4.489636	10.00	0.07513753
-2.114562	10.00	-3.080745	0	0.00	0.06599561	-4.440578	10.00	0.07427759
-2.114562	10.00	-3.014643	0	0.00	0.06610178	-4.391396	10.00	0.07360291
-2.114562	10.00	-2.948513	0	0.00	0.06613009	-4.342142	10.00	0.07309017
-2.114562	10.00	-2.882564	0	0.00	0.0659489	-4.292616	10.00	0.07271607
-2.114562	10.00	-2.816344	0	0.00	0.06621927	-4.243213	10.00	0.07243653
-2.114562	10.00	-2.750375	0	0.00	0.06597013	-4.19355	10.00	0.0722882
-2.114562	10.00	-2.684155	0	0.00	0.06621927	-4.143994	10.00	0.07214071
-2.114562	10.00	-2.618078	0	0.00	0.06607772	-4.094226	10.00	0.07199236
-2.114562	10.00	-2.551717	0	0.00	0.06636083	-4.044658	10.00	0.07184465
-2.114562	10.00	-2.485623	0	0.00	0.06609329	-3.995034	10.00	0.07169685
-2.114562	10.00	-2.419455	0	0.00	0.06616832	-3.945516	10.00	0.0715493
-2.114562	10.00	-2.353427	0	0.00	0.06602817	-3.89583	10.00	0.07140121
-2.114562	10.00	-2.287175	0	0.00	0.06625183	-3.846385	10.00	0.07125387
-2.114562	10.00	-2.221246	0	0.00	0.06592908	-3.796813	10.00	0.07110625
-2.114562	10.00	-2.155147	0	0.00	0.06609895	-3.74698	10.00	0.07095777
-2.114562	10.00	-2.0887	0	0.00	0.06644718	-3.698071	10.00	0.07081195
-2.114562	10.00	-2.023484	0	0.00	0.06521563	-3.648342	10.00	0.07066389
-2.114562	10.00	-1.957176	0	0.00	0.06630845	-3.598713	10.00	0.07051602
-2.114562	10.00	-1.891002	0	0.00	0.06617398	-3.549456	10.00	0.07036921
-2.114562	10.00	-1.825322	0	0.00	0.06567994	-3.499509	10.00	0.07022042
-2.114562	10.00	-1.758723	0	0.00	0.06659865	-3.450155	10.00	0.07007342
-2.114562	10.00	-1.692914	0	0.00	0.06580876	-3.400351	10.00	0.06992496
-2.114562	10.00	-1.626505	0	0.00	0.06640896	-3.351041	10.00	0.06977804
-2.114562	10.00	-1.560756	0	0.00	0.0657493	-3.301502	10.00	0.06963047
-2.114562	10.00	-1.494701	0	0.00	0.06605507	-3.251936	10.00	0.06948279
-2.114562	10.00	-1.428609	0	0.00	0.06609187	-3.202278	10.00	0.06933483
-2.114562	10.00	-1.362396	0	0.00	0.06621361	-3.152725	10.00	0.06918725
-2.114562	10.00	-1.296322	0	0.00	0.06607347	-3.103074	10.00	0.06903929
-2.114562	10.00	-1.230117	0	0.00	0.06620511	-3.053524	10.00	0.06889158
-2.114562	10.00	-1.164048	0	0.00	0.06606922	-3.003989	10.00	0.06874406
-2.114562	10.00	-1.097998	0	0.00	0.0660494	-2.953907	10.00	0.06859488
-2.114562	10.00	-1.031219	0	0.00	0.06677984	-2.903609	10.00	0.06844498
-2.114562	10.00	-0.9641513	0	0.00	0.06706721	-2.854656	10.00	0.06829906
-2.114562	10.00	-0.8988777	0	0.00	0.06527366	-2.808242	10.00	0.0726296
-2.114562	10.00	-0.8326485	0	0.00	0.06622918	-2.761329	10.00	0.07770507
-2.114562	10.00	-0.764882	0	0.00	0.0677665	-2.717048	10.00	0.08282891
-2.114562	10.00	-0.7002864	0	0.00	0.06459561	-2.671536	10.00	0.08777065
-2.114562	10.00	-0.6341945	0	0.00	0.06609187	-2.624737	10.00	0.09283341
-2.114562	10.00	-0.5659439	0	0.00	0.06825063	-2.581891	10.00	0.09789149
-2.114562	10.00	-0.5027667	0	0.00	0.0631772	-2.536688	10.00	0.102689
-2.143744	10.00	-0.4361992	-0.02918271	0.00	0.0665675	-2.487068	10.00	0.1030849
-2.194596	10.00	-0.3682373	-0.05085211	0.00	0.06796185	-2.440592	10.00	0.1037699
-2.249734	10.00	-0.3044528	-0.05513783	0.00	0.06378448	-2.396957	10.00	0.1114608
-2.31398	10.00	-0.2382845	-0.06424621	0.00	0.06616832	-2.349998	10.00	0.1207056
-2.384943	10.00	-0.166628	-0.07096266	0.00	0.0716565	-2.311148	10.00	0.1300752
-2.445214	10.00	-0.106357	-0.06027102	0.00	0.06027102	-2.266472	10.00	0.1388338
-2.512668	10.00	-0.03890334	-0.06745366	0.00	0.06745366	-2.222692	10.00	0.1486734
-2.578509	10.00	0.02693798	-0.06584132	0.00	0.06584132	-2.179099	10.00	0.1589025
-2.643337	10.00	0.09176574	-0.06482776	0.00	0.06482776	-2.133755	10.00	0.1688689
-2.70956	10.00	0.1579892	-0.06622352	0.00	0.06622352	-2.087354	10.00	0.1781055
-2.776574	10.00	0.2250027	-0.06701341	0.00	0.06701341	-2.041321	10.00	0.1861243
-2.842407	10.00	0.2908355	-0.06583282	0.00	0.06583282	-1.994611	10.00	0.1927105
-2.908256	10.00	0.3566853	-0.06584981	0.00	0.06584981	-1.947568	10.00	0.1977201
-2.973925	10.00	0.4223539	-0.06566861	0.00	0.06566861	-1.899328	10.00	0.200896
-3.036522	10.00	0.4895018	-0.0625966	0.00	0.0671479	-1.851449	10.00	0.2033283
-3.092037	10.00	0.5559561	-0.05551529	0.00	0.06645426	-1.803973	10.00	0.2052165
-3.136054	10.00	0.6215765	-0.04401703	0.00	0.06562048	-1.754462	10.00	0.2077764
-3.167474	10.00	0.6887938	-0.03142012	0.00	0.06721725	-1.70454	10.00	0.2109129
-3.188204	10.00	0.7551249	-0.02072947	0.00	0.0663311	-1.65648	10.00	0.2127982
-3.188204	10.00	0.8189476	0	0.00	0.0638227	-1.606708	10.00	0.2130641
-3.188204	10.00	0.8859624	0	0.00	0.06701483	-1.556906	10.00	0.2143142
-3.188204	10.00	0.951171	0	0.00	0.06520855	-1.506142	10.00	0.214639
-3.188204	10.00	1.018091	0	0.00	0.06691998	-1.457248	10.00	0.2142911
-3.188204	10.00	1.082905	0	0.00	0.06481361	-1.407725	10.00	0.2135122
-3.188204	10.00	1.149145	0	0.00	0.0662405	-1.358115	10.00	0.2128692
-3.188204	10.00	1.21537	0	0.00	0.06622493	-1.308589	10.00	0.2123178
-3.188204	10.00	1.281427	0	0.00	0.06605648	-1.259124	10.00	0.2117677
-3.188204	10.00	1.347401	0	0.00	0.06597438	-1.209462	10.00	0.2112155
-3.188204	10.00	1.413639	0	0.00	0.06623767	-1.160019	10.00	0.2106658
-3.188204	10.00	1.479585	0	0.00	0.06594606	-1.110358	10.00	0.2101135
-3.188204	10.00	1.545821	0	0.00	0.06623626	-1.060798	10.00	0.2095624
-3.188204	10.00	1.611923	0	0.00	0.06610178	-1.011433	10.00	0.2090136
-3.188204	10.00	1.677764	0	0.00	0.06584132	-0.9616147	10.00	0.2084595
-3.188204	10.00	1.74421	0	0.00	0.06644577	-0.9124346	10.00	0.2079126
-3.188204	10.00	1.809805	0	0.00	0.065595	-0.8626931	10.00	0.2073595
-3.188204	10.00	1.876149	0	0.00	0.06634384	-0.8130154	10.00	0.2068071
-3.188204	10.00	1.942407	0	0.00	0.06625891	-0.7634995	10.00	0.2062564
-3.188204	10.00	2.00845	0	0.00	0.06604233	-0.7114304	10.00	0.2056775
-3.188204	10.00	2.077898	0	0.00	0.0694482	-0.6646976	10.00	0.2051578
-3.188204	10.00	2.140229	0	0.00	0.06233069	-0.6149951	10.00	0.2046051
-3.188204	10.00	2.20652	0	0.00	0.06629147	-0.5648642	10.00	0.2040475
-3.188204	10.00	2.273384	0	0.00	0.06686336	-0.5157815	10.00	0.2035018
-3.188204	10.00	2.338848	0	0.00	0.06546477	-0.4660261	10.00	0.2029485
-3.188204	10.00	2.40521	0	0.00	0.06636225	-0.4155012	10.00	0.2023866
-3.188204	10.00	2.472599	0	0.00	0.06738854	-0.3672328	10.00	0.2018499
-3.188204	10.00	2.536978	0	0.00	0.06437902	-0.3176589	10.00	0.2012986
-3.188204	10.00	2.603098	0	0.00	0.06612018	-0.2680011	10.00	0.2007465
-3.188204	10.00	2.66933	0	0.00	0.06623201	-0.2186255	10.00	0.2001975
-3.188204	10.00	2.735186	0	0.00	0.06585547	-0.1689253	10.00	0.1996447
-3.188204	10.00	2.801474	0	0.00	0.06628864	-0.119448	10.00	0.1990945
-3.188204	10.00	2.867466	0	0.00	0.06599136	-0.06982635	10.00	0.1985427
-3.188204	10.00	2.93365	0	0.00	0.06618389	-0.0203013	10.00	0.197992
-3.188204	10.00	2.999705	0	0.00	0.06605507	0.02907955	10.00	0.1974429
-3.188204	10.00	3.065567	0	0.00	0.06586255	0.07675358	10.00	0.2000889
-3.188204	10.00	3.131949	0	0.00	0.06638207	0.1227062	10.00	0.2047343
-3.188204	10.00	3.197771	0	0.00	0.0658215	0.168652	10.00	0.2093292
-3.188204	10.00	3.263741	0	0.00	0.06597013	0.214761	10.00	0.2138911
-3.188204	10.00	3.330148	0	0.00	0.06640755	0.2605865	10.00	0.2184354
-3.188204	10.00	3.396426	0	0.00	0.06627731	0.3058863	10.00	0.2229209
-3.188204	10.00	3.462225	0	0.00	0.06579885	0.351317	10.00	0.2273211
-3.188204	10.00	3.528434	0	0.00	0.06620936	0.3991207	10.00	0.2316899
-3.188204	10.00	3.598204	0	0.00	0.06976954	0.4410373	10.00	0.2361824
-3.188204	10.00	3.660378	0	0.00	0.06217497	0.4863617	10.00	0.2401196
-3.188204	10.00	3.727095	0	0.00	0.06671614	0.5313219	10.00	0.2442199
-3.188204	10.00	3.793849	0	0.00	0.06675436	0.5748123	10.00	0.2481835
-3.188204	10.00	3.85883	0	0.00	0.06498064	0.6193624	10.00	0.2518867
-3.188204	10.00	3.925442	0	0.00	0.0666128	0.6630595	10.00	0.2554908
-3.188204	10.00	3.99118	0	0.00	0.06573798	0.7069301	10.00	0.258822
-3.188204	10.00	4.057332	0	0.00	0.06615133	0.7506673	10.00	0.262051
-3.188204	10.00	4.123237	0	0.00	0.06590501	0.7953689	10.00	0.2650918
-3.188204	10.00	4.190501	0	0.00	0.06726397	0.8390761	10.00	0.2679921
-3.188204	10.00	4.256409	0	0.00	0.06590784	0.8828714	10.00	0.270641
-3.188204	10.00	4.322304	0	0.00	0.0658951	0.9271712	10.00	0.2730925
-3.188204	10.00	4.388819	0	0.00	0.06651513	0.9706289	10.00	0.275475
-3.188204	10.00	4.453911	0	0.00	0.06509247	1.014947	10.00	0.2777652
-3.188204	10.00	4.51991	0	0.00	0.06599844	1.059527	10.00	0.2800368
-3.188204	10.00	4.586071	0	0.00	0.06616124	1.104218	10.00	0.2822811
-3.188204	10.00	4.652153	0	0.00	0.06608196	1.149428	10.00	0.2845172
-3.188204	10.00	4.71873	0	0.00	0.06657741	1.195542	10.00	0.2867822
-3.188204	10.00	4.786379	0	0.00	0.06764901	1.240343	10.00	0.2890179
-3.188204	10.00	4.851949	0	0.00	0.06556953	1.286351	10.00	0.2912912
-3.188204	10.00	4.918985	0	0.00	0.06703606	1.330189	10.00	0.2931553
-3.188204	10.00	4.982759	0	0.00	0.06377457	1.375772	10.00	0.2950829
-3.188204	10.00	5.048764	0	0.00	0.0660041	1.421311	10.00	0.2968245
-3.188204	10.00	5.114571	0	0.00	0.06580734	1.466512	10.00	0.2983178
-3.188204	10.00	5.179894	0	0.00	0.06532321	1.513049	10.00	0.2997233
-3.188204	10.00	5.247146	0	0.00	0.06725123	1.558447	10.00	0.301183
-3.188204	10.00	5.312746	0	0.00	0.06560066	1.606134	10.00	0.302554
-3.188204	10.00	5.381651	0	0.00	0.06890462	1.649297	10.00	0.3036197
-3.188204	10.00	5.444026	0	0.00	0.06237457	1.69533	10.00	0.3045756
-3.188204	10.00	5.510539	0	0.00	0.06651372	1.741754	10.00	0.3053259
-3.184777	10.00	5.577621	0.00342633	0.00	0.06708136	1.787807	10.00	0.3057584
-3.180151	10.00	5.643301	0.004626692	0.00	0.06567994	1.833805	10.00	0.3060274
-3.174199	10.00	5.709566	0.005951268	0.00	0.06626599	1.879491	10.00	0.3060554
-3.167634	10.00	5.77555	0.006564887	0.00	0.06598429	1.925156	10.00	0.3058109
-3.159785	10.00	5.841588	0.007849117	0.00	0.06603808	1.970704	10.00	0.3052408
-3.149997	10.00	5.907764	0.009787744	0.00	0.06617539	2.015719	10.00	0.3042449
-3.14024	10.00	5.973733	0.009757175	0.00	0.06596871	2.061493	10.00	0.3032136
-3.129159	10.00	6.03998	0.01108136	0.00	0.06624758	2.106357	10.00	0.3017502
-3.1175	10.00	6.105865	0.0116587	0.00	0.0658852	2.152919	10.00	0.3003562
-3.103744	10.00	6.172643	0.01375629	0.00	0.06677701	2.199488	10.00	0.2991999
-3.089594	10.00	6.238249	0.01415038	0.00	0.06560633	2.247549	10.00	0.29846
-3.074002	10.00	6.304582	0.01559159	0.00	0.06633252	2.295079	10.00	0.2976243
-3.056628	10.00	6.370366	0.01737378	0.00	0.06578469	2.342675	10.00	0.2966436
-3.038559	10.00	6.436363	0.0180689	0.00	0.06599703	2.390657	10.00	0.2955465
-3.019749	10.00	6.50272	0.01880987	0.00	0.06635658	2.438595	10.00	0.2944168
-3.001661	10.00	6.568788	0.01808828	0.00	0.06606781	2.486652	10.00	0.2932729
-2.983591	10.00	6.634789	0.01807007	0.00	0.06600127	2.535056	10.00	0.292134
-2.965454	10.00	6.701036	0.0181375	0.00	0.06624758	2.58349	10.00	0.2910264
-2.947367	10.00	6.767098	0.01808673	0.00	0.06606214	2.632293	10.00	0.2899518
-2.929204	10.00	6.833438	0.01816269	0.00	0.0663396	2.680788	10.00	0.288925
-2.911216	10.00	6.899139	0.0179879	0.00	0.06570117	2.730109	10.00	0.2879221
-2.892983	10.00	6.965735	0.01823284	0.00	0.06659582	2.780188	10.00	0.2869461
-2.874532	10.00	7.033129	0.01845143	0.00	0.0673942	2.828132	10.00	0.2860527
-2.856927	10.00	7.097431	0.01760461	0.00	0.06430117	2.87747	10.00	0.2851734
-2.838869	10.00	7.163389	0.01805844	0.00	0.06595881	2.927195	10.00	0.2843134
-2.820707	10.00	7.229727	0.01816231	0.00	0.06633818	2.976601	10.00	0.2834589
-2.802661	10.00	7.29564	0.01804565	0.00	0.06591209	3.026111	10.00	0.2826027
-2.784577	10.00	7.361691	0.01808363	0.00	0.06605082	3.07571	10.00	0.2817447
-2.766461	10.00	7.427862	0.01811657	0.00	0.06617115	3.125183	10.00	0.2808891
-2.748391	10.00	7.493863	0.01807007	0.00	0.06600127	3.175004	10.00	0.2800274
-2.730193	10.00	7.56033	0.01819758	0.00	0.066467	3.223982	10.00	0.2791804
-2.712304	10.00	7.625671	0.01788946	0.00	0.06534161	3.273902	10.00	0.278317
-2.69407	10.00	7.692269	0.01823323	0.00	0.06659723	3.323392	10.00	0.2774611
-2.675994	10.00	7.758294	0.01807665	0.00	0.06602534	3.373044	10.00	0.2766022
-2.657858	10.00	7.824534	0.01813556	0.00	0.0662405	3.422593	10.00	0.2757454
-2.63976	10.00	7.890638	0.01809797	0.00	0.0661032	3.471975	10.00	0.2748913
-2.621723	10.00	7.956519	0.01803712	0.00	0.06588095	3.521981	10.00	0.2740264
-2.603458	10.00	8.023232	0.01826501	0.00	0.06671331	3.571206	10.00	0.273175
-2.585478	10.00	8.088903	0.01797976	0.00	0.06567144	3.620618	10.00	0.2723205
-2.56743	10.00	8.154824	0.01804797	0.00	0.06592058	3.671013	10.00	0.2714489
-2.549024	10.00	8.222055	0.01840686	0.00	0.06723141	3.720479	10.00	0.2705933
-2.530956	10.00	8.288048	0.01806774	0.00	0.06599278	3.771407	10.00	0.2697126
-2.512354	10.00	8.35599	0.01860141	0.00	0.06794203	3.819191	10.00	0.2688861
-2.494901	10.00	8.41974	0.01745345	0.00	0.06374909	3.868383	10.00	0.2680354
-2.476933	10.00	8.485367	0.01796775	0.00	0.06562756	3.917983	10.00	0.2671776
-2.458817	10.00	8.551538	0.01811657	0.00	0.06617115	3.96742	10.00	0.2664175
-2.44076	10.00	8.61749	0.0180565	0.00	0.06595173	4.016831	10.00	0.265658
-2.422713	10.00	8.683408	0.0180472	0.00	0.06591775	4.066604	10.00	0.264893
-2.404534	10.00	8.749808	0.01817936	0.00	0.06640047	4.116382	10.00	0.2641279
-2.386352	10.00	8.816216	0.0181813	0.00	0.06640755	4.165841	10.00	0.2633677
-2.368288	10.00	8.882197	0.01806464	0.00	0.06598146	4.215388	10.00	0.2626062
-2.350191	10.00	8.948296	0.01809681	0.00	0.06609895	4.265199	10.00	0.2618406
-2.331997	10.00	9.014748	0.01819331	0.00	0.06645143	4.314525	10.00	0.2610824
-2.313981	10.00	9.080552	0.01801619	0.00	0.06580451	4.363868	10.00	0.2603241
-2.295959	10.00	9.146379	0.0180224	0.00	0.06582716	4.413981	10.00	0.2595538
-2.277656	10.00	9.213232	0.01830338	0.00	0.06685345	4.463634	10.00	0.2587905
-2.25952	10.00	9.279473	0.01813556	0.00	0.0662405	4.512555	10.00	0.2580387
-2.241652	10.00	9.344737	0.01786815	0.00	0.06526376	4.562687	10.00	0.2572682
-2.223341	10.00	9.411617	0.01831074	0.00	0.06688035	4.611733	10.00	0.2565145
-2.205427	10.00	9.477048	0.01791388	0.00	0.0654308	4.661643	10.00	0.2557472
-2.187198	10.00	9.543631	0.01822935	0.00	0.06658307	4.711473	10.00	0.2549813
-2.168998	10.00	9.610107	0.01820029	0.00	0.06647691	4.760328	10.00	0.2542305
-2.151153	10.00	9.675283	0.01784412	0.00	0.065176	4.810393	10.00	0.2534609
-2.132868	10.00	9.742074	0.01828594	0.00	0.06678975	4.859776	10.00	0.2527019
-2.11483	10.00	9.807955	0.01803712	0.00	0.06588095	4.909693	10.00	0.2519346
-2.096599	10.00	9.874546	0.01823168	0.00	0.06659157	4.958643	10.00	0.2511823
-2.07872	10.00	9.93985	0.017879	0.00	0.06530339	5.008119	10.00	0.250422
-2.060649	10.00	10.00585	0.01807084	0.00	0.0660041	5.057521	10.00	0.2496626
-2.042605	10.00	10.07176	0.0180441	0.00	0.06590643	5.107048	10.00	0.2489016
-2.024516	10.00	10.13783	0.01808906	0.00	0.06607064	5.156528	10.00	0.248141
-2.006443	10.00	10.20384	0.01807239	0.00	0.06600977	5.206536	10.00	0.2473724
-1.988178	10.00	10.27056	0.0182654	0.00	0.06671473	5.255785	10.00	0.2466154
-1.97019	10.00	10.33626	0.0179879	0.00	0.06570117	5.305068	10.00	0.2458579
-1.952189	10.00	10.402	0.01800069	0.00	0.06574789	5.354619	10.00	0.2450963
-1.934091	10.00	10.46811	0.01809836	0.00	0.06610461	5.404158	10.00	0.2443349
-1.915997	10.00	10.5342	0.01809371	0.00	0.06608763	5.453987	10.00	0.243569
-1.897797	10.00	10.60067	0.0181999	0.00	0.0664755	5.503095	10.00	0.2428142
-1.879861	10.00	10.66619	0.01793675	0.00	0.06551432	5.553021	10.00	0.2420469
-1.861625	10.00	10.73279	0.01823517	0.00	0.06660431	5.602053	10.00	0.2412932
-1.843717	10.00	10.7982	0.01790884	0.00	0.06541239	5.651886	10.00	0.2405272
-1.825516	10.00	10.86468	0.01820106	0.00	0.06647974	5.701548	10.00	0.239764
-1.807377	10.00	10.93093	0.01813866	0.00	0.06625183	5.750849	10.00	0.2390062
-1.78937	10.00	10.99671	0.01800728	0.00	0.06577195	5.800356	10.00	0.2382453
-1.771287	10.00	11.06275	0.01808208	0.00	0.06604516	5.849924	10.00	0.2374835
-1.753183	10.00	11.12888	0.01810456	0.00	0.06612726	5.899558	10.00	0.2367205
-1.735054	10.00	11.19509	0.01812859	0.00	0.06621502	5.949019	10.00	0.2359603
-1.716989	10.00	11.26108	0.0180658	0.00	0.0659857	5.998525	10.00	0.2351995
-1.698907	10.00	11.32712	0.01808169	0.00	0.06604374	6.048409	10.00	0.2344328
-1.680687	10.00	11.39367	0.01822005	0.00	0.0665491	6.097412	10.00	0.2336796
-1.662789	10.00	11.45905	0.01789799	0.00	0.06537276	6.147515	10.00	0.2329094
-1.644489	10.00	11.52589	0.01829989	0.00	0.06684071	6.197319	10.00	0.2321441
-1.626298	10.00	11.59233	0.01819099	0.00	0.06644294	6.246444	10.00	0.231389
-1.608355	10.00	11.65786	0.01794256	0.00	0.06553555	6.295947	10.00	0.2306281
-1.590275	10.00	11.7239	0.01808053	0.00	0.0660395	6.345446	10.00	0.2298673
-1.572195	10.00	11.78994	0.01807937	0.00	0.06603525	6.394842	10.00	0.2291082
-1.554153	10.00	11.85584	0.01804216	0.00	0.06589935	6.444436	10.00	0.2283458
-1.536039	10.00	11.922	0.01811386	0.00	0.06616124	6.494033	10.00	0.2275835
-1.517925	10.00	11.98816	0.01811464	0.00	0.06616407	6.543799	10.00	0.2268186
-1.499748	10.00	12.05456	0.01817703	0.00	0.06639197	6.593338	10.00	0.2260572
-1.481654	10.00	12.12064	0.01809409	0.00	0.06608904	6.642627	10.00	0.2252996
-1.463651	10.00	12.1864	0.01800263	0.00	0.06575496	6.692336	10.00	0.2245357
-1.445495	10.00	12.25271	0.01815572	0.00	0.06631412	6.741726	10.00	0.2237765
-1.427456	10.00	12.3186	0.01803984	0.00	0.06589086	6.792124	10.00	0.2230019
-1.409048	10.00	12.38584	0.01840763	0.00	0.06723424	6.841334	10.00	0.2222455
-1.391074	10.00	12.45149	0.01797395	0.00	0.06565021	6.890831	10.00	0.2214848
-1.372996	10.00	12.51752	0.0180782	0.00	0.066031	6.940257	10.00	0.2207252
-1.354943	10.00	12.58346	0.01805262	0.00	0.06593757	6.989443	10.00	0.2199693
-1.336978	10.00	12.64908	0.01796504	0.00	0.06561765	7.039105	10.00	0.2192059
-1.318839	10.00	12.71533	0.01813866	0.00	0.06625183	7.088604	10.00	0.2184451
-1.30076	10.00	12.78136	0.01807976	0.00	0.06603666	7.138006	10.00	0.2176857
-1.282716	10.00	12.84727	0.01804371	0.00	0.06590501	7.187951	10.00	0.2169181
-1.264474	10.00	12.9139	0.01824214	0.00	0.06662979	7.236961	10.00	0.2161649
-1.246573	10.00	12.97928	0.0179007	0.00	0.06538267	7.286932	10.00	0.2153969
-1.228322	10.00	13.04595	0.01825145	0.00	0.06666376	7.336622	10.00	0.2146331
-1.210173	10.00	13.11224	0.01814913	0.00	0.06629005	7.385769	10.00	0.2138777
-1.192221	10.00	13.1778	0.01795109	0.00	0.0655667	7.435463	10.00	0.2131139
-1.174071	10.00	13.2441	0.01815068	0.00	0.06629571	7.486248	10.00	0.2123334
-1.155522	10.00	13.31185	0.01854909	0.00	0.06775093	7.53465	10.00	0.2115894
-1.137843	10.00	13.37642	0.01767824	0.00	0.06457013	7.584685	10.00	0.2108204
-1.118276	10.00	13.44317	0.01956775	0.00	0.06675012	7.633395	10.00	0.2100717
-1.098597	10.00	13.50815	0.01967909	0.00	0.06498347	7.683603	10.00	0.2093001
-1.078313	10.00	13.57513	0.02028396	0.00	0.06698085	7.733078	10.00	0.2085396
-1.057686	10.00	13.64114	0.02062684	0.00	0.06600269	7.7839	10.00	0.2077585
-1.036497	10.00	13.70894	0.02118867	0.00	0.06780047	7.831813	10.00	0.2070221
-1.016521	10.00	13.77286	0.01997609	0.00	0.06392038	7.881813	10.00	0.2062536
-0.9943839	10.00	13.83827	0.02213711	0.00	0.06541025	7.931406	10.00	0.2054913
-0.9717856	10.00	13.90187	0.02259828	0.00	0.06359871	7.981028	10.00	0.2047288
-0.9472518	10.00	13.96165	0.02453382	0.00	0.05978816	8.030198	10.00	0.203973
-0.9223052	10.00	14.01645	0.02494655	0.00	0.05479984	8.080038	10.00	0.2032069
-0.8950881	10.00	14.0662	0.02721714	0.00	0.04975055	8.129656	10.00	0.2024442
-0.8667101	10.00	14.11381	0.02837793	0.00	0.04760633	8.178553	10.00	0.2016928
-0.8381139	10.00	14.16009	0.02859626	0.00	0.04628141	8.228408	10.00	0.2009264
-0.8089554	10.00	14.206	0.0291585	0.00	0.04590331	8.277843	10.00	0.2001667
-0.7794053	10.00	14.25087	0.02955009	0.00	0.0448759	8.328944	10.00	0.1993813
-0.7481986	10.00	14.29726	0.03120666	0.00	0.04638917	8.37681	10.00	0.1986456
-0.7183494	10.00	14.34071	0.02984925	0.00	0.04345222	8.427155	10.00	0.1978717
-0.6869544	10.00	14.38641	0.03139498	0.00	0.04570237	8.478019	10.00	0.1970899
-0.6552352	10.00	14.43259	0.03171921	0.00	0.04617437	8.526147	10.00	0.1963503
-0.6233588	10.00	14.47628	0.03187639	0.00	0.04368822	8.575085	10.00	0.1955982
-0.5903119	10.00	14.5207	0.03304692	0.00	0.04442606	8.624323	10.00	0.1948414
-0.5570629	10.00	14.5654	0.03324899	0.00	0.0446977	8.674336	10.00	0.1940726
-0.5232902	10.00	14.6108	0.03377277	0.00	0.04540184	8.723278	10.00	0.1933205
-0.4902411	10.00	14.65523	0.03304908	0.00	0.04442896	8.77364	10.00	0.1925464
-0.4562333	10.00	14.70095	0.03400779	0.00	0.04571778	8.822414	10.00	0.1917968
-0.4232974	10.00	14.74523	0.03293587	0.00	0.04427676	8.872298	10.00	0.19103
-0.389612	10.00	14.79051	0.03368535	0.00	0.04528432	8.922941	10.00	0.1902516
-0.3554151	10.00	14.83648	0.03419695	0.00	0.04597208	8.971376	10.00	0.1895071
-0.3227071	10.00	14.88045	0.03270801	0.00	0.04397045	9.020691	10.00	0.1887492
-0.2894072	10.00	14.92522	0.03329986	0.00	0.04476609	9.070124	10.00	0.1879895
-0.2560264	10.00	14.97009	0.03338083	0.00	0.04487494	9.119933	10.00	0.1872239
-0.2223919	10.00	15.01531	0.03363448	0.00	0.04521593	9.16916	10.00	0.1864673
-0.1891501	10.00	15.06445	0.03324182	0.00	0.04913939	9.219151	10.00	0.1856989
-0.1624959	10.00	15.12598	0.02665423	0.00	0.0615259	9.268491	10.00	0.1849406
-0.1381016	10.00	15.18925	0.02439427	0.00	0.06327213	9.320114	10.00	0.1841472
-0.1159121	10.00	15.25745	0.02218953	0.00	0.06820238	9.3673	10.00	0.1834219
-0.09623946	10.00	15.3204	0.01967261	0.00	0.06294929	9.416842	10.00	0.1826604
-0.07558431	10.00	15.38649	0.02065515	0.00	0.06609329	9.466515	10.00	0.1818969
-0.05487562	10.00	15.45276	0.02070868	0.00	0.06626457	9.515959	10.00	0.181137
-0.03553901	10.00	15.51872	0.01933661	0.00	0.06596164	9.565812	10.00	0.1803707
-0.01668621	10.00	15.58523	0.0188528	0.00	0.06650805	9.615451	10.00	0.1796079
-0.003685449	10.00	15.65145	0.01300076	0.00	0.0662221	9.664728	10.00	0.1788504
0.006037808	10.00	15.71719	0.009723257	0.00	0.06573939	9.714374	10.00	0.1780874
0.0119859	10.00	15.78342	0.005948089	0.00	0.0662306	9.764246	10.00	0.1773209
0.01667272	10.00	15.84995	0.004686821	0.00	0.06653353	9.813581	10.00	0.1765626
0.01939718	10.00	15.91577	0.002724462	0.00	0.06581725	9.862636	10.00	0.1758087
0.0214724	10.00	15.98121	0.00207522	0.00	0.06544071	9.914562	10.00	0.1750105
0.0214724	10.00	16.05049	0	0.00	0.06927551	9.962421	10.00	0.174275
0.0214724	10.00	16.11433	0	0.00	0.06384535	10.0122	10.00	0.1735099
0.0214724	10.00	16.18073	0	0.00	0.06640188	10.06611	10.00	0.1726813
0.0214724	10.00	16.25266	0	0.00	0.07192829	10.1106	10.00	0.1719973
0.0214724	10.00	16.31202	0	0.00	0.05935656	10.16018	10.00	0.1712354
0.0214724	10.00	16.37816	0	0.00	0.06613859	10.20983	10.00	0.1704723
0.0214724	10.00	16.44439	0	0.00	0.06623201	10.2593	10.00	0.169712
0.0214724	10.00	16.51038	0	0.00	0.0659942	10.30877	10.00	0.1689517
0.0214724	10.00	16.57638	0	0.00	0.06599844	10.3583	10.00	0.1681904
0.0214724	10.00	16.64245	0	0.00	0.06607347	10.40791	10.00	0.1674279
0.0214724	10.00	16.70864	0	0.00	0.06618813	10.45742	10.00	0.1666668
0.0214724	10.00	16.77469	0	0.00	0.06605082	10.50684	10.00	0.1659074
0.0214724	10.00	16.84062	0	0.00	0.06592625	10.55645	10.00	0.1651448
0.0214724	10.00	16.90681	0	0.00	0.0661938	10.60618	10.00	0.1643804
0.0214724	10.00	16.97315	0	0.00	0.06633677	10.65572	10.00	0.163619
0.0214724	10.00	17.03924	0	0.00	0.06609046	10.70538	10.00	0.1628558
0.0214724	10.00	17.10549	0	0.00	0.06624758	10.75665	10.00	0.1620677
0.0214724	10.00	17.17389	0	0.00	0.06840351	10.80426	10.00	0.161336
0.0214724	10.00	17.2374	0	0.00	0.06350703	10.8539	10.00	0.1605732
0.0214724	10.00	17.30362	0	0.00	0.06622069	10.9033	10.00	0.1598138
0.0214724	10.00	17.36953	0	0.00	0.06591067	10.95278	10.00	0.1590533
0.0214724	10.00	17.43554	0	0.00	0.06600977	11.00225	10.00	0.1582929
0.0214724	10.00	17.50154	0	0.00	0.06599703	11.05167	10.00	0.1575334
0.0214724	10.00	17.56746	0	0.00	0.06592766	11.10143	10.00	0.1567685
0.0214724	10.00	17.63385	0	0.00	0.0663849	11.15083	10.00	0.1560094
0.0214724	10.00	17.69975	0	0.00	0.06589652	11.20072	10.00	0.1552424
0.0214724	10.00	17.76631	0	0.00	0.06656467	11.25041	10.00	0.1544787
0.0214724	10.00	17.8326	0	0.00	0.06629005	11.29973	10.00	0.1537206
0.0214724	10.00	17.8984	0	0.00	0.06579743	11.34882	10.00	0.1529661
0.0214724	10.00	17.96389	0	0.00	0.06549025	11.39868	10.00	0.1521998
0.0214724	10.00	18.0304	0	0.00	0.06651089	11.44817	10.00	0.1514392
0.0214724	10.00	18.09642	0	0.00	0.06601968	11.49832	10.00	0.1506684
0.0214724	10.00	18.16332	0	0.00	0.066903	11.54843	10.00	0.1498981
0.0214724	10.00	18.23018	0	0.00	0.06685203	11.59726	10.00	0.1491477
0.0214724	10.00	18.29532	0	0.00	0.06514485	11.64713	10.00	0.1483812
0.0214724	10.00	18.36185	0	0.00	0.06652928	11.69656	10.00	0.1476215
0.0214724	10.00	18.42779	0	0.00	0.06593757	11.7459	10.00	0.1468631
0.0214724	10.00	18.49361	0	0.00	0.06582858	11.79534	10.00	0.1461032
0.0214724	10.00	18.55957	0	0.00	0.06595881	11.84522	10.00	0.1453366
0.0214724	10.00	18.62612	0	0.00	0.06654768	11.89625	10.00	0.1445523
0.0214724	10.00	18.69419	0	0.00	0.06806802	11.94436	10.00	0.1438128
0.0214724	10.00	18.75837	0	0.00	0.06418226	11.99386	10.00	0.143052
0.0214724	10.00	18.82441	0	0.00	0.06604091	12.04506	10.00	0.1422651
0.0214724	10.00	18.89271	0	0.00	0.06829593	12.09263	10.00	0.1415339
0.0214724	10.00	18.95617	0	0.00	0.06346598	12.14249	10.00	0.1407676
0.0214724	10.00	19.02269	0	0.00	0.06651937	12.19182	10.00	0.1400094
0.0214724	10.00	19.0885	0	0.00	0.06581017	12.24101	10.00	0.1392534
0.0214724	10.00	19.15413	0	0.00	0.06562048	12.29067	10.00	0.1384902
0.0214724	10.00	19.22038	0	0.00	0.06625041	12.33997	10.00	0.1377323
0.0214724	10.00	19.28615	0	0.00	0.0657762	12.38933	10.00	0.1369737
0.0214724	10.00	19.352	0	0.00	0.06584698	12.4388	10.00	0.1362134
0.0214724	10.00	19.41799	0	0.00	0.06599561	12.48878	10.00	0.1354452
0.0214724	10.00	19.48466	0	0.00	0.06666943	12.5382	10.00	0.1346855
0.0214724	10.00	19.5506	0	0.00	0.06593757	12.58758	10.00	0.1339266
0.0214724	10.00	19.61647	0	0.00	0.06586963	12.63727	10.00	0.1331629
0.0214724	10.00	19.68276	0	0.00	0.0662943	12.68681	10.00	0.1324013
0.0214724	10.00	19.74886	0	0.00	0.06609046	12.73602	10.00	0.131645
0.0214724	10.00	19.81451	0	0.00	0.06565163	12.78595	10.00	0.1308776
0.0214724	10.00	19.88111	0	0.00	0.06660714	12.83529	10.00	0.1301192
0.0214724	10.00	19.94694	0	0.00	0.06582858	12.88545	10.00	0.1293483
0.0214724	10.00	20.01386	0	0.00	0.06691432	12.93463	10.00	0.1285925
0.0214724	10.00	20.07946	0	0.00	0.06560208	12.98433	10.00	0.1278287
0.0214724	10.00	20.14576	0	0.00	0.06630279	13.03351	10.00	0.1270727
0.0214724	10.00	20.21138	0	0.00	0.06561482	13.08373	10.00	0.1263008
0.0214724	10.00	20.27837	0	0.00	0.06699501	13.13282	10.00	0.1255463
0.0214724	10.00	20.34386	0	0.00	0.06549308	13.18512	10.00	0.1247423
0.0214724	10.00	20.41364	0	0.00	0.06977379	13.2318	10.00	0.124025
0.0214724	10.00	20.4759	0	0.00	0.06226698	13.28118	10.00	0.123266
0.0214724	10.00	20.54178	0	0.00	0.06587529	13.33062	10.00	0.1225062
0.0214724	10.00	20.60774	0	0.00	0.06596022	13.3804	10.00	0.1217411
0.0214724	10.00	20.67414	0	0.00	0.06640188	13.42983	10.00	0.1209813
0.0214724	10.00	20.74009	0	0.00	0.0659489	13.47937	10.00	0.12022
0.0214724	10.00	20.80618	0	0.00	0.06608621	13.52876	10.00	0.1194607
0.0214724	10.00	20.87207	0	0.00	0.06589652	13.57847	10.00	0.1186967
0.0214724	10.00	20.93839	0	0.00	0.06630987	13.62786	10.00	0.1179377
0.0214724	10.00	21.00427	0	0.00	0.06589086	13.67808	10.00	0.1171658
0.0214724	10.00	21.07127	0	0.00	0.06699501	13.72709	10.00	0.1164125
0.0214724	10.00	21.13665	0	0.00	0.06538125	13.77698	10.00	0.1156456
0.0214724	10.00	21.20322	0	0.00	0.06656892	13.82644	10.00	0.1148856
0.0214724	10.00	21.26919	0	0.00	0.06597013	13.87623	10.00	0.1141202
0.0214724	10.00	21.33562	0	0.00	0.06643161	13.92538	10.00	0.1133647
0.0214724	10.00	21.40119	0	0.00	0.06557235	13.97473	10.00	0.1126062
0.0214724	10.00	21.46703	0	0.00	0.06583707	14.02435	10.00	0.1118437
0.0214724	10.00	21.53322	0	0.00	0.0661853	14.07384	10.00	0.1110829
0.0214724	10.00	21.59925	0	0.00	0.06603242	14.12385	10.00	0.1103142
0.0214724	10.00	21.66597	0	0.00	0.06671897	14.1735	10.00	0.1095512
0.0214724	10.00	21.7322	0	0.00	0.06623484	14.22258	10.00	0.1087968
0.0214724	10.00	21.79768	0	0.00	0.06547893	14.27223	10.00	0.1080337
0.0214724	10.00	21.86391	0	0.00	0.0662306	14.32213	10.00	0.1072667
0.0214724	10.00	21.93049	0	0.00	0.06657741	14.37105	10.00	0.1065148
0.0214724	10.00	21.99575	0	0.00	0.06526234	14.42056	10.00	0.1057539
0.0214724	10.00	22.06179	0	0.00	0.06604091	14.47026	10.00	0.10499
0.0214724	10.00	22.1281	0	0.00	0.06630845	14.51991	10.00	0.1042269
0.0214724	10.00	22.19433	0	0.00	0.06623201	14.56915	10.00	0.10347
0.0214724	10.00	22.26003	0	0.00	0.06569409	14.61886	10.00	0.1027061
0.0214724	10.00	22.32634	0	0.00	0.06631553	14.66827	10.00	0.1019465
0.0214724	10.00	22.39226	0	0.00	0.06591634	14.71795	10.00	0.101183
0.0214724	10.00	22.45853	0	0.00	0.06627306	14.7675	10.00	0.1004215
0.0214724	10.00	22.52464	0	0.00	0.0661032	14.81687	10.00	0.09966262
0.0214724	10.00	22.5905	0	0.00	0.0658668	14.86661	10.00	0.09889822
0.0214724	10.00	22.65685	0	0.00	0.06634809	14.91587	10.00	0.09814094
0.0214724	10.00	22.72258	0	0.00	0.06572524	14.96587	10.00	0.09737252
0.0214724	10.00	22.78927	0	0.00	0.06669774	15.01536	10.00	0.09661183
0.0214724	10.00	22.8553	0	0.00	0.06602675	15.06474	10.00	0.09585284
0.0214724	10.00	22.92118	0	0.00	0.06588237	15.11489	10.00	0.09508206
0.0214724	10.00	22.98808	0	0.00	0.06689875	15.16433	10.00	0.09432219
0.0214724	10.00	23.05404	0	0.00	0.06595739	15.21461	10.00	0.0935494
0.0214724	10.00	23.12111	0	0.00	0.06707004	15.26365	10.00	0.09279574
0.0214724	10.00	23.18653	0	0.00	0.06542089	15.31482	10.00	0.09200927
0.0214724	10.00	23.2548	0	0.00	0.06827044	15.36228	10.00	0.09127983
0.0214724	10.00	23.31811	0	0.00	0.06331027	15.41217	10.00	0.09051304
0.0214724	10.00	23.38467	0	0.00	0.06655901	15.46337	10.00	0.08972605
0.0214724	10.00	23.45298	0	0.00	0.06830867	15.51126	10.00	0.08899005
0.0214724	10.00	23.51686	0	0.00	0.06388074	15.56041	10.00	0.08823468
0.0214724	10.00	23.58243	0	0.00	0.06556811	15.61191	10.00	0.0874431
0.0214724	10.00	23.65113	0	0.00	0.06870503	15.65941	10.00	0.08671302
0.0214724	10.00	23.71451	0	0.00	0.06337396	15.7095	10.00	0.08594307
0.0214724	10.00	23.78133	0	0.00	0.06682514	15.76002	10.00	0.08516662
0.0214724	10.00	23.84872	0	0.00	0.06739137	15.80799	10.00	0.08442928
0.0214724	10.00	23.91273	0	0.00	0.06400389	15.85767	10.00	0.08366583
0.0214724	10.00	23.97899	0	0.00	0.06626599	15.90891	10.00	0.08287831
0.0214724	10.00	24.04735	0	0.00	0.0683568	15.95626	10.00	0.0821505
0.0214724	10.00	24.11052	0	0.00	0.06317012	16.0064	10.00	0.08137982
0.0214724	10.00	24.17741	0	0.00	0.06689167	16.05657	10.00	0.0806087
0.0214724	10.00	24.24434	0	0.00	0.06692989	16.1053	10.00	0.07985966
0.0214724	10.00	24.30936	0	0.00	0.06501603	16.15656	10.00	0.07907196
0.0214724	10.00	24.37773	0	0.00	0.0683752	16.20489	10.00	0.07832894
0.0214724	10.00	24.44221	0	0.00	0.06448378	16.2542	10.00	0.07757117
0.0214724	10.00	24.508	0	0.00	0.06578045	16.30351	10.00	0.07681324
0.0214724	10.00	24.57378	0	0.00	0.06578611	16.35297	10.00	0.07605305
0.0214724	10.00	24.63976	0	0.00	0.06598287	16.4022	10.00	0.07529631
0.0214724	10.00	24.70544	0	0.00	0.06567569	16.45176	10.00	0.07453474
0.0214724	10.00	24.77155	0	0.00	0.06610744	16.50142	10.00	0.07377133
0.0214724	10.00	24.83781	0	0.00	0.06625891	16.55111	10.00	0.07300764
0.0214724	10.00	24.9041	0	0.00	0.06628864	16.60083	10.00	0.0722436
0.0214724	10.00	24.97042	0	0.00	0.06632261	16.64997	10.00	0.07148819
0.0214724	10.00	25.03598	0	0.00	0.06556103	16.69997	10.00	0.07071979
0.0214724	10.00	25.10268	0	0.00	0.06670057	16.7527	10.00	0.06990928
0.0214724	10.00	25.17303	0	0.00	0.07035276	16.8002	10.00	0.06917926
0.0214724	10.00	25.2364	0	0.00	0.06336547	16.84836	10.00	0.06843902
0.0214724	10.00	25.30065	0	0.00	0.06424879	16.89773	10.00	0.06768021
0.0214724	10.00	25.36651	0	0.00	0.06586397	16.94745	10.00	0.06691608
0.0214724	10.00	25.43283	0	0.00	0.06632119	16.99707	10.00	0.06615334
0.0214724	10.00	25.49903	0	0.00	0.06619946	17.04658	10.00	0.06539248
0.0214724	10.00	25.56508	0	0.00	0.06604799	17.09604	10.00	0.06463223
0.0214724	10.00	25.63107	0	0.00	0.06598853	17.14553	10.00	0.06387162
0.0214724	10.00	25.69709	0	0.00	0.06601968	17.19535	10.00	0.06310578
0.0214724	10.00	25.76356	0	0.00	0.06646983	17.24469	10.00	0.06234743
0.0214724	10.00	25.82937	0	0.00	0.06581725	17.29407	10.00	0.06158849
0.0214724	10.00	25.89525	0	0.00	0.06587388	17.34359	10.00	0.06082749
0.0214724	10.00	25.96131	0	0.00	0.06606073	17.39319	10.00	0.06006503
0.0214724	10.00	26.02749	0	0.00	0.06617822	17.44264	10.00	0.05930497
0.0214724	10.00	26.09346	0	0.00	0.06596871	17.49216	10.00	0.05854396
0.0214724	10.00	26.15952	0	0.00	0.06605931	17.54204	10.00	0.05777718
0.0214724	10.00	26.22607	0	0.00	0.06655052	17.59307	10.00	0.05699299
0.0214724	10.00	26.29413	0	0.00	0.0680666	17.64076	10.00	0.05626003
0.0214724	10.00	26.35776	0	0.00	0.06362169	17.69063	10.00	0.05549343
0.0214724	10.00	26.42429	0	0.00	0.06653636	17.74254	10.00	0.05469562
0.0214724	10.00	26.49354	0	0.00	0.06924436	17.7894	10.00	0.05397531
19.57956
