0.03841177	10.00	-49.87709	0.03841177	0.00	0.1229117	-28.28002	10.00	28.28002
0.2043367	10.00	-49.32918	0.1659249	0.00	0.5479104	-28.27016	10.00	28.27078
0.2520937	10.00	-49.16627	0.04775703	0.00	0.1629103	-28.25969	10.00	28.26086
0.2814947	10.00	-49.06598	0.02940101	0.00	0.1002936	-28.24473	10.00	28.24609
0.3142056	10.00	-48.95439	0.03271086	0.00	0.1115843	-28.23373	10.00	28.23521
0.3329542	10.00	-48.89043	0.01874859	0.00	0.06395577	-28.20789	10.00	28.20942
0.3746693	10.00	-48.75695	0.04171509	0.00	0.1334818	-28.19214	10.00	28.19339
0.3973435	10.00	-48.69057	0.02267419	0.00	0.06638348	-28.15809	10.00	28.1587
0.4344239	10.00	-48.55976	0.03708043	0.00	0.1308106	-28.1378	10.00	28.13808
0.4525967	10.00	-48.49338	0.01817277	0.00	0.0663764	-28.09421	10.00	28.0937
0.486433	10.00	-48.36039	0.03383627	0.00	0.1329949	-28.06852	10.00	28.06768
0.5032561	10.00	-48.29165	0.01682318	0.00	0.06874041	-28.03971	10.00	28.03886
0.5209323	10.00	-48.21942	0.01767612	0.00	0.07222556	-27.9878	10.00	27.98738
0.5415516	10.00	-48.09615	0.02061934	0.00	0.1232684	-27.9566	10.00	27.95659
0.5503595	10.00	-48.02763	0.008807894	0.00	0.06852242	-27.92587	10.00	27.92619
0.5549583	10.00	-47.96424	0.00459887	0.00	0.06338855	-27.86301	10.00	27.86385
0.5553032	10.00	-47.86608	0.0003448774	0.00	0.09816439	-27.82873	10.00	27.82969
0.5553032	10.00	-47.81812	0	0.00	0.04795961	-27.79271	10.00	27.79373
0.5553032	10.00	-47.78114	0	0.00	0.0369747	-27.72482	10.00	27.7259
0.5553032	10.00	-47.77207	0	0.00	0.0090709	-27.68959	10.00	27.69066
0.5553032	10.00	-47.77207	0	0.00	0	-27.61978	10.00	27.62085
0.5553032	10.00	-47.77207	0	0.00	0	-27.58145	10.00	27.58251
0.5553032	10.00	-47.77207	0	0.00	0	-27.51105	10.00	27.51213
0.5553032	10.00	-47.77207	0	0.00	0	-27.47468	10.00	27.47575
0.5553032	10.00	-47.77207	0	0.00	0	-27.40927	10.00	27.41034
0.5553032	10.00	-47.77207	0	0.00	0	-27.36833	10.00	27.36939
0.5553032	10.00	-47.77207	0	0.00	0	-27.30378	10.00	27.30484
0.5553032	10.00	-47.77207	0	0.00	0	-27.2685	10.00	27.26956
0.5553032	10.00	-47.77207	0	0.00	0	-27.23069	10.00	27.23175
0.5553032	10.00	-47.77207	0	0.00	0	-27.16421	10.00	27.16527
0.5553032	10.00	-47.77207	0	0.00	0	-27.12887	10.00	27.12993
0.5553032	10.00	-47.77207	0	0.00	0	-27.05912	10.00	27.06018
0.5553032	10.00	-47.77207	0	0.00	0	-27.02392	10.00	27.02497
0.5553032	10.00	-47.77207	0	0.00	0	-26.95397	10.00	26.95502
0.5553032	10.00	-47.77207	0	0.00	0	-26.91882	10.00	26.91987
0.5553032	10.00	-47.77207	0	0.00	0	-26.84805	10.00	26.8491
0.5553032	10.00	-47.77207	0	0.00	0	-26.81363	10.00	26.81467
0.5553032	10.00	-47.77207	0	0.00	0	-26.77637	10.00	26.77742
0.5553032	10.00	-47.77207	0	0.00	0	-26.70859	10.00	26.70963
0.5553032	10.00	-47.75688	0	0.00	0.01519247	-26.67366	10.00	26.6747
0.5553032	10.00	-47.74777	0	0.00	0.009106081	-26.637	10.00	26.63804
0.5553032	10.00	-47.73019	0	0.00	0.01758639	-26.56785	10.00	26.5689
0.5553032	10.00	-47.66546	0	0.00	0.06472689	-26.52653	10.00	26.52757
0.5553032	10.00	-47.61847	0	0.00	0.0469964	-26.46167	10.00	26.46272
0.5419544	10.00	-47.49974	-0.01334882	0.00	0.1187187	-26.40142	10.00	26.40246
0.5130453	10.00	-47.38612	-0.02890908	0.00	0.1136284	-26.35569	10.00	26.35673
0.4902761	10.00	-47.2999	-0.02276926	0.00	0.0862143	-26.31178	10.00	26.31282
0.4692092	10.00	-47.2171	-0.02106686	0.00	0.08280417	-26.23655	10.00	26.23758
0.456468	10.00	-47.07523	-0.01274122	0.00	0.1418705	-26.20524	10.00	26.20627
0.4523086	10.00	-47.01618	-0.004159416	0.00	0.05904654	-26.14224	10.00	26.14328
0.4462413	10.00	-46.8974	-0.006067224	0.00	0.1187853	-26.07758	10.00	26.07861
0.4364714	10.00	-46.77546	-0.009769922	0.00	0.1219321	-26.04096	10.00	26.04199
0.4309389	10.00	-46.70642	-0.0055325	0.00	0.06904759	-25.97095	10.00	25.97198
0.4203627	10.00	-46.57442	-0.01057626	0.00	0.1319955	-25.93701	10.00	25.93805
0.4152353	10.00	-46.51043	-0.005127348	0.00	0.06399115	-25.90185	10.00	25.90288
0.4099217	10.00	-46.44411	-0.005313592	0.00	0.06631553	-25.86738	10.00	25.86841
0.4047132	10.00	-46.37911	-0.00520856	0.00	0.06500471	-25.79627	10.00	25.7973
0.3939701	10.00	-46.24503	-0.0107431	0.00	0.1340778	-25.76144	10.00	25.76247
0.3887067	10.00	-46.17934	-0.005263344	0.00	0.06568843	-25.72675	10.00	25.72778
0.3834655	10.00	-46.11393	-0.005241227	0.00	0.06541239	-25.6924	10.00	25.69343
0.3782769	10.00	-46.04918	-0.005188598	0.00	0.06475557	-25.65753	10.00	25.65855
0.3730074	10.00	-45.98341	-0.00526947	0.00	0.06576487	-25.62216	10.00	25.62318
0.3676628	10.00	-45.91671	-0.00534467	0.00	0.0667034	-25.55111	10.00	25.55213
0.3569282	10.00	-45.78273	-0.0107346	0.00	0.1339716	-25.51585	10.00	25.51686
0.3516007	10.00	-45.71625	-0.00532743	0.00	0.06648824	-25.48131	10.00	25.48233
0.3463843	10.00	-45.65115	-0.005216387	0.00	0.06510238	-25.44652	10.00	25.44754
0.3411274	10.00	-45.58554	-0.005256993	0.00	0.06560916	-25.41134	10.00	25.41235
0.3358095	10.00	-45.51917	-0.005317902	0.00	0.06636932	-25.37618	10.00	25.3772
0.3304972	10.00	-45.45287	-0.00531223	0.00	0.06629854	-25.30588	10.00	25.30689
0.319877	10.00	-45.32032	-0.01062026	0.00	0.1325447	-25.27026	10.00	25.27127
0.314495	10.00	-45.25315	-0.005381986	0.00	0.06716912	-25.23566	10.00	25.23668
0.3092676	10.00	-45.18791	-0.005227389	0.00	0.0652397	-25.20033	10.00	25.20133
0.3078	10.00	-45.12129	-0.001467603	0.00	0.06662271	-25.1305	10.00	25.1315
0.3078	10.00	-44.98962	0	0.00	0.1316741	-25.09599	10.00	25.097
0.3078	10.00	-44.92453	0	0.00	0.06508681	-25.06173	10.00	25.06274
0.3078	10.00	-44.85994	0	0.00	0.06458712	-25.02642	10.00	25.02743
0.3078	10.00	-44.79335	0	0.00	0.06659157	-24.99154	10.00	24.99255
0.3078	10.00	-44.72758	0	0.00	0.06577054	-24.95603	10.00	24.95704
0.3078	10.00	-44.66064	0	0.00	0.06694405	-24.88564	10.00	24.88665
0.3078	10.00	-44.52792	0	0.00	0.1327202	-24.85039	10.00	24.8514
0.3078	10.00	-44.46144	0	0.00	0.0664755	-24.81557	10.00	24.81658
0.3078	10.00	-44.39579	0	0.00	0.06565163	-24.78139	10.00	24.78239
0.3078	10.00	-44.33134	0	0.00	0.06445122	-24.7456	10.00	24.74661
0.3078	10.00	-44.26385	0	0.00	0.06748904	-24.71053	10.00	24.71153
0.3078	10.00	-44.19771	0	0.00	0.06614142	-24.63996	10.00	24.64096
0.3078	10.00	-44.06464	0	0.00	0.1330713	-24.60486	10.00	24.60585
0.3078	10.00	-43.99845	0	0.00	0.06618813	-24.57036	10.00	24.57136
0.3078	10.00	-43.9334	0	0.00	0.06505425	-24.53526	10.00	24.53626
0.3078	10.00	-43.86723	0	0.00	0.06616407	-24.50044	10.00	24.50144
0.3078	10.00	-43.80156	0	0.00	0.06567144	-24.42998	10.00	24.43098
0.3078	10.00	-43.66869	0	0.00	0.1328689	-24.39425	10.00	24.39524
0.3078	10.00	-43.60131	0	0.00	0.0673843	-24.36053	10.00	24.36152
0.3078	10.00	-43.53772	0	0.00	0.06358772	-24.32516	10.00	24.32616
0.3078	10.00	-43.47105	0	0.00	0.06666801	-24.29053	10.00	24.29152
0.3078	10.00	-43.40575	0	0.00	0.06530198	-24.25528	10.00	24.25627
0.3078	10.00	-43.33927	0	0.00	0.06648116	-24.18468	10.00	24.18567
0.3078	10.00	-43.20615	0	0.00	0.1331208	-24.14989	10.00	24.15089
0.3078	10.00	-43.14055	0	0.00	0.06559217	-24.11542	10.00	24.11642
0.3078	10.00	-43.07555	0	0.00	0.06500329	-24.07999	10.00	24.08098
0.3078	10.00	-43.00875	0	0.00	0.06680391	-24.04515	10.00	24.04614
0.3078	10.00	-42.94304	0	0.00	0.065704	-23.97435	10.00	23.97533
0.3078	10.00	-42.80953	0	0.00	0.1335101	-23.9393	10.00	23.94028
0.3078	10.00	-42.74343	0	0.00	0.06609612	-23.9044	10.00	23.90538
0.3078	10.00	-42.67762	0	0.00	0.06581159	-23.86984	10.00	23.87082
0.3078	10.00	-42.61246	0	0.00	0.06516042	-23.79837	10.00	23.79935
0.3078	10.00	-42.47772	0	0.00	0.1347459	-23.75916	10.00	23.76015
0.3078	10.00	-42.40379	0	0.00	0.07392851	-23.69265	10.00	23.69363
0.3078	10.00	-42.27837	0	0.00	0.1254244	-23.65901	10.00	23.65999
0.3078	10.00	-42.21492	0	0.00	0.06344616	-23.6158	10.00	23.61678
0.3078	10.00	-42.13346	0	0.00	0.08146362	-23.54985	10.00	23.55083
0.3078	10.00	-42.0091	0	0.00	0.1243556	-23.51489	10.00	23.51586
0.3078	10.00	-41.94316	0	0.00	0.0659404	-23.44761	10.00	23.44858
0.3078	10.00	-41.81629	0	0.00	0.1268711	-23.41395	10.00	23.41492
0.3078	10.00	-41.75282	0	0.00	0.06347305	-23.37923	10.00	23.3802
0.3078	10.00	-41.68736	0	0.00	0.06545769	-23.34407	10.00	23.34504
0.3078	10.00	-41.62106	0	0.00	0.0662943	-23.27332	10.00	23.2743
0.3078	10.00	-41.48766	0	0.00	0.1333983	-23.23763	10.00	23.2386
0.3078	10.00	-41.42033	0	0.00	0.06733333	-23.20301	10.00	23.20397
0.3078	10.00	-41.35507	0	0.00	0.06526517	-23.16895	10.00	23.16991
0.3078	10.00	-41.29084	0	0.00	0.06422897	-23.1339	10.00	23.13487
0.3078	10.00	-41.22475	0	0.00	0.06608196	-23.06201	10.00	23.06297
0.3078	10.00	-41.08919	0	0.00	0.1355698	-23.0269	10.00	23.02786
0.3078	10.00	-41.02299	0	0.00	0.0661938	-22.99184	10.00	22.9928
0.3078	10.00	-40.95689	0	0.00	0.06609895	-22.94853	10.00	22.94949
0.3078	10.00	-40.87523	0	0.00	0.08166747	-22.88794	10.00	22.8889
0.3078	10.00	-40.76096	0	0.00	0.1142682	-22.85317	10.00	22.85414
0.3078	10.00	-40.69542	0	0.00	0.0655398	-22.81788	10.00	22.81884
0.3078	10.00	-40.62886	0	0.00	0.06655901	-22.74761	10.00	22.74857
0.3078	10.00	-40.49636	0	0.00	0.1324952	-22.71214	10.00	22.71309
0.3078	10.00	-40.42946	0	0.00	0.06690441	-22.67844	10.00	22.67939
0.3078	10.00	-40.36591	0	0.00	0.06355091	-22.64305	10.00	22.644
0.3078	10.00	-40.29918	0	0.00	0.06672464	-22.60807	10.00	22.60903
0.3078	10.00	-40.23324	0	0.00	0.0659404	-22.5372	10.00	22.53815
0.3078	10.00	-40.09959	0	0.00	0.1336545	-22.50168	10.00	22.50263
0.3078	10.00	-40.03262	0	0.00	0.06696811	-22.46795	10.00	22.4689
0.3078	10.00	-39.96902	0	0.00	0.06359621	-22.43277	10.00	22.43372
0.3078	10.00	-39.90268	0	0.00	0.06634809	-22.39782	10.00	22.39877
0.3078	10.00	-39.83676	0	0.00	0.06591492	-22.32698	10.00	22.32793
0.3078	10.00	-39.70319	0	0.00	0.1335696	-22.29188	10.00	22.29282
0.3078	10.00	-39.63701	0	0.00	0.06618247	-22.25752	10.00	22.25847
0.3078	10.00	-39.57221	0	0.00	0.0647952	-22.22157	10.00	22.22251
0.3078	10.00	-39.50441	0	0.00	0.06779905	-22.152	10.00	22.15294
0.3078	10.00	-39.37325	0	0.00	0.1311688	-22.11739	10.00	22.11833
0.3078	10.00	-39.30798	0	0.00	0.06527083	-22.08219	10.00	22.08313
0.3078	10.00	-39.24161	0	0.00	0.06636366	-22.01167	10.00	22.01262
0.3078	10.00	-39.10863	0	0.00	0.1329821	-21.97708	10.00	21.97802
0.3078	10.00	-39.04342	0	0.00	0.0652128	-21.94219	10.00	21.94312
0.3078	10.00	-38.97761	0	0.00	0.06580734	-21.90715	10.00	21.90809
0.3078	10.00	-38.91154	0	0.00	0.06606498	-21.83661	10.00	21.83754
0.3078	10.00	-38.77853	0	0.00	0.1330175	-21.8008	10.00	21.80174
0.3078	10.00	-38.71101	0	0.00	0.06751169	-21.76645	10.00	21.76738
0.3078	10.00	-38.64622	0	0.00	0.06479945	-21.7316	10.00	21.73254
0.3078	10.00	-38.58054	0	0.00	0.06567994	-21.69681	10.00	21.69774
0.3078	10.00	-38.51492	0	0.00	0.06561907	-21.62577	10.00	21.6267
0.3078	10.00	-38.38096	0	0.00	0.1339589	-21.59075	10.00	21.59168
0.3078	10.00	-38.31493	0	0.00	0.06602534	-21.55626	10.00	21.55718
0.3078	10.00	-38.24989	0	0.00	0.06504717	-21.52136	10.00	21.52228
0.3078	10.00	-38.18407	0	0.00	0.065813	-21.48627	10.00	21.4872
0.3078	10.00	-38.11791	0	0.00	0.06615982	-21.41526	10.00	21.41618
0.3074434	10.00	-37.984	-0.0003565663	0.00	0.1339065	-21.38005	10.00	21.38098
0.3072667	10.00	-37.91764	-0.0001767245	0.00	0.06636791	-21.34657	10.00	21.34749
0.3070985	10.00	-37.85448	-0.0001681717	0.00	0.06315596	-21.3096	10.00	21.31052
0.306913	10.00	-37.78479	-0.0001855826	0.00	0.06969451	-21.23982	10.00	21.24074
0.3065626	10.00	-37.65321	-0.0003503808	0.00	0.1315835	-21.19757	10.00	21.19848
0.3063504	10.00	-37.57351	-0.0002122021	0.00	0.07969132	-21.13502	10.00	21.13594
0.3060363	10.00	-37.45558	-0.0003140324	0.00	0.1179331	-21.09491	10.00	21.09582
0.3058349	10.00	-37.37994	-0.0002014066	0.00	0.07563711	-21.02949	10.00	21.0304
0.3055064	10.00	-37.25658	-0.0003284994	0.00	0.1233661	-20.99348	10.00	20.99439
0.3053256	10.00	-37.18868	-0.0001807992	0.00	0.06789815	-20.92477	10.00	20.92569
0.3049807	10.00	-37.05914	-0.0003449377	0.00	0.1295394	-20.88963	10.00	20.89054
0.3048042	10.00	-36.99286	-0.000176487	0.00	0.06627873	-20.85563	10.00	20.85654
0.3046335	10.00	-36.92875	-0.0001707161	0.00	0.06411148	-20.82033	10.00	20.82124
0.3044562	10.00	-36.86218	-0.0001772485	0.00	0.06656467	-20.7795	10.00	20.78041
0.3042512	10.00	-36.78519	-0.0002050063	0.00	0.07698898	-20.71343	10.00	20.71434
0.3039195	10.00	-36.66062	-0.0003317222	0.00	0.1245764	-20.67915	10.00	20.68006
0.3037474	10.00	-36.59598	-0.0001721296	0.00	0.06464232	-20.64533	10.00	20.64623
0.3035775	10.00	-36.5322	-0.0001698265	0.00	0.0637774	-20.6103	10.00	20.6112
0.3034016	10.00	-36.46614	-0.0001759103	0.00	0.06606214	-20.53981	10.00	20.54071
0.3030477	10.00	-36.33323	-0.0003539202	0.00	0.1329128	-20.5048	10.00	20.5057
0.3028719	10.00	-36.2672	-0.0001757935	0.00	0.06601826	-20.46944	10.00	20.47034
0.3026944	10.00	-36.20054	-0.0001775199	0.00	0.0666666	-20.43485	10.00	20.43575
0.3025207	10.00	-36.13532	-0.0001736713	0.00	0.06522129	-20.36454	10.00	20.36544
0.3021677	10.00	-36.00273	-0.0003530532	0.00	0.1325872	-20.32989	10.00	20.3308
0.3019937	10.00	-35.9374	-0.0001739465	0.00	0.06532463	-20.29469	10.00	20.29558
0.3018169	10.00	-35.87101	-0.0001767999	0.00	0.06639622	-20.22362	10.00	20.22451
0.3014601	10.00	-35.737	-0.0003568302	0.00	0.1340056	-20.18845	10.00	20.18934
0.3012835	10.00	-35.67069	-0.00017657	0.00	0.06630987	-20.15455	10.00	20.15544
0.2973995	10.00	-35.60677	-0.003884067	0.00	0.06392463	-20.11941	10.00	20.12031
0.2888827	10.00	-35.54051	-0.00851676	0.00	0.06625749	-20.0844	10.00	20.08529
0.2727264	10.00	-35.47449	-0.01615628	0.00	0.06601543	-20.0137	10.00	20.01459
0.209112	10.00	-35.34117	-0.06361447	0.00	0.1333289	-19.97881	10.00	19.97969
0.1662551	10.00	-35.27538	-0.0428569	0.00	0.06579036	-19.94444	10.00	19.94533
0.1183987	10.00	-35.21058	-0.04785633	0.00	0.06479662	-19.90907	10.00	19.90995
0.06202465	10.00	-35.14387	-0.05637408	0.00	0.06670906	-19.83875	10.00	19.83963
-0.06671517	10.00	-35.01128	-0.1287398	0.00	0.1325914	-19.80305	10.00	19.80394
-0.1333783	10.00	-34.94397	-0.06666312	0.00	0.06731493	-19.76813	10.00	19.76901
-0.1992267	10.00	-34.87812	-0.0658484	0.00	0.0658484	-19.73368	10.00	19.73457
-0.2641819	10.00	-34.81316	-0.06495516	0.00	0.06495516	-19.69897	10.00	19.69985
-0.329641	10.00	-34.7477	-0.06545911	0.00	0.06545911	-19.62779	10.00	19.62867
-0.4638561	10.00	-34.61349	-0.1342151	0.00	0.1342151	-19.5928	10.00	19.59368
-0.5298305	10.00	-34.54751	-0.06597438	0.00	0.06597438	-19.5587	10.00	19.55958
-0.5941302	10.00	-34.48322	-0.06429975	0.00	0.06429975	-19.52365	10.00	19.52453
-0.6602178	10.00	-34.41713	-0.06608763	0.00	0.06608763	-19.45087	10.00	19.45174
-0.7974622	10.00	-34.27988	-0.1372444	0.00	0.1372444	-19.41721	10.00	19.41809
-0.860931	10.00	-34.21641	-0.06346881	0.00	0.06346881	-19.38363	10.00	19.3845
-0.9242612	10.00	-34.15308	-0.06333008	0.00	0.06333008	-19.34851	10.00	19.34939
-0.9904719	10.00	-34.08687	-0.06621078	0.00	0.06621078	-19.27789	10.00	19.27877
-1.123621	10.00	-33.95372	-0.1331492	0.00	0.1331492	-19.24222	10.00	19.24309
-1.190911	10.00	-33.88643	-0.06728945	0.00	0.06728945	-19.20801	10.00	19.20888
-1.255414	10.00	-33.82193	-0.0645036	0.00	0.0645036	-19.17309	10.00	19.17396
-1.320622	10.00	-33.75608	-0.06520799	0.00	0.06584556	-19.13787	10.00	19.13874
-1.380596	10.00	-33.68968	-0.05997354	0.00	0.0664033	-19.06752	10.00	19.06838
-1.487567	10.00	-33.55702	-0.1069712	0.00	0.1326622	-19.03253	10.00	19.03339
-1.538217	10.00	-33.49104	-0.05065025	0.00	0.06598429	-18.99804	10.00	18.9989
-1.586246	10.00	-33.426	-0.04802883	0.00	0.06503019	-18.96249	10.00	18.96336
-1.629912	10.00	-33.35897	-0.04366653	0.00	0.06703323	-18.89238	10.00	18.89324
-1.700676	10.00	-33.22676	-0.0707635	0.00	0.1322135	-18.85709	10.00	18.85796
-1.730485	10.00	-33.16023	-0.02980951	0.00	0.06652787	-18.8225	10.00	18.82336
-1.757816	10.00	-33.09501	-0.02733066	0.00	0.06522413	-18.78672	10.00	18.78758
-1.778904	10.00	-33.02753	-0.02108825	0.00	0.06747913	-18.71601	10.00	18.71687
-1.807663	10.00	-32.89419	-0.02875845	0.00	0.1333346	-18.6765	10.00	18.67736
-1.820845	10.00	-32.8197	-0.0131817	0.00	0.0744919	-18.61064	10.00	18.6115
-1.839212	10.00	-32.69551	-0.01836762	0.00	0.1241843	-18.56644	10.00	18.5673
-1.849118	10.00	-32.61217	-0.009905996	0.00	0.08334351	-18.50145	10.00	18.5023
-1.853005	10.00	-32.4896	-0.003886846	0.00	0.1225691	-18.43557	10.00	18.43643
-1.853005	10.00	-32.36539	0	0.00	0.124207	-18.40088	10.00	18.40172
-1.853005	10.00	-32.29996	0	0.00	0.06543221	-18.36403	10.00	18.36487
-1.853005	10.00	-32.23049	0	0.00	0.06947368	-18.29591	10.00	18.29676
-1.853005	10.00	-32.10205	0	0.00	0.1284339	-18.26076	10.00	18.26162
-1.853005	10.00	-32.03577	0	0.00	0.0662858	-18.22709	10.00	18.22793
-1.853005	10.00	-31.97227	0	0.00	0.0635042	-18.19118	10.00	18.19203
-1.853005	10.00	-31.90457	0	0.00	0.06769855	-18.12103	10.00	18.12188
-1.853005	10.00	-31.77229	0	0.00	0.1322743	-18.08665	10.00	18.08749
-1.853005	10.00	-31.70745	0	0.00	0.06484192	-18.05107	10.00	18.05191
-1.853005	10.00	-31.64035	0	0.00	0.06709835	-18.01634	10.00	18.01718
-1.853005	10.00	-31.57487	0	0.00	0.06548601	-17.94572	10.00	17.94656
-1.853005	10.00	-31.44171	0	0.00	0.1331534	-17.91149	10.00	17.91233
-1.853005	10.00	-31.37716	0	0.00	0.06455456	-17.87584	10.00	17.87668
-1.853005	10.00	-31.30994	0	0.00	0.06722292	-17.80581	10.00	17.80665
-1.853005	10.00	-31.17789	0	0.00	0.1320478	-17.7703	10.00	17.77114
-1.853005	10.00	-31.11093	0	0.00	0.06696104	-17.73577	10.00	17.7366
-1.853005	10.00	-31.0458	0	0.00	0.06512645	-17.70094	10.00	17.70178
-1.853005	10.00	-30.98015	0	0.00	0.06564596	-17.63056	10.00	17.6314
-1.853005	10.00	-30.84744	0	0.00	0.1327132	-17.59602	10.00	17.59686
-1.853005	10.00	-30.78231	0	0.00	0.06512786	-17.56073	10.00	17.56156
-1.853005	10.00	-30.71575	0	0.00	0.0665675	-17.52565	10.00	17.52648
-1.853005	10.00	-30.64961	0	0.00	0.06614	-17.45544	10.00	17.45627
-1.853005	10.00	-30.51722	0	0.00	0.1323848	-17.4205	10.00	17.42132
-1.853005	10.00	-30.45133	0	0.00	0.06588944	-17.38567	10.00	17.3865
-1.853005	10.00	-30.38566	0	0.00	0.06567428	-17.35061	10.00	17.35143
-1.853005	10.00	-30.31955	0	0.00	0.06611028	-17.28002	10.00	17.28085
-1.853005	10.00	-30.18644	0	0.00	0.1331067	-17.24407	10.00	17.2449
-1.853005	10.00	-30.11865	0	0.00	0.06778631	-17.21052	10.00	17.21134
-1.853005	10.00	-30.05538	0	0.00	0.06327771	-17.17507	10.00	17.17589
-1.853005	10.00	-29.98853	0	0.00	0.06684071	-17.1402	10.00	17.14102
-1.853005	10.00	-29.92279	0	0.00	0.0657493	-17.06907	10.00	17.06989
-1.853005	10.00	-29.78866	0	0.00	0.1341302	-17.03476	10.00	17.03558
-1.853005	10.00	-29.72397	0	0.00	0.0646862	-17.00025	10.00	17.00106
-1.853005	10.00	-29.65889	0	0.00	0.06508115	-16.96442	10.00	16.96524
-1.853005	10.00	-29.59134	0	0.00	0.06755416	-16.89446	10.00	16.89527
-1.853005	10.00	-29.4594	0	0.00	0.131936	-16.85878	10.00	16.85959
-1.853005	10.00	-29.39213	0	0.00	0.06726963	-16.82462	10.00	16.82543
-1.853005	10.00	-29.32771	0	0.00	0.06441724	-16.78979	10.00	16.7906
-1.853005	10.00	-29.26204	0	0.00	0.06567711	-16.75454	10.00	16.75535
-1.853005	10.00	-29.19556	0	0.00	0.06647125	-16.68432	10.00	16.68513
-1.853005	10.00	-29.06315	0	0.00	0.1324131	-16.64978	10.00	16.65059
-1.853005	10.00	-28.99803	0	0.00	0.06512362	-16.61462	10.00	16.61543
-1.853005	10.00	-28.93172	0	0.00	0.06630421	-16.57952	10.00	16.58033
-1.853005	10.00	-28.86554	0	0.00	0.0661853	-16.5442	10.00	16.54501
-1.853005	10.00	-28.79895	0	0.00	0.06659157	-16.47388	10.00	16.47468
-1.853358	10.00	-28.66633	-0.0003531173	0.00	0.1326112	-16.43833	10.00	16.43915
-1.853536	10.00	-28.59933	-0.0001784245	0.00	0.06700633	-16.40442	10.00	16.40522
-1.853707	10.00	-28.53537	-0.0001703203	0.00	0.06396285	-16.3686	10.00	16.3694
-1.853887	10.00	-28.46781	-0.0001798795	0.00	0.06755275	-16.33039	10.00	16.3312
-1.854079	10.00	-28.39578	-0.0001918172	0.00	0.07203588	-16.26296	10.00	16.26376
-1.854417	10.00	-28.26862	-0.0003385938	0.00	0.127157	-16.22056	10.00	16.22136
-1.85463	10.00	-28.18868	-0.0002128617	0.00	0.07993905	-16.1567	10.00	16.1575
-1.854951	10.00	-28.06826	-0.0003206439	0.00	0.1204161	-16.11079	10.00	16.11159
-1.855181	10.00	-27.98169	-0.0002305214	0.00	0.08657102	-16.05235	10.00	16.05314
-1.855475	10.00	-27.87149	-0.0002934402	0.00	0.1101998	-16.01217	10.00	16.01297
-1.855676	10.00	-27.79573	-0.0002017383	0.00	0.07576168	-15.94717	10.00	15.94797
-1.856003	10.00	-27.67317	-0.0003263659	0.00	0.1225649	-15.90897	10.00	15.90977
-1.856194	10.00	-27.60114	-0.0001917833	0.00	0.07202314	-15.84143	10.00	15.84222
-1.856534	10.00	-27.47377	-0.0003391705	0.00	0.1273736	-15.80855	10.00	15.80934
-1.856699	10.00	-27.41177	-0.0001650884	0.00	0.06199802	-15.77273	10.00	15.77352
-1.856879	10.00	-27.34423	-0.0001798607	0.00	0.06754567	-15.73747	10.00	15.73826
-1.857056	10.00	-27.27774	-0.0001770374	0.00	0.0664854	-15.66717	10.00	15.66796
-1.857409	10.00	-27.14518	-0.0003529778	0.00	0.1325589	-15.63112	10.00	15.63191
-1.85759	10.00	-27.0772	-0.0001810254	0.00	0.06798308	-15.59768	10.00	15.59846
-1.857758	10.00	-27.01414	-0.0001679154	0.00	0.0630597	-15.56317	10.00	15.56396
-1.857931	10.00	-26.94907	-0.0001732604	0.00	0.06506699	-15.52785	10.00	15.52864
-1.858108	10.00	-26.88248	-0.0001773276	0.00	0.0665944	-15.45758	10.00	15.45836
-1.858461	10.00	-26.74997	-0.0003528497	0.00	0.1325107	-15.42241	10.00	15.42319
-1.858638	10.00	-26.68365	-0.0001765775	0.00	0.0663127	-15.38788	10.00	15.38866
-1.858811	10.00	-26.61854	-0.0001733961	0.00	0.06511796	-15.35264	10.00	15.35342
-1.858988	10.00	-26.5521	-0.000176913	0.00	0.06643869	-15.28226	10.00	15.28304
-1.859341	10.00	-26.41939	-0.0003533661	0.00	0.1327047	-15.24711	10.00	15.24789
-1.859518	10.00	-26.35311	-0.0001764946	0.00	0.06628156	-15.21259	10.00	15.21337
-1.859691	10.00	-26.28801	-0.000173366	0.00	0.06510663	-15.17739	10.00	15.17817
-1.859868	10.00	-26.22165	-0.0001767057	0.00	0.06636083	-15.14249	10.00	15.14327
-1.860043	10.00	-26.15583	-0.0001752507	0.00	0.06581442	-15.072	10.00	15.07277
-1.860397	10.00	-26.02291	-0.0003539391	0.00	0.1329198	-15.03661	10.00	15.03739
-1.860575	10.00	-25.95619	-0.0001776706	0.00	0.06672322	-15.00215	10.00	15.00292
-1.860748	10.00	-25.89118	-0.0001730946	0.00	0.06500471	-14.93167	10.00	14.93244
-1.861102	10.00	-25.75828	-0.0003538825	0.00	0.1328986	-14.89638	10.00	14.89715
-1.861279	10.00	-25.69174	-0.0001771919	0.00	0.06654344	-14.86217	10.00	14.86294
-1.861451	10.00	-25.62724	-0.0001717414	0.00	0.06449652	-14.82681	10.00	14.82758
-1.861628	10.00	-25.56057	-0.0001775425	0.00	0.06667509	-14.79177	10.00	14.79253
-1.861804	10.00	-25.49448	-0.0001759744	0.00	0.06608621	-14.72149	10.00	14.72226
-1.862157	10.00	-25.36199	-0.000352812	0.00	0.1324966	-14.68636	10.00	14.68712
-1.862333	10.00	-25.29572	-0.0001764569	0.00	0.0662674	-14.65172	10.00	14.65249
-1.862507	10.00	-25.23042	-0.0001738673	0.00	0.0652949	-14.60946	10.00	14.61022
-1.864263	10.00	-25.15072	-0.001755673	0.00	0.07969981	-14.54614	10.00	14.5469
-1.87383	10.00	-25.03133	-0.009566892	0.00	0.1193983	-14.51104	10.00	14.5118
-1.879134	10.00	-24.96513	-0.005304178	0.00	0.06619804	-14.47665	10.00	14.4774
-1.885586	10.00	-24.90028	-0.006451935	0.00	0.064849	-14.4413	10.00	14.44206
-1.892862	10.00	-24.83363	-0.007276132	0.00	0.06664678	-14.371	10.00	14.37175
-1.908618	10.00	-24.70107	-0.01575645	0.00	0.1325659	-14.33542	10.00	14.33617
-1.916594	10.00	-24.63397	-0.007975138	0.00	0.06709835	-14.30136	10.00	14.30211
-1.924227	10.00	-24.56975	-0.007632914	0.00	0.06421907	-14.26617	10.00	14.26693
-1.932111	10.00	-24.50342	-0.007884113	0.00	0.06633252	-14.1951	10.00	14.19585
-1.948041	10.00	-24.36939	-0.01593025	0.00	0.1340282	-14.15978	10.00	14.16053
-1.955956	10.00	-24.30279	-0.007915407	0.00	0.06659582	-14.12563	10.00	14.12638
-1.963611	10.00	-24.23839	-0.007654786	0.00	0.06440309	-14.09033	10.00	14.09108
-1.971522	10.00	-24.17183	-0.007910697	0.00	0.06655618	-14.01831	10.00	14.01905
-1.987664	10.00	-24.03602	-0.01614175	0.00	0.1358076	-13.98346	10.00	13.9842
-1.995474	10.00	-23.97031	-0.007810419	0.00	0.0657125	-13.95011	10.00	13.95086
-2.005383	10.00	-23.90743	-0.009909406	0.00	0.06288134	-13.91361	10.00	13.91436
-2.023562	10.00	-23.8386	-0.01817869	0.00	0.06883243	-13.8446	10.00	13.84535
-2.070525	10.00	-23.70848	-0.04696256	0.00	0.1301156	-13.80933	10.00	13.81007
-2.098397	10.00	-23.64197	-0.02787282	0.00	0.06651796	-13.77561	10.00	13.77635
-2.12566	10.00	-23.57837	-0.0272625	0.00	0.06359196	-13.74028	10.00	13.74102
-2.15422	10.00	-23.51175	-0.02855999	0.00	0.06661846	-13.66931	10.00	13.67005
-2.211587	10.00	-23.37794	-0.05736697	0.00	0.1338131	-13.63122	10.00	13.63196
-2.242384	10.00	-23.3061	-0.03079692	0.00	0.07183629	-13.56424	10.00	13.56498
-2.296526	10.00	-23.17981	-0.05414267	0.00	0.1262921	-13.52364	10.00	13.52437
-2.329349	10.00	-23.10325	-0.03282266	0.00	0.07656148	-13.45825	10.00	13.45898
-2.38221	10.00	-22.97995	-0.05286095	0.00	0.1233024	-13.42313	10.00	13.42387
-2.410598	10.00	-22.91373	-0.02838824	0.00	0.06621785	-13.37984	10.00	13.38057
-2.445594	10.00	-22.8321	-0.03499526	0.00	0.08162925	-13.31921	10.00	13.31995
-2.494603	10.00	-22.71778	-0.04900974	0.00	0.1143192	-13.28469	10.00	13.28542
-2.523776	10.00	-22.65268	-0.02917269	0.00	0.06510663	-13.24978	10.00	13.25051
-2.554544	10.00	-22.58685	-0.03076835	0.00	0.06582291	-13.21419	10.00	13.21492
-2.585914	10.00	-22.51974	-0.03136984	0.00	0.06710967	-13.14418	10.00	13.14491
-2.65273	10.00	-22.38774	-0.06681611	0.00	0.1320025	-13.10788	10.00	13.10861
-2.689373	10.00	-22.31928	-0.03664285	0.00	0.06846296	-13.07451	10.00	13.07523
-2.723663	10.00	-22.25635	-0.03428978	0.00	0.06292806	-13.03946	10.00	13.04018
-2.759677	10.00	-22.19026	-0.03601452	0.00	0.06609329	-13.00226	10.00	13.00299
-2.799933	10.00	-22.12012	-0.04025569	0.00	0.07013759	-12.93303	10.00	12.93375
-2.876127	10.00	-21.98957	-0.07619376	0.00	0.1305502	-12.89825	10.00	12.89897
-2.914398	10.00	-21.924	-0.03827121	0.00	0.06557377	-12.86392	10.00	12.86464
-2.95218	10.00	-21.85926	-0.03778211	0.00	0.06473575	-12.82905	10.00	12.82977
-2.990555	10.00	-21.79351	-0.03837448	0.00	0.06575072	-12.75853	10.00	12.75925
-3.06817	10.00	-21.66052	-0.07761481	0.00	0.132985	-12.72364	10.00	12.72436
-3.10656	10.00	-21.59475	-0.03839018	0.00	0.06577761	-12.68908	10.00	12.68979
-3.144602	10.00	-21.52956	-0.03804236	0.00	0.06518166	-12.65373	10.00	12.65444
-3.183504	10.00	-21.46291	-0.03890241	0.00	0.06665527	-12.6179	10.00	12.61861
-3.22294	10.00	-21.39534	-0.0394353	0.00	0.06756832	-12.54834	10.00	12.54905
-3.299486	10.00	-21.26419	-0.07654654	0.00	0.1311546	-12.51299	10.00	12.5137
-3.338392	10.00	-21.19753	-0.03890571	0.00	0.06666093	-12.4788	10.00	12.4795
-3.376024	10.00	-21.13305	-0.03763174	0.00	0.06447811	-12.44291	10.00	12.44362
-3.415517	10.00	-21.06538	-0.03949313	0.00	0.06766741	-12.37312	10.00	12.37382
-3.492326	10.00	-20.93377	-0.07680927	0.00	0.1316048	-12.33779	10.00	12.3385
-3.531202	10.00	-20.86716	-0.03887597	0.00	0.06660997	-12.30288	10.00	12.30358
-3.569622	10.00	-20.80134	-0.03841992	0.00	0.06582858	-12.2682	10.00	12.2689
-3.607789	10.00	-20.73594	-0.03816711	0.00	0.06539541	-12.19573	10.00	12.19644
-3.687536	10.00	-20.5993	-0.07974718	0.00	0.1366386	-12.16196	10.00	12.16267
-3.724704	10.00	-20.53562	-0.03716743	0.00	0.06368256	-12.12787	10.00	12.12857
-3.762226	10.00	-20.47133	-0.03752187	0.00	0.06428985	-12.09302	10.00	12.09373
-3.800573	10.00	-20.40563	-0.03834722	0.00	0.065704	-12.02266	10.00	12.02335
-3.878017	10.00	-20.27293	-0.07744461	0.00	0.1326934	-11.98792	10.00	11.98862
-3.916245	10.00	-20.20743	-0.03822742	0.00	0.06549875	-11.95282	10.00	11.95352
-3.95487	10.00	-20.14125	-0.03862482	0.00	0.06617964	-11.88167	10.00	11.88236
-4.033176	10.00	-20.00709	-0.07830632	0.00	0.1341698	-11.84647	10.00	11.84716
-4.071911	10.00	-19.94072	-0.0387347	0.00	0.06636791	-11.81215	10.00	11.81285
-4.109679	10.00	-19.87601	-0.03776806	0.00	0.06471168	-11.76855	10.00	11.76924
-4.15767	10.00	-19.79378	-0.04799123	0.00	0.08222803	-11.70609	10.00	11.70679
-4.226399	10.00	-19.67602	-0.06872921	0.00	0.1177604	-11.67133	10.00	11.67202
-4.26466	10.00	-19.61046	-0.03826047	0.00	0.06555537	-11.6354	10.00	11.63609
-4.304203	10.00	-19.54271	-0.03954353	0.00	0.06775376	-11.5669	10.00	11.56759
-4.379587	10.00	-19.41355	-0.07538411	0.00	0.1291629	-11.53194	10.00	11.53263
-4.418057	10.00	-19.34763	-0.03847032	0.00	0.06591492	-11.49742	10.00	11.4981
-4.456055	10.00	-19.28252	-0.03799774	0.00	0.06510521	-11.46225	10.00	11.46294
-4.494753	10.00	-19.21622	-0.03869752	0.00	0.06630421	-11.39139	10.00	11.39207
-4.572743	10.00	-19.08259	-0.07798989	0.00	0.1336276	-11.35717	10.00	11.35785
-4.610402	10.00	-19.01807	-0.03765901	0.00	0.06452483	-11.32188	10.00	11.32256
-4.64924	10.00	-18.95152	-0.03883879	0.00	0.06654627	-11.25151	10.00	11.25219
-4.726682	10.00	-18.81883	-0.0774413	0.00	0.1326877	-11.21634	10.00	11.21702
-4.765385	10.00	-18.75252	-0.0387033	0.00	0.06631412	-11.18139	10.00	11.18207
-4.803853	10.00	-18.68661	-0.03846784	0.00	0.06591067	-11.1462	10.00	11.14688
-4.842579	10.00	-18.62026	-0.03872643	0.00	0.06635375	-11.07528	10.00	11.07596
-4.92063	10.00	-18.48652	-0.07805102	0.00	0.1337324	-11.04124	10.00	11.04192
-4.958089	10.00	-18.42234	-0.03745907	0.00	0.06418226	-11.0059	10.00	11.00658
-4.996985	10.00	-18.3557	-0.0388958	0.00	0.06664395	-10.96228	10.00	10.96296
-5.044988	10.00	-18.27345	-0.0480028	0.00	0.08224785	-10.8996	10.00	10.90028
-5.113968	10.00	-18.15526	-0.06898037	0.00	0.1181908	-10.86554	10.00	10.86621
-5.151455	10.00	-18.09103	-0.03748634	0.00	0.06422897	-10.79539	10.00	10.79606
-5.228661	10.00	-17.95875	-0.07720584	0.00	0.1322843	-10.76052	10.00	10.76119
-5.267029	10.00	-17.893	-0.0383687	0.00	0.06574081	-10.72526	10.00	10.72592
-5.305841	10.00	-17.8265	-0.03881153	0.00	0.06649956	-10.69087	10.00	10.69153
-5.343687	10.00	-17.76166	-0.03784573	0.00	0.06484475	-10.65599	10.00	10.65665
-5.378251	10.00	-17.69589	-0.03456421	0.00	0.06576912	-10.62107	10.00	10.62173
-5.41222	10.00	-17.63004	-0.033969	0.00	0.06584981	-10.5859	10.00	10.58656
-5.446428	10.00	-17.56373	-0.03420852	0.00	0.06631412	-10.51547	10.00	10.51613
-5.514935	10.00	-17.43093	-0.06850612	0.00	0.1328009	-10.48067	10.00	10.48133
-5.54879	10.00	-17.3653	-0.03385581	0.00	0.06563039	-10.44537	10.00	10.44603
-5.583123	10.00	-17.29874	-0.03433266	0.00	0.06655476	-10.40989	10.00	10.41055
-5.617636	10.00	-17.23184	-0.03451302	0.00	0.06690441	-10.37435	10.00	10.375
-5.652211	10.00	-17.16481	-0.03457509	0.00	0.06702474	-10.30336	10.00	10.30402
-5.717372	10.00	-17.03096	-0.06516114	0.00	0.1338541	-10.26955	10.00	10.27021
-5.744699	10.00	-16.96721	-0.02732743	0.00	0.06374343	-10.23367	10.00	10.23432
-5.772399	10.00	-16.89955	-0.02769983	0.00	0.06766883	-10.16382	10.00	10.16448
-5.822485	10.00	-16.76784	-0.05008583	0.00	0.1317025	-10.12862	10.00	10.12928
-5.847084	10.00	-16.70147	-0.02459835	0.00	0.06637216	-10.05863	10.00	10.05928
-5.889608	10.00	-16.56949	-0.04252412	0.00	0.1319813	-10.02372	10.00	10.02437
-5.906992	10.00	-16.50367	-0.01738425	0.00	0.06582433	-9.953214	10.00	9.953866
-5.93438	10.00	-16.37072	-0.02738806	0.00	0.1329496	-9.919345	10.00	9.919996
-5.947537	10.00	-16.30685	-0.01315673	0.00	0.06386659	-9.880295	10.00	9.880944
-5.962706	10.00	-16.23322	-0.01516887	0.00	0.07363407	-9.812677	10.00	9.813323
-5.988972	10.00	-16.10571	-0.02626652	0.00	0.1275053	-9.779229	10.00	9.779877
-6.001965	10.00	-16.04264	-0.01299255	0.00	0.06306961	-9.742202	10.00	9.742847
-6.016347	10.00	-15.97282	-0.01438268	0.00	0.06981767	-9.673125	10.00	9.673771
-6.04318	10.00	-15.84257	-0.02683312	0.00	0.1302557	-9.637185	10.00	9.637827
-6.057142	10.00	-15.77479	-0.01396188	0.00	0.067775	-9.564443	10.00	9.565086
-6.085398	10.00	-15.63763	-0.02825561	0.00	0.1371609	-9.529018	10.00	9.529655
-6.09916	10.00	-15.57083	-0.01376183	0.00	0.06680391	-9.459477	10.00	9.460116
-6.126172	10.00	-15.4397	-0.02701217	0.00	0.1311249	-9.428385	10.00	9.429022
-6.13825	10.00	-15.38107	-0.01207805	0.00	0.05863037	-9.352596	10.00	9.353231
-6.16769	10.00	-15.23816	-0.02944015	0.00	0.142911	-9.32303	10.00	9.323667
-6.179175	10.00	-15.18241	-0.01148462	0.00	0.05574967	-9.251924	10.00	9.252556
-6.206797	10.00	-15.04833	-0.02762165	0.00	0.1340834	-9.218201	10.00	9.218834
-6.218048	10.00	-14.98474	-0.01125165	0.00	0.06358489	-9.181245	10.00	9.181877
-6.229705	10.00	-14.91506	-0.01165675	0.00	0.06968743	-9.111921	10.00	9.11255
-6.246508	10.00	-14.78433	-0.01680298	0.00	0.1307214	-9.077661	10.00	9.078288
-6.254812	10.00	-14.71973	-0.00830405	0.00	0.06460269	-9.006351	10.00	9.006978
-6.254812	10.00	-14.58527	0	0.00	0.1344642	-8.973314	10.00	8.973939
-6.254812	10.00	-14.52297	0	0.00	0.06229671	-8.90208	10.00	8.902704
-6.254812	10.00	-14.38865	0	0.00	0.1343227	-8.867944	10.00	8.868567
-6.254812	10.00	-14.32428	0	0.00	0.06436487	-8.796349	10.00	8.796971
-6.254812	10.00	-14.21673	0	0.00	0.1075507	-8.762798	10.00	8.763421
-6.254812	10.00	-14.1694	0	0.00	0.04733663	-8.723989	10.00	8.72461
-6.254812	10.00	-14.11889	0	0.00	0.0505038	-8.654994	10.00	8.655615
-6.254812	10.00	-14.06564	0	0.00	0.05325508	-8.622222	10.00	8.622841
-6.254812	10.00	-14.04931	0	0.00	0.01632138	-8.550513	10.00	8.551128
-6.254812	10.00	-14.03062	0	0.00	0.01869076	-8.502914	10.00	8.50353
-6.254812	10.00	-14.01909	0	0.00	0.01153673	-8.419876	10.00	8.420489
-6.254812	10.00	-13.99593	0	0.00	0.02315932	-8.37215	10.00	8.372761
-6.254812	10.00	-13.98175	0	0.00	0.01418182	-8.33882	10.00	8.339431
-6.254812	10.00	-13.96271	0	0.00	0.0190335	-8.269695	10.00	8.270302
-6.254812	10.00	-13.87907	0	0.00	0.08364666	-8.228628	10.00	8.229235
-6.273014	10.00	-13.80913	-0.0182019	0.00	0.06993952	-8.165876	10.00	8.166483
-6.360404	10.00	-13.69195	-0.08739054	0.00	0.1171795	-8.130292	10.00	8.130898
-6.412562	10.00	-13.62485	-0.05215732	0.00	0.06710118	-8.060844	10.00	8.061449
-6.521958	10.00	-13.49389	-0.1093963	0.00	0.1309522	-8.025608	10.00	8.026214
-6.578103	10.00	-13.42746	-0.0561444	0.00	0.06643727	-7.953638	10.00	7.95424
-6.694105	10.00	-13.29174	-0.1160026	0.00	0.1357142	-7.919866	10.00	7.920467
-6.748537	10.00	-13.22806	-0.05443188	0.00	0.06368114	-7.882501	10.00	7.883101
-6.808764	10.00	-13.1576	-0.06022766	0.00	0.07046176	-7.815479	10.00	7.81608
-6.916782	10.00	-13.03123	-0.108018	0.00	0.1263728	-7.780617	10.00	7.781216
-6.972972	10.00	-12.96549	-0.05618998	0.00	0.06573798	-7.710089	10.00	7.710685
-7.086645	10.00	-12.8325	-0.1136722	0.00	0.1329878	-7.675478	10.00	7.676075
-7.142431	10.00	-12.76724	-0.05578584	0.00	0.06526517	-7.605276	10.00	7.605872
-7.258144	10.00	-12.63486	-0.1157131	0.00	0.1323763	-7.570835	10.00	7.571429
-7.316169	10.00	-12.56992	-0.05802529	0.00	0.06494242	-7.49943	10.00	7.500022
-7.436473	10.00	-12.43527	-0.1203041	0.00	0.1346454	-7.465444	10.00	7.466032
-7.494978	10.00	-12.37118	-0.05850504	0.00	0.06409024	-7.427882	10.00	7.428475
-7.561	10.00	-12.30036	-0.06602235	0.00	0.07082273	-7.356652	10.00	7.357239
-7.686216	10.00	-12.16604	-0.1252156	0.00	0.1343198	-7.280829	10.00	7.281415
-7.819496	10.00	-12.02307	-0.1332799	0.00	0.1429704	-7.253625	10.00	7.254212
-7.867317	10.00	-11.97177	-0.04782071	0.00	0.05129768	-7.219772	10.00	7.220359
-7.926823	10.00	-11.90794	-0.05950603	0.00	0.06383261	-7.149264	10.00	7.149846
-8.050768	10.00	-11.77498	-0.1239448	0.00	0.1329567	-7.112164	10.00	7.112744
-8.115984	10.00	-11.70502	-0.06521606	0.00	0.06995782	-7.044216	10.00	7.044795
-8.235426	10.00	-11.5769	-0.1194422	0.00	0.1281267	-7.009594	10.00	7.010174
-8.296282	10.00	-11.51162	-0.060856	0.00	0.06528074	-6.938604	10.00	6.939181
-8.421073	10.00	-11.37775	-0.1247907	0.00	0.133864	-6.905354	10.00	6.905933
-8.479515	10.00	-11.31506	-0.05844241	0.00	0.06269166	-6.868115	10.00	6.868691
-8.544975	10.00	-11.24484	-0.06546019	0.00	0.0702197	-6.798545	10.00	6.799121
-8.667268	10.00	-11.11366	-0.1222926	0.00	0.1311843	-6.765033	10.00	6.765608
-8.726176	10.00	-11.05046	-0.05890823	0.00	0.06319135	-6.72899	10.00	6.729561
-8.789538	10.00	-10.9825	-0.06336198	0.00	0.06796893	-6.6587	10.00	6.659272
-8.913096	10.00	-10.84995	-0.1235582	0.00	0.1325419	-6.624672	10.00	6.625243
-8.972912	10.00	-10.78579	-0.05981614	0.00	0.06416527	-6.553468	10.00	6.554038
-9.098074	10.00	-10.65153	-0.1251615	0.00	0.1342618	-6.518785	10.00	6.519352
-9.159042	10.00	-10.58613	-0.06096817	0.00	0.06540107	-6.448552	10.00	6.44912
-9.2825	10.00	-10.45369	-0.1234579	0.00	0.1324343	-6.412874	10.00	6.413437
-9.34522	10.00	-10.38641	-0.06271932	0.00	0.06727954	-6.342605	10.00	6.343168
-9.468738	10.00	-10.25391	-0.1235186	0.00	0.1324994	-6.309256	10.00	6.309819
-9.527358	10.00	-10.19103	-0.05862055	0.00	0.06288276	-6.235844	10.00	6.236402
-9.656408	10.00	-10.0526	-0.1290505	0.00	0.1384335	-6.204401	10.00	6.204962
-9.711677	10.00	-9.993311	-0.05526737	0.00	0.05928578	-6.132984	10.00	6.133544
-9.837213	10.00	-9.858646	-0.1255363	0.00	0.1346638	-6.098457	10.00	6.099015
-9.89791	10.00	-9.793536	-0.06069765	0.00	0.06511088	-6.026622	10.00	6.027178
-10.02418	10.00	-9.658081	-0.126274	0.00	0.1354551	-5.979399	10.00	5.979954
-10.10288	10.00	-9.569038	-0.07869635	0.00	0.08904262	-5.92158	10.00	5.922133
-10.19502	10.00	-9.460009	-0.09213768	0.00	0.1090292	-5.883563	10.00	5.884115
-10.25282	10.00	-9.388321	-0.05780478	0.00	0.07168765	-5.817096	10.00	5.817647
-10.35146	10.00	-9.26299	-0.09863251	0.00	0.1253309	-5.778568	10.00	5.779119
-10.40863	10.00	-9.190345	-0.05717069	0.00	0.07264599	-5.711474	10.00	5.712022
-10.49962	10.00	-9.063826	-0.09099171	0.00	0.1265186	-5.678419	10.00	5.678967
-10.54384	10.00	-9.001495	-0.04422446	0.00	0.06233069	-5.606337	10.00	5.606882
-10.6337	10.00	-8.865574	-0.08985715	0.00	0.1359209	-5.566328	10.00	5.566873
-10.67992	10.00	-8.790133	-0.046222	0.00	0.07544176	-5.502051	10.00	5.502597
-10.74596	10.00	-8.668935	-0.06604102	0.00	0.1211974	-5.467934	10.00	5.468479
-10.77915	10.00	-8.6046	-0.03318765	0.00	0.06433514	-5.397127	10.00	5.397668
-10.83639	10.00	-8.47108	-0.05724135	0.00	0.1335201	-5.362875	10.00	5.363416
-10.85908	10.00	-8.406494	-0.02268551	0.00	0.0645857	-5.291915	10.00	5.292452
-10.87109	10.00	-8.272687	-0.01201708	0.00	0.1338074	-5.257141	10.00	5.257678
-10.87109	10.00	-8.207117	0	0.00	0.06556953	-5.185238	10.00	5.185775
-10.87109	10.00	-8.071536	0	0.00	0.1355811	-5.151684	10.00	5.15222
-10.87109	10.00	-8.008264	0	0.00	0.06327204	-5.080802	10.00	5.081336
-10.87109	10.00	-7.874605	0	0.00	0.1336588	-5.043798	10.00	5.044331
-10.87109	10.00	-7.80483	0	0.00	0.0697752	-4.975887	10.00	4.976418
-10.87109	10.00	-7.676773	0	0.00	0.1280573	-4.941018	10.00	4.941548
-10.87109	10.00	-7.611025	0	0.00	0.06574789	-4.903745	10.00	4.904274
-10.87109	10.00	-7.540739	0	0.00	0.07028623	-4.834958	10.00	4.835485
-10.87109	10.00	-7.411032	0	0.00	0.1297065	-4.801589	10.00	4.802116
-10.87109	10.00	-7.34811	0	0.00	0.0629224	-4.763546	10.00	4.764072
-10.87109	10.00	-7.276374	0	0.00	0.07173578	-4.695832	10.00	4.696356
-10.87109	10.00	-7.14869	0	0.00	0.1276836	-4.660313	10.00	4.660836
-10.87109	10.00	-7.081714	0	0.00	0.06697661	-4.590966	10.00	4.591488
-10.87109	10.00	-6.950953	0	0.00	0.1307611	-4.55681	10.00	4.557332
-10.87109	10.00	-6.886545	0	0.00	0.06440733	-4.485234	10.00	4.485754
-10.87109	10.00	-6.751578	0	0.00	0.1349668	-4.451748	10.00	4.452268
-10.87109	10.00	-6.688438	0	0.00	0.06314039	-4.380505	10.00	4.381022
-10.87109	10.00	-6.554097	0	0.00	0.1343411	-4.345174	10.00	4.345691
-10.87109	10.00	-6.487477	0	0.00	0.06661988	-4.274783	10.00	4.275298
-10.87109	10.00	-6.354743	0	0.00	0.1327344	-4.24017	10.00	4.240684
-10.87109	10.00	-6.289477	0	0.00	0.06526517	-4.204002	10.00	4.204515
-10.87109	10.00	-6.221276	0	0.00	0.06820108	-4.135018	10.00	4.135528
-10.87109	10.00	-6.091195	0	0.00	0.1300816	-4.100329	10.00	4.10084
-10.87109	10.00	-6.025787	0	0.00	0.06540815	-4.029949	10.00	4.030458
-10.87109	10.00	-5.893076	0	0.00	0.1327103	-3.994671	10.00	3.995178
-10.87109	10.00	-5.826553	0	0.00	0.06652362	-3.924055	10.00	3.924562
-10.87109	10.00	-5.693398	0	0.00	0.1331548	-3.890167	10.00	3.890672
-10.87109	10.00	-5.629496	0	0.00	0.06390198	-3.85311	10.00	3.853614
-10.87109	10.00	-5.559619	0	0.00	0.06987713	-3.783317	10.00	3.783821
-10.87109	10.00	-5.428017	0	0.00	0.1316019	-3.747333	10.00	3.747835
-10.87109	10.00	-5.360164	0	0.00	0.06785285	-3.679093	10.00	3.679593
-10.87109	10.00	-5.231485	0	0.00	0.1286788	-3.645769	10.00	3.646268
-10.87109	10.00	-5.168649	0	0.00	0.06283604	-3.608621	10.00	3.609119
-10.87109	10.00	-5.098601	0	0.00	0.07004841	-3.539366	10.00	3.539863
-10.87109	10.00	-4.968011	0	0.00	0.1305898	-3.503236	10.00	3.503732
-10.87109	10.00	-4.899884	0	0.00	0.06812747	-3.433309	10.00	3.433804
-10.90209	10.00	-4.768027	-0.0309932	0.00	0.1318567	-3.399066	10.00	3.39956
-10.92477	10.00	-4.703457	-0.02268004	0.00	0.06457013	-3.355993	10.00	3.356485
-10.96981	10.00	-4.622235	-0.04504444	0.00	0.08122156	-3.29473	10.00	3.295222
-11.04954	10.00	-4.506719	-0.07972361	0.00	0.1155167	-3.256087	10.00	3.256576
-11.10053	10.00	-4.433847	-0.0509974	0.00	0.07287107	-3.187496	10.00	3.187984
-11.19105	10.00	-4.30451	-0.090514	0.00	0.129337	-3.153918	10.00	3.154404
-11.23536	10.00	-4.241193	-0.04431142	0.00	0.06331734	-3.083098	10.00	3.083584
-11.32881	10.00	-4.107653	-0.09345528	0.00	0.1335399	-3.045282	10.00	3.045768
-11.37872	10.00	-4.036348	-0.04990173	0.00	0.07130544	-2.978082	10.00	2.978565
-11.4674	10.00	-3.909631	-0.08868029	0.00	0.1267168	-2.936708	10.00	2.93719
-11.52199	10.00	-3.831614	-0.05459847	0.00	0.07801669	-2.870599	10.00	2.871079
-11.60923	10.00	-3.706956	-0.08723986	0.00	0.1246585	-2.797422	10.00	2.7979
-11.7058	10.00	-3.568969	-0.09656696	0.00	0.1379862	-2.732686	10.00	2.733164
-11.79123	10.00	-3.446903	-0.08542595	0.00	0.1220666	-2.698666	10.00	2.699143
-11.83612	10.00	-3.382753	-0.04489392	0.00	0.0641497	-2.626742	10.00	2.627217
-11.93103	10.00	-3.247131	-0.09491254	0.00	0.1356222	-2.589507	10.00	2.589982
-11.98017	10.00	-3.17692	-0.04913595	0.00	0.0702112	-2.522629	10.00	2.523101
-12.06842	10.00	-3.05081	-0.08825529	0.00	0.1261095	-2.488921	10.00	2.489392
-12.11291	10.00	-2.987248	-0.0444828	0.00	0.06356224	-2.417254	10.00	2.417724
-12.20748	10.00	-2.852111	-0.09457275	0.00	0.1351366	-2.383872	10.00	2.384342
-12.25153	10.00	-2.789165	-0.04405186	0.00	0.06294646	-2.312289	10.00	2.312757
-12.33685	10.00	-2.654186	-0.08531385	0.00	0.1349795	-2.278535	10.00	2.279001
-12.37584	10.00	-2.590535	-0.03899738	0.00	0.06365	-2.207372	10.00	2.207836
-12.44377	10.00	-2.456347	-0.06792244	0.00	0.1341882	-2.171618	10.00	2.172081
-12.47593	10.00	-2.388927	-0.03216757	0.00	0.06741969	-2.102222	10.00	2.102685
-12.52443	10.00	-2.258075	-0.04849579	0.00	0.1308531	-2.068199	10.00	2.068661
-12.5364	10.00	-2.193919	-0.0119738	0.00	0.06415536	-1.9972	10.00	1.997661
-12.5364	10.00	-2.060041	0	0.00	0.1338782	-1.962326	10.00	1.962785
-12.5364	10.00	-1.994279	0	0.00	0.06576204	-1.891966	10.00	1.892422
-12.5364	10.00	-1.861604	0	0.00	0.1326749	-1.856964	10.00	1.857421
-12.5364	10.00	-1.795605	0	0.00	0.06599844	-1.786364	10.00	1.786819
-12.5364	10.00	-1.662479	0	0.00	0.1331265	-1.752817	10.00	1.753271
-12.5364	10.00	-1.599221	0	0.00	0.06325789	-1.71428	10.00	1.714732
-12.5364	10.00	-1.526554	0	0.00	0.07266723	-1.646695	10.00	1.647147
-12.5364	10.00	-1.399114	0	0.00	0.1274401	-1.608801	10.00	1.609251
-12.5364	10.00	-1.327658	0	0.00	0.07145549	-1.541677	10.00	1.542125
-12.5364	10.00	-1.201086	0	0.00	0.1265724	-1.505031	10.00	1.505478
-12.5364	10.00	-1.131984	0	0.00	0.06910139	-1.436424	10.00	1.436871
-12.5364	10.00	-1.002618	0	0.00	0.1293667	-1.401055	10.00	1.4015
-12.5364	10.00	-0.9359242	0	0.00	0.06669349	-1.330752	10.00	1.331195
-12.5364	10.00	-0.8033568	0	0.00	0.1325674	-1.295892	10.00	1.296336
-12.5364	10.00	-0.7376259	0	0.00	0.0657309	-1.260364	10.00	1.260807
-12.5364	10.00	-0.6706323	0	0.00	0.06699359	-1.191232	10.00	1.191672
-12.5364	10.00	-0.5402732	0	0.00	0.1303591	-1.156835	10.00	1.157274
-12.53309	10.00	-0.4754115	0.003312957	0.00	0.06486174	-1.085054	10.00	1.085491
-12.53309	10.00	-0.3400583	0	0.00	0.1353532	-1.051271	10.00	1.051708
-12.53309	10.00	-0.2763573	0	0.00	0.06370096	-1.013872	10.00	1.014308
-12.53309	10.00	-0.2058361	0	0.00	0.07052121	-0.9458224	10.00	0.9462568
-12.53309	10.00	-0.07751831	0	0.00	0.1283178	-0.9088696	10.00	0.9093034
-12.53309	10.00	-0.00783937	0	0.00	0.06967895	-0.8394091	10.00	0.8398411
-12.53309	10.00	0.1231383	0	0.00	0.1309777	-0.8061224	10.00	0.8065536
-12.53309	10.00	0.185905	0	0.00	0.06276668	-0.7713603	10.00	0.7717905
-12.53292	10.00	0.2514547	0.0001745458	0.00	0.06554971	-0.7001829	10.00	0.7006112
-12.52476	10.00	0.3856698	0.008154924	0.00	0.1342151	-0.658493	10.00	0.6589208
-12.51922	10.00	0.464281	0.005537611	0.00	0.07861123	-0.5573675	10.00	0.5577927
-12.50025	10.00	0.6549677	0.01897174	0.00	0.1906867	-0.4895921	10.00	0.4900159
-12.4863	10.00	0.7827674	0.01395248	0.00	0.1277997	-0.4525994	10.00	0.4530222
-12.47733	10.00	0.8525228	0.00896638	0.00	0.06975538	-0.3830812	10.00	0.3835028
-12.46048	10.00	0.9836081	0.01684974	0.00	0.1310853	-0.3292126	10.00	0.3296326
-12.44743	10.00	1.085186	0.01305681	0.00	0.1015776	-0.2804413	10.00	0.2808597
-12.43293	10.00	1.177151	0.01449279	0.00	0.09196579	-0.2396097	10.00	0.2400267
-12.42005	10.00	1.254146	0.01287904	0.00	0.07699464	-0.1745595	10.00	0.1749758
-12.39597	10.00	1.376806	0.02408062	0.00	0.1226597	-0.1396508	10.00	0.1400661
-12.38114	10.00	1.442632	0.01483509	0.00	0.06582575	-0.1053423	10.00	0.1057568
-12.3628	10.00	1.507325	0.01833838	0.00	0.06469328	-0.07048674	10.00	0.07090029
-12.3429	10.00	1.57305	0.01990372	0.00	0.06572524	-0.0003264388	10.00	0.0007384149
-12.30155	10.00	1.705347	0.04134481	0.00	0.132297	0.03584057	10.00	-0.03542954
-12.28156	10.00	1.773545	0.01999227	0.00	0.06819825	0.06955699	10.00	-0.06914649
-12.26292	10.00	1.837122	0.01863738	0.00	0.06357639	0.1044732	10.00	-0.1040636
-12.24362	10.00	1.902962	0.01930092	0.00	0.0658399	0.1399295	10.00	-0.1395207
-12.22402	10.00	1.969819	0.01959929	0.00	0.0668577	0.2098103	10.00	-0.2094034
-12.18284	10.00	2.10159	0.04118025	0.00	0.1317704	0.2456173	10.00	-0.2452111
-12.16174	10.00	2.169108	0.02110064	0.00	0.06751877	0.2797325	10.00	-0.2793274
-12.14164	10.00	2.233438	0.02010394	0.00	0.06432948	0.3147233	10.00	-0.314319
-12.12102	10.00	2.299418	0.02061976	0.00	0.06598004	0.349723	10.00	-0.3493197
-12.10039	10.00	2.365415	0.02062507	0.00	0.06599703	0.4209051	10.00	-0.4205032
-12.05844	10.00	2.499639	0.04194691	0.00	0.1342236	0.456131	10.00	-0.4557299
-12.03769	10.00	2.566062	0.02075823	0.00	0.06642312	0.4902506	10.00	-0.4898499
-12.01758	10.00	2.630398	0.02010615	0.00	0.06433655	0.525035	10.00	-0.5246358
-11.99708	10.00	2.695991	0.02049855	0.00	0.06559217	0.5600509	10.00	-0.5596521
-11.97645	10.00	2.762017	0.02063436	0.00	0.06602675	0.6303708	10.00	-0.6299739
-11.93501	10.00	2.894616	0.04143904	0.00	0.1325985	0.6661314	10.00	-0.6657351
-11.91393	10.00	2.962047	0.02107321	0.00	0.06743101	0.6999562	10.00	-0.6995608
-11.894	10.00	3.025828	0.01993273	0.00	0.06378165	0.7353477	10.00	-0.7349533
-11.87315	10.00	3.092564	0.020856	0.00	0.06673596	0.7703649	10.00	-0.7699714
-11.85251	10.00	3.158594	0.02063525	0.00	0.06602959	0.8407099	10.00	-0.8403178
-11.81106	10.00	3.291239	0.04145364	0.00	0.1326452	0.8764873	10.00	-0.876096
-11.78997	10.00	3.358703	0.02108339	0.00	0.06746357	0.9108008	10.00	-0.9104109
-11.76975	10.00	3.423406	0.02022073	0.00	0.06470319	0.9456436	10.00	-0.9452547
-11.74922	10.00	3.489107	0.02053261	0.00	0.06570117	1.016571	10.00	-1.016183
-11.70742	10.00	3.622849	0.04179649	0.00	0.1337423	1.051917	10.00	-1.05153
-11.68659	10.00	3.6895	0.02082945	0.00	0.06665102	1.085621	10.00	-1.085235
-11.66673	10.00	3.753053	0.01986106	0.00	0.06355233	1.12089	10.00	-1.120505
-11.64595	10.00	3.819558	0.02078389	0.00	0.06650522	1.155825	10.00	-1.155441
-11.62536	10.00	3.885433	0.02058703	0.00	0.06587529	1.226386	10.00	-1.226003
-11.58378	10.00	4.018486	0.04158105	0.00	0.1330529	1.261438	10.00	-1.261057
-11.56313	10.00	4.084582	0.02065604	0.00	0.06609612	1.296145	10.00	-1.295764
-11.54267	10.00	4.150027	0.02045254	0.00	0.06544495	1.331142	10.00	-1.330761
-11.52205	10.00	4.216017	0.02062286	0.00	0.06598995	1.401679	10.00	-1.401301
-11.48048	10.00	4.349026	0.04156734	0.00	0.133009	1.437437	10.00	-1.437059
-11.45941	10.00	4.416451	0.02107144	0.00	0.06742535	1.472051	10.00	-1.471674
-11.43838	10.00	4.481722	0.02103013	0.00	0.06527083	1.542278	10.00	-1.541903
-11.39571	10.00	4.614145	0.04266642	0.00	0.132423	1.579986	10.00	-1.579612
-11.37281	10.00	4.685248	0.02290925	0.00	0.07110301	1.646986	10.00	-1.646613
-11.3321	10.00	4.811586	0.04070567	0.00	0.1263374	1.682083	10.00	-1.681711
-11.31078	10.00	4.877767	0.02132341	0.00	0.06618106	1.716428	10.00	-1.716057
-11.28991	10.00	4.94253	0.0208664	0.00	0.06476264	1.751788	10.00	-1.751418
-11.26843	10.00	5.009206	0.02148304	0.00	0.0666765	1.78683	10.00	-1.78646
-11.24714	10.00	5.075282	0.02128965	0.00	0.0660763	1.857941	10.00	-1.857573
-11.20393	10.00	5.209372	0.04320325	0.00	0.1340891	1.893227	10.00	-1.89286
-11.1825	10.00	5.275908	0.02143788	0.00	0.06653636	1.930256	10.00	-1.929891
-11.16	10.00	5.345733	0.0224974	0.00	0.06982475	1.998694	10.00	-1.99833
-11.11842	10.00	5.474782	0.04157954	0.00	0.1290497	2.03888	10.00	-2.038516
-11.094	10.00	5.550557	0.02441437	0.00	0.07577442	2.103349	10.00	-2.102987
-11.05484	10.00	5.672123	0.03916862	0.00	0.1215669	2.140501	10.00	-2.14014
-11.03226	10.00	5.742177	0.02257128	0.00	0.07005407	2.174748	10.00	-2.174389
-11.01146	10.00	5.806757	0.02080756	0.00	0.06458004	2.24384	10.00	-2.243481
-10.96948	10.00	5.937039	0.04197635	0.00	0.1302812	2.286713	10.00	-2.286356
-10.94343	10.00	6.017882	0.02604765	0.00	0.0808436	2.337126	10.00	-2.336769
-10.91281	10.00	6.112943	0.03062822	0.00	0.09506024	2.382148	10.00	-2.381792
-10.88545	10.00	6.197838	0.02735299	0.00	0.08489498	2.417864	10.00	-2.41751
-10.86375	10.00	6.265186	0.02169969	0.00	0.0673489	2.452984	10.00	-2.452631
-10.84242	10.00	6.33141	0.02133709	0.00	0.06622352	2.487796	10.00	-2.487444
-10.82127	10.00	6.397053	0.02115009	0.00	0.06564313	2.558765	10.00	-2.558414
-10.77815	10.00	6.530875	0.04311704	0.00	0.1338216	2.59375	10.00	-2.5934
-10.75689	10.00	6.596843	0.02125499	0.00	0.06596871	2.628117	10.00	-2.627767
-10.73601	10.00	6.661647	0.02087962	0.00	0.0648037	2.663313	10.00	-2.662965
-10.71463	10.00	6.728015	0.02138361	0.00	0.06636791	2.697945	10.00	-2.697597
-10.69359	10.00	6.793318	0.02104062	0.00	0.06530339	2.768458	10.00	-2.768111
-10.65075	10.00	6.92628	0.04283974	0.00	0.1329609	2.803536	10.00	-2.80319
-10.62944	10.00	6.992424	0.02131155	0.00	0.06614425	2.838586	10.00	-2.838241
-10.60814	10.00	7.058516	0.02129467	0.00	0.06609187	2.873439	10.00	-2.873095
-10.58697	10.00	7.124237	0.02117517	0.00	0.06572099	2.944519	10.00	-2.944177
-10.54378	10.00	7.258269	0.043185	0.00	0.1340325	2.979319	10.00	-2.978978
-10.52264	10.00	7.323888	0.02114233	0.00	0.06561907	3.014553	10.00	-3.014213
-10.50123	10.00	7.390328	0.02140687	0.00	0.06644011	3.048343	10.00	-3.048004
-10.48071	10.00	7.454043	0.02052888	0.00	0.06371512	3.083437	10.00	-3.083099
-10.45938	10.00	7.520218	0.02132158	0.00	0.06617539	3.154239	10.00	-3.153902
-10.41637	10.00	7.653725	0.04301534	0.00	0.1335059	3.189712	10.00	-3.189377
-10.39482	10.00	7.720615	0.02155191	0.00	0.06689025	3.22383	10.00	-3.223495
-10.37409	10.00	7.784948	0.0207282	0.00	0.06433372	3.259108	10.00	-3.258774
-10.35266	10.00	7.851469	0.02143287	0.00	0.06652079	3.331405	10.00	-3.331073
-10.30873	10.00	7.987796	0.04392434	0.00	0.1363271	3.365063	10.00	-3.364732
-10.28828	10.00	8.051265	0.02044952	0.00	0.06346881	3.398922	10.00	-3.398591
-10.26771	10.00	8.115109	0.02057039	0.00	0.06384394	3.434042	10.00	-3.433712
-10.24637	10.00	8.181334	0.02133754	0.00	0.06622493	3.505293	10.00	-3.504965
-10.20309	10.00	8.315686	0.04328808	0.00	0.1343524	3.539444	10.00	-3.539117
-10.18234	10.00	8.380084	0.02074872	0.00	0.06439742	3.574151	10.00	-3.573824
-10.16125	10.00	8.445529	0.02108623	0.00	0.06544495	3.609452	10.00	-3.609126
-10.1398	10.00	8.512092	0.02144655	0.00	0.06656326	3.644377	10.00	-3.644051
-10.11859	10.00	8.577948	0.0212185	0.00	0.06585547	3.714694	10.00	-3.714371
-10.07586	10.00	8.710542	0.04272161	0.00	0.1325943	3.751089	10.00	-3.750767
-10.05375	10.00	8.77917	0.022112	0.00	0.06862859	3.784663	10.00	-3.784341
-10.03335	10.00	8.842478	0.02039753	0.00	0.06330743	3.822928	10.00	-3.822608
-10.01011	10.00	8.914633	0.02324813	0.00	0.07215479	3.89116	10.00	-3.890841
-9.968652	10.00	9.043293	0.04145412	0.00	0.1286604	3.926269	10.00	-3.925951
-9.947322	10.00	9.109497	0.0213307	0.00	0.0662037	3.959639	10.00	-3.959321
-9.927048	10.00	9.17242	0.02027347	0.00	0.0629224	3.994994	10.00	-3.994678
-9.905568	10.00	9.239087	0.0214803	0.00	0.06666801	4.029976	10.00	-4.029661
-9.884315	10.00	9.30505	0.02125316	0.00	0.06596305	4.10131	10.00	-4.100997
-9.840976	10.00	9.439561	0.04333916	0.00	0.1345109	4.136811	10.00	-4.136498
-9.819407	10.00	9.506504	0.02156878	0.00	0.06694263	4.170481	10.00	-4.170168
-9.798951	10.00	9.569992	0.02045591	0.00	0.06348862	4.206163	10.00	-4.205853
-9.777271	10.00	9.637278	0.02167916	0.00	0.0672852	4.275678	10.00	-4.275368
-9.735038	10.00	9.768357	0.04223359	0.00	0.1310796	4.310403	10.00	-4.310092
-9.713942	10.00	9.833834	0.02109627	0.00	0.0654761	4.345284	10.00	-4.344976
-9.692749	10.00	9.899608	0.02119251	0.00	0.06577478	4.380377	10.00	-4.38007
-9.671429	10.00	9.96578	0.02132067	0.00	0.06617256	4.451622	10.00	-4.451316
-9.628143	10.00	10.10012	0.04328489	0.00	0.1343425	4.486672	10.00	-4.486367
-9.606849	10.00	10.16621	0.02129467	0.00	0.06609187	4.52439	10.00	-4.524086
-9.583933	10.00	10.23734	0.02291564	0.00	0.07112283	4.591705	10.00	-4.591403
-9.539349	10.00	10.35321	0.04458443	0.00	0.1158703	4.627079	10.00	-4.626777
-9.515921	10.00	10.4128	0.02342835	0.00	0.05959618	4.668669	10.00	-4.668368
-9.488374	10.00	10.47984	0.0275468	0.00	0.06703497	4.732505	10.00	-4.732205
-9.444928	10.00	10.58156	0.04344587	0.00	0.1017234	4.773531	10.00	-4.773233
-9.417006	10.00	10.64544	0.02792146	0.00	0.06387667	4.837239	10.00	-4.836943
-9.373648	10.00	10.73416	0.04335902	0.00	0.08872459	4.871749	10.00	-4.871454
-9.34953	10.00	10.78096	0.02411674	0.00	0.04680001	4.906606	10.00	-4.906312
-9.323261	10.00	10.8276	0.02626895	0.00	0.04663495	4.942098	10.00	-4.941803
-9.296515	10.00	10.87508	0.02674701	0.00	0.04748364	5.011872	10.00	-5.01158
-9.243932	10.00	10.96843	0.05258317	0.00	0.09335025	5.046535	10.00	-5.046243
-9.21781	10.00	11.01481	0.02612186	0.00	0.04637381	5.08183	10.00	-5.081539
-9.189922	10.00	11.06203	0.02788764	0.00	0.04722049	5.116409	10.00	-5.116118
-9.160706	10.00	11.10703	0.02921646	0.00	0.0450006	5.187053	10.00	-5.186764
-9.095859	10.00	11.18993	0.0648469	0.00	0.08290471	5.222203	10.00	-5.221915
-9.06295	10.00	11.23054	0.03290813	0.00	0.04060969	5.256464	10.00	-5.256177
-9.030876	10.00	11.27012	0.03207459	0.00	0.03958107	5.291811	10.00	-5.291525
-8.997783	10.00	11.31096	0.03309297	0.00	0.04083779	5.326694	10.00	-5.326408
-8.965126	10.00	11.35126	0.03265722	0.00	0.04030006	5.397175	10.00	-5.396893
-8.901715	10.00	11.43269	0.0634105	0.00	0.08142667	5.434256	10.00	-5.433973
-8.868354	10.00	11.47553	0.03336101	0.00	0.04283953	5.46682	10.00	-5.466538
-8.839057	10.00	11.51315	0.02929776	0.00	0.03762183	5.502014	10.00	-5.501733
-8.807392	10.00	11.55381	0.03166439	0.00	0.04066086	5.537614	10.00	-5.537334
-8.775364	10.00	11.59494	0.03202775	0.00	0.04112747	5.608227	10.00	-5.60795
-8.711834	10.00	11.67652	0.06353004	0.00	0.08158018	5.643597	10.00	-5.64332
-8.680014	10.00	11.71738	0.03182108	0.00	0.04086208	5.677914	10.00	-5.677638
-8.649137	10.00	11.75703	0.03087551	0.00	0.03964785	5.712443	10.00	-5.712168
-8.618073	10.00	11.79692	0.03106463	0.00	0.0398907	5.747441	10.00	-5.747167
-8.586585	10.00	11.83735	0.03148811	0.00	0.04043449	5.818364	10.00	-5.818091
-8.522778	10.00	11.91929	0.06380763	0.00	0.08193664	5.853626	10.00	-5.853354
-8.491053	10.00	11.96003	0.0317245	0.00	0.04073805	5.887484	10.00	-5.887211
-8.460592	10.00	11.99914	0.03046081	0.00	0.03911533	5.922485	10.00	-5.922215
-8.429101	10.00	12.03958	0.03149081	0.00	0.04043796	5.993886	10.00	-5.993617
-8.364862	10.00	12.12207	0.06423854	0.00	0.08248998	6.029836	10.00	-6.029568
-8.33252	10.00	12.1636	0.03234317	0.00	0.0415325	6.098392	10.00	-6.098125
-8.270841	10.00	12.24281	0.06167875	0.00	0.0792029	6.133856	10.00	-6.13359
-8.238935	10.00	12.28378	0.03190618	0.00	0.04097135	6.16773	10.00	-6.167465
-8.208458	10.00	12.32291	0.03047635	0.00	0.03913528	6.203093	10.00	-6.20283
-8.176643	10.00	12.36377	0.031815	0.00	0.04085427	6.238812	10.00	-6.23855
-8.144506	10.00	12.40503	0.0321365	0.00	0.04126711	6.309064	10.00	-6.308804
-8.081302	10.00	12.4862	0.06320517	0.00	0.081163	6.344636	10.00	-6.344375
-8.049299	10.00	12.52729	0.03200209	0.00	0.04109452	6.378629	10.00	-6.37837
-8.018716	10.00	12.56656	0.03058374	0.00	0.03927318	6.413204	10.00	-6.412946
-7.987609	10.00	12.60651	0.0311065	0.00	0.03994447	6.483874	10.00	-6.483616
-7.924028	10.00	12.68815	0.0635807	0.00	0.08164523	6.519079	10.00	-6.518824
-7.892355	10.00	12.72883	0.03167317	0.00	0.04067214	6.553399	10.00	-6.553143
-7.861478	10.00	12.76848	0.03087754	0.00	0.03965046	6.588644	10.00	-6.58839
-7.829768	10.00	12.8092	0.03171032	0.00	0.04071984	6.623791	10.00	-6.623537
-7.798147	10.00	12.8498	0.03162048	0.00	0.04060449	6.694744	10.00	-6.694493
-7.734312	10.00	12.93177	0.06383532	0.00	0.0819722	6.72972	10.00	-6.729468
-7.702843	10.00	12.97218	0.03146852	0.00	0.04040934	6.763625	10.00	-6.763373
-7.67234	10.00	13.01135	0.03050336	0.00	0.03916997	6.798823	10.00	-6.798574
-7.640674	10.00	13.05202	0.03166573	0.00	0.0406626	6.833843	10.00	-6.833594
-7.609166	10.00	13.09248	0.03150837	0.00	0.04046052	6.904794	10.00	-6.904547
-7.545333	10.00	13.17445	0.06383263	0.00	0.08196872	6.939648	10.00	-6.939401
-7.513975	10.00	13.21471	0.03135843	0.00	0.04026797	6.97393	10.00	-6.973682
-7.483134	10.00	13.25432	0.03084106	0.00	0.03960362	7.009816	10.00	-7.009571
-7.450847	10.00	13.29578	0.03228711	0.00	0.04146051	7.047559	10.00	-7.047315
-7.416889	10.00	13.33938	0.03395739	0.00	0.04360535	7.115511	10.00	-7.115271
-7.355753	10.00	13.41789	0.06113573	0.00	0.07850559	7.150687	10.00	-7.150445
-7.324107	10.00	13.45853	0.03164615	0.00	0.04063744	7.195006	10.00	-7.194767
-7.284234	10.00	13.50973	0.03987327	0.00	0.05120206	7.256302	10.00	-7.256063
-7.229086	10.00	13.58054	0.05514758	0.00	0.07081609	7.295461	10.00	-7.295223
-7.193857	10.00	13.62721	0.03522985	0.00	0.04666928	7.360573	10.00	-7.360337
-7.135274	10.00	13.70601	0.05858202	0.00	0.07879295	7.395302	10.00	-7.395067
-7.104029	10.00	13.7493	0.03124563	0.00	0.04329367	7.430185	10.00	-7.429951
-7.072645	10.00	13.79342	0.03138409	0.00	0.04412244	7.477449	10.00	-7.477216
-7.030123	10.00	13.8532	0.04252221	0.00	0.05978135	7.535255	10.00	-7.535024
-6.978117	10.00	13.92632	0.05200559	0.00	0.07311389	7.571265	10.00	-7.571033
-6.945718	10.00	13.97187	0.03239923	0.00	0.0455496	7.604868	10.00	-7.604638
-6.915486	10.00	14.01437	0.03023185	0.00	0.04250251	7.640051	10.00	-7.639822
-6.883832	10.00	14.05887	0.03165358	0.00	0.0445013	7.710664	10.00	-7.710435
-6.820304	10.00	14.14818	0.06352802	0.00	0.0893131	7.745967	10.00	-7.745741
-6.788541	10.00	14.19284	0.03176299	0.00	0.04465513	7.78055	10.00	-7.780324
-6.757427	10.00	14.23658	0.03111393	0.00	0.04374262	7.81542	10.00	-7.815194
-6.726058	10.00	14.28068	0.03136991	0.00	0.04410249	7.886129	10.00	-7.885905
-6.662441	10.00	14.37399	0.06361649	0.00	0.09331065	7.92029	10.00	-7.920066
-6.631706	10.00	14.41908	0.03073503	0.00	0.04508116	7.955715	10.00	-7.955493
-6.599835	10.00	14.46582	0.03187106	0.00	0.04674746	8.026718	10.00	-8.026497
-6.537252	10.00	14.55952	0.06258284	0.00	0.09369601	8.062514	10.00	-8.062295
-6.5057	10.00	14.60676	0.0315518	0.00	0.04723783	8.09605	10.00	-8.095832
-6.476141	10.00	14.65101	0.02955876	0.00	0.04425395	8.130632	10.00	-8.130415
-6.445658	10.00	14.69665	0.03048382	0.00	0.0456389	8.165919	10.00	-8.165704
-6.414555	10.00	14.74321	0.0311025	0.00	0.04656517	8.237297	10.00	-8.237081
-6.351642	10.00	14.83741	0.06291303	0.00	0.09419036	8.272083	10.00	-8.271868
-6.320981	10.00	14.88331	0.03066181	0.00	0.04590539	8.310741	10.00	-8.310528
-6.286906	10.00	14.93433	0.0340742	0.00	0.05101424	8.376596	10.00	-8.376383
-6.22886	10.00	15.02123	0.05804557	0.00	0.08690303	8.412489	10.00	-8.412277
-6.197223	10.00	15.06859	0.03163716	0.00	0.04736563	8.446042	10.00	-8.445832
-6.167647	10.00	15.11287	0.02957663	0.00	0.0442807	8.481335	10.00	-8.481125
-6.136541	10.00	15.15944	0.03110581	0.00	0.04657012	8.551674	10.00	-8.551466
-6.074542	10.00	15.25227	0.06199922	0.00	0.09282225	8.586804	10.00	-8.586598
-6.043577	10.00	15.29863	0.03096487	0.00	0.04635911	8.622028	10.00	-8.621823
-6.013815	10.00	15.34704	0.02976194	0.00	0.0484134	8.657125	10.00	-8.65692
-5.98416	10.00	15.3972	0.02965475	0.00	0.05016154	8.727279	10.00	-8.727077
-5.924888	10.00	15.49874	0.05927271	0.00	0.1015417	8.762562	10.00	-8.762359
-5.895721	10.00	15.54981	0.02916595	0.00	0.05106859	8.796778	10.00	-8.796577
-5.867435	10.00	15.60309	0.02828597	0.00	0.05327634	8.831643	10.00	-8.831442
-5.838615	10.00	15.65801	0.02882029	0.00	0.05491928	8.902237	10.00	-8.902038
-5.784126	10.00	15.77694	0.05448933	0.00	0.1189356	8.937948	10.00	-8.937751
-5.75656	10.00	15.83711	0.02756597	0.00	0.06016913	8.971784	10.00	-8.971585
-5.730444	10.00	15.89411	0.02611559	0.00	0.05700333	9.00702	10.00	-9.006821
-5.703248	10.00	15.95348	0.02719686	0.00	0.05936345	9.042146	10.00	-9.041948
-5.676135	10.00	16.01266	0.02711226	0.00	0.05917879	9.112582	10.00	-9.112389
-5.621765	10.00	16.13133	0.05437054	0.00	0.1186763	9.147374	10.00	-9.147181
-5.59491	10.00	16.18995	0.0268544	0.00	0.05861595	9.182097	10.00	-9.181906
-5.568108	10.00	16.24845	0.02680225	0.00	0.05850213	9.217245	10.00	-9.217054
-5.540978	10.00	16.30767	0.02713022	0.00	0.059218	9.288374	10.00	-9.288183
-5.486076	10.00	16.42751	0.05490191	0.00	0.1198361	9.322641	10.00	-9.322452
-5.459626	10.00	16.48524	0.02644994	0.00	0.05773313	9.357496	10.00	-9.357306
-5.432723	10.00	16.54396	0.02690307	0.00	0.0587222	9.392543	10.00	-9.392356
-5.405671	10.00	16.60301	0.02705199	0.00	0.05904726	9.462897	10.00	-9.462712
-5.351365	10.00	16.72154	0.05430564	0.00	0.1185347	9.498878	10.00	-9.498693
-5.323593	10.00	16.78216	0.02777226	0.00	0.0606194	9.532646	10.00	-9.532463
-5.297529	10.00	16.83905	0.02606402	0.00	0.05689077	9.568482	10.00	-9.568301
-5.269866	10.00	16.89943	0.02766274	0.00	0.06038035	9.603757	10.00	-9.603572
-5.24264	10.00	16.95886	0.02722583	0.00	0.0594267	9.674649	10.00	-9.674468
-5.187919	10.00	17.0783	0.05472111	0.00	0.1194415	9.714204	10.00	-9.714023
-5.15739	10.00	17.14494	0.0305299	0.00	0.06663859	9.780193	10.00	-9.780016
-5.106451	10.00	17.25612	0.05093841	0.00	0.1111849	9.822947	10.00	-9.822771
-5.07345	10.00	17.32816	0.03300071	0.00	0.07203171	9.886099	10.00	-9.885923
-5.024707	10.00	17.43455	0.04874284	0.00	0.1063926	9.918584	10.00	-9.918408
-5.000225	10.00	17.48928	0.02448231	0.00	0.05473302	9.954428	10.00	-9.954255
-4.973212	10.00	17.54967	0.02701292	0.00	0.06039047	10.02458	10.00	-10.02441
-4.920341	10.00	17.67171	0.05287057	0.00	0.122041	10.05932	10.00	-10.05914
-4.894168	10.00	17.73276	0.02617334	0.00	0.06104999	10.0937	10.00	-10.09353
-4.868883	10.00	17.79321	0.02528528	0.00	0.06044296	10.12874	10.00	-10.12857
-4.843115	10.00	17.8548	0.02576777	0.00	0.06159632	10.16369	10.00	-10.16352
-4.817415	10.00	17.91751	0.02569987	0.00	0.06271022	10.23407	10.00	-10.2339
-4.76566	10.00	18.04894	0.0517558	0.00	0.1314295	10.26953	10.00	-10.26936
-4.739586	10.00	18.11515	0.02607305	0.00	0.06621032	10.30361	10.00	-10.30344
-4.715772	10.00	18.17879	0.02381507	0.00	0.06363649	10.33904	10.00	-10.33887
-4.691658	10.00	18.24495	0.02411304	0.00	0.06616126	10.37456	10.00	-10.37439
-4.667482	10.00	18.31129	0.02417639	0.00	0.06633509	10.44478	10.00	-10.44462
-4.619693	10.00	18.44241	0.04778923	0.00	0.1311239	10.48401	10.00	-10.48384
-4.592993	10.00	18.51567	0.02669933	0.00	0.07325752	10.5502	10.00	-10.55004
-4.547946	10.00	18.63927	0.04504762	0.00	0.1236015	10.5854	10.00	-10.58524
-4.523984	10.00	18.70501	0.02396129	0.00	0.0657449	10.61909	10.00	-10.61893
-4.501056	10.00	18.76793	0.02292872	0.00	0.06291172	10.65455	10.00	-10.65439
-4.476923	10.00	18.83414	0.02413245	0.00	0.06621452	10.68954	10.00	-10.68939
-4.453109	10.00	18.89948	0.02381466	0.00	0.06534256	10.7599	10.00	-10.75975
-4.405224	10.00	19.03087	0.04788478	0.00	0.1313861	10.79461	10.00	-10.79446
-4.381598	10.00	19.09569	0.02362562	0.00	0.06482387	10.82948	10.00	-10.82932
-4.35787	10.00	19.1608	0.02372831	0.00	0.06510565	10.86553	10.00	-10.86538
-4.333332	10.00	19.22813	0.02453813	0.00	0.06732761	10.93592	10.00	-10.93577
-4.285425	10.00	19.35957	0.04790726	0.00	0.1314477	10.9706	10.00	-10.97045
-4.261827	10.00	19.42432	0.023597	0.00	0.06474537	11.00534	10.00	-11.00519
-4.23818	10.00	19.4892	0.02364759	0.00	0.06488416	11.03988	10.00	-11.03973
-4.214673	10.00	19.5537	0.02350708	0.00	0.06449864	11.07507	10.00	-11.07492
-4.190727	10.00	19.6194	0.02394596	0.00	0.06570285	11.14557	10.00	-11.14543
-4.142744	10.00	19.75106	0.04798288	0.00	0.1316552	11.18112	10.00	-11.18098
-4.118545	10.00	19.81746	0.02419887	0.00	0.06639677	11.2151	10.00	-11.21496
-4.095421	10.00	19.8809	0.02312389	0.00	0.06344724	11.25032	10.00	-11.25017
-4.071454	10.00	19.94666	0.02396742	0.00	0.06576172	11.28595	10.00	-11.28581
-4.047203	10.00	20.01321	0.0242515	0.00	0.06654116	11.35573	10.00	-11.35559
-3.999712	10.00	20.14351	0.04749034	0.00	0.1303038	11.39056	10.00	-11.39042
-3.976009	10.00	20.20855	0.02370328	0.00	0.06503696	11.42531	10.00	-11.42517
-3.952357	10.00	20.27344	0.02365167	0.00	0.06489537	11.46065	10.00	-11.46051
-3.928308	10.00	20.33943	0.02404968	0.00	0.06598742	11.53094	10.00	-11.53081
-3.880466	10.00	20.4707	0.04784135	0.00	0.1312669	11.5661	10.00	-11.56597
-3.856535	10.00	20.53636	0.02393064	0.00	0.06566079	11.60111	10.00	-11.60098
-3.832709	10.00	20.60173	0.02382692	0.00	0.06537621	11.63574	10.00	-11.63561
-3.80914	10.00	20.6664	0.02356839	0.00	0.06466686	11.70618	10.00	-11.70605
-3.761202	10.00	20.79793	0.04793791	0.00	0.1315319	11.74109	10.00	-11.74096
-3.737441	10.00	20.86313	0.02376152	0.00	0.06519677	11.77578	10.00	-11.77565
-3.713832	10.00	20.92791	0.02360876	0.00	0.06477761	11.8109	10.00	-11.81077
-3.689929	10.00	20.99349	0.02390254	0.00	0.06558368	11.88151	10.00	-11.88138
-3.641878	10.00	21.12533	0.04805133	0.00	0.1318431	11.91718	10.00	-11.91705
-3.617597	10.00	21.19196	0.02428113	0.00	0.06662247	11.95112	10.00	-11.95099
-3.5945	10.00	21.25533	0.02309732	0.00	0.06337433	11.98644	10.00	-11.98631
-3.570465	10.00	21.32128	0.02403487	0.00	0.06594677	12.02139	10.00	-12.02127
-3.546673	10.00	21.38656	0.02379218	0.00	0.06528088	12.09462	10.00	-12.09449
-3.496838	10.00	21.52329	0.04983497	0.00	0.136737	12.13091	10.00	-12.13079
-3.472135	10.00	21.59107	0.02470264	0.00	0.06777901	12.19935	10.00	-12.19923
-3.425557	10.00	21.71887	0.04657783	0.00	0.1278001	12.24925	10.00	-12.24913
-3.391597	10.00	21.81206	0.03396058	0.00	0.0931809	12.30242	10.00	-12.3023
-3.355412	10.00	21.91134	0.03618412	0.00	0.09928184	12.34313	10.00	-12.34301
-3.327707	10.00	21.98735	0.02770534	0.00	0.0760178	12.41018	10.00	-12.41007
-3.282069	10.00	22.11258	0.04563773	0.00	0.1252206	12.44561	10.00	-12.4455
-3.257957	10.00	22.17874	0.02411253	0.00	0.06615986	12.51585	10.00	-12.51574
-3.210155	10.00	22.30989	0.04780149	0.00	0.1311575	12.55071	10.00	-12.5506
-3.18643	10.00	22.37499	0.02372576	0.00	0.06509864	12.61873	10.00	-12.61862
-3.140134	10.00	22.50202	0.0462958	0.00	0.1270262	12.65388	10.00	-12.65377
-3.116209	10.00	22.56766	0.02392451	0.00	0.06564397	12.72469	10.00	-12.72458
-3.068018	10.00	22.69989	0.04819082	0.00	0.1322258	12.76332	10.00	-12.76321
-3.041732	10.00	22.77201	0.02628702	0.00	0.07212622	12.82949	10.00	-12.82938
-2.996696	10.00	22.89558	0.04503587	0.00	0.1235692	12.863	10.00	-12.86289
-2.97389	10.00	22.95816	0.02280609	0.00	0.06257527	12.89896	10.00	-12.89886
-2.949415	10.00	23.02531	0.02447426	0.00	0.06715237	12.96931	10.00	-12.96921
-2.901537	10.00	23.15668	0.04787865	0.00	0.1313692	13.00538	10.00	-13.00528
-2.876985	10.00	23.22404	0.02455141	0.00	0.06736407	13.03824	10.00	-13.03814
-2.854624	10.00	23.2854	0.02236159	0.00	0.06135565	13.11025	10.00	-13.11015
-2.805615	10.00	23.41987	0.04900829	0.00	0.1344688	13.14597	10.00	-13.14587
-2.781309	10.00	23.48656	0.02430668	0.00	0.06669257	13.21449	10.00	-13.21439
-2.734672	10.00	23.61452	0.04663659	0.00	0.1279613	13.24896	10.00	-13.24887
-2.71121	10.00	23.6789	0.02346263	0.00	0.06437667	13.31961	10.00	-13.31951
-2.663133	10.00	23.81081	0.04807637	0.00	0.1319118	13.35406	10.00	-13.35397
-2.639656	10.00	23.87523	0.02347694	0.00	0.06441592	13.42462	10.00	-13.42453
-2.59115	10.00	24.00832	0.04850606	0.00	0.1330907	13.45862	10.00	-13.45853
-2.567332	10.00	24.07367	0.02381772	0.00	0.06535097	13.49374	10.00	-13.49365
-2.542498	10.00	24.14181	0.02483446	0.00	0.06814069	13.5589	10.00	-13.55882
-2.495945	10.00	24.26954	0.0465528	0.00	0.1277314	13.59018	10.00	-13.5901
-2.472675	10.00	24.33339	0.02327052	0.00	0.06384958	13.65356	10.00	-13.65349
-2.424519	10.00	24.46552	0.04815556	0.00	0.1321291	13.68242	10.00	-13.68235
-2.401234	10.00	24.52941	0.02328534	0.00	0.06389023	13.74037	10.00	-13.7403
-2.353022	10.00	24.6604	0.04821177	0.00	0.1309899	13.76745	10.00	-13.76738
-2.328951	10.00	24.72515	0.02407114	0.00	0.06475476	13.81912	10.00	-13.81906
-2.281373	10.00	24.84421	0.04757771	0.00	0.119056	13.84264	10.00	-13.84258
-2.258064	10.00	24.90254	0.02330884	0.00	0.05832683	13.8895	10.00	-13.88945
-2.209824	10.00	25.01937	0.04824038	0.00	0.1168317	13.9102	10.00	-13.91016
-2.186636	10.00	25.07553	0.02318775	0.00	0.0561576	13.95183	10.00	-13.95179
-2.137947	10.00	25.18953	0.04868897	0.00	0.1139995	13.96998	10.00	-13.96993
-2.114532	10.00	25.24058	0.02341563	0.00	0.0510558	13.98715	10.00	-13.98711
-2.091195	10.00	25.29084	0.02333694	0.00	0.05025816	14.02077	10.00	-14.02074
-2.041658	10.00	25.39085	0.04953666	0.00	0.1000116	14.03509	10.00	-14.03505
-2.017175	10.00	25.43902	0.02448304	0.00	0.04817128	14.06339	10.00	-14.06336
-1.965429	10.00	25.54083	0.05174552	0.00	0.1018112	14.07504	10.00	-14.07502
-1.939809	10.00	25.58808	0.02561982	0.00	0.04724797	14.08665	10.00	-14.08663
-1.911104	10.00	25.63904	0.02870508	0.00	0.05095977	14.10405	10.00	-14.10403
-1.86122	10.00	25.7276	0.04988397	0.00	0.08855839	14.11139	10.00	-14.11138
-1.834325	10.00	25.77535	0.02689581	0.00	0.04774779	14.12375	10.00	-14.12374
-1.781965	10.00	25.8683	0.05235913	0.00	0.09295251	14.12845	10.00	-14.12845
-1.755956	10.00	25.91447	0.02600927	0.00	0.04617394	14.13664	10.00	-14.13664
-1.702674	10.00	26.00907	0.05328244	0.00	0.09459165	14.13853	10.00	-14.13854
-1.676477	10.00	26.05557	0.0261971	0.00	0.0465074	14.14001	10.00	-14.14001
-1.622796	10.00	26.15087	0.05368072	0.00	0.09529871	14.14001	10.00	-14.14001
-1.59552	10.00	26.1993	0.02727599	0.00	0.04842273	14.14001	10.00	-14.14001
-1.543089	10.00	26.29237	0.05243098	0.00	0.09308007	14.14001	10.00	-14.14001
-1.485627	10.00	26.39439	0.05746221	0.00	0.1020119	14.14001	10.00	-14.14001
-1.438205	10.00	26.47857	0.04742182	0.00	0.08418737	14.14001	10.00	-14.14001
-1.403141	10.00	26.54082	0.03506355	0.00	0.06224789	14.14001	10.00	-14.14001
-1.359506	10.00	26.61829	0.04363525	0.00	0.07746511	14.14001	10.00	-14.14001
-1.325559	10.00	26.67855	0.03394676	0.00	0.06026526	14.14001	10.00	-14.14001
-1.27965	10.00	26.76005	0.045909	0.00	0.08150168	14.14001	10.00	-14.14001
20.85306
