0	10.00	-49.93305	0	0.00	0.06694688	-28.28002	10.00	28.28002
0	10.00	-49.46212	0	0.00	0.4709341	-28.27323	10.00	28.27381
0	10.00	-49.34715	0	0.00	0.1149732	-28.2623	10.00	28.26362
0	10.00	-49.22548	0	0.00	0.1216674	-28.25119	10.00	28.25251
0	10.00	-49.1375	0	0.00	0.08797953	-28.24014	10.00	28.24132
0	10.00	-49.0664	0	0.00	0.07110018	-28.21761	10.00	28.21849
0	10.00	-48.94122	0	0.00	0.1251766	-28.2034	10.00	28.20387
0	10.00	-48.87691	0	0.00	0.06431532	-28.18761	10.00	28.1876
0	10.00	-48.81182	0	0.00	0.0650854	-28.16969	10.00	28.16918
0	10.00	-48.7443	0	0.00	0.06751594	-28.15079	10.00	28.14987
0	10.00	-48.67905	0	0.00	0.06525809	-28.10871	10.00	28.10685
0	10.00	-48.54419	0	0.00	0.1348564	-28.08512	10.00	28.0831
0	10.00	-48.47857	0	0.00	0.06562614	-28.06013	10.00	28.05814
0	10.00	-48.41341	0	0.00	0.06515759	-28.0337	10.00	28.0319
0	10.00	-48.34846	0	0.00	0.06495091	-28.00449	10.00	28.0029
0	10.00	-48.2799	0	0.00	0.06856064	-27.9466	10.00	27.94545
0	10.00	-48.14965	0	0.00	0.1302487	-27.91492	10.00	27.91396
0	10.00	-48.08312	0	0.00	0.06652645	-27.85014	10.00	27.84949
0	10.00	-47.95123	0	0.00	0.1318964	-27.81506	10.00	27.81448
0	10.00	-47.88379	0	0.00	0.06743384	-27.78137	10.00	27.78081
0	10.00	-47.81982	0	0.00	0.06396426	-27.74639	10.00	27.74583
0	10.00	-47.75386	0	0.00	0.0659673	-27.71148	10.00	27.71093
0	10.00	-47.68806	0	0.00	0.06580026	-27.64117	10.00	27.64062
0	10.00	-47.55547	0	0.00	0.1325843	-27.60572	10.00	27.60517
0	10.00	-47.48862	0	0.00	0.06685486	-27.57126	10.00	27.57072
0	10.00	-47.42366	0	0.00	0.06495799	-27.53596	10.00	27.53541
0	10.00	-47.3571	0	0.00	0.06656042	-27.50087	10.00	27.50031
0	10.00	-47.2909	0	0.00	0.06619946	-27.4661	10.00	27.46555
0	10.00	-47.22535	0	0.00	0.06554829	-27.3958	10.00	27.39525
0	10.00	-47.0928	0	0.00	0.1325532	-27.35959	10.00	27.35905
0	10.00	-47.02454	0	0.00	0.06826195	-27.32511	10.00	27.32456
0	10.00	-46.9595	0	0.00	0.0650401	-27.29042	10.00	27.28988
0	10.00	-46.89408	0	0.00	0.06541523	-27.25502	10.00	27.25447
0	10.00	-46.82732	0	0.00	0.06676144	-27.22064	10.00	27.22009
0	10.00	-46.76251	0	0.00	0.06480936	-27.15047	10.00	27.14993
0	10.00	-46.63023	0	0.00	0.1322857	-27.11452	10.00	27.11396
0	10.00	-46.56239	0	0.00	0.06783586	-27.08039	10.00	27.07985
0	10.00	-46.49807	0	0.00	0.06431957	-27.04558	10.00	27.04503
0	10.00	-46.43242	0	0.00	0.06565304	-27.01023	10.00	27.00969
0	10.00	-46.36578	0	0.00	0.06664253	-26.97513	10.00	26.97458
0	10.00	-46.29956	0	0.00	0.06620936	-26.9402	10.00	26.93966
0	10.00	-46.2337	0	0.00	0.06586255	-26.87018	10.00	26.86964
0	10.00	-46.1017	0	0.00	0.132004	-26.83382	10.00	26.83328
0	10.00	-46.03314	0	0.00	0.06856205	-26.80022	10.00	26.79968
0	10.00	-45.96977	0	0.00	0.06336688	-26.76483	10.00	26.76429
0	10.00	-45.90305	0	0.00	0.0667218	-26.72968	10.00	26.72915
0	10.00	-45.83678	0	0.00	0.06626882	-26.69405	10.00	26.69352
0	10.00	-45.76958	0	0.00	0.06719602	-26.62457	10.00	26.62403
0	10.00	-45.63857	0	0.00	0.1310116	-26.58878	10.00	26.58824
0	10.00	-45.57108	0	0.00	0.06749612	-26.55483	10.00	26.5543
0	10.00	-45.50707	0	0.00	0.06400672	-26.51953	10.00	26.519
0	10.00	-45.44049	0	0.00	0.06657883	-26.48446	10.00	26.48392
0	10.00	-45.37437	0	0.00	0.06611452	-26.4491	10.00	26.44857
0	10.00	-45.30769	0	0.00	0.06668075	-26.3782	10.00	26.37767
0	10.00	-45.174	0	0.00	0.1336984	-26.342	10.00	26.34147
0	10.00	-45.10576	0	0.00	0.06823364	-26.30741	10.00	26.30688
0	10.00	-45.04053	0	0.00	0.06523404	-26.2388	10.00	26.23827
0	10.00	-44.91114	0	0.00	0.1293908	-26.20067	10.00	26.20013
0	10.00	-44.83925	0	0.00	0.07188866	-26.12138	10.00	26.12085
0	10.00	-44.68973	0	0.00	0.1495203	-26.06053	10.00	26.06
0	10.00	-44.575	0	0.00	0.114724	-26.02321	10.00	26.02268
0	10.00	-44.50462	0	0.00	0.07038107	-25.95758	10.00	25.95705
0	10.00	-44.38089	0	0.00	0.1237398	-25.91955	10.00	25.91903
0	10.00	-44.30917	0	0.00	0.07171454	-25.85266	10.00	25.85213
0	10.00	-44.18303	0	0.00	0.126135	-25.81742	10.00	25.81689
0	10.00	-44.11659	0	0.00	0.06644152	-25.78266	10.00	25.78213
0	10.00	-44.05105	0	0.00	0.06554122	-25.74823	10.00	25.7477
0	10.00	-43.98613	0	0.00	0.06491695	-25.71273	10.00	25.71221
0	10.00	-43.91922	0	0.00	0.06691715	-25.64176	10.00	25.64124
0	10.00	-43.78537	0	0.00	0.1338456	-25.60741	10.00	25.60689
0	10.00	-43.7206	0	0.00	0.06476831	-25.57336	10.00	25.57283
0	10.00	-43.65639	0	0.00	0.06421482	-25.53804	10.00	25.53752
0	10.00	-43.58981	0	0.00	0.06658449	-25.50312	10.00	25.5026
0	10.00	-43.52397	0	0.00	0.06583849	-25.46806	10.00	25.46754
0	10.00	-43.45786	0	0.00	0.06610886	-25.39737	10.00	25.39685
0	10.00	-43.32455	0	0.00	0.1333063	-25.3599	10.00	25.35938
0	10.00	-43.25388	0	0.00	0.07066701	-25.32781	10.00	25.3273
0	10.00	-43.1934	0	0.00	0.06048619	-25.29276	10.00	25.29224
0	10.00	-43.1273	0	0.00	0.0660947	-25.22191	10.00	25.22139
0	10.00	-42.99368	0	0.00	0.1336191	-25.18615	10.00	25.18563
0	10.00	-42.92627	0	0.00	0.06741969	-25.15272	10.00	25.1522
0	10.00	-42.86322	0	0.00	0.06304272	-25.1175	10.00	25.11698
0	10.00	-42.79683	0	0.00	0.06639481	-25.08252	10.00	25.08201
0	10.00	-42.73086	0	0.00	0.0659673	-25.04753	10.00	25.04702
0	10.00	-42.6649	0	0.00	0.06595881	-24.9768	10.00	24.97628
0	10.00	-42.53151	0	0.00	0.1333969	-24.94111	10.00	24.94059
0	10.00	-42.46422	0	0.00	0.06728379	-24.90743	10.00	24.90692
0	10.00	-42.40072	0	0.00	0.06349712	-24.87208	10.00	24.87157
0	10.00	-42.33405	0	0.00	0.06667084	-24.83649	10.00	24.83598
0	10.00	-42.26695	0	0.00	0.06709976	-24.76638	10.00	24.76587
0	10.00	-42.13475	0	0.00	0.1321993	-24.73098	10.00	24.73047
0	10.00	-42.06799	0	0.00	0.06676852	-24.69709	10.00	24.69658
0	10.00	-42.00409	0	0.00	0.06389207	-24.66117	10.00	24.66067
0	10.00	-41.93639	0	0.00	0.06770422	-24.6266	10.00	24.6261
0	10.00	-41.87119	0	0.00	0.06520431	-24.55619	10.00	24.55569
0	10.00	-41.73843	0	0.00	0.1327556	-24.52129	10.00	24.52079
0	10.00	-41.67262	0	0.00	0.06581017	-24.48683	10.00	24.48633
0	10.00	-41.60764	0	0.00	0.06497923	-24.45161	10.00	24.45111
0	10.00	-41.54124	0	0.00	0.06639622	-24.41642	10.00	24.41592
0	10.00	-41.47488	0	0.00	0.06636366	-24.34527	10.00	24.34476
0	10.00	-41.3407	0	0.00	0.1341783	-24.30992	10.00	24.30942
0	10.00	-41.27405	0	0.00	0.06665244	-24.27616	10.00	24.27565
0	10.00	-41.21038	0	0.00	0.06366558	-24.24129	10.00	24.24079
0	10.00	-41.14465	0	0.00	0.0657309	-24.1706	10.00	24.1701
0	10.00	-41.01136	0	0.00	0.1332964	-24.13553	10.00	24.13503
0	10.00	-40.94522	0	0.00	0.06613576	-24.10115	10.00	24.10065
0	10.00	-40.88041	0	0.00	0.06481219	-24.06599	10.00	24.06549
0	10.00	-40.81409	0	0.00	0.0663127	-24.0309	10.00	24.0304
0	10.00	-40.74792	0	0.00	0.06617115	-23.95969	10.00	23.9592
0	10.00	-40.61366	0	0.00	0.1342675	-23.92454	10.00	23.92403
0	10.00	-40.54736	0	0.00	0.06629713	-23.89075	10.00	23.89025
0	10.00	-40.48366	0	0.00	0.06370237	-23.8548	10.00	23.8543
0	10.00	-40.41587	0	0.00	0.06778348	-23.78388	10.00	23.78338
0	10.00	-40.28215	0	0.00	0.1337267	-23.74867	10.00	23.74817
0.0001768112	10.00	-40.21575	0.0001768112	0.00	0.06640047	-23.71444	10.00	23.71394
0.001598388	10.00	-40.15121	0.001421577	0.00	0.06453332	-23.67786	10.00	23.67736
0.003786192	10.00	-40.08222	0.002187804	0.00	0.06899098	-23.60841	10.00	23.60791
0.009206463	10.00	-39.95128	0.00542027	0.00	0.1309423	-23.56829	10.00	23.56779
0.01233841	10.00	-39.87562	0.003131944	0.00	0.07566117	-23.50229	10.00	23.5018
0.01748978	10.00	-39.75117	0.005151369	0.00	0.1244462	-23.46096	10.00	23.46047
0.0207153	10.00	-39.67325	0.003225524	0.00	0.07792185	-23.39944	10.00	23.39895
0.02551714	10.00	-39.55725	0.004801838	0.00	0.1160023	-23.36078	10.00	23.36029
0.02853452	10.00	-39.48436	0.003017387	0.00	0.07289372	-23.29371	10.00	23.29322
0.03621992	10.00	-39.35787	0.007685392	0.00	0.1264875	-23.25964	10.00	23.25914
0.04136802	10.00	-39.29362	0.005148106	0.00	0.06425021	-23.22493	10.00	23.22444
0.04661061	10.00	-39.22819	0.005242588	0.00	0.06542938	-23.18909	10.00	23.18859
0.05202742	10.00	-39.16058	0.005416808	0.00	0.06760371	-23.11811	10.00	23.11763
0.06274829	10.00	-39.02678	0.01072087	0.00	0.1338003	-23.08341	10.00	23.08292
0.06799281	10.00	-38.96133	0.005244516	0.00	0.06545345	-23.04876	10.00	23.04828
0.07322655	10.00	-38.89601	0.005233741	0.00	0.06531896	-23.01437	10.00	23.01388
0.07842343	10.00	-38.83115	0.005196878	0.00	0.06485891	-22.94261	10.00	22.94213
0.08926498	10.00	-38.69585	0.01084155	0.00	0.1353065	-22.90894	10.00	22.90845
0.09435297	10.00	-38.63235	0.00508799	0.00	0.06349995	-22.87446	10.00	22.87398
0.09956051	10.00	-38.56735	0.00520754	0.00	0.06499197	-22.83881	10.00	22.83833
0.1049478	10.00	-38.50012	0.005387317	0.00	0.06723566	-22.76855	10.00	22.76808
0.1129974	10.00	-38.36764	0.008049561	0.00	0.132481	-22.73378	10.00	22.7333
0.1163461	10.00	-38.30207	0.003348748	0.00	0.06556245	-22.69924	10.00	22.69876
0.1196728	10.00	-38.23694	0.003326695	0.00	0.0651307	-22.66386	10.00	22.66338
0.1230804	10.00	-38.17023	0.003407531	0.00	0.06671331	-22.62898	10.00	22.6285
0.124529	10.00	-38.10447	0.001448644	0.00	0.06576204	-22.5575	10.00	22.55703
0.126193	10.00	-37.96969	0.001663951	0.00	0.1347799	-22.52259	10.00	22.52211
0.1270058	10.00	-37.90384	0.0008128912	0.00	0.06584415	-22.48829	10.00	22.48781
0.1270058	10.00	-37.83916	0	0.00	0.06468054	-22.45365	10.00	22.45317
0.1270058	10.00	-37.77385	0	0.00	0.06531613	-22.38298	10.00	22.3825
0.1270058	10.00	-37.64061	0	0.00	0.1332426	-22.34726	10.00	22.34678
0.1270058	10.00	-37.57323	0	0.00	0.06737439	-22.31354	10.00	22.31307
0.1270058	10.00	-37.50968	0	0.00	0.0635495	-22.2784	10.00	22.27793
0.1270058	10.00	-37.44341	0	0.00	0.06626882	-22.24266	10.00	22.24217
0.1270058	10.00	-37.376	0	0.00	0.06741261	-22.17199	10.00	22.17151
0.1270058	10.00	-37.24274	0	0.00	0.1332553	-22.13683	10.00	22.13635
0.1270058	10.00	-37.17645	0	0.00	0.06629288	-22.10073	10.00	22.10026
0.1270058	10.00	-37.10841	0	0.00	0.06804537	-22.03162	10.00	22.03114
0.1270058	10.00	-36.97806	0	0.00	0.1303463	-21.99677	10.00	21.9963
0.1270058	10.00	-36.91235	0	0.00	0.06570683	-21.9632	10.00	21.96272
0.1270058	10.00	-36.84905	0	0.00	0.06330036	-21.92796	10.00	21.92749
0.1270058	10.00	-36.7826	0	0.00	0.06644718	-21.85741	10.00	21.85694
0.1270058	10.00	-36.64958	0	0.00	0.1330232	-21.82235	10.00	21.82189
0.1270058	10.00	-36.58347	0	0.00	0.06610744	-21.78777	10.00	21.7873
0.1270058	10.00	-36.51826	0	0.00	0.06520855	-21.7525	10.00	21.75203
0.1270058	10.00	-36.45177	0	0.00	0.06650098	-21.71662	10.00	21.71615
0.1270058	10.00	-36.3841	0	0.00	0.06766458	-21.64597	10.00	21.6455
0.1270058	10.00	-36.25089	0	0.00	0.1332157	-21.61087	10.00	21.61041
0.1270058	10.00	-36.18471	0	0.00	0.06617398	-21.57738	10.00	21.57691
0.1270058	10.00	-36.12155	0	0.00	0.0631588	-21.54224	10.00	21.54178
0.1270058	10.00	-36.0553	0	0.00	0.066249	-21.50713	10.00	21.50666
0.1270058	10.00	-35.98909	0	0.00	0.06621361	-21.43666	10.00	21.4362
0.1270058	10.00	-35.85621	0	0.00	0.132876	-21.40059	10.00	21.40013
0.1270058	10.00	-35.78821	0	0.00	0.06800573	-21.36726	10.00	21.36679
0.1270058	10.00	-35.72535	0	0.00	0.06285445	-21.33147	10.00	21.33101
0.1270058	10.00	-35.65786	0	0.00	0.06749471	-21.2608	10.00	21.26034
0.1270058	10.00	-35.52461	0	0.00	0.1332468	-21.22621	10.00	21.22575
0.1270058	10.00	-35.4594	0	0.00	0.06521422	-21.17719	10.00	21.17673
0.1270058	10.00	-35.36695	0	0.00	0.09244708	-21.12066	10.00	21.12019
0.1270058	10.00	-35.26035	0	0.00	0.1066057	-21.07932	10.00	21.07886
0.1270058	10.00	-35.18242	0	0.00	0.07792751	-21.01556	10.00	21.01511
0.1270058	10.00	-35.06219	0	0.00	0.1202235	-20.98064	10.00	20.98017
0.1270058	10.00	-34.99633	0	0.00	0.06586538	-20.93495	10.00	20.9345
0.1270058	10.00	-34.91019	0	0.00	0.08613219	-20.87506	10.00	20.87461
0.1270058	10.00	-34.79727	0	0.00	0.1129277	-20.83989	10.00	20.83943
0.1270058	10.00	-34.73093	0	0.00	0.06633818	-20.79994	10.00	20.79949
0.1270058	10.00	-34.65561	0	0.00	0.07531577	-20.73552	10.00	20.73507
0.1270058	10.00	-34.53413	0	0.00	0.1214806	-20.69971	10.00	20.69926
0.1270058	10.00	-34.46662	0	0.00	0.06751452	-20.66574	10.00	20.66529
0.1270058	10.00	-34.40257	0	0.00	0.06404919	-20.63042	10.00	20.62998
0.1270058	10.00	-34.33596	0	0.00	0.06660431	-20.59534	10.00	20.59489
0.1270058	10.00	-34.26982	0	0.00	0.06614283	-20.52492	10.00	20.52447
0.1270058	10.00	-34.13704	0	0.00	0.1327854	-20.48937	10.00	20.48893
0.1270058	10.00	-34.07001	0	0.00	0.06703182	-20.45545	10.00	20.455
0.1270058	10.00	-34.00603	0	0.00	0.06396993	-20.4202	10.00	20.41975
0.1270058	10.00	-33.93957	0	0.00	0.06646276	-20.38542	10.00	20.38497
0.1270058	10.00	-33.87399	0	0.00	0.06558934	-20.31519	10.00	20.31475
0.1270058	10.00	-33.74157	0	0.00	0.1324145	-20.27881	10.00	20.27836
0.1270058	10.00	-33.67297	0	0.00	0.06860452	-20.24521	10.00	20.24476
0.1270058	10.00	-33.60961	0	0.00	0.06335698	-20.21027	10.00	20.20983
0.1270058	10.00	-33.54374	0	0.00	0.06587104	-20.14003	10.00	20.13958
0.1270058	10.00	-33.41128	0	0.00	0.1324584	-20.10426	10.00	20.10381
0.1270058	10.00	-33.34383	0	0.00	0.06744517	-20.06981	10.00	20.06936
0.1270058	10.00	-33.27887	0	0.00	0.06496082	-20.03462	10.00	20.03418
0.1270058	10.00	-33.21252	0	0.00	0.06635092	-19.96382	10.00	19.96338
0.1270058	10.00	-33.07902	0	0.00	0.1335045	-19.92793	10.00	19.92748
0.1270058	10.00	-33.01134	0	0.00	0.06767732	-19.8938	10.00	19.89336
0.1270058	10.00	-32.94698	0	0.00	0.06435496	-19.85994	10.00	19.8595
0.1270058	10.00	-32.88314	0	0.00	0.06384677	-19.82485	10.00	19.82441
0.1270058	10.00	-32.81698	0	0.00	0.06615699	-19.75457	10.00	19.75413
0.1270058	10.00	-32.68445	0	0.00	0.1325277	-19.71873	10.00	19.7183
0.1270058	10.00	-32.61688	0	0.00	0.06756973	-19.68486	10.00	19.68443
0.1270058	10.00	-32.55302	0	0.00	0.06386659	-19.64906	10.00	19.64862
0.1270058	10.00	-32.4855	0	0.00	0.06751169	-19.61455	10.00	19.61412
0.1270058	10.00	-32.42044	0	0.00	0.06506699	-19.54345	10.00	19.54301
0.1270058	10.00	-32.28637	0	0.00	0.1340721	-19.50926	10.00	19.50882
0.1270058	10.00	-32.2219	0	0.00	0.06447104	-19.4745	10.00	19.47407
0.1270058	10.00	-32.15636	0	0.00	0.06553272	-19.43919	10.00	19.43876
0.1270058	10.00	-32.08977	0	0.00	0.06659157	-19.36835	10.00	19.36792
0.1270058	10.00	-31.95621	0	0.00	0.1335625	-19.33332	10.00	19.33288
0.1270058	10.00	-31.89014	0	0.00	0.06606781	-19.29889	10.00	19.29846
0.1270058	10.00	-31.82523	0	0.00	0.06491128	-19.2639	10.00	19.26347
0.1270058	10.00	-31.75925	0	0.00	0.06597862	-19.19355	10.00	19.19312
0.1270058	10.00	-31.62661	0	0.00	0.132641	-19.15831	10.00	19.15789
0.1270058	10.00	-31.56015	0	0.00	0.06645709	-19.12317	10.00	19.12274
0.1270058	10.00	-31.49388	0	0.00	0.06626882	-19.0888	10.00	19.08837
0.1270058	10.00	-31.42908	0	0.00	0.06480087	-19.01727	10.00	19.01685
0.1270058	10.00	-31.29421	0	0.00	0.1348762	-18.98199	10.00	18.98156
0.1270058	10.00	-31.22768	0	0.00	0.06652645	-18.94549	10.00	18.94506
0.1270058	10.00	-31.15884	0	0.00	0.06884234	-18.87828	10.00	18.87786
0.1270058	10.00	-31.03212	0	0.00	0.126721	-18.84232	10.00	18.84189
0.1270058	10.00	-30.9643	0	0.00	0.06781604	-18.80823	10.00	18.80781
0.1270058	10.00	-30.90003	0	0.00	0.06426861	-18.7732	10.00	18.77277
0.1270058	10.00	-30.83398	0	0.00	0.0660494	-18.73806	10.00	18.73763
0.1270058	10.00	-30.76772	0	0.00	0.06626457	-18.66706	10.00	18.66663
0.1270058	10.00	-30.63384	0	0.00	0.1338768	-18.63047	10.00	18.63004
0.1270058	10.00	-30.56484	0	0.00	0.0690023	-18.5939	10.00	18.59348
0.1270058	10.00	-30.49589	0	0.00	0.06894992	-18.52687	10.00	18.52645
0.1270058	10.00	-30.36951	0	0.00	0.1263742	-18.49182	10.00	18.49139
0.1270058	10.00	-30.3034	0	0.00	0.06611452	-18.44879	10.00	18.44837
0.1270058	10.00	-30.22228	0	0.00	0.08112388	-18.3862	10.00	18.38578
0.1270058	10.00	-30.10425	0	0.00	0.1180294	-18.34411	10.00	18.3437
0.1270058	10.00	-30.0249	0	0.00	0.0793445	-18.28043	10.00	18.28002
0.1270058	10.00	-29.90481	0	0.00	0.1200905	-18.24358	10.00	18.24316
0.1270058	10.00	-29.83533	0	0.00	0.06948784	-18.17704	10.00	18.17662
0.1270058	10.00	-29.70985	0	0.00	0.1254781	-18.142	10.00	18.14159
0.1270058	10.00	-29.64379	0	0.00	0.06605507	-18.10753	10.00	18.10711
0.1270058	10.00	-29.57879	0	0.00	0.06499904	-18.07233	10.00	18.07191
0.1270058	10.00	-29.51242	0	0.00	0.06637357	-18.03724	10.00	18.03683
0.1270058	10.00	-29.44626	0	0.00	0.06615841	-17.96691	10.00	17.9665
0.1270058	10.00	-29.31364	0	0.00	0.1326155	-17.93197	10.00	17.93156
0.1270058	10.00	-29.24776	0	0.00	0.06588802	-17.89694	10.00	17.89653
0.1270058	10.00	-29.18171	0	0.00	0.06605082	-17.86206	10.00	17.86165
0.1270058	10.00	-29.11594	0	0.00	0.06577054	-17.79155	10.00	17.79114
0.1270058	10.00	-28.98298	0	0.00	0.1329538	-17.75583	10.00	17.75542
0.1270058	10.00	-28.91823	0	0.00	0.06474718	-17.72203	10.00	17.72162
0.1270058	10.00	-28.85882	0	0.00	0.05941761	-17.68602	10.00	17.68561
0.1270058	10.00	-28.80012	0	0.00	0.05869507	-17.65146	10.00	17.65105
0.1270058	10.00	-28.74442	0	0.00	0.05570236	-17.58129	10.00	17.58088
0.1270058	10.00	-28.63133	0	0.00	0.1130902	-17.54551	10.00	17.5451
0.1270058	10.00	-28.57299	0	0.00	0.05833653	-17.51168	10.00	17.51127
0.1270058	10.00	-28.51785	0	0.00	0.05513905	-17.47597	10.00	17.47557
0.1270058	10.00	-28.45966	0	0.00	0.05819703	-17.40523	10.00	17.40482
0.1270058	10.00	-28.33014	0	0.00	0.1295219	-17.37012	10.00	17.36971
0.1270058	10.00	-28.26394	0	0.00	0.06619804	-17.33646	10.00	17.33606
0.1270058	10.00	-28.20047	0	0.00	0.06346314	-17.30123	10.00	17.30081
0.1270058	10.00	-28.13403	0	0.00	0.0664486	-17.23065	10.00	17.23025
0.1270058	10.00	-28.00096	0	0.00	0.1330685	-17.19555	10.00	17.19515
0.1270058	10.00	-27.93478	0	0.00	0.06617539	-17.16067	10.00	17.16027
0.1270058	10.00	-27.86899	0	0.00	0.06579177	-17.12532	10.00	17.12492
0.1270058	10.00	-27.80234	0	0.00	0.06664678	-17.05461	10.00	17.05421
0.1270058	10.00	-27.669	0	0.00	0.1333374	-17.02002	10.00	17.01962
0.1270058	10.00	-27.6038	0	0.00	0.06520855	-16.98584	10.00	16.98544
0.1270058	10.00	-27.53934	0	0.00	0.06445405	-16.95064	10.00	16.95023
0.1270058	10.00	-27.47295	0	0.00	0.06638773	-16.91574	10.00	16.91535
0.1270058	10.00	-27.40717	0	0.00	0.06578611	-16.84419	10.00	16.84379
0.1270058	10.00	-27.27224	0	0.00	0.1349271	-16.80888	10.00	16.80848
0.1270058	10.00	-27.20565	0	0.00	0.06658732	-16.77504	10.00	16.77464
0.1270058	10.00	-27.14185	0	0.00	0.0638043	-16.73185	10.00	16.73145
0.1270058	10.00	-27.06041	0	0.00	0.08143672	-16.66911	10.00	16.66872
0.1270058	10.00	-26.94212	0	0.00	0.1182955	-16.63547	10.00	16.63507
0.1270058	10.00	-26.87866	0	0.00	0.06346031	-16.59947	10.00	16.59908
0.1270058	10.00	-26.81081	0	0.00	0.06785143	-16.56505	10.00	16.56466
0.1270058	10.00	-26.7459	0	0.00	0.06490279	-16.49387	10.00	16.49348
0.1270058	10.00	-26.61167	0	0.00	0.1342293	-16.4588	10.00	16.45841
0.1270058	10.00	-26.54555	0	0.00	0.06612443	-16.42511	10.00	16.42472
0.1270058	10.00	-26.48203	0	0.00	0.06351977	-16.38985	10.00	16.38946
0.1270058	10.00	-26.41553	0	0.00	0.06650239	-16.31937	10.00	16.31898
0.1270058	10.00	-26.28264	0	0.00	0.1328859	-16.28459	10.00	16.2842
0.1270058	10.00	-26.21706	0	0.00	0.06558226	-16.2498	10.00	16.24942
0.1270058	10.00	-26.15147	0	0.00	0.06559217	-16.21457	10.00	16.21418
0.1270058	10.00	-26.08503	0	0.00	0.06644011	-16.17929	10.00	16.17891
0.1270058	10.00	-26.01851	0	0.00	0.0665123	-16.10803	10.00	16.10765
0.1270058	10.00	-25.88415	0	0.00	0.1343666	-16.06607	10.00	16.06569
0.1267952	10.00	-25.80503	-0.0002106868	0.00	0.07912226	-16.00304	10.00	16.00265
0.1115168	10.00	-25.68616	-0.01527835	0.00	0.1188603	-15.95456	10.00	15.95417
0.09533947	10.00	-25.59474	-0.01617734	0.00	0.09142079	-15.89834	10.00	15.89796
0.07042266	10.00	-25.48874	-0.02491681	0.00	0.1060055	-15.86325	10.00	15.86286
0.05358863	10.00	-25.42257	-0.01683404	0.00	0.0661669	-15.8286	10.00	15.82822
0.03254435	10.00	-25.35726	-0.02104427	0.00	0.06531472	-15.75854	10.00	15.75816
-0.02793536	10.00	-25.22514	-0.06047972	0.00	0.1321215	-15.72288	10.00	15.72251
-0.06456774	10.00	-25.15791	-0.03663238	0.00	0.06722716	-15.68907	10.00	15.68869
-0.1017831	10.00	-25.09414	-0.03721535	0.00	0.06376466	-15.65366	10.00	15.65327
-0.1439922	10.00	-25.02736	-0.04220912	0.00	0.06678126	-15.61821	10.00	15.61783
-0.1875223	10.00	-24.96054	-0.04353005	0.00	0.06682373	-15.5483	10.00	15.54792
-0.2746833	10.00	-24.8287	-0.087161	0.00	0.1318426	-15.51188	10.00	15.5115
-0.3200788	10.00	-24.76003	-0.04539556	0.00	0.06866681	-15.47877	10.00	15.47839
-0.3613567	10.00	-24.69759	-0.04127788	0.00	0.06243827	-15.4434	10.00	15.44302
-0.4054402	10.00	-24.63091	-0.04408352	0.00	0.06668217	-15.40841	10.00	15.40803
-0.4490586	10.00	-24.56493	-0.0436184	0.00	0.06597862	-15.33786	10.00	15.33748
-0.5344322	10.00	-24.43189	-0.08537357	0.00	0.1330359	-15.30224	10.00	15.30187
-0.5742748	10.00	-24.36474	-0.03984262	0.00	0.06715214	-15.26816	10.00	15.26778
-0.6018311	10.00	-24.30046	-0.02755623	0.00	0.06427711	-15.23301	10.00	15.23264
-0.6090658	10.00	-24.23741	-0.007234714	0.00	0.06305911	-15.16282	10.00	15.16245
-0.6090658	10.00	-24.14095	0	0.00	0.09646051	-15.12758	10.00	15.12721
-0.6090658	10.00	-24.09508	0	0.00	0.04586326	-15.09261	10.00	15.09224
-0.6090658	10.00	-24.0534	0	0.00	0.04167945	-15.05793	10.00	15.05756
-0.6090658	10.00	-24.01397	0	0.00	0.03943781	-14.98666	10.00	14.98629
-0.6090658	10.00	-23.97197	0	0.00	0.04199911	-14.95189	10.00	14.95152
-0.6090658	10.00	-23.96037	0	0.00	0.01159883	-14.917	10.00	14.91663
-0.6090658	10.00	-23.95637	0	0.00	0.003998118	-14.88184	10.00	14.88147
-0.6090658	10.00	-23.95637	0	0.00	0.000818501	-14.81214	10.00	14.81177
-0.6090658	10.00	-23.95637	0	0.00	0	-14.77501	10.00	14.77464
-0.6090658	10.00	-23.95637	0	0.00	0	-14.74274	10.00	14.74237
-0.6090658	10.00	-23.95637	0	0.00	0	-14.70733	10.00	14.70696
-0.6090658	10.00	-23.95637	0	0.00	0	-14.67229	10.00	14.67192
-0.6090658	10.00	-23.95637	0	0.00	0	-14.60194	10.00	14.60157
-0.6090658	10.00	-23.95637	0	0.00	0	-14.56578	10.00	14.56541
-0.6090658	10.00	-23.95637	0	0.00	0	-14.52706	10.00	14.5267
-0.6090658	10.00	-23.95637	0	0.00	0	-14.46034	10.00	14.45998
-0.6090658	10.00	-23.95637	0	0.00	0	-14.42598	10.00	14.42561
-0.6090658	10.00	-23.95637	0	0.00	0	-14.3915	10.00	14.39113
-0.6090658	10.00	-23.95637	0	0.00	0	-14.35656	10.00	14.35619
-0.6090658	10.00	-23.95637	0	0.00	0	-14.28639	10.00	14.28604
-0.6090658	10.00	-23.95637	0	0.00	0	-14.25147	10.00	14.25111
-0.6156187	10.00	-23.95637	-0.006552916	0.00	0	-14.21691	10.00	14.21654
-0.6441839	10.00	-23.95367	-0.02856523	0.00	0.002697214	-14.18136	10.00	14.181
-0.6930369	10.00	-23.94506	-0.04885294	0.00	0.008615381	-14.11094	10.00	14.11058
-0.8219691	10.00	-23.91256	-0.1289323	0.00	0.03249826	-14.0759	10.00	14.07555
-0.887386	10.00	-23.89511	-0.06541687	0.00	0.01744556	-14.04129	10.00	14.04093
-0.9526653	10.00	-23.87345	-0.06527933	0.00	0.02166496	-14.00648	10.00	14.00612
-1.018316	10.00	-23.85102	-0.06565021	0.00	0.02242373	-13.93592	10.00	13.93556
-1.151361	10.00	-23.80429	-0.1330458	0.00	0.0467319	-13.9002	10.00	13.89985
-1.218696	10.00	-23.77934	-0.06733475	0.00	0.0249551	-13.86641	10.00	13.86605
-1.28243	10.00	-23.75263	-0.06373352	0.00	0.02670606	-13.83063	10.00	13.83028
-1.349882	10.00	-23.72306	-0.06745224	0.00	0.02957057	-13.79618	10.00	13.79583
-1.414836	10.00	-23.69396	-0.06495374	0.00	0.02910419	-13.72574	10.00	13.72539
-1.547665	10.00	-23.62801	-0.1328292	0.00	0.06594839	-13.69058	10.00	13.69023
-1.613961	10.00	-23.59445	-0.06629571	0.00	0.03355709	-13.6555	10.00	13.65514
-1.680109	10.00	-23.55969	-0.0661485	0.00	0.03476359	-13.62014	10.00	13.61979
-1.746788	10.00	-23.52335	-0.06667934	0.00	0.03633386	-13.54974	10.00	13.54939
-1.879526	10.00	-23.44717	-0.1327372	0.00	0.07618494	-13.51536	10.00	13.51501
-1.944349	10.00	-23.40996	-0.06482352	0.00	0.03720566	-13.47877	10.00	13.47842
-2.013354	10.00	-23.37036	-0.06900513	0.00	0.03960571	-13.43635	10.00	13.436
-2.093346	10.00	-23.32445	-0.07999142	0.00	0.04591132	-13.37386	10.00	13.37351
-2.211177	10.00	-23.24655	-0.1178312	0.00	0.07789809	-13.34026	10.00	13.33991
-2.274524	10.00	-23.20406	-0.06334707	0.00	0.04249207	-13.30251	10.00	13.30217
-2.345705	10.00	-23.15631	-0.07118087	0.00	0.04774684	-13.23423	10.00	13.23389
-2.474447	10.00	-23.06995	-0.1287425	0.00	0.08635812	-13.19922	10.00	13.19888
-2.540477	10.00	-23.02566	-0.06602959	0.00	0.04429145	-13.16328	10.00	13.16294
-2.608231	10.00	-22.98021	-0.06775376	0.00	0.045448	-13.13015	10.00	13.12981
-2.670713	10.00	-22.93709	-0.06248215	0.00	0.04312192	-13.05954	10.00	13.0592
-2.803851	10.00	-22.8336	-0.1331378	0.00	0.1034872	-13.0248	10.00	13.02445
-2.869364	10.00	-22.78078	-0.0655129	0.00	0.05282582	-12.99011	10.00	12.98977
-2.934775	10.00	-22.72486	-0.06541098	0.00	0.05591047	-12.95407	10.00	12.95373
-3.002725	10.00	-22.66547	-0.06795052	0.00	0.05939708	-12.88452	10.00	12.88418
-3.133885	10.00	-22.54193	-0.1311603	0.00	0.1235402	-12.84914	10.00	12.8488
-3.200584	10.00	-22.47781	-0.06669915	0.00	0.06411579	-12.81487	10.00	12.81453
-3.265206	10.00	-22.4157	-0.06462109	0.00	0.06211822	-12.77916	10.00	12.77882
-3.332539	10.00	-22.35097	-0.06733333	0.00	0.06472541	-12.70924	10.00	12.7089
-3.464376	10.00	-22.22169	-0.1318369	0.00	0.1292838	-12.67391	10.00	12.67357
-3.531007	10.00	-22.15505	-0.06663121	0.00	0.06663121	-12.63944	10.00	12.6391
-3.595995	10.00	-22.09007	-0.06498772	0.00	0.06498772	-12.56842	10.00	12.56808
-3.729921	10.00	-21.95614	-0.1339263	0.00	0.1339263	-12.53224	10.00	12.53191
-3.798131	10.00	-21.88793	-0.06820957	0.00	0.06820957	-12.49889	10.00	12.49855
-3.861025	10.00	-21.82504	-0.06289408	0.00	0.06289408	-12.46376	10.00	12.46343
-3.927251	10.00	-21.75881	-0.06622635	0.00	0.06622635	-12.42919	10.00	12.42885
-3.992457	10.00	-21.6936	-0.06520572	0.00	0.06520572	-12.3584	10.00	12.35806
-4.12594	10.00	-21.56012	-0.1334832	0.00	0.1334832	-12.32343	10.00	12.32309
-4.191878	10.00	-21.49418	-0.06593757	0.00	0.06593757	-12.28866	10.00	12.28833
-4.257424	10.00	-21.42864	-0.06554688	0.00	0.06554688	-12.21835	10.00	12.21802
-4.389992	10.00	-21.29607	-0.1325674	0.00	0.1325674	-12.18329	10.00	12.18296
-4.45612	10.00	-21.22994	-0.06612868	0.00	0.06612868	-12.14898	10.00	12.14865
-4.518928	10.00	-21.16525	-0.06280715	0.00	0.0646862	-12.11373	10.00	12.1134
-4.574451	10.00	-21.09879	-0.05552357	0.00	0.06646417	-12.04324	10.00	12.04291
-4.676492	10.00	-20.96586	-0.1020405	0.00	0.1329326	-12.00815	10.00	12.00782
-4.723436	10.00	-20.89969	-0.04694429	0.00	0.06616407	-11.97366	10.00	11.97333
-4.767062	10.00	-20.83466	-0.04362582	0.00	0.06503727	-11.93774	10.00	11.93742
-4.810517	10.00	-20.76694	-0.04345531	0.00	0.06771554	-11.86693	10.00	11.86661
-4.872932	10.00	-20.63342	-0.06241477	0.00	0.1335243	-11.83223	10.00	11.83191
-4.902247	10.00	-20.56799	-0.0293154	0.00	0.06542514	-11.79841	10.00	11.79809
-4.922176	10.00	-20.50422	-0.01992919	0.00	0.06377032	-11.76205	10.00	11.76173
-4.939621	10.00	-20.43566	-0.01744449	0.00	0.0685663	-11.6924	10.00	11.69207
-4.971765	10.00	-20.30432	-0.0321435	0.00	0.1313401	-11.65674	10.00	11.65641
-4.988223	10.00	-20.23706	-0.01645838	0.00	0.06724981	-11.62315	10.00	11.62282
-5.003723	10.00	-20.17373	-0.01550012	0.00	0.06333433	-11.58791	10.00	11.58758
-5.019984	10.00	-20.10729	-0.01626091	0.00	0.06644294	-11.51753	10.00	11.51721
-5.049889	10.00	-19.97459	-0.02990499	0.00	0.1326934	-11.48171	10.00	11.48139
-5.06446	10.00	-19.90704	-0.01457081	0.00	0.06755558	-11.44505	10.00	11.44472
-5.072677	10.00	-19.83791	-0.008216915	0.00	0.06913253	-11.37549	10.00	11.37517
-5.080645	10.00	-19.70676	-0.007968367	0.00	0.1311447	-11.34208	10.00	11.34176
-5.080645	10.00	-19.64376	0	0.00	0.06300025	-11.30407	10.00	11.30376
-5.080645	10.00	-19.57209	0	0.00	0.07166783	-11.23326	10.00	11.23294
-5.080645	10.00	-19.43855	0	0.00	0.1335385	-11.18918	10.00	11.18886
-5.080645	10.00	-19.35545	0	0.00	0.08310569	-11.13078	10.00	11.13047
-5.080645	10.00	-19.24533	0	0.00	0.1101163	-11.09531	10.00	11.09499
-5.080645	10.00	-19.17844	0	0.00	0.06689167	-11.02497	10.00	11.02466
-5.080645	10.00	-19.04581	0	0.00	0.1326268	-10.9657	10.00	10.96539
-5.080645	10.00	-18.93406	0	0.00	0.1117513	-10.92008	10.00	10.91976
-5.080645	10.00	-18.84803	0	0.00	0.08603452	-10.84859	10.00	10.84828
-5.080645	10.00	-18.71323	0	0.00	0.1347997	-10.79372	10.00	10.79341
-5.087933	10.00	-18.60977	-0.007288052	0.00	0.1034603	-10.74381	10.00	10.74349
-5.11279	10.00	-18.51565	-0.02485724	0.00	0.09412029	-10.70926	10.00	10.70895
-5.138194	10.00	-18.45051	-0.02540342	0.00	0.0651406	-10.6713	10.00	10.67099
-5.167493	10.00	-18.37893	-0.02929913	0.00	0.07157581	-10.60426	10.00	10.60395
-5.226586	10.00	-18.25251	-0.05909304	0.00	0.1264181	-10.57096	10.00	10.57065
-5.255941	10.00	-18.18971	-0.02935496	0.00	0.06279924	-10.49996	10.00	10.49966
-5.318511	10.00	-18.05586	-0.06257027	0.00	0.133857	-10.46569	10.00	10.46538
-5.35248	10.00	-17.99122	-0.03396906	0.00	0.06463666	-10.39373	10.00	10.39342
-5.429039	10.00	-17.85554	-0.0765587	0.00	0.1356774	-10.35916	10.00	10.35886
-5.466453	10.00	-17.79036	-0.03741365	0.00	0.0651859	-10.28882	10.00	10.28852
-5.556705	10.00	-17.65772	-0.0902527	0.00	0.1326339	-10.255	10.00	10.2547
-5.60936	10.00	-17.59395	-0.0526545	0.00	0.06376891	-10.18334	10.00	10.18304
-5.74186	10.00	-17.45884	-0.1325002	0.00	0.1351168	-10.14962	10.00	10.14932
-5.805456	10.00	-17.39524	-0.06359621	0.00	0.06359621	-10.07804	10.00	10.07774
-5.940423	10.00	-17.26027	-0.1349668	0.00	0.1349668	-10.03946	10.00	10.03916
-6.013172	10.00	-17.18752	-0.07274933	0.00	0.07274933	-9.973832	10.00	9.973531
-6.136922	10.00	-17.06378	-0.1237497	0.00	0.1237497	-9.93947	10.00	9.939171
-6.201713	10.00	-16.99899	-0.06479096	0.00	0.06479096	-9.869164	10.00	9.868865
-6.334283	10.00	-16.86642	-0.1325702	0.00	0.1325702	-9.834497	10.00	9.8342
-6.39965	10.00	-16.80105	-0.0653671	0.00	0.0653671	-9.763692	10.00	9.763396
-6.533157	10.00	-16.66754	-0.1335073	0.00	0.1335073	-9.729035	10.00	9.72874
-6.598506	10.00	-16.60219	-0.06534869	0.00	0.06534869	-9.657824	10.00	9.657528
-6.732787	10.00	-16.46791	-0.1342802	0.00	0.1342802	-9.623894	10.00	9.623601
-6.796756	10.00	-16.40394	-0.06396993	0.00	0.06396993	-9.553501	10.00	9.553206
-6.929498	10.00	-16.2712	-0.1327415	0.00	0.1327415	-9.51934	10.00	9.519046
-6.993911	10.00	-16.20679	-0.064413	0.00	0.064413	-9.44854	10.00	9.448247
-7.127414	10.00	-16.07328	-0.1335031	0.00	0.1335031	-9.414227	10.00	9.413936
-7.192111	10.00	-16.00859	-0.06469753	0.00	0.06469753	-9.34308	10.00	9.342789
-7.326267	10.00	-15.87443	-0.1341556	0.00	0.1341556	-9.308432	10.00	9.308143
-7.391597	10.00	-15.8091	-0.06533029	0.00	0.06533029	-9.237173	10.00	9.236884
-7.525962	10.00	-15.67474	-0.1343651	0.00	0.1343651	-9.204056	10.00	9.20377
-7.588407	10.00	-15.61229	-0.06244393	0.00	0.06244393	-9.131625	10.00	9.131336
-7.724987	10.00	-15.47571	-0.1365805	0.00	0.1365805	-9.097539	10.00	9.097249
-7.789261	10.00	-15.41144	-0.06427427	0.00	0.06427427	-9.061318	10.00	9.061033
-7.857557	10.00	-15.34314	-0.06829593	0.00	0.06829593	-8.992843	10.00	8.992556
-7.986678	10.00	-15.21402	-0.1291204	0.00	0.1291204	-8.958046	10.00	8.957761
-8.052293	10.00	-15.14841	-0.06561482	0.00	0.06561482	-8.88762	10.00	8.887337
-8.185082	10.00	-15.01562	-0.1327896	0.00	0.1327896	-8.852811	10.00	8.852526
-8.250721	10.00	-14.94998	-0.06563888	0.00	0.06563888	-8.782515	10.00	8.782234
-8.383267	10.00	-14.81743	-0.1325461	0.00	0.1325461	-8.747299	10.00	8.747019
-8.449673	10.00	-14.75103	-0.06640613	0.00	0.06640613	-8.677279	10.00	8.676995
-8.581705	10.00	-14.61899	-0.1320323	0.00	0.1320323	-8.642412	10.00	8.642134
-8.647445	10.00	-14.55325	-0.06573939	0.00	0.06573939	-8.572058	10.00	8.571778
-8.780112	10.00	-14.42059	-0.1326679	0.00	0.1326679	-8.535983	10.00	8.535702
-8.848137	10.00	-14.35256	-0.06802414	0.00	0.06802414	-8.466119	10.00	8.465844
-8.979863	10.00	-14.22083	-0.1317265	0.00	0.1317265	-8.42896	10.00	8.428681
-9.049938	10.00	-14.15076	-0.0700753	0.00	0.0700753	-8.361361	10.00	8.361085
-9.177402	10.00	-14.0233	-0.1274628	0.00	0.1274628	-8.323992	10.00	8.323717
-9.247862	10.00	-13.95284	-0.07046034	0.00	0.07046034	-8.25598	10.00	8.255705
-9.376107	10.00	-13.82459	-0.1282456	0.00	0.1282456	-8.214516	10.00	8.214243
-9.454291	10.00	-13.74641	-0.07818373	0.00	0.07818373	-8.138984	10.00	8.138712
-9.596715	10.00	-13.60398	-0.142424	0.00	0.142424	-8.079527	10.00	8.079251
-9.708832	10.00	-13.49187	-0.1121165	0.00	0.1121165	-8.037191	10.00	8.036919
-9.788656	10.00	-13.41204	-0.07982438	0.00	0.07982438	-7.97609	10.00	7.975822
-9.903864	10.00	-13.29683	-0.1152081	0.00	0.1152081	-7.941665	10.00	7.941397
-9.968777	10.00	-13.23192	-0.0649127	0.00	0.0649127	-7.869918	10.00	7.869653
-10.10406	10.00	-13.09663	-0.1352867	0.00	0.1352867	-7.833982	10.00	7.833712
-10.17183	10.00	-13.02887	-0.06776792	0.00	0.06776792	-7.764793	10.00	7.764526
-10.30229	10.00	-12.89841	-0.1304596	0.00	0.1304596	-7.728455	10.00	7.728188
-10.37081	10.00	-12.82988	-0.06852242	0.00	0.06852242	-7.660291	10.00	7.660024
-10.49934	10.00	-12.70136	-0.1285287	0.00	0.1285287	-7.626258	10.00	7.625993
-10.56352	10.00	-12.63718	-0.06417377	0.00	0.06417377	-7.555576	10.00	7.55531
-10.6968	10.00	-12.5039	-0.1332808	0.00	0.1332808	-7.521478	10.00	7.521212
-10.76109	10.00	-12.43961	-0.06429268	0.00	0.06429268	-7.450474	10.00	7.450212
-10.8859	10.00	-12.30573	-0.1248092	0.00	0.1338838	-7.416152	10.00	7.41589
-10.94247	10.00	-12.24101	-0.05656965	0.00	0.06471593	-7.344585	10.00	7.344324
-11.05259	10.00	-12.10606	-0.1101201	0.00	0.1349469	-7.310441	10.00	7.310181
-11.10138	10.00	-12.04168	-0.04879466	0.00	0.06437902	-7.274664	10.00	7.274404
-11.15186	10.00	-11.97422	-0.0504814	0.00	0.0674664	-7.204281	10.00	7.204022
-11.22932	10.00	-11.8415	-0.07745782	0.00	0.132716	-7.1712	10.00	7.17094
-11.26331	10.00	-11.77912	-0.03398972	0.00	0.0623774	-7.134853	10.00	7.134594
-11.29668	10.00	-11.71058	-0.03336478	0.00	0.06853799	-7.064113	10.00	7.063855
-11.33061	10.00	-11.5772	-0.03393639	0.00	0.1333884	-7.031065	10.00	7.030808
-11.34647	10.00	-11.51489	-0.015853	0.00	0.06231087	-6.959304	10.00	6.959048
-11.36517	10.00	-11.37957	-0.01870309	0.00	0.1353108	-6.924426	10.00	6.92417
-11.37235	10.00	-11.31381	-0.007180314	0.00	0.06576912	-6.88827	10.00	6.888015
-11.37715	10.00	-11.24563	-0.004802394	0.00	0.06817418	-6.819494	10.00	6.819242
-11.38001	10.00	-11.11595	-0.002856687	0.00	0.129681	-6.780147	10.00	6.779891
-11.38093	10.00	-11.04175	-0.0009160885	0.00	0.07420313	-6.714385	10.00	6.714136
-11.38093	10.00	-10.91775	0	0.00	0.1239932	-6.679917	10.00	6.679665
-11.38093	10.00	-10.85276	0	0.00	0.06499621	-6.609259	10.00	6.609007
-11.38093	10.00	-10.71953	0	0.00	0.1332327	-6.575172	10.00	6.574924
-11.38093	10.00	-10.65526	0	0.00	0.06427003	-6.501852	10.00	6.501603
-11.38093	10.00	-10.517	0	0.00	0.1382551	-6.46942	10.00	6.469171
-11.38093	10.00	-10.45584	0	0.00	0.06115717	-6.432189	10.00	6.431941
-11.38093	10.00	-10.38564	0	0.00	0.07020129	-6.363931	10.00	6.363685
-11.38093	10.00	-10.25694	0	0.00	0.1287042	-6.329639	10.00	6.329394
-11.38093	10.00	-10.19227	0	0.00	0.06466355	-6.258531	10.00	6.258284
-11.38093	10.00	-10.05819	0	0.00	0.1340849	-6.223929	10.00	6.223684
-11.38093	10.00	-9.992947	0	0.00	0.06524253	-6.153546	10.00	6.1533
-11.38128	10.00	-9.86023	-0.0003533963	0.00	0.132716	-6.118339	10.00	6.118093
-11.38788	10.00	-9.793843	-0.006605026	0.00	0.06638773	-6.047869	10.00	6.047624
-11.44099	10.00	-9.660963	-0.05310705	0.00	0.1328802	-6.013297	10.00	6.013053
-11.47399	10.00	-9.595776	-0.03299605	0.00	0.06518732	-5.976062	10.00	5.97582
-11.51428	10.00	-9.525565	-0.04029712	0.00	0.07020979	-5.907262	10.00	5.907019
-11.6101	10.00	-9.395837	-0.09581302	0.00	0.1297291	-5.870443	10.00	5.870204
-11.66339	10.00	-9.326412	-0.05329072	0.00	0.06942414	-5.800447	10.00	5.800208
-11.77109	10.00	-9.194427	-0.1077035	0.00	0.1319856	-5.755716	10.00	5.755477
-11.83992	10.00	-9.11008	-0.0688294	0.00	0.08434715	-5.695664	10.00	5.695425
-11.93451	10.00	-8.996844	-0.09459536	0.00	0.1132348	-5.648028	10.00	5.647789
-12.01129	10.00	-8.907022	-0.07677647	0.00	0.08982261	-5.58953	10.00	5.589296
-12.10878	10.00	-8.796721	-0.09748404	0.00	0.1103003	-5.547289	10.00	5.547052
-12.17995	10.00	-8.717067	-0.07117037	0.00	0.07965451	-5.488938	10.00	5.488704
-12.27825	10.00	-8.607044	-0.09830416	0.00	0.1100229	-5.453886	10.00	5.45365
-12.33923	10.00	-8.540947	-0.06097741	0.00	0.06609754	-5.41851	10.00	5.418276
-12.40141	10.00	-8.474243	-0.06218223	0.00	0.0667034	-5.348033	10.00	5.347801
-12.52529	10.00	-8.341352	-0.1238841	0.00	0.1328915	-5.312461	10.00	5.312228
-12.58782	10.00	-8.274276	-0.0625293	0.00	0.0670757	-5.278699	10.00	5.278465
-12.64717	10.00	-8.21061	-0.05935031	0.00	0.06366558	-5.24364	10.00	5.243408
-12.7088	10.00	-8.144507	-0.06162271	0.00	0.0661032	-5.172851	10.00	5.172621
-12.83323	10.00	-8.011028	-0.1244318	0.00	0.133479	-5.137365	10.00	5.137135
-12.89561	10.00	-7.944116	-0.06237753	0.00	0.0669129	-5.103076	10.00	5.102847
-12.95588	10.00	-7.879459	-0.06027405	0.00	0.06465647	-5.068512	10.00	5.068283
-13.01664	10.00	-7.814286	-0.06075571	0.00	0.06517316	-5.033432	10.00	5.033204
-13.0783	10.00	-7.748139	-0.06166362	0.00	0.06614708	-4.963021	10.00	4.962794
-13.20207	10.00	-7.615373	-0.1237667	0.00	0.1327655	-4.926618	10.00	4.926391
-13.26606	10.00	-7.546731	-0.06399012	0.00	0.06864274	-4.893034	10.00	4.892806
-13.32509	10.00	-7.483402	-0.05903624	0.00	0.06332867	-4.858175	10.00	4.857951
-13.38636	10.00	-7.417675	-0.06127169	0.00	0.06572665	-4.822831	10.00	4.822608
-13.44849	10.00	-7.35103	-0.06212813	0.00	0.06664536	-4.75265	10.00	4.752427
-13.56673	10.00	-7.218698	-0.1182374	0.00	0.1323324	-4.71647	10.00	4.716246
-13.62306	10.00	-7.150474	-0.05633289	0.00	0.06822373	-4.68312	10.00	4.682899
-13.67377	10.00	-7.087591	-0.05070503	0.00	0.06288276	-4.647954	10.00	4.647732
-13.72595	10.00	-7.021281	-0.05218431	0.00	0.06630987	-4.61289	10.00	4.612669
-13.77798	10.00	-6.955165	-0.05203169	0.00	0.06611594	-4.542432	10.00	4.542212
-13.87611	10.00	-6.822308	-0.09812356	0.00	0.1328576	-4.506649	10.00	4.506429
-13.92463	10.00	-6.754836	-0.04852565	0.00	0.06747206	-4.472744	10.00	4.472525
-13.96999	10.00	-6.690904	-0.0453604	0.00	0.0639317	-4.437539	10.00	4.437318
-14.01581	10.00	-6.624519	-0.04581538	0.00	0.0663849	-4.402118	10.00	4.401898
-14.05932	10.00	-6.557729	-0.04350792	0.00	0.06678975	-4.332165	10.00	4.331946
-14.11714	10.00	-6.425826	-0.05782551	0.00	0.1319035	-4.296343	10.00	4.296125
-14.13629	10.00	-6.35828	-0.01914693	0.00	0.06754567	-4.261929	10.00	4.261713
-14.14714	10.00	-6.29339	-0.01085428	0.00	0.06489005	-4.191891	10.00	4.191677
-14.14714	10.00	-6.161328	0	0.00	0.132062	-4.156219	10.00	4.156003
-14.14714	10.00	-6.094063	0	0.00	0.06726538	-4.122344	10.00	4.122131
-14.14714	10.00	-6.030189	0	0.00	0.06387366	-4.087039	10.00	4.086824
-14.14714	10.00	-5.963616	0	0.00	0.06657317	-4.052061	10.00	4.051847
-14.14714	10.00	-5.897661	0	0.00	0.06595456	-3.980937	10.00	3.980726
-14.14714	10.00	-5.763552	0	0.00	0.1341089	-3.946299	10.00	3.946087
-14.14714	10.00	-5.698236	0	0.00	0.06531613	-3.912107	10.00	3.911895
-14.14714	10.00	-5.633764	0	0.00	0.06447245	-3.876663	10.00	3.876451
-14.14714	10.00	-5.56693	0	0.00	0.06683364	-3.806356	10.00	3.806144
-14.14714	10.00	-5.434357	0	0.00	0.132573	-3.769519	10.00	3.769308
-14.14714	10.00	-5.364898	0	0.00	0.06945953	-3.736642	10.00	3.736433
-14.14714	10.00	-5.302907	0	0.00	0.06199095	-3.70046	10.00	3.700252
-14.14714	10.00	-5.234682	0	0.00	0.06822515	-3.630396	10.00	3.630188
-14.14714	10.00	-5.102569	0	0.00	0.132113	-3.595315	10.00	3.595109
-14.14714	10.00	-5.036421	0	0.00	0.06614708	-3.561467	10.00	3.56126
-14.14714	10.00	-4.972594	0	0.00	0.06382695	-3.526246	10.00	3.52604
-14.14714	10.00	-4.906183	0	0.00	0.06641179	-3.491203	10.00	3.490998
-14.14714	10.00	-4.840105	0	0.00	0.06607772	-3.420866	10.00	3.420661
-14.14714	10.00	-4.707478	0	0.00	0.1326268	-3.385594	10.00	3.385391
-14.14714	10.00	-4.64097	0	0.00	0.06650805	-3.350685	10.00	3.350481
-14.14714	10.00	-4.575144	0	0.00	0.06582575	-3.315514	10.00	3.315311
-14.14714	10.00	-4.508826	0	0.00	0.06631836	-3.244686	10.00	3.244484
-14.14714	10.00	-4.375272	0	0.00	0.133554	-3.210286	10.00	3.210085
-14.14714	10.00	-4.310407	0	0.00	0.06486457	-3.167716	10.00	3.167515
-14.14714	10.00	-4.230135	0	0.00	0.08027171	-3.103817	10.00	3.103616
-14.14714	10.00	-4.109647	0	0.00	0.1204882	-3.061367	10.00	3.061168
-14.14714	10.00	-4.029605	0	0.00	0.08004238	-2.999669	10.00	2.999471
-14.14714	10.00	-3.913267	0	0.00	0.1163378	-2.96022	10.00	2.96002
-14.14714	10.00	-3.838879	0	0.00	0.07438857	-2.894621	10.00	2.894424
-14.14714	10.00	-3.715187	0	0.00	0.1236917	-2.859528	10.00	2.859333
-14.14714	10.00	-3.649019	0	0.00	0.06616832	-2.825476	10.00	2.82528
-14.14714	10.00	-3.584807	0	0.00	0.06421199	-2.789838	10.00	2.789642
-14.14714	10.00	-3.517608	0	0.00	0.06719885	-2.755191	10.00	2.754996
-14.14714	10.00	-3.452277	0	0.00	0.06533029	-2.684368	10.00	2.684174
-14.14714	10.00	-3.318732	0	0.00	0.1335455	-2.649889	10.00	2.649696
-14.14714	10.00	-3.25372	0	0.00	0.06501178	-2.615138	10.00	2.614944
-14.14714	10.00	-3.188192	0	0.00	0.06552847	-2.578045	10.00	2.577852
-14.14714	10.00	-3.118249	0	0.00	0.06994224	-2.508979	10.00	2.508787
-14.1468	10.00	-2.988018	0.000346781	0.00	0.1302317	-2.472276	10.00	2.472086
-14.14393	10.00	-2.918813	0.002864684	0.00	0.06920473	-2.439503	10.00	2.439312
-14.13898	10.00	-2.857013	0.004951768	0.00	0.06179984	-2.404866	10.00	2.404677
-14.13248	10.00	-2.791704	0.006497707	0.00	0.06530906	-2.369058	10.00	2.368869
-14.12315	10.00	-2.724184	0.009332856	0.00	0.06752019	-2.298471	10.00	2.298283
-14.09831	10.00	-2.591084	0.0248414	0.00	0.1330996	-2.263661	10.00	2.263473
-14.08542	10.00	-2.525447	0.01288598	0.00	0.06563747	-2.229685	10.00	2.229497
-14.0716	10.00	-2.461381	0.0138182	0.00	0.06406618	-2.194282	10.00	2.194096
-14.05527	10.00	-2.394626	0.01633712	0.00	0.06675436	-2.159131	10.00	2.158944
-14.0384	10.00	-2.328343	0.01686357	0.00	0.06628297	-2.088588	10.00	2.088403
-13.99812	10.00	-2.195327	0.04028157	0.00	0.1330161	-2.053869	10.00	2.053685
-13.97956	10.00	-2.129864	0.01855667	0.00	0.06546336	-2.019273	10.00	2.019089
-13.96107	10.00	-2.064627	0.01849247	0.00	0.06523687	-1.984008	10.00	1.983824
-13.94222	10.00	-1.99813	0.01884959	0.00	0.06649673	-1.912873	10.00	1.91269
-13.9016	10.00	-1.863999	0.04061937	0.00	0.1341316	-1.877577	10.00	1.877394
-13.88016	10.00	-1.797443	0.02144427	0.00	0.06655618	-1.843945	10.00	1.843763
-13.85911	10.00	-1.735256	0.02104623	0.00	0.06218693	-1.808298	10.00	1.808117
-13.83615	10.00	-1.673247	0.0229585	0.00	0.06200909	-1.738259	10.00	1.738078
-13.78849	10.00	-1.560362	0.04766661	0.00	0.1128845	-1.702623	10.00	1.702442
-13.76423	10.00	-1.503576	0.02425303	0.00	0.05678559	-1.668557	10.00	1.668376
-13.74105	10.00	-1.449292	0.02318469	0.00	0.05428421	-1.633523	10.00	1.633343
-13.71721	10.00	-1.393467	0.02384276	0.00	0.055825	-1.563061	10.00	1.562883
-13.66925	10.00	-1.281188	0.04795427	0.00	0.1122792	-1.527662	10.00	1.527485
-13.64516	10.00	-1.224782	0.02409107	0.00	0.05640638	-1.493536	10.00	1.493359
-13.62194	10.00	-1.171648	0.02322556	0.00	0.05313373	-1.457552	10.00	1.457376
-13.59745	10.00	-1.116938	0.02448907	0.00	0.05471034	-1.422705	10.00	1.422529
-13.57373	10.00	-1.063954	0.02371605	0.00	0.05298334	-1.352426	10.00	1.352251
-13.5259	10.00	-0.9570984	0.0478301	0.00	0.1068559	-1.318216	10.00	1.318042
-13.50262	10.00	-0.9050852	0.02328176	0.00	0.05201312	-1.282923	10.00	1.28275
-13.4786	10.00	-0.8514239	0.02401954	0.00	0.05366135	-1.247888	10.00	1.247715
-13.45476	10.00	-0.7968758	0.02384378	0.00	0.05454805	-1.177186	10.00	1.177014
-13.40664	10.00	-0.6855047	0.04811776	0.00	0.1113712	-1.141346	10.00	1.141174
-13.38225	10.00	-0.629048	0.024392	0.00	0.05645661	-1.103042	10.00	1.102871
-13.35618	10.00	-0.5687115	0.02606834	0.00	0.06033659	-1.03699	10.00	1.03682
-13.31122	10.00	-0.4646651	0.0449531	0.00	0.1040464	-1.001976	10.00	1.001807
-13.2874	10.00	-0.4095105	0.02382947	0.00	0.05515461	-0.96784	10.00	0.9676705
-13.26416	10.00	-0.3557383	0.0232322	0.00	0.05377219	-0.9324634	10.00	0.9322953
-13.24009	10.00	-0.3000137	0.02407574	0.00	0.0557246	-0.8975508	10.00	0.8973832
-13.21633	10.00	-0.2450187	0.0237605	0.00	0.05499496	-0.8270434	10.00	0.8268764
-13.16834	10.00	-0.1339539	0.04798543	0.00	0.1110649	-0.7913221	10.00	0.7911559
-13.14403	10.00	-0.07768527	0.02431076	0.00	0.05626858	-0.7536598	10.00	0.7534938
-13.1184	10.00	-0.0183586	0.02563201	0.00	0.05932668	-0.6863135	10.00	0.6861485
-13.07257	10.00	0.08772652	0.04583393	0.00	0.1060851	-0.6511625	10.00	0.6509984
-13.04864	10.00	0.1430963	0.02392246	0.00	0.05536983	-0.6127061	10.00	0.6125422
-13.02247	10.00	0.2036742	0.02617257	0.00	0.06057783	-0.5454755	10.00	0.5453125
-12.97671	10.00	0.3095772	0.04575524	0.00	0.105903	-0.5059245	10.00	0.5057625
-12.9498	10.00	0.371878	0.02691698	0.00	0.06230082	-0.4133013	10.00	0.4131404
-12.88676	10.00	0.5177799	0.06303672	0.00	0.1459019	-0.3936636	10.00	0.3935031
-12.8734	10.00	0.5487133	0.01336474	0.00	0.03093341	-0.3603915	10.00	0.3602321
-12.85075	10.00	0.6011232	0.02264362	0.00	0.05240988	-0.3007428	10.00	0.300583
-12.81016	10.00	0.6950847	0.04059594	0.00	0.09396151	-0.265798	10.00	0.2656395
-12.78638	10.00	0.7501293	0.02378196	0.00	0.05504463	-0.2317381	10.00	0.2315802
-12.76319	10.00	0.8037809	0.02318009	0.00	0.05365157	-0.1966505	10.00	0.1964931
-12.73932	10.00	0.8590514	0.02387954	0.00	0.0552705	-0.1608338	10.00	0.1606764
-12.71494	10.00	0.9154714	0.02437616	0.00	0.05641995	-0.09036208	10.00	0.09020574
-12.66698	10.00	1.026479	0.04796091	0.00	0.1110081	-0.0556891	10.00	0.05553387
-12.64338	10.00	1.081096	0.023597	0.00	0.05461654	-0.02128355	10.00	0.02112848
-12.61997	10.00	1.135293	0.02341563	0.00	0.05419674	0.01395473	10.00	-0.01410945
-12.59598	10.00	1.190801	0.02398224	0.00	0.0555082	0.08432019	10.00	-0.08447343
-12.54809	10.00	1.301641	0.04788835	0.00	0.1108402	0.1188324	10.00	-0.1189855
-12.52461	10.00	1.356006	0.02348818	0.00	0.05436466	0.1539532	10.00	-0.1541056
-12.5007	10.00	1.411328	0.02390202	0.00	0.05532253	0.1891044	10.00	-0.1892563
-12.47678	10.00	1.466699	0.02392297	0.00	0.05537102	0.2595748	10.00	-0.2597254
-12.42882	10.00	1.577705	0.04795988	0.00	0.1110057	0.2950448	10.00	-0.2951954
-12.40468	10.00	1.633579	0.02414011	0.00	0.0558736	0.3290226	10.00	-0.3291728
-12.38156	10.00	1.687101	0.0231244	0.00	0.05352267	0.3643957	10.00	-0.3645451
-12.35748	10.00	1.742821	0.0240737	0.00	0.05571987	0.4354039	10.00	-0.4355525
-12.30916	10.00	1.854675	0.04832621	0.00	0.1118536	0.4710072	10.00	-0.4711553
-12.28493	10.00	1.910758	0.02423055	0.00	0.05608292	0.5042849	10.00	-0.5044323
-12.26228	10.00	1.963177	0.02264771	0.00	0.05241934	0.540651	10.00	-0.5407979
-12.23753	10.00	2.020462	0.02474965	0.00	0.0572844	0.5747925	10.00	-0.5749391
-12.21429	10.00	2.074242	0.02323578	0.00	0.05378047	0.6456981	10.00	-0.6458436
-12.16604	10.00	2.185934	0.04825621	0.00	0.1116916	0.6810589	10.00	-0.6812037
-12.14197	10.00	2.241635	0.02406552	0.00	0.05570095	0.7145788	10.00	-0.7147232
-12.11916	10.00	2.294436	0.02281274	0.00	0.05280131	0.7499563	10.00	-0.7501002
-12.09508	10.00	2.350163	0.02407676	0.00	0.05572697	0.8208619	10.00	-0.8210048
-12.04683	10.00	2.461854	0.04825621	0.00	0.1116916	0.8548601	10.00	-0.8550026
-12.02369	10.00	2.515409	0.02313819	0.00	0.0535546	0.8913395	10.00	-0.8914813
-11.99886	10.00	2.572872	0.0248268	0.00	0.05746296	0.960583	10.00	-0.9607238
-11.95174	10.00	2.681946	0.04712503	0.00	0.1090734	0.9962139	10.00	-0.9963542
-11.92749	10.00	2.738072	0.02424945	0.00	0.05612667	1.030379	10.00	-1.030519
-11.90423	10.00	2.79189	0.02325213	0.00	0.05381832	1.065392	10.00	-1.065531
-11.88041	10.00	2.847043	0.02382845	0.00	0.05515224	1.136404	10.00	-1.136542
-11.83208	10.00	2.951123	0.04832877	0.00	0.1040803	1.175503	10.00	-1.17564
-11.80547	10.00	3.008429	0.02660941	0.00	0.05730571	1.241039	10.00	-1.241175
-11.76087	10.00	3.104482	0.04460158	0.00	0.09605344	1.276537	10.00	-1.276673
-11.73671	10.00	3.156511	0.02415902	0.00	0.05202858	1.310407	10.00	-1.310542
-11.71366	10.00	3.206153	0.02305083	0.00	0.04964199	1.346128	10.00	-1.346264
-11.68804	10.00	3.255248	0.02561571	0.00	0.04909541	1.381273	10.00	-1.381408
-11.6622	10.00	3.302267	0.0258434	0.00	0.04701861	1.451156	10.00	-1.451289
-11.61081	10.00	3.39576	0.05138759	0.00	0.09349287	1.486696	10.00	-1.48683
-11.58467	10.00	3.443309	0.02613488	0.00	0.04754892	1.520817	10.00	-1.520949
-11.55958	10.00	3.488957	0.02509041	0.00	0.04564865	1.556111	10.00	-1.556243
-11.53363	10.00	3.536176	0.02595325	0.00	0.04721848	1.591171	10.00	-1.591302
-11.50785	10.00	3.583081	0.02578102	0.00	0.04690512	1.663697	10.00	-1.663827
-11.45452	10.00	3.68011	0.05333134	0.00	0.09702926	1.697621	10.00	-1.69775
-11.42957	10.00	3.725496	0.02494578	0.00	0.04538551	1.731134	10.00	-1.731264
-11.40493	10.00	3.770333	0.02464436	0.00	0.04483712	1.766396	10.00	-1.766525
-11.379	10.00	3.817508	0.02592952	0.00	0.0471753	1.83762	10.00	-1.837748
-11.32662	10.00	3.912796	0.05237409	0.00	0.09528768	1.871829	10.00	-1.871957
-11.30147	10.00	3.958563	0.02515555	0.00	0.04576717	1.915643	10.00	-1.91577
-11.26925	10.00	4.01718	0.03221841	0.00	0.05861709	1.977435	10.00	-1.977562
-11.22381	10.00	4.09985	0.04543876	0.00	0.08266976	2.018463	10.00	-2.018588
-11.19364	10.00	4.154738	0.03016922	0.00	0.05488887	2.082725	10.00	-2.082849
-11.14639	10.00	4.240713	0.04725499	0.00	0.08597415	2.117461	10.00	-2.117584
-11.12085	10.00	4.287184	0.02554253	0.00	0.04647123	2.157134	10.00	-2.157257
-11.09167	10.00	4.340261	0.02917333	0.00	0.05307698	2.223096	10.00	-2.223218
-11.04317	10.00	4.42851	0.04850537	0.00	0.08824904	2.258104	10.00	-2.258226
-11.01742	10.00	4.475345	0.02574237	0.00	0.04683482	2.327523	10.00	-2.327644
-10.96638	10.00	4.568219	0.05104753	0.00	0.09287417	2.363186	10.00	-2.363307
-10.94015	10.00	4.615931	0.02622431	0.00	0.04771163	2.397021	10.00	-2.397141
-10.91527	10.00	4.661198	0.02488063	0.00	0.04526699	2.43239	10.00	-2.432509
-10.88926	10.00	4.708516	0.02600791	0.00	0.04731792	2.502774	10.00	-2.502893
-10.83751	10.00	4.80268	0.05175691	0.00	0.09416479	2.537851	10.00	-2.537968
-10.81171	10.00	4.849607	0.02579316	0.00	0.04692722	2.572355	10.00	-2.572473
-10.78634	10.00	4.895771	0.02537306	0.00	0.04616289	2.607617	10.00	-2.607734
-10.76041	10.00	4.942945	0.02592952	0.00	0.0471753	2.642654	10.00	-2.64277
-10.73465	10.00	4.98982	0.0257639	0.00	0.04687399	2.713389	10.00	-2.713504
-10.68263	10.00	5.084455	0.05201526	0.00	0.09463483	2.748375	10.00	-2.74849
-10.65691	10.00	5.13126	0.02572636	0.00	0.04680569	2.783346	10.00	-2.78346
-10.63119	10.00	5.178047	0.02571588	0.00	0.04678661	2.817812	10.00	-2.817926
-10.60585	10.00	5.224157	0.02534435	0.00	0.04611066	2.888381	10.00	-2.888494
-10.55395	10.00	5.318568	0.05189215	0.00	0.09441085	2.922861	10.00	-2.922973
-10.5286	10.00	5.364698	0.02535484	0.00	0.04612975	2.958978	10.00	-2.95909
-10.50204	10.00	5.413018	0.02655885	0.00	0.04832028	3.029242	10.00	-3.029353
-10.45037	10.00	5.507021	0.05166803	0.00	0.09400308	3.065113	10.00	-3.065222
-10.424	10.00	5.555011	0.02637723	0.00	0.04798985	3.099221	10.00	-3.099331
-10.39891	10.00	5.600644	0.02508158	0.00	0.04563258	3.134438	10.00	-3.134547
-10.37302	10.00	5.647759	0.02589639	0.00	0.04711504	3.16848	10.00	-3.168588
-10.34798	10.00	5.693302	0.02503245	0.00	0.0455432	3.238805	10.00	-3.238912
-10.29627	10.00	5.787387	0.0517133	0.00	0.09408544	3.275233	10.00	-3.27534
-10.26948	10.00	5.836123	0.02678739	0.00	0.04873609	3.309137	10.00	-3.309243
-10.24455	10.00	5.881482	0.02493087	0.00	0.04535839	3.349446	10.00	-3.349552
-10.21491	10.00	5.93541	0.02964091	0.00	0.05392768	3.413521	10.00	-3.413626
-10.16779	10.00	6.021134	0.04711753	0.00	0.08572406	3.449041	10.00	-3.449145
-10.14167	10.00	6.068655	0.02611942	0.00	0.0475208	3.484275	10.00	-3.484379
-10.11577	10.00	6.115793	0.02590909	0.00	0.04713814	3.518861	10.00	-3.518965
-10.09033	10.00	6.162064	0.02543268	0.00	0.04627137	3.589824	10.00	-3.589927
-10.03815	10.00	6.257003	0.05218253	0.00	0.09493916	3.625237	10.00	-3.625339
-10.01211	10.00	6.30438	0.02604048	0.00	0.04737718	3.659524	10.00	-3.659624
-9.986897	10.00	6.350251	0.02521241	0.00	0.04587062	3.694084	10.00	-3.694185
-9.961484	10.00	6.396487	0.02541336	0.00	0.04623621	3.765006	10.00	-3.765105
-9.909332	10.00	6.491371	0.05215217	0.00	0.09488391	3.799113	10.00	-3.799212
-9.884251	10.00	6.537003	0.02508102	0.00	0.04563158	3.834351	10.00	-3.83445
-9.858338	10.00	6.584147	0.0259124	0.00	0.04714416	3.869627	10.00	-3.869725
-9.832399	10.00	6.63134	0.02593946	0.00	0.04719338	3.939746	10.00	-3.939843
-9.780837	10.00	6.725151	0.05156204	0.00	0.09381025	3.975506	10.00	-3.975602
-9.754542	10.00	6.772991	0.02629497	0.00	0.04784019	4.009965	10.00	-4.010061
-9.729202	10.00	6.819093	0.02533993	0.00	0.04610263	4.044684	10.00	-4.044781
-9.703671	10.00	6.865543	0.02553094	0.00	0.04645014	4.115044	10.00	-4.115139
-9.651933	10.00	6.959674	0.05173814	0.00	0.09413064	4.14998	10.00	-4.150074
-9.626243	10.00	7.006414	0.02569048	0.00	0.04674041	4.184654	10.00	-4.184748
-9.600745	10.00	7.052804	0.02549727	0.00	0.04638888	4.22012	10.00	-4.220212
-9.574666	10.00	7.100252	0.02607967	0.00	0.04744849	4.254935	10.00	-4.255027
-9.549065	10.00	7.14683	0.02560105	0.00	0.0465777	4.325321	10.00	-4.325411
-9.497307	10.00	7.240996	0.05175801	0.00	0.0941668	4.360837	10.00	-4.360928
-9.471191	10.00	7.28851	0.02611556	0.00	0.04751377	4.395726	10.00	-4.395818
-9.445535	10.00	7.335189	0.02565681	0.00	0.04667914	4.43072	10.00	-4.43081
-9.419802	10.00	7.382006	0.02573244	0.00	0.04681674	4.501531	10.00	-4.50162
-9.367731	10.00	7.476741	0.05207047	0.00	0.09473527	4.537991	10.00	-4.53808
-9.340921	10.00	7.525518	0.02681003	0.00	0.04877727	4.606553	10.00	-4.60664
-9.290504	10.00	7.617245	0.05041654	0.00	0.09172617	4.640791	10.00	-4.64088
-9.265327	10.00	7.663052	0.02517763	0.00	0.04580735	4.678105	10.00	-4.678191
-9.237888	10.00	7.712973	0.02743881	0.00	0.04992125	4.746583	10.00	-4.746669
-9.187533	10.00	7.804587	0.05035472	0.00	0.09161369	4.783019	10.00	-4.783104
-9.160742	10.00	7.853332	0.02679236	0.00	0.04874513	4.816227	10.00	-4.816312
-9.136322	10.00	7.89776	0.02441968	0.00	0.04442834	4.851419	10.00	-4.851503
-9.110443	10.00	7.944843	0.02587873	0.00	0.0470829	4.921299	10.00	-4.921381
-9.059058	10.00	8.038331	0.05138483	0.00	0.09348784	4.956372	10.00	-4.956456
-9.033267	10.00	8.085256	0.02579151	0.00	0.04692421	4.990819	10.00	-4.990901
-9.007936	10.00	8.13134	0.02533	0.00	0.04608455	5.026177	10.00	-5.026259
-8.981936	10.00	8.178646	0.02600128	0.00	0.04730587	5.061069	10.00	-5.06115
-8.956279	10.00	8.225325	0.02565681	0.00	0.04667914	5.131558	10.00	-5.131638
-8.904445	10.00	8.319631	0.0518342	0.00	0.0943054	5.166686	10.00	-5.166766
-8.878613	10.00	8.366626	0.0258307	0.00	0.04699551	5.201089	10.00	-5.201168
-8.853315	10.00	8.412652	0.02529798	0.00	0.0460263	5.236385	10.00	-5.236463
-8.82736	10.00	8.459875	0.02595546	0.00	0.0472225	5.307558	10.00	-5.307636
-8.775024	10.00	8.555093	0.052336	0.00	0.09521838	5.343385	10.00	-5.343463
-8.748678	10.00	8.603025	0.02634576	0.00	0.04793259	5.37656	10.00	-5.376636
-8.724283	10.00	8.647408	0.02439483	0.00	0.04438315	5.411521	10.00	-5.411597
-8.698575	10.00	8.694182	0.0257087	0.00	0.04677355	5.482623	10.00	-5.482698
-8.646292	10.00	8.789306	0.05228356	0.00	0.09512296	5.51896	10.00	-5.519033
-8.619571	10.00	8.83792	0.0267206	0.00	0.04861456	5.574591	10.00	-5.574664
-8.578663	10.00	8.912346	0.04090758	0.00	0.07442589	5.621735	10.00	-5.621808
-8.543995	10.00	8.975419	0.03466783	0.00	0.06307349	5.65682	10.00	-5.656891
-8.518197	10.00	9.022357	0.02579868	0.00	0.04693726	5.692061	10.00	-5.692134
-8.492282	10.00	9.069506	0.02591516	0.00	0.04714919	5.727064	10.00	-5.727136
-8.466543	10.00	9.116334	0.02573851	0.00	0.04682779	5.797506	10.00	-5.797575
-8.414743	10.00	9.210576	0.05179942	0.00	0.09424213	5.832646	10.00	-5.832716
-8.388903	10.00	9.257589	0.02584064	0.00	0.04701359	5.867082	10.00	-5.867151
-8.363582	10.00	9.303658	0.02532117	0.00	0.04606849	5.902537	10.00	-5.902604
-8.33751	10.00	9.351092	0.02607194	0.00	0.04743442	5.973072	10.00	-5.973141
-8.285642	10.00	9.445458	0.05186787	0.00	0.09436667	6.007416	10.00	-6.007482
-8.260387	10.00	9.491405	0.02525437	0.00	0.04594695	6.042386	10.00	-6.04245
-8.234673	10.00	9.538192	0.02571532	0.00	0.0467856	6.077421	10.00	-6.077485
-8.20891	10.00	9.585062	0.02576225	0.00	0.04687097	6.148028	10.00	-6.148093
-8.15699	10.00	9.679524	0.05192031	0.00	0.09446208	6.183106	10.00	-6.18317
-8.131195	10.00	9.726455	0.02579482	0.00	0.04693023	6.217598	10.00	-6.217662
-8.10583	10.00	9.772601	0.02536422	0.00	0.04614682	6.252878	10.00	-6.252942
-8.079887	10.00	9.819801	0.02594277	0.00	0.0471994	6.323799	10.00	-6.323862
-8.027736	10.00	9.914685	0.05215217	0.00	0.09488391	6.358861	10.00	-6.358923
-8.001953	10.00	9.961593	0.02578267	0.00	0.04690814	6.392787	10.00	-6.392849
-7.977006	10.00	10.00698	0.02494688	0.00	0.04538752	6.428684	10.00	-6.428744
-7.95061	10.00	10.055	0.026396	0.00	0.04802399	6.463195	10.00	-6.463254
-7.925233	10.00	10.10118	0.02537747	0.00	0.04617093	6.534359	10.00	-6.534418
-7.872903	10.00	10.19638	0.05232993	0.00	0.09520733	6.569396	10.00	-6.569456
-7.847138	10.00	10.24326	0.02576501	0.00	0.04687599	6.603306	10.00	-6.603364
-7.822203	10.00	10.28862	0.02493529	0.00	0.04536643	6.638284	10.00	-6.638342
-7.796481	10.00	10.33542	0.0257214	0.00	0.04679665	6.673362	10.00	-6.673422
-7.770687	10.00	10.38235	0.02579372	0.00	0.04692822	6.74379	10.00	-6.743846
-7.718898	10.00	10.47657	0.05178893	0.00	0.09422304	6.778609	10.00	-6.778666
-7.693293	10.00	10.52316	0.02560547	0.00	0.04658573	6.813532	10.00	-6.813587
-7.667614	10.00	10.56988	0.02567834	0.00	0.04671831	6.848989	10.00	-6.849045
-7.641541	10.00	10.61731	0.0260736	0.00	0.04743744	6.919745	10.00	-6.9198
-7.58951	10.00	10.71198	0.05203072	0.00	0.09466296	6.955512	10.00	-6.955565
-7.56321	10.00	10.75983	0.02629994	0.00	0.04784923	6.992226	10.00	-6.992279
-7.536211	10.00	10.80895	0.02699883	0.00	0.04912077	7.042523	10.00	-7.042576
-7.499226	10.00	10.88083	0.03698531	0.00	0.07188144	7.094881	10.00	-7.094932
-7.460726	10.00	10.96426	0.03850012	0.00	0.08342886	7.135181	10.00	-7.135235
-7.431089	10.00	11.02995	0.0296365	0.00	0.0656933	7.201186	10.00	-7.201236
-7.382553	10.00	11.13754	0.04853628	0.00	0.1075872	7.237057	10.00	-7.237108
-7.356177	10.00	11.196	0.02637612	0.00	0.05846624	7.306004	10.00	-7.306054
-7.305477	10.00	11.30839	0.05070029	0.00	0.1123841	7.34018	10.00	-7.340228
-7.280347	10.00	11.36409	0.02513016	0.00	0.0557044	7.37423	10.00	-7.374278
-7.255307	10.00	11.4196	0.02503962	0.00	0.05550371	7.409573	10.00	-7.409621
-7.229319	10.00	11.4772	0.02598803	0.00	0.057606	7.444556	10.00	-7.444603
-7.203593	10.00	11.53423	0.02572581	0.00	0.05702475	7.515413	10.00	-7.515458
-7.15149	10.00	11.64972	0.05210304	0.00	0.1154934	7.550119	10.00	-7.550164
-7.125968	10.00	11.7063	0.02552266	0.00	0.05657443	7.58478	10.00	-7.584823
-7.100482	10.00	11.76279	0.02548623	0.00	0.05649367	7.655943	10.00	-7.655987
-7.048151	10.00	11.87879	0.05232993	0.00	0.1159964	7.690831	10.00	-7.690873
-7.022497	10.00	11.93565	0.02565405	0.00	0.05686567	7.724811	10.00	-7.724854
-6.997509	10.00	11.99104	0.02498773	0.00	0.05538869	7.760609	10.00	-7.76065
-6.971185	10.00	12.04939	0.02632423	0.00	0.05835121	7.796112	10.00	-7.796154
-6.945079	10.00	12.10726	0.02610617	0.00	0.05786786	7.865663	10.00	-7.865704
-6.893936	10.00	12.22063	0.05114358	0.00	0.1133667	7.900441	10.00	-7.900484
-6.86836	10.00	12.27732	0.02557621	0.00	0.05669313	7.934922	10.00	-7.934961
-6.843006	10.00	12.33352	0.02535374	0.00	0.05619999	7.970417	10.00	-7.970457
-6.816904	10.00	12.39138	0.02610231	0.00	0.0578593	8.005347	10.00	-8.005383
-6.79122	10.00	12.44831	0.02568386	0.00	0.05693175	8.076546	10.00	-8.076584
-6.738863	10.00	12.56436	0.05235643	0.00	0.1160551	8.111722	10.00	-8.111756
-6.712996	10.00	12.6217	0.02586658	0.00	0.05733678	8.145464	10.00	-8.145501
-6.688184	10.00	12.6767	0.02481273	0.00	0.05500078	8.180679	10.00	-8.180716
-6.662289	10.00	12.7341	0.02589474	0.00	0.05739919	8.215652	10.00	-8.215687
-6.636572	10.00	12.79111	0.02571698	0.00	0.05700517	8.286068	10.00	-8.286104
-6.584791	10.00	12.90589	0.0517812	0.00	0.11478	8.32195	10.00	-8.321983
-6.558406	10.00	12.96437	0.02638495	0.00	0.05848582	8.355644	10.00	-8.355677
-6.533629	10.00	13.01929	0.0247763	0.00	0.05492002	8.391293	10.00	-8.391324
-6.507416	10.00	13.0774	0.02621382	0.00	0.05810648	8.426575	10.00	-8.426608
-6.481472	10.00	13.13491	0.02594387	0.00	0.0575081	8.496541	10.00	-8.496571
-6.430021	10.00	13.24896	0.05145107	0.00	0.1140483	8.531675	10.00	-8.531707
-6.404186	10.00	13.30622	0.02583512	0.00	0.05726703	8.566917	10.00	-8.566948
-6.37827	10.00	13.36367	0.02591572	0.00	0.0574457	8.601642	10.00	-8.601671
-6.352736	10.00	13.41963	0.0255337	0.00	0.05596492	8.671659	10.00	-8.671686
-6.299972	10.00	13.51714	0.05276421	0.00	0.09750672	8.707864	10.00	-8.707892
-6.272688	10.00	13.56624	0.02728391	0.00	0.04909782	8.7412	10.00	-8.741228
-6.247565	10.00	13.61084	0.02512274	0.00	0.04460009	8.776512	10.00	-8.776538
-6.220954	10.00	13.65808	0.02661123	0.00	0.04724259	8.811683	10.00	-8.811707
-6.194451	10.00	13.70513	0.02650317	0.00	0.04705076	8.883636	10.00	-8.88366
-6.140225	10.00	13.8014	0.05422554	0.00	0.09626593	8.91724	10.00	-8.917265
-6.114902	10.00	13.84635	0.02532358	0.00	0.04495664	8.952655	10.00	-8.95268
-6.088212	10.00	13.89374	0.02668987	0.00	0.0473822	9.023336	10.00	-9.023358
-6.031075	10.00	13.9883	0.05713697	0.00	0.09456152	9.057939	10.00	-9.057961
-6.003104	10.00	14.03269	0.02797072	0.00	0.04439621	9.128554	10.00	-9.128576
-5.946019	10.00	14.12072	0.05708539	0.00	0.08802946	9.165708	10.00	-9.16573
-5.914628	10.00	14.165	0.03139142	0.00	0.04428039	9.234182	10.00	-9.234203
-5.850523	10.00	14.23911	0.06410489	0.00	0.07410664	9.267867	10.00	-9.267888
-5.818374	10.00	14.27495	0.0321484	0.00	0.03583832	9.305269	10.00	-9.30529
-5.782674	10.00	14.30997	0.03570022	0.00	0.03501729	9.373745	10.00	-9.373764
-5.716067	10.00	14.36907	0.06660679	0.00	0.05910533	9.408794	10.00	-9.408813
-5.681977	10.00	14.39612	0.03409022	0.00	0.02705142	9.480245	10.00	-9.480263
-5.609868	10.00	14.44866	0.07210907	0.00	0.05254081	9.550662	10.00	-9.550676
-5.537515	10.00	14.49659	0.07235302	0.00	0.04792463	9.584416	10.00	-9.584433
-5.502832	10.00	14.51956	0.0346824	0.00	0.02297266	9.62344	10.00	-9.623455
-5.462739	10.00	14.54612	0.04009422	0.00	0.02655729	9.689726	10.00	-9.689739
-5.39463	10.00	14.59123	0.06810825	0.00	0.04511302	9.751067	10.00	-9.751078
-5.331604	10.00	14.63298	0.0630258	0.00	0.04174654	9.796155	10.00	-9.796167
-5.285279	10.00	14.66366	0.04632521	0.00	0.03068454	9.843413	10.00	-9.843427
-5.23672	10.00	14.69583	0.04855905	0.00	0.03216417	9.900307	10.00	-9.900315
-5.178264	10.00	14.73455	0.0584563	0.00	0.03871983	9.939723	10.00	-9.939734
-5.137765	10.00	14.76137	0.04049841	0.00	0.02682502	10.00551	10.00	-10.00552
-5.070174	10.00	14.80614	0.06759144	0.00	0.0447707	10.04637	10.00	-10.04638
-5.028192	10.00	14.83395	0.04198249	0.00	0.02780803	10.11115	10.00	-10.11116
-4.961626	10.00	14.87804	0.06656554	0.00	0.04409117	10.14377	10.00	-10.14378
-4.928107	10.00	14.90024	0.03351842	0.00	0.02220167	10.21447	10.00	-10.21447
-4.855474	10.00	14.94835	0.07263302	0.00	0.04811009	10.24956	10.00	-10.24957
-4.819414	10.00	14.97224	0.03606081	0.00	0.02388568	10.28345	10.00	-10.28345
-4.784599	10.00	14.9953	0.0348143	0.00	0.02306002	10.31965	10.00	-10.31965
-4.747402	10.00	15.01994	0.03719701	0.00	0.02463827	10.3546	10.00	-10.3546
-4.71149	10.00	15.04372	0.0359127	0.00	0.02378758	10.4245	10.00	-10.42451
-4.639667	10.00	15.0913	0.07182309	0.00	0.04757362	10.46006	10.00	-10.46007
-4.603127	10.00	15.1155	0.03653982	0.00	0.02420296	10.49434	10.00	-10.49435
-4.567905	10.00	15.14071	0.03522157	0.00	0.02520744	10.52945	10.00	-10.52945
-4.531835	10.00	15.17229	0.03607006	0.00	0.03158334	10.56496	10.00	-10.56496
-4.495347	10.00	15.20878	0.03648736	0.00	0.03648736	10.63629	10.00	-10.63629
-4.442899	10.00	15.33155	0.05244862	0.00	0.1227708	10.66948	10.00	-10.66947
-4.424553	10.00	15.39292	0.01834565	0.00	0.06136931	10.70554	10.00	-10.70554
-4.417129	10.00	15.46092	0.007424341	0.00	0.06800432	10.77583	10.00	-10.77583
-4.417129	10.00	15.59346	0	0.00	0.1325334	10.81045	10.00	-10.81044
-4.417129	10.00	15.65873	0	0.00	0.06527366	10.88114	10.00	-10.88114
-4.417129	10.00	15.79204	0	0.00	0.1333091	10.91555	10.00	-10.91555
-4.417129	10.00	15.85692	0	0.00	0.06488156	10.98629	10.00	-10.98628
-4.417129	10.00	15.9903	0	0.00	0.1333813	11.02221	10.00	-11.02221
-4.417129	10.00	16.05804	0	0.00	0.06773677	11.09196	10.00	-11.09195
-4.417129	10.00	16.18955	0	0.00	0.1315156	11.12701	10.00	-11.12701
-4.417129	10.00	16.25565	0	0.00	0.06609754	11.1629	10.00	-11.16289
-4.417129	10.00	16.32333	0	0.00	0.06767307	11.23154	10.00	-11.23153
-4.417129	10.00	16.45274	0	0.00	0.1294135	11.26679	10.00	-11.26679
-4.417129	10.00	16.51922	0	0.00	0.06648116	11.33773	10.00	-11.33772
-4.417129	10.00	16.65298	0	0.00	0.1337564	11.37141	10.00	-11.3714
-4.417129	10.00	16.71649	0	0.00	0.06351269	11.40641	10.00	-11.4064
-4.417129	10.00	16.78248	0	0.00	0.0659942	11.47679	10.00	-11.47678
-4.417129	10.00	16.9152	0	0.00	0.1327174	11.51348	10.00	-11.51347
-4.417129	10.00	16.98438	0	0.00	0.06917924	11.58262	10.00	-11.58261
-4.417129	10.00	17.11475	0	0.00	0.1303676	11.61776	10.00	-11.61775
-4.417129	10.00	17.18101	0	0.00	0.06625749	11.68707	10.00	-11.68705
-4.417129	10.00	17.3117	0	0.00	0.1306903	11.72286	10.00	-11.72284
-4.417129	10.00	17.37918	0	0.00	0.06748055	11.79224	10.00	-11.79222
-4.417129	10.00	17.51	0	0.00	0.1308262	11.82685	10.00	-11.82684
-4.417129	10.00	17.57527	0	0.00	0.06526942	11.89802	10.00	-11.898
-4.417129	10.00	17.70946	0	0.00	0.1341882	11.93185	10.00	-11.93183
-4.417129	10.00	17.77326	0	0.00	0.06379864	11.96714	10.00	-11.96712
-4.412442	10.00	17.8398	0.004687519	0.00	0.06654344	12.03913	10.00	-12.03911
-4.396308	10.00	17.97554	0.0161335	0.00	0.1357383	12.08314	10.00	-12.08312
-4.381623	10.00	18.05853	0.01468541	0.00	0.08298961	12.14416	10.00	-12.14413
-4.356807	10.00	18.17358	0.02481554	0.00	0.1150538	12.18003	10.00	-12.18
-4.338946	10.00	18.24121	0.01786054	0.00	0.06762777	12.25097	10.00	-12.25094
-4.297141	10.00	18.37498	0.04180534	0.00	0.1337706	12.30442	10.00	-12.30439
-4.266619	10.00	18.47577	0.03052218	0.00	0.1007891	12.3634	10.00	-12.36338
-4.234012	10.00	18.587	0.03260711	0.00	0.1112304	12.42372	10.00	-12.4237
-4.200674	10.00	18.70073	0.0333383	0.00	0.1137246	12.4615	10.00	-12.46148
-4.179789	10.00	18.77197	0.02088447	0.00	0.07124174	12.52947	10.00	-12.52944
-4.142219	10.00	18.90013	0.03757022	0.00	0.1281607	12.57205	10.00	-12.57202
-4.118682	10.00	18.98042	0.02353699	0.00	0.08029011	12.63358	10.00	-12.63355
-4.084671	10.00	19.09644	0.03401139	0.00	0.1160207	12.66772	10.00	-12.66768
-4.0658	10.00	19.16081	0.01887018	0.00	0.06437053	12.73921	10.00	-12.73919
-4.027585	10.00	19.29563	0.03821562	0.00	0.1348153	12.77463	10.00	-12.7746
-4.008657	10.00	19.3624	0.01892784	0.00	0.06677277	12.84366	10.00	-12.84362
-3.971761	10.00	19.49256	0.03689625	0.00	0.1301609	12.87817	10.00	-12.87814
-3.953311	10.00	19.55765	0.01844993	0.00	0.06508681	12.94907	10.00	-12.94904
-3.915416	10.00	19.69133	0.03789501	0.00	0.1336842	12.98331	10.00	-12.98327
-3.897117	10.00	19.75588	0.01829825	0.00	0.06455173	13.0547	10.00	-13.05466
-3.858956	10.00	19.89051	0.03816185	0.00	0.1346256	13.08879	10.00	-13.08876
-3.840734	10.00	19.95479	0.01822121	0.00	0.06427994	13.16014	10.00	-13.1601
-3.802598	10.00	20.08932	0.03813617	0.00	0.134535	13.19306	10.00	-13.19302
-3.785001	10.00	20.1514	0.01759764	0.00	0.06208013	13.22896	10.00	-13.22893
-3.765811	10.00	20.2191	0.01918907	0.00	0.06769431	13.29953	10.00	-13.29949
-3.728095	10.00	20.35215	0.03771684	0.00	0.1330557	13.33387	10.00	-13.33383
-3.709738	10.00	20.41691	0.01835724	0.00	0.06475981	13.40421	10.00	-13.40417
-3.671906	10.00	20.55037	0.03783121	0.00	0.1334592	13.43858	10.00	-13.43854
-3.653081	10.00	20.61678	0.01882512	0.00	0.06641038	13.50635	10.00	-13.50631
-3.615617	10.00	20.74895	0.03746445	0.00	0.1321653	13.53868	10.00	-13.53865
-3.597405	10.00	20.81319	0.01821118	0.00	0.06424455	13.60495	10.00	-13.60491
-3.559323	10.00	20.94754	0.0380824	0.00	0.1343453	13.63795	10.00	-13.63791
-3.539525	10.00	21.01738	0.01979859	0.00	0.06984457	13.69652	10.00	-13.69648
-3.503245	10.00	21.14537	0.0362799	0.00	0.1279866	13.7245	10.00	-13.72446
-3.484833	10.00	21.21032	0.01841181	0.00	0.06495233	13.78017	10.00	-13.78014
-3.446987	10.00	21.34383	0.03784605	0.00	0.1335116	13.80559	10.00	-13.80556
-3.428451	10.00	21.40922	0.0185354	0.00	0.06538833	13.8553	10.00	-13.85527
-3.390869	10.00	21.5418	0.03758282	0.00	0.1325829	13.87772	10.00	-13.87769
-3.372527	10.00	21.60651	0.01834119	0.00	0.06470319	13.92254	10.00	-13.92252
-3.330431	10.00	21.74121	0.04209643	0.00	0.1347021	13.94232	10.00	-13.9423
-3.310085	10.00	21.80631	0.02034592	0.00	0.0651038	13.96207	10.00	-13.96205
-3.28878	10.00	21.87449	0.02130502	0.00	0.06817277	13.99807	10.00	-13.99805
-3.245304	10.00	22.00294	0.04347556	0.00	0.1284606	14.0141	10.00	-14.01408
-3.223075	10.00	22.06551	0.02222985	0.00	0.06256182	14.0298	10.00	-14.02978
-3.199294	10.00	22.12797	0.02378088	0.00	0.06245964	14.0584	10.00	-14.05839
-3.152935	10.00	22.24206	0.0463585	0.00	0.1140911	14.0706	10.00	-14.07059
-3.129412	10.00	22.29524	0.02352343	0.00	0.0531841	14.082	10.00	-14.082
-3.104202	10.00	22.34549	0.02521034	0.00	0.05024415	14.10303	10.00	-14.10303
-3.053108	10.00	22.44601	0.05109359	0.00	0.1005285	14.11252	10.00	-14.11252
-3.023017	10.00	22.50369	0.0300909	0.00	0.05767263	14.12355	10.00	-14.12355
-2.977847	10.00	22.58587	0.04516991	0.00	0.08218063	14.12844	10.00	-14.12844
-2.952118	10.00	22.63268	0.02572857	0.00	0.04680971	14.13267	10.00	-14.13267
-2.925901	10.00	22.68038	0.02621713	0.00	0.04769858	14.13937	10.00	-14.13937
-2.874626	10.00	22.77366	0.05127553	0.00	0.09328898	14.14	10.00	-14.14
-2.849522	10.00	22.81934	0.02510366	0.00	0.04567276	14.14001	10.00	-14.14001
-2.796641	10.00	22.91555	0.05288086	0.00	0.09620968	14.14001	10.00	-14.14001
-2.769746	10.00	22.96448	0.0268956	0.00	0.04893295	14.14001	10.00	-14.14001
-2.719563	10.00	23.05578	0.05018247	0.00	0.09130032	14.14001	10.00	-14.14001
-2.685581	10.00	23.11761	0.03398219	0.00	0.06182605	14.14001	10.00	-14.14001
-2.621713	10.00	23.23381	0.06386821	0.00	0.1161997	14.14001	10.00	-14.14001
-2.605161	10.00	23.26392	0.01655139	0.00	0.03011305	14.14001	10.00	-14.14001
-2.565203	10.00	23.33662	0.03995862	0.00	0.07269938	14.14001	10.00	-14.14001
-2.535334	10.00	23.39096	0.02986836	0.00	0.05434149	14.14001	10.00	-14.14001
-2.487861	10.00	23.47733	0.04747359	0.00	0.08637188	14.14001	10.00	-14.14001
-2.462479	10.00	23.52351	0.02538189	0.00	0.04617896	14.14001	10.00	-14.14001
-2.437503	10.00	23.56895	0.02497558	0.00	0.04543974	14.14001	10.00	-14.14001
-2.411583	10.00	23.61611	0.02592013	0.00	0.04715823	14.14001	10.00	-14.14001
-2.359515	10.00	23.71084	0.05206826	0.00	0.09473126	14.14001	10.00	-14.14001
-2.333548	10.00	23.75808	0.02596706	0.00	0.0472436	14.14001	10.00	-14.14001
-2.307533	10.00	23.80541	0.02601508	0.00	0.04733098	14.14001	10.00	-14.14001
-2.283045	10.00	23.84997	0.02448758	0.00	0.04455188	14.14001	10.00	-14.14001
-2.256985	10.00	23.89738	0.0260598	0.00	0.04741233	14.14001	10.00	-14.14001
-2.204791	10.00	23.99234	0.05219413	0.00	0.09496025	14.14001	10.00	-14.14001
-2.179165	10.00	24.03896	0.02562589	0.00	0.04662289	14.14001	10.00	-14.14001
-2.153463	10.00	24.08573	0.02570263	0.00	0.0467625	14.14001	10.00	-14.14001
-2.101326	10.00	24.18058	0.05213726	0.00	0.0948568	14.14001	10.00	-14.14001
-2.076507	10.00	24.22573	0.02481825	0.00	0.0451535	14.14001	10.00	-14.14001
-2.050542	10.00	24.27297	0.02596485	0.00	0.04723958	14.14001	10.00	-14.14001
-1.998288	10.00	24.36805	0.05225485	0.00	0.09507073	14.14001	10.00	-14.14001
-1.973136	10.00	24.41381	0.02515114	0.00	0.04575914	14.14001	10.00	-14.14001
-1.947354	10.00	24.46071	0.02578267	0.00	0.04690814	14.14001	10.00	-14.14001
-1.894668	10.00	24.55657	0.05268544	0.00	0.09585414	14.14001	10.00	-14.14001
-1.869297	10.00	24.60273	0.0253714	0.00	0.04615988	14.14001	10.00	-14.14001
-1.843505	10.00	24.64965	0.02579206	0.00	0.04692521	14.14001	10.00	-14.14001
-1.791624	10.00	24.74404	0.05188057	0.00	0.09438977	14.14001	10.00	-14.14001
-1.766413	10.00	24.78991	0.02521131	0.00	0.04586861	14.14001	10.00	-14.14001
-1.740817	10.00	24.83648	0.02559608	0.00	0.04656866	14.14001	10.00	-14.14001
-1.689082	10.00	24.9306	0.05173482	0.00	0.09412462	14.14001	10.00	-14.14001
-1.664088	10.00	24.97608	0.0249938	0.00	0.04547289	14.14001	10.00	-14.14001
-1.611323	10.00	25.07208	0.05276549	0.00	0.09599978	14.14001	10.00	-14.14001
-1.586003	10.00	25.11814	0.02532006	0.00	0.04606647	14.14001	10.00	-14.14001
-1.5604	10.00	25.16472	0.02560271	0.00	0.04658071	14.14001	10.00	-14.14001
-1.507955	10.00	25.26014	0.05244475	0.00	0.09541623	14.14001	10.00	-14.14001
-1.480915	10.00	25.30934	0.02704023	0.00	0.04919609	14.14001	10.00	-14.14001
-1.457615	10.00	25.35173	0.02330013	0.00	0.04239148	14.14001	10.00	-14.14001
-1.404641	10.00	25.44811	0.05297416	0.00	0.09637942	14.14001	10.00	-14.14001
-1.370463	10.00	25.51029	0.03417761	0.00	0.0621816	14.14001	10.00	-14.14001
-1.327984	10.00	25.58757	0.0424787	0.00	0.07728433	14.14001	10.00	-14.14001
-1.303275	10.00	25.63253	0.0247095	0.00	0.04495564	14.14001	10.00	-14.14001
-1.276286	10.00	25.68163	0.02698889	0.00	0.04910269	14.14001	10.00	-14.14001
-1.225037	10.00	25.79396	0.05124903	0.00	0.1123279	14.14001	10.00	-14.14001
-1.200329	10.00	25.8539	0.02470807	0.00	0.0599379	14.14001	10.00	-14.14001
-1.157382	10.00	25.98719	0.04294647	0.00	0.1332921	14.14001	10.00	-14.14001
-1.136659	10.00	26.05151	0.02072318	0.00	0.06431815	14.14001	10.00	-14.14001
-1.093537	10.00	26.18534	0.04312206	0.00	0.1338371	14.14001	10.00	-14.14001
-1.072462	10.00	26.25075	0.02107483	0.00	0.06540956	14.14001	10.00	-14.14001
-1.031005	10.00	26.38341	0.04145762	0.00	0.132658	14.14001	10.00	-14.14001
-1.010826	10.00	26.44798	0.0201787	0.00	0.06456871	14.14001	10.00	-14.14001
-0.9684103	10.00	26.5837	0.04241583	0.00	0.1357241	14.14001	10.00	-14.14001
-0.9446138	10.00	26.65985	0.02379656	0.00	0.0761453	14.14001	10.00	-14.14001
21.86073
