0	10.00	-49.93406	0	0.00	0.0659404	0	10.00	40
0	10.00	-49.7764	0	0.00	0.1576613	-0.0005152776	10.00	39.99677
0	10.00	-49.73457	0	0.00	0.04182605	-0.0012857	10.00	39.99013
0	10.00	-49.66665	0	0.00	0.06792363	-0.001910576	10.00	39.98176
0	10.00	-49.60286	0	0.00	0.06379156	-0.002397317	10.00	39.97115
0	10.00	-49.53764	0	0.00	0.06521846	-0.002892641	10.00	39.95816
0	10.00	-49.47113	0	0.00	0.06650522	-0.003311818	10.00	39.94289
0	10.00	-49.40422	0	0.00	0.06691574	-0.003731948	10.00	39.92593
0	10.00	-49.33947	0	0.00	0.06475274	-0.004103294	10.00	39.90639
0	10.00	-49.27305	0	0.00	0.06641462	-0.004454099	10.00	39.88478
0	10.00	-49.20703	0	0.00	0.06602109	-0.004766758	10.00	39.86098
0	10.00	-49.14098	0	0.00	0.06605507	-0.005064451	10.00	39.83486
0	10.00	-49.07457	0	0.00	0.06640472	-0.00533192	10.00	39.80674
0	10.00	-49.00863	0	0.00	0.06593757	-0.005575327	10.00	39.77605
0	10.00	-48.94183	0	0.00	0.06679683	-0.00578873	10.00	39.74334
0	10.00	-48.87548	0	0.00	0.06635942	-0.005972055	10.00	39.70885
0	10.00	-48.80989	0	0.00	0.06557943	-0.006130365	10.00	39.67171
0	10.00	-48.74343	0	0.00	0.06646134	-0.006259551	10.00	39.6326
0	10.00	-48.67735	0	0.00	0.06608479	-0.006361448	10.00	39.59127
0	10.00	-48.61123	0	0.00	0.0661216	-0.006434808	10.00	39.54803
0	10.00	-48.54551	0	0.00	0.06571391	-0.006480291	10.00	39.50277
0	10.00	-48.48	0	0.00	0.06551432	-0.00649907	10.00	39.4544
0	10.00	-48.41315	0	0.00	0.06685486	-0.006493715	10.00	39.40458
0	10.00	-48.34672	0	0.00	0.06642878	-0.006488726	10.00	39.35543
0	10.00	-48.28119	0	0.00	0.06553131	-0.006483518	10.00	39.30578
0	10.00	-48.21498	0	0.00	0.06620087	-0.00647787	10.00	39.25585
0	10.00	-48.14841	0	0.00	0.066576	-0.006472808	10.00	39.20473
0	10.00	-48.08025	0	0.00	0.06816286	-0.006467526	10.00	39.15718
0	10.00	-48.01992	0	0.00	0.06032057	-0.006462684	10.00	39.10812
0	10.00	-47.96464	0	0.00	0.05528428	-0.006457255	10.00	39.05828
0	10.00	-47.91749	0	0.00	0.0471512	-0.00645212	10.00	39.00825
0	10.00	-47.87533	0	0.00	0.04215723	-0.006446765	10.00	38.95868
0	10.00	-47.84572	0	0.00	0.02961288	-0.00644141	10.00	38.90733
0	10.00	-47.82764	0	0.00	0.01808149	-0.006436422	10.00	38.85997
0	10.00	-47.81707	0	0.00	0.01056351	-0.00643114	10.00	38.81015
0	10.00	-47.81707	0	0.00	0	-0.006425858	10.00	38.76093
0	10.00	-47.81707	0	0.00	0	-0.006420576	10.00	38.71128
0	10.00	-47.81707	0	0.00	0	-0.006415441	10.00	38.66145
0	10.00	-47.81707	0	0.00	0	-0.006410159	10.00	38.61237
0	10.00	-47.81707	0	0.00	0	-0.00640473	10.00	38.56254
0	10.00	-47.81707	0	0.00	0	-0.006399448	10.00	38.51316
0	10.00	-47.81707	0	0.00	0	-0.00639446	10.00	38.46343
0	10.00	-47.81707	0	0.00	0	-0.006389325	10.00	38.41361
0	10.00	-47.81707	0	0.00	0	-0.006384189	10.00	38.36432
0	10.00	-47.81707	0	0.00	0	-0.006378761	10.00	38.31495
0	10.00	-47.81707	0	0.00	0	-0.006373772	10.00	38.26522
0	10.00	-47.81707	0	0.00	0	-0.00636827	10.00	38.21485
0	10.00	-47.81707	0	0.00	0	-0.006363062	10.00	38.1652
0	10.00	-47.81707	0	0.00	0	-0.006357853	10.00	38.1161
0	10.00	-47.81707	0	0.00	0	-0.006352645	10.00	38.06686
0	10.00	-47.81707	0	0.00	0	-0.006347436	10.00	38.01713
0	10.00	-47.81707	0	0.00	0	-0.006342081	10.00	37.96802
0	10.00	-47.81707	0	0.00	0	-0.006336799	10.00	37.91788
0	10.00	-47.81707	0	0.00	0	-0.006331517	10.00	37.86863
0	10.00	-47.81707	0	0.00	0	-0.006326382	10.00	37.81949
0	10.00	-47.81707	0	0.00	0	-0.006321174	10.00	37.76935
0	10.00	-47.81707	0	0.00	0	-0.006315965	10.00	37.71964
0	10.00	-47.8124	0	0.00	0.004668872	-0.006310756	10.00	37.67032
0	10.00	-47.80204	0	0.00	0.01036293	-0.006305768	10.00	37.62101
0	10.00	-47.79041	0	0.00	0.01163465	-0.006300413	10.00	37.57102
0	10.00	-47.77797	0	0.00	0.0124388	-0.006295278	10.00	37.52176
0	10.00	-47.75999	0	0.00	0.01798132	-0.006289996	10.00	37.47226
0	10.00	-47.73745	0	0.00	0.0225422	-0.006284567	10.00	37.42236
0	10.00	-47.69538	0	0.00	0.04206328	-0.006279578	10.00	37.37308
0	10.00	-47.64177	0	0.00	0.05360804	-0.006274297	10.00	37.32294
0	10.00	-47.57752	0	0.00	0.06425459	-0.006269162	10.00	37.27327
0	10.00	-47.51256	0	0.00	0.06495771	-0.006263733	10.00	37.22392
0	10.00	-47.44677	0	0.00	0.06579602	-0.006258011	10.00	37.16643
0	10.00	-47.37011	0	0.00	0.07665915	-0.006248107	10.00	37.07554
0	10.00	-47.24892	0	0.00	0.1211819	-0.006242899	10.00	37.02616
0	10.00	-47.18307	0	0.00	0.06585406	-0.00623769	10.00	36.97632
0	10.00	-47.11663	0	0.00	0.06644011	-0.006232041	10.00	36.92572
0	10.00	-47.04916	0	0.00	0.06746922	-0.006227347	10.00	36.87739
0	10.00	-46.98472	0	0.00	0.06444131	-0.006221918	10.00	36.82766
0	10.00	-46.91842	0	0.00	0.06630562	-0.006216636	10.00	36.77793
0	10.00	-46.85211	0	0.00	0.06630845	-0.006211501	10.00	36.72855
0	10.00	-46.78626	0	0.00	0.06584415	-0.006206219	10.00	36.6792
0	10.00	-46.72046	0	0.00	0.06580734	-0.006201084	10.00	36.62946
0	10.00	-46.65414	0	0.00	0.06631128	-0.006195802	10.00	36.58002
0	10.00	-46.58823	0	0.00	0.06591492	-0.006190374	10.00	36.53013
0	10.00	-46.52171	0	0.00	0.06652079	-0.006185238	10.00	36.48087
0	10.00	-46.45602	0	0.00	0.06568418	-0.006180177	10.00	36.43119
0	10.00	-46.38978	0	0.00	0.0662405	-0.006174821	10.00	36.38171
0	10.00	-46.32381	0	0.00	0.06597155	-0.006169613	10.00	36.33221
0	10.00	-46.2578	0	0.00	0.06600694	-0.006164257	10.00	36.28251
0	10.00	-46.19153	0	0.00	0.06627448	-0.006159049	10.00	36.23286
0	10.00	-46.12534	0	0.00	0.0661853	-0.00615384	10.00	36.18271
0	10.00	-46.05848	0	0.00	0.06686619	-0.006148412	10.00	36.13294
0	10.00	-45.99213	0	0.00	0.06635375	-0.00614313	10.00	36.08377
0	10.00	-45.92655	0	0.00	0.0655766	-0.006138141	10.00	36.03403
0	10.00	-45.86024	0	0.00	0.0663127	-0.006133006	10.00	35.98482
0	10.00	-45.79462	0	0.00	0.06561482	-0.006127871	10.00	35.93518
0	10.00	-45.72844	0	0.00	0.0661853	-0.006122296	10.00	35.88534
0	10.00	-45.66198	0	0.00	0.06645568	-0.00611716	10.00	35.83595
0	10.00	-45.59614	0	0.00	0.0658399	-0.006110852	10.00	35.77698
0	10.00	-45.5175	0	0.00	0.07864096	-0.006101608	10.00	35.6868
0	10.00	-45.39727	0	0.00	0.1202306	-0.006096033	10.00	35.63566
0	10.00	-45.32908	0	0.00	0.06818692	-0.006091044	10.00	35.58815
0	10.00	-45.26573	0	0.00	0.0633499	-0.006085763	10.00	35.53826
0	10.00	-45.19921	0	0.00	0.06652079	-0.006080481	10.00	35.48732
0	10.00	-45.1313	0	0.00	0.06791372	-0.006075345	10.00	35.43962
0	10.00	-45.06769	0	0.00	0.06360329	-0.006069917	10.00	35.3902
0	10.00	-45.00179	0	0.00	0.06590077	-0.006064782	10.00	35.33949
0	10.00	-44.93419	0	0.00	0.06760654	-0.00605972	10.00	35.29117
0	10.00	-44.86975	0	0.00	0.06443423	-0.006054511	10.00	35.24143
0	10.00	-44.80344	0	0.00	0.06630987	-0.006049303	10.00	35.19205
0	10.00	-44.73761	0	0.00	0.06583565	-0.006043801	10.00	35.14184
0	10.00	-44.67065	0	0.00	0.0669582	-0.006038959	10.00	35.09309
0	10.00	-44.60565	0	0.00	0.06499621	-0.006033677	10.00	35.04319
0	10.00	-44.53913	0	0.00	0.0665222	-0.006028469	10.00	34.99351
0	10.00	-44.47289	0	0.00	0.06624475	-0.006023114	10.00	34.94413
0	10.00	-44.40705	0	0.00	0.06583849	-0.006017759	10.00	34.89448
0	10.00	-44.34084	0	0.00	0.06620511	-0.00601255	10.00	34.84473
0	10.00	-44.27451	0	0.00	0.06633677	-0.006007341	10.00	34.79544
0	10.00	-44.20878	0	0.00	0.06572524	-0.006002059	10.00	34.74591
0	10.00	-44.14275	0	0.00	0.06603242	-0.005996851	10.00	34.69614
0	10.00	-44.07638	0	0.00	0.06636508	-0.005991789	10.00	34.64663
0	10.00	-44.01037	0	0.00	0.0660126	-0.005986434	10.00	34.59717
0	10.00	-43.94443	0	0.00	0.06594323	-0.005981225	10.00	34.54759
0	10.00	-43.87832	0	0.00	0.0661032	-0.005975723	10.00	34.4979
0	10.00	-43.81207	0	0.00	0.06625891	-0.005970662	10.00	34.44847
0	10.00	-43.74616	0	0.00	0.06590501	-0.0059656	10.00	34.39906
0	10.00	-43.68028	0	0.00	0.06588095	-0.005960318	10.00	34.3489
0	10.00	-43.6134	0	0.00	0.06688176	-0.005955036	10.00	34.29987
0	10.00	-43.54802	0	0.00	0.06537559	-0.005949607	10.00	34.25024
0	10.00	-43.48185	0	0.00	0.06617398	-0.005944472	10.00	34.20066
0	10.00	-43.41573	0	0.00	0.06611311	-0.00593919	10.00	34.15111
0	10.00	-43.34967	0	0.00	0.0660579	-0.005933908	10.00	34.10159
0	10.00	-43.28365	0	0.00	0.06602251	-0.005928773	10.00	34.05212
0	10.00	-43.21769	0	0.00	0.06596588	-0.005923491	10.00	34.00236
0	10.00	-43.15134	0	0.00	0.06634809	-0.005918503	10.00	33.95315
0	10.00	-43.08573	0	0.00	0.06560774	-0.005913148	10.00	33.90314
0	10.00	-43.01905	0	0.00	0.06668217	-0.005907792	10.00	33.85368
0	10.00	-42.9531	0	0.00	0.06595173	-0.005902584	10.00	33.80452
0	10.00	-42.88756	0	0.00	0.06553838	-0.005897522	10.00	33.75474
0	10.00	-42.82118	0	0.00	0.06637782	-0.005892093	10.00	33.70479
0	10.00	-42.75458	0	0.00	0.06660006	-0.005886811	10.00	33.65528
0	10.00	-42.68857	0	0.00	0.06601401	-0.005881823	10.00	33.60597
0	10.00	-42.62282	0	0.00	0.06574506	-0.005876541	10.00	33.55612
0	10.00	-42.55635	0	0.00	0.06647125	-0.005871333	10.00	33.50656
0	10.00	-42.49027	0	0.00	0.06607913	-0.005866124	10.00	33.45737
0	10.00	-42.42469	0	0.00	0.06557801	-0.005860842	10.00	33.40741
0	10.00	-42.35809	0	0.00	0.06660856	-0.005855634	10.00	33.35743
0	10.00	-42.29143	0	0.00	0.06665669	-0.005850645	10.00	33.30832
0	10.00	-42.22595	0	0.00	0.06548176	-0.00584529	10.00	33.25895
0	10.00	-42.16012	0	0.00	0.06582858	-0.005839861	10.00	33.20761
0	10.00	-42.09167	0	0.00	0.06844314	-0.005834579	10.00	33.1596
0	10.00	-42.02765	0	0.00	0.0640223	-0.005829444	10.00	33.10999
0	10.00	-41.96152	0	0.00	0.06613717	-0.005824015	10.00	33.06063
0	10.00	-41.8957	0	0.00	0.06581159	-0.005819027	10.00	33.01109
0	10.00	-41.82964	0	0.00	0.06605931	-0.005813672	10.00	32.9607
0	10.00	-41.76245	0	0.00	0.06719602	-0.005808537	10.00	32.91187
0	10.00	-41.69736	0	0.00	0.06508823	-0.005803475	10.00	32.86236
0	10.00	-41.63134	0	0.00	0.06602392	-0.005798266	10.00	32.81275
0	10.00	-41.56519	0	0.00	0.06615133	-0.005792764	10.00	32.76327
0	10.00	-41.49923	0	0.00	0.06596022	-0.005787703	10.00	32.71357
0	10.00	-41.43295	0	0.00	0.06627448	-0.005782201	10.00	32.66274
0	10.00	-41.36518	0	0.00	0.06777358	-0.005777359	10.00	32.61367
0	10.00	-41.29975	0	0.00	0.06542655	-0.005772077	10.00	32.56416
0	10.00	-41.23373	0	0.00	0.06601543	-0.005766648	10.00	32.51514
0	10.00	-41.16838	0	0.00	0.06535435	-0.005761367	10.00	32.46572
0	10.00	-41.10249	0	0.00	0.06588662	-0.005756158	10.00	32.41555
0	10.00	-41.03559	0	0.00	0.06690724	-0.005750803	10.00	32.36434
0	10.00	-40.9673	0	0.00	0.0682846	-0.005745814	10.00	32.31646
0	10.00	-40.90347	0	0.00	0.06383261	-0.005740533	10.00	32.26676
0	10.00	-40.8372	0	0.00	0.06626599	-0.00573503	10.00	32.21502
0	10.00	-40.76822	0	0.00	0.06898956	-0.005730042	10.00	32.16714
0	10.00	-40.70436	0	0.00	0.06385101	-0.00572476	10.00	32.11806
0	10.00	-40.63894	0	0.00	0.06541947	-0.005719552	10.00	32.06742
0	10.00	-40.57141	0	0.00	0.06753293	-0.005714417	10.00	32.01856
0	10.00	-40.50628	0	0.00	0.06513636	-0.005709281	10.00	31.96978
0	10.00	-40.44123	0	0.00	0.06504151	-0.005703926	10.00	31.91778
0	10.00	-40.37189	0	0.00	0.06934204	-0.005698937	10.00	31.87029
0	10.00	-40.30858	0	0.00	0.0633131	-0.005693362	10.00	31.8209
0	10.00	-40.24273	0	0.00	0.06585264	-0.005688007	10.00	31.77018
0	10.00	-40.1751	0	0.00	0.06762353	-0.005683166	10.00	31.72207
0	10.00	-40.11095	0	0.00	0.06414828	-0.005677884	10.00	31.67276
0	10.00	-40.0452	0	0.00	0.06575638	-0.005672602	10.00	31.62296
0	10.00	-39.9788	0	0.00	0.06639905	-0.00566732	10.00	31.57345
0	10.00	-39.91279	0	0.00	0.06601118	-0.005662185	10.00	31.52345
0	10.00	-39.84611	0	0.00	0.06667367	-0.005656903	10.00	31.47426
0	10.00	-39.78054	0	0.00	0.06557518	-0.005651694	10.00	31.42482
0	10.00	-39.71461	0	0.00	0.06592342	-0.005646485	10.00	31.37515
0	10.00	-39.64839	0	0.00	0.0662221	-0.00564113	10.00	31.3258
0	10.00	-39.58259	0	0.00	0.06580593	-0.005636069	10.00	31.27589
0	10.00	-39.51604	0	0.00	0.06654485	-0.00563064	10.00	31.22623
0	10.00	-39.44983	0	0.00	0.06621078	-0.005625651	10.00	31.17692
0	10.00	-39.38408	0	0.00	0.06575072	-0.00562037	10.00	31.12732
0	10.00	-39.31795	0	0.00	0.06613434	-0.005614941	10.00	31.07783
0	10.00	-39.25196	0	0.00	0.06598146	-0.005609952	10.00	31.02822
0	10.00	-39.18581	0	0.00	0.06615841	-0.005604524	10.00	30.97877
0	10.00	-39.11988	0	0.00	0.06592625	-0.005599315	10.00	30.92834
0	10.00	-39.05264	0	0.00	0.06723566	-0.005594107	10.00	30.87933
0	10.00	-38.98729	0	0.00	0.06535152	-0.005589045	10.00	30.82998
0	10.00	-38.9215	0	0.00	0.06579036	-0.005583543	10.00	30.78042
0	10.00	-38.85541	0	0.00	0.06608904	-0.005578555	10.00	30.73106
0	10.00	-38.7896	0	0.00	0.06581442	-0.005572979	10.00	30.68095
0	10.00	-38.72279	0	0.00	0.0668124	-0.005567844	10.00	30.63191
0	10.00	-38.65741	0	0.00	0.06537842	-0.005562709	10.00	30.5821
0	10.00	-38.59098	0	0.00	0.0664217	-0.0055575	10.00	30.53266
0	10.00	-38.52507	0	0.00	0.06591634	-0.005552365	10.00	30.48316
0	10.00	-38.45906	0	0.00	0.06600552	-0.00554701	10.00	30.43344
0	10.00	-38.39277	0	0.00	0.06629005	-0.005541948	10.00	30.38395
0	10.00	-38.32679	0	0.00	0.06598712	-0.00553674	10.00	30.33445
0	10.00	-38.26078	0	0.00	0.0660041	-0.005531385	10.00	30.28473
0	10.00	-38.19449	0	0.00	0.06629288	-0.005526176	10.00	30.23531
0	10.00	-38.1286	0	0.00	0.06588944	-0.005520967	10.00	30.18565
0	10.00	-38.06239	0	0.00	0.06621219	-0.005515612	10.00	30.13582
0	10.00	-37.99594	0	0.00	0.06644294	-0.005510477	10.00	30.08649
0	10.00	-37.93017	0	0.00	0.06577337	-0.005505048	10.00	30.03687
0	10.00	-37.86401	0	0.00	0.06615699	-0.005499766	10.00	29.98739
0	10.00	-37.79805	0	0.00	0.06597013	-0.005494704	10.00	29.93726
0	10.00	-37.7312	0	0.00	0.06684637	-0.005489423	10.00	29.88785
0	10.00	-37.66532	0	0.00	0.06588095	-0.005484214	10.00	29.83865
0	10.00	-37.59972	0	0.00	0.065595	-0.005478712	10.00	29.78902
0	10.00	-37.53355	0	0.00	0.06616973	-0.005473504	10.00	29.73951
0	10.00	-37.46753	0	0.00	0.06602392	-0.005468515	10.00	29.69001
0	10.00	-37.40154	0	0.00	0.06599136	-0.005463307	10.00	29.64045
0	10.00	-37.33546	0	0.00	0.06608055	-0.005458098	10.00	29.59068
0	10.00	-37.2691	0	0.00	0.066358	-0.005452816	10.00	29.54067
0	10.00	-37.20242	0	0.00	0.066685	-0.005447608	10.00	29.49097
0	10.00	-37.13615	0	0.00	0.06626882	-0.005442399	10.00	29.44133
0	10.00	-37.06996	0	0.00	0.06618389	-0.005437044	10.00	29.39215
0	10.00	-37.00439	0	0.00	0.06557377	-0.005431836	10.00	29.34284
0	10.00	-36.93865	0	0.00	0.06574081	-0.005426627	10.00	29.2935
0	10.00	-36.87285	0	0.00	0.06579319	-0.005421418	10.00	29.24383
0	10.00	-36.80663	0	0.00	0.0662221	-0.005416283	10.00	29.19407
0	10.00	-36.74028	0	0.00	0.06635234	-0.005410928	10.00	29.14429
0	10.00	-36.67391	0	0.00	0.06637216	-0.005405573	10.00	29.0932
0	10.00	-36.6058	0	0.00	0.06811048	-0.005400584	10.00	29.04551
0	10.00	-36.5422	0	0.00	0.06359904	-0.005395303	10.00	28.99571
0	10.00	-36.4758	0	0.00	0.06639622	-0.005390167	10.00	28.94595
0	10.00	-36.40945	0	0.00	0.06635092	-0.005384885	10.00	28.89679
0	10.00	-36.3439	0	0.00	0.06554829	-0.005379603	10.00	28.84658
0	10.00	-36.27697	0	0.00	0.06693555	-0.005374395	10.00	28.79719
0	10.00	-36.2111	0	0.00	0.06586397	-0.00536904	10.00	28.74739
0	10.00	-36.14471	0	0.00	0.06639764	-0.005363904	10.00	28.69783
0	10.00	-36.07863	0	0.00	0.0660763	-0.005358476	10.00	28.64654
0	10.00	-36.01024	0	0.00	0.06839077	-0.005353561	10.00	28.59909
0	10.00	-35.94698	0	0.00	0.06326355	-0.005348352	10.00	28.54955
0	10.00	-35.88092	0	0.00	0.06605648	-0.005342777	10.00	28.49761
0	10.00	-35.81167	0	0.00	0.06925002	-0.005337789	10.00	28.45051
0	10.00	-35.74887	0	0.00	0.06280207	-0.005332507	10.00	28.40041
0	10.00	-35.68207	0	0.00	0.06679683	-0.005327371	10.00	28.34941
0	10.00	-35.61406	0	0.00	0.06800998	-0.005322236	10.00	28.30119
0	10.00	-35.54977	0	0.00	0.06428418	-0.005317101	10.00	28.25166
0	10.00	-35.48373	0	0.00	0.0660395	-0.005311819	10.00	28.20248
0	10.00	-35.41816	0	0.00	0.06557801	-0.005306391	10.00	28.1532
0	10.00	-35.35245	0	0.00	0.06570542	-0.005301255	10.00	28.10378
0	10.00	-35.28656	0	0.00	0.0658951	-0.005295827	10.00	28.05414
0	10.00	-35.22037	0	0.00	0.06619097	-0.005290838	10.00	28.00469
0	10.00	-35.15443	0	0.00	0.06593191	-0.005285556	10.00	27.95507
0	10.00	-35.08828	0	0.00	0.06615558	-0.005280421	10.00	27.90536
0	10.00	-35.022	0	0.00	0.06628156	-0.005275286	10.00	27.85584
0	10.00	-34.95597	0	0.00	0.06602817	-0.005269931	10.00	27.80596
0	10.00	-34.88946	0	0.00	0.06650664	-0.005264576	10.00	27.75671
0	10.00	-34.8238	0	0.00	0.06566295	-0.005259514	10.00	27.70723
0	10.00	-34.75782	0	0.00	0.06597579	-0.005254159	10.00	27.65748
0	10.00	-34.6915	0	0.00	0.06632544	-0.00524917	10.00	27.6083
0	10.00	-34.62591	0	0.00	0.06558792	-0.005243668	10.00	27.55844
0	10.00	-34.55944	0	0.00	0.06647408	-0.005238459	10.00	27.5082
0	10.00	-34.49244	0	0.00	0.06699218	-0.005233471	10.00	27.45928
0	10.00	-34.42722	0	0.00	0.06522554	-0.005228043	10.00	27.40985
0	10.00	-34.36132	0	0.00	0.06590077	-0.005222761	10.00	27.35884
0	10.00	-34.2933	0	0.00	0.06801989	-0.005217479	10.00	27.31021
0	10.00	-34.22846	0	0.00	0.06483909	-0.00521227	10.00	27.26098
0	10.00	-34.16283	0	0.00	0.06563181	-0.005207355	10.00	27.21144
0	10.00	-34.09678	0	0.00	0.06605082	-0.005202	10.00	27.16186
0	10.00	-34.03067	0	0.00	0.06611028	-0.005196498	10.00	27.1104
0	10.00	-33.96206	0	0.00	0.0686116	-0.005191656	10.00	27.06311
0	10.00	-33.89899	0	0.00	0.06306112	-0.005186374	10.00	27.01321
0	10.00	-33.83246	0	0.00	0.06653353	-0.005181313	10.00	26.96376
0	10.00	-33.76653	0	0.00	0.06593332	-0.005175664	10.00	26.91422
0	10.00	-33.70048	0	0.00	0.06604374	-0.005170529	10.00	26.8638
0	10.00	-33.63325	0	0.00	0.06722999	-0.005165247	10.00	26.81474
0	10.00	-33.56784	0	0.00	0.06541523	-0.005160111	10.00	26.76498
0	10.00	-33.50149	0	0.00	0.06634951	-0.005154977	10.00	26.71572
0	10.00	-33.43582	0	0.00	0.06567144	-0.005149548	10.00	26.66546
0	10.00	-33.36879	0	0.00	0.06702049	-0.005144413	10.00	26.61656
0	10.00	-33.30359	0	0.00	0.06520714	-0.005139424	10.00	26.56703
0	10.00	-33.23755	0	0.00	0.06603808	-0.005134069	10.00	26.51711
0	10.00	-33.17099	0	0.00	0.06655618	-0.005128934	10.00	26.468
0	10.00	-33.10552	0	0.00	0.0654761	-0.005123725	10.00	26.41851
0	10.00	-33.03953	0	0.00	0.06598995	-0.00511815	10.00	26.36612
0	10.00	-32.96967	0	0.00	0.06986297	-0.005113162	10.00	26.31848
0	10.00	-32.90615	0	0.00	0.06351552	-0.005108026	10.00	26.26958
0	10.00	-32.84095	0	0.00	0.0651944	-0.005102671	10.00	26.21986
0	10.00	-32.77466	0	0.00	0.06629571	-0.005097463	10.00	26.17044
0	10.00	-32.70877	0	0.00	0.06589086	-0.005092254	10.00	26.12079
0	10.00	-32.64257	0	0.00	0.06619946	-0.005086972	10.00	26.07123
0	10.00	-32.57649	0	0.00	0.06608196	-0.00508191	10.00	26.02199
0	10.00	-32.51083	0	0.00	0.06565587	-0.005076482	10.00	25.97201
0	10.00	-32.44419	0	0.00	0.06664395	-0.005071347	10.00	25.92265
0	10.00	-32.37838	0	0.00	0.065813	-0.005066065	10.00	25.87288
0	10.00	-32.31202	0	0.00	0.06634951	-0.005061076	10.00	25.82346
0	10.00	-32.24613	0	0.00	0.0658951	-0.005055721	10.00	25.77399
0	10.00	-32.18017	0	0.00	0.06596164	-0.005050366	10.00	25.72436
0	10.00	-32.11399	0	0.00	0.06618247	-0.005045011	10.00	25.675
0	10.00	-32.04817	0	0.00	0.06581442	-0.005039949	10.00	25.62514
0	10.00	-31.98169	0	0.00	0.06647974	-0.005034667	10.00	25.57577
0	10.00	-31.91588	0	0.00	0.06581584	-0.005029605	10.00	25.52585
0	10.00	-31.84931	0	0.00	0.06656184	-0.00502425	10.00	25.47606
0	10.00	-31.78292	0	0.00	0.06639197	-0.005019114	10.00	25.42639
0	10.00	-31.71669	0	0.00	0.06623201	-0.005013759	10.00	25.37656
0	10.00	-31.65026	0	0.00	0.06642736	-0.005008624	10.00	25.32778
0	10.00	-31.58521	0	0.00	0.06505284	-0.005003416	10.00	25.27831
0	10.00	-31.51925	0	0.00	0.06595456	-0.004998281	10.00	25.22832
0	10.00	-31.45261	0	0.00	0.06664819	-0.004993072	10.00	25.17822
0	10.00	-31.3858	0	0.00	0.06680957	-0.004987863	10.00	25.12919
0	10.00	-31.32043	0	0.00	0.06537134	-0.004982141	10.00	25.07778
0	10.00	-31.25188	0	0.00	0.06854931	-0.004977153	10.00	25.02973
0	10.00	-31.18782	0	0.00	0.06405627	-0.004972018	10.00	24.98017
0	10.00	-31.12173	0	0.00	0.06608621	-0.004966662	10.00	24.92923
0	10.00	-31.05382	0	0.00	0.06791089	-0.004961527	10.00	24.881
0	10.00	-30.98951	0	0.00	0.0643139	-0.004956172	10.00	24.83127
0	10.00	-30.9232	0	0.00	0.06630987	-0.004951184	10.00	24.78207
0	10.00	-30.8576	0	0.00	0.06560349	-0.004945755	10.00	24.73257
0	10.00	-30.7916	0	0.00	0.06598995	-0.00494062	10.00	24.68267
0	10.00	-30.72507	0	0.00	0.06653919	-0.004935411	10.00	24.63328
0	10.00	-30.65922	0	0.00	0.06584698	-0.004930276	10.00	24.58415
0	10.00	-30.59371	0	0.00	0.06550866	-0.004925214	10.00	24.53494
0	10.00	-30.5281	0	0.00	0.06560916	-0.004919859	10.00	24.48539
0	10.00	-30.46203	0	0.00	0.06606922	-0.004914504	10.00	24.43582
0	10.00	-30.39593	0	0.00	0.06610461	-0.004909222	10.00	24.38634
0	10.00	-30.32996	0	0.00	0.06597155	-0.004904233	10.00	24.3366
0	10.00	-30.26364	0	0.00	0.06631836	-0.004898805	10.00	24.287
0	10.00	-30.19751	0	0.00	0.06613009	-0.004893596	10.00	24.23627
0	10.00	-30.12986	0	0.00	0.06764476	-0.004888314	10.00	24.18788
0	10.00	-30.06534	0	0.00	0.06451917	-0.004883106	10.00	24.13812
0	10.00	-29.99901	0	0.00	0.06633818	-0.004878118	10.00	24.08817
0	10.00	-29.9324	0	0.00	0.06660148	-0.004872615	10.00	24.03898
0	10.00	-29.86682	0	0.00	0.06558934	-0.004867554	10.00	23.98962
0	10.00	-29.801	0	0.00	0.06581017	-0.004862345	10.00	23.93995
0	10.00	-29.73477	0	0.00	0.0662306	-0.00485699	10.00	23.89032
0	10.00	-29.66859	0	0.00	0.06618106	-0.004851781	10.00	23.84089
0	10.00	-29.6027	0	0.00	0.06589652	-0.004846426	10.00	23.79093
0	10.00	-29.53608	0	0.00	0.06661422	-0.004841438	10.00	23.7417
0	10.00	-29.47044	0	0.00	0.06564172	-0.004836009	10.00	23.69205
0	10.00	-29.40424	0	0.00	0.06620511	-0.004830874	10.00	23.64247
0	10.00	-29.33813	0	0.00	0.06610886	-0.004825739	10.00	23.59314
0	10.00	-29.27235	0	0.00	0.0657762	-0.00482053	10.00	23.54344
0	10.00	-29.20609	0	0.00	0.06626032	-0.004815175	10.00	23.49378
0	10.00	-29.13988	0	0.00	0.06620653	-0.004809966	10.00	23.44435
0	10.00	-29.07396	0	0.00	0.06592058	-0.004804758	10.00	23.39477
0	10.00	-29.00786	0	0.00	0.06609895	-0.004799476	10.00	23.34497
0	10.00	-28.94146	0	0.00	0.0664033	-0.004794341	10.00	23.29577
0	10.00	-28.87586	0	0.00	0.06560349	-0.004788692	10.00	23.24352
0	10.00	-28.80619	0	0.00	0.06966621	-0.004783704	10.00	23.19578
0	10.00	-28.74254	0	0.00	0.06364859	-0.004778569	10.00	23.14672
0	10.00	-28.67713	0	0.00	0.06541098	-0.00477336	10.00	23.09707
0	10.00	-28.61093	0	0.00	0.06619804	-0.004768005	10.00	23.04771
0	10.00	-28.54512	0	0.00	0.06581442	-0.00476265	10.00	22.99763
0	10.00	-28.47834	0	0.00	0.06677701	-0.004757441	10.00	22.94645
0	10.00	-28.4101	0	0.00	0.06824072	-0.004752306	10.00	22.8988
0	10.00	-28.34657	0	0.00	0.06353251	-0.004747097	10.00	22.84938
0	10.00	-28.28068	0	0.00	0.06589227	-0.004741889	10.00	22.80002
0	10.00	-28.21487	0	0.00	0.06580876	-0.00473668	10.00	22.75026
0	10.00	-28.14851	0	0.00	0.06635658	-0.004731399	10.00	22.70074
0	10.00	-28.0825	0	0.00	0.06601401	-0.004726263	10.00	22.65112
0	10.00	-28.01633	0	0.00	0.06616265	-0.004720688	10.00	22.60157
0	10.00	-27.95026	0	0.00	0.06607064	-0.004715553	10.00	22.55182
0	10.00	-27.88393	0	0.00	0.06633252	-0.004710491	10.00	22.50235
0	10.00	-27.81796	0	0.00	0.06596871	-0.004705209	10.00	22.4529
0	10.00	-27.75204	0	0.00	0.06592483	-0.0047	10.00	22.40314
0	10.00	-27.6857	0	0.00	0.0663396	-0.004694572	10.00	22.35348
0	10.00	-27.61948	0	0.00	0.06621644	-0.004689584	10.00	22.30365
0	10.00	-27.55304	0	0.00	0.06644152	-0.004684448	10.00	22.25447
0	10.00	-27.48746	0	0.00	0.06557518	-0.004679313	10.00	22.20478
0	10.00	-27.42122	0	0.00	0.06625041	-0.004674105	10.00	22.15555
0	10.00	-27.35557	0	0.00	0.06564738	-0.004668896	10.00	22.10576
0	10.00	-27.28919	0	0.00	0.06637923	-0.004663761	10.00	22.05647
0	10.00	-27.22346	0	0.00	0.0657309	-0.004658406	10.00	22.00679
0	10.00	-27.15723	0	0.00	0.0662306	-0.004652903	10.00	21.95679
0	10.00	-27.09056	0	0.00	0.06667226	-0.004647769	10.00	21.9077
0	10.00	-27.0251	0	0.00	0.06545062	-0.004642707	10.00	21.85797
0	10.00	-26.95879	0	0.00	0.06631128	-0.004637351	10.00	21.80769
0	10.00	-26.89176	0	0.00	0.06703182	-0.004632363	10.00	21.75863
0	10.00	-26.82634	0	0.00	0.06541947	-0.004626788	10.00	21.70912
0	10.00	-26.76033	0	0.00	0.0660126	-0.004621726	10.00	21.65935
0	10.00	-26.69397	0	0.00	0.06636366	-0.004616517	10.00	21.60954
0	10.00	-26.62756	0	0.00	0.06640472	-0.004611382	10.00	21.55981
0	10.00	-26.56124	0	0.00	0.06631836	-0.004605954	10.00	21.50892
0	10.00	-26.4934	0	0.00	0.06783869	-0.004600965	10.00	21.46039
0	10.00	-26.42868	0	0.00	0.06472301	-0.00459583	10.00	21.41107
0	10.00	-26.36293	0	0.00	0.06574789	-0.004590475	10.00	21.36007
0	10.00	-26.29493	0	0.00	0.06800432	-0.004585193	10.00	21.31214
0	10.00	-26.23102	0	0.00	0.06390339	-0.004579984	10.00	21.26286
0	10.00	-26.16532	0	0.00	0.06570967	-0.004574849	10.00	21.21289
0	10.00	-26.09869	0	0.00	0.06662271	-0.004569567	10.00	21.16333
0	10.00	-26.03261	0	0.00	0.06607913	-0.004564432	10.00	21.11377
0	10.00	-25.96653	0	0.00	0.06608338	-0.004559077	10.00	21.06403
0	10.00	-25.90021	0	0.00	0.06631836	-0.004553942	10.00	21.01506
0	10.00	-25.83491	0	0.00	0.06529773	-0.00454888	10.00	20.96573
0	10.00	-25.76914	0	0.00	0.06577761	-0.004543598	10.00	20.91621
0	10.00	-25.70312	0	0.00	0.06602109	-0.004538389	10.00	20.86672
0	10.00	-25.63713	0	0.00	0.06598287	-0.004533181	10.00	20.81592
0	10.00	-25.5694	0	0.00	0.06773536	-0.004528046	10.00	20.76744
0	10.00	-25.50476	0	0.00	0.06463949	-0.004522764	10.00	20.71797
0	10.00	-25.4388	0	0.00	0.06595881	-0.004517335	10.00	20.66848
0	10.00	-25.3728	0	0.00	0.06599561	-0.004512127	10.00	20.6188
0	10.00	-25.30658	0	0.00	0.06622493	-0.004506991	10.00	20.56925
0	10.00	-25.2405	0	0.00	0.0660763	-0.004501636	10.00	20.51902
0	10.00	-25.17352	0	0.00	0.06697661	-0.004496648	10.00	20.46965
0	10.00	-25.10771	0	0.00	0.06581867	-0.004491219	10.00	20.4205
0	10.00	-25.04217	0	0.00	0.06554122	-0.004486084	10.00	20.37113
0	10.00	-24.97634	0	0.00	0.06582433	-0.004480729	10.00	20.32147
0	10.00	-24.91013	0	0.00	0.06621361	-0.00447552	10.00	20.27167
0	10.00	-24.84373	0	0.00	0.06639622	-0.004470385	10.00	20.22202
0	10.00	-24.77753	0	0.00	0.06619804	-0.004465103	10.00	20.17269
0	10.00	-24.71176	0	0.00	0.06577478	-0.004459748	10.00	20.12297
0	10.00	-24.64547	0	0.00	0.06629288	-0.004454539	10.00	20.07256
0	10.00	-24.57825	0	0.00	0.06722008	-0.004449258	10.00	20.02305
0	10.00	-24.51224	0	0.00	0.06600552	-0.004443976	10.00	19.97379
0	10.00	-24.44654	0	0.00	0.06569409	-0.00443884	10.00	19.92494
0	10.00	-24.38143	0	0.00	0.06511937	-0.004433779	10.00	19.87529
0	10.00	-24.31521	0	0.00	0.06621361	-0.00442857	10.00	19.82585
0	10.00	-24.2493	0	0.00	0.06591634	-0.004423435	10.00	19.77608
0	10.00	-24.18293	0	0.00	0.06636508	-0.004418153	10.00	19.72661
0	10.00	-24.11697	0	0.00	0.06595881	-0.004412871	10.00	19.67699
0	10.00	-24.05082	0	0.00	0.06615699	-0.004407443	10.00	19.62752
0	10.00	-23.98486	0	0.00	0.06595597	-0.004402528	10.00	19.57786
0	10.00	-23.91864	0	0.00	0.06622069	-0.004397172	10.00	19.52757
0	10.00	-23.85159	0	0.00	0.0670488	-0.00439189	10.00	19.47879
0	10.00	-23.78655	0	0.00	0.06503727	-0.004386608	10.00	19.42918
0	10.00	-23.7204	0	0.00	0.06614991	-0.004381473	10.00	19.37968
0	10.00	-23.65441	0	0.00	0.06599703	-0.004376118	10.00	19.3295
0	10.00	-23.58749	0	0.00	0.06691432	-0.004370836	10.00	19.28052
0	10.00	-23.52219	0	0.00	0.06530339	-0.004365628	10.00	19.23082
0	10.00	-23.45593	0	0.00	0.06625608	-0.004360492	10.00	19.18128
0	10.00	-23.38987	0	0.00	0.06605931	-0.004355064	10.00	19.12922
0	10.00	-23.32046	0	0.00	0.0694114	-0.004350222	10.00	19.08183
0	10.00	-23.25728	0	0.00	0.06318286	-0.004345014	10.00	19.03249
0	10.00	-23.19149	0	0.00	0.06579036	-0.004339512	10.00	18.98255
0	10.00	-23.1249	0	0.00	0.06658874	-0.004334523	10.00	18.93315
0	10.00	-23.05904	0	0.00	0.06586114	-0.004329241	10.00	18.8838
0	10.00	-22.99324	0	0.00	0.06580026	-0.004323813	10.00	18.8344
0	10.00	-22.92737	0	0.00	0.06587104	-0.004318677	10.00	18.7841
0	10.00	-22.8603	0	0.00	0.06707004	-0.004313322	10.00	18.73497
0	10.00	-22.79479	0	0.00	0.06550299	-0.004308114	10.00	18.6847
0	10.00	-22.72777	0	0.00	0.06702474	-0.004302979	10.00	18.63599
0	10.00	-22.66282	0	0.00	0.06495091	-0.004297697	10.00	18.58663
0	10.00	-22.59701	0	0.00	0.06580451	-0.004292415	10.00	18.53616
0	10.00	-22.52971	0	0.00	0.06730219	-0.00428728	10.00	18.48739
0	10.00	-22.46469	0	0.00	0.06502169	-0.004282218	10.00	18.43794
0	10.00	-22.39876	0	0.00	0.06592625	-0.004276862	10.00	18.38791
0	10.00	-22.33205	0	0.00	0.06671473	-0.004271874	10.00	18.33867
0	10.00	-22.2664	0	0.00	0.06565163	-0.004266299	10.00	18.28913
0	10.00	-22.20034	0	0.00	0.0660579	-0.004261164	10.00	18.23907
0	10.00	-22.1336	0	0.00	0.06673596	-0.004256028	10.00	18.1892
0	10.00	-22.0671	0	0.00	0.06650381	-0.004250893	10.00	18.14021
0	10.00	-22.00178	0	0.00	0.06531613	-0.004245465	10.00	18.09074
0	10.00	-21.93583	0	0.00	0.06595739	-0.004240476	10.00	18.04135
0	10.00	-21.86997	0	0.00	0.06585123	-0.004235121	10.00	17.99064
0	10.00	-21.80236	0	0.00	0.06761362	-0.004229766	10.00	17.94008
0	10.00	-21.73494	0	0.00	0.06741827	-0.004224631	10.00	17.89218
0	10.00	-21.67108	0	0.00	0.06386092	-0.004219202	10.00	17.84259
0	10.00	-21.60495	0	0.00	0.06613151	-0.004214213	10.00	17.79231
0	10.00	-21.53792	0	0.00	0.06703323	-0.004208932	10.00	17.74124
0	10.00	-21.46982	0	0.00	0.06809916	-0.004203503	10.00	17.69192
0	10.00	-21.40406	0	0.00	0.06575638	-0.004198221	10.00	17.64409
0	10.00	-21.34029	0	0.00	0.06377032	-0.004193232	10.00	17.59455
0	10.00	-21.27424	0	0.00	0.06605224	-0.004187951	10.00	17.54523
0	10.00	-21.20848	0	0.00	0.06576204	-0.004182669	10.00	17.49546
0	10.00	-21.14212	0	0.00	0.06635375	-0.004177607	10.00	17.44597
0	10.00	-21.07614	0	0.00	0.06598712	-0.004172399	10.00	17.39659
0	10.00	-21.01029	0	0.00	0.0658484	-0.004166823	10.00	17.34594
0	10.00	-20.94275	0	0.00	0.06753293	-0.004161835	10.00	17.29692
0	10.00	-20.8774	0	0.00	0.06536002	-0.004156553	10.00	17.24809
0	10.00	-20.81229	0	0.00	0.06510238	-0.004151418	10.00	17.19906
0	10.00	-20.74692	0	0.00	0.06537276	-0.004146429	10.00	17.14965
0	10.00	-20.68104	0	0.00	0.06587812	-0.004141074	10.00	17.10002
0	10.00	-20.61486	0	0.00	0.06618106	-0.004135865	10.00	17.05068
0	10.00	-20.54908	0	0.00	0.06577903	-0.00413051	10.00	17.00121
0	10.00	-20.48312	0	0.00	0.06596305	-0.004125008	10.00	16.95061
0	10.00	-20.41566	0	0.00	0.06746074	-0.00412002	10.00	16.90038
0	10.00	-20.34867	0	0.00	0.06698368	-0.004114811	10.00	16.85092
0	10.00	-20.28274	0	0.00	0.06593899	-0.004109603	10.00	16.80246
0	10.00	-20.21811	0	0.00	0.06461968	-0.004104614	10.00	16.75334
0	10.00	-20.15262	0	0.00	0.06549308	-0.004099479	10.00	16.70349
0	10.00	-20.08615	0	0.00	0.066467	-0.004094197	10.00	16.65421
0	10.00	-20.02045	0	0.00	0.06570259	-0.004088695	10.00	16.60302
0	10.00	-19.9522	0	0.00	0.06825487	-0.004083487	10.00	16.5534
0	10.00	-19.88604	0	0.00	0.06615699	-0.004078351	10.00	16.5045
0	10.00	-19.82083	0	0.00	0.06520714	-0.004073217	10.00	16.45494
0	10.00	-19.75475	0	0.00	0.06608055	-0.004067788	10.00	16.40556
0	10.00	-19.68892	0	0.00	0.06583141	-0.004062653	10.00	16.35581
0	10.00	-19.62258	0	0.00	0.06634384	-0.004057371	10.00	16.30647
0	10.00	-19.5568	0	0.00	0.06577761	-0.004052089	10.00	16.25651
0	10.00	-19.49019	0	0.00	0.06660856	-0.004046954	10.00	16.20701
0	10.00	-19.42419	0	0.00	0.0660041	-0.004041672	10.00	16.15767
0	10.00	-19.3584	0	0.00	0.06579036	-0.004036463	10.00	16.10725
0	10.00	-19.29117	0	0.00	0.06722858	-0.004031108	10.00	16.05794
0	10.00	-19.22543	0	0.00	0.06573939	-0.004026193	10.00	16.00879
0	10.00	-19.15988	0	0.00	0.06554546	-0.004020838	10.00	15.95912
0	10.00	-19.09366	0	0.00	0.0662221	-0.004015702	10.00	15.90969
0	10.00	-19.02776	0	0.00	0.06589935	-0.004010494	10.00	15.85982
0	10.00	-18.96127	0	0.00	0.06649107	-0.004005212	10.00	15.81058
0	10.00	-18.89561	0	0.00	0.06566153	-0.004000003	10.00	15.76124
0	10.00	-18.82982	0	0.00	0.06578469	-0.003994868	10.00	15.71146
0	10.00	-18.76345	0	0.00	0.06637499	-0.00398944	10.00	15.6621
0	10.00	-18.69764	0	0.00	0.06581159	-0.003984158	10.00	15.61234
0	10.00	-18.6313	0	0.00	0.06634243	-0.003979316	10.00	15.56309
0	10.00	-18.56562	0	0.00	0.06567711	-0.003973887	10.00	15.51323
0	10.00	-18.49915	0	0.00	0.06647266	-0.003968752	10.00	15.46373
0	10.00	-18.43314	0	0.00	0.06600694	-0.003963324	10.00	15.41402
0	10.00	-18.36687	0	0.00	0.06627448	-0.003958262	10.00	15.36461
0	10.00	-18.30099	0	0.00	0.06587671	-0.003953054	10.00	15.31481
0	10.00	-18.23458	0	0.00	0.06640613	-0.003947772	10.00	15.26532
0	10.00	-18.16859	0	0.00	0.06598712	-0.003942343	10.00	15.21584
0	10.00	-18.10262	0	0.00	0.06597438	-0.003937208	10.00	15.16594
0	10.00	-18.03609	0	0.00	0.06652928	-0.003931926	10.00	15.11635
0	10.00	-17.96996	0	0.00	0.06612726	-0.003927084	10.00	15.06732
0	10.00	-17.9046	0	0.00	0.06536143	-0.003921729	10.00	15.01737
0	10.00	-17.838	0	0.00	0.06660431	-0.00391608	10.00	14.96603
0	10.00	-17.76954	0	0.00	0.0684573	-0.003911239	10.00	14.91837
0	10.00	-17.706	0	0.00	0.063541	-0.00390603	10.00	14.86874
0	10.00	-17.63983	0	0.00	0.06617398	-0.003900821	10.00	14.8188
0	10.00	-17.57323	0	0.00	0.0665944	-0.003895686	10.00	14.7697
0	10.00	-17.50778	0	0.00	0.06545486	-0.003890404	10.00	14.72014
0	10.00	-17.44169	0	0.00	0.06608763	-0.003885269	10.00	14.66962
0	10.00	-17.37433	0	0.00	0.06736306	-0.003879987	10.00	14.62088
0	10.00	-17.30934	0	0.00	0.06498489	-0.003874559	10.00	14.57104
0	10.00	-17.2429	0	0.00	0.06644294	-0.003869277	10.00	14.52068
0	10.00	-17.17574	0	0.00	0.06715638	-0.003863995	10.00	14.47223
0	10.00	-17.11115	0	0.00	0.06459703	-0.003858933	10.00	14.42275
0	10.00	-17.04518	0	0.00	0.06597013	-0.003853578	10.00	14.37312
0	10.00	-16.979	0	0.00	0.06617681	-0.003848589	10.00	14.32361
0	10.00	-16.91299	0	0.00	0.06600694	-0.003843087	10.00	14.27317
0	10.00	-16.84573	0	0.00	0.06725831	-0.003837512	10.00	14.21861
0	10.00	-16.77299	0	0.00	0.07274084	-0.00383289	10.00	14.17464
0	10.00	-16.71436	0	0.00	0.05863461	-0.003827388	10.00	14.12368
0	10.00	-16.64641	0	0.00	0.06794345	-0.0038224	10.00	14.07553
0.003279264	10.00	-16.58221	0.003279264	0.00	0.06420208	-0.003817045	10.00	14.02595
0.009216039	10.00	-16.51611	0.005936775	0.00	0.06610461	-0.003811616	10.00	13.97339
0.01618851	10.00	-16.44603	0.006972472	0.00	0.07008097	-0.003806481	10.00	13.92684
0.02296423	10.00	-16.38396	0.006775715	0.00	0.06206314	-0.003801199	10.00	13.87736
0.03016772	10.00	-16.31798	0.007203496	0.00	0.06598146	-0.003795917	10.00	13.82559
0.03770303	10.00	-16.24896	0.007535304	0.00	0.0690207	-0.003791002	10.00	13.77809
0.04461752	10.00	-16.18563	0.006914497	0.00	0.06333433	-0.003785794	10.00	13.72875
0.0511634	10.00	-16.11983	0.006545874	0.00	0.06579319	-0.003780512	10.00	13.67915
0.05774265	10.00	-16.05371	0.006579253	0.00	0.06612868	-0.003775303	10.00	13.62874
0.06443049	10.00	-15.98648	0.006687839	0.00	0.06722008	-0.003769801	10.00	13.57909
0.07101566	10.00	-15.9203	0.006585168	0.00	0.06618813	-0.003765106	10.00	13.53127
0.07735985	10.00	-15.85653	0.006344194	0.00	0.06376608	-0.003759824	10.00	13.48167
0.08393882	10.00	-15.7904	0.006578971	0.00	0.06612585	-0.003754616	10.00	13.43228
0.09049173	10.00	-15.72454	0.006552916	0.00	0.06586397	-0.003749114	10.00	13.38265
0.09707536	10.00	-15.65837	0.006583619	0.00	0.06617256	-0.003744125	10.00	13.33228
0.1037573	10.00	-15.59121	0.006681923	0.00	0.06716063	-0.003738917	10.00	13.28311
0.1102799	10.00	-15.52565	0.006522636	0.00	0.06555962	-0.003733415	10.00	13.23364
0.1162028	10.00	-15.4597	0.005922917	0.00	0.06595031	-0.00372784	10.00	13.18101
0.122506	10.00	-15.38951	0.006303167	0.00	0.07018431	-0.003722998	10.00	13.13478
0.1280418	10.00	-15.32787	0.005535803	0.00	0.06163988	-0.003717863	10.00	13.0853
0.1339659	10.00	-15.26191	0.005924061	0.00	0.06596305	-0.003712654	10.00	13.03367
0.1401483	10.00	-15.19307	0.006182392	0.00	0.06883951	-0.003707446	10.00	12.98457
0.1460286	10.00	-15.12759	0.005880329	0.00	0.0654761	-0.003702164	10.00	12.9357
0.1518798	10.00	-15.06244	0.005851216	0.00	0.06515193	-0.003696882	10.00	12.88589
0.1578451	10.00	-14.99602	0.005965252	0.00	0.0664217	-0.0036916	10.00	12.83635
0.1637771	10.00	-14.92997	0.005932071	0.00	0.06605224	-0.003686465	10.00	12.78691
0.1684209	10.00	-14.86405	0.004643743	0.00	0.065922	-0.003681256	10.00	12.73635
0.1725161	10.00	-14.79665	0.004095223	0.00	0.06739987	-0.003675754	10.00	12.68697
0.1758796	10.00	-14.7308	0.003363498	0.00	0.06585123	-0.003670692	10.00	12.63764
0.1779652	10.00	-14.66503	0.002085635	0.00	0.06576912	-0.003665484	10.00	12.58858
0.1794061	10.00	-14.59962	0.001440848	0.00	0.06540815	-0.003660202	10.00	12.53864
0.180873	10.00	-14.53303	0.001466917	0.00	0.06659157	-0.003655214	10.00	12.48952
0.1816815	10.00	-14.46753	0.000808557	0.00	0.06549308	-0.003649638	10.00	12.43998
0.1818574	10.00	-14.40148	0.0001758877	0.00	0.06605365	-0.003644797	10.00	12.39001
0.1820348	10.00	-14.33486	0.0001773955	0.00	0.06661988	-0.003639588	10.00	12.34081
0.1820348	10.00	-14.26925	0	0.00	0.06561057	-0.003634306	10.00	12.29127
0.1820348	10.00	-14.2032	0	0.00	0.06605365	-0.003628951	10.00	12.24166
0.1820348	10.00	-14.13705	0	0.00	0.06614567	-0.003623816	10.00	12.19195
0.1820348	10.00	-14.07077	0	0.00	0.06628156	-0.003618607	10.00	12.14261
0.1820348	10.00	-14.00498	0	0.00	0.06578611	-0.003613252	10.00	12.09309
0.1820348	10.00	-13.93895	0	0.00	0.06602959	-0.003607897	10.00	12.04363
0.1820348	10.00	-13.87301	0	0.00	0.06594323	-0.003602688	10.00	11.99348
0.1820348	10.00	-13.80614	0	0.00	0.06686619	-0.003597553	10.00	11.94335
0.1820348	10.00	-13.7393	0	0.00	0.06684071	-0.003592198	10.00	11.89426
0.1820348	10.00	-13.67385	0	0.00	0.06545062	-0.003587136	10.00	11.84476
0.1820348	10.00	-13.60785	0	0.00	0.06599703	-0.003581781	10.00	11.79544
0.1820348	10.00	-13.5421	0	0.00	0.0657578	-0.003576866	10.00	11.74575
0.1820348	10.00	-13.47584	0	0.00	0.06625891	-0.003571584	10.00	11.69631
0.1820348	10.00	-13.40992	0	0.00	0.06591351	-0.003566449	10.00	11.64658
0.1820348	10.00	-13.34362	0	0.00	0.06630704	-0.003561167	10.00	11.5968
0.1820348	10.00	-13.27724	0	0.00	0.06637499	-0.003555811	10.00	11.54713
0.1820348	10.00	-13.21102	0	0.00	0.06622635	-0.00355075	10.00	11.49802
0.1820348	10.00	-13.14554	0	0.00	0.06547893	-0.003545394	10.00	11.44858
0.1820348	10.00	-13.07961	0	0.00	0.06593049	-0.003540039	10.00	11.39846
0.1820348	10.00	-13.01279	0	0.00	0.0668209	-0.003534904	10.00	11.34943
0.1820348	10.00	-12.94742	0	0.00	0.06536851	-0.003529915	10.00	11.2998
0.1820348	10.00	-12.88124	0	0.00	0.06617822	-0.00352456	10.00	11.25026
0.1820348	10.00	-12.81518	0	0.00	0.0660579	-0.003519205	10.00	11.20057
0.1820348	10.00	-12.74894	0	0.00	0.06624334	-0.00351407	10.00	11.15109
0.1820348	10.00	-12.68296	0	0.00	0.06597862	-0.003508788	10.00	11.10154
0.1820348	10.00	-12.61689	0	0.00	0.06606922	-0.003503799	10.00	11.05193
0.1820348	10.00	-12.55075	0	0.00	0.06613859	-0.003498517	10.00	11.00197
0.1820348	10.00	-12.48414	0	0.00	0.06661563	-0.003493309	10.00	10.9524
0.1820348	10.00	-12.41804	0	0.00	0.06609754	-0.003488174	10.00	10.90339
0.1820348	10.00	-12.3527	0	0.00	0.06534161	-0.003482672	10.00	10.85355
0.1820348	10.00	-12.28623	0	0.00	0.06646276	-0.003477537	10.00	10.80403
0.1820348	10.00	-12.22022	0	0.00	0.06601685	-0.003472182	10.00	10.75414
0.1820348	10.00	-12.1537	0	0.00	0.06651937	-0.00346712	10.00	10.70505
0.1820348	10.00	-12.08824	0	0.00	0.06546194	-0.003461838	10.00	10.65557
0.1820348	10.00	-12.02226	0	0.00	0.06597438	-0.003456849	10.00	10.60594
0.1820348	10.00	-11.95609	0	0.00	0.06617398	-0.003451347	10.00	10.55604
0.1820348	10.00	-11.88956	0	0.00	0.06652928	-0.003446286	10.00	10.50618
0.1820348	10.00	-11.82307	0	0.00	0.0664854	-0.003441004	10.00	10.457
0.1820348	10.00	-11.75751	0	0.00	0.06556528	-0.003435502	10.00	10.40499
0.1820348	10.00	-11.68816	0	0.00	0.06935195	-0.003430587	10.00	10.3575
0.1820348	10.00	-11.62484	0	0.00	0.0633131	-0.003425378	10.00	10.30811
0.1820348	10.00	-11.55899	0	0.00	0.06585689	-0.003419876	10.00	10.25682
0.1820348	10.00	-11.49061	0	0.00	0.06838086	-0.003414594	10.00	10.20874
0.1820348	10.00	-11.42649	0	0.00	0.06411289	-0.003409606	10.00	10.15936
0.1820348	10.00	-11.36065	0	0.00	0.06584415	-0.003404177	10.00	10.10837
0.1820348	10.00	-11.29266	0	0.00	0.06798591	-0.003399189	10.00	10.06
0.1820348	10.00	-11.22817	0	0.00	0.06449227	-0.003393907	10.00	10.00958
0.1820348	10.00	-11.16095	0	0.00	0.06721584	-0.003388185	10.00	9.958016
0.1820348	10.00	-11.09219	0	0.00	0.06876165	-0.00338349	10.00	9.910651
0.1820348	10.00	-11.02904	0	0.00	0.06315172	-0.003378208	10.00	9.860976
0.1820348	10.00	-10.96281	0	0.00	0.06623343	-0.003373073	10.00	9.812506
0.1820348	10.00	-10.89818	0	0.00	0.06462675	-0.003367938	10.00	9.763291
0.1820348	10.00	-10.83256	0	0.00	0.06561907	-0.003362656	10.00	9.713065
0.1820348	10.00	-10.76559	0	0.00	0.06696811	-0.003357594	10.00	9.663946
0.1820348	10.00	-10.7001	0	0.00	0.06549167	-0.003352239	10.00	9.614599
0.1820348	10.00	-10.63431	0	0.00	0.06579602	-0.003346663	10.00	9.563409
0.1820348	10.00	-10.56605	0	0.00	0.06825346	-0.003341528	10.00	9.5144
0.1820348	10.00	-10.50071	0	0.00	0.06534586	-0.003336393	10.00	9.464725
0.1820348	10.00	-10.43448	0	0.00	0.0662306	-0.003331331	10.00	9.415877
0.1820348	10.00	-10.36934	0	0.00	0.06513211	-0.003326123	10.00	9.366634
0.1820348	10.00	-10.30369	0	0.00	0.0656587	-0.003320987	10.00	9.316523
0.1820348	10.00	-10.23687	0	0.00	0.06681523	-0.003315779	10.00	9.266974
0.1820348	10.00	-10.17081	0	0.00	0.06606356	-0.003310424	10.00	9.217279
0.1626107	10.00	-10.10455	-0.01942417	0.00	0.06626032	-0.003305288	10.00	9.168461
0.1365957	10.00	-10.03945	-0.02601493	0.00	0.06509247	-0.003299713	10.00	9.115093
0.09368976	10.00	-9.968299	-0.04290597	0.00	0.07115398	-0.003294798	10.00	9.068661
0.04736466	10.00	-9.906387	-0.0463251	0.00	0.06191167	-0.003289663	10.00	9.019759
-0.003947369	10.00	-9.841187	-0.05131203	0.00	0.06520148	-0.003284308	10.00	8.969387
-0.06070545	10.00	-9.774023	-0.05675808	0.00	0.06716346	-0.003279172	10.00	8.920426
-0.1165046	10.00	-9.708742	-0.05579915	0.00	0.06528074	-0.003273744	10.00	8.870965
-0.1773449	10.00	-9.642793	-0.06084029	0.00	0.0659489	-0.003268609	10.00	8.820187
-0.2424268	10.00	-9.575089	-0.06508193	0.00	0.06770422	-0.003263253	10.00	8.771915
-0.3061656	10.00	-9.510727	-0.06373882	0.00	0.06436203	-0.003258192	10.00	8.722406
-0.3721783	10.00	-9.444715	-0.0660126	0.00	0.0660126	-0.003253056	10.00	8.672834
-0.438273	10.00	-9.378619	-0.0660947	0.00	0.0660947	-0.003247701	10.00	8.622804
-0.504982	10.00	-9.311911	-0.06670906	0.00	0.06670906	-0.003242713	10.00	8.573435
-0.5708063	10.00	-9.246086	-0.06582433	0.00	0.06582433	-0.003237504	10.00	8.524221
-0.6364254	10.00	-9.180467	-0.06561907	0.00	0.06561907	-0.003232222	10.00	8.474516
-0.7026985	10.00	-9.114194	-0.06627306	0.00	0.06627306	-0.003226867	10.00	8.424898
-0.7688555	10.00	-9.048037	-0.06615699	0.00	0.06615699	-0.003221659	10.00	8.375669
-0.8344944	10.00	-8.982398	-0.06563888	0.00	0.06563888	-0.003216523	10.00	8.32597
-0.9007604	10.00	-8.916132	-0.06626599	0.00	0.06626599	-0.003211315	10.00	8.276163
-0.9671693	10.00	-8.849723	-0.06640896	0.00	0.06640896	-0.00320596	10.00	8.22617
-1.033827	10.00	-8.783065	-0.0666581	0.00	0.0666581	-0.003200678	10.00	8.176409
-1.100175	10.00	-8.716717	-0.06634809	0.00	0.06634809	-0.003195396	10.00	8.125894
-1.16753	10.00	-8.649363	-0.06735457	0.00	0.06735457	-0.003190407	10.00	8.077586
-1.231937	10.00	-8.584955	-0.06440733	0.00	0.06440733	-0.003185126	10.00	8.028353
-1.297582	10.00	-8.519311	-0.06564455	0.00	0.06564455	-0.003179844	10.00	7.978249
-1.364389	10.00	-8.452504	-0.06680674	0.00	0.06680674	-0.003174855	10.00	7.92853
-1.43068	10.00	-8.386212	-0.06629147	0.00	0.06629147	-0.003169573	10.00	7.879357
-1.496244	10.00	-8.320648	-0.06556387	0.00	0.06556387	-0.003164438	10.00	7.82979
-1.562333	10.00	-8.25456	-0.06608904	0.00	0.06608904	-0.003159083	10.00	7.780504
-1.628048	10.00	-8.188844	-0.06571533	0.00	0.06571533	-0.003153728	10.00	7.730837
-1.69427	10.00	-8.122622	-0.0662221	0.00	0.0662221	-0.003148739	10.00	7.681337
-1.76027	10.00	-8.056623	-0.06599986	0.00	0.06599986	-0.003143531	10.00	7.63152
-1.826693	10.00	-7.990199	-0.06642312	0.00	0.06642312	-0.003138249	10.00	7.582409
-1.892174	10.00	-7.924718	-0.06548034	0.00	0.06548034	-0.00313304	10.00	7.532707
-1.958444	10.00	-7.858449	-0.06627023	0.00	0.06627023	-0.003127905	10.00	7.483149
-2.017484	10.00	-7.792371	-0.05903967	0.00	0.06607772	-0.00312255	10.00	7.433435
-2.072857	10.00	-7.726086	-0.05537338	0.00	0.06628439	-0.003117341	10.00	7.383654
-2.123807	10.00	-7.659711	-0.05095015	0.00	0.06637499	-0.003112059	10.00	7.334145
-2.17384	10.00	-7.593699	-0.05003279	0.00	0.0660126	-0.003106924	10.00	7.28467
-2.224475	10.00	-7.527734	-0.05063504	0.00	0.06596447	-0.003101863	10.00	7.234858
-2.276101	10.00	-7.461317	-0.05162587	0.00	0.06641746	-0.003096507	10.00	7.185468
-2.326012	10.00	-7.395464	-0.04991155	0.00	0.06585264	-0.003091078	10.00	7.135853
-2.37423	10.00	-7.329311	-0.04821736	0.00	0.06615274	-0.003085797	10.00	7.086615
-2.420175	10.00	-7.26366	-0.04594501	0.00	0.06565163	-0.003080808	10.00	7.037074
-2.462565	10.00	-7.197605	-0.04238973	0.00	0.06605507	-0.003075453	10.00	6.985765
-2.50183	10.00	-7.129193	-0.03926528	0.00	0.06841201	-0.003070244	10.00	6.937905
-2.534131	10.00	-7.065379	-0.03230102	0.00	0.06381421	-0.003065109	10.00	6.888313
-2.562478	10.00	-6.999257	-0.02834698	0.00	0.0661216	-0.003059607	10.00	6.837815
-2.582216	10.00	-6.931926	-0.01973789	0.00	0.0673305	-0.003054619	10.00	6.788767
-2.583656	10.00	-6.866528	-0.00144063	0.00	0.06539824	-0.00304941	10.00	6.739417
-2.583656	10.00	-6.800729	0	0.00	0.06579885	-0.003044275	10.00	6.689808
-2.583656	10.00	-6.734585	0	0.00	0.06614425	-0.003025935	10.00	6.640378
-2.583656	10.00	-6.668654	0	0.00	0.06593049	-0.003008182	10.00	6.590815
-2.583656	10.00	-6.602544	0	0.00	0.06611028	-0.003002607	10.00	6.540979
-2.583656	10.00	-6.536097	0	0.00	0.06644718	-0.002997618	10.00	6.491531
-2.583656	10.00	-6.470167	0	0.00	0.06593049	-0.00299219	10.00	6.442101
-2.583656	10.00	-6.404259	0	0.00	0.06590784	-0.002987055	10.00	6.392641
-2.583656	10.00	-6.338313	0	0.00	0.06594606	-0.002981993	10.00	6.342972
-2.583656	10.00	-6.272088	0	0.00	0.06622493	-0.002976784	10.00	6.293342
-2.583656	10.00	-6.205913	0	0.00	0.06617539	-0.002971796	10.00	6.244024
-2.583656	10.00	-6.140157	0	0.00	0.06575496	-0.002966734	10.00	6.19442
-2.583656	10.00	-6.074019	0	0.00	0.06613859	-0.002961232	10.00	6.144017
-2.583656	10.00	-6.006814	0	0.00	0.06720451	-0.002956244	10.00	6.095308
-2.583656	10.00	-5.941871	0	0.00	0.06494384	-0.002951035	10.00	6.045703
-2.583656	10.00	-5.875729	0	0.00	0.06614142	-0.002945827	10.00	5.996135
-2.583656	10.00	-5.809639	0	0.00	0.06609046	-0.002940692	10.00	5.946353
-2.583656	10.00	-5.743264	0	0.00	0.06637499	-0.002935556	10.00	5.896102
-2.583656	10.00	-5.676261	0	0.00	0.06700209	-0.002930421	10.00	5.847106
-2.583656	10.00	-5.610933	0	0.00	0.06532887	-0.002924846	10.00	5.797651
-2.583656	10.00	-5.544994	0	0.00	0.06593899	-0.002919711	10.00	5.748374
-2.583656	10.00	-5.479291	0	0.00	0.06570259	-0.002914575	10.00	5.696227
-2.583656	10.00	-5.409761	0	0.00	0.06953031	-0.002909587	10.00	5.649005
-2.583656	10.00	-5.346799	0	0.00	0.06296203	-0.002904305	10.00	5.599618
-2.583656	10.00	-5.280951	0	0.00	0.0658484	-0.00289917	10.00	5.549232
-2.583656	10.00	-5.213768	0	0.00	0.06718186	-0.002802335	10.00	5.500387
-2.583656	10.00	-5.148559	0	0.00	0.06520997	-0.002784289	10.00	5.450856
-2.583656	10.00	-5.082492	0	0.00	0.06606639	-0.002779227	10.00	5.401052
-2.583656	10.00	-5.016088	0	0.00	0.06640472	-0.002774312	10.00	5.35169
-2.583656	10.00	-4.950272	0	0.00	0.06581584	-0.00276925	10.00	5.302462
-2.583656	10.00	-4.884634	0	0.00	0.06563747	-0.002764335	10.00	5.252584
-2.583656	10.00	-4.81813	0	0.00	0.06650381	-0.002759493	10.00	5.202967
-2.583656	10.00	-4.751973	0	0.00	0.06615699	-0.002754211	10.00	5.152855
-2.583656	10.00	-4.685158	0	0.00	0.06681523	-0.002749516	10.00	5.103823
-2.583656	10.00	-4.619782	0	0.00	0.06537559	-0.002744235	10.00	5.054264
-2.583656	10.00	-4.553703	0	0.00	0.06607913	-0.002739393	10.00	5.004525
-2.583656	10.00	-4.487385	0	0.00	0.06631836	-0.002734624	10.00	4.955296
-2.583656	10.00	-4.421746	0	0.00	0.06563888	-0.002729563	10.00	4.905686
-2.583656	10.00	-4.3556	0	0.00	0.06614567	-0.002724574	10.00	4.856061
-2.583656	10.00	-4.289433	0	0.00	0.0661669	-0.002719586	10.00	4.806484
-2.583656	10.00	-4.22333	0	0.00	0.0661032	-0.002714524	10.00	4.756899
-2.583656	10.00	-4.157217	0	0.00	0.06611311	-0.002709609	10.00	4.706953
-2.583656	10.00	-4.090623	0	0.00	0.0665944	-0.002704914	10.00	4.657738
-2.583656	10.00	-4.025002	0	0.00	0.06562048	-0.002699779	10.00	4.608166
-2.583656	10.00	-3.958906	0	0.00	0.06609612	-0.00269457	10.00	4.555923
-2.583656	10.00	-3.889248	0	0.00	0.06965771	-0.002689949	10.00	4.509034
-2.583656	10.00	-3.82673	0	0.00	0.06251895	-0.002684887	10.00	4.459524
-2.583656	10.00	-3.760717	0	0.00	0.0660126	-0.002679825	10.00	4.409094
-2.583656	10.00	-3.693477	0	0.00	0.0672399	-0.002674836	10.00	4.360533
-2.583656	10.00	-3.628729	0	0.00	0.06474849	-0.002669921	10.00	4.310668
-2.583656	10.00	-3.562242	0	0.00	0.06648682	-0.002664933	10.00	4.261201
-2.583656	10.00	-3.496287	0	0.00	0.06595456	-0.002660164	10.00	4.211381
-2.583656	10.00	-3.42986	0	0.00	0.06642736	-0.002655176	10.00	4.161804
-2.583656	10.00	-3.363757	0	0.00	0.0661032	-0.002649968	10.00	4.112739
-2.583656	10.00	-3.298337	0	0.00	0.06541947	-0.002645053	10.00	4.062683
-2.583656	10.00	-3.231596	0	0.00	0.06674162	-0.002640211	10.00	4.013519
-2.583656	10.00	-3.166044	0	0.00	0.06555112	-0.002635002	10.00	3.963802
-2.583656	10.00	-3.099754	0	0.00	0.06629005	-0.00263016	10.00	3.91431
-2.583656	10.00	-3.033766	0	0.00	0.06598853	-0.002625245	10.00	3.864693
-2.583656	10.00	-2.967609	0	0.00	0.06615699	-0.002620404	10.00	3.815248
-2.583656	10.00	-2.901683	0	0.00	0.06592625	-0.002602431	10.00	3.765252
-2.583656	10.00	-2.834998	0	0.00	0.066685	-0.002584311	10.00	3.715663
-2.583656	10.00	-2.768855	0	0.00	0.06614283	-0.002579469	10.00	3.666402
-2.583656	10.00	-2.703173	0	0.00	0.06568135	-0.002574627	10.00	3.616965
-2.583656	10.00	-2.637257	0	0.00	0.06591634	-0.002569492	10.00	3.565898
-2.583656	10.00	-2.569168	0	0.00	0.06808925	-0.002564724	10.00	3.517909
-2.583656	10.00	-2.505182	0	0.00	0.0639855	-0.002559515	10.00	3.468179
-2.583656	10.00	-2.438877	0	0.00	0.06630562	-0.002554673	10.00	3.418326
-2.583656	10.00	-2.372406	0	0.00	0.06647125	-0.002549685	10.00	3.369105
-2.583656	10.00	-2.306778	0	0.00	0.06562756	-0.002544843	10.00	3.319308
-2.583656	10.00	-2.24038	0	0.00	0.06639764	-0.002540075	10.00	3.269682
-2.583656	10.00	-2.174213	0	0.00	0.0661669	-0.002535013	10.00	3.220083
-2.583656	10.00	-2.10808	0	0.00	0.06613293	-0.002530171	10.00	3.170632
-2.583656	10.00	-2.042146	0	0.00	0.06593474	-0.002525036	10.00	3.121235
-2.583656	10.00	-1.976283	0	0.00	0.06586255	-0.002520048	10.00	3.071199
-2.583656	10.00	-1.909568	0	0.00	0.06671473	-0.002515499	10.00	3.022032
-2.583656	10.00	-1.844013	0	0.00	0.06555537	-0.002510438	10.00	2.97256
-2.583656	10.00	-1.77805	0	0.00	0.06596305	-0.002505522	10.00	2.922609
-2.583656	10.00	-1.711448	0	0.00	0.06660148	-0.002488063	10.00	2.873164
-2.583656	10.00	-1.645498	0	0.00	0.06595031	-0.002469723	10.00	2.823694
-2.583656	10.00	-1.579514	0	0.00	0.06598429	-0.002464734	10.00	2.773908
-2.583656	10.00	-1.513133	0	0.00	0.06638065	-0.002460113	10.00	2.724479
-2.583656	10.00	-1.447228	0	0.00	0.06590501	-0.002455124	10.00	2.674984
-2.583656	10.00	-1.381234	0	0.00	0.0659942	-0.002450209	10.00	2.625497
-2.583656	10.00	-1.315253	0	0.00	0.06598146	-0.002445661	10.00	2.575215
-2.583656	10.00	-1.248209	0	0.00	0.06704314	-0.002440673	10.00	2.526386
-2.583656	10.00	-1.183104	0	0.00	0.06510521	-0.002435831	10.00	2.476706
-2.583656	10.00	-1.116864	0	0.00	0.0662405	-0.002430842	10.00	2.426966
-2.583656	10.00	-1.050544	0	0.00	0.06631978	-0.002426147	10.00	2.377525
-2.583656	10.00	-0.9846219	0	0.00	0.065922	-0.002420719	10.00	2.322085
-2.583656	10.00	-0.9107019	0	0.00	0.07392001	-0.002411622	10.00	2.228951
-2.583656	10.00	-0.7865247	0	0.00	0.1241772	-0.002406707	10.00	2.179211
-2.583656	10.00	-0.7202035	0	0.00	0.06632119	-0.002401645	10.00	2.127378
-2.583656	10.00	-0.6510936	0	0.00	0.06910988	-0.00239695	10.00	2.080238
-2.583656	10.00	-0.5882391	0	0.00	0.06285445	-0.002392182	10.00	2.030596
-2.583656	10.00	-0.5220496	0	0.00	0.06618955	-0.002387267	10.00	1.980724
-2.583656	10.00	-0.4555543	0	0.00	0.06649531	-0.002382425	10.00	1.931556
-2.583656	10.00	-0.3899975	0	0.00	0.06555679	-0.00237773	10.00	1.881719
-2.583656	10.00	-0.3235475	0	0.00	0.06645001	-0.002372962	10.00	1.832538
-2.583656	10.00	-0.2579723	0	0.00	0.06557518	-0.002368193	10.00	1.782852
-2.583656	10.00	-0.1917247	0	0.00	0.06624758	-0.002363205	10.00	1.733304
-2.583656	10.00	-0.1256612	0	0.00	0.06606356	-0.00235807	10.00	1.683866
-2.583656	10.00	-0.05974341	0	0.00	0.06591775	-0.002353448	10.00	1.634206
-2.583656	10.00	0.006470201	0	0.00	0.06621361	-0.002348533	10.00	1.584583
-2.583656	10.00	0.07263427	0	0.00	0.06616407	-0.002343545	10.00	1.53523
-2.583656	10.00	0.1384374	0	0.00	0.0658031	-0.002338923	10.00	1.485323
-2.583656	10.00	0.2049808	0	0.00	0.06654344	-0.002334301	10.00	1.43601
-2.583656	10.00	0.2707315	0	0.00	0.06575072	-0.002329166	10.00	1.386211
-2.583656	10.00	0.3371306	0	0.00	0.06639905	-0.002324471	10.00	1.33663
-2.583656	10.00	0.403238	0	0.00	0.06610744	-0.002319629	10.00	1.286773
-2.583656	10.00	0.4697135	0	0.00	0.0664755	-0.002314568	10.00	1.237477
-2.583656	10.00	0.5354416	0	0.00	0.06572807	-0.002310093	10.00	1.187857
-2.583656	10.00	0.6016014	0	0.00	0.06615982	-0.002304737	10.00	1.135834
-2.583656	10.00	0.6709661	0	0.00	0.06936468	-0.002300042	10.00	1.088567
-2.583656	10.00	0.733989	0	0.00	0.0630229	-0.002295274	10.00	1.03896
-2.583656	10.00	0.8001318	0	0.00	0.06614283	-0.002290286	10.00	0.9888344
-2.583656	10.00	0.8669655	0	0.00	0.06683364	-0.002285591	10.00	0.9403154
-2.583656	10.00	0.9316573	0	0.00	0.06469186	-0.002280602	10.00	0.8891231
-2.583656	10.00	0.9999136	0	0.00	0.06825629	-0.00227576	10.00	0.8410034
-2.583656	10.00	1.064073	0	0.00	0.06415961	-0.002270919	10.00	0.7918125
-2.583656	10.00	1.129661	0	0.00	0.06558792	-0.00226615	10.00	0.7417138
-2.583656	10.00	1.196459	0	0.00	0.06679825	-0.002261235	10.00	0.6923699
-2.583656	10.00	1.262251	0	0.00	0.06579177	-0.002256393	10.00	0.6427149
-2.583656	10.00	1.328458	0	0.00	0.06620653	-0.002251698	10.00	0.5932872
-2.583656	10.00	1.394361	0	0.00	0.0659036	-0.00224649	10.00	0.5400725
-2.583656	10.00	1.465314	0	0.00	0.07095296	-0.002241868	10.00	0.4941728
-2.583656	10.00	1.526514	0	0.00	0.06119964	-0.00223732	10.00	0.4445594
-2.583656	10.00	1.592665	0	0.00	0.06615133	-0.002232038	10.00	0.3949756
-2.583656	10.00	1.658777	0	0.00	0.06611169	-0.00222705	10.00	0.3454492
-2.583656	10.00	1.724812	0	0.00	0.06603525	-0.002222575	10.00	0.2957603
-2.583656	10.00	1.791064	0	0.00	0.06625183	-0.002217366	10.00	0.2461649
-2.583656	10.00	1.857191	0	0.00	0.06612726	-0.002212524	10.00	0.1966874
-2.583656	10.00	1.923161	0	0.00	0.06597013	-0.002207756	10.00	0.1457435
-2.583656	10.00	1.991086	0	0.00	0.06792504	-0.002202254	10.00	0.09747519
-2.583656	10.00	2.055444	0	0.00	0.06435779	-0.002196679	10.00	0.04783835
-2.583656	10.00	2.121627	0	0.00	0.06618247	-0.002191324	10.00	-0.003746677
-2.583656	10.00	2.190407	0	0.00	0.06878005	-0.002185822	10.00	-0.05162002
-2.583656	10.00	2.254238	0	0.00	0.0638312	-0.002180393	10.00	-0.1009724
-2.583656	10.00	2.320041	0	0.00	0.0658031	-0.002175331	10.00	-0.1501729
-2.583656	10.00	2.385642	0	0.00	0.06560066	-0.002169829	10.00	-0.200122
-2.583656	10.00	2.45224	0	0.00	0.06659865	-0.002164401	10.00	-0.249472
-2.583656	10.00	2.518041	0	0.00	0.06580026	-0.002158825	10.00	-0.2990197
-2.583656	10.00	2.584104	0	0.00	0.06606356	-0.00215347	10.00	-0.3486099
-2.583656	10.00	2.650224	0	0.00	0.06612018	-0.002148115	10.00	-0.3984368
-2.583656	10.00	2.71666	0	0.00	0.06643586	-0.002142833	10.00	-0.4478973
-2.583656	10.00	2.782608	0	0.00	0.06594748	-0.002137478	10.00	-0.4977061
-2.583656	10.00	2.84902	0	0.00	0.06641179	-0.002131682	10.00	-0.547206
-2.583656	10.00	2.915019	0	0.00	0.06599986	-0.002126474	10.00	-0.5961422
-2.583656	10.00	2.980268	0	0.00	0.06524819	-0.002120825	10.00	-0.6459956
-2.583656	10.00	3.046739	0	0.00	0.06647125	-0.002115396	10.00	-0.6959743
-2.583656	10.00	3.113377	0	0.00	0.06663828	-0.002109821	10.00	-0.7452884
-2.583656	10.00	3.179129	0	0.00	0.06575213	-0.002104319	10.00	-0.7948593
-2.583656	10.00	3.245224	0	0.00	0.0660947	-0.002099111	10.00	-0.845712
-2.583656	10.00	3.313027	0	0.00	0.0678033	-0.002093535	10.00	-0.8940536
-2.583656	10.00	3.377483	0	0.00	0.06445546	-0.00208818	10.00	-0.9436436
-2.583656	10.00	3.443603	0	0.00	0.06612018	-0.002082678	10.00	-0.9942328
-2.583656	10.00	3.511055	0	0.00	0.06745224	-0.002077396	10.00	-1.042551
-2.583656	10.00	3.57548	0	0.00	0.06442432	-0.002072188	10.00	-1.092189
-2.583656	10.00	3.641663	0	0.00	0.06618389	-0.002066392	10.00	-1.143993
-2.583656	10.00	3.710735	0	0.00	0.06907166	-0.00206111	10.00	-1.191526
-2.583656	10.00	3.774113	0	0.00	0.06337821	-0.002055682	10.00	-1.240909
-2.583656	10.00	3.839957	0	0.00	0.06584415	-0.00205018	10.00	-1.290632
-2.583656	10.00	3.906255	0	0.00	0.06629713	-0.002044824	10.00	-1.340178
-2.583656	10.00	3.972315	0	0.00	0.06606073	-0.002039396	10.00	-1.38875
-2.583656	10.00	4.037078	0	0.00	0.06476264	-0.002033894	10.00	-1.438162
-2.583656	10.00	4.102962	0	0.00	0.06588379	-0.002028539	10.00	-1.487674
-2.583656	10.00	4.168977	0	0.00	0.06601543	-0.002023257	10.00	-1.537303
-2.583656	10.00	4.235149	0	0.00	0.06617256	-0.002017902	10.00	-1.587
-2.583656	10.00	4.301411	0	0.00	0.06626174	-0.002011813	10.00	-1.637424
-2.583656	10.00	4.368644	0	0.00	0.06723282	-0.002006677	10.00	-1.68625
-2.583656	10.00	4.433745	0	0.00	0.06510097	-0.002001396	10.00	-1.7357
-2.583656	10.00	4.499679	0	0.00	0.06593332	-0.001995894	10.00	-1.785478
-2.583656	10.00	4.566049	0	0.00	0.06637074	-0.001990685	10.00	-1.834781
-2.583656	10.00	4.631786	0	0.00	0.06573656	-0.001984963	10.00	-1.884367
-2.583656	10.00	4.697902	0	0.00	0.06611594	-0.001979681	10.00	-1.933936
-2.583656	10.00	4.763994	0	0.00	0.06609187	-0.001974253	10.00	-1.984399
-2.583656	10.00	4.831277	0	0.00	0.06728379	-0.001968824	10.00	-2.03405
-2.583656	10.00	4.897478	0	0.00	0.06620087	-0.001963249	10.00	-2.083571
-2.583656	10.00	4.963506	0	0.00	0.06602817	-0.001957967	10.00	-2.133718
-2.583656	10.00	5.03037	0	0.00	0.06686336	-0.001952685	10.00	-2.183988
-2.583656	10.00	5.097396	0	0.00	0.06702615	-0.001947109	10.00	-2.233173
-2.583656	10.00	5.162975	0	0.00	0.06557943	-0.001941167	10.00	-2.284913
-2.583656	10.00	5.231962	0	0.00	0.06898673	-0.001936179	10.00	-2.332028
-2.583656	10.00	5.294783	0	0.00	0.06282047	-0.001930677	10.00	-2.381351
-2.583656	10.00	5.360546	0	0.00	0.06576346	-0.001925542	10.00	-2.431244
-2.583656	10.00	5.427071	0	0.00	0.06652503	-0.001919893	10.00	-2.48099
-2.583656	10.00	5.493398	0	0.00	0.06632686	-0.001914318	10.00	-2.529658
-2.583656	10.00	5.55829	0	0.00	0.06489147	-0.001909109	10.00	-2.579656
-2.583656	10.00	5.624953	0	0.00	0.06666376	-0.001903827	10.00	-2.628681
-2.583656	10.00	5.69032	0	0.00	0.0653671	-0.001898252	10.00	-2.678297
-2.583656	10.00	5.756474	0	0.00	0.06615416	-0.00189275	10.00	-2.727817
-2.583656	10.00	5.822501	0	0.00	0.06602675	-0.001887248	10.00	-2.777447
-2.583656	10.00	5.888675	0	0.00	0.06617398	-0.001881819	10.00	-2.827122
-2.583656	10.00	5.954907	0	0.00	0.06623201	-0.001876831	10.00	-2.877007
-2.583656	10.00	6.021421	0	0.00	0.06651372	-0.001871109	10.00	-2.926251
-2.583656	10.00	6.08708	0	0.00	0.0656587	-0.001865387	10.00	-2.975824
-2.583656	10.00	6.153177	0	0.00	0.06609754	-0.001859812	10.00	-3.025129
-2.583656	10.00	6.218918	0	0.00	0.06574081	-0.001854677	10.00	-3.075235
-2.583656	10.00	6.285726	0	0.00	0.06680816	-0.001849248	10.00	-3.12501
-2.583656	10.00	6.352093	0	0.00	0.06636649	-0.001843819	10.00	-3.174206
-2.583656	10.00	6.417687	0	0.00	0.065595	-0.001838391	10.00	-3.224007
-2.583656	10.00	6.484088	0	0.00	0.06640047	-0.001832962	10.00	-3.273861
-2.583656	10.00	6.550559	0	0.00	0.06647125	-0.001827387	10.00	-3.323034
-2.583656	10.00	6.616125	0	0.00	0.06556528	-0.001821958	10.00	-3.372593
-2.583656	10.00	6.682204	0	0.00	0.06607913	-0.00181653	10.00	-3.422384
-2.583656	10.00	6.748591	0	0.00	0.06638773	-0.001811321	10.00	-3.471431
-2.583656	10.00	6.813987	0	0.00	0.06539541	-0.001805966	10.00	-3.521109
-2.583656	10.00	6.880225	0	0.00	0.06623767	-0.001800537	10.00	-3.571179
-2.583656	10.00	6.946984	0	0.00	0.06676003	-0.001795035	10.00	-3.62027
-2.583656	10.00	7.012439	0	0.00	0.06545486	-0.00178946	10.00	-3.669686
-2.583656	10.00	7.078326	0	0.00	0.06588662	-0.001783958	10.00	-3.719901
-2.583656	10.00	7.14528	0	0.00	0.06695396	-0.001778749	10.00	-3.769708
-2.583656	10.00	7.21169	0	0.00	0.06641038	-0.001773467	10.00	-3.818535
-2.583656	10.00	7.276791	0	0.00	0.06510097	-0.001767819	10.00	-3.87036
-2.583656	10.00	7.345892	0	0.00	0.06910139	-0.001762537	10.00	-3.918369
-2.583656	10.00	7.409904	0	0.00	0.06401097	-0.001757255	10.00	-3.966889
-2.583656	10.00	7.474598	0	0.00	0.0646947	-0.001751386	10.00	-4.016638
-2.583656	10.00	7.540929	0	0.00	0.0663311	-0.001746104	10.00	-4.066305
-2.583656	10.00	7.607153	0	0.00	0.06622352	-0.001740676	10.00	-4.115688
-2.583656	10.00	7.672996	0	0.00	0.06584273	-0.00173532	10.00	-4.165387
-2.583656	10.00	7.73926	0	0.00	0.06626457	-0.001729965	10.00	-4.215007
-2.583656	10.00	7.805421	0	0.00	0.06616124	-0.001724537	10.00	-4.264519
-2.583656	10.00	7.871437	0	0.00	0.06601543	-0.001719035	10.00	-4.314158
-2.583656	10.00	7.937624	0	0.00	0.06618672	-0.001713386	10.00	-4.36377
-2.583656	10.00	8.003774	0	0.00	0.06614991	-0.001707737	10.00	-4.415846
-2.583656	10.00	8.073208	0	0.00	0.06943405	-0.001702896	10.00	-4.463173
-2.583656	10.00	8.136312	0	0.00	0.06310359	-0.0016971	10.00	-4.513118
-2.583656	10.00	8.202903	0	0.00	0.06659157	-0.001691745	10.00	-4.564108
-2.583656	10.00	8.27089	0	0.00	0.06798733	-0.001686536	10.00	-4.612032
-2.583656	10.00	8.334789	0	0.00	0.06389914	-0.001680961	10.00	-4.661808
-2.583656	10.00	8.401157	0	0.00	0.06636791	-0.001675679	10.00	-4.712933
-2.583656	10.00	8.469323	0	0.00	0.06816569	-0.001669957	10.00	-4.760485
-2.583656	10.00	8.532725	0	0.00	0.06340227	-0.001664675	10.00	-4.810421
-2.583656	10.00	8.599308	0	0.00	0.06658307	-0.001659247	10.00	-4.859982
-2.583656	10.00	8.665387	0	0.00	0.06607913	-0.001653818	10.00	-4.90926
-2.583656	10.00	8.731092	0	0.00	0.06570542	-0.001648316	10.00	-4.95914
-2.583656	10.00	8.7976	0	0.00	0.06650664	-0.001643034	10.00	-5.00756
-2.583656	10.00	8.86216	0	0.00	0.06456022	-0.001637605	10.00	-5.056851
-2.582209	10.00	8.92788	0.00144774	0.00	0.06572099	-0.001632104	10.00	-5.106374
-2.578197	10.00	8.99391	0.004011965	0.00	0.06602959	-0.001626748	10.00	-5.155782
-2.573556	10.00	9.059787	0.004640553	0.00	0.06587671	-0.001621246	10.00	-5.205367
-2.568899	10.00	9.125901	0.004657305	0.00	0.06611452	-0.001615744	10.00	-5.254946
-2.562322	10.00	9.192007	0.006576999	0.00	0.06610603	-0.001610536	10.00	-5.305651
-2.554286	10.00	9.259614	0.00803554	0.00	0.06760654	-0.001604814	10.00	-5.355337
-2.545771	10.00	9.32586	0.008515304	0.00	0.06624617	-0.001599312	10.00	-5.404804
-2.537293	10.00	9.391817	0.008478184	0.00	0.06595739	-0.001594103	10.00	-5.453433
-2.528958	10.00	9.456656	0.008334437	0.00	0.06483909	-0.001588308	10.00	-5.502915
-2.520478	10.00	9.522633	0.00848055	0.00	0.06597579	-0.001583246	10.00	-5.553007
-2.511893	10.00	9.58942	0.008584995	0.00	0.06678834	-0.001577817	10.00	-5.602755
-2.503366	10.00	9.655753	0.008526403	0.00	0.06633252	-0.001572536	10.00	-5.652529
-2.494836	10.00	9.722118	0.008530589	0.00	0.06636508	-0.00156674	10.00	-5.702512
-2.486269	10.00	9.788761	0.008566252	0.00	0.06664253	-0.001561605	10.00	-5.751593
-2.477858	10.00	9.854201	0.00841177	0.00	0.06544071	-0.00155625	10.00	-5.800956
-2.46876	10.00	9.92002	0.009097666	0.00	0.06581867	-0.001550674	10.00	-5.851478
-2.458797	10.00	9.987382	0.009963198	0.00	0.06736165	-0.001545246	10.00	-5.900247
-2.44855	10.00	10.05241	0.01024737	0.00	0.06502594	-0.001539817	10.00	-5.949828
-2.438132	10.00	10.11852	0.01041803	0.00	0.06610886	-0.001534168	10.00	-5.999586
-2.427677	10.00	10.18486	0.01045484	0.00	0.06634243	-0.001529033	10.00	-6.049035
-2.417287	10.00	10.25079	0.01039014	0.00	0.06593191	-0.001523385	10.00	-6.098513
-2.40689	10.00	10.31676	0.01039639	0.00	0.06597155	-0.001517736	10.00	-6.148059
-2.3952	10.00	10.38282	0.01169001	0.00	0.06606214	-0.001512674	10.00	-6.19789
-2.381513	10.00	10.44927	0.01368718	0.00	0.06644152	-0.001507099	10.00	-6.247431
-2.364708	10.00	10.51532	0.01680523	0.00	0.06605365	-0.001501377	10.00	-6.296662
-2.346736	10.00	10.58096	0.01797163	0.00	0.06564172	-0.001496095	10.00	-6.346395
-2.326655	10.00	10.64727	0.02008077	0.00	0.06630987	-0.00149052	10.00	-6.396135
-2.308498	10.00	10.71359	0.01815766	0.00	0.06632119	-0.001485238	10.00	-6.445527
-2.290468	10.00	10.77945	0.01803015	0.00	0.06585547	-0.001480029	10.00	-6.495249
-2.272316	10.00	10.84575	0.01815107	0.00	0.06629713	-0.00147438	10.00	-6.544765
-2.254241	10.00	10.91177	0.01807549	0.00	0.06602109	-0.001468878	10.00	-6.594282
-2.236165	10.00	10.97779	0.01807588	0.00	0.06602251	-0.00146345	10.00	-6.643822
-2.218081	10.00	11.04384	0.01808441	0.00	0.06605365	-0.001458095	10.00	-6.69352
-2.199939	10.00	11.11011	0.01814177	0.00	0.06626315	-0.001452666	10.00	-6.742803
-2.181948	10.00	11.17582	0.01799062	0.00	0.06571108	-0.001447164	10.00	-6.792753
-2.163714	10.00	11.24242	0.01823401	0.00	0.06660006	-0.001441662	10.00	-6.84437
-2.144872	10.00	11.31124	0.01884248	0.00	0.06882252	-0.00143638	10.00	-6.891554
-2.127647	10.00	11.37415	0.01722441	0.00	0.06291249	-0.001431025	10.00	-6.94134
-2.109473	10.00	11.44054	0.01817471	0.00	0.06638348	-0.00142567	10.00	-6.991269
-2.091247	10.00	11.50711	0.01822587	0.00	0.06657033	-0.001419948	10.00	-7.040895
-2.073131	10.00	11.57327	0.0181158	0.00	0.06616832	-0.001414739	10.00	-7.090194
-2.055135	10.00	11.639	0.01799604	0.00	0.0657309	-0.00140909	10.00	-7.139853
-2.037007	10.00	11.70522	0.01812781	0.00	0.06621219	-0.001403809	10.00	-7.189141
-2.019015	10.00	11.77094	0.01799255	0.00	0.06571816	-0.00139838	10.00	-7.238497
-2.000997	10.00	11.83674	0.01801736	0.00	0.06580876	-0.001393025	10.00	-7.28834
-1.982803	10.00	11.9032	0.01819486	0.00	0.06645709	-0.001387669	10.00	-7.337903
-1.96471	10.00	11.96928	0.01809254	0.00	0.06608338	-0.001382168	10.00	-7.387419
-1.946634	10.00	12.03531	0.01807549	0.00	0.06602109	-0.001376739	10.00	-7.436939
-1.928557	10.00	12.10133	0.01807704	0.00	0.06602675	-0.00137109	10.00	-7.486435
-1.910489	10.00	12.16733	0.01806813	0.00	0.0659942	-0.001365808	10.00	-7.536124
-1.89235	10.00	12.23358	0.01813905	0.00	0.06625324	-0.001360526	10.00	-7.585562
-1.874303	10.00	12.2995	0.01804681	0.00	0.06591634	-0.001354804	10.00	-7.635033
-1.854328	10.00	12.36546	0.01997531	0.00	0.06596164	-0.001349302	10.00	-7.68498
-1.832871	10.00	12.43205	0.02145704	0.00	0.06659582	-0.0013438	10.00	-7.734438
-1.811624	10.00	12.498	0.02124724	0.00	0.06594465	-0.001338665	10.00	-7.783866
-1.79039	10.00	12.5639	0.02123401	0.00	0.0659036	-0.00133309	10.00	-7.833765
-1.768954	10.00	12.63043	0.02143606	0.00	0.0665307	-0.001327515	10.00	-7.882993
-1.747805	10.00	12.69607	0.02114826	0.00	0.06563747	-0.001322086	10.00	-7.932563
-1.72651	10.00	12.76217	0.02129558	0.00	0.0660947	-0.001316364	10.00	-7.984515
-1.704192	10.00	12.83143	0.02231815	0.00	0.06926843	-0.001311229	10.00	-8.032209
-1.683703	10.00	12.89503	0.02048921	0.00	0.06359196	-0.0013058	10.00	-8.081446
-1.662551	10.00	12.96067	0.02115191	0.00	0.06564879	-0.001300152	10.00	-8.131578
-1.641014	10.00	13.02752	0.02153686	0.00	0.06684354	-0.001295016	10.00	-8.180464
-1.620012	10.00	13.0927	0.0210014	0.00	0.06518166	-0.001289661	10.00	-8.230127
-1.598677	10.00	13.15892	0.02133526	0.00	0.06621785	-0.001284232	10.00	-8.279857
-1.577314	10.00	13.22522	0.02136354	0.00	0.06630562	-0.001278877	10.00	-8.329303
-1.556072	10.00	13.29115	0.02124176	0.00	0.06592766	-0.001273229	10.00	-8.379015
-1.534716	10.00	13.35743	0.02135579	0.00	0.06628156	-0.001267653	10.00	-8.42848
-1.513466	10.00	13.42339	0.02125043	0.00	0.06595456	-0.001262371	10.00	-8.477783
-1.492285	10.00	13.48912	0.02118019	0.00	0.06573656	-0.001256943	10.00	-8.527536
-1.470911	10.00	13.55546	0.02137403	0.00	0.06633818	-0.001251514	10.00	-8.578608
-1.448971	10.00	13.62356	0.02194051	0.00	0.06809633	-0.001246086	10.00	-8.627039
-1.428165	10.00	13.68813	0.02080574	0.00	0.06457438	-0.001240804	10.00	-8.676307
-1.407	10.00	13.75382	0.02116514	0.00	0.06568985	-0.001235082	10.00	-8.725146
-1.386018	10.00	13.81894	0.02098179	0.00	0.06512079	-0.0012298	10.00	-8.774476
-1.364826	10.00	13.88472	0.02119205	0.00	0.06577337	-0.001224224	10.00	-8.823915
-1.343588	10.00	13.95063	0.02123811	0.00	0.06591634	-0.001219089	10.00	-8.873409
-1.322325	10.00	14.01663	0.0212632	0.00	0.0659942	-0.001213514	10.00	-8.924132
-1.300535	10.00	14.08426	0.02178999	0.00	0.06762919	-0.001208379	10.00	-8.972869
-1.279598	10.00	14.14924	0.02093709	0.00	0.06498206	-0.001202583	10.00	-9.022164
-1.25842	10.00	14.21497	0.02117745	0.00	0.06572807	-0.001197228	10.00	-9.072323
-1.236872	10.00	14.28184	0.0215478	0.00	0.06687751	-0.001191799	10.00	-9.121346
-1.215813	10.00	14.34721	0.02105978	0.00	0.06536285	-0.001186298	10.00	-9.17186
-1.194112	10.00	14.41456	0.02170105	0.00	0.06735315	-0.001180795	10.00	-9.222847
-1.172208	10.00	14.48254	0.02190402	0.00	0.06798308	-0.001175367	10.00	-9.271462
-1.151322	10.00	14.54736	0.0208851	0.00	0.06482068	-0.001169792	10.00	-9.320525
-1.130245	10.00	14.61278	0.02107711	0.00	0.06541664	-0.00116451	10.00	-9.370764
-1.108663	10.00	14.67976	0.02158247	0.00	0.0669851	-0.001159081	10.00	-9.42032
-1.087374	10.00	14.74584	0.0212892	0.00	0.06607489	-0.001153652	10.00	-9.469336
-1.066317	10.00	14.81119	0.02105705	0.00	0.06535435	-0.001148224	10.00	-9.518713
-1.045105	10.00	14.87703	0.02121212	0.00	0.06583565	-0.001142795	10.00	-9.569621
-1.023235	10.00	14.94491	0.02186981	0.00	0.06787691	-0.001137293	10.00	-9.618615
-1.002187	10.00	15.01023	0.02104792	0.00	0.06532604	-0.001132085	10.00	-9.668579
-0.9807225	10.00	15.07685	0.02146434	0.00	0.06661846	-0.001126216	10.00	-9.717216
-0.9598283	10.00	15.1417	0.02089422	0.00	0.064849	-0.001120787	10.00	-9.767599
-0.9381834	10.00	15.20888	0.02164495	0.00	0.06717903	-0.001115872	10.00	-9.81639
-0.917223	10.00	15.27393	0.02096035	0.00	0.06505425	-0.001110224	10.00	-9.865721
-0.8960305	10.00	15.33971	0.02119251	0.00	0.06577478	-0.001104795	10.00	-9.915674
-0.8745711	10.00	15.40631	0.02145932	0.00	0.06660289	-0.00109922	10.00	-9.965133
-0.853962	10.00	15.47226	0.02060914	0.00	0.06594606	-0.001094084	10.00	-10.01459
-0.8346304	10.00	15.5382	0.01933163	0.00	0.06594465	-0.001088289	10.00	-10.06484
-0.8156388	10.00	15.6052	0.01899164	0.00	0.06699784	-0.001083007	10.00	-10.1138
-0.7971334	10.00	15.67048	0.01850531	0.00	0.06528216	-0.001077505	10.00	-10.16309
-0.7785054	10.00	15.7362	0.01862809	0.00	0.06571533	-0.001072077	10.00	-10.21302
-0.7596345	10.00	15.80277	0.01887086	0.00	0.06657175	-0.001066942	10.00	-10.26234
-0.7409908	10.00	15.86854	0.01864374	0.00	0.06577054	-0.001061293	10.00	-10.31187
-0.7222724	10.00	15.93457	0.01871838	0.00	0.06603383	-0.001055791	10.00	-10.36142
-0.7035456	10.00	16.00064	0.01872681	0.00	0.06606356	-0.001050362	10.00	-10.41161
-0.6845756	10.00	16.06756	0.01896997	0.00	0.0669214	-0.00104486	10.00	-10.46059
-0.6660631	10.00	16.13287	0.01851253	0.00	0.06530764	-0.001039505	10.00	-10.51019
-0.6479554	10.00	16.19901	0.01810766	0.00	0.06613859	-0.001034223	10.00	-10.56018
-0.6297078	10.00	16.26565	0.01824757	0.00	0.06664961	-0.001029088	10.00	-10.60918
-0.6118199	10.00	16.33099	0.01788791	0.00	0.06533595	-0.001023073	10.00	-10.65935
-0.5935072	10.00	16.39788	0.01831268	0.00	0.06688742	-0.001018231	10.00	-10.70894
-0.5754046	10.00	16.464	0.01810262	0.00	0.06612018	-0.001012509	10.00	-10.75807
-0.5581023	10.00	16.52951	0.01730238	0.00	0.06551432	-0.001007227	10.00	-10.80779
-0.5412376	10.00	16.5958	0.01686465	0.00	0.06628722	-0.001001505	10.00	-10.85863
-0.5239901	10.00	16.66359	0.01724749	0.00	0.06779198	-0.0009962228	10.00	-10.90674
-0.50705	10.00	16.72773	0.01694011	0.00	0.06414262	-0.000990941	10.00	-10.95629
-0.4889613	10.00	16.7938	0.01808867	0.00	0.06606922	-0.0009854391	10.00	-11.00589
-0.4708572	10.00	16.85993	0.01810417	0.00	0.06612585	-0.0009800837	10.00	-11.05542
-0.4527766	10.00	16.92597	0.01808053	0.00	0.0660395	-0.0009745818	10.00	-11.10532
-0.4345612	10.00	16.9925	0.0182154	0.00	0.06653211	-0.0009690798	10.00	-11.15461
-0.4165667	10.00	17.05823	0.01799449	0.00	0.06572524	-0.0009637246	10.00	-11.20405
-0.3985176	10.00	17.12415	0.01804914	0.00	0.06592483	-0.0009580759	10.00	-11.25374
-0.3803778	10.00	17.19041	0.01813983	0.00	0.06625608	-0.0009526473	10.00	-11.30329
-0.362291	10.00	17.25647	0.01808673	0.00	0.06606214	-0.0009474388	10.00	-11.35277
-0.3442283	10.00	17.32244	0.0180627	0.00	0.06597438	-0.0009416434	10.00	-11.40265
-0.3260211	10.00	17.38894	0.01820726	0.00	0.06650239	-0.0009365082	10.00	-11.45196
-0.3080208	10.00	17.45469	0.0180003	0.00	0.06574647	-0.0009312263	10.00	-11.50157
-0.28991	10.00	17.52084	0.01811076	0.00	0.06614991	-0.0009256509	10.00	-11.55143
-0.2717089	10.00	17.58732	0.01820106	0.00	0.06647974	-0.0009202224	10.00	-11.60054
-0.2537811	10.00	17.6528	0.01792783	0.00	0.06548176	-0.0009147938	10.00	-11.65097
-0.2366741	10.00	17.72004	0.01710703	0.00	0.0672399	-0.000908925	10.00	-11.70178
-0.2207498	10.00	17.78779	0.01592433	0.00	0.0677481	-0.0009037898	10.00	-11.74961
-0.2082317	10.00	17.85155	0.01251803	0.00	0.06376325	-0.0008983612	10.00	-11.7998
-0.1963894	10.00	17.91848	0.01184231	0.00	0.06692281	-0.0008930793	10.00	-11.85059
-0.1870288	10.00	17.9862	0.009360641	0.00	0.0677212	-0.0008876507	10.00	-11.89841
-0.1788319	10.00	18.04997	0.008196876	0.00	0.06376891	-0.0008824422	10.00	-11.9483
-0.17157	10.00	18.11648	0.007261914	0.00	0.06651655	-0.0008767935	10.00	-11.99963
-0.1647613	10.00	18.18492	0.006808678	0.00	0.06843465	-0.0008715116	10.00	-12.04712
-0.1584608	10.00	18.24825	0.006300534	0.00	0.06332725	-0.0008661564	10.00	-12.09706
-0.1518367	10.00	18.31483	0.006624039	0.00	0.06657883	-0.0008605077	10.00	-12.14655
-0.1459106	10.00	18.38081	0.005926096	0.00	0.0659857	-0.0008549324	10.00	-12.19689
-0.1398827	10.00	18.44793	0.006027928	0.00	0.06711958	-0.0008495037	10.00	-12.24629
-0.1339674	10.00	18.5138	0.00591529	0.00	0.06586538	-0.0008443686	10.00	-12.29618
-0.1279923	10.00	18.58033	0.005975168	0.00	0.06653211	-0.0008387199	10.00	-12.34554
-0.1220819	10.00	18.64614	0.005910332	0.00	0.06581017	-0.0008335847	10.00	-12.39398
-0.1175328	10.00	18.71072	0.004549112	0.00	0.06457862	-0.0008278626	10.00	-12.44343
-0.1141647	10.00	18.77666	0.003368125	0.00	0.06594182	-0.0008226541	10.00	-12.49306
-0.1107848	10.00	18.84283	0.003379911	0.00	0.06617256	-0.0008173722	10.00	-12.54282
-0.1080386	10.00	18.90917	0.002746201	0.00	0.06634243	-0.0008117236	10.00	-12.59199
-0.1053244	10.00	18.97474	0.002714149	0.00	0.06556811	-0.0008063683	10.00	-12.6417
-0.102581	10.00	19.04102	0.002743389	0.00	0.06627448	-0.0008007196	10.00	-12.69347
-0.09972367	10.00	19.11004	0.00285736	0.00	0.06902778	-0.0007954377	10.00	-12.74153
-0.09707134	10.00	19.17412	0.002652329	0.00	0.06407467	-0.0007897891	10.00	-12.79206
-0.09428231	10.00	19.2415	0.002789035	0.00	0.06737722	-0.0007846539	10.00	-12.84014
-0.09162886	10.00	19.3056	0.002653442	0.00	0.06410157	-0.0007789318	10.00	-12.88952
-0.08890329	10.00	19.37144	0.002725575	0.00	0.06584415	-0.00077365	10.00	-12.93968
-0.08613482	10.00	19.43832	0.002768468	0.00	0.06688035	-0.0007683681	10.00	-12.98873
-0.08342759	10.00	19.50372	0.002707234	0.00	0.06540107	-0.0007629395	10.00	-13.03839
-0.08068684	10.00	19.56993	0.002740751	0.00	0.06621078	-0.0007575108	10.00	-13.08775
-0.07796238	10.00	19.63575	0.002724462	0.00	0.06581725	-0.0007519355	10.00	-13.1373
-0.07522772	10.00	19.70181	0.002734658	0.00	0.06606356	-0.0007465802	10.00	-13.18686
-0.07249206	10.00	19.7679	0.002735654	0.00	0.06608763	-0.0007410783	10.00	-13.23738
-0.06970415	10.00	19.83525	0.002787922	0.00	0.06735032	-0.0007356497	10.00	-13.28622
-0.06700845	10.00	19.90037	0.002695691	0.00	0.0651222	-0.0007302211	10.00	-13.33558
-0.06428429	10.00	19.96618	0.002724169	0.00	0.06581017	-0.0007247925	10.00	-13.385
-0.06155625	10.00	20.03209	0.002728036	0.00	0.0659036	-0.0007193639	10.00	-13.43484
-0.06009239	10.00	20.09854	0.001463861	0.00	0.06645285	-0.0007137152	10.00	-13.48424
-0.05927932	10.00	20.1644	0.0008130659	0.00	0.0658583	-0.0007083599	10.00	-13.53399
-0.05846026	10.00	20.23074	0.0008190603	0.00	0.06634384	-0.0007030781	10.00	-13.58347
-0.05764582	10.00	20.29671	0.0008144465	0.00	0.06597013	-0.0006975027	10.00	-13.63292
-0.05683186	10.00	20.36264	0.0008139571	0.00	0.06593049	-0.0006920741	10.00	-13.68291
-0.05600895	10.00	20.4293	0.000822905	0.00	0.06665527	-0.0006867188	10.00	-13.73225
-0.05519672	10.00	20.49509	0.000812227	0.00	0.06579036	-0.0006809235	10.00	-13.78182
-0.05438088	10.00	20.56117	0.0008158446	0.00	0.06608338	-0.0006752748	10.00	-13.83442
-0.05351504	10.00	20.63131	0.0008658442	0.00	0.07013334	-0.000670213	10.00	-13.88089
-0.05275008	10.00	20.69327	0.0007649537	0.00	0.06196122	-0.0006650044	10.00	-13.93038
-0.05193536	10.00	20.75926	0.0008147261	0.00	0.06599278	-0.000659209	10.00	-13.98148
-0.05109419	10.00	20.82739	0.0008411677	0.00	0.06813455	-0.0006542206	10.00	-14.02948
-0.05030405	10.00	20.8914	0.000790137	0.00	0.06400106	-0.0006488654	10.00	-14.07921
-0.04948559	10.00	20.95769	0.000818466	0.00	0.06629571	-0.00064329	10.00	-14.1286
-0.04867257	10.00	21.02354	0.0008130135	0.00	0.06585406	-0.0006376413	10.00	-14.17831
-0.0478543	10.00	21.08982	0.0008182738	0.00	0.06628014	-0.0006323594	10.00	-14.2277
-0.04767895	10.00	21.15568	0.0001753525	0.00	0.06585264	-0.0006270042	10.00	-14.27763
-0.04750166	10.00	21.22226	0.0001772824	0.00	0.06657741	-0.0006215022	10.00	-14.32728
-0.0473254	10.00	21.28845	0.0001762684	0.00	0.06619663	-0.000616367	10.00	-14.37663
-0.04715017	10.00	21.35426	0.0001752243	0.00	0.06580451	-0.000610645	10.00	-14.42606
-0.04697469	10.00	21.42016	0.0001754844	0.00	0.06590218	-0.0006050697	10.00	-14.47602
-0.04679729	10.00	21.48678	0.0001773955	0.00	0.06661988	-0.0005997144	10.00	-14.52534
-0.04662218	10.00	21.55254	0.0001751074	0.00	0.06576063	-0.0005945059	10.00	-14.57487
-0.04644633	10.00	21.61858	0.0001758576	0.00	0.06604233	-0.0005890039	10.00	-14.62441
-0.04627045	10.00	21.68463	0.0001758764	0.00	0.0660494	-0.0005836487	10.00	-14.67386
-0.04609488	10.00	21.75056	0.0001755673	0.00	0.06593332	-0.0005782201	10.00	-14.72354
-0.0459185	10.00	21.8168	0.0001763815	0.00	0.06623909	-0.000572498	10.00	-14.77299
-0.04574294	10.00	21.88274	0.0001755635	0.00	0.06593191	-0.0005673629	10.00	-14.8232
-0.04556466	10.00	21.94969	0.0001782813	0.00	0.06695254	-0.0005615674	10.00	-14.87244
-0.04538986	10.00	22.01533	0.0001747908	0.00	0.06564172	-0.0005562856	10.00	-14.92166
-0.0452151	10.00	22.08096	0.0001747682	0.00	0.06563322	-0.0005509303	10.00	-14.97175
-0.04503727	10.00	22.14774	0.0001778252	0.00	0.06678126	-0.0005455017	10.00	-15.02101
-0.04486237	10.00	22.21342	0.0001748964	0.00	0.06568135	-0.0005394862	10.00	-15.07521
-0.04466994	10.00	22.28569	0.0001924391	0.00	0.07226945	-0.0005342777	10.00	-15.12166
-0.04450502	10.00	22.34763	0.0001649225	0.00	0.06193574	-0.000528629	10.00	-15.1724
-0.04432486	10.00	22.41529	0.0001801509	0.00	0.06765467	-0.0005236405	10.00	-15.21894
-0.04415964	10.00	22.47733	0.0001652278	0.00	0.0620504	-0.0005183587	10.00	-15.27019
-0.04397769	10.00	22.54566	0.0001819451	0.00	0.06832848	-0.00051271	10.00	-15.31844
-0.04380639	10.00	22.60999	0.0001713003	0.00	0.06433089	-0.000507208	10.00	-15.36795
-0.04363057	10.00	22.67602	0.0001758161	0.00	0.06602675	-0.0005019261	10.00	-15.41794
-0.04345312	10.00	22.74266	0.000177452	0.00	0.06664111	-0.0004964975	10.00	-15.46713
-0.04327845	10.00	22.80826	0.000174674	0.00	0.06559783	-0.0004912156	10.00	-15.5169
-0.04310177	10.00	22.87461	0.0001766831	0.00	0.06635234	-0.000485787	10.00	-15.56621
-0.04292668	10.00	22.94037	0.0001750886	0.00	0.06575355	-0.0004803584	10.00	-15.61592
-0.04275019	10.00	23.00664	0.0001764833	0.00	0.06627731	-0.0004749298	10.00	-15.66559
-0.04257386	10.00	23.07286	0.0001763325	0.00	0.06622069	-0.0004697213	10.00	-15.71529
-0.04239739	10.00	23.13914	0.0001764682	0.00	0.06627165	-0.0004640726	10.00	-15.76466
-0.04222211	10.00	23.20496	0.0001752808	0.00	0.06582575	-0.0004584973	10.00	-15.81427
-0.04204595	10.00	23.27112	0.0001761553	0.00	0.06615416	-0.0004533621	10.00	-15.86371
-0.04187045	10.00	23.33702	0.0001755032	0.00	0.06590926	-0.00044764	10.00	-15.91328
-0.04169446	10.00	23.40312	0.0001759895	0.00	0.06609187	-0.0004423582	10.00	-15.9629
-0.04151827	10.00	23.46929	0.0001761968	0.00	0.06616973	-0.0004369295	10.00	-16.01266
-0.04134161	10.00	23.53563	0.0001766567	0.00	0.06634243	-0.0004313542	10.00	-16.06173
-0.04116738	10.00	23.60106	0.0001742292	0.00	0.0654308	-0.0004259256	10.00	-16.11437
-0.04098049	10.00	23.67125	0.0001868906	0.00	0.07018572	-0.0004205704	10.00	-16.16095
-0.04081513	10.00	23.73335	0.0001653598	0.00	0.06209994	-0.0004149217	10.00	-16.21059
-0.04063888	10.00	23.79954	0.0001762496	0.00	0.06618955	-0.0004094931	10.00	-16.26077
-0.04046074	10.00	23.86644	0.0001781456	0.00	0.06690158	-0.000404578	10.00	-16.30964
-0.04028721	10.00	23.9316	0.0001735281	0.00	0.0651675	-0.0003987826	10.00	-16.35925
-0.04011108	10.00	23.99775	0.0001761252	0.00	0.06614283	-0.0003929138	10.00	-16.41117
-0.03992674	10.00	24.06697	0.0001843387	0.00	0.06922738	-0.0003880721	10.00	-16.45839
-0.0397591	10.00	24.12993	0.0001676478	0.00	0.0629592	-0.0003824968	10.00	-16.508
-0.03958297	10.00	24.19608	0.000176129	0.00	0.06614425	-0.0003772149	10.00	-16.55783
-0.03940604	10.00	24.26252	0.0001769243	0.00	0.06644294	-0.0003716396	10.00	-16.60706
-0.03923124	10.00	24.32817	0.0001747983	0.00	0.06564455	-0.0003662109	10.00	-16.65661
-0.03905533	10.00	24.39423	0.0001759179	0.00	0.06606498	-0.0003606356	10.00	-16.70595
-0.03888014	10.00	24.46002	0.0001751904	0.00	0.06579177	-0.0003554271	10.00	-16.75593
-0.03870271	10.00	24.52666	0.0001774294	0.00	0.06663262	-0.0003499251	10.00	-16.80557
-0.03852647	10.00	24.59284	0.0001762345	0.00	0.06618389	-0.0003443498	10.00	-16.85486
-0.03835145	10.00	24.65857	0.000175017	0.00	0.06572665	-0.0003391413	10.00	-16.90453
-0.03817512	10.00	24.72479	0.0001763325	0.00	0.06622069	-0.0003333458	10.00	-16.95416
-0.03799889	10.00	24.79097	0.0001762345	0.00	0.06618389	-0.0003283574	10.00	-17.00338
-0.03782416	10.00	24.85659	0.0001747267	0.00	0.06561765	-0.0003230755	10.00	-17.05333
-0.03764684	10.00	24.92318	0.0001773201	0.00	0.06659157	-0.0003174268	10.00	-17.10265
-0.0374717	10.00	24.98895	0.0001751414	0.00	0.06577337	-0.0003117781	10.00	-17.15271
-0.03729397	10.00	25.0557	0.000177731	0.00	0.06674587	-0.0003064963	10.00	-17.20189
-0.03711939	10.00	25.12126	0.0001745797	0.00	0.06556245	-0.000301141	10.00	-17.25214
-0.03694097	10.00	25.18827	0.0001784207	0.00	0.06700492	-0.0002954923	10.00	-17.30141
-0.03676603	10.00	25.25396	0.0001749416	0.00	0.06569834	-0.0002901371	10.00	-17.35052
-0.03659167	10.00	25.31944	0.0001743573	0.00	0.06547893	-0.0002846351	10.00	-17.40047
-0.03641432	10.00	25.38605	0.0001773502	0.00	0.06660289	-0.0002796467	10.00	-17.44954
-0.03624012	10.00	25.45146	0.0001741952	0.00	0.06541806	-0.000273998	10.00	-17.49944
-0.03624012	10.00	25.518	0	0.00	0.06653919	-0.0002686427	10.00	-17.54957
-0.03624012	10.00	25.58484	0	0.00	0.06683788	-0.0002632141	10.00	-17.59855
-0.03624012	10.00	25.65015	0	0.00	0.06530764	-0.0002576388	10.00	-17.64801
-0.03624012	10.00	25.71609	0	0.00	0.06594606	-0.0002523569	10.00	-17.69874
-0.03624012	10.00	25.78373	0	0.00	0.0676391	-0.0002469283	10.00	-17.74717
-0.03624012	10.00	25.84831	0	0.00	0.06457296	-0.000241353	10.00	-17.79691
-0.03624012	10.00	25.91462	0	0.00	0.06631412	-0.0002360711	10.00	-17.84605
-0.03624012	10.00	25.98015	0	0.00	0.06552847	-0.0002306425	10.00	-17.89619
-0.03624012	10.00	26.04701	0	0.00	0.0668577	-0.0002253606	10.00	-17.9458
-0.03624012	10.00	26.11315	0	0.00	0.06614142	-0.000219932	10.00	-17.99522
-0.03624012	10.00	26.17904	0	0.00	0.06588662	-0.00021443	10.00	-18.04488
-0.03624012	10.00	26.24525	0	0.00	0.06621785	-0.000208928	10.00	-18.09424
-0.03624012	10.00	26.31106	0	0.00	0.06581017	-0.0002036462	10.00	-18.14392
-0.03624012	10.00	26.37731	0	0.00	0.066249	-0.0001977774	10.00	-18.19328
-0.03624012	10.00	26.44312	0	0.00	0.06581017	-0.0001924955	10.00	-18.24299
-0.03624012	10.00	26.5094	0	0.00	0.06627731	-0.0001869935	10.00	-18.29251
19.62927
