0.01408097	10.00	-49.76825	0.01408097	0.00	0.2317469	40	10.00	0
0.09509446	10.00	-48.43492	0.08101349	0.00	1.333333	39.94676	10.00	-8.659557E-05
0.133697	10.00	-47.79959	0.03860259	0.00	0.6353279	39.91097	10.00	-0.0002136037
0.1523842	10.00	-47.49203	0.01868718	0.00	0.3075567	39.85535	10.00	-0.0004340235
0.1533177	10.00	-47.14146	0.000933503	0.00	0.3505719	39.80942	10.00	-0.000448895
0.1533177	10.00	-46.98262	0	0.00	0.1588421	39.75784	10.00	-0.0003811986
0.1533177	10.00	-46.88445	0	0.00	0.0981706	39.69278	10.00	-0.0002498336
0.1533177	10.00	-46.88445	0	0.00	0	39.59741	10.00	0.0001386749
0.1533177	10.00	-46.88445	0	0.00	0	39.5004	10.00	0.0007386764
0.1533177	10.00	-46.88445	0	0.00	0	39.38315	10.00	0.001517517
0.1533177	10.00	-46.88445	0	0.00	0	39.25965	10.00	0.002436142
0.1533177	10.00	-46.88445	0	0.00	0	39.15376	10.00	0.003280662
0.1533177	10.00	-46.88445	0	0.00	0	39.04502	10.00	0.004042491
0.1533177	10.00	-46.88445	0	0.00	0	38.92671	10.00	0.004814538
0.1533177	10.00	-46.8476	0	0.00	0.03684961	38.80445	10.00	0.006095013
0.1533177	10.00	-46.67578	0	0.00	0.1718225	38.68166	10.00	0.007691218
0.1533177	10.00	-46.48704	0	0.00	0.1887375	38.5583	10.00	0.00911612
0.1533177	10.00	-46.29837	0	0.00	0.1886752	38.40733	10.00	0.01036993
0.1533177	10.00	-46.06796	0	0.00	0.230412	38.2844	10.00	0.01105357
0.1533177	10.00	-45.88075	0	0.00	0.187203	38.15527	10.00	0.01179632
0.1533177	10.00	-45.68531	0	0.00	0.1954445	38.02843	10.00	0.01248989
0.1533177	10.00	-45.49313	0	0.00	0.1921759	37.89502	10.00	0.01324088
0.1533177	10.00	-45.29109	0	0.00	0.2020396	37.76854	10.00	0.01394086
0.1533177	10.00	-45.09922	0	0.00	0.1918687	37.64143	10.00	0.01457859
0.1533177	10.00	-44.90542	0	0.00	0.1937981	37.52409	10.00	0.01516233
0.1533177	10.00	-44.72589	0	0.00	0.1795362	37.39492	10.00	0.01567033
0.1533177	10.00	-44.52705	0	0.00	0.1988333	37.26426	10.00	0.01625808
0.1533177	10.00	-44.32465	0	0.00	0.2024077	37.117	10.00	0.01701121
0.1533177	10.00	-44.09587	0	0.00	0.2287785	37.00623	10.00	0.01745143
0.1533177	10.00	-43.92479	0	0.00	0.1710753	36.90351	10.00	0.0179181
0.1533177	10.00	-43.76682	0	0.00	0.1579741	36.79318	10.00	0.0182655
0.1533177	10.00	-43.59735	0	0.00	0.1694715	36.67679	10.00	0.01874968
0.1533177	10.00	-43.41955	0	0.00	0.1777993	36.54176	10.00	0.01935324
0.1533177	10.00	-43.21435	0	0.00	0.205195	36.40792	10.00	0.02005231
0.1533177	10.00	-43.01252	0	0.00	0.2018344	36.28135	10.00	0.02064834
0.1533177	10.00	-42.82192	0	0.00	0.1905961	36.17566	10.00	0.02102963
0.1533177	10.00	-42.66388	0	0.00	0.1580449	36.06525	10.00	0.02158143
0.1533177	10.00	-42.50001	0	0.00	0.1638644	35.95333	10.00	0.02208563
0.1533177	10.00	-42.33553	0	0.00	0.1644844	35.83196	10.00	0.02262014
0.1533177	10.00	-42.15842	0	0.00	0.1771071	35.72209	10.00	0.02310813
0.1533177	10.00	-41.99886	0	0.00	0.1595681	35.6093	10.00	0.02359078
0.1533177	10.00	-41.83535	0	0.00	0.1635005	35.48822	10.00	0.02400231
0.1533177	10.00	-41.66019	0	0.00	0.1751592	35.37002	10.00	0.02439896
0.1533177	10.00	-41.48989	0	0.00	0.170301	35.25386	10.00	0.0247664
0.1533177	10.00	-41.32292	0	0.00	0.1669758	35.13079	10.00	0.02510612
0.1533177	10.00	-41.14666	0	0.00	0.1762549	35.01186	10.00	0.02540686
0.1533177	10.00	-40.97689	0	0.00	0.1697772	34.89224	10.00	0.02557951
0.1533177	10.00	-40.80664	0	0.00	0.1702472	34.77599	10.00	0.02564911
0.1533177	10.00	-40.64096	0	0.00	0.165672	34.65313	10.00	0.02565616
0.1533177	10.00	-40.46565	0	0.00	0.175315	34.54192	10.00	0.02564994
0.1533177	10.00	-40.30701	0	0.00	0.1586409	34.42859	10.00	0.02563399
0.1533177	10.00	-40.14569	0	0.00	0.1613135	34.30269	10.00	0.02566843
0.1533177	10.00	-39.96684	0	0.00	0.1788596	34.17572	10.00	0.02576612
0.1533177	10.00	-39.78725	0	0.00	0.1795886	34.05512	10.00	0.02592913
0.1533177	10.00	-39.61774	0	0.00	0.1695111	33.93641	10.00	0.02605399
0.1533177	10.00	-39.45134	0	0.00	0.1663997	33.81615	10.00	0.02611265
0.1533177	10.00	-39.28332	0	0.00	0.1680148	33.70597	10.00	0.02617765
0.1533177	10.00	-39.12968	0	0.00	0.1536368	33.59914	10.00	0.02624753
0.1533177	10.00	-38.98079	0	0.00	0.1488918	33.48232	10.00	0.02637189
0.1533177	10.00	-38.81853	0	0.00	0.1622577	33.35958	10.00	0.02652678
0.1533177	10.00	-38.64823	0	0.00	0.1703095	33.2337	10.00	0.02670754
0.1533177	10.00	-38.47358	0	0.00	0.1746454	33.11287	10.00	0.02692403
0.1533177	10.00	-38.30569	0	0.00	0.1678931	33.00484	10.00	0.02721723
0.1533177	10.00	-38.15562	0	0.00	0.1500639	32.89466	10.00	0.02744906
0.1533177	10.00	-38.00267	0	0.00	0.1529517	32.78716	10.00	0.02768259
0.1533177	10.00	-37.85374	0	0.00	0.1489357	32.67992	10.00	0.02792057
0.1533177	10.00	-37.70544	0	0.00	0.1482958	32.57408	10.00	0.02824025
0.1533177	10.00	-37.5596	0	0.00	0.1458426	32.46359	10.00	0.02858783
0.1533177	10.00	-37.4077	0	0.00	0.1519027	32.35348	10.00	0.02889652
0.1533177	10.00	-37.25649	0	0.00	0.1512063	32.24419	10.00	0.02924932
0.1533177	10.00	-37.10642	0	0.00	0.150071	32.13554	10.00	0.02954346
0.1533177	10.00	-36.95731	0	0.00	0.149107	32.02932	10.00	0.02985025
0.1533177	10.00	-36.81154	0	0.00	0.1457704	31.91972	10.00	0.03028738
0.1533177	10.00	-36.66127	0	0.00	0.150272	31.80755	10.00	0.0308144
0.1533177	10.00	-36.50749	0	0.00	0.1537784	31.7032	10.00	0.03123545
0.1533177	10.00	-36.36461	0	0.00	0.1428813	31.59288	10.00	0.03163873
0.1533177	10.00	-36.21365	0	0.00	0.1509543	31.48372	10.00	0.03209791
0.1533177	10.00	-36.06472	0	0.00	0.1489399	31.36503	10.00	0.03262843
0.1533177	10.00	-35.90306	0	0.00	0.1616603	31.24375	10.00	0.03318957
0.1533177	10.00	-35.73854	0	0.00	0.1645099	31.12655	10.00	0.03364415
0.1533177	10.00	-35.58	0	0.00	0.158546	31.01327	10.00	0.03403816
0.1533177	10.00	-35.42703	0	0.00	0.1529658	30.90233	10.00	0.03439801
0.1533177	10.00	-35.27735	0	0.00	0.1496845	30.79886	10.00	0.03468741
0.1533177	10.00	-35.13791	0	0.00	0.13944	30.69741	10.00	0.03496289
0.1533177	10.00	-35.00132	0	0.00	0.136589	30.58738	10.00	0.03523759
0.1533177	10.00	-34.85328	0	0.00	0.1480354	30.47866	10.00	0.03550768
0.1533177	10.00	-34.70707	0	0.00	0.1462206	30.37927	10.00	0.03573905
0.1533177	10.00	-34.5734	0	0.00	0.1336644	30.27356	10.00	0.03598307
0.1533177	10.00	-34.43122	0	0.00	0.1421735	30.16596	10.00	0.03621428
0.1533177	10.00	-34.28654	0	0.00	0.1446847	30.05005	10.00	0.03646068
0.1533177	10.00	-34.13065	0	0.00	0.1558862	29.93082	10.00	0.03671
0.1533177	10.00	-33.97033	0	0.00	0.1603282	29.81663	10.00	0.0369467
0.1533177	10.00	-33.81678	0	0.00	0.153542	29.71472	10.00	0.03715601
0.1533177	10.00	-33.67977	0	0.00	0.1370151	29.61568	10.00	0.03735887
0.1533177	10.00	-33.54659	0	0.00	0.1331789	29.51172	10.00	0.03758318
0.1533177	10.00	-33.4068	0	0.00	0.1397896	29.41005	10.00	0.03779919
0.1533177	10.00	-33.27009	0	0.00	0.1367093	29.29904	10.00	0.03802206
0.1533177	10.00	-33.12077	0	0.00	0.1493193	29.19475	10.00	0.03825272
0.1533177	10.00	-32.98045	0	0.00	0.1403261	29.09131	10.00	0.03846585
0.1533177	10.00	-32.84126	0	0.00	0.1391909	28.98777	10.00	0.03864942
0.1533177	10.00	-32.70195	0	0.00	0.1393112	28.88778	10.00	0.03880702
0.1533177	10.00	-32.56741	0	0.00	0.1345378	28.78279	10.00	0.03898785
0.1533177	10.00	-32.42619	0	0.00	0.1412208	28.67561	10.00	0.03917145
0.1533177	10.00	-32.28199	0	0.00	0.1441977	28.56185	10.00	0.03938728
0.1533177	10.00	-32.12896	0	0.00	0.1530338	28.45677	10.00	0.03960347
0.1533177	10.00	-31.98765	0	0.00	0.1413001	28.35781	10.00	0.03979102
0.1533177	10.00	-31.85463	0	0.00	0.1330288	28.25665	10.00	0.03994642
0.1533177	10.00	-31.71861	0	0.00	0.1360214	28.138	10.00	0.04011701
0.1533177	10.00	-31.55911	0	0.00	0.1594931	28.0298	10.00	0.0402737
0.1533177	10.00	-31.41363	0	0.00	0.1454817	27.92254	10.00	0.04041617
0.1533177	10.00	-31.26937	0	0.00	0.1442614	27.81676	10.00	0.04060708
0.1533177	10.00	-31.12708	0	0.00	0.1422895	27.71486	10.00	0.04081207
0.1533177	10.00	-30.99002	0	0.00	0.137059	27.60633	10.00	0.04103721
0.1533177	10.00	-30.84406	0	0.00	0.1459587	27.50065	10.00	0.0412448
0.1533177	10.00	-30.70191	0	0.00	0.142148	27.39572	10.00	0.04142439
0.1533177	10.00	-30.56078	0	0.00	0.1411302	27.29461	10.00	0.04145017
0.1533177	10.00	-30.42483	0	0.00	0.135952	27.18474	10.00	0.04144861
0.1533177	10.00	-30.27719	0	0.00	0.1476447	27.07811	10.00	0.04143938
0.1533177	10.00	-30.13387	0	0.00	0.1433187	26.97959	10.00	0.04142979
0.1533177	10.00	-30.00149	0	0.00	0.1323749	26.87292	10.00	0.04141832
0.1533177	10.00	-29.85815	0	0.00	0.1433427	26.75808	10.00	0.04140471
0.1533177	10.00	-29.70382	0	0.00	0.1543304	26.6453	10.00	0.04139028
0.1533177	10.00	-29.55226	0	0.00	0.1515573	26.52029	10.00	0.04137276
0.1533177	10.00	-29.3843	0	0.00	0.167961	26.40961	10.00	0.04135618
0.1533177	10.00	-29.23557	0	0.00	0.1487361	26.30008	10.00	0.04134259
0.1533177	10.00	-29.08838	0	0.00	0.1471832	26.19954	10.00	0.04133158
0.1533177	10.00	-28.95328	0	0.00	0.1351041	26.09756	10.00	0.04129877
0.1533177	10.00	-28.8162	0	0.00	0.1370802	25.99188	10.00	0.04129523
0.1533177	10.00	-28.67413	0	0.00	0.1420687	25.89179	10.00	0.04130193
0.1533177	10.00	-28.53955	0	0.00	0.1345803	25.7887	10.00	0.0413163
0.1533177	10.00	-28.40097	0	0.00	0.1385793	25.68211	10.00	0.04133268
0.1533177	10.00	-28.25769	0	0.00	0.1432776	25.58033	10.00	0.04133662
0.1533177	10.00	-28.12089	0	0.00	0.1367999	25.46509	10.00	0.04132735
0.1533177	10.00	-27.96601	0	0.00	0.1548811	25.36439	10.00	0.04131019
0.1533177	10.00	-27.83065	0	0.00	0.1353575	25.25591	10.00	0.04129064
0.1533177	10.00	-27.68487	0	0.00	0.1457804	25.15055	10.00	0.0412706
0.1533177	10.00	-27.54328	0	0.00	0.1415931	25.03354	10.00	0.04124332
0.1533177	10.00	-27.38604	0	0.00	0.1572437	24.92512	10.00	0.04122066
0.1533177	10.00	-27.24031	0	0.00	0.1457266	24.819	10.00	0.0411985
0.1533177	10.00	-27.09772	0	0.00	0.1425896	24.71878	10.00	0.04116957
0.1533177	10.00	-26.96306	0	0.00	0.1346582	24.61255	10.00	0.0411266
0.1533177	10.00	-26.82034	0	0.00	0.1427199	24.50288	10.00	0.04109433
0.1533177	10.00	-26.67301	0	0.00	0.147329	24.39579	10.00	0.04106473
0.1533177	10.00	-26.52912	0	0.00	0.1438962	24.28456	10.00	0.04103179
0.1533177	10.00	-26.37967	0	0.00	0.1494495	24.17859	10.00	0.04100064
0.1533177	10.00	-26.23727	0	0.00	0.1423915	24.07618	10.00	0.04097304
0.1533177	10.00	-26.09968	0	0.00	0.1375983	23.97017	10.00	0.04093744
0.1533177	10.00	-25.95726	0	0.00	0.1424184	23.86561	10.00	0.04088155
0.1533177	10.00	-25.81683	0	0.00	0.1404309	23.76193	10.00	0.04082415
0.1533177	10.00	-25.67757	0	0.00	0.139256	23.65899	10.00	0.04076672
0.1533177	10.00	-25.53928	0	0.00	0.1382905	23.54696	10.00	0.04070644
0.1533177	10.00	-25.38877	0	0.00	0.1505112	23.43516	10.00	0.04065823
0.1533177	10.00	-25.23857	0	0.00	0.1501941	23.31826	10.00	0.04060719
0.1533177	10.00	-25.08153	0	0.00	0.1570498	23.2031	10.00	0.04055631
0.1533177	10.00	-24.92684	0	0.00	0.15469	23.08877	10.00	0.04050508
0.1533177	10.00	-24.77326	0	0.00	0.1535717	22.98452	10.00	0.04046455
0.1533177	10.00	-24.63322	0	0.00	0.1400459	22.87539	10.00	0.04042155
0.1533177	10.00	-24.48664	0	0.00	0.146583	22.76533	10.00	0.04037075
0.1533177	10.00	-24.3388	0	0.00	0.1478386	22.65589	10.00	0.04031997
0.1533177	10.00	-24.19181	0	0.00	0.1469893	22.54102	10.00	0.04026611
0.1533177	10.00	-24.03752	0	0.00	0.1542922	22.43615	10.00	0.0402151
0.1533177	10.00	-23.89666	0	0.00	0.140857	22.33519	10.00	0.04017184
0.1533177	10.00	-23.76107	0	0.00	0.135584	22.22591	10.00	0.04012431
0.1533177	10.00	-23.61429	0	0.00	0.1467854	22.11955	10.00	0.04007116
0.1533177	10.00	-23.47144	0	0.00	0.1428529	22.00793	10.00	0.0400147
0.1533177	10.00	-23.32154	0	0.00	0.1499011	21.89886	10.00	0.03995892
0.1533177	10.00	-23.17505	0	0.00	0.1464839	21.7995	10.00	0.03990762
0.1533177	10.00	-23.04162	0	0.00	0.1334323	21.69793	10.00	0.03986075
0.1533177	10.00	-22.9052	0	0.00	0.1364206	21.59539	10.00	0.03981258
0.1533177	10.00	-22.7675	0	0.00	0.1376946	21.47598	10.00	0.03975606
0.1533177	10.00	-22.60715	0	0.00	0.160358	21.37482	10.00	0.03970196
0.1533177	10.00	-22.4713	0	0.00	0.1358416	21.27507	10.00	0.03964821
0.1533177	10.00	-22.33734	0	0.00	0.1339603	21.17381	10.00	0.03959454
0.1533177	10.00	-22.20138	0	0.00	0.1359648	21.07623	10.00	0.0395424
0.1533177	10.00	-22.07034	0	0.00	0.13104	20.9745	10.00	0.03949349
0.1533177	10.00	-21.93374	0	0.00	0.1366018	20.88121	10.00	0.039446
0.1533177	10.00	-21.80847	0	0.00	0.125263	20.78826	10.00	0.03939831
0.1533177	10.00	-21.68367	0	0.00	0.1248086	20.69093	10.00	0.03934258
0.1533177	10.00	-21.55297	0	0.00	0.130696	20.59383	10.00	0.03928665
0.1533177	10.00	-21.42259	0	0.00	0.1303831	20.49487	10.00	0.03923004
0.1533177	10.00	-21.28971	0	0.00	0.1328802	20.39733	10.00	0.03917927
0.1533177	10.00	-21.15874	0	0.00	0.1309621	20.2979	10.00	0.03913011
0.1533177	10.00	-21.02526	0	0.00	0.1334832	20.19629	10.00	0.03907957
0.1533177	10.00	-20.88883	0	0.00	0.1364305	20.09208	10.00	0.03902125
0.1533177	10.00	-20.74893	0	0.00	0.1399029	19.98427	10.00	0.03896054
0.1533177	10.00	-20.60419	0	0.00	0.1447427	19.87883	10.00	0.03890669
0.1533177	10.00	-20.46263	0	0.00	0.1415534	19.77761	10.00	0.03885455
0.1533177	10.00	-20.32673	0	0.00	0.1358982	19.68454	10.00	0.03880632
0.1533177	10.00	-20.20179	0	0.00	0.1249388	19.592	10.00	0.03875309
0.1533177	10.00	-20.07756	0	0.00	0.1242339	19.49817	10.00	0.03869882
0.1533177	10.00	-19.95159	0	0.00	0.1259665	19.39619	10.00	0.03864515
0.1533177	10.00	-19.81469	0	0.00	0.1369047	19.30355	10.00	0.03859597
0.1533177	10.00	-19.69032	0	0.00	0.1243655	19.21264	10.00	0.03854041
0.1533177	10.00	-19.56828	0	0.00	0.1220426	19.11586	10.00	0.03848153
0.1533177	10.00	-19.43838	0	0.00	0.1299032	19.01918	10.00	0.038433
0.1533177	10.00	-19.3086	0	0.00	0.1297829	18.91899	10.00	0.03837686
0.1533177	10.00	-19.1741	0	0.00	0.1344954	18.81608	10.00	0.03830809
0.1533177	10.00	-19.03595	0	0.00	0.138149	18.71909	10.00	0.03824764
0.1533177	10.00	-18.90576	0	0.00	0.1301864	18.62518	10.00	0.03818325
0.1533177	10.00	-18.77972	0	0.00	0.1260416	18.52358	10.00	0.03811343
0.1533177	10.00	-18.64337	0	0.00	0.1363526	18.42369	10.00	0.03804448
0.1533177	10.00	-18.53397	0	0.00	0.1093958	18.32657	10.00	0.03798774
0.1533177	10.00	-18.46421	0	0.00	0.06976567	18.23	10.00	0.03793112
0.1533177	10.00	-18.42747	0	0.00	0.03674337	18.13171	10.00	0.03785745
0.1533177	10.00	-18.42747	0	0.00	0	18.03386	10.00	0.03779123
0.1533177	10.00	-18.42747	0	0.00	0	17.93595	10.00	0.03773094
0.1533177	10.00	-18.42747	0	0.00	0	17.83778	10.00	0.03768076
0.1533177	10.00	-18.42747	0	0.00	0	17.738	10.00	0.03762898
0.1533177	10.00	-18.42747	0	0.00	0	17.64031	10.00	0.03756754
0.1533177	10.00	-18.42747	0	0.00	0	17.53891	10.00	0.03750369
0.1533177	10.00	-18.42747	0	0.00	0	17.4425	10.00	0.03744275
0.1533177	10.00	-18.42747	0	0.00	0	17.34408	10.00	0.03738566
0.1533177	10.00	-18.42747	0	0.00	0	17.24461	10.00	0.03733281
0.1533177	10.00	-18.42747	0	0.00	0	17.14697	10.00	0.03727004
0.1533177	10.00	-18.42747	0	0.00	0	17.04765	10.00	0.03720606
0.1533177	10.00	-18.42747	0	0.00	0	16.94777	10.00	0.03714156
0.1533177	10.00	-18.42747	0	0.00	0	16.85194	10.00	0.03707768
0.1533177	10.00	-18.42747	0	0.00	0	16.74467	10.00	0.03701946
0.1533177	10.00	-18.42747	0	0.00	0	16.63521	10.00	0.03695396
0.1533177	10.00	-18.42747	0	0.00	0	16.52885	10.00	0.03688467
0.1533177	10.00	-18.42747	0	0.00	0	16.43479	10.00	0.03682318
0.1533177	10.00	-18.41858	0	0.00	0.008889514	16.33423	10.00	0.03675184
0.1533177	10.00	-18.38033	0	0.00	0.03824772	16.23418	10.00	0.03668585
0.1533177	10.00	-18.32668	0	0.00	0.05365244	16.13942	10.00	0.03662775
0.1533177	10.00	-18.24755	0	0.00	0.07912254	16.04111	10.00	0.03656822
0.1533177	10.00	-18.12075	0	0.00	0.1268042	15.94822	10.00	0.03652267
0.1533177	10.00	-17.99611	0	0.00	0.124643	15.85456	10.00	0.03648558
0.1533177	10.00	-17.87041	0	0.00	0.1256919	15.75744	10.00	0.03643438
0.1533177	10.00	-17.74008	0	0.00	0.1303378	15.66622	10.00	0.03638596
0.1533177	10.00	-17.61765	0	0.00	0.122429	15.57242	10.00	0.03634372
0.1533177	10.00	-17.49177	0	0.00	0.1258788	15.47204	10.00	0.03628804
0.1533177	10.00	-17.35705	0	0.00	0.1347162	15.37462	10.00	0.03623993
0.1533177	10.00	-17.22633	0	0.00	0.13072	15.27669	10.00	0.03617819
0.1533177	10.00	-17.09495	0	0.00	0.1313868	15.17826	10.00	0.03610838
0.1533177	10.00	-16.9629	0	0.00	0.1320478	15.07822	10.00	0.03603709
0.1533177	10.00	-16.82869	0	0.00	0.1342123	14.98024	10.00	0.03597216
0.1533177	10.00	-16.69723	0	0.00	0.1314604	14.88243	10.00	0.03592457
0.1533177	10.00	-16.56599	0	0.00	0.1312339	14.78425	10.00	0.03587822
0.1533177	10.00	-16.43424	0	0.00	0.1317478	14.68506	10.00	0.0358285
0.1533177	10.00	-16.33463	0	0.00	0.0996123	14.58576	10.00	0.03577087
0.1533177	10.00	-16.26847	0	0.00	0.06615853	14.48716	10.00	0.03571358
0.1533177	10.00	-16.21815	0	0.00	0.05031947	14.39045	10.00	0.03566314
0.1533177	10.00	-16.17132	0	0.00	0.04683585	14.28972	10.00	0.03559736
0.1533177	10.00	-16.12253	0	0.00	0.048784	14.1923	10.00	0.03553643
0.1533177	10.00	-16.07536	0	0.00	0.0471705	14.09332	10.00	0.03546889
0.1533177	10.00	-16.02743	0	0.00	0.04793127	13.99532	10.00	0.03541649
0.1533177	10.00	-15.97998	0	0.00	0.04745458	13.89693	10.00	0.03536413
0.1533177	10.00	-15.94384	0	0.00	0.03614091	13.79845	10.00	0.03530596
0.1533177	10.00	-15.91918	0	0.00	0.02466095	13.69907	10.00	0.03524959
0.1533177	10.00	-15.90333	0	0.00	0.01584613	13.60145	10.00	0.03520061
0.1533177	10.00	-15.90333	0	0.00	0	13.50089	10.00	0.03515342
0.1533177	10.00	-15.90333	0	0.00	0	13.39592	10.00	0.03508244
0.1533177	10.00	-15.90333	0	0.00	0	13.29788	10.00	0.03503112
0.1533177	10.00	-15.90333	0	0.00	0	13.19987	10.00	0.03497709
0.1533177	10.00	-15.90333	0	0.00	0	13.10925	10.00	0.03492278
0.1533177	10.00	-15.90333	0	0.00	0	13.01113	10.00	0.03485975
0.1533177	10.00	-15.90333	0	0.00	0	12.91187	10.00	0.03481967
0.1533177	10.00	-15.90333	0	0.00	0	12.81228	10.00	0.03477352
0.1533177	10.00	-15.90333	0	0.00	0	12.711	10.00	0.03472627
0.1533177	10.00	-15.90333	0	0.00	0	12.61638	10.00	0.03468725
0.1533177	10.00	-15.90333	0	0.00	0	12.51824	10.00	0.03463047
0.1533177	10.00	-15.90333	0	0.00	0	12.41877	10.00	0.0345726
0.1533177	10.00	-15.90333	0	0.00	0	12.3194	10.00	0.03451322
0.1533177	10.00	-15.90333	0	0.00	0	12.22293	10.00	0.03446271
0.1533177	10.00	-15.90333	0	0.00	0	12.12184	10.00	0.03440946
0.1533177	10.00	-15.90333	0	0.00	0	12.02472	10.00	0.03435309
0.1533177	10.00	-15.90333	0	0.00	0	11.92583	10.00	0.03428707
0.1533177	10.00	-15.90333	0	0.00	0	11.82774	10.00	0.0342264
0.1533177	10.00	-15.90333	0	0.00	0	11.72884	10.00	0.03417195
0.1533177	10.00	-15.90333	0	0.00	0	11.63072	10.00	0.03411211
0.1533177	10.00	-15.90333	0	0.00	0	11.5327	10.00	0.03405985
0.1533177	10.00	-15.90333	0	0.00	0	11.43359	10.00	0.03400677
0.1533177	10.00	-15.90333	0	0.00	0	11.33515	10.00	0.0339443
0.1533177	10.00	-15.90333	0	0.00	0	11.23768	10.00	0.03386768
0.1533177	10.00	-15.90333	0	0.00	0	11.13784	10.00	0.03380921
0.1533177	10.00	-15.90333	0	0.00	0	11.03947	10.00	0.03374712
0.1533177	10.00	-15.90333	0	0.00	0	10.9404	10.00	0.03368423
0.1533177	10.00	-15.90333	0	0.00	0	10.84169	10.00	0.03362015
0.1533177	10.00	-15.90333	0	0.00	0	10.74324	10.00	0.03357727
0.1533177	10.00	-15.90333	0	0.00	0	10.64516	10.00	0.03351698
0.1533177	10.00	-15.90333	0	0.00	0	10.54618	10.00	0.03346244
0.1533177	10.00	-15.90333	0	0.00	0	10.44845	10.00	0.03340508
0.1533177	10.00	-15.90333	0	0.00	0	10.34924	10.00	0.03334423
0.1533177	10.00	-15.90333	0	0.00	0	10.25115	10.00	0.03327917
0.1533177	10.00	-15.90333	0	0.00	0	10.15155	10.00	0.03320953
0.1533177	10.00	-15.90333	0	0.00	0	10.04524	10.00	0.03315694
0.1533177	10.00	-15.90333	0	0.00	0	9.945386	10.00	0.03310227
0.1533177	10.00	-15.90333	0	0.00	0	9.851084	10.00	0.03305142
0.1533177	10.00	-15.90333	0	0.00	0	9.75945	10.00	0.03299223
0.1533177	10.00	-15.90333	0	0.00	0	9.65971	10.00	0.03293401
0.1533177	10.00	-15.90333	0	0.00	0	9.561441	10.00	0.03288449
0.1533177	10.00	-15.90333	0	0.00	0	9.46199	10.00	0.03282291
0.1533177	10.00	-15.90333	0	0.00	0	9.362896	10.00	0.03274729
0.1533177	10.00	-15.90333	0	0.00	0	9.267035	10.00	0.03268802
0.1533177	10.00	-15.90333	0	0.00	0	9.16777	10.00	0.0326319
0.1533177	10.00	-15.90333	0	0.00	0	9.067803	10.00	0.03257259
0.1533177	10.00	-15.90333	0	0.00	0	8.97082	10.00	0.03250647
0.1533177	10.00	-15.90333	0	0.00	0	8.872601	10.00	0.03244372
0.1533177	10.00	-15.90333	0	0.00	0	8.772058	10.00	0.03238514
0.1533177	10.00	-15.90333	0	0.00	0	8.675722	10.00	0.03232124
0.1533177	10.00	-15.90333	0	0.00	0	8.576683	10.00	0.03224692
0.1533177	10.00	-15.90333	0	0.00	0	8.476692	10.00	0.03217379
0.1533177	10.00	-15.90333	0	0.00	0	8.378413	10.00	0.03211164
0.1533177	10.00	-15.90333	0	0.00	0	8.280142	10.00	0.03204467
0.1533177	10.00	-15.90333	0	0.00	0	8.181283	10.00	0.03197106
0.1533177	10.00	-15.90333	0	0.00	0	8.084558	10.00	0.03189722
0.1533177	10.00	-15.90333	0	0.00	0	7.985321	10.00	0.03181183
0.1533177	10.00	-15.90333	0	0.00	0	7.885823	10.00	0.03173162
0.1533177	10.00	-15.90333	0	0.00	0	7.787209	10.00	0.03166177
0.1533177	10.00	-15.90333	0	0.00	0	7.690158	10.00	0.03159055
0.1533177	10.00	-15.90333	0	0.00	0	7.534629	10.00	0.03146869
0.1533177	10.00	-15.90333	0	0.00	0	7.447056	10.00	0.0313963
0.1533177	10.00	-15.90333	0	0.00	0	7.34316	10.00	0.03131532
0.1533177	10.00	-15.90333	0	0.00	0	7.246691	10.00	0.03122791
0.1533177	10.00	-15.90333	0	0.00	0	7.146437	10.00	0.03112845
0.1533177	10.00	-15.90333	0	0.00	0	7.048582	10.00	0.03103928
0.1533177	10.00	-15.90333	0	0.00	0	6.950858	10.00	0.03093556
0.1533177	10.00	-15.90333	0	0.00	0	6.851491	10.00	0.03084079
0.1533177	10.00	-15.90333	0	0.00	0	6.7414	10.00	0.03073758
0.1533177	10.00	-15.90333	0	0.00	0	6.633858	10.00	0.03063583
0.1533177	10.00	-15.90333	0	0.00	0	6.526863	10.00	0.03053147
0.1533177	10.00	-15.90333	0	0.00	0	6.408319	10.00	0.03041699
0.1533177	10.00	-15.90333	0	0.00	0	6.31878	10.00	0.03032864
0.1533177	10.00	-15.90333	0	0.00	0	6.212265	10.00	0.0302093
0.1533177	10.00	-15.90333	0	0.00	0	6.113654	10.00	0.03007569
0.1533177	10.00	-15.90333	0	0.00	0	6.015008	10.00	0.03005008
0.1533177	10.00	-15.90333	0	0.00	0	5.915672	10.00	0.03003278
0.1533177	10.00	-15.90333	0	0.00	0	5.819131	10.00	0.02999859
0.1533177	10.00	-15.90333	0	0.00	0	5.721192	10.00	0.02996551
0.1533177	10.00	-15.90333	0	0.00	0	5.62308	10.00	0.02995315
0.1533177	10.00	-15.90333	0	0.00	0	5.524882	10.00	0.0299485
0.1533177	10.00	-15.90333	0	0.00	0	5.428098	10.00	0.02996687
0.1533177	10.00	-15.90333	0	0.00	0	5.330345	10.00	0.03001573
0.1533177	10.00	-15.90333	0	0.00	0	5.233314	10.00	0.03003677
0.1533177	10.00	-15.90333	0	0.00	0	5.13479	10.00	0.03005696
0.1533177	10.00	-15.90333	0	0.00	0	5.038088	10.00	0.03006434
0.1533177	10.00	-15.90333	0	0.00	0	4.940206	10.00	0.03006762
0.1533177	10.00	-15.90333	0	0.00	0	4.842671	10.00	0.03009444
0.1533177	10.00	-15.90333	0	0.00	0	4.744186	10.00	0.03010706
0.1533177	10.00	-15.90333	0	0.00	0	4.646002	10.00	0.03016465
0.1533177	10.00	-15.90333	0	0.00	0	4.546921	10.00	0.030226
0.1533177	10.00	-15.90333	0	0.00	0	4.44982	10.00	0.03028084
0.1533177	10.00	-15.90333	0	0.00	0	4.350913	10.00	0.03033441
0.1533177	10.00	-15.90333	0	0.00	0	4.252765	10.00	0.03041472
0.1533177	10.00	-15.90333	0	0.00	0	4.152868	10.00	0.0305156
0.1533177	10.00	-15.90333	0	0.00	0	4.05589	10.00	0.03061981
0.1533177	10.00	-15.90333	0	0.00	0	3.955715	10.00	0.03071571
0.1533177	10.00	-15.90333	0	0.00	0	3.858519	10.00	0.0308099
0.1533177	10.00	-15.90333	0	0.00	0	3.7587	10.00	0.03087715
0.1533177	10.00	-15.90333	0	0.00	0	3.662989	10.00	0.03095417
0.1533177	10.00	-15.90333	0	0.00	0	3.559062	10.00	0.03102728
0.1533177	10.00	-15.90333	0	0.00	0	3.456999	10.00	0.03109889
0.1533177	10.00	-15.90333	0	0.00	0	3.34755	10.00	0.03116713
0.1533177	10.00	-15.90333	0	0.00	0	3.24835	10.00	0.03125094
0.1533177	10.00	-15.90333	0	0.00	0	3.157396	10.00	0.03133162
0.1533177	10.00	-15.90333	0	0.00	0	3.065257	10.00	0.0314216
0.1533177	10.00	-15.90333	0	0.00	0	2.976007	10.00	0.03153557
0.1533177	10.00	-15.90333	0	0.00	0	2.877454	10.00	0.03164791
0.1533177	10.00	-15.90333	0	0.00	0	2.77982	10.00	0.03178216
0.1533177	10.00	-15.90333	0	0.00	0	2.682191	10.00	0.03186601
0.1533177	10.00	-15.90333	0	0.00	0	2.583503	10.00	0.03193478
0.1533177	10.00	-15.90333	0	0.00	0	2.485556	10.00	0.03197088
0.1533177	10.00	-15.90333	0	0.00	0	2.386004	10.00	0.03198808
0.1533177	10.00	-15.90333	0	0.00	0	2.288689	10.00	0.03202945
0.1533177	10.00	-15.90333	0	0.00	0	2.189515	10.00	0.03207182
0.1533177	10.00	-15.90333	0	0.00	0	2.090947	10.00	0.03212457
0.1533177	10.00	-15.90333	0	0.00	0	1.991747	10.00	0.03217838
0.1533177	10.00	-15.90333	0	0.00	0	1.893721	10.00	0.03224154
0.1533177	10.00	-15.90333	0	0.00	0	1.794582	10.00	0.03229352
0.1533177	10.00	-15.90333	0	0.00	0	1.69679	10.00	0.0323466
0.1533177	10.00	-15.90333	0	0.00	0	1.599001	10.00	0.03239137
0.1533177	10.00	-15.90333	0	0.00	0	1.49954	10.00	0.03242044
0.1533177	10.00	-15.90333	0	0.00	0	1.402027	10.00	0.03243642
0.1533177	10.00	-15.89665	0	0.00	0.006682746	1.302973	10.00	0.03244989
0.1533177	10.00	-15.88857	0	0.00	0.008072956	1.203638	10.00	0.03246283
0.1533177	10.00	-15.88048	0	0.00	0.008094975	1.104973	10.00	0.032465
0.1533177	10.00	-15.87244	0	0.00	0.008040186	1.007775	10.00	0.0324653
0.1533177	10.00	-15.86452	0	0.00	0.007920804	0.9080529	10.00	0.03247774
0.1533177	10.00	-15.85639	0	0.00	0.008126454	0.8095566	10.00	0.03251132
0.1533177	10.00	-15.84836	0	0.00	0.008026424	0.7113725	10.00	0.03254402
0.1533177	10.00	-15.84036	0	0.00	0.00800088	0.6121331	10.00	0.03257582
0.1533177	10.00	-15.83228	0	0.00	0.008086976	0.5143749	10.00	0.03259638
0.1533177	10.00	-15.82431	0	0.00	0.007966131	0.415085	10.00	0.03261602
0.1533177	10.00	-15.81622	0	0.00	0.008090932	0.316388	10.00	0.03262454
0.1533177	10.00	-15.80818	0	0.00	0.008043368	0.2170169	10.00	0.03262704
0.1533177	10.00	-15.80008	0	0.00	0.008100393	0.1198678	10.00	0.03263161
0.1533177	10.00	-15.79216	0	0.00	0.007917965	0.01990473	10.00	0.03262898
0.1533177	10.00	-15.78401	0	0.00	0.008148559	-0.07766183	10.00	0.03261076
0.1533177	10.00	-15.77606	0	0.00	0.007951939	-0.1750152	10.00	0.03258425
0.1533177	10.00	-15.76812	0	0.00	0.007935855	-0.2726641	10.00	0.03257987
0.1533177	10.00	-15.76016	0	0.00	0.007958906	-0.3716666	10.00	0.03257206
0.1533177	10.00	-15.75209	0	0.00	0.008070548	-0.4701298	10.00	0.03251861
0.1533177	10.00	-15.74406	0	0.00	0.008031241	-0.5694987	10.00	0.0324364
0.1533177	10.00	-15.73208	0	0.00	0.01198466	-0.6678397	10.00	0.03230266
0.1533177	10.00	-15.71637	0	0.00	0.01570261	-0.7664144	10.00	0.03218069
0.1533177	10.00	-15.70063	0	0.00	0.01574114	-0.8643246	10.00	0.03210381
0.1533177	10.00	-15.68246	0	0.00	0.01817596	-0.9625281	10.00	0.03208816
0.1533177	10.00	-15.66168	0	0.00	0.02077649	-1.061523	10.00	0.03205703
0.1533177	10.00	-15.64073	0	0.00	0.02095161	-1.159534	10.00	0.03201243
0.1533177	10.00	-15.61999	0	0.00	0.02073924	-1.2585	10.00	0.03194683
0.1533177	10.00	-15.59905	0	0.00	0.02094179	-1.357803	10.00	0.03189863
0.1533177	10.00	-15.57804	0	0.00	0.0210114	-1.455338	10.00	0.03186748
0.1533177	10.00	-15.55741	0	0.00	0.02063015	-1.554356	10.00	0.03186415
0.1533177	10.00	-15.53647	0	0.00	0.02093889	-1.652041	10.00	0.03188848
0.1533177	10.00	-15.51582	0	0.00	0.02065001	-1.750195	10.00	0.03193903
0.1533177	10.00	-15.49507	0	0.00	0.02074437	-1.849656	10.00	0.03198962
0.1533177	10.00	-15.47405	0	0.00	0.02102099	-1.949181	10.00	0.03202002
0.1533177	10.00	-15.45302	0	0.00	0.02103415	-2.046835	10.00	0.03205847
0.1533177	10.00	-15.43238	0	0.00	0.02063796	-2.145785	10.00	0.03211556
0.1533177	10.00	-15.41147	0	0.00	0.02091235	-2.244726	10.00	0.03218057
0.1533177	10.00	-15.38413	0	0.00	0.02733237	-2.342551	10.00	0.03224383
0.1533177	10.00	-15.35584	0	0.00	0.02829497	-2.440788	10.00	0.03228102
0.1533177	10.00	-15.31849	0	0.00	0.03734487	-2.540137	10.00	0.03231099
0.1533177	10.00	-15.27299	0	0.00	0.04550359	-2.639958	10.00	0.03232092
0.1533177	10.00	-15.22208	0	0.00	0.05090571	-2.737279	10.00	0.03233596
0.1533177	10.00	-15.16232	0	0.00	0.05976368	-2.834295	10.00	0.03238316
0.1533177	10.00	-15.0926	0	0.00	0.06972022	-2.933206	10.00	0.03243128
0.1533177	10.00	-15.00859	0	0.00	0.08400667	-3.032396	10.00	0.03248343
0.1533177	10.00	-14.91262	0	0.00	0.09597826	-3.134723	10.00	0.03254328
0.1533177	10.00	-14.78822	0	0.00	0.1243976	-3.233022	10.00	0.03261952
0.1533177	10.00	-14.65831	0	0.00	0.1299112	-3.331164	10.00	0.03262733
0.1533177	10.00	-14.52586	0	0.00	0.1324527	-3.423759	10.00	0.03259004
0.1533177	10.00	-14.40051	0	0.00	0.1253493	-3.521001	10.00	0.03252815
0.1626126	10.00	-14.26856	0.009294866	0.00	0.1319488	-3.617389	10.00	0.03248045
0.1794469	10.00	-14.13759	0.01683428	0.00	0.1309649	-3.715387	10.00	0.03240331
0.2004534	10.00	-14.00429	0.02100649	0.00	0.1332992	-3.812257	10.00	0.03228531
0.2212245	10.00	-13.87249	0.02077114	0.00	0.1318058	-3.909854	10.00	0.03216214
0.2421203	10.00	-13.73989	0.02089584	0.00	0.1325971	-4.006528	10.00	0.03207035
0.2627706	10.00	-13.60885	0.02065023	0.00	0.1310385	-4.106151	10.00	0.0319613
0.2840039	10.00	-13.47411	0.02123336	0.00	0.1347389	-4.203024	10.00	0.03183121
0.3046024	10.00	-13.3434	0.02059847	0.00	0.1307101	-4.300711	10.00	0.03168862
0.3265951	10.00	-13.21192	0.0219927	0.00	0.1314788	-4.399662	10.00	0.03155405
0.3488362	10.00	-13.07896	0.02224109	0.00	0.1329637	-4.497428	10.00	0.03143398
0.3745993	10.00	-12.94773	0.02576307	0.00	0.1312296	-4.595573	10.00	0.03137333
0.4004499	10.00	-12.81605	0.02585061	0.00	0.1316756	-4.696761	10.00	0.03136484
0.4297283	10.00	-12.68031	0.02927841	0.00	0.1357453	-4.793852	10.00	0.0313666
0.4653855	10.00	-12.55007	0.03565723	0.00	0.1302387	-4.892822	10.00	0.03136672
0.5030189	10.00	-12.41731	0.03763338	0.00	0.1327613	-4.989734	10.00	0.03135587
0.5398706	10.00	-12.28731	0.03685171	0.00	0.1300038	-5.088902	10.00	0.03134307
0.577579	10.00	-12.15428	0.03770842	0.00	0.133026	-5.186933	10.00	0.03133852
0.6148533	10.00	-12.02279	0.03727425	0.00	0.1314944	-5.286823	10.00	0.03132009
0.6541324	10.00	-11.88879	0.03927909	0.00	0.13399	-5.384064	10.00	0.03128311
0.6974195	10.00	-11.76089	0.04328718	0.00	0.127904	-5.483738	10.00	0.03123405
0.7443792	10.00	-11.63755	0.04695963	0.00	0.1233378	-5.581036	10.00	0.03118435
0.7902166	10.00	-11.51969	0.04583742	0.00	0.1178631	-5.681296	10.00	0.03111045
0.8374367	10.00	-11.39827	0.04722017	0.00	0.1214186	-5.779747	10.00	0.03103606
0.8876394	10.00	-11.28799	0.05020265	0.00	0.1102796	-5.876926	10.00	0.03096069
0.9371896	10.00	-11.18293	0.04955018	0.00	0.1050615	-5.976636	10.00	0.0309048
0.9880291	10.00	-11.07514	0.05083949	0.00	0.1077953	-6.075596	10.00	0.03085677
1.038488	10.00	-10.96815	0.05045889	0.00	0.1069883	-6.173526	10.00	0.03080739
1.08842	10.00	-10.86482	0.04993186	0.00	0.1033281	-6.272764	10.00	0.03075522
1.140308	10.00	-10.76526	0.05188774	0.00	0.09955617	-6.370998	10.00	0.03070151
1.191671	10.00	-10.66671	0.05136385	0.00	0.098551	-6.473091	10.00	0.03064349
1.245052	10.00	-10.56429	0.05338102	0.00	0.1024213	-6.582893	10.00	0.03057868
1.302464	10.00	-10.45414	0.0574115	0.00	0.1101545	-6.677364	10.00	0.03049217
1.35186	10.00	-10.35936	0.04939637	0.00	0.09477601	-6.768929	10.00	0.03040592
1.399737	10.00	-10.2675	0.04787714	0.00	0.09186109	-6.862924	10.00	0.03031497
1.448886	10.00	-10.1732	0.0491485	0.00	0.09430043	-6.961744	10.00	0.03021692
1.500558	10.00	-10.07405	0.05167244	0.00	0.09914308	-7.061189	10.00	0.03009467
1.552554	10.00	-9.974291	0.05199594	0.00	0.09976377	-7.158702	10.00	0.02996283
1.603543	10.00	-9.87646	0.05098846	0.00	0.09783074	-7.25889	10.00	0.02983756
1.655931	10.00	-9.775944	0.05238844	0.00	0.1005169	-7.355252	10.00	0.02972322
1.70632	10.00	-9.679264	0.05038839	0.00	0.0966794	-7.457384	10.00	0.02959872
1.759725	10.00	-9.576797	0.05340531	0.00	0.1024679	-7.553201	10.00	0.02947846
1.809829	10.00	-9.480663	0.05010354	0.00	0.09613284	-7.653031	10.00	0.02915987
1.862041	10.00	-9.380485	0.05221234	0.00	0.100179	-7.749389	10.00	0.02878947
1.912505	10.00	-9.283659	0.05046457	0.00	0.09682555	-7.848072	10.00	0.0283456
1.964216	10.00	-9.181875	0.05171053	0.00	0.101784	-7.947156	10.00	0.02787952
2.016206	10.00	-9.079541	0.05198987	0.00	0.1023339	-8.045754	10.00	0.0274428
2.068014	10.00	-8.977565	0.05180825	0.00	0.1019764	-8.143313	10.00	0.02708166
2.119283	10.00	-8.87665	0.0512689	0.00	0.1009148	-8.241002	10.00	0.02667602
2.170649	10.00	-8.775544	0.05136606	0.00	0.101106	-8.339545	10.00	0.02630283
2.222435	10.00	-8.673612	0.05178561	0.00	0.1019318	-8.438126	10.00	0.02596588
2.274199	10.00	-8.571723	0.05176408	0.00	0.1018894	-8.534903	10.00	0.02545694
2.324934	10.00	-8.471858	0.05073562	0.00	0.09986509	-8.634473	10.00	0.02495236
2.377143	10.00	-8.369093	0.05220848	0.00	0.1027642	-8.732483	10.00	0.02448207
2.428573	10.00	-8.267861	0.05143009	0.00	0.101232	-8.831298	10.00	0.02402915
2.48045	10.00	-8.16575	0.05187726	0.00	0.1021122	-8.928628	10.00	0.02356258
2.531554	10.00	-8.065158	0.05110439	0.00	0.100591	-9.027432	10.00	0.02312491
2.583449	10.00	-7.957857	0.05189491	0.00	0.107301	-9.125328	10.00	0.02270181
2.63486	10.00	-7.845175	0.05141077	0.00	0.1126824	-9.224695	10.00	0.02228761
2.687055	10.00	-7.725589	0.05219523	0.00	0.1195857	-9.321419	10.00	0.02188709
2.737866	10.00	-7.605391	0.0508107	0.00	0.1201984	-9.420156	10.00	0.02148935
2.787134	10.00	-7.473742	0.04926752	0.00	0.1316482	-9.51758	10.00	0.02109612
2.831942	10.00	-7.342556	0.0448083	0.00	0.1311858	-9.616717	10.00	0.02069259
2.876273	10.00	-7.208982	0.04433108	0.00	0.1335753	-9.714408	10.00	0.02029797
2.919941	10.00	-7.077405	0.04366772	0.00	0.1315765	-9.813838	10.00	0.01986849
2.96184	10.00	-6.943333	0.04189957	0.00	0.1340721	-9.910831	10.00	0.0194503
3.002682	10.00	-6.812647	0.04084137	0.00	0.1306861	-10.00856	10.00	0.01903907
3.043813	10.00	-6.681032	0.04113158	0.00	0.1316147	-10.10627	10.00	0.01862128
3.084929	10.00	-6.549469	0.04111566	0.00	0.1315637	-10.20415	10.00	0.0181657
3.126098	10.00	-6.417735	0.04116874	0.00	0.1317336	-10.30187	10.00	0.01770672
3.163346	10.00	-6.286333	0.03724816	0.00	0.1314023	-10.40047	10.00	0.01720967
3.198347	10.00	-6.153805	0.03500066	0.00	0.1325277	-10.49921	10.00	0.01670937
3.229535	10.00	-6.021116	0.03118885	0.00	0.1326891	-10.59727	10.00	0.01622516
3.249016	10.00	-5.889406	0.01948064	0.00	0.1317095	-10.6955	10.00	0.01578963
3.262135	10.00	-5.757545	0.01311907	0.00	0.131861	-10.79571	10.00	0.01538265
3.262493	10.00	-5.623058	0.0003581118	0.00	0.1344869	-10.89357	10.00	0.01500484
3.262493	10.00	-5.491762	0	0.00	0.1312962	-10.99146	10.00	0.014631
3.262493	10.00	-5.360399	0	0.00	0.1313627	-11.08958	10.00	0.01425943
3.262493	10.00	-5.228748	0	0.00	0.1316515	-11.18833	10.00	0.01388749
3.262493	10.00	-5.096249	0	0.00	0.1324994	-11.28653	10.00	0.01352001
3.262493	10.00	-4.964491	0	0.00	0.1317577	-11.38593	10.00	0.01315033
3.262493	10.00	-4.831112	0	0.00	0.1333785	-11.48456	10.00	0.01278258
3.262493	10.00	-4.698787	0	0.00	0.1323253	-11.58364	10.00	0.01239639
3.262493	10.00	-4.565837	0	0.00	0.1329496	-11.68056	10.00	0.01203052
3.262493	10.00	-4.435791	0	0.00	0.1300462	-11.78206	10.00	0.0116397
3.262493	10.00	-4.29959	0	0.00	0.1362011	-11.87902	10.00	0.01128121
3.262493	10.00	-4.169486	0	0.00	0.1301043	-11.9779	10.00	0.01091941
3.262493	10.00	-4.036814	0	0.00	0.1326721	-12.07586	10.00	0.01055808
3.262493	10.00	-3.905376	0	0.00	0.1314377	-12.17463	10.00	0.01019218
3.262493	10.00	-3.772799	0	0.00	0.1325773	-12.27267	10.00	0.009826017
3.262493	10.00	-3.641156	0	0.00	0.131643	-12.37141	10.00	0.009478233
3.262493	10.00	-3.508466	0	0.00	0.1326891	-12.46932	10.00	0.009123934
3.262493	10.00	-3.376822	0	0.00	0.1316444	-12.56815	10.00	0.008743792
3.262493	10.00	-3.243834	0	0.00	0.1329878	-12.66559	10.00	0.008371299
3.262493	10.00	-3.112636	0	0.00	0.1311985	-12.764	10.00	0.00798717
3.262493	10.00	-2.980011	0	0.00	0.1326254	-12.86205	10.00	0.007634464
3.262493	10.00	-2.847824	0	0.00	0.1321866	-12.9605	10.00	0.007326466
3.262493	10.00	-2.71492	0	0.00	0.1329043	-13.05844	10.00	0.007045282
3.262493	10.00	-2.582696	0	0.00	0.1322234	-13.15707	10.00	0.006722698
3.262493	10.00	-2.449704	0	0.00	0.132992	-13.25274	10.00	0.00641998
3.262493	10.00	-2.320793	0	0.00	0.1289109	-13.35117	10.00	0.006114746
3.262493	10.00	-2.1882	0	0.00	0.1325928	-13.44888	10.00	0.005815105
3.262493	10.00	-2.056661	0	0.00	0.1315397	-13.54763	10.00	0.005504023
3.262493	10.00	-1.923752	0	0.00	0.1329085	-13.64573	10.00	0.005196288
3.262493	10.00	-1.791792	0	0.00	0.1319601	-13.74521	10.00	0.004915635
3.262493	10.00	-1.658016	0	0.00	0.1337763	-13.84313	10.00	0.004645237
3.262493	10.00	-1.526444	0	0.00	0.1315722	-13.94265	10.00	0.004339929
3.262493	10.00	-1.392748	0	0.00	0.1336956	-14.03989	10.00	0.0040314
3.259616	10.00	-1.262119	-0.00287758	0.00	0.1306294	-14.13906	10.00	0.003748687
3.251518	10.00	-1.128846	-0.008097641	0.00	0.1332723	-14.23667	10.00	0.003481435
3.213063	10.00	-0.9976676	-0.03845494	0.00	0.1311787	-14.33583	10.00	0.003221967
3.152037	10.00	-0.8643528	-0.06102597	0.00	0.1333148	-14.43361	10.00	0.002961263
3.085495	10.00	-0.7328925	-0.06654169	0.00	0.1314604	-14.53223	10.00	0.002693188
3.018383	10.00	-0.6003053	-0.06711204	0.00	0.1325872	-14.63007	10.00	0.002432256
2.949243	10.00	-0.4687444	-0.06914033	0.00	0.1315609	-14.72908	10.00	0.002166466
2.867617	10.00	-0.3355174	-0.08162615	0.00	0.133227	-14.82663	10.00	0.001910352
2.783373	10.00	-0.2042424	-0.08424349	0.00	0.1312749	-14.92537	10.00	0.001702349
2.695457	10.00	-0.07125746	-0.08791623	0.00	0.132985	-15.0227	10.00	0.001532667
2.601099	10.00	0.05994245	-0.0943585	0.00	0.1311999	-15.12127	10.00	0.001357556
2.497728	10.00	0.1929303	-0.1033706	0.00	0.1329878	-15.21852	10.00	0.001216185
2.395637	10.00	0.3242717	-0.1020909	0.00	0.1313415	-15.31593	10.00	0.001121172
2.293284	10.00	0.4559501	-0.1023528	0.00	0.1316784	-15.41314	10.00	0.001021812
2.187274	10.00	0.5874204	-0.1060101	0.00	0.1314703	-15.51128	10.00	0.000933286
2.078856	10.00	0.7202822	-0.1084186	0.00	0.1328618	-15.60938	10.00	0.0008474195
1.970401	10.00	0.8531879	-0.1084544	0.00	0.1329057	-15.70712	10.00	0.000761588
1.862162	10.00	0.9858303	-0.1082395	0.00	0.1326424	-15.8041	10.00	0.0007005612
1.754677	10.00	1.117548	-0.1074852	0.00	0.131718	-15.90225	10.00	0.0006446557
1.645806	10.00	1.250964	-0.1088702	0.00	0.1334153	-15.99838	10.00	2.751284E-05
1.539345	10.00	1.381427	-0.1064618	0.00	0.1304638	-16.09603	10.00	-0.00027487
1.430973	10.00	1.514231	-0.1083712	0.00	0.1328038	-16.19289	10.00	-0.0005836454
1.323295	10.00	1.646186	-0.1076781	0.00	0.1319544	-16.2907	10.00	-0.0007789158
1.220738	10.00	1.779792	-0.1025577	0.00	0.1336064	-16.38675	10.00	-0.0009423257
1.135206	10.00	1.911092	-0.08553121	0.00	0.1313004	-16.48348	10.00	-0.001087863
1.056658	10.00	2.04348	-0.07854805	0.00	0.1323876	-16.57975	10.00	-0.00126648
0.9847812	10.00	2.175388	-0.07187708	0.00	0.1319077	-16.67531	10.00	-0.001491329
0.9173456	10.00	2.306113	-0.0674356	0.00	0.1307257	-16.77142	10.00	-0.001715409
0.8545092	10.00	2.437812	-0.0628364	0.00	0.1316982	-16.86794	10.00	-0.00200932
0.7964565	10.00	2.570233	-0.05805264	0.00	0.1324216	-16.96395	10.00	-0.002131148
0.7514432	10.00	2.702019	-0.04501331	0.00	0.131786	-17.06122	10.00	-0.001868687
0.7212642	10.00	2.835928	-0.03017903	0.00	0.1339093	-17.15629	10.00	-0.001634735
0.7212642	10.00	2.967457	0	0.00	0.1315283	-17.2519	10.00	-0.001358409
0.7212642	10.00	3.100566	0	0.00	0.1331095	-17.34573	10.00	-0.001009367
0.7212642	10.00	3.232212	0	0.00	0.1316458	-17.43844	10.00	-0.000779871
0.7212642	10.00	3.36361	0	0.00	0.1313981	-17.53109	10.00	-0.0005189935
0.7212642	10.00	3.496655	0	0.00	0.1330444	-17.62107	10.00	-0.00039704
0.7212642	10.00	3.627917	0	0.00	0.1312622	-17.70971	10.00	-0.0004619566
0.7212642	10.00	3.759691	0	0.00	0.1317746	-17.79843	10.00	-0.0002084341
0.7212642	10.00	3.89398	0	0.00	0.1342887	-17.88363	10.00	0.0001372709
0.7212642	10.00	4.025739	0	0.00	0.1317591	-17.96631	10.00	0.0003618214
0.7212642	10.00	4.156758	0	0.00	0.1310187	-18.04684	10.00	0.0005480745
0.7212642	10.00	4.288435	0	0.00	0.131677	-18.12527	10.00	0.0008610392
0.7212642	10.00	4.421343	0	0.00	0.1329085	-18.20074	10.00	0.001099553
0.7212642	10.00	4.554112	0	0.00	0.1327684	-18.27284	10.00	0.001217966
0.7212642	10.00	4.685541	0	0.00	0.1314292	-18.34233	10.00	0.001000269
0.7212642	10.00	4.817865	0	0.00	0.1323239	-18.40964	10.00	0.000626887
0.7212642	10.00	4.951256	0	0.00	0.1333912	-18.47264	10.00	4.343242E-05
0.7212642	10.00	5.081601	0	0.00	0.1303449	-18.53407	10.00	-0.0005790609
0.7212642	10.00	5.215862	0	0.00	0.1342604	-18.59151	10.00	-0.001482847
0.7212642	10.00	5.347224	0	0.00	0.1313627	-18.64705	10.00	-0.00269379
0.7212642	10.00	5.480123	0	0.00	0.1328986	-18.70017	10.00	-0.004152189
0.7212642	10.00	5.611678	0	0.00	0.1315552	-18.75136	10.00	-0.005720439
0.7212642	10.00	5.744547	0	0.00	0.1328689	-18.79968	10.00	-0.006660205
0.7212642	10.00	5.876071	0	0.00	0.1315241	-18.84648	10.00	-0.007228678
0.7212642	10.00	6.008832	0	0.00	0.1327613	-18.89185	10.00	-0.007420096
0.7212642	10.00	6.142048	0	0.00	0.1332157	-18.9351	10.00	-0.007640854
0.7212642	10.00	6.274362	0	0.00	0.132314	-18.97667	10.00	-0.007898555
0.7212642	10.00	6.405686	0	0.00	0.1313245	-19.01609	10.00	-0.008500401
0.7212642	10.00	6.535895	0	0.00	0.130209	-19.0542	10.00	-0.009215252
0.7212642	10.00	6.667706	0	0.00	0.13181	-19.09115	10.00	-0.01008238
0.7212642	10.00	6.800406	0	0.00	0.1327004	-19.12686	10.00	-0.01071365
0.7212642	10.00	6.933615	0	0.00	0.1332086	-19.15991	10.00	-0.01044477
0.7212642	10.00	7.064987	0	0.00	0.1313726	-19.19135	10.00	-0.01015108
0.7212642	10.00	7.196247	0	0.00	0.1312594	-19.22248	10.00	-0.01030114
0.7212642	10.00	7.329171	0	0.00	0.1329241	-19.25217	10.00	-0.009971652
0.7212642	10.00	7.462364	0	0.00	0.133193	-19.28018	10.00	-0.009993851
0.7212642	10.00	7.593547	0	0.00	0.1311829	-19.30706	10.00	-0.01040282
0.7212642	10.00	7.725221	0	0.00	0.1316741	-19.33363	10.00	-0.01114518
0.7212642	10.00	7.859467	0	0.00	0.1342462	-19.35877	10.00	-0.01201054
0.7212642	10.00	7.990912	0	0.00	0.1314448	-19.38413	10.00	-0.01311622
0.7212642	10.00	8.125007	0	0.00	0.1340948	-19.40799	10.00	-0.01414729
0.7212642	10.00	8.255455	0	0.00	0.1304483	-19.43147	10.00	-0.01526783
0.7212642	10.00	8.388181	0	0.00	0.1327259	-19.45414	10.00	-0.01652545
0.7212642	10.00	8.519477	0	0.00	0.1312962	-19.4765	10.00	-0.01766203
0.7212642	10.00	8.653082	0	0.00	0.133605	-19.49797	10.00	-0.0185741
0.7212642	10.00	8.784132	0	0.00	0.1310499	-19.5193	10.00	-0.01930994
0.7212642	10.00	8.917408	0	0.00	0.1332766	-19.53978	10.00	-0.0204393
0.7212642	10.00	9.047186	0	0.00	0.1297773	-19.56016	10.00	-0.02140463
0.7212642	10.00	9.181674	0	0.00	0.1344883	-19.57902	10.00	-0.02208658
0.7212642	10.00	9.311217	0	0.00	0.1295437	-19.59785	10.00	-0.02252481
0.7212642	10.00	9.444064	0	0.00	0.1328462	-19.61598	10.00	-0.02267534
0.7212642	10.00	9.577194	0	0.00	0.1331308	-19.63353	10.00	-0.02266887
0.7212642	10.00	9.710299	0	0.00	0.1331039	-19.65025	10.00	-0.02266388
0.7212642	10.00	9.841519	0	0.00	0.1312211	-19.66656	10.00	-0.02274311
0.7212642	10.00	9.974659	0	0.00	0.1331393	-19.68207	10.00	-0.02256701
0.7212642	10.00	10.106	0	0.00	0.1313358	-19.69733	10.00	-0.02256758
0.7212642	10.00	10.23873	0	0.00	0.1327386	-19.71188	10.00	-0.02258228
0.7212642	10.00	10.37012	0	0.00	0.1313854	-19.72588	10.00	-0.02233869
0.7212642	10.00	10.50354	0	0.00	0.1334238	-19.73909	10.00	-0.02224872
0.7212642	10.00	10.63479	0	0.00	0.131248	-19.75214	10.00	-0.02182155
0.7212642	10.00	10.76843	0	0.00	0.1336375	-19.76445	10.00	-0.0214295
0.7212642	10.00	10.89889	0	0.00	0.1304652	-19.77656	10.00	-0.02086058
0.7212642	10.00	11.03196	0	0.00	0.1330656	-19.78824	10.00	-0.02026262
0.7212642	10.00	11.16384	0	0.00	0.1318836	-19.79933	10.00	-0.01951011
0.7212642	10.00	11.29606	0	0.00	0.1322163	-19.80982	10.00	-0.0184802
0.7212642	10.00	11.42629	0	0.00	0.1302345	-19.82025	10.00	-0.01754016
0.7212642	10.00	11.55916	0	0.00	0.1328703	-19.83021	10.00	-0.01661645
0.7212642	10.00	11.69254	0	0.00	0.1333785	-19.83977	10.00	-0.01553009
0.7212642	10.00	11.82512	0	0.00	0.1325787	-19.84914	10.00	-0.0147532
0.7212642	10.00	11.95643	0	0.00	0.1313075	-19.85814	10.00	-0.01393775
0.7212642	10.00	12.08925	0	0.00	0.1328236	-19.8668	10.00	-0.01312605
0.7212642	10.00	12.22089	0	0.00	0.1316373	-19.87491	10.00	-0.01231779
0.7212642	10.00	12.35341	0	0.00	0.1325192	-19.88296	10.00	-0.01153924
0.7212642	10.00	12.48527	0	0.00	0.1318652	-19.89052	10.00	-0.01088098
0.7212642	10.00	12.61796	0	0.00	0.1326905	-19.89748	10.00	-0.01012614
0.7212642	10.00	12.74837	0	0.00	0.1304015	-19.90419	10.00	-0.00919751
0.7212642	10.00	12.8815	0	0.00	0.133135	-19.91038	10.00	-0.008333541
0.7212642	10.00	13.01255	0	0.00	0.1310485	-19.91642	10.00	-0.007609497
0.7212642	10.00	13.14558	0	0.00	0.133026	-19.9221	10.00	-0.00670703
0.7212642	10.00	13.27808	0	0.00	0.1325065	-19.9275	10.00	-0.005780373
0.7212642	10.00	13.41124	0	0.00	0.1331591	-19.93256	10.00	-0.005005483
0.7212642	10.00	13.54276	0	0.00	0.1315142	-19.93747	10.00	-0.004205969
0.7212642	10.00	13.67652	0	0.00	0.1337649	-19.94212	10.00	-0.003512137
0.7212642	10.00	13.80686	0	0.00	0.1303421	-19.94653	10.00	-0.00284521
0.7212642	10.00	13.9402	0	0.00	0.1333417	-19.95067	10.00	-0.002173522
0.7212642	10.00	14.07135	0	0.00	0.1311447	-19.95474	10.00	-0.00173341
0.7212642	10.00	14.2037	0	0.00	0.1323564	-19.95865	10.00	-0.001482991
0.7212642	10.00	14.33599	0	0.00	0.1322828	-19.96229	10.00	-0.001158186
0.7212642	10.00	14.4674	0	0.00	0.1314137	-19.96581	10.00	-0.0007796068
0.7212642	10.00	14.60007	0	0.00	0.1326693	-19.969	10.00	-0.0004039436
0.7212642	10.00	14.73135	0	0.00	0.131282	-19.97205	10.00	-0.0001191657
0.7212642	10.00	14.86458	0	0.00	0.1332299	-19.97489	10.00	2.58486E-05
0.7212642	10.00	15.00151	0	0.00	0.1369259	-19.97732	10.00	0.000155319
0.7212642	10.00	15.12979	0	0.00	0.128281	-19.9796	10.00	0.0001659686
0.7212642	10.00	15.26278	0	0.00	0.132992	-19.98172	10.00	0.0001192335
0.7212642	10.00	15.39304	0	0.00	0.13026	-19.98368	10.00	4.581403E-05
0.7212642	10.00	15.52492	0	0.00	0.1318794	-19.98532	10.00	-8.057141E-06
0.7212642	10.00	15.65613	0	0.00	0.1312141	-19.98679	10.00	-3.34713E-05
0.7212642	10.00	15.79032	0	0.00	0.134184	-19.98813	10.00	-4.851784E-05
0.7212642	10.00	15.9219	0	0.00	0.1315793	-19.9894	10.00	-2.883167E-05
0.7212642	10.00	16.05313	0	0.00	0.1312339	-19.99047	10.00	-6.817906E-05
0.7212642	10.00	16.18511	0	0.00	0.1319827	-19.99142	10.00	-0.0001196259
0.7212642	10.00	16.31957	0	0.00	0.1344557	-19.99236	10.00	-8.895099E-05
0.7212642	10.00	16.45052	0	0.00	0.1309522	-19.99334	10.00	-4.847274E-05
0.7212642	10.00	16.58234	0	0.00	0.1318157	-19.99414	10.00	-3.662502E-05
0.7212642	10.00	16.71346	0	0.00	0.1311235	-19.99483	10.00	-5.285715E-05
0.7212642	10.00	16.84617	0	0.00	0.1327103	-19.99547	10.00	-6.342629E-05
0.7212642	10.00	16.97944	0	0.00	0.1332652	-19.99598	10.00	-9.80628E-05
0.7212642	10.00	17.11214	0	0.00	0.132699	-19.99656	10.00	-0.0001137307
0.7212642	10.00	17.24377	0	0.00	0.1316388	-19.99701	10.00	-0.0001209901
0.7212642	10.00	17.37729	0	0.00	0.1335144	-19.9975	10.00	-5.587264E-05
0.7212642	10.00	17.50786	0	0.00	0.1305686	-19.99784	10.00	-4.564636E-05
0.7212642	10.00	17.64187	0	0.00	0.1340155	-19.9981	10.00	-8.646005E-05
0.7212642	10.00	17.77259	0	0.00	0.1307158	-19.9984	10.00	-5.492061E-05
0.7212642	10.00	17.90538	0	0.00	0.1327939	-19.99875	10.00	-2.244239E-05
0.7212642	10.00	18.03718	0	0.00	0.1317987	-19.99896	10.00	1.394079E-05
0.7212642	10.00	18.16909	0	0.00	0.1319091	-19.9991	10.00	-1.687294E-05
0.7212642	10.00	18.30152	0	0.00	0.13243	-19.99919	10.00	-1.93592E-05
0.7212642	10.00	18.43427	0	0.00	0.1327471	-19.99939	10.00	2.24164E-05
0.7212642	10.00	18.56558	0	0.00	0.1313132	-19.99947	10.00	2.669618E-05
0.7212642	10.00	18.69883	0	0.00	0.1332468	-19.99953	10.00	-9.1335E-06
0.7212642	10.00	18.82999	0	0.00	0.1311589	-19.99963	10.00	-1.36681E-05
0.7212642	10.00	18.96297	0	0.00	0.1329821	-19.9997	10.00	2.251651E-05
0.7212642	10.00	19.09436	0	0.00	0.1313882	-19.99973	10.00	2.492558E-05
0.7212642	10.00	19.22755	0	0.00	0.1331888	-19.99979	10.00	-1.072147E-05
0.7212642	10.00	19.35958	0	0.00	0.1320337	-19.9998	10.00	-1.530984E-05
0.7212642	10.00	19.49275	0	0.00	0.1331718	-19.99983	10.00	1.960166E-05
0.7212642	10.00	19.62257	0	0.00	0.1298169	-19.99984	10.00	2.271839E-05
0.7212642	10.00	19.754	0	0.00	0.1314307	-19.99987	10.00	-1.12101E-05
0.7212642	10.00	19.88596	0	0.00	0.1319587	-19.99987	10.00	-1.653527E-05
0.7212642	10.00	20.02037	0	0.00	0.1344076	-19.99989	10.00	1.784952E-05
0.7212642	10.00	20.15037	0	0.00	0.1300023	-19.99989	10.00	2.213783E-05
0.7212642	10.00	20.28467	0	0.00	0.1342972	-19.99991	10.00	-1.139528E-05
0.7212642	10.00	20.41634	0	0.00	0.1316727	-19.9999	10.00	-1.740146E-05
0.7212642	10.00	20.54716	0	0.00	0.1308177	-19.99991	10.00	1.592396E-05
0.7212642	10.00	20.68017	0	0.00	0.1330147	-19.9999	10.00	2.077985E-05
0.7212642	10.00	20.81175	0	0.00	0.1315779	-19.9999	10.00	2.053595E-05
0.7212642	10.00	20.9444	0	0.00	0.1326509	-19.99994	10.00	2.022064E-05
0.7212642	10.00	21.0759	0	0.00	0.1314986	-19.99993	10.00	1.383943E-05
0.7212642	10.00	21.20934	0	0.00	0.1334394	-19.99993	10.00	1.36408E-05
0.7212642	10.00	21.34061	0	0.00	0.1312749	-19.99997	10.00	1.361981E-05
0.7212642	10.00	21.47262	0	0.00	0.1320082	-19.99996	10.00	8.134552E-06
0.7212642	10.00	21.60461	0	0.00	0.1319926	-19.99996	10.00	7.747301E-06
0.7212642	10.00	21.7373	0	0.00	0.1326905	-19.99998	10.00	-3.080894E-05
0.7212642	10.00	21.86914	0	0.00	0.1318341	-19.99996	10.00	-3.46138E-05
0.7212642	10.00	22.00078	0	0.00	0.131643	-19.99995	10.00	-3.254912E-05
0.7212642	10.00	22.13345	0	0.00	0.1326679	-19.99995	10.00	-3.246065E-05
0.7212642	10.00	22.26522	0	0.00	0.1317732	-19.99995	10.00	1.19449E-05
0.7212642	10.00	22.3978	0	0.00	0.1325759	-19.99993	10.00	2.69333E-05
0.7212642	10.00	22.53078	0	0.00	0.1329864	-19.99992	10.00	2.462608E-05
0.7212642	10.00	22.66219	0	0.00	0.1314052	-19.99991	10.00	2.380143E-05
0.7212642	10.00	22.79415	0	0.00	0.1319558	-19.99995	10.00	2.286354E-05
0.7212642	10.00	22.92679	0	0.00	0.1326438	-19.99994	10.00	1.513149E-05
0.7212642	10.00	23.05885	0	0.00	0.132062	-19.99994	10.00	1.453939E-05
0.7212642	10.00	23.19111	0	0.00	0.1322644	-19.99998	10.00	1.401351E-05
0.7212642	10.00	23.32281	0	0.00	0.1316911	-19.99996	10.00	7.908186E-06
0.7212642	10.00	23.45533	0	0.00	0.1325192	-19.99996	10.00	7.346821E-06
0.7212642	10.00	23.58863	0	0.00	0.1333035	-20	10.00	0
0.7212642	10.00	23.72358	0	0.00	0.1349484	-20	10.00	0
0.7212642	10.00	23.85428	0	0.00	0.130703	-20	10.00	0
0.7212642	10.00	23.98503	0	0.00	0.1307512	-20	10.00	0
0.7212642	10.00	24.11571	0	0.00	0.1306776	-20	10.00	0
0.7212642	10.00	24.24841	0	0.00	0.1327033	-20	10.00	0
0.7212642	10.00	24.38048	0	0.00	0.1320677	-20	10.00	0
0.7212642	10.00	24.51496	0	0.00	0.1344756	-20	10.00	0
0.7212642	10.00	24.64458	0	0.00	0.129623	-20	10.00	0
0.7212642	10.00	24.77719	0	0.00	0.1326169	-20	10.00	0
0.7212642	10.00	24.90899	0	0.00	0.131793	-20	10.00	0
0.7212642	10.00	25.04143	0	0.00	0.1324414	-20	10.00	0
0.7212642	10.00	25.17447	0	0.00	0.1330387	-20	10.00	0
0.7212642	10.00	25.3074	0	0.00	0.1329354	-20	10.00	0
0.7212642	10.00	25.43995	0	0.00	0.1325461	-20	10.00	0
0.7212642	10.00	25.57212	0	0.00	0.1321753	-20	10.00	0
0.7212642	10.00	25.70201	0	0.00	0.129882	-20	10.00	0
0.7212642	10.00	25.83445	0	0.00	0.1324456	-20	10.00	0
0.7212642	10.00	25.96631	0	0.00	0.1318596	-20	10.00	0
0.7212642	10.00	26.10032	0	0.00	0.1340113	-20	10.00	0
0.7212642	10.00	26.23265	0	0.00	0.1323211	-20	10.00	0
0.7212642	10.00	26.36523	0	0.00	0.1325829	-20	10.00	0
0.7212642	10.00	26.49687	0	0.00	0.1316458	-20	10.00	0
0.7212642	10.00	26.62925	0	0.00	0.1323763	-20	10.00	0
26.17365
