0.00272452	10.00	-49.93418	0.00272452	0.00	0.06581867	-28.28	10.00	-28.28
0.008320639	10.00	-49.79899	0.005596119	0.00	0.1351904	-28.27768	10.00	-28.2778
0.01027871	10.00	-49.75169	0.001958073	0.00	0.04730292	-28.27202	10.00	-28.2724
0.01382904	10.00	-49.66592	0.003550326	0.00	0.08576839	-28.26594	10.00	-28.26658
0.0164264	10.00	-49.60317	0.002597365	0.00	0.06274686	-28.25816	10.00	-28.25899
0.01914676	10.00	-49.53745	0.00272036	0.00	0.06571816	-28.24875	10.00	-28.24976
0.02189771	10.00	-49.471	0.002750948	0.00	0.06645709	-28.23792	10.00	-28.23911
0.02461297	10.00	-49.4054	0.002715262	0.00	0.065595	-28.22544	10.00	-28.22679
0.02736117	10.00	-49.33901	0.002748193	0.00	0.06639056	-28.21153	10.00	-28.21303
0.03008182	10.00	-49.27328	0.002720653	0.00	0.06572524	-28.19587	10.00	-28.19751
0.03284372	10.00	-49.20657	0.002761905	0.00	0.0667218	-28.17892	10.00	-28.18069
0.03556285	10.00	-49.14088	0.002719129	0.00	0.06568843	-28.16034	10.00	-28.16223
0.03829669	10.00	-49.07483	0.002733837	0.00	0.06604374	-28.14021	10.00	-28.1422
0.04103217	10.00	-49.00875	0.002735478	0.00	0.06608338	-28.11843	10.00	-28.12052
0.04378241	10.00	-48.94231	0.002750244	0.00	0.06644011	-28.09537	10.00	-28.09754
0.04650002	10.00	-48.87666	0.002717606	0.00	0.06565163	-28.07033	10.00	-28.07257
0.04926837	10.00	-48.80978	0.002768351	0.00	0.06687751	-28.04418	10.00	-28.04649
0.05198891	10.00	-48.74406	0.002720536	0.00	0.06572241	-28.01649	10.00	-28.01885
0.05471009	10.00	-48.67832	0.00272118	0.00	0.06573798	-27.98705	10.00	-27.98945
0.05745342	10.00	-48.61205	0.00274333	0.00	0.06627306	-27.95607	10.00	-27.95849
0.05891329	10.00	-48.54578	0.00145987	0.00	0.06627165	-27.92344	10.00	-27.92588
0.05891329	10.00	-48.47933	0	0.00	0.06644718	-27.88973	10.00	-27.89218
0.05891329	10.00	-48.4322	0	0.00	0.04712987	-27.85451	10.00	-27.85695
0.05891329	10.00	-48.39665	0	0.00	0.03555108	-27.81962	10.00	-27.82206
0.05891329	10.00	-48.38118	0	0.00	0.01546516	-27.78468	10.00	-27.78712
0.05891329	10.00	-48.38118	0	0.00	0	-27.74952	10.00	-27.75195
0.05891329	10.00	-48.38118	0	0.00	0	-27.71455	10.00	-27.71698
0.05891329	10.00	-48.38118	0	0.00	0	-27.67958	10.00	-27.68201
0.05891329	10.00	-48.38118	0	0.00	0	-27.64445	10.00	-27.64688
0.05891329	10.00	-48.38118	0	0.00	0	-27.60946	10.00	-27.61189
0.05891329	10.00	-48.38118	0	0.00	0	-27.57432	10.00	-27.57675
0.05891329	10.00	-48.38118	0	0.00	0	-27.53938	10.00	-27.5418
0.05891329	10.00	-48.38118	0	0.00	0	-27.50423	10.00	-27.50665
0.05891329	10.00	-48.38118	0	0.00	0	-27.4691	10.00	-27.47153
0.05891329	10.00	-48.38118	0	0.00	0	-27.43419	10.00	-27.43661
0.05891329	10.00	-48.38118	0	0.00	0	-27.39882	10.00	-27.40124
0.05891329	10.00	-48.38118	0	0.00	0	-27.36397	10.00	-27.36639
0.05891329	10.00	-48.38118	0	0.00	0	-27.32892	10.00	-27.33133
0.05891329	10.00	-48.38118	0	0.00	0	-27.29395	10.00	-27.29636
0.05891329	10.00	-48.38118	0	0.00	0	-27.25827	10.00	-27.26068
0.05891329	10.00	-48.38118	0	0.00	0	-27.22345	10.00	-27.22586
0.05891329	10.00	-48.38118	0	0.00	0	-27.18873	10.00	-27.19113
0.05891329	10.00	-48.38118	0	0.00	0	-27.14133	10.00	-27.14373
0.05891329	10.00	-48.38118	0	0.00	0	-27.08343	10.00	-27.08583
0.05891329	10.00	-48.38118	0	0.00	0	-27.0484	10.00	-27.05079
0.05891329	10.00	-48.38118	0	0.00	0	-27.01316	10.00	-27.01555
0.05891329	10.00	-48.38118	0	0.00	0	-26.97817	10.00	-26.98056
0.05891329	10.00	-48.38118	0	0.00	0	-26.94324	10.00	-26.94563
0.05891329	10.00	-48.37144	0	0.00	0.009741473	-26.90808	10.00	-26.91047
0.05891329	10.00	-48.35393	0	0.00	0.01750837	-26.87348	10.00	-26.87586
0.05891329	10.00	-48.31647	0	0.00	0.03745509	-26.83842	10.00	-26.8408
0.05891329	10.00	-48.25805	0	0.00	0.05842737	-26.80328	10.00	-26.80567
0.05891329	10.00	-48.19564	0	0.00	0.06240811	-26.76824	10.00	-26.77061
0.05891329	10.00	-48.1302	0	0.00	0.0654449	-26.73313	10.00	-26.73551
0.05891329	10.00	-48.064	0	0.00	0.06620229	-26.698	10.00	-26.70038
0.05891329	10.00	-47.99775	0	0.00	0.06623909	-26.66312	10.00	-26.66549
0.05891329	10.00	-47.93198	0	0.00	0.0657762	-26.62761	10.00	-26.62998
0.05891329	10.00	-47.86503	0	0.00	0.06694688	-26.593	10.00	-26.59538
0.05891329	10.00	-47.79977	0	0.00	0.06526659	-26.55788	10.00	-26.56025
0.05891329	10.00	-47.73354	0	0.00	0.06622776	-26.52293	10.00	-26.5253
0.05891329	10.00	-47.66762	0	0.00	0.06591634	-26.48757	10.00	-26.48993
0.05891329	10.00	-47.60095	0	0.00	0.06667367	-26.45275	10.00	-26.45512
0.05891329	10.00	-47.53531	0	0.00	0.06564313	-26.41754	10.00	-26.4199
0.05891329	10.00	-47.4689	0	0.00	0.06640047	-26.38251	10.00	-26.38486
0.05891329	10.00	-47.40284	0	0.00	0.06606639	-26.34588	10.00	-26.34824
0.05891329	10.00	-47.33377	0	0.00	0.069066	-26.31255	10.00	-26.31491
0.05891329	10.00	-47.27093	0	0.00	0.06284312	-26.27737	10.00	-26.27972
0.05891329	10.00	-47.20457	0	0.00	0.06635658	-26.23717	10.00	-26.23952
0.05891329	10.00	-47.12878	0	0.00	0.0757914	-26.17153	10.00	-26.17388
0.05891329	10.00	-47.005	0	0.00	0.1237795	-26.13696	10.00	-26.1393
0.05891329	10.00	-46.9398	0	0.00	0.06519723	-26.10214	10.00	-26.10448
0.05891329	10.00	-46.87416	0	0.00	0.06564313	-26.06722	10.00	-26.06956
0.05891329	10.00	-46.80831	0	0.00	0.06585123	-26.03208	10.00	-26.03441
0.05891329	10.00	-46.74204	0	0.00	0.06626882	-25.99732	10.00	-25.99965
0.05891329	10.00	-46.6765	0	0.00	0.06554122	-25.96211	10.00	-25.96444
0.05891329	10.00	-46.61009	0	0.00	0.06640613	-25.92657	10.00	-25.9289
0.05891329	10.00	-46.54309	0	0.00	0.06700775	-25.89182	10.00	-25.89415
0.05891329	10.00	-46.47757	0	0.00	0.0655214	-25.857	10.00	-25.85933
0.05891329	10.00	-46.4119	0	0.00	0.06566012	-25.82179	10.00	-25.82411
0.05891329	10.00	-46.34549	0	0.00	0.06640896	-25.78669	10.00	-25.78901
0.05891329	10.00	-46.27932	0	0.00	0.06617256	-25.75178	10.00	-25.7541
0.05891329	10.00	-46.21349	0	0.00	0.06583565	-25.71651	10.00	-25.71882
0.05891329	10.00	-46.14697	0	0.00	0.06651796	-25.68153	10.00	-25.68384
0.05891329	10.00	-46.08101	0	0.00	0.06595597	-25.64651	10.00	-25.64882
0.05891329	10.00	-46.01499	0	0.00	0.06602392	-25.61148	10.00	-25.61379
0.05891329	10.00	-45.94893	0	0.00	0.0660579	-25.5764	10.00	-25.57871
0.05891329	10.00	-45.88277	0	0.00	0.06615699	-25.54132	10.00	-25.54362
0.05891329	10.00	-45.81663	0	0.00	0.06614708	-25.50647	10.00	-25.50878
0.05891329	10.00	-45.75092	0	0.00	0.065704	-25.47155	10.00	-25.47385
0.05891329	10.00	-45.68506	0	0.00	0.06586255	-25.4357	10.00	-25.438
0.05891329	10.00	-45.61748	0	0.00	0.06758389	-25.40146	10.00	-25.40376
0.05891329	10.00	-45.5529	0	0.00	0.06457296	-25.36618	10.00	-25.36847
0.05891329	10.00	-45.48637	0	0.00	0.06653494	-25.32968	10.00	-25.33197
0.05891329	10.00	-45.41754	0	0.00	0.06882818	-25.29629	10.00	-25.29858
0.05891329	10.00	-45.35458	0	0.00	0.0629592	-25.26123	10.00	-25.26352
0.05891329	10.00	-45.28849	0	0.00	0.06609187	-25.22528	10.00	-25.22757
0.05891329	10.00	-45.22069	0	0.00	0.06779622	-25.19098	10.00	-25.19327
0.05891329	10.00	-45.15602	0	0.00	0.06467771	-25.15601	10.00	-25.15829
0.05891329	10.00	-45.09007	0	0.00	0.06595173	-25.12103	10.00	-25.12331
0.05891329	10.00	-45.0241	0	0.00	0.06596447	-25.08578	10.00	-25.08805
0.05891329	10.00	-44.95762	0	0.00	0.06648116	-25.05084	10.00	-25.05312
0.05891329	10.00	-44.89175	0	0.00	0.06586821	-25.01575	10.00	-25.01803
0.05891329	10.00	-44.82559	0	0.00	0.06615699	-24.98075	10.00	-24.98303
0.05891329	10.00	-44.7596	0	0.00	0.0659942	-24.94563	10.00	-24.94791
0.05891329	10.00	-44.69337	0	0.00	0.06623201	-24.91044	10.00	-24.91272
0.05891329	10.00	-44.62701	0	0.00	0.06635658	-24.87565	10.00	-24.87793
0.05891329	10.00	-44.56142	0	0.00	0.065595	-24.84024	10.00	-24.84251
0.05891329	10.00	-44.49461	0	0.00	0.06679966	-24.80561	10.00	-24.80788
0.05891329	10.00	-44.42934	0	0.00	0.06527933	-24.77013	10.00	-24.77239
0.05891329	10.00	-44.36242	0	0.00	0.06691432	-24.73407	10.00	-24.73633
0.05891329	10.00	-44.29441	0	0.00	0.06800715	-24.70032	10.00	-24.70258
0.05891329	10.00	-44.23078	0	0.00	0.06363443	-24.66513	10.00	-24.66739
0.05891329	10.00	-44.16442	0	0.00	0.06636366	-24.63002	10.00	-24.63227
0.05891329	10.00	-44.09822	0	0.00	0.06619804	-24.59499	10.00	-24.59724
0.05891329	10.00	-44.03217	0	0.00	0.06605365	-24.55999	10.00	-24.56224
0.05891329	10.00	-43.96616	0	0.00	0.06600127	-24.52345	10.00	-24.5257
0.05891329	10.00	-43.89726	0	0.00	0.06890038	-24.48979	10.00	-24.49204
0.05891329	10.00	-43.83379	0	0.00	0.06347447	-24.45482	10.00	-24.45706
0.05891329	10.00	-43.76784	0	0.00	0.06594606	-24.41939	10.00	-24.42163
0.05891329	10.00	-43.70104	0	0.00	0.06680108	-24.3849	10.00	-24.38714
0.05891329	10.00	-43.63599	0	0.00	0.06504859	-24.34962	10.00	-24.35186
0.05891329	10.00	-43.56947	0	0.00	0.06652362	-24.31452	10.00	-24.31676
0.05891329	10.00	-43.5033	0	0.00	0.06617115	-24.27966	10.00	-24.28189
0.05891329	10.00	-43.43756	0	0.00	0.06574081	-24.24441	10.00	-24.24665
0.05891329	10.00	-43.37109	0	0.00	0.06646559	-24.2095	10.00	-24.21174
0.05891329	10.00	-43.30527	0	0.00	0.06582433	-24.17461	10.00	-24.17684
0.05891329	10.00	-43.23947	0	0.00	0.06579743	-24.13947	10.00	-24.1417
0.05891329	10.00	-43.17321	0	0.00	0.06626032	-24.10443	10.00	-24.10666
0.05891329	10.00	-43.10713	0	0.00	0.0660763	-24.0694	10.00	-24.07162
0.05891329	10.00	-43.04107	0	0.00	0.06605931	-24.03431	10.00	-24.03653
0.05891329	10.00	-42.97491	0	0.00	0.06616832	-23.99898	10.00	-24.0012
0.05891329	10.00	-42.90829	0	0.00	0.06661705	-23.96408	10.00	-23.9663
0.05891329	10.00	-42.84249	0	0.00	0.06580168	-23.92741	10.00	-23.92963
0.05891329	10.00	-42.77333	0	0.00	0.06915801	-23.89402	10.00	-23.89623
0.05891329	10.00	-42.71036	0	0.00	0.0629677	-23.85904	10.00	-23.86125
0.05891329	10.00	-42.64439	0	0.00	0.0659673	-23.82383	10.00	-23.82604
0.05891329	10.00	-42.57801	0	0.00	0.06637782	-23.78901	10.00	-23.79121
0.05891329	10.00	-42.51234	0	0.00	0.06567144	-23.75383	10.00	-23.75604
0.05891329	10.00	-42.44602	0	0.00	0.06632686	-23.71853	10.00	-23.72074
0.05891329	10.00	-42.37945	0	0.00	0.06656609	-23.68364	10.00	-23.68584
0.05891329	10.00	-42.31367	0	0.00	0.06578611	-23.64856	10.00	-23.65076
0.05891329	10.00	-42.2475	0	0.00	0.06616548	-23.61349	10.00	-23.61569
0.05891329	10.00	-42.18138	0	0.00	0.06611735	-23.57831	10.00	-23.58051
0.05891329	10.00	-42.11504	0	0.00	0.06634384	-23.54346	10.00	-23.54565
0.05891329	10.00	-42.04932	0	0.00	0.06571816	-23.50855	10.00	-23.51074
0.05891329	10.00	-41.98349	0	0.00	0.06582575	-23.4733	10.00	-23.47549
0.05891329	10.00	-41.91703	0	0.00	0.06646983	-23.43843	10.00	-23.44061
0.05891329	10.00	-41.85127	0	0.00	0.0657578	-23.40352	10.00	-23.40571
0.05891329	10.00	-41.78546	0	0.00	0.06581159	-23.36843	10.00	-23.37061
0.05891329	10.00	-41.71928	0	0.00	0.06617964	-23.3334	10.00	-23.33559
0.05891329	10.00	-41.65324	0	0.00	0.06603666	-23.29829	10.00	-23.30047
0.05891329	10.00	-41.58701	0	0.00	0.06622493	-23.26327	10.00	-23.26545
0.05891329	10.00	-41.52098	0	0.00	0.06603242	-23.22815	10.00	-23.23032
0.05891329	10.00	-41.45475	0	0.00	0.06623484	-23.19311	10.00	-23.19529
0.05891329	10.00	-41.38869	0	0.00	0.06605507	-23.15808	10.00	-23.16026
0.05891329	10.00	-41.32264	0	0.00	0.06605224	-23.12304	10.00	-23.12522
0.05891329	10.00	-41.25656	0	0.00	0.06608055	-23.08798	10.00	-23.09015
0.05891329	10.00	-41.19045	0	0.00	0.06610744	-23.05297	10.00	-23.05514
0.05891329	10.00	-41.12443	0	0.00	0.06602392	-23.01737	10.00	-23.01954
0.05891329	10.00	-41.05731	0	0.00	0.06711958	-22.98292	10.00	-22.98508
0.05891329	10.00	-40.99233	0	0.00	0.06497639	-22.94757	10.00	-22.94974
0.05891329	10.00	-40.92569	0	0.00	0.06664111	-22.91182	10.00	-22.91397
0.05891329	10.00	-40.85826	0	0.00	0.06743526	-22.87715	10.00	-22.87931
0.05891329	10.00	-40.79289	0	0.00	0.0653671	-22.84258	10.00	-22.84474
0.05891329	10.00	-40.7277	0	0.00	0.0651859	-22.80728	10.00	-22.80944
0.05891329	10.00	-40.66114	0	0.00	0.06655759	-22.77264	10.00	-22.77479
0.05891329	10.00	-40.59581	0	0.00	0.06533595	-22.73751	10.00	-22.73966
0.05891329	10.00	-40.52957	0	0.00	0.0662405	-22.70243	10.00	-22.70458
0.05891329	10.00	-40.46342	0	0.00	0.06614708	-22.66724	10.00	-22.66939
0.05891329	10.00	-40.39707	0	0.00	0.06635234	-22.63215	10.00	-22.63429
0.05891329	10.00	-40.3309	0	0.00	0.06616973	-22.59729	10.00	-22.59943
0.05891329	10.00	-40.26516	0	0.00	0.06574506	-22.56199	10.00	-22.56413
0.05891329	10.00	-40.1986	0	0.00	0.06655618	-22.52716	10.00	-22.52929
0.05891329	10.00	-40.13292	0	0.00	0.06568418	-22.49222	10.00	-22.49435
0.05891329	10.00	-40.06703	0	0.00	0.06588662	-22.45695	10.00	-22.45909
0.05891329	10.00	-40.00054	0	0.00	0.06648682	-22.42178	10.00	-22.42392
0.05891329	10.00	-39.93421	0	0.00	0.06632827	-22.38707	10.00	-22.3892
0.05891329	10.00	-39.86876	0	0.00	0.06544778	-22.35182	10.00	-22.35394
0.05891329	10.00	-39.80228	0	0.00	0.06648965	-22.31525	10.00	-22.31738
0.05891329	10.00	-39.73333	0	0.00	0.06894426	-22.28187	10.00	-22.28399
0.05891329	10.00	-39.67038	0	0.00	0.06294788	-22.24682	10.00	-22.24894
0.05891329	10.00	-39.60429	0	0.00	0.06608904	-22.21162	10.00	-22.21374
0.05891329	10.00	-39.53791	0	0.00	0.0663849	-22.17669	10.00	-22.17881
0.05891329	10.00	-39.47205	0	0.00	0.06586114	-22.1409	10.00	-22.14302
0.05891329	10.00	-39.40457	0	0.00	0.06748055	-22.10493	10.00	-22.10704
0.05891329	10.00	-39.33673	0	0.00	0.06783303	-22.07154	10.00	-22.07365
0.05891329	10.00	-39.27377	0	0.00	0.0629677	-22.03637	10.00	-22.03848
0.05891329	10.00	-39.20745	0	0.00	0.06631412	-22.00135	10.00	-22.00346
0.05891329	10.00	-39.14143	0	0.00	0.06602534	-21.96628	10.00	-21.96838
0.05891329	10.00	-39.07528	0	0.00	0.0661485	-21.93143	10.00	-21.93353
0.05891329	10.00	-39.00956	0	0.00	0.06571674	-21.89598	10.00	-21.89808
0.05891329	10.00	-38.94271	0	0.00	0.0668492	-21.86105	10.00	-21.86315
0.05891329	10.00	-38.87684	0	0.00	0.06587104	-21.82616	10.00	-21.82826
0.05891329	10.00	-38.81107	0	0.00	0.06577337	-21.79099	10.00	-21.79308
0.05891329	10.00	-38.74472	0	0.00	0.06634243	-21.75603	10.00	-21.75812
0.05891329	10.00	-38.67881	0	0.00	0.06591067	-21.72089	10.00	-21.72297
0.05891329	10.00	-38.61254	0	0.00	0.06627731	-21.68596	10.00	-21.68804
0.05891329	10.00	-38.54668	0	0.00	0.0658583	-21.65073	10.00	-21.65281
0.05891329	10.00	-38.48024	0	0.00	0.06643727	-21.61603	10.00	-21.61811
0.05891329	10.00	-38.41483	0	0.00	0.06541806	-21.58105	10.00	-21.58313
0.05891329	10.00	-38.34886	0	0.00	0.06596305	-21.54575	10.00	-21.54783
0.05891329	10.00	-38.28229	0	0.00	0.06657317	-21.51049	10.00	-21.51256
0.05891329	10.00	-38.21581	0	0.00	0.06648399	-21.47586	10.00	-21.47794
0.05891329	10.00	-38.15051	0	0.00	0.0652949	-21.4403	10.00	-21.44237
0.05891329	10.00	-38.08345	0	0.00	0.06706013	-21.40544	10.00	-21.40751
0.05891329	10.00	-38.01771	0	0.00	0.06573656	-21.37025	10.00	-21.37232
0.05891329	10.00	-37.95137	0	0.00	0.06633818	-21.33535	10.00	-21.33741
0.05891329	10.00	-37.88555	0	0.00	0.06582575	-21.29895	10.00	-21.30101
0.05891329	10.00	-37.81691	0	0.00	0.06863708	-21.2654	10.00	-21.26747
0.05891329	10.00	-37.75365	0	0.00	0.06325789	-21.23023	10.00	-21.23229
0.05891329	10.00	-37.68733	0	0.00	0.06632686	-21.19523	10.00	-21.19729
0.05891329	10.00	-37.62134	0	0.00	0.06598429	-21.16033	10.00	-21.16239
0.05891329	10.00	-37.55553	0	0.00	0.06580876	-21.12481	10.00	-21.12687
0.05891329	10.00	-37.48855	0	0.00	0.06698227	-21.08975	10.00	-21.0918
0.05891329	10.00	-37.42244	0	0.00	0.06611452	-21.05462	10.00	-21.05667
0.05891329	10.00	-37.35619	0	0.00	0.066249	-21.01984	10.00	-21.02189
0.05891329	10.00	-37.29061	0	0.00	0.06557801	-20.98473	10.00	-20.98678
0.05891329	10.00	-37.2244	0	0.00	0.06620795	-20.94975	10.00	-20.9518
0.05891329	10.00	-37.15844	0	0.00	0.06595739	-20.91484	10.00	-20.91688
0.05891329	10.00	-37.09261	0	0.00	0.0658399	-20.87997	10.00	-20.88201
0.05891329	10.00	-37.02685	0	0.00	0.06575638	-20.84476	10.00	-20.8468
0.05891329	10.00	-36.96047	0	0.00	0.0663764	-20.80968	10.00	-20.81171
0.05891329	10.00	-36.89431	0	0.00	0.06616124	-20.77475	10.00	-20.77678
0.05891329	10.00	-36.82844	0	0.00	0.06586821	-20.73969	10.00	-20.74172
0.05891329	10.00	-36.76234	0	0.00	0.06610461	-20.7046	10.00	-20.70663
0.05891329	10.00	-36.69617	0	0.00	0.06617256	-20.66973	10.00	-20.67176
0.05891329	10.00	-36.63041	0	0.00	0.06575213	-20.6346	10.00	-20.63662
0.05891329	10.00	-36.56417	0	0.00	0.06624758	-20.59943	10.00	-20.60145
0.05891329	10.00	-36.49786	0	0.00	0.06631128	-20.56461	10.00	-20.56663
0.05891329	10.00	-36.43219	0	0.00	0.06566861	-20.52929	10.00	-20.53131
0.05891329	10.00	-36.36559	0	0.00	0.06659723	-20.49287	10.00	-20.49489
0.05891329	10.00	-36.29692	0	0.00	0.06866964	-20.45931	10.00	-20.46132
0.05891329	10.00	-36.23363	0	0.00	0.06329328	-20.4241	10.00	-20.42611
0.05891329	10.00	-36.16723	0	0.00	0.06639622	-20.38882	10.00	-20.39084
0.05891329	10.00	-36.10072	0	0.00	0.06650947	-20.3542	10.00	-20.3562
0.05891329	10.00	-36.03542	0	0.00	0.06529773	-20.31913	10.00	-20.32114
0.05891329	10.00	-35.9693	0	0.00	0.06612443	-20.28391	10.00	-20.28592
0.05891329	10.00	-35.90288	0	0.00	0.06641887	-20.24899	10.00	-20.25099
0.05891329	10.00	-35.83704	0	0.00	0.06584132	-20.21386	10.00	-20.21586
0.05891329	10.00	-35.77079	0	0.00	0.06624475	-20.17898	10.00	-20.18098
0.05891329	10.00	-35.70501	0	0.00	0.06577761	-20.14384	10.00	-20.14583
0.05891329	10.00	-35.63876	0	0.00	0.06626032	-20.10881	10.00	-20.11081
0.05891329	10.00	-35.5727	0	0.00	0.06605507	-20.07388	10.00	-20.07587
0.05891329	10.00	-35.50684	0	0.00	0.06586397	-20.03875	10.00	-20.04074
0.05891329	10.00	-35.44058	0	0.00	0.06625324	-20.00373	10.00	-20.00572
0.05891329	10.00	-35.37455	0	0.00	0.06603242	-19.9687	10.00	-19.97068
0.05891329	10.00	-35.30849	0	0.00	0.06605507	-19.93347	10.00	-19.93546
0.05891329	10.00	-35.24207	0	0.00	0.06642453	-19.89843	10.00	-19.90041
0.05891329	10.00	-35.17599	0	0.00	0.06608479	-19.86338	10.00	-19.86537
0.05891329	10.00	-35.10991	0	0.00	0.06608055	-19.82845	10.00	-19.83043
0.05891329	10.00	-35.04404	0	0.00	0.06586963	-19.79332	10.00	-19.7953
0.05891329	10.00	-34.97779	0	0.00	0.06624758	-19.75839	10.00	-19.76037
0.05891329	10.00	-34.91192	0	0.00	0.06586538	-19.72316	10.00	-19.72513
0.05891329	10.00	-34.84548	0	0.00	0.06644294	-19.68669	10.00	-19.68866
0.05891329	10.00	-34.77672	0	0.00	0.0687574	-19.65319	10.00	-19.65516
0.05891329	10.00	-34.71355	0	0.00	0.0631772	-19.61811	10.00	-19.62008
0.05891329	10.00	-34.6474	0	0.00	0.06614567	-19.58278	10.00	-19.58474
0.05891329	10.00	-34.58077	0	0.00	0.06662837	-19.54806	10.00	-19.55002
0.05891329	10.00	-34.51531	0	0.00	0.06546194	-19.51272	10.00	-19.51468
0.05891329	10.00	-34.44867	0	0.00	0.06663687	-19.47779	10.00	-19.47976
0.05891329	10.00	-34.38282	0	0.00	0.06585547	-19.44297	10.00	-19.44493
0.05891329	10.00	-34.31715	0	0.00	0.06566295	-19.40768	10.00	-19.40964
0.05891329	10.00	-34.2506	0	0.00	0.06655193	-19.37278	10.00	-19.37474
0.05891329	10.00	-34.1848	0	0.00	0.06580451	-19.33764	10.00	-19.3396
0.05891329	10.00	-34.11854	0	0.00	0.06625891	-19.30261	10.00	-19.30456
0.05891329	10.00	-34.05247	0	0.00	0.06607205	-19.26761	10.00	-19.26956
0.05891329	10.00	-33.98648	0	0.00	0.06598712	-19.23235	10.00	-19.23429
0.05891329	10.00	-33.91999	0	0.00	0.06649248	-19.19746	10.00	-19.19941
0.05891329	10.00	-33.85421	0	0.00	0.06578186	-19.16243	10.00	-19.16438
0.05891329	10.00	-33.78815	0	0.00	0.06605648	-19.12748	10.00	-19.12942
0.05891329	10.00	-33.72224	0	0.00	0.06591209	-19.09232	10.00	-19.09425
0.05891329	10.00	-33.65593	0	0.00	0.06630987	-19.05725	10.00	-19.05919
0.05891329	10.00	-33.5898	0	0.00	0.06612868	-19.02239	10.00	-19.02432
0.05891329	10.00	-33.52407	0	0.00	0.06572807	-18.9873	10.00	-18.98923
0.05891329	10.00	-33.4579	0	0.00	0.06617256	-18.9522	10.00	-18.95413
0.05891329	10.00	-33.3917	0	0.00	0.0661938	-18.91739	10.00	-18.91932
0.05891329	10.00	-33.32608	0	0.00	0.06562331	-18.88218	10.00	-18.88411
0.05891329	10.00	-33.25969	0	0.00	0.06638914	-18.84685	10.00	-18.84877
0.05891329	10.00	-33.19306	0	0.00	0.06663404	-18.81245	10.00	-18.81437
0.05891329	10.00	-33.1282	0	0.00	0.06486032	-18.77761	10.00	-18.77952
0.05891329	10.00	-33.06248	0	0.00	0.06571391	-18.74253	10.00	-18.74445
0.05891329	10.00	-32.99636	0	0.00	0.06612585	-18.70747	10.00	-18.70939
0.05891329	10.00	-32.93024	0	0.00	0.06611877	-18.67237	10.00	-18.67428
0.05891329	10.00	-32.86404	0	0.00	0.06620087	-18.63739	10.00	-18.6393
0.05891329	10.00	-32.79807	0	0.00	0.06596588	-18.60147	10.00	-18.60338
0.05891329	10.00	-32.73036	0	0.00	0.06771412	-18.5664	10.00	-18.56831
0.05891329	10.00	-32.66422	0	0.00	0.06613576	-18.53139	10.00	-18.5333
0.05891329	10.00	-32.59821	0	0.00	0.06600835	-18.4965	10.00	-18.4984
0.05891329	10.00	-32.53241	0	0.00	0.0658031	-18.46156	10.00	-18.46346
0.05891329	10.00	-32.46653	0	0.00	0.0658852	-18.42612	10.00	-18.42802
0.05891329	10.00	-32.39971	0	0.00	0.06681523	-18.39139	10.00	-18.39328
0.05891329	10.00	-32.3342	0	0.00	0.06550866	-18.35598	10.00	-18.35788
0.05891329	10.00	-32.26744	0	0.00	0.06675578	-18.32096	10.00	-18.32285
0.05891329	10.00	-32.20141	0	0.00	0.06603525	-18.28618	10.00	-18.28807
0.05891329	10.00	-32.13582	0	0.00	0.06559217	-18.25115	10.00	-18.25304
0.05891329	10.00	-32.06976	0	0.00	0.06605648	-18.21622	10.00	-18.21811
0.05891329	10.00	-32.0039	0	0.00	0.06586114	-18.1806	10.00	-18.18249
0.05891329	10.00	-31.93673	0	0.00	0.06717054	-18.14628	10.00	-18.14817
0.05891329	10.00	-31.87203	0	0.00	0.06470319	-18.11086	10.00	-18.11274
0.05891329	10.00	-31.80522	0	0.00	0.06680249	-18.07562	10.00	-18.0775
0.05891329	10.00	-31.73878	0	0.00	0.06644577	-18.04074	10.00	-18.04261
0.05891329	10.00	-31.67299	0	0.00	0.06579177	-18.00571	10.00	-18.00759
0.05891329	10.00	-31.61718	0	0.00	0.05580945	-17.97076	10.00	-17.97264
0.05891329	10.00	-31.56723	0	0.00	0.0499491	-17.93581	10.00	-17.93768
0.05891329	10.00	-31.52493	0	0.00	0.04229616	-17.90071	10.00	-17.90258
0.05891329	10.00	-31.48566	0	0.00	0.03927151	-17.8651	10.00	-17.86697
0.05891329	10.00	-31.45233	0	0.00	0.03333474	-17.83061	10.00	-17.83247
0.05891329	10.00	-31.42381	0	0.00	0.02851496	-17.79499	10.00	-17.79685
0.05891329	10.00	-31.39501	0	0.00	0.02879667	-17.75947	10.00	-17.76133
0.05891329	10.00	-31.36695	0	0.00	0.02806619	-17.72562	10.00	-17.72748
0.05891329	10.00	-31.3402	0	0.00	0.02674284	-17.6904	10.00	-17.69225
0.05891329	10.00	-31.31237	0	0.00	0.02783248	-17.65537	10.00	-17.65723
0.05891329	10.00	-31.2847	0	0.00	0.02767351	-17.62007	10.00	-17.62192
0.05891329	10.00	-31.25487	0	0.00	0.02983108	-17.58528	10.00	-17.58713
0.05891329	10.00	-31.22547	0	0.00	0.02939532	-17.54991	10.00	-17.55176
0.05891329	10.00	-31.19559	0	0.00	0.02988055	-17.51502	10.00	-17.51686
0.05891329	10.00	-31.16611	0	0.00	0.02948412	-17.48026	10.00	-17.4821
0.05891329	10.00	-31.13674	0	0.00	0.02936742	-17.44504	10.00	-17.44688
0.05891329	10.00	-31.10376	0	0.00	0.03297771	-17.41018	10.00	-17.41202
0.05891329	10.00	-31.06859	0	0.00	0.03517377	-17.37495	10.00	-17.37679
0.05891329	10.00	-31.0266	0	0.00	0.0419926	-17.34003	10.00	-17.34187
0.05891329	10.00	-30.98051	0	0.00	0.04608173	-17.30479	10.00	-17.30662
0.03878793	10.00	-30.9192	-0.02012535	0.00	0.06130912	-17.26968	10.00	-17.27151
0.0007860557	10.00	-30.85428	-0.03800188	0.00	0.06492855	-17.23492	10.00	-17.23675
-0.04253475	10.00	-30.78938	-0.04332081	0.00	0.06489397	-17.19974	10.00	-17.20156
-0.09218255	10.00	-30.72303	-0.0496478	0.00	0.06635234	-17.16418	10.00	-17.166
-0.143651	10.00	-30.65598	-0.05146847	0.00	0.06705022	-17.12965	10.00	-17.13147
-0.1942558	10.00	-30.59088	-0.05060477	0.00	0.0651038	-17.09449	10.00	-17.09631
-0.2477277	10.00	-30.52456	-0.05347188	0.00	0.06631412	-17.0595	10.00	-17.06132
-0.3015656	10.00	-30.45859	-0.05383791	0.00	0.06597579	-17.02451	10.00	-17.02633
-0.3553989	10.00	-30.39262	-0.05383329	0.00	0.06597013	-16.9894	10.00	-16.99121
-0.4094274	10.00	-30.32641	-0.05402851	0.00	0.06620936	-16.95427	10.00	-16.95608
-0.4647736	10.00	-30.26015	-0.05534618	0.00	0.06625183	-16.91925	10.00	-16.92106
-0.5205794	10.00	-30.19412	-0.05580585	0.00	0.06603666	-16.8839	10.00	-16.88571
-0.5775486	10.00	-30.12747	-0.0569692	0.00	0.06664961	-16.84879	10.00	-16.85059
-0.6341524	10.00	-30.06125	-0.05660379	0.00	0.0662221	-16.8137	10.00	-16.8155
-0.6907078	10.00	-29.99508	-0.05655539	0.00	0.06616548	-16.77883	10.00	-16.78063
-0.746905	10.00	-29.92933	-0.05619724	0.00	0.06574647	-16.74385	10.00	-16.74565
-0.8032801	10.00	-29.86338	-0.0563751	0.00	0.06595456	-16.70884	10.00	-16.71064
-0.8597085	10.00	-29.79736	-0.05642834	0.00	0.06601685	-16.67377	10.00	-16.67556
-0.9162433	10.00	-29.73122	-0.05653482	0.00	0.06614142	-16.6384	10.00	-16.64019
-0.9732464	10.00	-29.66453	-0.05700308	0.00	0.06668925	-16.60341	10.00	-16.6052
-1.029654	10.00	-29.59854	-0.05640777	0.00	0.06599278	-16.56712	10.00	-16.56891
-1.088133	10.00	-29.53012	-0.05847925	0.00	0.06841625	-16.53331	10.00	-16.53509
-1.142642	10.00	-29.46635	-0.05450811	0.00	0.06377032	-16.49815	10.00	-16.49993
-1.199303	10.00	-29.40006	-0.05666187	0.00	0.06629005	-16.4638	10.00	-16.46558
-1.254667	10.00	-29.33529	-0.05536357	0.00	0.06477114	-16.42845	10.00	-16.43023
-1.311645	10.00	-29.26863	-0.05697767	0.00	0.06665952	-16.39399	10.00	-16.39577
-1.367186	10.00	-29.20365	-0.05554143	0.00	0.06497923	-16.35849	10.00	-16.36026
-1.425707	10.00	-29.13671	-0.05852101	0.00	0.06694829	-16.32379	10.00	-16.32556
-1.484164	10.00	-29.07128	-0.05845659	0.00	0.06542514	-16.28901	10.00	-16.29077
-1.542775	10.00	-29.00568	-0.05861089	0.00	0.06559783	-16.25385	10.00	-16.25562
-1.602005	10.00	-28.93939	-0.05923065	0.00	0.06629147	-16.21843	10.00	-16.22019
-1.661684	10.00	-28.8726	-0.05967839	0.00	0.06679258	-16.18394	10.00	-16.18571
-1.719784	10.00	-28.80757	-0.05809992	0.00	0.06502594	-16.14879	10.00	-16.15055
-1.779014	10.00	-28.74128	-0.05923065	0.00	0.06629147	-16.11375	10.00	-16.11551
-1.838045	10.00	-28.67521	-0.05903081	0.00	0.06606781	-16.07875	10.00	-16.08051
-1.89701	10.00	-28.60922	-0.05896504	0.00	0.0659942	-16.04366	10.00	-16.04542
-1.956129	10.00	-28.54305	-0.05911935	0.00	0.0661669	-16.00727	10.00	-16.00903
-2.017446	10.00	-28.47443	-0.06131631	0.00	0.06862576	-15.97274	10.00	-15.97449
-2.075634	10.00	-28.4093	-0.05818845	0.00	0.06512503	-15.93747	10.00	-15.93922
-2.135052	10.00	-28.3428	-0.05941784	0.00	0.06650098	-15.90281	10.00	-15.90456
-2.193447	10.00	-28.27744	-0.05839461	0.00	0.06535577	-15.86784	10.00	-15.86958
-2.25237	10.00	-28.2115	-0.0589233	0.00	0.06594748	-15.83226	10.00	-15.834
-2.31231	10.00	-28.14441	-0.0599402	0.00	0.06708561	-15.79776	10.00	-15.7995
-2.370442	10.00	-28.07935	-0.05813154	0.00	0.06506133	-15.76268	10.00	-15.76442
-2.429549	10.00	-28.0132	-0.05910797	0.00	0.06615416	-15.72694	10.00	-15.72868
-2.489749	10.00	-27.94582	-0.06019949	0.00	0.0673758	-15.69268	10.00	-15.69442
-2.546223	10.00	-27.88121	-0.05647438	0.00	0.06460693	-15.65695	10.00	-15.65868
-2.600558	10.00	-27.81383	-0.05433481	0.00	0.0673843	-15.62224	10.00	-15.62397
-2.651429	10.00	-27.74838	-0.05087104	0.00	0.06544637	-15.58726	10.00	-15.58899
-2.700786	10.00	-27.68242	-0.04935652	0.00	0.06596305	-15.55243	10.00	-15.55416
-2.749921	10.00	-27.61675	-0.04913515	0.00	0.0656672	-15.51738	10.00	-15.5191
-2.793625	10.00	-27.55064	-0.04370357	0.00	0.06610744	-15.48227	10.00	-15.48399
-2.829699	10.00	-27.48444	-0.03607469	0.00	0.0662037	-15.44725	10.00	-15.44897
-2.857367	10.00	-27.41841	-0.02766817	0.00	0.06602959	-15.41188	10.00	-15.4136
-2.877567	10.00	-27.35171	-0.02019951	0.00	0.06670199	-15.37632	10.00	-15.37804
-2.893329	10.00	-27.28465	-0.01576195	0.00	0.0670573	-15.3412	10.00	-15.34291
-2.897994	10.00	-27.21843	-0.004664983	0.00	0.06622352	-15.30712	10.00	-15.30883
-2.898165	10.00	-27.15416	-0.0001711232	0.00	0.06426436	-15.27213	10.00	-15.27384
-2.898165	10.00	-27.08819	0	0.00	0.06597013	-15.237	10.00	-15.23871
-2.898165	10.00	-27.02194	0	0.00	0.06625183	-15.20196	10.00	-15.20367
-2.898165	10.00	-26.95588	0	0.00	0.06606214	-15.16679	10.00	-15.1685
-2.898165	10.00	-26.88956	0	0.00	0.06632261	-15.13175	10.00	-15.13345
-2.898165	10.00	-26.82348	0	0.00	0.0660763	-15.09664	10.00	-15.09834
-2.898165	10.00	-26.75728	0	0.00	0.06620511	-15.06161	10.00	-15.06331
-2.898165	10.00	-26.69122	0	0.00	0.06606073	-15.02672	10.00	-15.02841
-2.898165	10.00	-26.62542	0	0.00	0.06579602	-14.99154	10.00	-14.99323
-2.898165	10.00	-26.55908	0	0.00	0.06633818	-14.95648	10.00	-14.95817
-2.898165	10.00	-26.49298	0	0.00	0.0661032	-14.92154	10.00	-14.92323
-2.898165	10.00	-26.42708	0	0.00	0.0658951	-14.88649	10.00	-14.88818
-2.898165	10.00	-26.361	0	0.00	0.06608196	-14.85139	10.00	-14.85307
-2.898165	10.00	-26.2948	0	0.00	0.06619946	-14.81639	10.00	-14.81807
-2.898165	10.00	-26.22881	0	0.00	0.06599136	-14.78117	10.00	-14.78285
-2.898165	10.00	-26.16239	0	0.00	0.06641746	-14.74552	10.00	-14.7472
-2.898165	10.00	-26.09517	0	0.00	0.06722008	-14.71124	10.00	-14.71292
-2.898165	10.00	-26.03053	0	0.00	0.06464515	-14.67587	10.00	-14.67755
-2.898165	10.00	-25.96384	0	0.00	0.06668358	-14.64117	10.00	-14.64285
-2.898165	10.00	-25.89841	0	0.00	0.06543363	-14.60611	10.00	-14.60778
-2.898165	10.00	-25.8323	0	0.00	0.06611028	-14.57098	10.00	-14.57265
-2.898165	10.00	-25.76605	0	0.00	0.06624617	-14.53583	10.00	-14.5375
-2.898165	10.00	-25.69977	0	0.00	0.06628156	-14.50075	10.00	-14.50241
-2.898165	10.00	-25.63361	0	0.00	0.06616265	-14.46596	10.00	-14.46763
-2.898165	10.00	-25.56802	0	0.00	0.06559075	-14.43072	10.00	-14.43238
-2.898165	10.00	-25.50156	0	0.00	0.06645426	-14.39573	10.00	-14.39739
-2.898165	10.00	-25.43557	0	0.00	0.06598995	-14.36069	10.00	-14.36235
-2.898165	10.00	-25.36951	0	0.00	0.06606639	-14.32553	10.00	-14.32719
-2.898165	10.00	-25.30321	0	0.00	0.06629996	-14.29065	10.00	-14.29231
-2.898165	10.00	-25.23744	0	0.00	0.06576629	-14.25526	10.00	-14.25691
-2.898165	10.00	-25.17071	0	0.00	0.06673454	-14.22049	10.00	-14.22214
-2.898165	10.00	-25.10513	0	0.00	0.06557377	-14.18536	10.00	-14.18701
-2.898165	10.00	-25.0389	0	0.00	0.06623484	-14.15048	10.00	-14.15213
-2.898165	10.00	-24.97312	0	0.00	0.06577478	-14.11516	10.00	-14.1168
-2.898165	10.00	-24.90652	0	0.00	0.06660289	-14.0802	10.00	-14.08183
-2.898165	10.00	-24.84059	0	0.00	0.06593474	-14.04386	10.00	-14.0455
-2.898165	10.00	-24.77208	0	0.00	0.06850968	-14.01026	10.00	-14.0119
-2.898165	10.00	-24.70871	0	0.00	0.06336547	-13.97492	10.00	-13.97655
-2.898165	10.00	-24.64207	0	0.00	0.06664678	-13.93815	10.00	-13.93978
-2.898165	10.00	-24.57274	0	0.00	0.06932364	-13.90499	10.00	-13.90662
-2.898165	10.00	-24.51021	0	0.00	0.06253311	-13.87055	10.00	-13.87218
-2.898165	10.00	-24.44526	0	0.00	0.06494242	-13.83423	10.00	-13.83586
-2.898165	10.00	-24.37679	0	0.00	0.06847712	-13.80034	10.00	-13.80196
-2.898165	10.00	-24.31287	0	0.00	0.06391896	-13.76536	10.00	-13.76698
-2.898165	10.00	-24.2469	0	0.00	0.06596871	-13.73009	10.00	-13.73171
-2.898165	10.00	-24.18041	0	0.00	0.0664939	-13.6954	10.00	-13.69702
-2.898165	10.00	-24.11499	0	0.00	0.06542089	-13.66042	10.00	-13.66203
-2.898165	10.00	-24.04903	0	0.00	0.06595881	-13.62427	10.00	-13.62589
-2.898165	10.00	-23.98285	0	0.00	0.06618144	-13.58995	10.00	-13.59156
-2.898165	10.00	-23.9244	0	0.00	0.05844956	-13.55519	10.00	-13.5568
-2.898165	10.00	-23.87789	0	0.00	0.04650639	-13.52029	10.00	-13.5219
-2.898165	10.00	-23.83756	0	0.00	0.04032435	-13.48495	10.00	-13.48656
-2.898165	10.00	-23.81094	0	0.00	0.02662934	-13.44928	10.00	-13.45088
-2.898165	10.00	-23.79382	0	0.00	0.01711459	-13.41428	10.00	-13.41589
-2.898165	10.00	-23.78214	0	0.00	0.01167698	-13.37912	10.00	-13.38072
-2.898165	10.00	-23.78214	0	0.00	0.0008187107	-13.34215	10.00	-13.34375
-2.898165	10.00	-23.78214	0	0.00	0	-13.3091	10.00	-13.3107
-2.898165	10.00	-23.78214	0	0.00	0	-13.27421	10.00	-13.2758
-2.898165	10.00	-23.78214	0	0.00	0	-13.23778	10.00	-13.23937
-2.898165	10.00	-23.78214	0	0.00	0	-13.20416	10.00	-13.20575
-2.898165	10.00	-23.78214	0	0.00	0	-13.16909	10.00	-13.17068
-2.898165	10.00	-23.78214	0	0.00	0	-13.13215	10.00	-13.13373
-2.898165	10.00	-23.78214	0	0.00	0	-13.099	10.00	-13.10058
-2.898165	10.00	-23.78214	0	0.00	0	-13.06378	10.00	-13.06536
-2.898165	10.00	-23.78214	0	0.00	0	-13.02797	10.00	-13.02954
-2.898165	10.00	-23.78214	0	0.00	0	-12.99384	10.00	-12.99542
-2.898165	10.00	-23.78214	0	0.00	0	-12.95863	10.00	-12.96021
-2.898165	10.00	-23.78214	0	0.00	0	-12.92357	10.00	-12.92514
-2.898165	10.00	-23.78214	0	0.00	0	-12.88872	10.00	-12.89029
-2.898165	10.00	-23.78214	0	0.00	0	-12.85376	10.00	-12.85532
-2.898165	10.00	-23.78214	0	0.00	0	-12.81861	10.00	-12.82017
-2.898165	10.00	-23.78214	0	0.00	0	-12.78355	10.00	-12.78511
-2.898165	10.00	-23.78214	0	0.00	0	-12.74843	10.00	-12.74999
-2.898165	10.00	-23.78214	0	0.00	0	-12.71353	10.00	-12.71509
-2.898165	10.00	-23.78214	0	0.00	0	-12.67824	10.00	-12.6798
-2.898165	10.00	-23.78214	0	0.00	0	-12.6434	10.00	-12.64496
-2.898165	10.00	-23.78214	0	0.00	0	-12.60821	10.00	-12.60976
-2.898165	10.00	-23.78214	0	0.00	0	-12.57319	10.00	-12.57474
-2.898165	10.00	-23.78214	0	0.00	0	-12.53842	10.00	-12.53997
-2.898165	10.00	-23.78214	0	0.00	0	-12.50322	10.00	-12.50476
-2.898165	10.00	-23.78214	0	0.00	0	-12.46795	10.00	-12.46949
-2.898165	10.00	-23.78214	0	0.00	0	-12.43285	10.00	-12.4344
-2.898165	10.00	-23.78214	0	0.00	0	-12.398	10.00	-12.39954
-2.898165	10.00	-23.78214	0	0.00	0	-12.36288	10.00	-12.36442
-2.898165	10.00	-23.78214	0	0.00	0	-12.32589	10.00	-12.32742
-2.898165	10.00	-23.78214	0	0.00	0	-12.29269	10.00	-12.29422
-2.898165	10.00	-23.78214	0	0.00	0	-12.2576	10.00	-12.25914
-2.898165	10.00	-23.78214	0	0.00	0	-12.22205	10.00	-12.22358
-2.898165	10.00	-23.78214	0	0.00	0	-12.18717	10.00	-12.1887
-2.898165	10.00	-23.78214	0	0.00	0	-12.15261	10.00	-12.15414
-2.898165	10.00	-23.78214	0	0.00	0	-12.1161	10.00	-12.11762
-2.898165	10.00	-23.78214	0	0.00	0	-12.08242	10.00	-12.08394
-2.898165	10.00	-23.78214	0	0.00	0	-12.0476	10.00	-12.04912
-2.898165	10.00	-23.78214	0	0.00	0	-12.01242	10.00	-12.01394
-2.898165	10.00	-23.78214	0	0.00	0	-11.97747	10.00	-11.97898
-2.898165	10.00	-23.78214	0	0.00	0.0001754919	-11.94231	10.00	-11.94383
-2.898165	10.00	-23.76785	0	0.00	0.01429755	-11.90741	10.00	-11.90893
-2.898165	10.00	-23.74792	0	0.00	0.01992859	-11.87221	10.00	-11.87372
-2.898165	10.00	-23.72396	0	0.00	0.02395823	-11.83714	10.00	-11.83864
-2.898165	10.00	-23.69881	0	0.00	0.02515327	-11.80215	10.00	-11.80366
-2.898165	10.00	-23.67372	0	0.00	0.02508759	-11.76695	10.00	-11.76845
-2.898165	10.00	-23.64847	0	0.00	0.02524533	-11.7319	10.00	-11.7334
-2.898165	10.00	-23.62334	0	0.00	0.02513228	-11.697	10.00	-11.6985
-2.898165	10.00	-23.59831	0	0.00	0.02502838	-11.66156	10.00	-11.66306
-2.898165	10.00	-23.5729	0	0.00	0.02541275	-11.62685	10.00	-11.62834
-2.898165	10.00	-23.54801	0	0.00	0.02489487	-11.5914	10.00	-11.59289
-2.898165	10.00	-23.52259	0	0.00	0.02541921	-11.5565	10.00	-11.558
-2.898165	10.00	-23.49756	0	0.00	0.02502353	-11.52154	10.00	-11.52303
-2.898165	10.00	-23.47249	0	0.00	0.02507037	-11.48653	10.00	-11.48801
-2.898165	10.00	-23.44738	0	0.00	0.02511182	-11.45162	10.00	-11.45311
-2.898165	10.00	-23.42235	0	0.00	0.02503161	-11.41578	10.00	-11.41726
-2.898165	10.00	-23.39665	0	0.00	0.02570184	-11.38151	10.00	-11.38299
-2.898165	10.00	-23.37207	0	0.00	0.0245751	-11.34639	10.00	-11.34787
-2.898165	10.00	-23.34689	0	0.00	0.02518665	-11.31128	10.00	-11.31275
-2.898165	10.00	-23.32171	0	0.00	0.02517857	-11.27632	10.00	-11.27779
-2.898165	10.00	-23.29664	0	0.00	0.02506929	-11.24134	10.00	-11.24281
-2.898165	10.00	-23.27155	0	0.00	0.02508329	-11.20604	10.00	-11.20751
-2.898165	10.00	-23.24946	0	0.00	0.02209389	-11.17099	10.00	-11.17246
-2.898165	10.00	-23.22945	0	0.00	0.02001132	-11.13616	10.00	-11.13763
-2.898165	10.00	-23.21147	0	0.00	0.01798325	-11.101	10.00	-11.10247
-2.898165	10.00	-23.19524	0	0.00	0.01622419	-11.06604	10.00	-11.0675
-2.898165	10.00	-23.18038	0	0.00	0.01486062	-11.03104	10.00	-11.0325
-2.898165	10.00	-23.16743	0	0.00	0.01295435	-10.99622	10.00	-10.99768
-2.898165	10.00	-23.15454	0	0.00	0.01289126	-10.96097	10.00	-10.96243
-2.898165	10.00	-23.14149	0	0.00	0.01304661	-10.92594	10.00	-10.92739
-2.898165	10.00	-23.12852	0	0.00	0.01297074	-10.89043	10.00	-10.89188
-2.898165	10.00	-23.11537	0	0.00	0.01314555	-10.85581	10.00	-10.85725
-2.898165	10.00	-23.10255	0	0.00	0.0128179	-10.8206	10.00	-10.82205
-2.898165	10.00	-23.08952	0	0.00	0.01303188	-10.78547	10.00	-10.78692
-2.898165	10.00	-23.07652	0	0.00	0.01300381	-10.75054	10.00	-10.75199
-2.898165	10.00	-23.06486	0	0.00	0.0116567	-10.7136	10.00	-10.71504
-2.898165	10.00	-23.05591	0	0.00	0.008954007	-10.68067	10.00	-10.68211
-2.898165	10.00	-23.04793	0	0.00	0.007981983	-10.64555	10.00	-10.64699
-2.898165	10.00	-23.0407	0	0.00	0.007229614	-10.61016	10.00	-10.61159
-2.898165	10.00	-23.03406	0	0.00	0.006640235	-10.57537	10.00	-10.5768
-2.898165	10.00	-23.02753	0	0.00	0.006526297	-10.54036	10.00	-10.54179
-2.898165	10.00	-23.02096	0	0.00	0.006568267	-10.50513	10.00	-10.50656
-2.898165	10.00	-23.01435	0	0.00	0.006609674	-10.47029	10.00	-10.47172
-2.898165	10.00	-23.00782	0	0.00	0.006535311	-10.43526	10.00	-10.43669
-2.898165	10.00	-23.00124	0	0.00	0.006572633	-10.40018	10.00	-10.4016
-2.898165	10.00	-22.99466	0	0.00	0.006581506	-10.36526	10.00	-10.36669
-2.898165	10.00	-22.98811	0	0.00	0.006550522	-10.33006	10.00	-10.33149
-2.898165	10.00	-22.98151	0	0.00	0.006603477	-10.29509	10.00	-10.29651
-2.898165	10.00	-22.97495	0	0.00	0.006560802	-10.25932	10.00	-10.26074
-2.898165	10.00	-22.96824	0	0.00	0.006711641	-10.22444	10.00	-10.22585
-2.898165	10.00	-22.96169	0	0.00	0.006544043	-10.1899	10.00	-10.19131
-2.898165	10.00	-22.95521	0	0.00	0.006480525	-10.15478	10.00	-10.15619
-2.898165	10.00	-22.94862	0	0.00	0.006588266	-10.11996	10.00	-10.12137
-2.898165	10.00	-22.94209	0	0.00	0.006532776	-10.08442	10.00	-10.08582
-2.898165	10.00	-22.93542	0	0.00	0.00666784	-10.04947	10.00	-10.05087
-2.898165	10.00	-22.92887	0	0.00	0.006556296	-10.01339	10.00	-10.0148
-2.898165	10.00	-22.9221	0	0.00	0.006768257	-9.979499	10.00	-9.980897
-2.898165	10.00	-22.91574	0	0.00	0.006359264	-9.944276	10.00	-9.945674
-2.898165	10.00	-22.90913	0	0.00	0.006607843	-9.907558	10.00	-9.908955
-2.898165	10.00	-22.90224	0	0.00	0.006888111	-9.87452	10.00	-9.875912
-2.898165	10.00	-22.89604	0	0.00	0.006198849	-9.83942	10.00	-9.840812
-2.898165	10.00	-22.88946	0	0.00	0.006584886	-9.803701	10.00	-9.80509
-2.898165	10.00	-22.88276	0	0.00	0.006701218	-9.769521	10.00	-9.770909
-2.898165	10.00	-22.87634	0	0.00	0.006412641	-9.73427	10.00	-9.735657
-2.898165	10.00	-22.86973	0	0.00	0.006612913	-9.699289	10.00	-9.700674
-2.898165	10.00	-22.86317	0	0.00	0.006562774	-9.664083	10.00	-9.665465
-2.898165	10.00	-22.85656	0	0.00	0.006605167	-9.628847	10.00	-9.630227
-2.898165	10.00	-22.84995	0	0.00	0.006610659	-9.593998	10.00	-9.595376
-2.898165	10.00	-22.84342	0	0.00	0.006537705	-9.55901	10.00	-9.560386
-2.898165	10.00	-22.83685	0	0.00	0.006564464	-9.524047	10.00	-9.52542
-2.898165	10.00	-22.83029	0	0.00	0.006559113	-9.488897	10.00	-9.490269
-2.898165	10.00	-22.8237	0	0.00	0.006594745	-9.453939	10.00	-9.45531
-2.898165	10.00	-22.81714	0	0.00	0.006558126	-9.418755	10.00	-9.420122
-2.898165	10.00	-22.81054	0	0.00	0.006601083	-9.383729	10.00	-9.385095
-2.898165	10.00	-22.80397	0	0.00	0.006571084	-9.348779	10.00	-9.350142
-2.898165	10.00	-22.79741	0	0.00	0.006557	-9.313739	10.00	-9.315101
-2.898165	10.00	-22.79084	0	0.00	0.00657376	-9.278667	10.00	-9.280027
-2.898165	10.00	-22.78426	0	0.00	0.006579816	-9.243634	10.00	-9.244991
-2.898165	10.00	-22.77769	0	0.00	0.006572492	-9.208498	10.00	-9.209854
-2.898165	10.00	-22.77109	0	0.00	0.006591505	-9.17313	10.00	-9.174484
-2.898165	10.00	-22.76446	0	0.00	0.006635447	-9.138268	10.00	-9.13962
-2.898165	10.00	-22.75792	0	0.00	0.006540522	-9.101512	10.00	-9.10286
-2.898165	10.00	-22.75102	0	0.00	0.006895857	-9.068281	10.00	-9.069628
-2.898165	10.00	-22.74479	0	0.00	0.006234199	-9.032803	10.00	-9.034147
-2.898165	10.00	-22.73684	0	0.00	0.007952087	-8.997864	10.00	-8.999206
-2.898165	10.00	-22.729	0	0.00	0.007830441	-8.963125	10.00	-8.964465
-2.898165	10.00	-22.72122	0	0.00	0.007786022	-8.927712	10.00	-8.929049
-2.898165	10.00	-22.71328	0	0.00	0.007936944	-8.893068	10.00	-8.894403
-2.898165	10.00	-22.70552	0	0.00	0.007764654	-8.857853	10.00	-8.859185
-2.898165	10.00	-22.69762	0	0.00	0.007892694	-8.822979	10.00	-8.82431
-2.898165	10.00	-22.68981	0	0.00	0.007816308	-8.787663	10.00	-8.788992
-2.898165	10.00	-22.67931	0	0.00	0.01049454	-8.752762	10.00	-8.75409
-2.907898	10.00	-22.66002	-0.009733517	0.00	0.01929179	-8.717797	10.00	-8.719122
-2.927227	10.00	-22.63559	-0.01932873	0.00	0.02443624	-8.666888	10.00	-8.66821
-2.99069	10.00	-22.56655	-0.06346282	0.00	0.06903992	-8.611723	10.00	-8.613043
-3.074569	10.00	-22.47058	-0.08387869	0.00	0.09596568	-8.577426	10.00	-8.578741
-3.131104	10.00	-22.40841	-0.056535	0.00	0.06217128	-8.542463	10.00	-8.543778
-3.194477	10.00	-22.34312	-0.06337282	0.00	0.06528789	-8.507399	10.00	-8.508712
-3.259958	10.00	-22.277	-0.06548135	0.00	0.0661216	-8.472374	10.00	-8.473685
-3.326	10.00	-22.21096	-0.06604233	0.00	0.06604233	-8.437428	10.00	-8.438737
-3.391898	10.00	-22.14506	-0.06589793	0.00	0.06589793	-8.401488	10.00	-8.402796
-3.459667	10.00	-22.07729	-0.06776933	0.00	0.06776933	-8.367346	10.00	-8.36865
-3.524051	10.00	-22.01291	-0.06438327	0.00	0.06438327	-8.332067	10.00	-8.333371
-3.590572	10.00	-21.94638	-0.06652079	0.00	0.06652079	-8.296883	10.00	-8.298184
-3.65692	10.00	-21.88004	-0.06634809	0.00	0.06634809	-8.262261	10.00	-8.263561
-3.722203	10.00	-21.81475	-0.06528357	0.00	0.06528357	-8.226819	10.00	-8.228117
-3.789035	10.00	-21.74792	-0.06683222	0.00	0.06683222	-8.191813	10.00	-8.19311
-3.855044	10.00	-21.68191	-0.06600835	0.00	0.06600835	-8.157141	10.00	-8.158434
-3.920428	10.00	-21.61653	-0.06538408	0.00	0.06538408	-8.122001	10.00	-8.123293
-3.986688	10.00	-21.55027	-0.06626032	0.00	0.06626032	-8.086523	10.00	-8.087813
-4.053588	10.00	-21.48337	-0.06690016	0.00	0.06690016	-8.051951	10.00	-8.053239
-4.118777	10.00	-21.41818	-0.06518874	0.00	0.06518874	-8.016472	10.00	-8.017757
-4.185681	10.00	-21.35127	-0.06690441	0.00	0.06690441	-7.981625	10.00	-7.982908
-4.251392	10.00	-21.28556	-0.06571108	0.00	0.06571108	-7.946461	10.00	-7.947742
-4.317699	10.00	-21.21926	-0.06630704	0.00	0.06630704	-7.911712	10.00	-7.912992
-4.383223	10.00	-21.155	-0.06552281	0.00	0.06425391	-7.876325	10.00	-7.877603
-4.449953	10.00	-21.09021	-0.0667303	0.00	0.06479187	-7.841619	10.00	-7.842895
-4.515396	10.00	-21.02667	-0.06544354	0.00	0.06354249	-7.806352	10.00	-7.807625
-4.581899	10.00	-20.9621	-0.06650239	0.00	0.06457058	-7.771395	10.00	-7.772666
-4.647818	10.00	-20.89809	-0.06591917	0.00	0.0640043	-7.73631	10.00	-7.73758
-4.713974	10.00	-20.83386	-0.06615558	0.00	0.06423384	-7.701241	10.00	-7.702509
-4.780104	10.00	-20.76965	-0.06613009	0.00	0.0642091	-7.666347	10.00	-7.667613
-4.845902	10.00	-20.70576	-0.06579885	0.00	0.06388748	-7.631289	10.00	-7.632553
-4.91201	10.00	-20.64158	-0.06610744	0.00	0.06418711	-7.595354	10.00	-7.596614
-4.979772	10.00	-20.57578	-0.06776226	0.00	0.06579385	-7.561153	10.00	-7.562412
-5.044264	10.00	-20.51316	-0.06449227	0.00	0.06261885	-7.526218	10.00	-7.527474
-5.110139	10.00	-20.4492	-0.06587529	0.00	0.0639617	-7.490718	10.00	-7.491972
-5.177082	10.00	-20.3842	-0.06694263	0.00	0.06499804	-7.455939	10.00	-7.457192
-5.242663	10.00	-20.32053	-0.06558084	0.00	0.06367581	-7.420944	10.00	-7.422195
-5.308653	10.00	-20.25645	-0.06598995	0.00	0.06407303	-7.385067	10.00	-7.386315
-5.376305	10.00	-20.19077	-0.06765184	0.00	0.06568664	-7.350937	10.00	-7.352183
-5.440661	10.00	-20.12828	-0.06435637	0.00	0.06248691	-7.315728	10.00	-7.316973
-5.507055	10.00	-20.06382	-0.06639339	0.00	0.06446475	-7.279299	10.00	-7.280541
-5.575748	10.00	-19.99712	-0.0686937	0.00	0.06669825	-7.245738	10.00	-7.246978
-5.639033	10.00	-19.93506	-0.06328478	0.00	0.06205922	-7.210603	10.00	-7.211841
-5.705288	10.00	-19.86945	-0.06625466	0.00	0.06561312	-7.175664	10.00	-7.1769
-5.77117	10.00	-19.8042	-0.06588237	0.00	0.06524444	-7.140534	10.00	-7.141768
-5.837415	10.00	-19.7386	-0.06624475	0.00	0.06560331	-7.105555	10.00	-7.106787
-5.903374	10.00	-19.67328	-0.06595881	0.00	0.06532013	-7.070396	10.00	-7.071625
-5.969672	10.00	-19.60762	-0.06629854	0.00	0.06565658	-7.035282	10.00	-7.036509
-6.035887	10.00	-19.54205	-0.06621502	0.00	0.06557387	-7.00028	10.00	-7.001505
-6.101889	10.00	-19.47668	-0.06600127	0.00	0.06536219	-6.965472	10.00	-6.966695
-6.167526	10.00	-19.41168	-0.06563747	0.00	0.0650019	-6.930249	10.00	-6.93147
-6.233945	10.00	-19.34591	-0.06641887	0.00	0.06577574	-6.895246	10.00	-6.896465
-6.299948	10.00	-19.28054	-0.06600269	0.00	0.06536359	-6.86029	10.00	-6.861506
-6.365864	10.00	-19.21527	-0.06591634	0.00	0.06527808	-6.825014	10.00	-6.82623
-6.432383	10.00	-19.15132	-0.06651937	0.00	0.06394298	-6.789933	10.00	-6.791146
-6.498533	10.00	-19.08838	-0.06614991	0.00	0.0629473	-6.75499	10.00	-6.756201
-6.564425	10.00	-19.02822	-0.06589227	0.00	0.06015002	-6.719953	10.00	-6.721163
-6.630495	10.00	-18.96855	-0.06606922	0.00	0.05967182	-6.684909	10.00	-6.686117
-6.696574	10.00	-18.90887	-0.06607913	0.00	0.05968076	-6.649754	10.00	-6.650959
-6.762865	10.00	-18.84579	-0.06629147	0.00	0.063082	-6.614974	10.00	-6.616177
-6.828449	10.00	-18.78275	-0.06558368	0.00	0.06304352	-6.579687	10.00	-6.580888
-6.894988	10.00	-18.71879	-0.06653919	0.00	0.06396203	-6.544802	10.00	-6.546002
-6.96077	10.00	-18.65555	-0.06578186	0.00	0.06323403	-6.50969	10.00	-6.510888
-7.026979	10.00	-18.59191	-0.06620936	0.00	0.06364498	-6.473134	10.00	-6.474328
-7.095915	10.00	-18.52564	-0.06893577	0.00	0.06626578	-6.439466	10.00	-6.44066
-7.159398	10.00	-18.46462	-0.06348296	0.00	0.06102417	-6.404078	10.00	-6.405269
-7.226131	10.00	-18.39853	-0.06673313	0.00	0.06608696	-6.369474	10.00	-6.370664
-7.291381	10.00	-18.33328	-0.06524961	0.00	0.06524961	-6.318947	10.00	-6.320134
-7.386659	10.00	-18.238	-0.09527823	0.00	0.09527823	-6.26342	10.00	-6.264602
-7.491366	10.00	-18.1333	-0.1047074	0.00	0.1047074	-6.229104	10.00	-6.230285
-7.556074	10.00	-18.06859	-0.06470744	0.00	0.06470744	-6.194134	10.00	-6.195313
-7.622016	10.00	-18.00265	-0.06594182	0.00	0.06594182	-6.158819	10.00	-6.159997
-7.688607	10.00	-17.93605	-0.06659157	0.00	0.06659157	-6.124019	10.00	-6.125195
-7.752323	10.00	-17.87043	-0.06371567	0.00	0.0656219	-6.088743	10.00	-6.089915
-7.813691	10.00	-17.80391	-0.06136788	0.00	0.06652079	-6.053826	10.00	-6.054998
-7.872517	10.00	-17.73807	-0.05882592	0.00	0.06583849	-6.01886	10.00	-6.02003
-7.929514	10.00	-17.67214	-0.05699782	0.00	0.06593616	-5.98383	10.00	-5.984998
-7.986614	10.00	-17.60608	-0.05709939	0.00	0.06605365	-5.948748	10.00	-5.949913
-8.043801	10.00	-17.53993	-0.0571875	0.00	0.06615558	-5.913603	10.00	-5.914765
-8.10109	10.00	-17.47365	-0.05728906	0.00	0.06627306	-5.878876	10.00	-5.880037
-8.156427	10.00	-17.40817	-0.05533692	0.00	0.06548176	-5.843572	10.00	-5.844731
-8.211396	10.00	-17.3416	-0.05496883	0.00	0.06657175	-5.808797	10.00	-5.809954
-8.265541	10.00	-17.27603	-0.05414479	0.00	0.06557377	-5.773013	10.00	-5.774168
-8.319298	10.00	-17.20855	-0.05375676	0.00	0.06747772	-5.738636	10.00	-5.739789
-8.370313	10.00	-17.14373	-0.05101458	0.00	0.06482352	-5.703623	10.00	-5.704774
-8.422271	10.00	-17.0777	-0.05195816	0.00	0.06602251	-5.668462	10.00	-5.669611
-8.474449	10.00	-17.0114	-0.05217874	0.00	0.06630279	-5.633439	10.00	-5.634585
-8.526423	10.00	-16.94536	-0.05197376	0.00	0.06604233	-5.598379	10.00	-5.599525
-8.57717	10.00	-16.87925	-0.05074696	0.00	0.06611028	-5.563085	10.00	-5.564227
-8.627614	10.00	-16.81269	-0.05044371	0.00	0.06655476	-5.528113	10.00	-5.529253
-8.676957	10.00	-16.74675	-0.04934381	0.00	0.06594606	-5.493343	10.00	-5.494483
-8.726014	10.00	-16.68118	-0.04905678	0.00	0.06556245	-5.458093	10.00	-5.459229
-8.775751	10.00	-16.61471	-0.04973678	0.00	0.06647125	-5.423058	10.00	-5.424192
-8.823905	10.00	-16.54865	-0.04815339	0.00	0.06606498	-5.388198	10.00	-5.389331
-8.87118	10.00	-16.48291	-0.04727546	0.00	0.06573373	-5.35275	10.00	-5.353881
-8.916665	10.00	-16.41607	-0.04548468	0.00	0.06684354	-5.318038	10.00	-5.319166
-8.959303	10.00	-16.35062	-0.04263835	0.00	0.06545486	-5.282733	10.00	-5.283859
-9.001382	10.00	-16.28404	-0.04207849	0.00	0.06657458	-5.247045	10.00	-5.248169
-9.041309	10.00	-16.21675	-0.03992829	0.00	0.06729653	-5.212762	10.00	-5.213883
-9.074658	10.00	-16.1521	-0.0333483	0.00	0.06464656	-5.177814	10.00	-5.178935
-9.107376	10.00	-16.0862	-0.03271766	0.00	0.06589793	-5.142787	10.00	-5.143906
-9.132495	10.00	-16.02015	-0.02511882	0.00	0.06605082	-5.107529	10.00	-5.108645
-9.142328	10.00	-15.95366	-0.009833597	0.00	0.0664854	-5.072659	10.00	-5.073773
-9.146323	10.00	-15.88791	-0.003995193	0.00	0.06575355	-5.03762	10.00	-5.038732
-9.146323	10.00	-15.82184	0	0.00	0.06607205	-5.002754	10.00	-5.003863
-9.146323	10.00	-15.75609	0	0.00	0.06574647	-4.967176	10.00	-4.968282
-9.146323	10.00	-15.689	0	0.00	0.06708986	-4.932516	10.00	-4.933621
-9.146323	10.00	-15.62364	0	0.00	0.06535719	-4.89747	10.00	-4.898572
-9.146323	10.00	-15.55756	0	0.00	0.06608621	-4.861827	10.00	-4.862928
-9.146323	10.00	-15.49035	0	0.00	0.06720876	-4.82732	10.00	-4.828418
-9.146323	10.00	-15.42528	0	0.00	0.06507124	-4.792129	10.00	-4.793225
-9.146323	10.00	-15.35892	0	0.00	0.06635942	-4.757	10.00	-4.758095
-9.146323	10.00	-15.29268	0	0.00	0.06623909	-4.722016	10.00	-4.723108
-9.146323	10.00	-15.22671	0	0.00	0.06596871	-4.687129	10.00	-4.68822
-9.146323	10.00	-15.16093	0	0.00	0.06578469	-4.651841	10.00	-4.65293
-9.146323	10.00	-15.09439	0	0.00	0.06654061	-4.617057	10.00	-4.618145
-9.146323	10.00	-15.0288	0	0.00	0.06559075	-4.581868	10.00	-4.582952
-9.146323	10.00	-14.96244	0	0.00	0.066358	-4.546839	10.00	-4.547923
-9.146323	10.00	-14.89639	0	0.00	0.06605082	-4.511851	10.00	-4.512933
-9.146323	10.00	-14.83041	0	0.00	0.06597579	-4.476932	10.00	-4.478011
-9.146323	10.00	-14.76456	0	0.00	0.0658484	-4.441816	10.00	-4.442894
-9.146323	10.00	-14.69835	0	0.00	0.06621502	-4.40674	10.00	-4.407815
-9.146323	10.00	-14.63221	0	0.00	0.06614283	-4.371726	10.00	-4.372799
-9.146323	10.00	-14.56618	0	0.00	0.06602534	-4.336699	10.00	-4.33777
-9.146323	10.00	-14.50013	0	0.00	0.0660494	-4.301518	10.00	-4.302587
-9.146323	10.00	-14.43379	0	0.00	0.0663396	-4.266656	10.00	-4.267724
-9.146323	10.00	-14.36805	0	0.00	0.06573656	-4.231565	10.00	-4.23263
-9.146323	10.00	-14.30188	0	0.00	0.06617256	-4.196527	10.00	-4.19759
-9.146323	10.00	-14.23581	0	0.00	0.06606922	-4.161066	10.00	-4.162127
-9.146323	10.00	-14.16894	0	0.00	0.0668676	-4.126391	10.00	-4.127451
-9.146323	10.00	-14.10356	0	0.00	0.06538408	-4.091406	10.00	-4.092463
-9.146323	10.00	-14.03759	0	0.00	0.06597296	-4.056111	10.00	-4.057167
-9.146323	10.00	-13.97103	0	0.00	0.06655335	-4.021487	10.00	-4.022541
-9.146323	10.00	-13.90574	0	0.00	0.06528924	-3.986195	10.00	-3.987247
-9.146323	10.00	-13.8392	0	0.00	0.0665491	-3.950264	10.00	-3.951313
-9.146323	10.00	-13.77144	0	0.00	0.06775518	-3.915949	10.00	-3.916996
-9.146323	10.00	-13.70673	0	0.00	0.06470744	-3.880934	10.00	-3.881979
-9.146323	10.00	-13.64071	0	0.00	0.06602675	-3.845958	10.00	-3.847002
-9.146323	10.00	-13.57475	0	0.00	0.06595173	-3.809137	10.00	-3.810178
-9.146323	10.00	-13.50532	0	0.00	0.06943263	-3.775659	10.00	-3.776698
-9.146323	10.00	-13.44219	0	0.00	0.06312907	-3.740712	10.00	-3.741749
-9.146323	10.00	-13.3763	0	0.00	0.06589793	-3.70561	10.00	-3.706645
-9.146323	10.00	-13.3101	0	0.00	0.06619238	-3.670592	10.00	-3.671625
-9.146323	10.00	-13.24407	0	0.00	0.06603242	-3.635602	10.00	-3.636633
-9.146323	10.00	-13.17809	0	0.00	0.06597862	-3.600098	10.00	-3.601127
-9.146323	10.00	-13.11114	0	0.00	0.06694971	-3.564781	10.00	-3.565808
-9.146323	10.00	-13.04455	0	0.00	0.06659582	-3.53052	10.00	-3.531545
-9.146323	10.00	-12.97994	0	0.00	0.06460552	-3.495306	10.00	-3.496329
-9.146323	10.00	-12.91354	0	0.00	0.06640188	-3.458853	10.00	-3.459874
-9.146323	10.00	-12.8448	0	0.00	0.06873758	-3.424949	10.00	-3.425968
-9.146323	10.00	-12.78087	0	0.00	0.0639317	-3.389971	10.00	-3.390988
-9.146323	10.00	-12.71491	0	0.00	0.06595739	-3.355085	10.00	-3.3561
-9.146323	10.00	-12.64913	0	0.00	0.06578328	-3.320155	10.00	-3.321167
-9.146323	10.00	-12.58326	0	0.00	0.06586821	-3.284237	10.00	-3.285248
-9.146323	10.00	-12.51553	0	0.00	0.06772828	-3.250155	10.00	-3.251164
-9.146323	10.00	-12.45127	0	0.00	0.0642672	-3.215416	10.00	-3.216423
-9.146323	10.00	-12.38576	0	0.00	0.06550724	-3.180414	10.00	-3.181419
-9.146323	10.00	-12.31976	0	0.00	0.06600127	-3.144717	10.00	-3.14572
-9.146323	10.00	-12.25244	0	0.00	0.06731351	-3.110313	10.00	-3.111314
-9.146323	10.00	-12.18757	0	0.00	0.06487448	-3.07541	10.00	-3.076409
-9.146323	10.00	-12.12175	0	0.00	0.06581584	-3.04037	10.00	-3.041367
-9.146323	10.00	-12.05568	0	0.00	0.06607347	-3.005361	10.00	-3.006356
-9.146323	10.00	-11.98966	0	0.00	0.06601543	-2.969551	10.00	-2.970543
-9.146323	10.00	-11.92214	0	0.00	0.06752726	-2.9353	10.00	-2.936291
-9.146323	10.00	-11.85755	0	0.00	0.0645857	-2.900327	10.00	-2.901315
-9.146323	10.00	-11.7916	0	0.00	0.06594748	-2.864521	10.00	-2.865508
-9.146323	10.00	-11.72409	0	0.00	0.06751736	-2.829569	10.00	-2.830554
-9.146323	10.00	-11.65818	0	0.00	0.06590784	-2.793827	10.00	-2.794809
-9.146323	10.00	-11.59078	0	0.00	0.06739987	-2.758508	10.00	-2.759489
-9.146323	10.00	-11.52418	0	0.00	0.06659723	-2.723552	10.00	-2.724531
-9.146323	10.00	-11.45826	0	0.00	0.06591634	-2.688998	10.00	-2.689975
-9.146323	10.00	-11.39311	0	0.00	0.06515759	-2.652384	10.00	-2.653359
-9.146323	10.00	-11.32407	0	0.00	0.06904194	-2.619127	10.00	-2.6201
-9.146323	10.00	-11.26135	0	0.00	0.06271289	-2.583973	10.00	-2.584944
-9.146323	10.00	-11.19506	0	0.00	0.06628864	-2.548252	10.00	-2.549221
-9.146323	10.00	-11.12771	0	0.00	0.0673574	-2.513915	10.00	-2.514881
-9.146323	10.00	-11.06296	0	0.00	0.0647499	-2.478798	10.00	-2.479762
-9.146323	10.00	-10.99674	0	0.00	0.06621927	-2.442495	10.00	-2.443457
-9.146323	10.00	-10.92828	0	0.00	0.06845588	-2.408954	10.00	-2.409914
-9.146323	10.00	-10.86504	0	0.00	0.06324656	-2.373712	10.00	-2.374671
-9.146323	10.00	-10.79858	0	0.00	0.06645426	-2.337812	10.00	-2.338768
-9.146323	10.00	-10.73088	0	0.00	0.06769572	-2.303616	10.00	-2.304569
-9.146323	10.00	-10.6664	0	0.00	0.06448378	-2.268715	10.00	-2.269667
-9.146323	10.00	-10.60059	0	0.00	0.06581017	-2.233775	10.00	-2.234725
-9.146323	10.00	-10.5347	0	0.00	0.06588662	-2.19855	10.00	-2.199497
-9.146323	10.00	-10.46828	0	0.00	0.06642312	-2.163702	10.00	-2.164648
-9.146323	10.00	-10.40257	0	0.00	0.06571108	-2.12847	10.00	-2.129414
-9.146323	10.00	-10.33613	0	0.00	0.06643586	-2.093414	10.00	-2.094357
-9.146323	10.00	-10.27003	0	0.00	0.0661032	-2.058446	10.00	-2.059386
-9.146323	10.00	-10.20409	0	0.00	0.06593899	-2.022623	10.00	-2.02356
-9.146323	10.00	-10.13654	0	0.00	0.06755275	-1.988287	10.00	-1.989223
-9.146323	10.00	-10.07179	0	0.00	0.06474424	-1.953323	10.00	-1.954257
-9.146323	10.00	-10.00586	0	0.00	0.06593049	-1.918292	10.00	-1.919223
-9.146323	10.00	-9.939807	0	0.00	0.0660579	-1.883052	10.00	-1.883982
-9.146323	10.00	-9.873357	0	0.00	0.06645001	-1.848265	10.00	-1.849193
-9.146323	10.00	-9.807758	0	0.00	0.06559783	-1.812845	10.00	-1.81377
-9.146323	10.00	-9.740968	0	0.00	0.06679117	-1.778025	10.00	-1.778949
-9.146323	10.00	-9.67531	0	0.00	0.06565729	-1.742716	10.00	-1.743638
-9.146323	10.00	-9.608728	0	0.00	0.06658166	-1.708026	10.00	-1.708946
-9.146323	10.00	-9.543315	0	0.00	0.06541381	-1.67297	10.00	-1.673887
-9.146323	10.00	-9.477209	0	0.00	0.06610603	-1.637867	10.00	-1.638783
-9.146323	10.00	-9.411017	0	0.00	0.06619097	-1.60287	10.00	-1.603783
-9.146323	10.00	-9.345023	0	0.00	0.0659942	-1.56772	10.00	-1.568631
-9.146323	10.00	-9.278742	0	0.00	0.06628156	-1.532692	10.00	-1.533601
-9.146323	10.00	-9.212691	0	0.00	0.06605082	-1.497348	10.00	-1.498255
-9.146323	10.00	-9.146045	0	0.00	0.06664678	-1.462521	10.00	-1.463426
-9.146323	10.00	-9.080372	0	0.00	0.06567286	-1.42758	10.00	-1.428483
-9.146323	10.00	-9.014485	0	0.00	0.06588662	-1.3923	10.00	-1.393201
-9.146323	10.00	-8.947958	0	0.00	0.06652645	-1.357022	10.00	-1.357921
-9.146323	10.00	-8.881434	0	0.00	0.06652362	-1.322323	10.00	-1.32322
-9.146323	10.00	-8.816006	0	0.00	0.06542938	-1.287311	10.00	-1.288206
-9.146323	10.00	-8.749983	0	0.00	0.06602251	-1.251923	10.00	-1.252816
-9.146323	10.00	-8.683252	0	0.00	0.0667303	-1.216943	10.00	-1.217834
-9.146323	10.00	-8.617292	0	0.00	0.06596022	-1.18194	10.00	-1.182829
-9.146323	10.00	-8.551289	0	0.00	0.0660041	-1.145684	10.00	-1.14657
-9.146323	10.00	-8.482921	0	0.00	0.06836812	-1.111651	10.00	-1.112535
-9.146323	10.00	-8.418745	0	0.00	0.06417518	-1.076722	10.00	-1.077605
-9.146323	10.00	-8.352881	0	0.00	0.06586397	-1.04092	10.00	-1.041801
-9.146323	10.00	-8.285371	0	0.00	0.06751028	-1.006693	10.00	-1.007571
-9.146323	10.00	-8.220829	0	0.00	0.06454182	-0.9717309	10.00	-0.9726077
-9.146323	10.00	-8.154902	0	0.00	0.06592625	-0.9351111	10.00	-0.9359856
-9.146323	10.00	-8.08585	0	0.00	0.06905326	-0.9013214	10.00	-0.9021937
-9.146323	10.00	-8.022133	0	0.00	0.06371653	-0.8663807	10.00	-0.8672513
-9.146323	10.00	-7.956246	0	0.00	0.06588662	-0.8301885	10.00	-0.831057
-9.146323	10.00	-7.888	0	0.00	0.06824638	-0.796505	10.00	-0.7973711
-9.146323	10.00	-7.824483	0	0.00	0.06351694	-0.7610619	10.00	-0.7619262
-9.146323	10.00	-7.757649	0	0.00	0.06683364	-0.7245057	10.00	-0.725368
-9.146323	10.00	-7.688716	0	0.00	0.06893294	-0.6914111	10.00	-0.6922713
-9.146323	10.00	-7.626311	0	0.00	0.06240571	-0.6563698	10.00	-0.6572279
-9.146323	10.00	-7.560235	0	0.00	0.0660763	-0.6217594	10.00	-0.6226157
-9.146323	10.00	-7.494971	0	0.00	0.06526376	-0.5859398	10.00	-0.5867941
-9.146323	10.00	-7.427426	0	0.00	0.06754425	-0.5518088	10.00	-0.5526606
-9.146323	10.00	-7.363066	0	0.00	0.06436062	-0.5168105	10.00	-0.5176609
-9.146323	10.00	-7.297071	0	0.00	0.0659942	-0.4815067	10.00	-0.4823547
-9.146323	10.00	-7.2305	0	0.00	0.06657175	-0.4467915	10.00	-0.4476374
-9.146323	10.00	-7.165038	0	0.00	0.06546194	-0.4115888	10.00	-0.4124326
-9.146323	10.00	-7.098657	0	0.00	0.06638065	-0.3765604	10.00	-0.3774022
-9.146323	10.00	-7.032605	0	0.00	0.06605224	-0.3413073	10.00	-0.3421473
-9.146323	10.00	-6.966129	0	0.00	0.0664755	-0.3058681	10.00	-0.3067061
-9.146323	10.00	-6.899303	0	0.00	0.06682656	-0.2707933	10.00	-0.271629
-9.146323	10.00	-6.833163	0	0.00	0.06614	-0.235481	10.00	-0.2363147
-9.146323	10.00	-6.766576	0	0.00	0.06658732	-0.2007437	10.00	-0.2015756
-9.146323	10.00	-6.701073	0	0.00	0.06550299	-0.1656935	10.00	-0.1665232
-9.146323	10.00	-6.634979	0	0.00	0.06609329	-0.1307476	10.00	-0.1315753
-9.146323	10.00	-6.569083	0	0.00	0.06589652	-0.0956185	10.00	-0.09644422
-9.146323	10.00	-6.502841	0	0.00	0.06624192	-0.06019284	10.00	-0.06101658
-9.146323	10.00	-6.43604	0	0.00	0.06680108	-0.02538875	10.00	-0.02621051
-9.146323	10.00	-6.370411	0	0.00	0.06562898	0.009525592	10.00	0.00870588
-9.146323	10.00	-6.304574	0	0.00	0.06583707	0.04445575	10.00	0.04363792
-9.146323	10.00	-6.238707	0	0.00	0.0658668	0.07974313	10.00	0.07892761
-9.146323	10.00	-6.172166	0	0.00	0.06654061	0.114743	10.00	0.1139295
-9.146323	10.00	-6.106168	0	0.00	0.06599844	0.1495681	10.00	0.1487565
-9.146323	10.00	-6.040499	0	0.00	0.06566861	0.1855402	10.00	0.1847309
-9.146323	10.00	-5.972668	0	0.00	0.06783161	0.2198915	10.00	0.219084
-9.146323	10.00	-5.907892	0	0.00	0.06477538	0.2546327	10.00	0.2538272
-9.146323	10.00	-5.842382	0	0.00	0.06551007	0.2899193	10.00	0.2891158
-9.146323	10.00	-5.775843	0	0.00	0.06653919	0.3250514	10.00	0.32425
-9.146323	10.00	-5.709596	0	0.00	0.06624758	0.3598733	10.00	0.3590741
-9.146323	10.00	-5.643932	0	0.00	0.06566295	0.3950309	10.00	0.3942336
-9.142937	10.00	-5.577637	0.003386201	0.00	0.06629571	0.4299356	10.00	0.4291402
-9.138301	10.00	-5.511818	0.004636464	0.00	0.06581867	0.4651525	10.00	0.4643592
-9.131694	10.00	-5.445411	0.006606998	0.00	0.06640755	0.5001073	10.00	0.4993161
-9.124497	10.00	-5.379497	0.007196077	0.00	0.06591351	0.5354344	10.00	0.5346454
-9.115934	10.00	-5.312881	0.008562795	0.00	0.06661563	0.5707549	10.00	0.5699679
-9.107373	10.00	-5.246279	0.008561158	0.00	0.06660289	0.6058908	10.00	0.6051058
-9.098857	10.00	-5.180024	0.008516395	0.00	0.06625466	0.6408818	10.00	0.6400989
-9.090376	10.00	-5.114042	0.008481277	0.00	0.06598146	0.6768342	10.00	0.6760535
-9.081661	10.00	-5.046247	0.008714367	0.00	0.06779481	0.7105575	10.00	0.7097785
-9.073487	10.00	-4.982657	0.00817395	0.00	0.06359055	0.7454749	10.00	0.7446979
-9.065024	10.00	-4.916814	0.008463446	0.00	0.06584273	0.7809191	10.00	0.7801443
-9.056433	10.00	-4.849978	0.008591181	0.00	0.06683646	0.8177251	10.00	0.8169525
-9.04684	10.00	-4.780573	0.009593287	0.00	0.06940432	0.8506631	10.00	0.8498923
-9.037653	10.00	-4.718464	0.009186426	0.00	0.06210985	0.8858514	10.00	0.8850827
-9.02784	10.00	-4.65211	0.009814125	0.00	0.06635375	0.9217147	10.00	0.9209479
-9.017837	10.00	-4.584484	0.01000235	0.00	0.06762636	0.9560007	10.00	0.9552361
-9.008274	10.00	-4.519831	0.009562459	0.00	0.06465223	0.9908813	10.00	0.9901186
-8.998547	10.00	-4.454058	0.009728282	0.00	0.06577337	1.026025	10.00	1.025264
-8.988745	10.00	-4.387789	0.009801562	0.00	0.06626882	1.061052	10.00	1.060293
-8.978336	10.00	-4.32174	0.01040866	0.00	0.0660494	1.095929	10.00	1.095172
-8.967972	10.00	-4.255973	0.01036404	0.00	0.06576629	1.131266	10.00	1.130512
-8.957471	10.00	-4.189338	0.01050101	0.00	0.06663545	1.166103	10.00	1.165351
-8.947119	10.00	-4.123647	0.01035222	0.00	0.06569126	1.201439	10.00	1.200688
-8.936618	10.00	-4.057015	0.01050034	0.00	0.06663121	1.236456	10.00	1.235708
-8.925573	10.00	-3.990985	0.01104513	0.00	0.066031	1.271437	10.00	1.270691
-8.911984	10.00	-3.925022	0.01358861	0.00	0.06596305	1.306267	10.00	1.305523
-8.896546	10.00	-3.859343	0.01543787	0.00	0.06567852	1.341576	10.00	1.340834
-8.878963	10.00	-3.792763	0.01758389	0.00	0.06658024	1.376382	10.00	1.375642
-8.860993	10.00	-3.727129	0.0179693	0.00	0.06563322	1.411429	10.00	1.41069
-8.8429	10.00	-3.661043	0.01809332	0.00	0.06608621	1.446559	10.00	1.445823
-8.824763	10.00	-3.594799	0.01813673	0.00	0.06624475	1.483749	10.00	1.483015
-8.805564	10.00	-3.524671	0.01919981	0.00	0.07012768	1.516696	10.00	1.515964
-8.788554	10.00	-3.462544	0.01700931	0.00	0.06212684	1.551746	10.00	1.551016
-8.770459	10.00	-3.396451	0.01809526	0.00	0.06609329	1.587774	10.00	1.587046
-8.751859	10.00	-3.328513	0.01860025	0.00	0.06793778	1.621924	10.00	1.621198
-8.732982	10.00	-3.264118	0.01887723	0.00	0.06439459	1.656955	10.00	1.656231
-8.712977	10.00	-3.198061	0.02000446	0.00	0.0660579	1.692065	10.00	1.691344
-8.692286	10.00	-3.131854	0.02069054	0.00	0.06620653	1.72697	10.00	1.72625
-8.671718	10.00	-3.066035	0.02056933	0.00	0.06581867	1.761959	10.00	1.761241
-8.651098	10.00	-3.000058	0.02061888	0.00	0.06597721	1.797143	10.00	1.796427
-8.630364	10.00	-2.933713	0.0207339	0.00	0.06634526	1.832329	10.00	1.831616
-8.609629	10.00	-2.867362	0.02073567	0.00	0.06635092	1.86717	10.00	1.866459
-8.589097	10.00	-2.801664	0.02053173	0.00	0.06569834	1.902365	10.00	1.901656
-8.568357	10.00	-2.735297	0.02074053	0.00	0.06636649	1.937465	10.00	1.936758
-8.547672	10.00	-2.66911	0.02068435	0.00	0.06618672	1.972325	10.00	1.97162
-8.527129	10.00	-2.603375	0.02054323	0.00	0.06573515	2.0074	10.00	2.006696
-8.506459	10.00	-2.537237	0.02066931	0.00	0.06613859	2.042244	10.00	2.041543
-8.485926	10.00	-2.471531	0.02053394	0.00	0.06570542	2.077886	10.00	2.077187
-8.464922	10.00	-2.404322	0.02100375	0.00	0.06720876	2.112478	10.00	2.111781
-8.444536	10.00	-2.339093	0.0203853	0.00	0.06522979	2.147533	10.00	2.146838
-8.423879	10.00	-2.272991	0.02065781	0.00	0.06610178	2.182553	10.00	2.18186
-8.403241	10.00	-2.206954	0.02063746	0.00	0.06603666	2.21772	10.00	2.217029
-8.382518	10.00	-2.140641	0.02072372	0.00	0.0663127	2.252872	10.00	2.252182
-8.361803	10.00	-2.074357	0.02071488	0.00	0.06628439	2.28971	10.00	2.289023
-8.340094	10.00	-2.004892	0.02170892	0.00	0.06946519	2.322828	10.00	2.322143
-8.320578	10.00	-1.942442	0.01951644	0.00	0.06244959	2.35773	10.00	2.357047
-8.30001	10.00	-1.876628	0.020568	0.00	0.06581442	2.392836	10.00	2.392155
-8.279322	10.00	-1.81043	0.02068789	0.00	0.06619804	2.42794	10.00	2.427261
-8.258635	10.00	-1.744235	0.02068701	0.00	0.06619521	2.462831	10.00	2.462153
-8.238073	10.00	-1.678443	0.02056092	0.00	0.06579177	2.498372	10.00	2.497697
-8.217129	10.00	-1.611424	0.02094448	0.00	0.06701908	2.533007	10.00	2.532334
-8.196718	10.00	-1.546113	0.02041051	0.00	0.06531047	2.568146	10.00	2.567475
-8.176011	10.00	-1.479853	0.02070735	0.00	0.06626032	2.603113	10.00	2.602444
-8.155405	10.00	-1.413916	0.02060649	0.00	0.06593757	2.638019	10.00	2.637352
-8.134835	10.00	-1.348095	0.02056977	0.00	0.06582008	2.673295	10.00	2.672631
-8.114046	10.00	-1.281575	0.02078875	0.00	0.06652079	2.708118	10.00	2.707456
-8.093525	10.00	-1.21591	0.02052111	0.00	0.06566437	2.743549	10.00	2.742888
-8.072646	10.00	-1.149099	0.02087945	0.00	0.06681099	2.778301	10.00	2.777642
-8.052167	10.00	-1.083569	0.02047908	0.00	0.06552989	2.813495	10.00	2.812839
-8.031426	10.00	-1.017204	0.02074009	0.00	0.06636508	2.84836	10.00	2.847706
-8.01088	10.00	-0.9514607	0.02054588	0.00	0.06574364	2.883452	10.00	2.8828
-7.990201	10.00	-0.8852881	0.02067993	0.00	0.06617256	2.918558	10.00	2.917908
-7.969513	10.00	-0.81909	0.02068789	0.00	0.06619804	2.953674	10.00	2.953025
-7.948819	10.00	-0.7528736	0.02069364	0.00	0.06621644	2.988659	10.00	2.988013
-7.92948	10.00	-0.686902	0.01933952	0.00	0.06597155	3.023669	10.00	3.023025
-7.910127	10.00	-0.6208852	0.0193528	0.00	0.06601685	3.058832	10.00	3.058189
-7.890048	10.00	-0.5545796	0.02007948	0.00	0.06630562	3.095814	10.00	3.095174
-7.868929	10.00	-0.4848426	0.02111861	0.00	0.06973698	3.128909	10.00	3.128271
-7.850635	10.00	-0.4224369	0.01829419	0.00	0.06240571	3.163837	10.00	3.163201
-7.831965	10.00	-0.3565744	0.01866983	0.00	0.06586255	3.199301	10.00	3.198667
-7.813008	10.00	-0.2897011	0.01895633	0.00	0.06687327	3.234015	10.00	3.233383
-7.794453	10.00	-0.2242406	0.01855586	0.00	0.06546053	3.269288	10.00	3.268658
-7.775599	10.00	-0.1577283	0.01885401	0.00	0.0665123	3.304256	10.00	3.303628
-7.756907	10.00	-0.09178926	0.01869149	0.00	0.06593899	3.339232	10.00	3.338605
-7.738212	10.00	-0.02583754	0.0186951	0.00	0.06595173	3.374276	10.00	3.373652
-7.71948	10.00	0.04024443	0.01873202	0.00	0.06608196	3.409293	10.00	3.408671
-7.700762	10.00	0.1062754	0.01871758	0.00	0.066031	3.444271	10.00	3.443651
-7.682065	10.00	0.1722328	0.01869671	0.00	0.06595739	3.479519	10.00	3.478901
-7.663225	10.00	0.2386984	0.01884077	0.00	0.06646559	3.514404	10.00	3.513788
-7.644578	10.00	0.3044803	0.01864695	0.00	0.06578186	3.549486	10.00	3.548872
-7.625826	10.00	0.370633	0.01875209	0.00	0.06615274	3.58462	10.00	3.584008
-7.607046	10.00	0.4368849	0.01878017	0.00	0.06625183	3.61959	10.00	3.61898
-7.588353	10.00	0.5028266	0.0186923	0.00	0.06594182	3.654439	10.00	3.653831
-7.569726	10.00	0.5685406	0.01862769	0.00	0.06571391	3.689727	10.00	3.689121
-7.552152	10.00	0.6350826	0.01757379	0.00	0.06654202	3.724837	10.00	3.724234
-7.535308	10.00	0.7012891	0.01684412	0.00	0.06620653	3.75984	10.00	3.759238
-7.518516	10.00	0.7672918	0.01679226	0.00	0.06600269	3.795169	10.00	3.794569
-7.501566	10.00	0.8339117	0.01694929	0.00	0.06661988	3.82993	10.00	3.829332
-7.484255	10.00	0.8994586	0.01731098	0.00	0.06554688	3.865201	10.00	3.864605
-7.466046	10.00	0.965968	0.0182092	0.00	0.06650947	3.901966	10.00	3.901373
-7.447065	10.00	1.035296	0.01898084	0.00	0.06932788	3.934978	10.00	3.934387
-7.430022	10.00	1.097546	0.01704303	0.00	0.06225	3.970384	10.00	3.969795
-7.413036	10.00	1.16431	0.01698602	0.00	0.06676427	4.00554	10.00	4.004952
-7.396171	10.00	1.230602	0.01686573	0.00	0.06629147	4.040119	10.00	4.039534
-7.379581	10.00	1.295806	0.01658914	0.00	0.06520431	4.075163	10.00	4.074581
-7.363409	10.00	1.361889	0.01617291	0.00	0.06608338	4.110653	10.00	4.110073
-7.347678	10.00	1.428812	0.01573034	0.00	0.06692281	4.145391	10.00	4.144812
-7.332282	10.00	1.494315	0.01539661	0.00	0.06550299	4.180561	10.00	4.179983
-7.316693	10.00	1.560634	0.01558827	0.00	0.06631836	4.21541	10.00	4.214835
-7.301247	10.00	1.626349	0.01544652	0.00	0.06571533	4.250452	10.00	4.249879
-7.285715	10.00	1.692427	0.0155317	0.00	0.06607772	4.285871	10.00	4.2853
-7.270016	10.00	1.759215	0.01569874	0.00	0.06678834	4.32062	10.00	4.320051
-7.254614	10.00	1.824741	0.01540194	0.00	0.06552564	4.355781	10.00	4.355214
-7.23903	10.00	1.891042	0.01558427	0.00	0.06630138	4.390724	10.00	4.390158
-7.223542	10.00	1.956933	0.01548778	0.00	0.06589086	4.42577	10.00	4.425207
-7.208008	10.00	2.023019	0.0155337	0.00	0.06608621	4.461017	10.00	4.460456
-7.192386	10.00	2.089483	0.01562254	0.00	0.06646417	4.496214	10.00	4.495656
-7.176785	10.00	2.155854	0.01560058	0.00	0.06637074	4.530995	10.00	4.530437
-7.16137	10.00	2.221437	0.01541558	0.00	0.06558368	4.56606	10.00	4.565505
-7.145827	10.00	2.287561	0.01554235	0.00	0.06612302	4.601166	10.00	4.600613
-7.130268	10.00	2.353759	0.01555999	0.00	0.06619804	4.63609	10.00	4.63554
-7.114788	10.00	2.419614	0.01547946	0.00	0.06585547	4.671196	10.00	4.670646
-7.099228	10.00	2.485811	0.01555965	0.00	0.06619663	4.708122	10.00	4.707575
-7.082861	10.00	2.555442	0.01636687	0.00	0.06963082	4.741112	10.00	4.740567
-7.068239	10.00	2.617652	0.01462267	0.00	0.06221036	4.776344	10.00	4.775802
-7.052623	10.00	2.684088	0.01561589	0.00	0.06643586	4.811687	10.00	4.811147
-7.036958	10.00	2.750733	0.01566513	0.00	0.06664536	4.846182	10.00	4.845643
-7.021668	10.00	2.815779	0.01528914	0.00	0.06504576	4.881705	10.00	4.881169
-7.005924	10.00	2.882764	0.01574499	0.00	0.0669851	4.916737	10.00	4.916203
-6.990396	10.00	2.948823	0.01552738	0.00	0.06605931	4.951158	10.00	4.950625
-6.97514	10.00	3.013729	0.0152562	0.00	0.06490562	4.98656	10.00	4.98603
-6.959449	10.00	3.080486	0.01569142	0.00	0.06675719	5.021556	10.00	5.021028
-6.943937	10.00	3.146477	0.01551141	0.00	0.06599136	5.056511	10.00	5.055985
-6.928444	10.00	3.212392	0.01549344	0.00	0.06591492	5.09159	10.00	5.091066
-6.912896	10.00	3.278539	0.01554801	0.00	0.06614708	5.127504	10.00	5.126982
-6.896978	10.00	3.346261	0.01591801	0.00	0.0677212	5.161754	10.00	5.161233
-6.881797	10.00	3.410844	0.01518034	0.00	0.06458287	5.196757	10.00	5.196239
-6.866283	10.00	3.476849	0.01551473	0.00	0.06600552	5.231786	10.00	5.231269
-6.850757	10.00	3.542901	0.01552571	0.00	0.06605224	5.26682	10.00	5.266304
-6.835229	10.00	3.608963	0.01552804	0.00	0.06606214	5.30193	10.00	5.301417
-6.819667	10.00	3.67517	0.01556198	0.00	0.06620653	5.336889	10.00	5.336379
-6.804172	10.00	3.741092	0.0154951	0.00	0.065922	5.37187	10.00	5.371361
-6.788668	10.00	3.807054	0.01550442	0.00	0.06596164	5.406998	10.00	5.406492
-6.773098	10.00	3.873294	0.01556997	0.00	0.0662405	5.442162	10.00	5.441658
-6.757512	10.00	3.939603	0.01558594	0.00	0.06630845	5.477242	10.00	5.47674
-6.741963	10.00	4.005753	0.01554867	0.00	0.06614991	5.512558	10.00	5.512059
-6.72631	10.00	4.072347	0.01565315	0.00	0.0665944	5.547519	10.00	5.547022
-6.710814	10.00	4.138272	0.01549577	0.00	0.06592483	5.582479	10.00	5.581983
-6.695319	10.00	4.204194	0.0154951	0.00	0.065922	5.618177	10.00	5.617683
-6.679496	10.00	4.27151	0.01582284	0.00	0.06731635	5.652454	10.00	5.651962
-6.664304	10.00	4.336144	0.01519231	0.00	0.06463382	5.687564	10.00	5.687074
-6.648742	10.00	4.40235	0.01556198	0.00	0.06620653	5.724221	10.00	5.723732
-6.632495	10.00	4.471472	0.01624708	0.00	0.0691212	5.757735	10.00	5.757249
-6.61764	10.00	4.534668	0.01485459	0.00	0.06319702	5.792517	10.00	5.792033
-6.602223	10.00	4.600256	0.01541658	0.00	0.06558792	5.828062	10.00	5.82758
-6.586469	10.00	4.667283	0.01575463	0.00	0.06702615	5.862936	10.00	5.862456
-6.571012	10.00	4.733043	0.01545717	0.00	0.06576063	5.897992	10.00	5.897514
-6.555474	10.00	4.799148	0.01553802	0.00	0.06610461	5.932659	10.00	5.932183
-6.540108	10.00	4.864519	0.01536567	0.00	0.06537134	5.967887	10.00	5.967414
-6.524494	10.00	4.930948	0.01561422	0.00	0.06642878	6.002963	10.00	6.002492
-6.508947	10.00	4.997091	0.01554701	0.00	0.06614283	6.037992	10.00	6.037522
-6.493422	10.00	5.063142	0.01552538	0.00	0.06605082	6.073208	10.00	6.07274
-6.477812	10.00	5.129548	0.0156089	0.00	0.06640613	6.107956	10.00	6.107491
-6.46241	10.00	5.195074	0.01540194	0.00	0.06552564	6.14311	10.00	6.142646
-6.44683	10.00	5.261361	0.01558095	0.00	0.06628722	6.178087	10.00	6.177625
-6.431327	10.00	5.327315	0.01550275	0.00	0.06595456	6.213096	10.00	6.212636
-6.41581	10.00	5.393331	0.01551706	0.00	0.06601543	6.250423	10.00	6.249967
-6.399265	10.00	5.463719	0.01654488	0.00	0.07038815	6.283356	10.00	6.2829
-6.384668	10.00	5.525819	0.01459672	0.00	0.06209994	6.318716	10.00	6.318262
-6.368996	10.00	5.592495	0.01567245	0.00	0.0666765	6.353206	10.00	6.352755
-6.353708	10.00	5.657534	0.01528748	0.00	0.06503868	6.388591	10.00	6.388142
-6.338025	10.00	5.724258	0.01568376	0.00	0.06672464	6.423546	10.00	6.423099
-6.322531	10.00	5.790172	0.0154931	0.00	0.06591351	6.45855	10.00	6.458106
-6.307016	10.00	5.856179	0.01551507	0.00	0.06600694	6.493569	10.00	6.493125
-6.292135	10.00	5.922212	0.01488167	0.00	0.06603242	6.529107	10.00	6.528666
-6.27768	10.00	5.989226	0.01445418	0.00	0.06701483	6.563828	10.00	6.56339
-6.263559	10.00	6.054699	0.01412169	0.00	0.06547327	6.598762	10.00	6.598325
-6.249351	10.00	6.120572	0.01420779	0.00	0.06587246	6.633833	10.00	6.633398
-6.235087	10.00	6.186705	0.01426397	0.00	0.06613293	6.668716	10.00	6.668283
-6.2209	10.00	6.252482	0.01418733	0.00	0.06577761	6.703961	10.00	6.703529
-6.206565	10.00	6.318943	0.01433449	0.00	0.06645992	6.738993	10.00	6.738564
-6.192317	10.00	6.385002	0.01424809	0.00	0.06605931	6.774295	10.00	6.773868
-6.177959	10.00	6.45157	0.0143577	0.00	0.0665675	6.809197	10.00	6.808772
-6.163764	10.00	6.517384	0.01419527	0.00	0.06581442	6.844106	10.00	6.843682
-6.149567	10.00	6.58321	0.01419771	0.00	0.06582575	6.879269	10.00	6.878848
-6.135265	10.00	6.649517	0.01430152	0.00	0.06630704	6.914175	10.00	6.913756
-6.121068	10.00	6.715338	0.01419679	0.00	0.0658215	6.949417	10.00	6.949001
-6.106735	10.00	6.781792	0.01433327	0.00	0.06645426	6.98445	10.00	6.984036
-6.091847	10.00	6.847853	0.01488805	0.00	0.06606073	7.020602	10.00	7.020188
-6.076483	10.00	6.916023	0.0153634	0.00	0.06816994	7.054699	10.00	7.054289
-6.060748	10.00	6.98032	0.0157357	0.00	0.06429692	7.089968	10.00	7.08956
-6.044472	10.00	7.046825	0.01627615	0.00	0.06650522	7.125828	10.00	7.125422
-6.027923	10.00	7.114446	0.01654915	0.00	0.06762069	7.159569	10.00	7.159165
-6.012352	10.00	7.178071	0.01557114	0.00	0.06362452	7.194697	10.00	7.194294
-5.99614	10.00	7.244311	0.01621137	0.00	0.0662405	7.230497	10.00	7.230097
-5.979619	10.00	7.311817	0.01652109	0.00	0.06750603	7.264732	10.00	7.264333
-5.96382	10.00	7.376373	0.0157991	0.00	0.06455597	7.29958	10.00	7.299183
-5.945829	10.00	7.442084	0.01799062	0.00	0.06571108	7.334783	10.00	7.334388
-5.927655	10.00	7.508464	0.01817393	0.00	0.06638065	7.370463	10.00	7.370071
-5.909235	10.00	7.575747	0.01842081	0.00	0.06728237	7.406191	10.00	7.405802
-5.890789	10.00	7.643118	0.01844523	0.00	0.06737155	7.439463	10.00	7.439074
-5.873612	10.00	7.705858	0.01717712	0.00	0.06273978	7.474329	10.00	7.473943
-5.855612	10.00	7.771605	0.0180003	0.00	0.06574647	7.509513	10.00	7.50913
-5.836163	10.00	7.83795	0.01944907	0.00	0.06634526	7.544556	10.00	7.544174
-5.815512	10.00	7.90403	0.02065117	0.00	0.06608055	7.579602	10.00	7.579222
-5.794219	10.00	7.970114	0.02129193	0.00	0.06608338	7.614698	10.00	7.61432
-5.771615	10.00	8.033731	0.02260457	0.00	0.0636164	7.65035	10.00	7.649973
-5.748001	10.00	8.096402	0.02361381	0.00	0.06267181	7.684649	10.00	7.684275
-5.725284	10.00	8.15419	0.02271733	0.00	0.05778751	7.719766	10.00	7.719394
-5.701383	10.00	8.212714	0.02390049	0.00	0.05852495	7.755353	10.00	7.754983
-5.675863	10.00	8.267474	0.02551988	0.00	0.05475972	7.790498	10.00	7.79013
-5.649377	10.00	8.31578	0.02648677	0.00	0.04830506	7.825561	10.00	7.825195
-5.622312	10.00	8.363331	0.02706474	0.00	0.04755136	7.862356	10.00	7.861992
-5.593238	10.00	8.412559	0.02907338	0.00	0.04922823	7.895504	10.00	7.895142
-5.567047	10.00	8.456908	0.02619179	0.00	0.044349	7.930619	10.00	7.93026
-5.5393	10.00	8.503889	0.02774647	0.00	0.04698145	7.96585	10.00	7.965493
-5.511463	10.00	8.551024	0.02783723	0.00	0.04713513	8.000898	10.00	8.000544
-5.483769	10.00	8.597917	0.02769368	0.00	0.04689207	8.035778	10.00	8.035426
-5.456209	10.00	8.644583	0.02756022	0.00	0.04666608	8.070997	10.00	8.070646
-5.428381	10.00	8.691702	0.02782774	0.00	0.04711905	8.106202	10.00	8.105854
-5.400563	10.00	8.738805	0.02781824	0.00	0.04710298	8.141231	10.00	8.140883
-5.372887	10.00	8.785667	0.02767648	0.00	0.04686294	8.176154	10.00	8.175811
-5.345292	10.00	8.832393	0.02759522	0.00	0.04672534	8.212499	10.00	8.212154
-5.316574	10.00	8.881019	0.02871748	0.00	0.04862561	8.246378	10.00	8.246037
-5.289804	10.00	8.926347	0.02677012	0.00	0.04532826	8.282478	10.00	8.282139
-5.261281	10.00	8.974644	0.02852352	0.00	0.04829718	8.31601	10.00	8.315673
-5.234784	10.00	9.019508	0.02649608	0.00	0.04486424	8.351441	10.00	8.351105
-5.206789	10.00	9.066911	0.02799501	0.00	0.04740229	8.386145	10.00	8.385812
-5.179368	10.00	9.113341	0.02742142	0.00	0.04643106	8.421138	10.00	8.420806
-5.149803	10.00	9.15824	0.02956531	0.00	0.04489902	8.456167	10.00	8.455837
-5.119565	10.00	9.20319	0.03023791	0.00	0.04494911	8.491265	10.00	8.490937
-5.08927	10.00	9.248223	0.03029494	0.00	0.04503388	8.526516	10.00	8.526193
-5.059485	10.00	9.293456	0.02978478	0.00	0.04523231	8.561481	10.00	8.561159
-5.029942	10.00	9.338322	0.02954311	0.00	0.04486531	8.596491	10.00	8.59617
-5.00036	10.00	9.383245	0.02958117	0.00	0.0449231	8.63169	10.00	8.631371
-4.970621	10.00	9.428409	0.02973974	0.00	0.04516391	8.666676	10.00	8.666359
-4.940421	10.00	9.471384	0.03019968	0.00	0.04297585	8.701914	10.00	8.701599
-4.910005	10.00	9.514668	0.03041611	0.00	0.04328385	8.736916	10.00	8.736602
-4.879153	10.00	9.557662	0.03085172	0.00	0.04299429	8.77189	10.00	8.771578
-4.848326	10.00	9.600623	0.0308279	0.00	0.04296109	8.806952	10.00	8.806644
-4.818699	10.00	9.643694	0.02962621	0.00	0.04307083	8.842682	10.00	8.842375
-4.787859	10.00	9.687582	0.03084055	0.00	0.04388784	8.877022	10.00	8.876716
-4.758217	10.00	9.729764	0.02964176	0.00	0.0421819	8.912001	10.00	8.911698
-4.728024	10.00	9.772731	0.0301932	0.00	0.04296663	8.94862	10.00	8.948319
-4.696415	10.00	9.817712	0.03160906	0.00	0.04498148	8.982161	10.00	8.981863
-4.667463	10.00	9.858912	0.02895165	0.00	0.04119983	9.017159	10.00	9.016863
-4.637252	10.00	9.901903	0.0302107	0.00	0.04299153	9.052737	10.00	9.052444
-4.606542	10.00	9.945606	0.0307103	0.00	0.04370249	9.087292	10.00	9.087
-4.577347	10.00	9.988682	0.02919552	0.00	0.04307562	9.122277	10.00	9.121985
-4.547786	10.00	10.03293	0.02956024	0.00	0.04425252	9.157365	10.00	9.157078
-4.51814	10.00	10.07732	0.0296465	0.00	0.04438166	9.192479	10.00	9.192193
-4.488471	10.00	10.12173	0.0296687	0.00	0.04441489	9.228755	10.00	9.228471
-4.457821	10.00	10.16761	0.03064994	0.00	0.04588384	9.262407	10.00	9.262125
-4.429387	10.00	10.21018	0.02843438	0.00	0.04256708	9.297739	10.00	9.297459
-4.399536	10.00	10.25487	0.02985138	0.00	0.04468836	9.332591	10.00	9.332313
-4.370088	10.00	10.29895	0.02944797	0.00	0.04408445	9.36766	10.00	9.367382
-4.340457	10.00	10.34331	0.02963001	0.00	0.04435697	9.403005	10.00	9.40273
-4.310594	10.00	10.38802	0.02986406	0.00	0.04470735	9.43812	10.00	9.437848
-4.280923	10.00	10.43244	0.02966997	0.00	0.04441679	9.473237	10.00	9.472967
-4.251253	10.00	10.47685	0.0296706	0.00	0.04441774	9.507997	10.00	9.507729
-4.221883	10.00	10.52082	0.02936932	0.00	0.04396671	9.543052	10.00	9.542785
-4.192265	10.00	10.56516	0.02961859	0.00	0.04433988	9.578199	10.00	9.577935
-4.162568	10.00	10.60962	0.02969724	0.00	0.04445762	9.612947	10.00	9.612684
-4.133208	10.00	10.65357	0.02935917	0.00	0.04395152	9.648388	10.00	9.648129
-4.103263	10.00	10.6984	0.02994525	0.00	0.0448289	9.683126	10.00	9.682869
-4.073912	10.00	10.74234	0.02935156	0.00	0.04394012	9.71826	10.00	9.718004
-4.044227	10.00	10.78678	0.02968519	0.00	0.04443958	9.754881	10.00	9.754627
-4.013285	10.00	10.8331	0.03094171	0.00	0.04632062	9.788372	10.00	9.78812
-3.984987	10.00	10.87546	0.02829738	0.00	0.04236198	9.823317	10.00	9.823068
-3.955462	10.00	10.91966	0.02952535	0.00	0.04420029	9.85977	10.00	9.859521
-3.924663	10.00	10.96577	0.030799	0.00	0.04610698	9.892928	10.00	9.89268
-3.896647	10.00	11.00771	0.02801639	0.00	0.04194133	9.928976	10.00	9.928732
-3.866188	10.00	11.05331	0.03045839	0.00	0.04559708	9.963298	10.00	9.963057
-3.837189	10.00	11.09672	0.02899953	0.00	0.04341312	9.998575	10.00	9.998336
-3.807382	10.00	11.14134	0.02980634	0.00	0.04462094	10.03311	10.00	10.03288
-3.7782	10.00	11.18503	0.02918284	0.00	0.04368754	10.06803	10.00	10.06779
-3.748698	10.00	11.22919	0.02950189	0.00	0.04416516	10.10315	10.00	10.10291
-3.719027	10.00	11.27361	0.02967124	0.00	0.04441869	10.13813	10.00	10.13789
-3.689472	10.00	11.31785	0.02955453	0.00	0.04424397	10.17385	10.00	10.17362
-3.659287	10.00	11.36304	0.03018438	0.00	0.04518687	10.20918	10.00	10.20895
-3.629436	10.00	11.40773	0.02985138	0.00	0.04468836	10.24392	10.00	10.24369
-3.600087	10.00	11.45167	0.02934902	0.00	0.04393632	10.27882	10.00	10.27859
-3.570599	10.00	11.49581	0.02948793	0.00	0.04414427	10.31497	10.00	10.31475
-3.54005	10.00	11.54154	0.03054909	0.00	0.04573286	10.35003	10.00	10.34981
-3.510427	10.00	11.58589	0.02962367	0.00	0.04434748	10.38406	10.00	10.38384
-3.48168	10.00	11.62893	0.02874645	0.00	0.04303426	10.4193	10.00	10.41909
-3.451899	10.00	11.67351	0.02978097	0.00	0.04458296	10.45489	10.00	10.45467
-3.421834	10.00	11.71852	0.03006513	0.00	0.04500836	10.48959	10.00	10.48938
-3.392508	10.00	11.76242	0.02932619	0.00	0.04390214	10.52438	10.00	10.52417
-3.363118	10.00	11.80642	0.02938961	0.00	0.04399709	10.55976	10.00	10.55956
-3.333222	10.00	11.85117	0.02989641	0.00	0.04475578	10.5945	10.00	10.5943
-3.30387	10.00	11.89511	0.02935156	0.00	0.04394012	10.62937	10.00	10.62916
-3.274411	10.00	11.93921	0.02945875	0.00	0.04410059	10.66444	10.00	10.66424
-3.244777	10.00	11.98358	0.02963445	0.00	0.04436362	10.70004	10.00	10.69984
-3.2147	10.00	12.0286	0.03007718	0.00	0.0450264	10.73457	10.00	10.73437
-3.185522	10.00	12.07228	0.02917776	0.00	0.04367995	10.76965	10.00	10.76946
-3.15588	10.00	12.11666	0.02964143	0.00	0.04437406	10.80471	10.00	10.80451
-3.126261	10.00	12.161	0.02961986	0.00	0.04434178	10.83987	10.00	10.83968
-3.095907	10.00	12.21126	0.03035326	0.00	0.05025703	10.87476	10.00	10.87457
-3.065795	10.00	12.26366	0.0301122	0.00	0.05240574	10.91006	10.00	10.90987
-3.035321	10.00	12.32056	0.03047378	0.00	0.05690265	10.94497	10.00	10.94479
-3.008374	10.00	12.3813	0.02694769	0.00	0.0607319	10.97987	10.00	10.97969
-2.983349	10.00	12.44455	0.02502515	0.00	0.0632558	11.01488	10.00	11.0147
-2.963356	10.00	12.50993	0.01999289	0.00	0.06538042	11.05002	10.00	11.04984
-2.948421	10.00	12.5762	0.01493431	0.00	0.06626599	11.08508	10.00	11.0849
-2.941844	10.00	12.6423	0.006576999	0.00	0.06610603	11.12025	10.00	11.12007
-2.938457	10.00	12.70862	0.003387141	0.00	0.06631412	11.15528	10.00	11.15511
-2.937642	10.00	12.77469	0.0008156874	0.00	0.06607064	11.19019	10.00	11.19002
-2.937466	10.00	12.84051	0.0001752658	0.00	0.06582008	11.22519	10.00	11.22502
-2.937291	10.00	12.9065	0.0001757105	0.00	0.06598712	11.26103	10.00	11.26086
-2.937111	10.00	12.97409	0.0001799813	0.00	0.06759097	11.29516	10.00	11.295
-2.937111	10.00	13.03845	0	0.00	0.06436628	11.33054	10.00	11.33038
-2.937111	10.00	13.10516	0	0.00	0.06671048	11.367	10.00	11.36684
-2.937111	10.00	13.17392	0	0.00	0.06875174	11.40083	10.00	11.40067
-2.937111	10.00	13.23771	0	0.00	0.0637958	11.43572	10.00	11.43556
-2.937111	10.00	13.3035	0	0.00	0.06578469	11.47161	10.00	11.47146
-2.937111	10.00	13.37117	0	0.00	0.06767449	11.50581	10.00	11.50565
-2.937111	10.00	13.43565	0	0.00	0.06448378	11.54068	10.00	11.54053
-2.937111	10.00	13.50142	0	0.00	0.06576204	11.57564	10.00	11.5755
-2.937111	10.00	13.56735	0	0.00	0.06593332	11.61077	10.00	11.61062
-2.937111	10.00	13.63357	0	0.00	0.06622493	11.64589	10.00	11.64575
-2.937111	10.00	13.69981	0	0.00	0.0662306	11.68099	10.00	11.68084
-2.937111	10.00	13.76598	0	0.00	0.06617964	11.71602	10.00	11.71588
-2.937111	10.00	13.83205	0	0.00	0.06606214	11.75105	10.00	11.75091
-2.937111	10.00	13.8981	0	0.00	0.06605648	11.78599	10.00	11.78586
-2.937111	10.00	13.964	0	0.00	0.06589227	11.82123	10.00	11.82109
-2.937111	10.00	14.03044	0	0.00	0.06644294	11.85638	10.00	11.85625
-2.937111	10.00	14.09672	0	0.00	0.06628156	11.89147	10.00	11.89134
-2.937111	10.00	14.16289	0	0.00	0.06616973	11.92647	10.00	11.92635
-2.937111	10.00	14.2289	0	0.00	0.06600694	11.96152	10.00	11.96139
-2.937111	10.00	14.29497	0	0.00	0.0660763	11.99634	10.00	11.99622
-2.933756	10.00	14.36065	0.003354387	0.00	0.06567286	12.03192	10.00	12.0318
-2.92903	10.00	14.42773	0.004725811	0.00	0.06708702	12.06658	10.00	12.06646
-2.921894	10.00	14.4931	0.007136423	0.00	0.0653671	12.10196	10.00	12.10184
-2.913966	10.00	14.5598	0.007928027	0.00	0.06670199	12.13723	10.00	12.13711
-2.904128	10.00	14.62632	0.009837784	0.00	0.06651372	12.17313	10.00	12.17302
-2.892804	10.00	14.69401	0.01132383	0.00	0.06769714	12.20693	10.00	12.20682
-2.880908	10.00	14.75775	0.01189587	0.00	0.06373776	12.24188	10.00	12.24177
-2.866695	10.00	14.82365	0.01421328	0.00	0.06589793	12.27783	10.00	12.27772
-2.85076	10.00	14.89144	0.01593531	0.00	0.06779481	12.312	10.00	12.31189
-2.833744	10.00	14.95587	0.01701563	0.00	0.06442857	12.34715	10.00	12.34705
-2.815596	10.00	15.02216	0.01814835	0.00	0.06628722	12.38354	10.00	12.38344
-2.796807	10.00	15.09079	0.01878861	0.00	0.06862576	12.41865	10.00	12.41855
-2.778684	10.00	15.15698	0.01812355	0.00	0.06619663	12.45393	10.00	12.45383
-2.760471	10.00	15.22351	0.01821307	0.00	0.06652362	12.48873	10.00	12.48863
-2.742506	10.00	15.28912	0.01796465	0.00	0.06561624	12.52212	10.00	12.52202
-2.725269	10.00	15.35208	0.0172372	0.00	0.0629592	12.55741	10.00	12.55732
-2.707047	10.00	15.41864	0.01822238	0.00	0.06655759	12.59244	10.00	12.59235
-2.688964	10.00	15.48468	0.01808208	0.00	0.06604516	12.62732	10.00	12.62723
-2.670955	10.00	15.55046	0.01800922	0.00	0.06577903	12.66219	10.00	12.6621
-2.652954	10.00	15.61621	0.01800108	0.00	0.0657493	12.69746	10.00	12.69737
-2.634745	10.00	15.68272	0.0182092	0.00	0.06650947	12.73249	10.00	12.73241
-2.616659	10.00	15.74878	0.01808634	0.00	0.06606073	12.7678	10.00	12.76772
-2.598429	10.00	15.81537	0.01822974	0.00	0.06658449	12.80255	10.00	12.80247
-2.58049	10.00	15.88089	0.01793868	0.00	0.0655214	12.83752	10.00	12.83745
-2.562433	10.00	15.94684	0.01805728	0.00	0.06595456	12.87276	10.00	12.87269
-2.544242	10.00	16.01328	0.01819099	0.00	0.06644294	12.90767	10.00	12.9076
-2.526217	10.00	16.07912	0.01802472	0.00	0.06583565	12.9427	10.00	12.94263
-2.508135	10.00	16.14517	0.01808247	0.00	0.06604657	12.97794	10.00	12.97787
-2.489942	10.00	16.21162	0.01819254	0.00	0.0664486	13.01282	10.00	13.01275
-2.471936	10.00	16.27739	0.01800651	0.00	0.06576912	13.048	10.00	13.04794
-2.453771	10.00	16.34373	0.01816424	0.00	0.06634526	13.08346	10.00	13.0834
-2.435467	10.00	16.41059	0.01830454	0.00	0.0668577	13.11843	10.00	13.11837
-2.417412	10.00	16.47654	0.01805534	0.00	0.06594748	13.15293	10.00	13.15288
-2.399599	10.00	16.5416	0.01781234	0.00	0.06505992	13.1881	10.00	13.18805
-2.381442	10.00	16.60791	0.01815688	0.00	0.06631836	13.22308	10.00	13.22303
-2.363383	10.00	16.67388	0.0180596	0.00	0.06596305	13.25819	10.00	13.25814
-2.345258	10.00	16.74008	0.01812471	0.00	0.06620087	13.2932	10.00	13.29315
-2.327186	10.00	16.80609	0.018072	0.00	0.06600835	13.32825	10.00	13.3282
-2.309088	10.00	16.87219	0.01809758	0.00	0.06610178	13.36325	10.00	13.36321
-2.291017	10.00	16.93819	0.01807123	0.00	0.06600552	13.39835	10.00	13.39831
-2.272897	10.00	17.00438	0.01812006	0.00	0.06618389	13.4335	10.00	13.43346
-2.254751	10.00	17.07066	0.01814603	0.00	0.06627873	13.46849	10.00	13.46845
-2.236689	10.00	17.13663	0.01806193	0.00	0.06597155	13.50277	10.00	13.50273
-2.218543	10.00	17.20291	0.01814603	0.00	0.06627873	13.53601	10.00	13.53598
-2.200482	10.00	17.26888	0.01806115	0.00	0.06596871	13.56841	10.00	13.56838
-2.182408	10.00	17.33489	0.01807433	0.00	0.06601685	13.6	10.00	13.59997
-2.164306	10.00	17.40101	0.01810146	0.00	0.06611594	13.6305	10.00	13.63047
-2.146327	10.00	17.46667	0.0179786	0.00	0.0656672	13.66061	10.00	13.66058
-2.128063	10.00	17.53339	0.01826462	0.00	0.0667119	13.6892	10.00	13.68917
-2.110195	10.00	17.59865	0.01786815	0.00	0.06526376	13.7174	10.00	13.71737
-2.092024	10.00	17.66502	0.01817044	0.00	0.06636791	13.74596	10.00	13.74594
-2.073029	10.00	17.7344	0.01899556	0.00	0.06938167	13.77098	10.00	13.77096
-2.055808	10.00	17.7973	0.01722131	0.00	0.06290116	13.7965	10.00	13.79648
-2.037662	10.00	17.86358	0.01814525	0.00	0.06627589	13.82125	10.00	13.82123
-2.019438	10.00	17.93014	0.01822432	0.00	0.06656467	13.84467	10.00	13.84465
-2.00155	10.00	17.99548	0.01788791	0.00	0.06533595	13.86773	10.00	13.86771
-1.983269	10.00	18.06225	0.01828129	0.00	0.06677277	13.89012	10.00	13.8901
-1.964791	10.00	18.12974	0.01847739	0.00	0.06748904	13.91058	10.00	13.91056
-1.947183	10.00	18.19406	0.01760848	0.00	0.06431532	13.93069	10.00	13.93067
-1.929138	10.00	18.25996	0.01804487	0.00	0.06590926	13.95002	10.00	13.95001
-1.910989	10.00	18.32625	0.01814874	0.00	0.06628864	13.96841	10.00	13.9684
-1.892897	10.00	18.39233	0.01809177	0.00	0.06608055	13.98597	10.00	13.98596
-1.874743	10.00	18.45864	0.01815455	0.00	0.06630987	14.00248	10.00	14.00247
-1.856752	10.00	18.52436	0.01799139	0.00	0.06571391	14.01828	10.00	14.01827
-1.838558	10.00	18.59081	0.01819331	0.00	0.06645143	14.03303	10.00	14.03303
-1.820538	10.00	18.65663	0.01802046	0.00	0.06582008	14.0469	10.00	14.04689
-1.802511	10.00	18.72247	0.01802627	0.00	0.06584132	14.06	10.00	14.05999
-1.784296	10.00	18.789	0.0182154	0.00	0.06653211	14.07207	10.00	14.07207
-1.766236	10.00	18.85497	0.01806038	0.00	0.06596588	14.0833	10.00	14.08329
-1.748071	10.00	18.92131	0.01816463	0.00	0.06634668	14.09344	10.00	14.09344
-1.730181	10.00	18.98666	0.01789024	0.00	0.06534445	14.103	10.00	14.103
-1.71167	10.00	19.05427	0.01851111	0.00	0.0676122	14.11124	10.00	14.11124
-1.693883	10.00	19.11924	0.01778715	0.00	0.0649679	14.11874	10.00	14.11874
-1.675672	10.00	19.18575	0.01821075	0.00	0.06651513	14.12547	10.00	14.12547
-1.656879	10.00	19.25439	0.01879248	0.00	0.06863991	14.13074	10.00	14.13074
-1.639398	10.00	19.31824	0.01748097	0.00	0.0638496	14.13517	10.00	14.13517
-1.621438	10.00	19.38385	0.01796077	0.00	0.06560208	14.13857	10.00	14.13857
-1.603312	10.00	19.45005	0.01812587	0.00	0.06620511	14.14	10.00	14.14
-1.585244	10.00	19.51604	0.01806735	0.00	0.06599136	14.14	10.00	14.14
-1.567224	10.00	19.58186	0.01802007	0.00	0.06581867	14.14	10.00	14.14
-1.549127	10.00	19.64796	0.01809681	0.00	0.06609895	14.14	10.00	14.14
-1.530935	10.00	19.71441	0.01819215	0.00	0.06644718	14.14	10.00	14.14
-1.512931	10.00	19.78017	0.01800418	0.00	0.06576063	14.14	10.00	14.14
-1.49487	10.00	19.84614	0.01806115	0.00	0.06596871	14.14	10.00	14.14
-1.476587	10.00	19.91292	0.01828284	0.00	0.06677843	14.14	10.00	14.14
-1.458118	10.00	19.98037	0.01846887	0.00	0.06745791	14.14	10.00	14.14
-1.44019	10.00	20.04586	0.01792822	0.00	0.06548318	14.14	10.00	14.14
-1.421906	10.00	20.11264	0.01828439	0.00	0.06678409	14.14	10.00	14.14
-1.403781	10.00	20.17884	0.0181251	0.00	0.06620229	14.14	10.00	14.14
-1.385642	10.00	20.2451	0.01813905	0.00	0.06625324	14.14	10.00	14.14
-1.367707	10.00	20.3106	0.01793442	0.00	0.06550582	14.14	10.00	14.14
-1.350032	10.00	20.37516	0.01767514	0.00	0.0645588	14.14	10.00	14.14
-1.331912	10.00	20.44134	0.01811967	0.00	0.06618247	14.14	10.00	14.14
-1.313703	10.00	20.50785	0.0182092	0.00	0.06650947	14.14	10.00	14.14
-1.295572	10.00	20.57408	0.01813091	0.00	0.06622352	14.14	10.00	14.14
-1.277724	10.00	20.63927	0.01784799	0.00	0.06519015	14.14	10.00	14.14
-1.259043	10.00	20.7075	0.01868125	0.00	0.06823364	14.14	10.00	14.14
-1.240628	10.00	20.77476	0.01841538	0.00	0.06726255	14.14	10.00	14.14
-1.223431	10.00	20.83757	0.0171965	0.00	0.06281056	14.14	10.00	14.14
-1.205006	10.00	20.90487	0.01842469	0.00	0.06729653	14.14	10.00	14.14
-1.187223	10.00	20.96982	0.01778327	0.00	0.06495374	14.14	10.00	14.14
-1.169124	10.00	21.03593	0.01809875	0.00	0.06610603	14.14	10.00	14.14
-1.150723	10.00	21.10314	0.01840104	0.00	0.06721018	14.14	10.00	14.14
-1.132915	10.00	21.16818	0.01780807	0.00	0.06504434	14.14	10.00	14.14
-1.114741	10.00	21.23457	0.01817471	0.00	0.06638348	14.14	10.00	14.14
-1.096648	10.00	21.30065	0.01809254	0.00	0.06608338	14.14	10.00	14.14
-1.078665	10.00	21.36633	0.01798248	0.00	0.06568135	14.14	10.00	14.14
-1.060546	10.00	21.43251	0.01811929	0.00	0.06618106	14.14	10.00	14.14
-1.042411	10.00	21.49875	0.01813556	0.00	0.0662405	14.14	10.00	14.14
-1.024391	10.00	21.56457	0.01802007	0.00	0.06581867	14.14	10.00	14.14
-1.006277	10.00	21.63073	0.01811347	0.00	0.06615982	14.14	10.00	14.14
-0.988152	10.00	21.69693	0.0181251	0.00	0.06620229	14.14	10.00	14.14
-0.9701467	10.00	21.7627	0.01800534	0.00	0.06576487	14.14	10.00	14.14
-0.951753	10.00	21.82988	0.01839368	0.00	0.06718328	14.14	10.00	14.14
-0.9339054	10.00	21.89507	0.01784761	0.00	0.06518874	14.14	10.00	14.14
-0.9157861	10.00	21.96125	0.01811929	0.00	0.06618106	14.14	10.00	14.14
-0.8975855	10.00	22.02773	0.01820068	0.00	0.06647833	14.14	10.00	14.14
-0.8796111	10.00	22.09338	0.01797434	0.00	0.06565163	14.14	10.00	14.14
-0.8615445	10.00	22.15937	0.01806658	0.00	0.06598853	14.14	10.00	14.14
-0.8433896	10.00	22.22568	0.01815494	0.00	0.06631128	14.14	10.00	14.14
-0.8246002	10.00	22.29431	0.01878938	0.00	0.06862859	14.14	10.00	14.14
-0.8072258	10.00	22.35777	0.01737439	0.00	0.06346031	14.14	10.00	14.14
-0.7890806	10.00	22.42405	0.01814525	0.00	0.06627589	14.14	10.00	14.14
-0.770864	10.00	22.49058	0.01821656	0.00	0.06653636	14.14	10.00	14.14
-0.7535594	10.00	22.55611	0.01730462	0.00	0.06552281	14.14	10.00	14.14
-0.7367516	10.00	22.62217	0.01680775	0.00	0.06606356	14.14	10.00	14.14
-0.7199832	10.00	22.68808	0.01676849	0.00	0.06590926	14.14	10.00	14.14
-0.7030159	10.00	22.75477	0.01696729	0.00	0.06669066	14.14	10.00	14.14
-0.686292	10.00	22.8205	0.01672383	0.00	0.06573373	14.14	10.00	14.14
-0.6694148	10.00	22.88684	0.01687726	0.00	0.06633677	14.14	10.00	14.14
-0.6525415	10.00	22.95316	0.01687329	0.00	0.06632119	14.14	10.00	14.14
-0.6359574	10.00	23.01834	0.0165841	0.00	0.06518449	14.14	10.00	14.14
-0.618788	10.00	23.08583	0.01716934	0.00	0.0674848	14.14	10.00	14.14
-0.6008753	10.00	23.15126	0.01791272	0.00	0.06542655	14.14	10.00	14.14
-0.5827246	10.00	23.21755	0.01815068	0.00	0.06629571	14.14	10.00	14.14
-0.5647236	10.00	23.2833	0.01800108	0.00	0.0657493	14.14	10.00	14.14
-0.5464892	10.00	23.3499	0.01823439	0.00	0.06660148	14.14	10.00	14.14
-0.5286439	10.00	23.41508	0.01784528	0.00	0.06518024	14.14	10.00	14.14
-0.5104839	10.00	23.48141	0.01815998	0.00	0.06632969	14.14	10.00	14.14
-0.4921364	10.00	23.54843	0.01834756	0.00	0.06701483	14.14	10.00	14.14
-0.4742845	10.00	23.61363	0.01785187	0.00	0.06520431	14.14	10.00	14.14
-0.4573795	10.00	23.68008	0.01690499	0.00	0.06644577	14.14	10.00	14.14
-0.441324	10.00	23.74568	0.01605547	0.00	0.06560349	14.14	10.00	14.14
-0.4277558	10.00	23.81479	0.01356824	0.00	0.06911271	14.14	10.00	14.14
-0.4164896	10.00	23.87846	0.01126618	0.00	0.06366699	14.14	10.00	14.14
-0.4086125	10.00	23.94473	0.007877046	0.00	0.06627306	14.14	10.00	14.14
-0.4039527	10.00	24.01089	0.004659898	0.00	0.06615133	14.14	10.00	14.14
-0.4012535	10.00	24.07609	0.002699148	0.00	0.06520572	14.14	10.00	14.14
-0.4004386	10.00	24.1421	0.0008148834	0.00	0.06600552	14.14	10.00	14.14
-0.4004386	10.00	24.20835	0	0.00	0.06625183	14.14	10.00	14.14
-0.4004386	10.00	24.27481	0	0.00	0.06645568	14.14	10.00	14.14
-0.4004386	10.00	24.34036	0	0.00	0.0655582	14.14	10.00	14.14
-0.4004386	10.00	24.4096	0	0.00	0.06923728	14.14	10.00	14.14
-0.4004386	10.00	24.47323	0	0.00	0.06362735	14.14	10.00	14.14
-0.4004386	10.00	24.53939	0	0.00	0.06616124	14.14	10.00	14.14
-0.4004386	10.00	24.60585	0	0.00	0.06646417	14.14	10.00	14.14
-0.4004386	10.00	24.67204	0	0.00	0.06618955	14.14	10.00	14.14
-0.4004386	10.00	24.73804	0	0.00	0.06599844	14.14	10.00	14.14
-0.4004386	10.00	24.80396	0	0.00	0.06591492	14.14	10.00	14.14
-0.4004386	10.00	24.87027	0	0.00	0.06631836	14.14	10.00	14.14
-0.4004386	10.00	24.93767	0	0.00	0.06739704	14.14	10.00	14.14
-0.4004386	10.00	25.0027	0	0.00	0.06502594	14.14	10.00	14.14
-0.4004386	10.00	25.06803	0	0.00	0.06533454	14.14	10.00	14.14
-0.4004386	10.00	25.13372	0	0.00	0.06568843	14.14	10.00	14.14
-0.4004386	10.00	25.19982	0	0.00	0.0660947	14.14	10.00	14.14
-0.4004386	10.00	25.26592	0	0.00	0.0661032	14.14	10.00	14.14
-0.4004386	10.00	25.33455	0	0.00	0.06862859	14.14	10.00	14.14
-0.4004386	10.00	25.39786	0	0.00	0.06331734	14.14	10.00	14.14
-0.4004386	10.00	25.46406	0	0.00	0.06619663	14.14	10.00	14.14
-0.4004386	10.00	25.53452	0	0.00	0.0704561	14.14	10.00	14.14
-0.4004386	10.00	25.59602	0	0.00	0.06150682	14.14	10.00	14.14
-0.4004386	10.00	25.66239	0	0.00	0.06636508	14.14	10.00	14.14
-0.4004386	10.00	25.72929	0	0.00	0.06690441	14.14	10.00	14.14
-0.4004386	10.00	25.79489	0	0.00	0.06559359	14.14	10.00	14.14
-0.4004386	10.00	25.86063	0	0.00	0.06574081	14.14	10.00	14.14
-0.4004386	10.00	25.92685	0	0.00	0.0662221	14.14	10.00	14.14
-0.4004386	10.00	25.99297	0	0.00	0.06612302	14.14	10.00	14.14
-0.4004386	10.00	26.05879	0	0.00	0.06582008	14.14	10.00	14.14
-0.4004386	10.00	26.12491	0	0.00	0.06612018	14.14	10.00	14.14
-0.4004386	10.00	26.19089	0	0.00	0.06597579	14.14	10.00	14.14
-0.4004386	10.00	26.25779	0	0.00	0.06689733	14.14	10.00	14.14
-0.4004386	10.00	26.32308	0	0.00	0.06529631	14.14	10.00	14.14
-0.4004386	10.00	26.38956	0	0.00	0.06647974	14.14	10.00	14.14
-0.4004386	10.00	26.45534	0	0.00	0.0657762	14.14	10.00	14.14
-0.4004386	10.00	26.52157	0	0.00	0.06623201	14.14	10.00	14.14
22.23983
