0.006459259	10.00	-49.93508	0.006459259	0.00	0.06492261	28.27997	10.00	28.27996
0.006459259	10.00	-48.60175	0	0.00	1.333333	28.25726	10.00	28.2578
0.006459259	10.00	-48.19403	0	0.00	0.4077131	28.2362	10.00	28.23721
0.006459259	10.00	-47.91553	0	0.00	0.2785048	28.20223	10.00	28.20616
0.006459259	10.00	-47.7194	0	0.00	0.1961257	28.17108	10.00	28.17793
0.006459259	10.00	-47.7194	0	0.00	0	28.13988	10.00	28.14871
0.006459259	10.00	-47.7194	0	0.00	0	28.10206	10.00	28.11451
0.006459259	10.00	-47.7194	0	0.00	0	28.06202	10.00	28.07878
0.006459259	10.00	-47.7194	0	0.00	0	28.0095	10.00	28.03273
0.006459259	10.00	-47.7194	0	0.00	0	27.95618	10.00	27.98627
0.006459259	10.00	-47.7194	0	0.00	0	27.89964	10.00	27.93764
0.006459259	10.00	-47.7194	0	0.00	0	27.84365	10.00	27.89009
0.006459259	10.00	-47.7194	0	0.00	0	27.78378	10.00	27.83904
0.006459259	10.00	-47.7194	0	0.00	0	27.7168	10.00	27.78228
0.006459259	10.00	-47.7194	0	0.00	0	27.65203	10.00	27.72738
0.006459259	10.00	-47.7194	0	0.00	0	27.58416	10.00	27.66961
0.006459259	10.00	-47.7194	0	0.00	0	27.51316	10.00	27.60874
0.006459259	10.00	-47.71568	0	0.00	0.003719712	27.43944	10.00	27.54552
0.006459259	10.00	-47.55836	0	0.00	0.1573166	27.36776	10.00	27.48336
0.006459259	10.00	-47.39576	0	0.00	0.1626059	27.29342	10.00	27.41833
0.006459259	10.00	-47.22966	0	0.00	0.1660925	27.20525	10.00	27.34006
0.006459259	10.00	-47.03487	0	0.00	0.1947933	27.12541	10.00	27.26867
0.006459259	10.00	-46.86171	0	0.00	0.1731576	27.04764	10.00	27.19838
0.006459259	10.00	-46.69527	0	0.00	0.1664393	26.9729	10.00	27.12988
0.006459259	10.00	-46.53699	0	0.00	0.158287	26.89735	10.00	27.05991
0.006459259	10.00	-46.37939	0	0.00	0.157599	26.81942	10.00	26.98703
0.006459259	10.00	-46.21933	0	0.00	0.1600621	26.74041	10.00	26.91232
0.006459259	10.00	-46.05906	0	0.00	0.1602645	26.66288	10.00	26.83825
0.006459259	10.00	-45.90335	0	0.00	0.1557092	26.57222	10.00	26.75094
0.006459259	10.00	-45.72345	0	0.00	0.1799085	26.47746	10.00	26.65891
0.006459259	10.00	-45.53731	0	0.00	0.1861356	26.38635	10.00	26.56959
0.006459259	10.00	-45.35976	0	0.00	0.1775473	26.29748	10.00	26.48244
0.006459259	10.00	-45.18748	0	0.00	0.1722771	26.2092	10.00	26.39505
0.006459259	10.00	-45.01704	0	0.00	0.1704425	26.11563	10.00	26.30229
0.006459259	10.00	-44.83702	0	0.00	0.1800203	26.03887	10.00	26.22594
0.006459259	10.00	-44.68984	0	0.00	0.1471818	25.96229	10.00	26.14961
0.006459259	10.00	-44.5433	0	0.00	0.1465419	25.88536	10.00	26.07273
0.006459259	10.00	-44.39622	0	0.00	0.147077	25.802	10.00	25.98942
0.006459259	10.00	-44.23696	0	0.00	0.1592623	25.72507	10.00	25.91235
0.006459259	10.00	-44.09011	0	0.00	0.1468449	25.64646	10.00	25.83364
0.006459259	10.00	-43.94002	0	0.00	0.1500979	25.57194	10.00	25.75896
0.006459259	10.00	-43.79775	0	0.00	0.1422683	25.49825	10.00	25.68511
0.006459259	10.00	-43.65709	0	0.00	0.1406645	25.42091	10.00	25.6075
0.006459259	10.00	-43.50927	0	0.00	0.1478174	25.34636	10.00	25.53272
0.006459259	10.00	-43.36686	0	0.00	0.1424113	25.27187	10.00	25.45792
0.006459259	10.00	-43.22446	0	0.00	0.1424	25.19255	10.00	25.37848
0.006459259	10.00	-43.07301	0	0.00	0.1514398	25.11687	10.00	25.30277
0.006459259	10.00	-42.92868	0	0.00	0.1443365	25.03703	10.00	25.22275
0.006459259	10.00	-42.77637	0	0.00	0.1523048	24.96164	10.00	25.1471
0.006459259	10.00	-42.6325	0	0.00	0.1438707	24.87576	10.00	25.06084
0.006459259	10.00	-42.46855	0	0.00	0.1639564	24.80087	10.00	24.98571
0.006459259	10.00	-42.32575	0	0.00	0.1427963	24.72066	10.00	24.90523
0.006459259	10.00	-42.17275	0	0.00	0.1529998	24.64171	10.00	24.826
0.006459259	10.00	-42.02206	0	0.00	0.1506924	24.56786	10.00	24.7519
0.006459259	10.00	-41.8811	0	0.00	0.1409589	24.49296	10.00	24.67671
0.006459259	10.00	-41.73808	0	0.00	0.1430157	24.41539	10.00	24.59885
0.006459259	10.00	-41.59007	0	0.00	0.1480184	24.33768	10.00	24.52079
0.006459259	10.00	-41.44161	0	0.00	0.1484516	24.26282	10.00	24.4456
0.006459259	10.00	-41.29846	0	0.00	0.1431545	24.16741	10.00	24.34974
0.006459259	10.00	-41.11584	0	0.00	0.1826193	24.08276	10.00	24.26463
0.006459259	10.00	-40.95366	0	0.00	0.1621855	23.99216	10.00	24.17352
0.006459259	10.00	-40.77999	0	0.00	0.1736658	23.8948	10.00	24.07552
0.006459259	10.00	-40.59325	0	0.00	0.1867344	23.82074	10.00	24.00094
0.006459259	10.00	-40.45117	0	0.00	0.1420843	23.74735	10.00	23.92717
0.006459259	10.00	-40.31049	0	0.00	0.1406814	23.66689	10.00	23.84633
0.006459259	10.00	-40.15631	0	0.00	0.1541818	23.58716	10.00	23.76621
0.006459259	10.00	-40.00357	0	0.00	0.1527337	23.51823	10.00	23.69697
0.006459259	10.00	-39.87169	0	0.00	0.1318879	23.44926	10.00	23.62785
0.006459259	10.00	-39.74002	0	0.00	0.1316671	23.38233	10.00	23.56083
0.006459259	10.00	-39.61238	0	0.00	0.1276355	23.31248	10.00	23.4909
0.006459259	10.00	-39.47914	0	0.00	0.133244	23.24512	10.00	23.42343
0.006459259	10.00	-39.35059	0	0.00	0.12855	23.1796	10.00	23.35779
0.006459259	10.00	-39.22563	0	0.00	0.1249586	23.11209	10.00	23.29014
0.006459259	10.00	-39.09685	0	0.00	0.1287807	23.04199	10.00	23.21979
0.006459259	10.00	-38.96307	0	0.00	0.1337819	22.97232	10.00	23.14986
0.006459259	10.00	-38.83007	0	0.00	0.1329963	22.90457	10.00	23.082
0.006459259	10.00	-38.7009	0	0.00	0.1291728	22.83168	10.00	23.00893
0.006459259	10.00	-38.56195	0	0.00	0.1389516	22.75846	10.00	22.93555
0.006459259	10.00	-38.4224	0	0.00	0.1395433	22.69006	10.00	22.86697
0.006459259	10.00	-38.29189	0	0.00	0.130519	22.62139	10.00	22.7982
0.006459259	10.00	-38.16107	0	0.00	0.1308106	22.55265	10.00	22.72934
0.006459259	10.00	-38.02994	0	0.00	0.1311348	22.48301	10.00	22.65967
0.006459259	10.00	-37.89724	0	0.00	0.1326962	22.41583	10.00	22.59243
0.006459259	10.00	-37.76912	0	0.00	0.1281196	22.34876	10.00	22.52534
0.006459259	10.00	-37.64133	0	0.00	0.1277884	22.27864	10.00	22.45521
0.006459259	10.00	-37.5078	0	0.00	0.13353	22.20672	10.00	22.38328
0.006459259	10.00	-37.37082	0	0.00	0.1369882	22.13905	10.00	22.31559
0.006459259	10.00	-37.24192	0	0.00	0.1288925	22.07034	10.00	22.24689
0.006459259	10.00	-37.1111	0	0.00	0.1308276	22.0022	10.00	22.17877
0.006459259	10.00	-36.9812	0	0.00	0.129899	21.9318	10.00	22.1084
0.006459259	10.00	-36.85342	0	0.00	0.1277737	21.86057	10.00	22.03703
0.006459259	10.00	-36.74531	0	0.00	0.1081112	21.78156	10.00	21.9581
0.006459259	10.00	-36.63705	0	0.00	0.1082644	21.69838	10.00	21.87498
0.006459259	10.00	-36.52917	0	0.00	0.1078725	21.62112	10.00	21.79767
0.006459259	10.00	-36.42891	0	0.00	0.1002657	21.53647	10.00	21.71301
0.006459259	10.00	-36.31919	0	0.00	0.109719	21.46959	10.00	21.64603
0.006459259	10.00	-36.23246	0	0.00	0.08673587	21.40651	10.00	21.58285
0.006459259	10.00	-36.15063	0	0.00	0.08182233	21.34095	10.00	21.51768
0.006459259	10.00	-36.06583	0	0.00	0.08480071	21.2749	10.00	21.45156
0.006459259	10.00	-35.98022	0	0.00	0.08560598	21.20581	10.00	21.38241
0.006459259	10.00	-35.89061	0	0.00	0.0896131	21.1348	10.00	21.31114
0.006459259	10.00	-35.78685	0	0.00	0.1037682	21.06584	10.00	21.24206
0.006459259	10.00	-35.66432	0	0.00	0.1225236	20.99681	10.00	21.17286
0.006459259	10.00	-35.53277	0	0.00	0.1315524	20.92729	10.00	21.10334
0.006459259	10.00	-35.40022	0	0.00	0.1325518	20.85799	10.00	21.03395
0.006459259	10.00	-35.268	0	0.00	0.1322135	20.78889	10.00	20.96469
0.006459259	10.00	-35.13616	0	0.00	0.131844	20.71949	10.00	20.89506
0.006459259	10.00	-35.00363	0	0.00	0.1325306	20.65046	10.00	20.82583
0.006459259	10.00	-34.87181	0	0.00	0.1318199	20.58109	10.00	20.75624
0.006459259	10.00	-34.73937	0	0.00	0.1324385	20.51172	10.00	20.68674
0.006459259	10.00	-34.60699	0	0.00	0.1323791	20.44251	10.00	20.61723
0.006459259	10.00	-34.47469	0	0.00	0.1323055	20.37353	10.00	20.54796
0.006459259	10.00	-34.34289	0	0.00	0.131793	20.30501	10.00	20.47914
0.006459259	10.00	-34.212	0	0.00	0.1308956	20.23545	10.00	20.40933
0.006459259	10.00	-34.07909	0	0.00	0.1329114	20.1657	10.00	20.33935
0.006459259	10.00	-33.94575	0	0.00	0.1333332	20.09688	10.00	20.27027
0.006459259	10.00	-33.81411	0	0.00	0.1316402	20.02751	10.00	20.20059
0.006459259	10.00	-33.68145	0	0.00	0.132665	19.95865	10.00	20.13142
0.006459259	10.00	-33.54982	0	0.00	0.1316274	19.88931	10.00	20.0618
0.006459259	10.00	-33.41717	0	0.00	0.1326466	19.82015	10.00	19.99239
0.006459259	10.00	-33.28497	0	0.00	0.1321993	19.75106	10.00	19.92307
0.006459259	10.00	-33.15288	0	0.00	0.1320917	19.68201	10.00	19.85377
0.006459259	10.00	-33.02093	0	0.00	0.1319502	19.61277	10.00	19.78429
0.006459259	10.00	-32.88865	0	0.00	0.1322885	19.53594	10.00	19.70723
0.006459259	10.00	-32.74186	0	0.00	0.1467883	19.46781	10.00	19.63882
0.006459259	10.00	-32.61162	0	0.00	0.1302373	19.39975	10.00	19.57054
0.006459259	10.00	-32.48155	0	0.00	0.1300646	19.32144	10.00	19.49192
0.006459259	10.00	-32.33181	0	0.00	0.1497454	19.24835	10.00	19.41851
0.006459259	10.00	-32.19201	0	0.00	0.1397939	19.18029	10.00	19.35014
0.006459259	10.00	-32.06172	0	0.00	0.1302968	19.11975	10.00	19.28943
0.006459259	10.00	-31.94594	0	0.00	0.115773	19.05482	10.00	19.22434
0.006459259	10.00	-31.82186	0	0.00	0.1240852	18.99059	10.00	19.15998
0.006459259	10.00	-31.69913	0	0.00	0.1227291	18.9214	10.00	19.09069
0.006459259	10.00	-31.56684	0	0.00	0.1322927	18.85236	10.00	19.02148
0.006459259	10.00	-31.43489	0	0.00	0.1319488	18.78297	10.00	18.95195
0.006459259	10.00	-31.30225	0	0.00	0.1326367	18.71365	10.00	18.88267
0.006459259	10.00	-31.1699	0	0.00	0.1323508	18.64441	10.00	18.81343
-0.04384083	10.00	-31.03764	-0.05030009	0.00	0.1322659	18.57516	10.00	18.74421
-0.1056409	10.00	-30.90543	-0.06180006	0.00	0.1322092	18.5062	10.00	18.67519
-0.1671591	10.00	-30.77382	-0.06151817	0.00	0.1316062	18.43694	10.00	18.6059
-0.2378589	10.00	-30.64173	-0.07069985	0.00	0.1320946	18.3675	10.00	18.53634
-0.3190861	10.00	-30.50915	-0.08122718	0.00	0.1325759	18.2984	10.00	18.46705
-0.4012631	10.00	-30.37711	-0.08217701	0.00	0.1320394	18.2294	10.00	18.39782
-0.4833485	10.00	-30.24522	-0.08208538	0.00	0.1318921	18.16026	10.00	18.32848
-0.5656233	10.00	-30.11302	-0.08227479	0.00	0.1321965	18.09073	10.00	18.25864
-0.6484293	10.00	-29.97997	-0.08280604	0.00	0.1330501	18.02205	10.00	18.18962
-0.7302856	10.00	-29.84845	-0.08185632	0.00	0.1315241	17.95284	10.00	18.12009
-0.8127357	10.00	-29.71597	-0.08245011	0.00	0.1324782	17.88389	10.00	18.05094
-0.8948334	10.00	-29.58406	-0.08209771	0.00	0.1319119	17.8147	10.00	17.98159
-0.9771954	10.00	-29.45172	-0.08236202	0.00	0.1323366	17.74565	10.00	17.91244
-1.070747	10.00	-29.31987	-0.09355111	0.00	0.1318525	17.67575	10.00	17.84245
-1.169251	10.00	-29.18649	-0.09850412	0.00	0.1333728	17.60689	10.00	17.77311
-1.266362	10.00	-29.05501	-0.09711152	0.00	0.1314873	17.53782	10.00	17.70381
-1.366393	10.00	-28.92303	-0.1000312	0.00	0.1319799	17.46887	10.00	17.63467
-1.46885	10.00	-28.79122	-0.1024562	0.00	0.1318114	17.39666	10.00	17.56229
-1.576127	10.00	-28.6532	-0.1072778	0.00	0.1380145	17.32901	10.00	17.4944
-1.676643	10.00	-28.52389	-0.1005152	0.00	0.1293144	17.2612	10.00	17.4264
-1.77732	10.00	-28.39437	-0.100677	0.00	0.1295225	17.19176	10.00	17.35687
-1.880323	10.00	-28.26185	-0.1030031	0.00	0.132515	17.1234	10.00	17.28831
-1.98184	10.00	-28.13125	-0.1015176	0.00	0.130604	17.04448	10.00	17.2092
-2.09902	10.00	-27.98049	-0.1171796	0.00	0.1507533	16.97248	10.00	17.13692
-2.206	10.00	-27.84286	-0.1069796	0.00	0.1376309	16.90167	10.00	17.06594
-2.310993	10.00	-27.70779	-0.1049935	0.00	0.1350758	16.83606	10.00	17.00014
-2.40835	10.00	-27.58253	-0.09735732	0.00	0.1252517	16.77207	10.00	16.93598
-2.503318	10.00	-27.46036	-0.09496742	0.00	0.122177	16.70731	10.00	16.87111
-2.599373	10.00	-27.33678	-0.09605564	0.00	0.123577	16.63799	10.00	16.80162
-2.695605	10.00	-27.20475	-0.09623145	0.00	0.1320266	16.5685	10.00	16.73188
-2.789711	10.00	-27.07212	-0.09410653	0.00	0.1326353	16.49933	10.00	16.66246
-2.883364	10.00	-26.94012	-0.09365256	0.00	0.1319955	16.43019	10.00	16.59306
-2.977101	10.00	-26.80801	-0.09373692	0.00	0.1321144	16.3604	10.00	16.52294
-3.071733	10.00	-26.67463	-0.09463182	0.00	0.1333757	16.29205	10.00	16.45428
-3.16441	10.00	-26.54401	-0.09267731	0.00	0.1306209	16.22277	10.00	16.38473
-3.258352	10.00	-26.41161	-0.09394182	0.00	0.1324032	16.15335	10.00	16.31498
-3.352393	10.00	-26.27907	-0.09404125	0.00	0.1325433	16.08328	10.00	16.24589
-3.446707	10.00	-26.14614	-0.09431344	0.00	0.1329269	16.0147	10.00	16.17732
-3.539559	10.00	-26.01527	-0.09285208	0.00	0.1308673	15.9458	10.00	16.10772
-3.632675	10.00	-25.88403	-0.09311622	0.00	0.1312395	15.87634	10.00	16.03813
-3.726834	10.00	-25.75132	-0.09415876	0.00	0.1327089	15.80757	10.00	15.96922
-3.820163	10.00	-25.61978	-0.09332915	0.00	0.1315397	15.73868	10.00	15.90002
-3.909972	10.00	-25.4878	-0.0898096	0.00	0.1319827	15.6693	10.00	15.83015
-3.999245	10.00	-25.35471	-0.08927227	0.00	0.1330869	15.59999	10.00	15.76034
-4.088407	10.00	-25.22179	-0.08916213	0.00	0.1329227	15.5314	10.00	15.69133
-4.176598	10.00	-25.09032	-0.08819074	0.00	0.1314745	15.4628	10.00	15.62231
-4.264742	10.00	-24.95891	-0.08814421	0.00	0.1314052	15.39314	10.00	15.55232
-4.354168	10.00	-24.8256	-0.0894261	0.00	0.1333162	15.3247	10.00	15.48346
-4.43828	10.00	-24.69452	-0.08411177	0.00	0.1310697	15.25439	10.00	15.41278
-4.523308	10.00	-24.56	-0.08502843	0.00	0.1345279	15.18361	10.00	15.34164
-4.606261	10.00	-24.4246	-0.08295312	0.00	0.1353929	15.11674	10.00	15.27454
-4.682066	10.00	-24.29684	-0.07580497	0.00	0.1277643	15.04812	10.00	15.20559
-4.7599	10.00	-24.16566	-0.07783329	0.00	0.1311829	14.97904	10.00	15.1362
-4.833113	10.00	-24.03364	-0.07321322	0.00	0.1320139	14.90992	10.00	15.06669
-4.901317	10.00	-23.90143	-0.06820381	0.00	0.1322149	14.84074	10.00	14.99711
-4.969602	10.00	-23.76905	-0.0682856	0.00	0.1323734	14.77064	10.00	14.92658
-5.038803	10.00	-23.63491	-0.06920131	0.00	0.1341486	14.69815	10.00	14.85385
-5.110267	10.00	-23.49637	-0.07146357	0.00	0.138534	14.62734	10.00	14.7827
-5.180095	10.00	-23.36101	-0.06982785	0.00	0.1353631	14.55035	10.00	14.70537
-5.255979	10.00	-23.21391	-0.0758844	0.00	0.1471039	14.48263	10.00	14.63732
-5.322749	10.00	-23.08447	-0.06676963	0.00	0.1294347	14.4174	10.00	14.57181
-5.387065	10.00	-22.95979	-0.06431677	0.00	0.1246798	14.353	10.00	14.50706
-5.450675	10.00	-22.83648	-0.06360991	0.00	0.1233095	14.28688	10.00	14.44062
-5.516013	10.00	-22.70982	-0.06533764	0.00	0.1266588	14.21772	10.00	14.37113
-5.584308	10.00	-22.57743	-0.06829436	0.00	0.1323904	14.14875	10.00	14.30179
-5.652441	10.00	-22.44535	-0.06813297	0.00	0.1320776	14.07986	10.00	14.23245
-5.720551	10.00	-22.31332	-0.06811034	0.00	0.1320337	14.01153	10.00	14.16353
-5.788224	10.00	-22.18213	-0.06767292	0.00	0.1311858	13.94317	10.00	14.09453
-5.856016	10.00	-22.05072	-0.06779268	0.00	0.1314179	13.87387	10.00	14.02462
-5.924698	10.00	-21.91758	-0.06868137	0.00	0.1331407	13.80531	10.00	13.95557
-5.992615	10.00	-21.78592	-0.06791756	0.00	0.13166	13.73642	10.00	13.88614
-6.064728	10.00	-21.65358	-0.07211236	0.00	0.1323395	13.66809	10.00	13.81746
-6.136112	10.00	-21.52257	-0.0713842	0.00	0.1310032	13.59793	10.00	13.74685
-6.20943	10.00	-21.38802	-0.07331798	0.00	0.134552	13.52954	10.00	13.67811
-6.280827	10.00	-21.257	-0.07139654	0.00	0.1310258	13.4605	10.00	13.60876
-6.352946	10.00	-21.12465	-0.0721193	0.00	0.1323522	13.3914	10.00	13.5394
-6.425095	10.00	-20.99224	-0.07214937	0.00	0.1324074	13.32231	10.00	13.47006
-6.497161	10.00	-20.85998	-0.07206608	0.00	0.1322545	13.25426	10.00	13.40183
-6.568122	10.00	-20.72976	-0.07096072	0.00	0.130226	13.18517	10.00	13.33259
-6.640127	10.00	-20.59761	-0.07200514	0.00	0.1321427	13.11481	10.00	13.26211
-6.71347	10.00	-20.46301	-0.07334343	0.00	0.1345987	13.04195	10.00	13.18914
-6.78948	10.00	-20.32352	-0.07601	0.00	0.1394924	12.97732	10.00	13.1244
-6.856896	10.00	-20.1998	-0.06741558	0.00	0.12372	12.9073	10.00	13.05416
-6.929994	10.00	-20.06565	-0.07309815	0.00	0.1341486	12.8395	10.00	12.98616
-7.000646	10.00	-19.936	-0.07065218	0.00	0.1296598	12.77069	10.00	12.91715
-7.072274	10.00	-19.80454	-0.07162794	0.00	0.1314505	12.70015	10.00	12.84632
-7.145847	10.00	-19.66953	-0.07357252	0.00	0.1350191	12.63207	10.00	12.77797
-7.216822	10.00	-19.53927	-0.07097538	0.00	0.1302529	12.56262	10.00	12.70825
-7.289227	10.00	-19.40639	-0.07240547	0.00	0.1328774	12.49326	10.00	12.63871
-7.361455	10.00	-19.27384	-0.07222728	0.00	0.1325504	12.42434	10.00	12.56952
-7.433252	10.00	-19.14208	-0.07179687	0.00	0.1317605	12.34921	10.00	12.49416
-7.511448	10.00	-18.99858	-0.07819603	0.00	0.1435041	12.27526	10.00	12.41979
-7.58843	10.00	-18.8573	-0.07698268	0.00	0.1412774	12.20719	10.00	12.35149
-7.659245	10.00	-18.72734	-0.07081416	0.00	0.129957	12.1411	10.00	12.28521
-7.728028	10.00	-18.60111	-0.06878319	0.00	0.1262298	12.06964	10.00	12.21368
-7.802313	10.00	-18.46479	-0.07428525	0.00	0.1363271	12.0064	10.00	12.15047
-7.867982	10.00	-18.34427	-0.06566923	0.00	0.1205151	11.9368	10.00	12.08079
-7.940325	10.00	-18.21151	-0.07234299	0.00	0.1327627	11.87113	10.00	12.01514
-8.008529	10.00	-18.08635	-0.06820313	0.00	0.1251653	11.80094	10.00	11.94496
-8.081403	10.00	-17.95261	-0.07287445	0.00	0.133738	11.73164	10.00	11.87566
-8.15335	10.00	-17.82057	-0.07194728	0.00	0.1320365	11.66212	10.00	11.80619
-8.225463	10.00	-17.68823	-0.07211236	0.00	0.1323395	11.59218	10.00	11.73626
-8.298014	10.00	-17.55509	-0.07255125	0.00	0.1331449	11.52297	10.00	11.66698
-8.369878	10.00	-17.4232	-0.07186397	0.00	0.1318836	11.45413	10.00	11.59811
-8.441314	10.00	-17.2921	-0.07143588	0.00	0.131098	11.38445	10.00	11.52837
-8.513651	10.00	-17.15935	-0.07233759	0.00	0.1327528	11.31531	10.00	11.45885
-8.585357	10.00	-17.02776	-0.07170508	0.00	0.131592	11.24548	10.00	11.3887
-8.657818	10.00	-16.89478	-0.07246178	0.00	0.1329807	11.1762	10.00	11.31907
-8.729801	10.00	-16.76268	-0.07198354	0.00	0.1321031	11.10775	10.00	11.25029
-8.800997	10.00	-16.63202	-0.07119521	0.00	0.1306563	11.03803	10.00	11.18026
-8.87352	10.00	-16.49893	-0.07252348	0.00	0.133094	10.96764	10.00	11.11134
-8.94591	10.00	-16.36608	-0.07239004	0.00	0.1328491	10.89401	10.00	11.03797
-9.022392	10.00	-16.22572	-0.07648207	0.00	0.1403587	10.82203	10.00	10.9659
-9.097439	10.00	-16.08799	-0.07504658	0.00	0.1377243	10.75464	10.00	10.89799
-9.167735	10.00	-15.95899	-0.07029582	0.00	0.1290058	10.68963	10.00	10.83264
-9.235589	10.00	-15.83446	-0.06785371	0.00	0.1245241	10.62188	10.00	10.7646
-9.306181	10.00	-15.70491	-0.07059278	0.00	0.1295508	10.55378	10.00	10.69611
-9.377171	10.00	-15.57463	-0.07098927	0.00	0.1302784	10.48377	10.00	10.62582
-9.450053	10.00	-15.44088	-0.07288294	0.00	0.1337536	10.41516	10.00	10.55689
-9.518991	10.00	-15.3097	-0.06893797	0.00	0.1311758	10.34583	10.00	10.48728
-9.587366	10.00	-15.17716	-0.06837468	0.00	0.1325461	10.27612	10.00	10.41724
-9.65619	10.00	-15.04374	-0.06882378	0.00	0.1334167	10.20731	10.00	10.34809
-9.724102	10.00	-14.91209	-0.06791171	0.00	0.1316487	10.13755	10.00	10.27806
-9.792916	10.00	-14.7787	-0.06881429	0.00	0.1333983	10.06501	10.00	10.20533
-9.864472	10.00	-14.63998	-0.07155631	0.00	0.1387138	9.988622	10.00	10.1286
-9.939889	10.00	-14.49378	-0.07541633	0.00	0.1461965	9.91597	10.00	10.05552
-10.01165	10.00	-14.35467	-0.07176442	0.00	0.1391172	9.852518	10.00	9.991575
-10.07439	10.00	-14.23304	-0.06274093	0.00	0.121625	9.786325	10.00	9.924973
-10.13987	10.00	-14.10611	-0.06547857	0.00	0.126932	9.72014	10.00	9.858331
-10.20535	10.00	-13.97919	-0.06547492	0.00	0.1269249	9.653413	10.00	9.79119
-10.27138	10.00	-13.85118	-0.06603282	0.00	0.1280064	9.587159	10.00	9.724645
-10.33692	10.00	-13.72414	-0.0655348	0.00	0.127041	9.51828	10.00	9.655476
-10.40504	10.00	-13.59207	-0.06812786	0.00	0.1320677	9.448467	10.00	9.585303
-10.47414	10.00	-13.45811	-0.069102	0.00	0.133956	9.379596	10.00	9.516406
-10.54229	10.00	-13.32601	-0.06814466	0.00	0.1321002	9.310307	10.00	9.447052
-10.61081	10.00	-13.19318	-0.06852292	0.00	0.1328335	9.242133	10.00	9.378905
-10.67822	10.00	-13.06251	-0.06740566	0.00	0.1306677	9.172442	10.00	9.309339
-10.747	10.00	-12.92917	-0.06878653	0.00	0.1333445	9.103421	10.00	9.240399
-10.81517	10.00	-12.79703	-0.06816291	0.00	0.1321356	9.034925	10.00	9.171977
-10.88284	10.00	-12.66585	-0.06767292	0.00	0.1311858	8.966199	10.00	9.103277
-10.95066	10.00	-12.53438	-0.06782044	0.00	0.1314717	8.896142	10.00	9.033298
-11.01974	10.00	-12.40047	-0.06907789	0.00	0.1339093	8.82686	10.00	8.964027
-11.08808	10.00	-12.26799	-0.06834035	0.00	0.1324796	8.753477	10.00	8.890698
-11.16039	10.00	-12.12781	-0.07231137	0.00	0.1401775	8.680316	10.00	8.817659
-11.2325	10.00	-11.98801	-0.07211421	0.00	0.1397953	8.614821	10.00	8.752203
-11.29712	10.00	-11.86276	-0.06461471	0.00	0.1252573	8.550346	10.00	8.687692
-11.36071	10.00	-11.73948	-0.0635953	0.00	0.1232812	8.481278	10.00	8.61867
-11.42882	10.00	-11.60745	-0.06810668	0.00	0.1320266	8.41289	10.00	8.550423
-11.49628	10.00	-11.47668	-0.06745531	0.00	0.1307639	8.343008	10.00	8.480678
-11.56524	10.00	-11.34299	-0.0689647	0.00	0.1336899	8.273949	10.00	8.411753
-11.63591	10.00	-11.21096	-0.07066955	0.00	0.1320379	8.204395	10.00	8.342331
-11.70839	10.00	-11.07795	-0.0724749	0.00	0.1330048	8.135166	10.00	8.273322
-11.78052	10.00	-10.94558	-0.07212932	0.00	0.1323706	8.066418	10.00	8.20488
-11.85203	10.00	-10.81433	-0.07151918	0.00	0.1312509	7.998096	10.00	8.136789
-11.92318	10.00	-10.68377	-0.07114584	0.00	0.1305657	7.927825	10.00	8.066744
-11.99888	10.00	-10.54961	-0.07570083	0.00	0.1341571	7.858941	10.00	7.998096
-12.07566	10.00	-10.41806	-0.0767787	0.00	0.1315524	7.78812	10.00	7.927482
-12.15459	10.00	-10.28282	-0.07893008	0.00	0.1352386	7.715021	10.00	7.854591
-12.23599	10.00	-10.14335	-0.08139788	0.00	0.1394669	7.632447	10.00	7.772334
-12.32791	10.00	-9.985843	-0.09192675	0.00	0.157507	7.561894	10.00	7.702041
-12.40653	10.00	-9.851138	-0.07861861	0.00	0.1347049	7.49492	10.00	7.635266
-12.48124	10.00	-9.723132	-0.07470912	0.00	0.1280064	7.427316	10.00	7.567968
-12.55659	10.00	-9.594035	-0.07534529	0.00	0.1290964	7.360779	10.00	7.501666
-12.63077	10.00	-9.466939	-0.07417788	0.00	0.1270962	7.295706	10.00	7.436918
-12.70329	10.00	-9.342674	-0.07252552	0.00	0.124265	7.234013	10.00	7.375563
-12.77203	10.00	-9.224895	-0.06873996	0.00	0.1177788	7.166557	10.00	7.308391
-12.8472	10.00	-9.096093	-0.07517343	0.00	0.1288019	7.096837	10.00	7.238929
-12.92097	10.00	-8.96309	-0.07376198	0.00	0.1330034	7.028184	10.00	7.170506
-12.99351	10.00	-8.832282	-0.07254434	0.00	0.1308078	6.959377	10.00	7.101949
-13.06616	10.00	-8.701285	-0.07264955	0.00	0.1309975	6.888993	10.00	7.031957
-13.14042	10.00	-8.567381	-0.07426127	0.00	0.1339037	6.81919	10.00	6.962572
-13.21404	10.00	-8.434643	-0.07361517	0.00	0.1327386	6.749873	10.00	6.893532
-13.28724	10.00	-8.30264	-0.07320694	0.00	0.1320025	6.680214	10.00	6.824119
-13.3608	10.00	-8.170002	-0.07355943	0.00	0.1326381	6.611084	10.00	6.755259
-13.43375	10.00	-8.03846	-0.07295179	0.00	0.1315425	6.535696	10.00	6.680217
-13.51323	10.00	-7.895158	-0.07947329	0.00	0.1433017	6.471177	10.00	6.615999
-13.58123	10.00	-7.772543	-0.06800041	0.00	0.1226144	6.402214	10.00	6.547484
-13.65384	10.00	-7.641619	-0.07260872	0.00	0.1309239	6.332448	10.00	6.478141
-13.72727	10.00	-7.509208	-0.07343382	0.00	0.1324116	6.26296	10.00	6.408956
-13.80039	10.00	-7.377369	-0.07311587	0.00	0.1318383	6.19335	10.00	6.33962
-13.87372	10.00	-7.245132	-0.07333726	0.00	0.1322375	6.123788	10.00	6.27027
-13.94326	10.00	-7.112828	-0.0695309	0.00	0.1323041	6.054477	10.00	6.201116
-14.01126	10.00	-6.981002	-0.06800299	0.00	0.1318256	5.984629	10.00	6.131399
-14.07974	10.00	-6.848249	-0.0684813	0.00	0.1327528	5.915822	10.00	6.062657
-14.14349	10.00	-6.717285	-0.06375466	0.00	0.1309649	5.846048	10.00	5.992984
-14.20684	10.00	-6.584525	-0.06334296	0.00	0.1327599	5.776193	10.00	5.92315
-14.27032	10.00	-6.451482	-0.06347803	0.00	0.133043	5.706888	10.00	5.853799
-14.33328	10.00	-6.319508	-0.06296811	0.00	0.1319742	5.637522	10.00	5.784185
-14.39639	10.00	-6.187247	-0.06310454	0.00	0.1322602	5.568383	10.00	5.71478
-14.4593	10.00	-6.055393	-0.06291069	0.00	0.1318539	5.498732	10.00	5.644933
-14.52263	10.00	-5.92266	-0.06333012	0.00	0.132733	5.428583	10.00	5.574471
-14.57482	10.00	-5.788837	-0.05218805	0.00	0.133823	5.35446	10.00	5.500105
-14.61353	10.00	-5.647454	-0.0387085	0.00	0.1413836	5.279137	10.00	5.424383
-14.63758	10.00	-5.503656	-0.02405321	0.00	0.1437971	5.209329	10.00	5.354184
-14.65986	10.00	-5.37046	-0.02228016	0.00	0.1331973	5.145298	10.00	5.289662
-14.68031	10.00	-5.24822	-0.0204472	0.00	0.1222393	5.078928	10.00	5.222793
-14.69781	10.00	-5.121556	-0.01750796	0.00	0.1266644	5.014422	10.00	5.157818
-14.70888	10.00	-4.998368	-0.01106334	0.00	0.1231878	4.945058	10.00	5.087999
-14.71564	10.00	-4.866	-0.006760979	0.00	0.1323678	4.875589	10.00	5.018162
-14.71564	10.00	-4.733297	0	0.00	0.1327033	4.806633	10.00	4.948836
-14.71564	10.00	-4.601576	0	0.00	0.1317209	4.737307	10.00	4.87908
-14.71564	10.00	-4.468912	0	0.00	0.1326636	4.667989	10.00	4.809485
-14.71564	10.00	-4.336588	0	0.00	0.1323239	4.599282	10.00	4.740548
-14.71564	10.00	-4.205504	0	0.00	0.1310838	4.52951	10.00	4.67062
-14.71564	10.00	-4.072531	0	0.00	0.1329736	4.460464	10.00	4.602751
-14.71564	10.00	-3.941875	0	0.00	0.1306563	4.383074	10.00	4.525131
-14.71564	10.00	-3.794115	0	0.00	0.1477593	4.316591	10.00	4.458663
-14.71564	10.00	-3.667226	0	0.00	0.1268895	4.252862	10.00	4.394698
-14.71564	10.00	-3.545241	0	0.00	0.1219845	4.184316	10.00	4.325718
-14.71564	10.00	-3.413636	0	0.00	0.1316048	4.115598	10.00	4.256561
-14.71564	10.00	-3.281631	0	0.00	0.1320054	4.046673	10.00	4.187102
-14.71564	10.00	-3.148935	0	0.00	0.1326962	3.977058	10.00	4.116989
-14.71564	10.00	-3.015186	0	0.00	0.1337494	3.908207	10.00	4.047596
-14.71564	10.00	-2.882896	0	0.00	0.1322899	3.839244	10.00	3.977836
-14.71564	10.00	-2.750456	0	0.00	0.13244	3.771496	10.00	3.909479
-14.71564	10.00	-2.620412	0	0.00	0.1300434	3.701867	10.00	3.839326
-14.71564	10.00	-2.486741	0	0.00	0.1336715	3.632932	10.00	3.769892
-14.73011	10.00	-2.354193	-0.01447082	0.00	0.1325475	3.564507	10.00	3.70106
-14.75468	10.00	-2.222564	-0.02456689	0.00	0.1316288	3.495862	10.00	3.632043
-14.79347	10.00	-2.090243	-0.03878983	0.00	0.1323211	3.427387	10.00	3.563195
-14.86163	10.00	-1.958102	-0.06816583	0.00	0.1321413	3.358466	10.00	3.493942
-14.94831	10.00	-1.825038	-0.08668018	0.00	0.1330642	3.290539	10.00	3.425602
-15.04015	10.00	-1.693811	-0.09183653	0.00	0.1312268	3.222811	10.00	3.357704
-15.1316	10.00	-1.563132	-0.09145315	0.00	0.130679	3.153131	10.00	3.287713
-15.2256	10.00	-1.428817	-0.09399816	0.00	0.1343156	3.080736	10.00	3.214949
-15.3231	10.00	-1.289493	-0.09750314	0.00	0.1393239	3.006563	10.00	3.140288
-15.423	10.00	-1.146752	-0.0998946	0.00	0.1427411	2.936687	10.00	3.069969
-15.51701	10.00	-1.012417	-0.09401104	0.00	0.134334	2.872992	10.00	3.005885
-15.60267	10.00	-0.8900068	-0.08566669	0.00	0.1224106	2.805347	10.00	2.937826
-15.69356	10.00	-0.760139	-0.09088551	0.00	0.1298679	2.740361	10.00	2.872514
-15.78078	10.00	-0.6355116	-0.08721806	0.00	0.1246274	2.671772	10.00	2.803632
-15.87281	10.00	-0.5040101	-0.09202873	0.00	0.1315014	2.602562	10.00	2.734212
-15.96557	10.00	-0.371457	-0.09276479	0.00	0.1325532	2.534698	10.00	2.665947
-16.05667	10.00	-0.2412848	-0.09109849	0.00	0.1301722	2.46495	10.00	2.595905
-16.15025	10.00	-0.1075623	-0.09358308	0.00	0.1337225	2.395744	10.00	2.526438
-16.24309	10.00	0.0250985	-0.09284008	0.00	0.1326608	2.327079	10.00	2.457531
-16.33525	10.00	0.156784	-0.09215752	0.00	0.1316855	2.253515	10.00	2.383514
-16.43404	10.00	0.2979439	-0.09878803	0.00	0.1411599	2.183822	10.00	2.313303
-16.52793	10.00	0.4321024	-0.09388821	0.00	0.1341585	2.119704	10.00	2.248605
-16.61436	10.00	0.5556143	-0.08643742	0.00	0.1235119	2.052285	10.00	2.180649
-16.69772	10.00	0.6855062	-0.08335596	0.00	0.1298919	1.983919	10.00	2.11159
-16.76576	10.00	0.8173955	-0.06803585	0.00	0.1318893	1.916089	10.00	2.043133
-16.81798	10.00	0.9480631	-0.05222278	0.00	0.1306677	1.846952	10.00	1.973376
-16.84025	10.00	1.081178	-0.02226643	0.00	0.1331152	1.778579	10.00	1.904528
-16.84025	10.00	1.212576	0	0.00	0.1313981	1.709885	10.00	1.835005
-16.84025	10.00	1.34488	0	0.00	0.1323041	1.641238	10.00	1.765667
-16.84025	10.00	1.476982	0	0.00	0.1321016	1.572534	10.00	1.696372
-16.84025	10.00	1.609075	0	0.00	0.1320931	1.503806	10.00	1.627116
-16.84025	10.00	1.74121	0	0.00	0.1321342	1.434675	10.00	1.557649
-16.84025	10.00	1.873876	0	0.00	0.1326665	1.36588	10.00	1.488512
-16.84025	10.00	2.005784	0	0.00	0.1319077	1.297037	10.00	1.419221
-16.84025	10.00	2.13778	0	0.00	0.1319969	1.228017	10.00	1.349638
-16.84025	10.00	2.270096	0	0.00	0.1323154	1.159084	10.00	1.280085
-16.84025	10.00	2.402304	0	0.00	0.1322078	1.089122	10.00	1.209534
-16.84025	10.00	2.536309	0	0.00	0.1340056	1.020274	10.00	1.140168
-16.84025	10.00	2.668274	0	0.00	0.1319643	0.9508747	10.00	1.070318
-16.84025	10.00	2.801161	0	0.00	0.1328873	0.8820685	10.00	1.001084
-16.84025	10.00	2.932841	0	0.00	0.1316798	0.809992	10.00	0.9285958
-16.84025	10.00	3.070595	0	0.00	0.137754	0.7378893	10.00	0.8560794
-16.84025	10.00	3.208301	0	0.00	0.1377059	0.6641478	10.00	0.7819936
-16.84025	10.00	3.34916	0	0.00	0.1408598	0.5915235	10.00	0.7090002
-16.84025	10.00	3.487952	0	0.00	0.1387917	0.5273328	10.00	0.6445473
-16.84025	10.00	3.610637	0	0.00	0.1226852	0.4651668	10.00	0.5822105
-16.84025	10.00	3.729434	0	0.00	0.1187966	0.3968808	10.00	0.5136878
-16.84025	10.00	3.859977	0	0.00	0.1305431	0.3289557	10.00	0.445572
-16.84025	10.00	3.989975	0	0.00	0.1299981	0.2602839	10.00	0.3766324
-16.84025	10.00	4.121593	0	0.00	0.1316175	0.191437	10.00	0.3076004
-16.84025	10.00	4.253503	0	0.00	0.1319105	0.1171151	10.00	0.2329231
-16.84025	10.00	4.396094	0	0.00	0.1425911	0.04703745	10.00	0.1624253
-16.84025	10.00	4.53055	0	0.00	0.1344557	-0.01657498	10.00	0.09834959
-16.84025	10.00	4.652798	0	0.00	0.1222478	-0.08441474	10.00	0.02995886
-16.84025	10.00	4.783148	0	0.00	0.1303506	-0.1530833	10.00	-0.0394646
-16.84025	10.00	4.91528	0	0.00	0.1321314	-0.2218419	10.00	-0.1088619
-16.84025	10.00	5.04755	0	0.00	0.1322701	-0.2905459	10.00	-0.1781488
-16.83861	10.00	5.179704	0.001631532	0.00	0.132154	-0.3591101	10.00	-0.2467876
-16.82934	10.00	5.31132	0.009271433	0.00	0.1316161	-0.4286914	10.00	-0.3168943
-16.81861	10.00	5.445252	0.01073142	0.00	0.133932	-0.4969255	10.00	-0.3856586
-16.80682	10.00	5.576564	0.01179295	0.00	0.1313117	-0.5658307	10.00	-0.4549951
-16.78592	10.00	5.709179	0.02089874	0.00	0.1326155	-0.6349102	10.00	-0.5232936
-16.75999	10.00	5.841262	0.02593065	0.00	0.1320832	-0.7035437	10.00	-0.5921819
-16.7328	10.00	5.973245	0.02718889	0.00	0.1319827	-0.7720355	10.00	-0.6612587
-16.69541	10.00	6.105165	0.03739502	0.00	0.1319204	-0.8403948	10.00	-0.7300504
-16.65554	10.00	6.236812	0.0398666	0.00	0.1316458	-0.9094877	10.00	-0.7991844
-16.61649	10.00	6.370009	0.0390467	0.00	0.1331973	-0.976569	10.00	-0.866648
-16.57841	10.00	6.499919	0.03808312	0.00	0.1299103	-1.044639	10.00	-0.9352058
-16.53965	10.00	6.632124	0.0387558	0.00	0.132205	-1.112738	10.00	-1.003814
-16.50092	10.00	6.764237	0.03872883	0.00	0.132113	-1.181192	10.00	-1.072888
-16.46193	10.00	6.897257	0.03899483	0.00	0.1330204	-1.248808	10.00	-1.141624
-16.4234	10.00	7.028701	0.03853255	0.00	0.1314434	-1.316844	10.00	-1.210968
-16.3846	10.00	7.161045	0.03879647	0.00	0.1323437	-1.385406	10.00	-1.281171
-16.34552	10.00	7.294358	0.03908073	0.00	0.1333134	-1.453947	10.00	-1.351046
-16.30649	10.00	7.427489	0.0390272	0.00	0.1331308	-1.528476	10.00	-1.426671
-16.26413	10.00	7.572005	0.04236484	0.00	0.1445162	-1.601511	10.00	-1.50064
-16.2228	10.00	7.712994	0.04133072	0.00	0.1409886	-1.675032	10.00	-1.574711
-16.18267	10.00	7.854538	0.04012325	0.00	0.141545	-1.738994	10.00	-1.639078
-16.14777	10.00	7.977675	0.03490515	0.00	0.1231368	-1.801327	10.00	-1.701972
-16.11367	10.00	8.097964	0.0340978	0.00	0.1202886	-1.865816	10.00	-1.766651
-16.07841	10.00	8.222338	0.03525586	0.00	0.124374	-1.932493	10.00	-1.833781
-16.0419	10.00	8.351147	0.03651304	0.00	0.128809	-2.001213	10.00	-1.902988
-16.00428	10.00	8.483881	0.03762576	0.00	0.1327344	-2.070983	10.00	-1.973387
-15.96609	10.00	8.618582	0.03818312	0.00	0.1347006	-2.138206	10.00	-2.041449
-15.92925	10.00	8.748545	0.03684007	0.00	0.1299627	-2.206266	10.00	-2.110519
-15.89189	10.00	8.880362	0.03736573	0.00	0.1318171	-2.275377	10.00	-2.180721
-15.85391	10.00	9.014339	0.03797807	0.00	0.1339773	-2.343288	10.00	-2.249766
-15.81659	10.00	9.146005	0.0373228	0.00	0.1316656	-2.410323	10.00	-2.317823
-15.77975	10.00	9.275941	0.03683244	0.00	0.1299358	-2.47972	10.00	-2.388428
-15.74166	10.00	9.410342	0.03809845	0.00	0.1344019	-2.547028	10.00	-2.456876
-15.70469	10.00	9.540756	0.03696808	0.00	0.1304143	-2.615266	10.00	-2.526083
-15.66725	10.00	9.672835	0.03743997	0.00	0.132079	-2.684045	10.00	-2.595794
-15.62951	10.00	9.805951	0.0377337	0.00	0.1331152	-2.752931	10.00	-2.665411
-15.59176	10.00	9.939125	0.03775055	0.00	0.1331746	-2.820111	10.00	-2.733239
-15.55494	10.00	10.06901	0.0368184	0.00	0.1298863	-2.889256	10.00	-2.802901
-15.51702	10.00	10.20281	0.03792631	0.00	0.1337947	-2.957572	10.00	-2.871679
-15.47952	10.00	10.3351	0.03750176	0.00	0.132297	-3.025459	10.00	-2.940216
-15.44217	10.00	10.46685	0.03734527	0.00	0.1317449	-3.093162	10.00	-3.008541
-15.40493	10.00	10.59823	0.03724094	0.00	0.1313769	-3.161096	10.00	-3.077075
-15.36762	10.00	10.72984	0.03730795	0.00	0.1316133	-3.229627	10.00	-3.145999
-15.33009	10.00	10.86224	0.03753266	0.00	0.132406	-3.299453	10.00	-3.216154
-15.29194	10.00	10.99682	0.03814861	0.00	0.1345789	-3.366752	10.00	-3.284194
-15.25517	10.00	11.12654	0.03677145	0.00	0.1297206	-3.436138	10.00	-3.354128
-15.21733	10.00	11.26004	0.03784204	0.00	0.1334974	-3.504665	10.00	-3.423034
-15.18005	10.00	11.39155	0.03727906	0.00	0.1315113	-3.57426	10.00	-3.492856
-15.14229	10.00	11.52475	0.03775737	0.00	0.1331987	-3.642614	10.00	-3.561341
-15.10524	10.00	11.65547	0.03705555	0.00	0.1307229	-3.71128	10.00	-3.630159
-15.06794	10.00	11.78705	0.03729792	0.00	0.1315779	-3.78132	10.00	-3.700411
-15.02986	10.00	11.9214	0.038082	0.00	0.1343439	-3.855786	10.00	-3.774889
-14.98944	10.00	12.06398	0.04041738	0.00	0.1425826	-3.928545	10.00	-3.847692
-14.94989	10.00	12.20349	0.03954582	0.00	0.1395079	-3.998854	10.00	-3.917969
-14.9116	10.00	12.33858	0.03829427	0.00	0.1350928	-4.069864	10.00	-3.98913
-14.87277	10.00	12.47555	0.03882675	0.00	0.1369712	-4.137054	10.00	-4.05645
-14.83604	10.00	12.60513	0.03673093	0.00	0.1295777	-4.207023	10.00	-4.126431
-14.79777	10.00	12.74015	0.03827501	0.00	0.1350248	-4.272171	10.00	-4.191577
-14.7622	10.00	12.86564	0.03557006	0.00	0.1254824	-4.337794	10.00	-4.257332
-14.72635	10.00	12.99209	0.03584493	0.00	0.1264521	-4.4019	10.00	-4.321902
-14.69135	10.00	13.11556	0.03500066	0.00	0.1234737	-4.467983	10.00	-4.388409
-14.65158	10.00	13.2428	0.03976548	0.00	0.1272434	-4.537195	10.00	-4.457757
-14.60881	10.00	13.37557	0.04277588	0.00	0.1327627	-4.605564	10.00	-4.5264
-14.56645	10.00	13.50703	0.04235582	0.00	0.131459	-4.673879	10.00	-4.594962
-14.52415	10.00	13.63831	0.04229972	0.00	0.1312848	-4.743828	10.00	-4.665136
-14.47691	10.00	13.7637	0.04724503	0.00	0.1253898	-4.811704	10.00	-4.733435
-14.43102	10.00	13.8817	0.04588912	0.00	0.1179961	-4.880104	10.00	-4.802235
-14.38472	10.00	14.00074	0.04629485	0.00	0.1190393	-4.948708	10.00	-4.87151
-14.33819	10.00	14.12038	0.04653103	0.00	0.1196466	-5.017427	10.00	-4.940827
-14.29164	10.00	14.2401	0.04655738	0.00	0.1197144	-5.086093	10.00	-5.01014
-14.24515	10.00	14.35962	0.0464828	0.00	0.1195226	-5.154708	10.00	-5.079382
-14.19869	10.00	14.47908	0.04645794	0.00	0.1194587	-5.223556	10.00	-5.148783
-14.15209	10.00	14.59892	0.04660611	0.00	0.1198397	-5.291796	10.00	-5.217474
-14.10585	10.00	14.71781	0.04623568	0.00	0.1188872	-5.360414	10.00	-5.286874
-14.0594	10.00	14.83725	0.04645197	0.00	0.1194434	-5.429165	10.00	-5.356276
-14.01282	10.00	14.95702	0.04657876	0.00	0.1197694	-5.496903	10.00	-5.424715
-13.96681	10.00	15.07534	0.04601691	0.00	0.1183247	-5.564898	10.00	-5.493105
-13.92064	10.00	15.19404	0.0461611	0.00	0.1186954	-5.634315	10.00	-5.561072
-13.87266	10.00	15.30767	0.04798236	0.00	0.1136323	-5.702679	10.00	-5.629215
-13.82503	10.00	15.41408	0.04763187	0.00	0.106413	-5.771149	10.00	-5.697971
-13.77706	10.00	15.52125	0.04797113	0.00	0.1071709	-5.839712	10.00	-5.76689
-13.72902	10.00	15.62858	0.04804265	0.00	0.1073307	-5.907379	10.00	-5.834932
-13.68163	10.00	15.73446	0.04739122	0.00	0.1058754	-5.975578	10.00	-5.903502
-13.63262	10.00	15.84108	0.04900363	0.00	0.1066173	-6.043629	10.00	-5.972197
-13.5823	10.00	15.94778	0.05032485	0.00	0.1067041	-6.113658	10.00	-6.041632
-13.53114	10.00	16.05624	0.05115227	0.00	0.1084584	-6.194218	10.00	-6.122662
-13.47169	10.00	16.18231	0.05945613	0.00	0.1260651	-6.273556	10.00	-6.203046
-13.41292	10.00	16.30692	0.0587719	0.00	0.1246144	-6.345241	10.00	-6.275369
-13.3599	10.00	16.41932	0.0530133	0.00	0.1124044	-6.418075	10.00	-6.349254
-13.30596	10.00	16.5337	0.05394032	0.00	0.11437	-6.485502	10.00	-6.417836
-13.25596	10.00	16.63971	0.04999916	0.00	0.1060135	-6.554061	10.00	-6.487848
-13.20657	10.00	16.74717	0.04939291	0.00	0.1074643	-6.620823	10.00	-6.556116
-13.15964	10.00	16.85201	0.04692628	0.00	0.1048367	-6.689076	10.00	-6.625829
-13.11164	10.00	16.95924	0.04800025	0.00	0.107236	-6.756791	10.00	-6.694763
-13.06419	10.00	17.06526	0.04745305	0.00	0.1060135	-6.824876	10.00	-6.764069
-13.0165	10.00	17.1718	0.04768807	0.00	0.1065385	-6.89378	10.00	-6.83435
-12.96821	10.00	17.27968	0.04829198	0.00	0.1078877	-6.961623	10.00	-6.903659
-12.92064	10.00	17.38596	0.04757107	0.00	0.1062772	-7.029255	10.00	-6.972303
-12.87334	10.00	17.49163	0.04729926	0.00	0.1056699	-7.097888	10.00	-7.04222
-12.82516	10.00	17.59928	0.04818367	0.00	0.1076457	-7.165816	10.00	-7.111297
-12.77753	10.00	17.70567	0.04762318	0.00	0.1063936	-7.234288	10.00	-7.180752
-12.72963	10.00	17.81269	0.04790215	0.00	0.1070168	-7.302185	10.00	-7.249688
-12.67943	10.00	17.9089	0.05019726	0.00	0.09620875	-7.369993	10.00	-7.318804
-12.62788	10.00	18.0027	0.05155707	0.00	0.09380121	-7.437743	10.00	-7.387959
-12.57635	10.00	18.09643	0.05152174	0.00	0.09373692	-7.505516	10.00	-7.457189
-12.5235	10.00	18.19027	0.0528536	0.00	0.09383033	-7.573038	10.00	-7.526293
-12.46815	10.00	18.28143	0.05534821	0.00	0.09115987	-7.640053	10.00	-7.594513
-12.41325	10.00	18.37059	0.05490809	0.00	0.08916616	-7.708751	10.00	-7.664377
-12.35716	10.00	18.46167	0.05608551	0.00	0.0910782	-7.776553	10.00	-7.733212
-12.30195	10.00	18.55133	0.05521238	0.00	0.0896603	-7.844801	10.00	-7.802211
-12.24656	10.00	18.64127	0.05538736	0.00	0.08994446	-7.913426	10.00	-7.871405
-12.191	10.00	18.73149	0.05555522	0.00	0.09021705	-7.981897	10.00	-7.940626
-12.13567	10.00	18.82135	0.05533753	0.00	0.08986355	-8.050396	10.00	-8.009783
-12.08028	10.00	18.9113	0.05538973	0.00	0.08994831	-8.118715	10.00	-8.078806
-12.0263	10.00	19.00103	0.05397419	0.00	0.08972291	-8.186612	10.00	-8.147201
-11.97265	10.00	19.09022	0.05365433	0.00	0.0891912	-8.254913	10.00	-8.216159
-11.91863	10.00	19.18001	0.05401765	0.00	0.08979515	-8.324316	10.00	-8.285925
-11.86387	10.00	19.27105	0.05476225	0.00	0.09103293	-8.392848	10.00	-8.354649
-11.80987	10.00	19.36081	0.05400027	0.00	0.08976626	-8.470306	10.00	-8.432261
-11.74889	10.00	19.46218	0.06098215	0.00	0.1013725	-8.536423	10.00	-8.498495
-11.69685	10.00	19.54869	0.05203996	0.00	0.08650758	-8.605973	10.00	-8.567883
-11.64225	10.00	19.63944	0.05459247	0.00	0.0907507	-8.667349	10.00	-8.628962
-11.59419	10.00	19.71934	0.04806082	0.00	0.07989294	-8.737065	10.00	-8.698342
-11.5396	10.00	19.81009	0.05459189	0.00	0.09074973	-8.805969	10.00	-8.766888
-11.48556	10.00	19.89991	0.05403851	0.00	0.08982983	-8.874783	10.00	-8.835078
-11.43172	10.00	19.98942	0.05384555	0.00	0.08950907	-8.944291	10.00	-8.904087
-11.37723	10.00	20.08001	0.05449164	0.00	0.09058309	-9.012695	10.00	-8.972204
-11.32352	10.00	20.16928	0.05370126	0.00	0.08926921	-9.082382	10.00	-9.041408
-11.2688	10.00	20.26025	0.05472806	0.00	0.0909761	-9.151278	10.00	-9.109831
-11.21464	10.00	20.35028	0.05415614	0.00	0.09002537	-9.220102	10.00	-9.178121
-11.16059	10.00	20.44012	0.05404952	0.00	0.08984813	-9.288686	10.00	-9.246422
-11.10652	10.00	20.53001	0.05406922	0.00	0.08988088	-9.356901	10.00	-9.314309
-11.05275	10.00	20.61939	0.05377138	0.00	0.08938577	-9.42661	10.00	-9.383763
-10.99787	10.00	20.71062	0.05487699	0.00	0.09122366	-9.495214	10.00	-9.452253
-10.94384	10.00	20.80044	0.05403619	0.00	0.08982598	-9.563651	10.00	-9.520313
-10.89	10.00	20.88994	0.05384034	0.00	0.0895004	-9.631713	10.00	-9.587921
-10.83396	10.00	20.97635	0.05603489	0.00	0.08640952	-9.70055	10.00	-9.656263
-10.77085	10.00	21.05612	0.06311332	0.00	0.07976422	-9.769795	10.00	-9.725291
-10.70728	10.00	21.13388	0.06356922	0.00	0.0777602	-9.838324	10.00	-9.793801
-10.64419	10.00	21.21104	0.06308562	0.00	0.07716867	-9.9067	10.00	-9.862516
-10.57853	10.00	21.28311	0.06566516	0.00	0.07206839	-9.974641	10.00	-9.930805
-10.51198	10.00	21.34839	0.06655028	0.00	0.0652772	-10.0434	10.00	-9.999977
-10.4446	10.00	21.41319	0.06737643	0.00	0.06479866	-10.11162	10.00	-10.06873
-10.37763	10.00	21.47504	0.06697375	0.00	0.06184902	-10.17963	10.00	-10.13744
-10.30828	10.00	21.53161	0.0693531	0.00	0.05657501	-10.24813	10.00	-10.20663
-10.23712	10.00	21.58346	0.0711552	0.00	0.05184579	-10.31592	10.00	-10.27506
-10.1668	10.00	21.63469	0.07031648	0.00	0.05123467	-10.38444	10.00	-10.34407
-10.09587	10.00	21.68638	0.07093094	0.00	0.05168238	-10.45326	10.00	-10.41378
-10.02455	10.00	21.73834	0.07132112	0.00	0.05196668	-10.52097	10.00	-10.48239
-9.954338	10.00	21.7895	0.07021344	0.00	0.05115959	-10.58912	10.00	-10.55148
-9.883704	10.00	21.84097	0.07063393	0.00	0.05146598	-10.65737	10.00	-10.62062
-9.812996	10.00	21.89249	0.07070819	0.00	0.05152008	-10.72967	10.00	-10.69141
-9.739373	10.00	21.94613	0.07362285	0.00	0.05364379	-10.80165	10.00	-10.76366
-9.665039	10.00	22.00029	0.07433429	0.00	0.05416216	-10.87482	10.00	-10.83692
-9.589721	10.00	22.05517	0.07531846	0.00	0.05487927	-10.93441	10.00	-10.8971
-9.527897	10.00	22.10022	0.06182326	0.00	0.04504625	-10.99969	10.00	-10.96347
-9.459871	10.00	22.14978	0.06802536	0.00	0.04956529	-11.06825	10.00	-11.03289
-9.388511	10.00	22.20178	0.07136128	0.00	0.05199594	-11.13505	10.00	-11.10077
-9.318802	10.00	22.25257	0.06970885	0.00	0.05079193	-11.2032	10.00	-11.16969
-9.248017	10.00	22.30415	0.07078395	0.00	0.05157528	-11.27067	10.00	-11.23893
-9.177283	10.00	22.35569	0.0707347	0.00	0.0515394	-11.33785	10.00	-11.30783
-9.106606	10.00	22.40591	0.07067712	0.00	0.05021879	-11.40537	10.00	-11.37711
-9.035765	10.00	22.45624	0.07084078	0.00	0.05033508	-11.47348	10.00	-11.4471
-8.964201	10.00	22.50709	0.07156432	0.00	0.05084918	-11.5398	10.00	-11.51569
-8.895542	10.00	22.55677	0.068659	0.00	0.04968369	-11.60786	10.00	-11.58581
-8.825089	10.00	22.60776	0.07045264	0.00	0.05098162	-11.67462	10.00	-11.65452
-8.755992	10.00	22.65776	0.06909718	0.00	0.05000077	-11.74221	10.00	-11.72386
-8.686092	10.00	22.70834	0.06989989	0.00	0.05058164	-11.80882	10.00	-11.79294
-8.61651	10.00	22.75869	0.06958149	0.00	0.05035123	-11.88391	10.00	-11.87035
-8.538521	10.00	22.81512	0.0779895	0.00	0.05643551	-11.9958	10.00	-11.98579
-8.422288	10.00	22.89923	0.1162332	0.00	0.08410982	-12.11161	10.00	-12.1053
-8.302075	10.00	22.98623	0.1202126	0.00	0.08698939	-12.22332	10.00	-12.22015
-8.185839	10.00	23.07034	0.1162362	0.00	0.08411197	-12.33149	10.00	-12.33195
-8.071775	10.00	23.15288	0.1140639	0.00	0.08254004	-12.4439	10.00	-12.4469
-7.953457	10.00	23.23849	0.1183178	0.00	0.08561824	-12.56871	10.00	-12.57343
-7.821935	10.00	23.33367	0.1315227	0.00	0.09517373	-12.68416	10.00	-12.68964
-7.699917	10.00	23.42196	0.1220174	0.00	0.08829539	-12.80546	10.00	-12.81038
-7.570426	10.00	23.51567	0.1294917	0.00	0.09370407	-12.91348	10.00	-12.91699
-7.454036	10.00	23.59989	0.1163895	0.00	0.08422288	-13.03601	10.00	-13.03534
-7.321777	10.00	23.6956	0.1322585	0.00	0.09570614	-13.14014	10.00	-13.13652
-7.206184	10.00	23.77924	0.1155935	0.00	0.08364685	-13.24929	10.00	-13.24059
-7.083554	10.00	23.87476	0.1226296	0.00	0.09551669	-13.33785	10.00	-13.32423
-6.981143	10.00	23.96208	0.1024108	0.00	0.08731574	-13.42544	10.00	-13.40882
-6.876123	10.00	24.05162	0.1050206	0.00	0.08954081	-13.50319	10.00	-13.48466
-6.777328	10.00	24.13585	0.09879454	0.00	0.08423247	-13.57672	10.00	-13.55868
-6.677807	10.00	24.2207	0.09952136	0.00	0.08485217	-13.64976	10.00	-13.63283
-6.573343	10.00	24.30977	0.1044641	0.00	0.08906636	-13.71008	10.00	-13.69437
-6.4807	10.00	24.38876	0.09264363	0.00	0.0789882	-13.77043	10.00	-13.75363
-6.381942	10.00	24.47841	0.09875734	0.00	0.08965947	-13.8272	10.00	-13.81005
-6.279344	10.00	24.57156	0.1025983	0.00	0.0931466	-13.87494	10.00	-13.8575
-6.183597	10.00	24.66907	0.09574736	0.00	0.09751148	-13.91842	10.00	-13.90107
-6.086226	10.00	24.77003	0.09736989	0.00	0.1009579	-13.95614	10.00	-13.93952
-5.989638	10.00	24.87018	0.09658801	0.00	0.1001472	-13.98883	10.00	-13.97361
-5.891407	10.00	24.98108	0.09823137	0.00	0.1109005	-14.01924	10.00	-14.00454
-5.785713	10.00	25.10235	0.1056938	0.00	0.1212728	-14.04781	10.00	-14.03364
-5.669081	10.00	25.23618	0.1166327	0.00	0.1338241	-14.06679	10.00	-14.05281
-5.574598	10.00	25.34459	0.09448266	0.00	0.1084092	-14.08488	10.00	-14.07138
-5.462114	10.00	25.47365	0.1124838	0.00	0.1290636	-14.09747	10.00	-14.08478
-5.356283	10.00	25.59508	0.1058315	0.00	0.1214308	-14.10657	10.00	-14.09431
-5.253623	10.00	25.71287	0.1026601	0.00	0.1177919	-14.11256	10.00	-14.10022
-5.161632	10.00	25.81842	0.09199046	0.00	0.1055496	-14.11774	10.00	-14.10574
-5.060693	10.00	25.93424	0.1009393	0.00	0.1158175	-14.12162	10.00	-14.10988
-4.961075	10.00	26.04854	0.09961733	0.00	0.1143007	-14.12545	10.00	-14.11451
-4.840243	10.00	26.18718	0.1208323	0.00	0.1386427	-14.12832	10.00	-14.118
-4.726868	10.00	26.31727	0.1133758	0.00	0.1300871	-14.1308	10.00	-14.12103
-4.610731	10.00	26.45303	0.1161363	0.00	0.1357558	-14.13253	10.00	-14.12331
-4.512896	10.00	26.56739	0.09783522	0.00	0.114363	-14.13371	10.00	-14.12498
-4.418965	10.00	26.67719	0.09393066	0.00	0.1097988	-14.13473	10.00	-14.12687
-4.316533	10.00	26.79692	0.102432	0.00	0.1197364	-14.13567	10.00	-14.12854
-4.221767	10.00	26.9077	0.09476604	0.00	0.1107753	-14.13654	10.00	-14.13026
-4.119971	10.00	27.02669	0.101796	0.00	0.1189929	-14.13708	10.00	-14.13163
-4.016778	10.00	27.14732	0.1031937	0.00	0.1206267	-14.13778	10.00	-14.13275
-3.921156	10.00	27.25909	0.09562115	0.00	0.1117749	-14.13826	10.00	-14.13369
-3.826119	10.00	27.38267	0.09503769	0.00	0.1235802	-14.13868	10.00	-14.1346
-3.731338	10.00	27.50592	0.09478065	0.00	0.123246	-14.13892	10.00	-14.13532
-3.639489	10.00	27.62535	0.09184876	0.00	0.1194336	-14.13915	10.00	-14.13615
-3.531358	10.00	27.76596	0.1081308	0.00	0.1406055	-14.13947	10.00	-14.1369
-3.4363	10.00	27.88957	0.09505887	0.00	0.1236078	-14.13957	10.00	-14.13739
-3.342921	10.00	28.01099	0.09337861	0.00	0.1214229	-14.13969	10.00	-14.13797
-3.242652	10.00	28.14137	0.1002691	0.00	0.1303827	-14.13986	10.00	-14.13837
-3.143118	10.00	28.2708	0.09953374	0.00	0.1294266	-14.13989	10.00	-14.13862
-3.043824	10.00	28.39991	0.09929422	0.00	0.1291151	-14.1399	10.00	-14.13887
22.80844
