0.04265867	10.00	-49.8676	0.04265867	0.00	0.1323989	28.27997	10.00	28.27996
0.2592863	10.00	-49.07636	0.2166276	0.00	0.7912368	28.27074	10.00	28.27095
0.3168109	10.00	-48.79712	0.05752459	0.00	0.279241	28.26305	10.00	28.26378
0.3447772	10.00	-48.65467	0.02796632	0.00	0.1424523	28.25141	10.00	28.25302
0.3745285	10.00	-48.48654	0.02975131	0.00	0.1681295	28.2436	10.00	28.24608
0.3894203	10.00	-48.40239	0.01489181	0.00	0.08415605	28.2309	10.00	28.23486
0.4104267	10.00	-48.28368	0.02100635	0.00	0.1187103	28.21372	10.00	28.22019
0.4325556	10.00	-48.15138	0.02212886	0.00	0.1322927	28.19493	10.00	28.20432
0.4477848	10.00	-48.03291	0.01522922	0.00	0.1184781	28.168	10.00	28.18184
0.4523904	10.00	-47.88767	0.00460567	0.00	0.1452368	28.1446	10.00	28.16282
0.4536946	10.00	-47.78203	0.001304184	0.00	0.1056388	28.11806	10.00	28.14225
0.4549855	10.00	-47.69164	0.001290867	0.00	0.09038596	28.08403	10.00	28.11642
0.4549855	10.00	-47.61595	0	0.00	0.07569189	28.04254	10.00	28.08601
0.4549855	10.00	-47.56445	0	0.00	0.05150462	28.00865	10.00	28.06176
0.4549855	10.00	-47.56324	0	0.00	0.001210843	27.97083	10.00	28.03465
0.4549855	10.00	-47.56324	0	0.00	0	27.92259	10.00	27.99994
0.4549855	10.00	-47.56324	0	0.00	0	27.86971	10.00	27.962
0.4549855	10.00	-47.56324	0	0.00	0	27.82591	10.00	27.92992
0.4549855	10.00	-47.56324	0	0.00	0	27.78194	10.00	27.89695
0.4549855	10.00	-47.56324	0	0.00	0	27.72974	10.00	27.85724
0.4549855	10.00	-47.56324	0	0.00	0	27.68331	10.00	27.8211
0.4549855	10.00	-47.56324	0	0.00	0	27.63855	10.00	27.78574
0.4549855	10.00	-47.56324	0	0.00	0	27.58215	10.00	27.74061
0.4549855	10.00	-47.56324	0	0.00	0	27.52068	10.00	27.69069
0.4549855	10.00	-47.56324	0	0.00	0	27.47534	10.00	27.6532
0.4549855	10.00	-47.55732	0	0.00	0.005914692	27.42789	10.00	27.61351
0.4549855	10.00	-47.52106	0	0.00	0.03626229	27.36512	10.00	27.56025
0.4549855	10.00	-47.40406	0	0.00	0.1169967	27.31234	10.00	27.51455
0.4549855	10.00	-47.29532	0	0.00	0.1087404	27.26211	10.00	27.4703
0.4549855	10.00	-47.19299	0	0.00	0.1023306	27.2024	10.00	27.4169
0.4549855	10.00	-47.0728	0	0.00	0.1201867	27.13626	10.00	27.3568
0.4549855	10.00	-46.94123	0	0.00	0.1315722	27.08328	10.00	27.30784
0.4549855	10.00	-46.83653	0	0.00	0.1047032	27.03029	10.00	27.25828
0.4549855	10.00	-46.73254	0	0.00	0.1039897	26.96767	10.00	27.19908
0.4549855	10.00	-46.61046	0	0.00	0.1220751	26.89941	10.00	27.13389
0.4549855	10.00	-46.47819	0	0.00	0.1322729	26.83119	10.00	27.06821
0.4549855	10.00	-46.34665	0	0.00	0.1315453	26.77799	10.00	27.01649
0.4549855	10.00	-46.24435	0	0.00	0.1022896	26.72349	10.00	26.9631
0.4549855	10.00	-46.13984	0	0.00	0.1045149	26.65854	10.00	26.89899
0.4549855	10.00	-46.01546	0	0.00	0.1243754	26.59	10.00	26.8311
0.4549855	10.00	-45.88455	0	0.00	0.130914	26.53699	10.00	26.77834
0.4549855	10.00	-45.78329	0	0.00	0.1012562	26.48134	10.00	26.72287
0.4549855	10.00	-45.6771	0	0.00	0.1061923	26.41683	10.00	26.65861
0.4549855	10.00	-45.55413	0	0.00	0.1229683	26.34575	10.00	26.58776
0.4549855	10.00	-45.41861	0	0.00	0.1355259	26.28432	10.00	26.52648
0.4549855	10.00	-45.3014	0	0.00	0.1172055	26.2083	10.00	26.45051
0.4549855	10.00	-45.15626	0	0.00	0.1451448	26.1506	10.00	26.39294
0.4549855	10.00	-45.04609	0	0.00	0.1101644	26.09457	10.00	26.33693
0.4549855	10.00	-44.93902	0	0.00	0.1070757	26.0361	10.00	26.27847
0.4549855	10.00	-44.82735	0	0.00	0.1116664	25.96636	10.00	26.20868
0.4549855	10.00	-44.69415	0	0.00	0.133203	25.91296	10.00	26.15528
0.4549855	10.00	-44.59224	0	0.00	0.1019074	25.86066	10.00	26.10289
0.4549855	10.00	-44.49231	0	0.00	0.0999369	25.79284	10.00	26.03496
0.4549855	10.00	-44.36283	0	0.00	0.1294772	25.73632	10.00	25.97836
0.4549855	10.00	-44.25489	0	0.00	0.1079349	25.6827	10.00	25.92464
0.4549855	10.00	-44.15252	0	0.00	0.1023703	25.62069	10.00	25.86254
0.4549855	10.00	-44.03411	0	0.00	0.1184158	25.55119	10.00	25.79289
0.4549855	10.00	-43.90144	0	0.00	0.1326665	25.49602	10.00	25.73758
0.4549855	10.00	-43.79604	0	0.00	0.1053968	25.44138	10.00	25.68281
0.4549855	10.00	-43.69168	0	0.00	0.104362	25.37816	10.00	25.61946
0.4549855	10.00	-43.57096	0	0.00	0.1207176	25.30893	10.00	25.55003
0.4549855	10.00	-43.43869	0	0.00	0.1322715	25.25263	10.00	25.49352
0.4549855	10.00	-43.33106	0	0.00	0.107632	25.1965	10.00	25.4372
0.4549855	10.00	-43.22385	0	0.00	0.1072101	25.13569	10.00	25.37616
0.4549855	10.00	-43.10767	0	0.00	0.1161778	25.06632	10.00	25.30657
0.4549855	10.00	-42.97521	0	0.00	0.1324626	25.01294	10.00	25.25302
0.4549855	10.00	-42.87322	0	0.00	0.1019909	24.9591	10.00	25.19899
0.4549855	10.00	-42.77038	0	0.00	0.1028417	24.89293	10.00	25.13258
0.4549855	10.00	-42.64394	0	0.00	0.1264393	24.8242	10.00	25.06363
0.4549855	10.00	-42.51274	0	0.00	0.1311985	24.77109	10.00	25.01027
0.4549855	10.00	-42.41129	0	0.00	0.1014544	24.71509	10.00	24.954
0.4549855	10.00	-42.30435	0	0.00	0.1069341	24.65081	10.00	24.88934
0.4549855	10.00	-42.18152	0	0.00	0.1228339	24.58258	10.00	24.82077
0.4549855	10.00	-42.05117	0	0.00	0.1303435	24.52897	10.00	24.76688
0.4549855	10.00	-41.94878	0	0.00	0.1023929	24.47322	10.00	24.71087
0.4549855	10.00	-41.84232	0	0.00	0.1064641	24.40885	10.00	24.64617
0.4549855	10.00	-41.7194	0	0.00	0.1229131	24.33988	10.00	24.57693
0.4549855	10.00	-41.58773	0	0.00	0.1316741	24.28623	10.00	24.52305
0.4549855	10.00	-41.48532	0	0.00	0.1024127	24.22707	10.00	24.46365
0.4549855	10.00	-41.3724	0	0.00	0.1129135	24.16676	10.00	24.40314
0.4549855	10.00	-41.25729	0	0.00	0.1151076	24.09795	10.00	24.33411
0.4549855	10.00	-41.12601	0	0.00	0.1312834	24.04087	10.00	24.27693
0.4549855	10.00	-41.01719	0	0.00	0.1088253	23.98155	10.00	24.21752
0.4549855	10.00	-40.90408	0	0.00	0.1131103	23.92153	10.00	24.15746
0.4549855	10.00	-40.78966	0	0.00	0.114414	23.85534	10.00	24.09119
0.4549855	10.00	-40.66352	0	0.00	0.1261435	23.7857	10.00	24.02142
0.4549855	10.00	-40.5308	0	0.00	0.1327146	23.73143	10.00	23.96708
0.4549855	10.00	-40.42739	0	0.00	0.1034079	23.67624	10.00	23.91188
0.4549855	10.00	-40.32221	0	0.00	0.1051844	23.61244	10.00	23.84805
0.4549855	10.00	-40.20061	0	0.00	0.1216037	23.54263	10.00	23.77811
0.4549855	10.00	-40.06744	0	0.00	0.1331647	23.48656	10.00	23.72206
0.4549855	10.00	-39.96054	0	0.00	0.106903	23.43115	10.00	23.66669
0.4549855	10.00	-39.85499	0	0.00	0.1055468	23.36981	10.00	23.60537
0.4549855	10.00	-39.73807	0	0.00	0.1169224	23.30045	10.00	23.53604
0.4549855	10.00	-39.60588	0	0.00	0.1321894	23.24415	10.00	23.4798
0.4549855	10.00	-39.49862	0	0.00	0.1072583	23.19034	10.00	23.42609
0.4549855	10.00	-39.3961	0	0.00	0.1025246	23.12562	10.00	23.36151
0.4549855	10.00	-39.27282	0	0.00	0.1232812	23.07651	10.00	23.31246
0.4549855	10.00	-39.17917	0	0.00	0.09364749	23.02238	10.00	23.25836
0.4549855	10.00	-39.07594	0	0.00	0.1032281	22.95287	10.00	23.18897
0.4549855	10.00	-38.9435	0	0.00	0.1324385	22.8966	10.00	23.13278
0.4549855	10.00	-38.83624	0	0.00	0.1072625	22.84331	10.00	23.07957
0.4549855	10.00	-38.73472	0	0.00	0.1015209	22.78	10.00	23.01633
0.4549855	10.00	-38.61402	0	0.00	0.1207034	22.71024	10.00	22.94672
0.4549855	10.00	-38.48114	0	0.00	0.1328788	22.65367	10.00	22.89029
0.4549855	10.00	-38.37334	0	0.00	0.1077934	22.59987	10.00	22.83669
0.4549855	10.00	-38.27096	0	0.00	0.1023816	22.53738	10.00	22.77434
0.4549855	10.00	-38.15191	0	0.00	0.1190585	22.46774	10.00	22.7049
0.4549855	10.00	-38.01939	0	0.00	0.1325136	22.41106	10.00	22.6484
0.4549855	10.00	-37.91152	0	0.00	0.107874	22.35811	10.00	22.59562
0.4549855	10.00	-37.81078	0	0.00	0.1007424	22.2939	10.00	22.53167
0.4549855	10.00	-37.68861	0	0.00	0.1221657	22.22403	10.00	22.46205
0.4549855	10.00	-37.55565	0	0.00	0.1329595	22.16876	10.00	22.40699
0.4549855	10.00	-37.45051	0	0.00	0.105142	22.11349	10.00	22.3519
0.4549855	10.00	-37.34536	0	0.00	0.1051533	22.05004	10.00	22.28868
0.4549855	10.00	-37.22469	0	0.00	0.1206609	21.98083	10.00	22.21974
0.4549855	10.00	-37.09315	0	0.00	0.1315467	21.92862	10.00	22.16776
0.4549855	10.00	-36.99395	0	0.00	0.09919514	21.87145	10.00	22.11081
0.4549855	10.00	-36.88525	0	0.00	0.1086979	21.80749	10.00	22.04701
0.4549855	10.00	-36.76361	0	0.00	0.1216405	21.73759	10.00	21.97721
0.4549855	10.00	-36.63054	0	0.00	0.1330727	21.6783	10.00	21.91793
0.4549855	10.00	-36.51756	0	0.00	0.1129814	21.61837	10.00	21.85804
0.4549855	10.00	-36.40338	0	0.00	0.1141819	21.55667	10.00	21.79641
0.4549855	10.00	-36.28583	0	0.00	0.1175453	21.49546	10.00	21.73496
0.4549855	10.00	-36.16924	0	0.00	0.1165926	21.42597	10.00	21.66541
0.4549855	10.00	-36.03683	0	0.00	0.1324074	21.37028	10.00	21.60966
0.4549855	10.00	-35.93068	0	0.00	0.1061527	21.31463	10.00	21.55398
0.4549855	10.00	-35.82465	0	0.00	0.1060253	21.25196	10.00	21.49122
0.4549855	10.00	-35.70521	0	0.00	0.1194421	21.18257	10.00	21.42184
0.4549855	10.00	-35.57306	0	0.00	0.132154	21.12941	10.00	21.36875
0.4549855	10.00	-35.47181	0	0.00	0.1012491	21.07523	10.00	21.31452
0.4549855	10.00	-35.36849	0	0.00	0.1033201	21.00902	10.00	21.24822
0.4549855	10.00	-35.24213	0	0.00	0.1263572	20.94045	10.00	21.17963
0.4549855	10.00	-35.11127	0	0.00	0.1308559	20.88414	10.00	21.12342
0.4549855	10.00	-35.0039	0	0.00	0.1073715	20.82639	10.00	21.06573
0.4549855	10.00	-34.89375	0	0.00	0.1101489	20.7667	10.00	21.00598
0.4549855	10.00	-34.77975	0	0.00	0.1140007	20.69817	10.00	20.93733
0.4549855	10.00	-34.64882	0	0.00	0.1309352	20.6413	10.00	20.88034
0.4549855	10.00	-34.54016	0	0.00	0.1086554	20.586	10.00	20.82492
0.4549855	10.00	-34.4346	0	0.00	0.1055638	20.52502	10.00	20.76376
0.4549855	10.00	-34.31804	0	0.00	0.1165586	20.45532	10.00	20.69393
0.4549855	10.00	-34.18508	0	0.00	0.1329623	20.40025	10.00	20.63864
0.4549855	10.00	-34.07977	0	0.00	0.1053147	20.34516	10.00	20.58349
0.4549855	10.00	-33.97474	0	0.00	0.1050202	20.28254	10.00	20.52064
0.4549855	10.00	-33.85508	0	0.00	0.119663	20.2125	10.00	20.45054
0.4549855	10.00	-33.72157	0	0.00	0.1335172	20.1437	10.00	20.38153
0.4549855	10.00	-33.59012	0	0.00	0.1314448	20.07421	10.00	20.31201
0.4549855	10.00	-33.45763	0	0.00	0.1324867	20.02204	10.00	20.25977
0.4549855	10.00	-33.35809	0	0.00	0.0995462	19.96625	10.00	20.20388
0.4549855	10.00	-33.25158	0	0.00	0.1065094	19.90066	10.00	20.13812
0.4549855	10.00	-33.12628	0	0.00	0.1252984	19.83162	10.00	20.06896
0.4549855	10.00	-32.99446	0	0.00	0.1318114	19.77978	10.00	20.01707
0.4549855	10.00	-32.89555	0	0.00	0.09891485	19.72644	10.00	19.96368
0.4549855	10.00	-32.79369	0	0.00	0.1018564	19.65852	10.00	19.89564
0.4549855	10.00	-32.66393	0	0.00	0.1297688	19.58962	10.00	19.82661
0.4549855	10.00	-32.53241	0	0.00	0.1315156	19.53533	10.00	19.77216
0.4549855	10.00	-32.4287	0	0.00	0.1037108	19.48125	10.00	19.71801
0.4549855	10.00	-32.32549	0	0.00	0.1032168	19.4166	10.00	19.65322
0.4549855	10.00	-32.20204	0	0.00	0.1234426	19.34698	10.00	19.58346
0.4549855	10.00	-32.06914	0	0.00	0.1329014	19.27826	10.00	19.51454
0.4549855	10.00	-31.93784	0	0.00	0.131299	19.2091	10.00	19.44523
0.4549855	10.00	-31.80578	0	0.00	0.1320563	19.15272	10.00	19.38857
0.4549855	10.00	-31.69794	0	0.00	0.1078401	19.10062	10.00	19.33634
0.4549855	10.00	-31.59843	0	0.00	0.09951364	19.03668	10.00	19.2722
0.4549855	10.00	-31.47617	0	0.00	0.122262	18.96685	10.00	19.20222
0.4549855	10.00	-31.34278	0	0.00	0.1333827	18.89782	10.00	19.13295
0.4549855	10.00	-31.21089	0	0.00	0.1318921	18.84151	10.00	19.07659
0.4549855	10.00	-31.10346	0	0.00	0.1074295	18.78693	10.00	19.02197
0.4549855	10.00	-30.99931	0	0.00	0.1041567	18.7251	10.00	18.96007
0.4549855	10.00	-30.88135	0	0.00	0.11796	18.65507	10.00	18.88989
0.4549855	10.00	-30.74762	0	0.00	0.1337239	18.58602	10.00	18.82069
0.4549855	10.00	-30.61581	0	0.00	0.13181	18.53275	10.00	18.76728
0.4549855	10.00	-30.51403	0	0.00	0.1017786	18.4811	10.00	18.71555
0.4549855	10.00	-30.41537	0	0.00	0.09866855	18.41368	10.00	18.648
0.4549855	10.00	-30.2866	0	0.00	0.1287694	18.34417	10.00	18.57835
0.4549855	10.00	-30.15379	0	0.00	0.1328038	18.28733	10.00	18.52137
0.4549855	10.00	-30.04508	0	0.00	0.1087106	18.20619	10.00	18.44003
0.4549855	10.00	-29.8899	0	0.00	0.1551869	18.15247	10.00	18.38613
0.4549855	10.00	-29.78706	0	0.00	0.1028374	18.09726	10.00	18.33075
0.4549855	10.00	-29.68142	0	0.00	0.1056417	18.03292	10.00	18.26624
0.4549855	10.00	-29.5583	0	0.00	0.1231156	17.96341	10.00	18.1966
0.4549855	10.00	-29.42542	0	0.00	0.1328816	17.91329	10.00	18.1463
0.4549855	10.00	-29.32952	0	0.00	0.09589685	17.85904	10.00	18.0919
0.4549855	10.00	-29.22579	0	0.00	0.1037278	17.79113	10.00	18.0238
0.4549855	10.00	-29.09597	0	0.00	0.1298282	17.72176	10.00	17.9542
0.4549855	10.00	-28.96332	0	0.00	0.1326424	17.65288	10.00	17.88505
0.4549855	10.00	-28.83153	0	0.00	0.1317945	17.59775	10.00	17.82956
0.4549855	10.00	-28.72581	0	0.00	0.1057181	17.54423	10.00	17.77574
0.4549855	10.00	-28.62309	0	0.00	0.1027228	17.48043	10.00	17.71167
0.4549855	10.00	-28.50056	0	0.00	0.1225309	17.41155	10.00	17.64252
0.4549855	10.00	-28.36806	0	0.00	0.1325022	17.35579	10.00	17.58648
0.4549855	10.00	-28.26077	0	0.00	0.1072809	17.27456	10.00	17.50498
0.4549855	10.00	-28.10481	0	0.00	0.1559626	17.22113	10.00	17.45147
0.4549855	10.00	-28.00251	0	0.00	0.1023052	17.16135	10.00	17.3916
0.4549855	10.00	-27.88811	0	0.00	0.1143999	17.09846	10.00	17.32867
0.4549855	10.00	-27.76787	0	0.00	0.1202405	17.03186	10.00	17.26211
0.4549855	10.00	-27.6406	0	0.00	0.1272646	16.96333	10.00	17.19347
0.4549855	10.00	-27.50967	0	0.00	0.1309281	16.89396	10.00	17.12404
0.4549855	10.00	-27.37732	0	0.00	0.1323522	16.8247	10.00	17.05466
0.4549855	10.00	-27.24513	0	0.00	0.1321951	16.7549	10.00	16.98476
0.4549855	10.00	-27.11191	0	0.00	0.1332185	16.68606	10.00	16.91582
0.4549855	10.00	-26.98045	0	0.00	0.1314618	16.63033	10.00	16.85988
0.4549855	10.00	-26.87384	0	0.00	0.1066043	16.54769	10.00	16.77699
0.4549855	10.00	-26.71586	0	0.00	0.1579812	16.49368	10.00	16.72278
0.4549855	10.00	-26.61255	0	0.00	0.1033131	16.43569	10.00	16.66459
0.4549855	10.00	-26.5017	0	0.00	0.1108524	16.37511	10.00	16.60368
0.4549855	10.00	-26.38581	0	0.00	0.115889	16.30576	10.00	16.53403
0.4549855	10.00	-26.25334	0	0.00	0.1324711	16.23668	10.00	16.46435
0.4549855	10.00	-26.12138	0	0.00	0.1319572	16.16742	10.00	16.39467
0.4549855	10.00	-25.98904	0	0.00	0.132338	16.09889	10.00	16.32581
0.4549855	10.00	-25.85817	0	0.00	0.1308729	16.02916	10.00	16.25577
0.4549855	10.00	-25.72506	0	0.00	0.1331095	15.97296	10.00	16.19927
0.4549855	10.00	-25.61764	0	0.00	0.1074225	15.8913	10.00	16.11729
0.4549855	10.00	-25.4615	0	0.00	0.1561339	15.83505	10.00	16.06073
0.4549855	10.00	-25.35406	0	0.00	0.107438	15.75307	10.00	15.97801
0.4549855	10.00	-25.19711	0	0.00	0.1569535	15.69887	10.00	15.92353
0.4549855	10.00	-25.09332	0	0.00	0.1037859	15.64222	10.00	15.86656
0.4549855	10.00	-24.98478	0	0.00	0.1085408	15.58014	10.00	15.80393
0.4549855	10.00	-24.86559	0	0.00	0.1191972	15.51137	10.00	15.73453
0.4549855	10.00	-24.73333	0	0.00	0.1322574	15.44304	10.00	15.66578
0.4549855	10.00	-24.60231	0	0.00	0.1310187	15.37385	10.00	15.59608
0.4549855	10.00	-24.46953	0	0.00	0.1327783	15.30449	10.00	15.52627
0.4549855	10.00	-24.33665	0	0.00	0.1328845	15.23521	10.00	15.4565
0.4549855	10.00	-24.20369	0	0.00	0.1329552	15.16617	10.00	15.3871
0.4549855	10.00	-24.07151	0	0.00	0.1321837	15.09692	10.00	15.31761
0.4549855	10.00	-23.9391	0	0.00	0.1324088	15.02782	10.00	15.24832
0.4549855	10.00	-23.80696	0	0.00	0.1321356	14.95905	10.00	15.17959
0.4549855	10.00	-23.67567	0	0.00	0.1312948	14.90101	10.00	15.12134
0.4549855	10.00	-23.56469	0	0.00	0.1109784	14.82067	10.00	15.0408
0.4549855	10.00	-23.41088	0	0.00	0.1538138	14.75961	10.00	14.97919
0.4549855	10.00	-23.29349	0	0.00	0.1173839	14.6826	10.00	14.90168
0.4549855	10.00	-23.14566	0	0.00	0.1478358	14.61394	10.00	14.83249
0.4549855	10.00	-23.01368	0	0.00	0.1319742	14.5459	10.00	14.76402
0.4549855	10.00	-22.88302	0	0.00	0.1306577	14.4776	10.00	14.69506
0.4549855	10.00	-22.75162	0	0.00	0.1314052	14.40827	10.00	14.62517
0.4549855	10.00	-22.61841	0	0.00	0.1332129	14.33954	10.00	14.55583
0.4549855	10.00	-22.48634	0	0.00	0.1320648	14.27137	10.00	14.48697
0.4549855	10.00	-22.35505	0	0.00	0.1312877	14.20271	10.00	14.41762
0.4549855	10.00	-22.22281	0	0.00	0.1322489	14.13425	10.00	14.34842
0.4549855	10.00	-22.0907	0	0.00	0.1321016	14.06506	10.00	14.27837
0.4682924	10.00	-21.95695	0.01330695	0.00	0.1337494	13.99787	10.00	14.21041
0.4824565	10.00	-21.82722	0.01416405	0.00	0.1297376	13.92934	10.00	14.141
0.4956222	10.00	-21.69489	0.01316569	0.00	0.1323296	13.8609	10.00	14.07179
0.5087569	10.00	-21.56287	0.0131347	0.00	0.1320181	13.79238	10.00	14.00258
0.5219064	10.00	-21.4307	0.01314949	0.00	0.1321668	13.72366	10.00	13.93317
0.5338069	10.00	-21.29819	0.0119005	0.00	0.1325093	13.6545	10.00	13.86322
0.5457966	10.00	-21.16469	0.01198975	0.00	0.1335031	13.58649	10.00	13.79458
0.5575765	10.00	-21.03352	0.01177985	0.00	0.1311659	13.5182	10.00	13.72563
0.569398	10.00	-20.90189	0.01182155	0.00	0.1316303	13.44869	10.00	13.6555
0.5814242	10.00	-20.76798	0.01202623	0.00	0.1339093	13.38091	10.00	13.58725
0.5931444	10.00	-20.63748	0.0117201	0.00	0.1305006	13.31134	10.00	13.51739
0.6051393	10.00	-20.50392	0.01199496	0.00	0.1335611	13.24249	10.00	13.44819
0.6195825	10.00	-20.37163	0.01444316	0.00	0.1322942	13.17377	10.00	13.37908
0.6468244	10.00	-20.23939	0.02724197	0.00	0.1322404	13.10485	10.00	13.30989
0.6869169	10.00	-20.107	0.04009252	0.00	0.1323918	13.03627	10.00	13.24104
0.7281335	10.00	-19.97511	0.04121652	0.00	0.1318865	12.96736	10.00	13.17198
0.7669374	10.00	-19.84274	0.03880394	0.00	0.1323692	12.89863	10.00	13.10312
0.8056418	10.00	-19.71071	0.03870435	0.00	0.1320294	12.83002	10.00	13.03442
0.8443096	10.00	-19.57881	0.03866783	0.00	0.1319049	12.76099	10.00	12.96546
0.8831077	10.00	-19.44646	0.03879813	0.00	0.1323494	12.69217	10.00	12.8966
0.9218303	10.00	-19.31437	0.0387226	0.00	0.1320917	12.62321	10.00	12.8275
0.9606426	10.00	-19.18197	0.03881224	0.00	0.1323975	12.55401	10.00	12.7583
0.9995594	10.00	-19.04921	0.03891682	0.00	0.1327542	12.48404	10.00	12.68819
1.039005	10.00	-18.91465	0.03944591	0.00	0.1345591	12.41643	10.00	12.62055
1.07711	10.00	-18.78467	0.03810512	0.00	0.1299853	12.34877	10.00	12.55285
1.115318	10.00	-18.65433	0.03820762	0.00	0.130335	12.2797	10.00	12.48384
1.143984	10.00	-18.52143	0.02866594	0.00	0.1329057	12.21061	10.00	12.41483
1.159769	10.00	-18.38862	0.01578505	0.00	0.1328066	12.14157	10.00	12.34601
1.169111	10.00	-18.256	0.009342132	0.00	0.1326197	12.07305	10.00	12.27769
1.169111	10.00	-18.12469	0	0.00	0.1313174	12.00403	10.00	12.20884
1.169111	10.00	-17.99244	0	0.00	0.1322446	11.93472	10.00	12.13982
1.169111	10.00	-17.85992	0	0.00	0.1325164	11.86564	10.00	12.07096
1.169111	10.00	-17.72797	0	0.00	0.1319544	11.79636	10.00	12.00189
1.169111	10.00	-17.59578	0	0.00	0.1321908	11.7268	10.00	11.93249
1.169111	10.00	-17.46298	0	0.00	0.1327939	11.67183	10.00	11.87767
1.167819	10.00	-17.35829	-0.001292492	0.00	0.1046918	11.5885	10.00	11.79446
1.144275	10.00	-17.19911	-0.02354393	0.00	0.1591816	11.53166	10.00	11.73772
1.108287	10.00	-17.09068	-0.03598785	0.00	0.108436	11.44994	10.00	11.65639
0.9961914	10.00	-16.93481	-0.1120954	0.00	0.1558621	11.39514	10.00	11.60176
0.9038281	10.00	-16.83031	-0.09236331	0.00	0.1045064	11.31139	10.00	11.51848
0.7547536	10.00	-16.67039	-0.1490745	0.00	0.1599135	11.2566	10.00	11.46388
0.6549903	10.00	-16.56555	-0.09976332	0.00	0.104839	11.17323	10.00	11.38061
0.4998802	10.00	-16.4058	-0.1551101	0.00	0.1597507	11.11607	10.00	11.32354
0.4158231	10.00	-16.2963	-0.08405706	0.00	0.1095048	11.0351	10.00	11.24269
0.4158231	10.00	-16.28388	0	0.00	0.01241952	10.97873	10.00	11.18635
0.4158231	10.00	-16.28388	0	0.00	0	10.89743	10.00	11.10495
0.4158231	10.00	-16.28388	0	0.00	0	10.8383	10.00	11.0457
0.4158231	10.00	-16.28388	0	0.00	0	10.75834	10.00	10.96633
0.4561396	10.00	-16.24652	0.04031651	0.00	0.03736021	10.70401	10.00	10.91173
0.5056475	10.00	-16.20907	0.04950794	0.00	0.03745121	10.62032	10.00	10.82812
0.5910677	10.00	-16.14992	0.08542018	0.00	0.05914893	10.56226	10.00	10.76953
0.6506067	10.00	-16.11408	0.05953895	0.00	0.03584186	10.48161	10.00	10.68867
0.7346596	10.00	-16.06438	0.08405291	0.00	0.04969988	10.42646	10.00	10.63324
0.7931921	10.00	-16.03242	0.05853258	0.00	0.0319617	10.34453	10.00	10.55078
0.8832485	10.00	-16.00009	0.09005633	0.00	0.03232304	10.28203	10.00	10.48789
0.9519441	10.00	-15.97659	0.06869555	0.00	0.0234973	10.20548	10.00	10.41086
1.035997	10.00	-15.94784	0.08405295	0.00	0.02875029	10.137	10.00	10.34193
1.109954	10.00	-15.92084	0.07395712	0.00	0.02700022	10.06788	10.00	10.27239
1.183265	10.00	-15.85009	0.07331135	0.00	0.07075138	9.999035	10.00	10.20317
1.246074	10.00	-15.74267	0.06280871	0.00	0.1074217	9.930148	10.00	10.13388
1.303837	10.00	-15.62622	0.05776284	0.00	0.1164506	9.860915	10.00	10.06372
1.359361	10.00	-15.52707	0.05552438	0.00	0.09914838	9.791147	10.00	9.993249
1.413874	10.00	-15.43259	0.0545125	0.00	0.09448618	9.721996	10.00	9.923895
1.467937	10.00	-15.33888	0.05406285	0.00	0.09370679	9.652556	10.00	9.85422
1.523513	10.00	-15.24478	0.05557599	0.00	0.09410352	9.583611	10.00	9.785044
1.577461	10.00	-15.15127	0.05394869	0.00	0.09350893	9.514333	10.00	9.71559
1.632973	10.00	-15.05727	0.05551133	0.00	0.09399404	9.445356	10.00	9.64642
1.68824	10.00	-14.96369	0.05526754	0.00	0.09358124	9.376181	10.00	9.577137
1.743645	10.00	-14.86988	0.05540456	0.00	0.09381326	9.30705	10.00	9.507824
1.799096	10.00	-14.77599	0.05545142	0.00	0.09389261	9.238102	10.00	9.438792
1.854409	10.00	-14.68233	0.05531262	0.00	0.09365758	9.169106	10.00	9.369645
1.909818	10.00	-14.58851	0.05540872	0.00	0.09382029	9.100142	10.00	9.300989
1.965229	10.00	-14.49468	0.05541109	0.00	0.09382431	9.031201	10.00	9.232306
2.020577	10.00	-14.40097	0.05534821	0.00	0.09371784	8.962205	10.00	9.163576
2.075955	10.00	-14.3072	0.05537846	0.00	0.09376907	8.893214	10.00	9.09481
2.130086	10.00	-14.21337	0.05413064	0.00	0.09382431	8.824166	10.00	9.025733
2.184345	10.00	-14.11933	0.0542587	0.00	0.09404627	8.755201	10.00	8.957121
2.239567	10.00	-14.02582	0.05522246	0.00	0.09350491	8.686265	10.00	8.888122
2.294955	10.00	-13.93204	0.05538796	0.00	0.09378514	8.617962	10.00	8.819643
2.34985	10.00	-13.83909	0.05489504	0.00	0.09295051	8.548486	10.00	8.750084
2.405672	10.00	-13.74457	0.05582215	0.00	0.09452033	8.48024	10.00	8.681634
2.460543	10.00	-13.65166	0.05487071	0.00	0.09290933	8.41047	10.00	8.611683
2.516567	10.00	-13.55679	0.05602442	0.00	0.09486282	8.341531	10.00	8.542458
2.571922	10.00	-13.46307	0.05535414	0.00	0.09372789	8.272779	10.00	8.473356
2.627136	10.00	-13.36957	0.05521416	0.00	0.09349086	8.204212	10.00	8.404495
2.680871	10.00	-13.27644	0.05373487	0.00	0.09313831	8.134398	10.00	8.33447
2.735516	10.00	-13.18172	0.05464578	0.00	0.0947172	8.065044	10.00	8.26492
2.789833	10.00	-13.08757	0.05431607	0.00	0.09414571	7.995943	10.00	8.195695
2.843906	10.00	-12.99385	0.05407328	0.00	0.09372488	7.926812	10.00	8.126367
2.898058	10.00	-12.89999	0.05415266	0.00	0.09386247	7.857858	10.00	8.057207
2.952085	10.00	-12.80634	0.05402692	0.00	0.09364452	7.789758	10.00	7.989029
3.00543	10.00	-12.71388	0.0533449	0.00	0.09246238	7.72049	10.00	7.919666
3.059721	10.00	-12.61978	0.05429057	0.00	0.09410151	7.651052	10.00	7.850128
3.114156	10.00	-12.52543	0.05443486	0.00	0.0943516	7.581826	10.00	7.780885
3.168377	10.00	-12.43144	0.05422162	0.00	0.09398199	7.512595	10.00	7.711647
3.222531	10.00	-12.33758	0.05415382	0.00	0.09386449	7.444104	10.00	7.643145
3.276074	10.00	-12.24477	0.05354249	0.00	0.09280487	7.374183	10.00	7.57325
3.330746	10.00	-12.15001	0.05467244	0.00	0.0947634	7.305014	10.00	7.504092
3.384859	10.00	-12.05622	0.05411326	0.00	0.09379417	7.235947	10.00	7.435068
3.438951	10.00	-11.96246	0.05409124	0.00	0.09375601	7.167544	10.00	7.366708
3.492539	10.00	-11.86958	0.05358827	0.00	0.09288422	7.09762	10.00	7.297028
3.547192	10.00	-11.77485	0.05465332	0.00	0.09473025	7.028698	10.00	7.228257
3.601146	10.00	-11.68133	0.0539539	0.00	0.09351797	6.959297	10.00	7.159065
3.655344	10.00	-11.58739	0.05419844	0.00	0.09394182	6.89057	10.00	7.090518
3.708983	10.00	-11.49442	0.05363811	0.00	0.09297059	6.820511	10.00	7.020769
3.764911	10.00	-11.39971	0.05592892	0.00	0.09470113	6.751086	10.00	6.951588
3.820374	10.00	-11.3058	0.0554627	0.00	0.09391169	6.681899	10.00	6.882727
3.875616	10.00	-11.21227	0.05524203	0.00	0.09353805	6.612456	10.00	6.813516
3.931081	10.00	-11.11835	0.05546447	0.00	0.0939147	6.543156	10.00	6.744346
3.985201	10.00	-11.02454	0.05412022	0.00	0.09380623	6.474051	10.00	6.675223
4.039219	10.00	-10.93091	0.05401823	0.00	0.09362946	6.404765	10.00	6.605975
4.093354	10.00	-10.83708	0.0541347	0.00	0.09383134	6.335632	10.00	6.536743
4.147431	10.00	-10.74335	0.05407733	0.00	0.0937319	6.267125	10.00	6.468082
4.201035	10.00	-10.65044	0.0536045	0.00	0.09291234	6.196823	10.00	6.397597
4.256034	10.00	-10.55511	0.05499809	0.00	0.09532785	6.128183	10.00	6.328781
4.309744	10.00	-10.46583	0.05370995	0.00	0.08928367	6.058954	10.00	6.259329
4.363955	10.00	-10.37571	0.05421118	0.00	0.09011687	5.989658	10.00	6.189908
4.418131	10.00	-10.28565	0.05417642	0.00	0.09005909	5.920533	10.00	6.120581
4.477357	10.00	-10.20339	0.05922577	0.00	0.08226334	5.851384	10.00	6.051383
4.539056	10.00	-10.12252	0.06169881	0.00	0.08086986	5.782218	10.00	5.982083
4.600832	10.00	-10.04155	0.06177623	0.00	0.08097134	5.713059	10.00	5.912709
4.670346	10.00	-9.98356	0.06951379	0.00	0.05798686	5.642229	10.00	5.841578
4.745568	10.00	-9.946425	0.07522219	0.00	0.037135	5.57505	10.00	5.774114
4.816906	10.00	-9.912453	0.07133849	0.00	0.03397219	5.506904	10.00	5.705571
4.889337	10.00	-9.884284	0.07243051	0.00	0.02816918	5.437324	10.00	5.635569
4.965876	10.00	-9.860686	0.07653837	0.00	0.02359745	5.368956	10.00	5.566799
5.041059	10.00	-9.843848	0.07518398	0.00	0.01683791	5.299391	10.00	5.496741
5.117635	10.00	-9.826698	0.07657575	0.00	0.01714961	5.231143	10.00	5.427988
5.19404	10.00	-9.813674	0.07640444	0.00	0.01302457	5.161344	10.00	5.357761
5.273434	10.00	-9.813674	0.07939465	0.00	0	5.092497	10.00	5.288435
5.351763	10.00	-9.813674	0.07832883	0.00	0	5.024065	10.00	5.219601
5.429549	10.00	-9.813674	0.07778627	0.00	0	4.954422	10.00	5.14954
5.508731	10.00	-9.813674	0.07918216	0.00	0	4.885794	10.00	5.080395
5.588193	10.00	-9.813674	0.07946204	0.00	0	4.817542	10.00	5.011589
5.667233	10.00	-9.813674	0.07903951	0.00	0	4.748765	10.00	4.94226
5.74684	10.00	-9.813674	0.07960715	0.00	0	4.678723	10.00	4.871676
5.827911	10.00	-9.813674	0.08107106	0.00	0	4.610139	10.00	4.802509
5.907261	10.00	-9.813674	0.07935023	0.00	0	4.541273	10.00	4.733016
5.985709	10.00	-9.813674	0.07844726	0.00	0	4.472379	10.00	4.663492
6.064195	10.00	-9.813674	0.0784859	0.00	0	4.403571	10.00	4.59405
6.142581	10.00	-9.813674	0.07838679	0.00	0	4.334832	10.00	4.524653
6.220937	10.00	-9.813674	0.07835571	0.00	0	4.2663	10.00	4.455566
6.299215	10.00	-9.813674	0.0782776	0.00	0	4.197463	10.00	4.38589
6.377872	10.00	-9.813674	0.07865723	0.00	0	4.128701	10.00	4.316481
6.456232	10.00	-9.813674	0.07835991	0.00	0	4.05971	10.00	4.246764
6.534828	10.00	-9.813674	0.07859591	0.00	0	3.991732	10.00	4.178014
6.612257	10.00	-9.813674	0.07742848	0.00	0	3.922153	10.00	4.10764
6.691497	10.00	-9.813674	0.07924096	0.00	0	3.853079	10.00	4.038022
6.770029	10.00	-9.813674	0.07853125	0.00	0	3.784795	10.00	3.969016
6.847742	10.00	-9.808252	0.0777132	0.00	0.005421852	3.715495	10.00	3.899088
6.926598	10.00	-9.789882	0.07885629	0.00	0.01837085	3.646337	10.00	3.829197
7.005218	10.00	-9.769	0.07861944	0.00	0.02088179	3.577392	10.00	3.759454
7.083555	10.00	-9.744357	0.07833724	0.00	0.02464219	3.508392	10.00	3.689607
7.162032	10.00	-9.719671	0.0784775	0.00	0.02468631	3.43929	10.00	3.619532
7.240739	10.00	-9.691059	0.07870679	0.00	0.02861189	3.370189	10.00	3.549419
7.31944	10.00	-9.66245	0.07870091	0.00	0.02860976	3.301785	10.00	3.479954
7.397437	10.00	-9.629004	0.07799708	0.00	0.03344551	3.233874	10.00	3.411069
7.473588	10.00	-9.581911	0.07615081	0.00	0.04709285	3.164303	10.00	3.340492
7.547741	10.00	-9.50258	0.07415293	0.00	0.07933166	3.094958	10.00	3.27016
7.606135	10.00	-9.392594	0.05839458	0.00	0.1099856	3.026617	10.00	3.200885
7.662392	10.00	-9.276617	0.05625701	0.00	0.1159765	2.957772	10.00	3.131235
7.711314	10.00	-9.147171	0.04892179	0.00	0.1294462	2.889476	10.00	3.06207
7.750987	10.00	-9.016166	0.03967284	0.00	0.131006	2.819849	10.00	2.991944
7.768148	10.00	-8.882658	0.01716107	0.00	0.1335073	2.751075	10.00	2.922483
7.769778	10.00	-8.750663	0.001629575	0.00	0.1319955	2.682072	10.00	2.852856
7.769778	10.00	-8.618316	0	0.00	0.1323465	2.613293	10.00	2.78353
7.769778	10.00	-8.486234	0	0.00	0.1320818	2.544333	10.00	2.713975
7.769778	10.00	-8.353925	0	0.00	0.1323097	2.476113	10.00	2.645111
7.769778	10.00	-8.222962	0	0.00	0.1309621	2.406537	10.00	2.574817
7.769778	10.00	-8.08948	0	0.00	0.1334818	2.337625	10.00	2.505278
7.769778	10.00	-7.957376	0	0.00	0.1321045	2.268471	10.00	2.435519
7.769778	10.00	-7.824823	0	0.00	0.1325532	2.199628	10.00	2.366071
7.769778	10.00	-7.692865	0	0.00	0.1319572	2.130757	10.00	2.296457
7.769778	10.00	-7.56084	0	0.00	0.1320252	2.061767	10.00	2.226756
7.769778	10.00	-7.428672	0	0.00	0.1321682	1.993417	10.00	2.15792
7.769778	10.00	-7.297901	0	0.00	0.130771	1.923636	10.00	2.087685
7.771425	10.00	-7.164479	0.001647191	0.00	0.1334224	1.854594	10.00	2.018192
7.792233	10.00	-7.032439	0.02080795	0.00	0.1320394	1.785298	10.00	1.948481
7.829787	10.00	-6.899959	0.03755393	0.00	0.132481	1.716192	10.00	1.87878
7.874951	10.00	-6.771572	0.04516417	0.00	0.1283866	1.646891	10.00	1.809034
7.925371	10.00	-6.654397	0.0504196	0.00	0.117175	1.578035	10.00	1.739749
7.981827	10.00	-6.559686	0.05645667	0.00	0.09471076	1.508868	10.00	1.670104
8.038543	10.00	-6.465822	0.05671581	0.00	0.09386449	1.439742	10.00	1.600431
8.095302	10.00	-6.371887	0.05675829	0.00	0.09393479	1.370866	10.00	1.53098
8.151826	10.00	-6.278339	0.05652463	0.00	0.0935481	1.301552	10.00	1.461379
8.208519	10.00	-6.184513	0.05669274	0.00	0.09382632	1.232289	10.00	1.391718
8.265186	10.00	-6.090727	0.05666786	0.00	0.09378514	1.163119	10.00	1.321955
8.321914	10.00	-5.996844	0.05672733	0.00	0.09388357	1.094211	10.00	1.252419
8.378489	10.00	-5.903212	0.05657501	0.00	0.09363147	1.024543	10.00	1.182281
8.435642	10.00	-5.808624	0.05715336	0.00	0.09458863	0.9558261	10.00	1.113194
8.491888	10.00	-5.715538	0.05624548	0.00	0.09308609	0.8869852	10.00	1.043881
8.548305	10.00	-5.622168	0.05641662	0.00	0.09336933	0.8176469	10.00	0.9739535
8.605197	10.00	-5.52801	0.05689301	0.00	0.09415776	0.7481624	10.00	0.9039638
8.662113	10.00	-5.433815	0.05691547	0.00	0.09419492	0.6794907	10.00	0.8348163
8.71839	10.00	-5.340678	0.05627643	0.00	0.09313732	0.609741	10.00	0.7644473
8.775634	10.00	-5.245939	0.05724439	0.00	0.09473929	0.5416517	10.00	0.695581
8.831608	10.00	-5.153302	0.0559742	0.00	0.09263714	0.4723451	10.00	0.6255914
8.888556	10.00	-5.059053	0.05694763	0.00	0.09424815	0.4038666	10.00	0.5563828
8.944826	10.00	-4.965926	0.05627036	0.00	0.09312727	0.3351698	10.00	0.4868297
9.001312	10.00	-4.872441	0.05648641	0.00	0.09348483	0.2656633	10.00	0.4165865
9.058451	10.00	-4.777878	0.05713819	0.00	0.09456352	0.1966657	10.00	0.346579
9.115254	10.00	-4.683867	0.0568044	0.00	0.09401111	0.1278114	10.00	0.2765616
9.172005	10.00	-4.589946	0.05674979	0.00	0.09392073	0.05997764	10.00	0.207849
9.221519	10.00	-4.466052	0.04951357	0.00	0.1238942	-0.009664386	10.00	0.1372717
9.268521	10.00	-4.332233	0.04700338	0.00	0.1338187	-0.07853255	10.00	0.06752753
9.314945	10.00	-4.200064	0.04642413	0.00	0.1321696	-0.1474191	10.00	-0.002204516
9.361385	10.00	-4.067849	0.04644004	0.00	0.1322149	-0.2161935	10.00	-0.071997
9.407763	10.00	-3.935814	0.0463769	0.00	0.1320351	-0.2850481	10.00	-0.141856
9.454253	10.00	-3.803456	0.04649026	0.00	0.1323579	-0.3538153	10.00	-0.211753
9.50072	10.00	-3.671163	0.04646739	0.00	0.1322927	-0.4225846	10.00	-0.2816769
9.547194	10.00	-3.53885	0.04647435	0.00	0.1323126	-0.4912115	10.00	-0.3512684
9.593511	10.00	-3.406988	0.04631623	0.00	0.1318624	-0.5600721	10.00	-0.4209647
9.640011	10.00	-3.274603	0.04649971	0.00	0.1323848	-0.628038	10.00	-0.4898028
9.685942	10.00	-3.143836	0.04593139	0.00	0.1307667	-0.6977068	10.00	-0.5602507
9.733043	10.00	-3.00974	0.04710084	0.00	0.1340962	-0.7659099	10.00	-0.630714
9.779284	10.00	-2.878093	0.04624066	0.00	0.1316472	-0.8345804	10.00	-0.7004346
9.81422	10.00	-2.745806	0.03493711	0.00	0.1322871	-0.9032127	10.00	-0.7700366
9.817136	10.00	-2.613471	0.002915156	0.00	0.1323352	-0.9717573	10.00	-0.8395706
9.817136	10.00	-2.481424	0	0.00	0.1320464	-1.040115	10.00	-0.909244
9.817136	10.00	-2.349396	0	0.00	0.132028	-1.108646	10.00	-0.9789761
9.817136	10.00	-2.217169	0	0.00	0.1322276	-1.177449	10.00	-1.04882
9.817136	10.00	-2.084631	0	0.00	0.1325376	-1.246338	10.00	-1.11849
9.817136	10.00	-1.952289	0	0.00	0.1323423	-1.313902	10.00	-1.186965
9.817136	10.00	-1.822364	0	0.00	0.1299245	-1.383464	10.00	-1.256999
9.817136	10.00	-1.688609	0	0.00	0.133755	-1.45136	10.00	-1.325773
9.817136	10.00	-1.557639	0	0.00	0.1309706	-1.520452	10.00	-1.395892
9.817136	10.00	-1.424291	0	0.00	0.1333473	-1.589133	10.00	-1.465649
9.817136	10.00	-1.291928	0	0.00	0.1323635	-1.657676	10.00	-1.535267
9.817136	10.00	-1.159662	0	0.00	0.1322659	-1.726073	10.00	-1.604781
9.817136	10.00	-1.027514	0	0.00	0.1321484	-1.794308	10.00	-1.674249
9.817136	10.00	-0.8953935	0	0.00	0.13212	-1.862597	10.00	-1.743753
9.817136	10.00	-0.7632324	0	0.00	0.1321611	-1.930753	10.00	-1.813291
9.817136	10.00	-0.6310798	0	0.00	0.1321526	-1.999012	10.00	-1.882885
9.817136	10.00	-0.4990178	0	0.00	0.132062	-2.067461	10.00	-1.952598
9.817136	10.00	-0.3666628	0	0.00	0.132355	-2.135705	10.00	-2.021951
9.817136	10.00	-0.2348952	0	0.00	0.1317676	-2.203691	10.00	-2.091148
9.817136	10.00	-0.1033286	0	0.00	0.1315666	-2.271763	10.00	-2.160397
9.817136	10.00	0.02847147	0	0.00	0.1318001	-2.34073	10.00	-2.230545
9.817136	10.00	0.1620481	0	0.00	0.1335767	-2.409091	10.00	-2.300045
9.817136	10.00	0.2942829	0	0.00	0.1322347	-2.477929	10.00	-2.369842
9.817136	10.00	0.42734	0	0.00	0.1330571	-2.545763	10.00	-2.438713
9.817136	10.00	0.5586163	0	0.00	0.1312764	-2.614021	10.00	-2.50815
9.817136	10.00	0.6906756	0	0.00	0.1320592	-2.68242	10.00	-2.57759
9.809103	10.00	0.8228706	-0.008032187	0.00	0.1321951	-2.750874	10.00	-2.64703
9.785691	10.00	0.9551775	-0.02341233	0.00	0.1323069	-2.818692	10.00	-2.715819
9.744732	10.00	1.08624	-0.04095905	0.00	0.1310626	-2.887655	10.00	-2.785802
9.690146	10.00	1.219589	-0.05458552	0.00	0.1333488	-2.956007	10.00	-2.855087
9.63094	10.00	1.351723	-0.05920611	0.00	0.1321342	-3.024641	10.00	-2.924521
9.569138	10.00	1.483939	-0.06180336	0.00	0.1322163	-3.093345	10.00	-2.99397
9.507321	10.00	1.616181	-0.06181527	0.00	0.1322418	-3.16194	10.00	-3.062958
9.442038	10.00	1.747673	-0.06528422	0.00	0.1314915	-3.231135	10.00	-3.132625
9.372266	10.00	1.880435	-0.06977194	0.00	0.1327627	-3.300037	10.00	-3.20207
9.291252	10.00	2.012663	-0.08101384	0.00	0.1322276	-3.369002	10.00	-3.271557
9.196006	10.00	2.145097	-0.09524626	0.00	0.1324343	-3.438037	10.00	-3.341471
9.092995	10.00	2.277622	-0.1030108	0.00	0.1325249	-3.507473	10.00	-3.411698
8.964806	10.00	2.410977	-0.1281894	0.00	0.1333544	-3.574938	10.00	-3.480033
8.83505	10.00	2.53822	-0.129756	0.00	0.1272432	-3.643909	10.00	-3.549773
8.702373	10.00	2.656765	-0.1326764	0.00	0.1185448	-3.712619	10.00	-3.619164
8.570243	10.00	2.772262	-0.13213	0.00	0.1154978	-3.781141	10.00	-3.687862
8.439312	10.00	2.886712	-0.130931	0.00	0.1144497	-3.850109	10.00	-3.757564
8.307019	10.00	3.002352	-0.1322927	0.00	0.1156401	-3.919538	10.00	-3.827737
8.173533	10.00	3.119035	-0.1334861	0.00	0.1166832	-3.987608	10.00	-3.896644
8.042632	10.00	3.233459	-0.1309012	0.00	0.1144237	-4.057361	10.00	-3.966818
7.90909	10.00	3.352778	-0.1335427	0.00	0.1193188	-4.126292	10.00	-4.036195
7.777015	10.00	3.470785	-0.1320747	0.00	0.1180072	-4.195303	10.00	-4.105727
7.644567	10.00	3.589125	-0.132447	0.00	0.1183399	-4.264005	10.00	-4.174827
7.512613	10.00	3.707025	-0.1319544	0.00	0.1178997	-4.332692	10.00	-4.243917
7.380645	10.00	3.824937	-0.1319686	0.00	0.1179124	-4.401221	10.00	-4.312769
7.24918	10.00	3.950037	-0.1314646	0.00	0.1250999	-4.470582	10.00	-4.382753
7.116146	10.00	4.077919	-0.1330345	0.00	0.1278819	-4.539507	10.00	-4.452176
6.983803	10.00	4.20898	-0.1323423	0.00	0.1310608	-4.608378	10.00	-4.521523
6.851622	10.00	4.341161	-0.1321809	0.00	0.1321809	-4.677372	10.00	-4.590801
6.719502	10.00	4.47328	-0.13212	0.00	0.13212	-4.746463	10.00	-4.660263
6.587298	10.00	4.605484	-0.1322036	0.00	0.1322036	-4.815205	10.00	-4.729321
6.454775	10.00	4.738008	-0.1325235	0.00	0.1325235	-4.883141	10.00	-4.797575
6.32409	10.00	4.868692	-0.1306846	0.00	0.1306846	-4.952528	10.00	-4.867469
6.190654	10.00	5.002129	-0.1334365	0.00	0.1334365	-5.020875	10.00	-4.936811
6.058486	10.00	5.134297	-0.1321682	0.00	0.1321682	-5.088771	10.00	-5.005589
5.927709	10.00	5.265074	-0.1307767	0.00	0.1307767	-5.158111	10.00	-5.075616
5.794244	10.00	5.398539	-0.1334648	0.00	0.1334648	-5.226877	10.00	-5.145058
5.662038	10.00	5.530745	-0.1322064	0.00	0.1322064	-5.295423	10.00	-5.214335
5.530277	10.00	5.662506	-0.1317605	0.00	0.1317605	-5.363803	10.00	-5.283433
5.398868	10.00	5.793915	-0.1314094	0.00	0.1314094	-5.433156	10.00	-5.353638
5.265502	10.00	5.92728	-0.1333658	0.00	0.1333658	-5.502265	10.00	-5.423863
5.132619	10.00	6.060163	-0.132883	0.00	0.132883	-5.570944	10.00	-5.492956
5.001215	10.00	6.191567	-0.1314038	0.00	0.1314038	-5.640271	10.00	-5.562951
4.868114	10.00	6.324668	-0.133101	0.00	0.133101	-5.709312	10.00	-5.632682
4.735285	10.00	6.457498	-0.1328292	0.00	0.1328292	-5.779951	10.00	-5.704154
4.599313	10.00	6.59347	-0.1359718	0.00	0.1359718	-5.845045	10.00	-5.769999
4.473664	10.00	6.719119	-0.1256494	0.00	0.1256494	-5.913528	10.00	-5.839005
4.341783	10.00	6.851	-0.1318808	0.00	0.1318808	-5.982107	10.00	-5.908336
4.212124	10.00	6.983219	-0.1296586	0.00	0.1322191	-6.050607	10.00	-5.977877
4.091238	10.00	7.115646	-0.1208867	0.00	0.1324272	-6.119455	10.00	-6.047958
3.981071	10.00	7.249067	-0.1101668	0.00	0.133421	-6.187545	10.00	-6.117191
3.874786	10.00	7.380878	-0.1062851	0.00	0.1318114	-6.255447	10.00	-6.18611
3.771558	10.00	7.512049	-0.1032279	0.00	0.1311702	-6.323842	10.00	-6.255726
3.667437	10.00	7.644354	-0.1041213	0.00	0.1323055	-6.392909	10.00	-6.326359
3.56237	10.00	7.777862	-0.1050671	0.00	0.1335073	-6.461226	10.00	-6.396242
3.458244	10.00	7.910172	-0.1041258	0.00	0.1323112	-6.529514	10.00	-6.465914
3.354183	10.00	8.042401	-0.1040612	0.00	0.132229	-6.597836	10.00	-6.535618
3.257757	10.00	8.174694	-0.09642544	0.00	0.1322927	-6.66601	10.00	-6.605293
3.17947	10.00	8.306642	-0.07828684	0.00	0.1319473	-6.734205	10.00	-6.674974
3.113845	10.00	8.43882	-0.06562509	0.00	0.1321781	-6.802393	10.00	-6.744543
3.055833	10.00	8.57115	-0.05801231	0.00	0.1323296	-6.870286	10.00	-6.813768
3.029967	10.00	8.702905	-0.02586618	0.00	0.1317548	-6.9389	10.00	-6.883452
3.029967	10.00	8.835999	0	0.00	0.1330954	-7.007006	10.00	-6.952664
3.029967	10.00	8.968272	0	0.00	0.1322729	-7.074659	10.00	-7.02131
3.029967	10.00	9.099771	0	0.00	0.1314986	-7.14228	10.00	-7.090507
3.029967	10.00	9.231822	0	0.00	0.1320507	-7.210122	10.00	-7.159651
3.029967	10.00	9.363996	0	0.00	0.1321738	-7.278087	10.00	-7.228718
3.029967	10.00	9.496086	0	0.00	0.1320903	-7.34553	10.00	-7.29732
3.029967	10.00	9.627128	0	0.00	0.1310414	-7.414249	10.00	-7.367256
3.029967	10.00	9.76055	0	0.00	0.1334224	-7.482352	10.00	-7.436481
3.029967	10.00	9.892838	0	0.00	0.1322885	-7.549634	10.00	-7.50487
3.029967	10.00	10.02343	0	0.00	0.1305969	-7.618717	10.00	-7.574993
3.029967	10.00	10.15723	0	0.00	0.1337947	-7.687068	10.00	-7.644333
3.029967	10.00	10.28934	0	0.00	0.1321144	-7.755606	10.00	-7.713716
3.029967	10.00	10.42163	0	0.00	0.1322885	-7.824572	10.00	-7.783002
3.029967	10.00	10.55414	0	0.00	0.1325051	-7.893176	10.00	-7.852077
3.029967	10.00	10.68626	0	0.00	0.1321215	-7.962299	10.00	-7.921861
3.029967	10.00	10.81962	0	0.00	0.1333558	-8.030305	10.00	-7.990463
3.029967	10.00	10.95079	0	0.00	0.1311716	-8.09934	10.00	-8.060229
3.029967	10.00	11.08392	0	0.00	0.1331336	-8.166462	10.00	-8.127962
3.010869	10.00	11.21305	-0.01909833	0.00	0.1291247	-8.235322	10.00	-8.197343
2.969509	10.00	11.34539	-0.04135941	0.00	0.1323437	-8.304182	10.00	-8.266612
2.919257	10.00	11.47753	-0.05025163	0.00	0.1321384	-8.373136	10.00	-8.335857
2.859955	10.00	11.60988	-0.05930252	0.00	0.1323494	-8.442744	10.00	-8.405498
2.79759	10.00	11.74329	-0.06236514	0.00	0.1334181	-8.510906	10.00	-8.473859
2.726317	10.00	11.87409	-0.07127312	0.00	0.1307993	-8.580118	10.00	-8.542889
2.649142	10.00	12.00632	-0.07717445	0.00	0.1322305	-8.649874	10.00	-8.612721
2.565806	10.00	12.14023	-0.08333641	0.00	0.1339023	-8.718644	10.00	-8.68159
2.48113	10.00	12.27218	-0.0846759	0.00	0.1319488	-8.787677	10.00	-8.750591
2.393868	10.00	12.40417	-0.08726207	0.00	0.1319955	-8.85675	10.00	-8.819602
2.306527	10.00	12.53629	-0.08734069	0.00	0.1321144	-8.925785	10.00	-8.888521
2.216544	10.00	12.66852	-0.08998299	0.00	0.1322375	-8.993788	10.00	-8.956695
2.12511	10.00	12.79918	-0.09143432	0.00	0.1306521	-9.063602	10.00	-9.026262
2.026328	10.00	12.93292	-0.09878221	0.00	0.1337494	-9.132795	10.00	-9.095525
1.928319	10.00	13.06563	-0.09800855	0.00	0.1327018	-9.20152	10.00	-9.164412
1.83094	10.00	13.19748	-0.09737916	0.00	0.1318497	-9.270413	10.00	-9.233233
1.729441	10.00	13.3297	-0.1014994	0.00	0.1322276	-9.339261	10.00	-9.302181
1.626718	10.00	13.46186	-0.1027225	0.00	0.132154	-9.407357	10.00	-9.370247
1.525112	10.00	13.59257	-0.1016056	0.00	0.1307172	-9.477122	10.00	-9.43999
1.415895	10.00	13.72642	-0.1092179	0.00	0.1338414	-9.546191	10.00	-9.50914
1.307745	10.00	13.85895	-0.1081494	0.00	0.132532	-9.61377	10.00	-9.577266
1.201658	10.00	13.98895	-0.1060875	0.00	0.1300052	-9.683323	10.00	-9.647055
1.092367	10.00	14.12288	-0.1092907	0.00	0.1339306	-9.751485	10.00	-9.715157
0.9856498	10.00	14.25366	-0.1067171	0.00	0.1307767	-9.820864	10.00	-9.784562
0.8767449	10.00	14.38712	-0.1089049	0.00	0.1334578	-9.889037	10.00	-9.853222
0.7689189	10.00	14.51925	-0.107826	0.00	0.1321356	-9.95781	10.00	-9.921742
0.6611426	10.00	14.65133	-0.1077763	0.00	0.1320747	-10.02695	10.00	-9.99059
0.5528684	10.00	14.78401	-0.1082742	0.00	0.1326849	-10.0961	10.00	-10.05929
0.4445538	10.00	14.91675	-0.1083146	0.00	0.1327344	-10.16457	10.00	-10.12698
0.3375606	10.00	15.04786	-0.1069931	0.00	0.131115	-10.2336	10.00	-10.19547
0.2296572	10.00	15.18009	-0.1079034	0.00	0.1322305	-10.30278	10.00	-10.26453
0.1237767	10.00	15.313	-0.1058806	0.00	0.1329057	-10.37137	10.00	-10.33266
0.0201444	10.00	15.44468	-0.1036323	0.00	0.131684	-10.43938	10.00	-10.40042
-0.06366759	10.00	15.57528	-0.08381199	0.00	0.1306025	-10.50802	10.00	-10.46911
-0.10881	10.00	15.70745	-0.04514241	0.00	0.1321639	-10.57748	10.00	-10.53943
-0.10881	10.00	15.84125	0	0.00	0.1337975	-10.64553	10.00	-10.60738
-0.10881	10.00	15.97191	0	0.00	0.130662	-10.71471	10.00	-10.67676
-0.10881	10.00	16.10548	0	0.00	0.1335682	-10.78329	10.00	-10.74531
-0.10881	10.00	16.23779	0	0.00	0.132314	-10.85147	10.00	-10.81394
-0.10881	10.00	16.36991	0	0.00	0.1321215	-10.91967	10.00	-10.88223
-0.10881	10.00	16.50205	0	0.00	0.132137	-10.98777	10.00	-10.95027
-0.10881	10.00	16.63416	0	0.00	0.1321073	-11.05574	10.00	-11.01851
-0.10881	10.00	16.7665	0	0.00	0.1323409	-11.12379	10.00	-11.08727
-0.10881	10.00	16.89927	0	0.00	0.1327712	-11.19102	10.00	-11.15516
-0.10881	10.00	17.03058	0	0.00	0.1313132	-11.25951	10.00	-11.2241
-0.10881	10.00	17.1634	0	0.00	0.1328222	-11.3268	10.00	-11.29237
-0.10881	10.00	17.29517	0	0.00	0.1317704	-11.39415	10.00	-11.36097
-0.10881	10.00	17.42726	0	0.00	0.1320832	-11.4616	10.00	-11.43037
-0.10881	10.00	17.55996	0	0.00	0.1327033	-11.5286	10.00	-11.49894
-0.10881	10.00	17.69161	0	0.00	0.1316529	-11.59593	10.00	-11.56772
-0.10881	10.00	17.82372	0	0.00	0.1321087	-11.6635	10.00	-11.6365
-0.10881	10.00	17.95643	0	0.00	0.1327089	-11.73096	10.00	-11.70508
-0.10881	10.00	18.08855	0	0.00	0.1321186	-11.79827	10.00	-11.77289
-0.10881	10.00	18.22	0	0.00	0.1314519	-11.8663	10.00	-11.84146
-0.10881	10.00	18.35292	0	0.00	0.132917	-11.93335	10.00	-11.91002
-0.10881	10.00	18.48524	0	0.00	0.1323154	-11.9996	10.00	-11.97814
-0.10881	10.00	18.61703	0	0.00	0.1317902	-12.06578	10.00	-12.04658
-0.10881	10.00	18.74971	0	0.00	0.1326834	-12.13294	10.00	-12.11565
-0.10881	10.00	18.88352	0	0.00	0.1338088	-12.19182	10.00	-12.17669
-0.10881	10.00	19.00167	0	0.00	0.1181497	-12.26373	10.00	-12.25128
-0.10881	10.00	19.14582	0	0.00	0.1441581	-12.32848	10.00	-12.31888
-0.10881	10.00	19.27636	0	0.00	0.1305374	-12.395	10.00	-12.38799
-0.10881	10.00	19.41012	0	0.00	0.133755	-12.46053	10.00	-12.45628
-0.10881	10.00	19.54237	0	0.00	0.1322531	-12.52607	10.00	-12.52418
-0.10881	10.00	19.67444	0	0.00	0.1320747	-12.5917	10.00	-12.59204
-0.10881	10.00	19.8066	0	0.00	0.1321597	-12.65748	10.00	-12.65792
-0.10881	10.00	19.93772	0	0.00	0.1311192	-12.72381	10.00	-12.72542
-0.10881	10.00	20.07078	0	0.00	0.1330543	-12.78899	10.00	-12.79206
-0.10881	10.00	20.20181	0	0.00	0.1310329	-12.85495	10.00	-12.85933
-0.10881	10.00	20.33412	0	0.00	0.1323055	-12.92094	10.00	-12.92691
-0.10881	10.00	20.46755	0	0.00	0.1334365	-12.98653	10.00	-12.99381
-0.10881	10.00	20.60062	0	0.00	0.1330671	-13.05211	10.00	-13.05906
-0.10881	10.00	20.73222	0	0.00	0.1315949	-13.11696	10.00	-13.12329
-0.10881	10.00	20.86408	0	0.00	0.1318695	-13.18127	10.00	-13.1875
-0.10881	10.00	20.99721	0	0.00	0.1331279	-13.24322	10.00	-13.25028
-0.10881	10.00	21.12884	0	0.00	0.1316274	-13.30457	10.00	-13.31122
-0.10881	10.00	21.26059	0	0.00	0.131752	-13.36471	10.00	-13.37203
-0.10881	10.00	21.39345	0	0.00	0.132859	-13.4225	10.00	-13.43077
-0.10881	10.00	21.52424	0	0.00	0.1307852	-13.47883	10.00	-13.48771
-0.10881	10.00	21.65569	0	0.00	0.1314561	-13.53295	10.00	-13.54386
-0.10881	10.00	21.78794	0	0.00	0.1322432	-13.58493	10.00	-13.5976
-0.10881	10.00	21.92005	0	0.00	0.1321172	-13.63527	10.00	-13.64908
-0.10881	10.00	22.05379	0	0.00	0.1337409	-13.68206	10.00	-13.69734
-0.10881	10.00	22.18665	0	0.00	0.1328561	-13.72516	10.00	-13.74238
-0.10881	10.00	22.31914	0	0.00	0.1324853	-13.76508	10.00	-13.78406
-0.10881	10.00	22.45062	0	0.00	0.1314901	-13.80284	10.00	-13.8224
-0.10881	10.00	22.582	0	0.00	0.1313797	-13.83833	10.00	-13.85769
-0.10881	10.00	22.71432	0	0.00	0.132314	-13.87156	10.00	-13.89035
-0.10881	10.00	22.84785	0	0.00	0.1335271	-13.90205	10.00	-13.9199
-0.10881	10.00	22.98021	0	0.00	0.1323635	-13.92966	10.00	-13.94635
-0.10881	10.00	23.11098	0	0.00	0.1307653	-13.95545	10.00	-13.97048
-0.10881	10.00	23.24417	0	0.00	0.1331945	-13.97866	10.00	-13.99186
-0.10881	10.00	23.37698	0	0.00	0.1328094	-13.99424	10.00	-14.00608
-0.10881	10.00	23.47535	0	0.00	0.09837127	-14.0087	10.00	-14.01968
-0.10881	10.00	23.5766	0	0.00	0.1012449	-14.02575	10.00	-14.03549
-0.10881	10.00	23.70636	0	0.00	0.1297688	-14.04152	10.00	-14.05005
-0.10881	10.00	23.83875	0	0.00	0.1323904	-14.05629	10.00	-14.06318
-0.10881	10.00	23.97388	0	0.00	0.1351225	-14.06875	10.00	-14.07459
-0.10881	10.00	24.10392	0	0.00	0.1300476	-14.07947	10.00	-14.08453
-0.10881	10.00	24.23451	0	0.00	0.1305856	-14.08915	10.00	-14.09307
-0.10881	10.00	24.36599	0	0.00	0.1314816	-14.0976	10.00	-14.10054
-0.10881	10.00	24.49958	0	0.00	0.133588	-14.1045	10.00	-14.10676
-0.10881	10.00	24.63221	0	0.00	0.1326268	-14.11025	10.00	-14.11192
-0.10881	10.00	24.76413	0	0.00	0.131919	-14.11447	10.00	-14.11543
-0.10881	10.00	24.87856	0	0.00	0.1144395	-14.119	10.00	-14.11922
-0.10881	10.00	25.02868	0	0.00	0.1501106	-14.12219	10.00	-14.12197
-0.10881	10.00	25.16026	0	0.00	0.1315835	-14.1247	10.00	-14.12433
-0.10881	10.00	25.29285	0	0.00	0.1325928	-14.12689	10.00	-14.12638
-0.10881	10.00	25.42567	0	0.00	0.1328236	-14.12852	10.00	-14.12795
-0.10881	10.00	25.55706	0	0.00	0.1313868	-14.12993	10.00	-14.12946
-0.10881	10.00	25.68964	0	0.00	0.1325773	-14.13121	10.00	-14.13083
-0.10881	10.00	25.82197	0	0.00	0.1323324	-14.13225	10.00	-14.13196
-0.10881	10.00	25.95295	0	0.00	0.1309819	-14.13331	10.00	-14.13298
-0.10881	10.00	26.08625	0	0.00	0.1332936	-14.13407	10.00	-14.13387
-0.10881	10.00	26.21716	0	0.00	0.1309111	-14.13471	10.00	-14.13472
-0.10881	10.00	26.35109	0	0.00	0.1339306	-14.1354	10.00	-14.13529
-0.10881	10.00	26.48184	0	0.00	0.1307512	-14.13603	10.00	-14.13619
-0.10881	10.00	26.61456	0	0.00	0.1327217	-14.13667	10.00	-14.13655
21.92571
