0	10.00	-49.86835	0	0.00	0.1316515	40	10.00	0
0	10.00	-49.16278	0	0.00	0.7055646	39.98767	10.00	-1.986741E-05
0	10.00	-48.88737	0	0.00	0.2754132	39.97773	10.00	-4.167121E-05
0	10.00	-48.76228	0	0.00	0.1250903	39.96244	10.00	-6.821918E-05
0	10.00	-48.61307	0	0.00	0.1492103	39.9492	10.00	-0.0001365545
0	10.00	-48.51723	0	0.00	0.09583881	39.93038	10.00	-0.0001901733
0	10.00	-48.40308	0	0.00	0.114155	39.90642	10.00	-0.0001903379
0	10.00	-48.28357	0	0.00	0.1195101	39.86826	10.00	-7.634235E-05
0	10.00	-48.12742	0	0.00	0.1561466	39.83469	10.00	0.0001781386
0	10.00	-48.01762	0	0.00	0.1098049	39.78831	10.00	0.0005660372
0	10.00	-47.88598	0	0.00	0.1316359	39.7349	10.00	0.0009853066
0	10.00	-47.75375	0	0.00	0.1322319	39.68864	10.00	0.001462884
0	10.00	-47.6506	0	0.00	0.1031432	39.64193	10.00	0.001944969
0	10.00	-47.55363	0	0.00	0.09696843	39.57624	10.00	0.002486218
0	10.00	-47.42428	0	0.00	0.129354	39.50513	10.00	0.002968702
0	10.00	-47.29228	0	0.00	0.132004	39.4495	10.00	0.003435526
0	10.00	-47.19343	0	0.00	0.09884832	39.3896	10.00	0.003911139
0	10.00	-47.09037	0	0.00	0.103054	39.31274	10.00	0.004381844
0	10.00	-46.96144	0	0.00	0.1289364	39.23195	10.00	0.005276809
0	10.00	-46.82909	0	0.00	0.1323536	39.17049	10.00	0.005976733
0	10.00	-46.73874	0	0.00	0.09034134	39.10508	10.00	0.006774967
0	10.00	-46.68799	0	0.00	0.0507511	39.02419	10.00	0.007751984
0	10.00	-46.68799	0	0.00	0.0003385825	38.93949	10.00	0.008597845
0	10.00	-46.68799	0	0.00	0	38.87485	10.00	0.009113992
0	10.00	-46.68799	0	0.00	0	38.80823	10.00	0.009708902
0	10.00	-46.68799	0	0.00	0	38.72076	10.00	0.01012294
0	10.00	-46.68799	0	0.00	0	38.65826	10.00	0.01044404
0	10.00	-46.68799	0	0.00	0	38.58983	10.00	0.01067505
0	10.00	-46.68799	0	0.00	0	38.50198	10.00	0.0109782
0	10.00	-46.68799	0	0.00	0	38.43621	10.00	0.01120544
0	10.00	-46.68799	0	0.00	0	38.36596	10.00	0.01144778
0	10.00	-46.68799	0	0.00	0	38.27962	10.00	0.01175137
0	10.00	-46.67144	0	0.00	0.01655715	38.19212	10.00	0.01194205
0	10.00	-46.58911	0	0.00	0.08232819	38.12539	10.00	0.01204966
0	10.00	-46.50345	0	0.00	0.08565888	38.04953	10.00	0.01225578
0	10.00	-46.39309	0	0.00	0.1103631	37.96768	10.00	0.01255701
0	10.00	-46.27185	0	0.00	0.1212371	37.87867	10.00	0.01287303
0	10.00	-46.14037	0	0.00	0.131476	37.81652	10.00	0.01308815
0	10.00	-46.04876	0	0.00	0.09161614	37.74409	10.00	0.01333702
0	10.00	-45.94232	0	0.00	0.1064386	37.65397	10.00	0.01373121
0	10.00	-45.80992	0	0.00	0.1323975	37.58796	10.00	0.01402969
0	10.00	-45.71309	0	0.00	0.09683396	37.51988	10.00	0.01435622
0	10.00	-45.61353	0	0.00	0.09955611	37.42888	10.00	0.01475706
0	10.00	-45.48073	0	0.00	0.1328024	37.3605	10.00	0.01505809
0	10.00	-45.38121	0	0.00	0.0995193	37.29324	10.00	0.01540563
0	10.00	-45.28326	0	0.00	0.09794943	37.20188	10.00	0.01601082
0	10.00	-45.15033	0	0.00	0.1329283	37.10991	10.00	0.01670651
0	10.00	-45.01641	0	0.00	0.1339164	37.03058	10.00	0.01735857
0	10.00	-44.90096	0	0.00	0.1154573	36.9507	10.00	0.01797261
0	10.00	-44.78509	0	0.00	0.1158692	36.88035	10.00	0.01853864
0	10.00	-44.6834	0	0.00	0.1016851	36.79105	10.00	0.01923672
0	10.00	-44.55497	0	0.00	0.1284268	36.69879	10.00	0.01999246
0	10.00	-44.42326	0	0.00	0.1317209	36.62807	10.00	0.02054031
0	10.00	-44.32322	0	0.00	0.1000402	36.55722	10.00	0.02103548
0	10.00	-44.22365	0	0.00	0.09956319	36.46425	10.00	0.02159693
0	10.00	-44.09351	0	0.00	0.1301425	36.36927	10.00	0.02212911
0	10.00	-43.96069	0	0.00	0.1328193	36.29699	10.00	0.02249503
0	10.00	-43.85957	0	0.00	0.1011175	36.22416	10.00	0.02288854
0	10.00	-43.75753	0	0.00	0.1020362	36.13384	10.00	0.02340462
0	10.00	-43.63098	0	0.00	0.1265554	36.03879	10.00	0.02400794
0	10.00	-43.49796	0	0.00	0.1330218	35.97068	10.00	0.02450858
0	10.00	-43.40289	0	0.00	0.09507156	35.89703	10.00	0.02508712
0	10.00	-43.30049	0	0.00	0.1023986	35.80142	10.00	0.02586072
0	10.00	-43.1678	0	0.00	0.1326877	35.7057	10.00	0.02660864
0	10.00	-43.03509	0	0.00	0.1327146	35.63386	10.00	0.02713565
0	10.00	-42.93563	0	0.00	0.09945136	35.56256	10.00	0.02764491
0	10.00	-42.83721	0	0.00	0.09842648	35.4666	10.00	0.02828646
0	10.00	-42.70499	0	0.00	0.1322191	35.37013	10.00	0.0288605
-0.0273624	10.00	-42.57216	-0.0273624	0.00	0.132825	35.29946	10.00	0.02920925
-0.06333631	10.00	-42.4751	-0.03597391	0.00	0.09706611	35.2262	10.00	0.02948209
-0.102495	10.00	-42.37469	-0.03915871	0.00	0.1004125	35.12938	10.00	0.02983792
-0.1541349	10.00	-42.24227	-0.05163987	0.00	0.1324173	35.03244	10.00	0.03022121
-0.2109684	10.00	-42.1097	-0.05683354	0.00	0.1325688	34.95874	10.00	0.03052346
-0.2541728	10.00	-42.00892	-0.04320441	0.00	0.1007778	34.88778	10.00	0.03081724
-0.2957654	10.00	-41.9119	-0.04159256	0.00	0.09701798	34.7906	10.00	0.03120914
-0.3526548	10.00	-41.77921	-0.05688937	0.00	0.132699	34.69456	10.00	0.03157179
-0.4088104	10.00	-41.64822	-0.05615566	0.00	0.1309876	34.62205	10.00	0.0318262
-0.4511428	10.00	-41.54947	-0.04233234	0.00	0.09874357	34.5479	10.00	0.03208838
-0.4943569	10.00	-41.44867	-0.04321412	0.00	0.1008004	34.45043	10.00	0.03244704
-0.55374	10.00	-41.31614	-0.05938307	0.00	0.1325291	34.35343	10.00	0.03276545
-0.6153124	10.00	-41.18442	-0.06157243	0.00	0.1317223	34.28072	10.00	0.0329805
-0.6614282	10.00	-41.08577	-0.0461158	0.00	0.0986558	34.20729	10.00	0.03317777
-0.7079622	10.00	-40.98621	-0.04653399	0.00	0.09955045	34.10951	10.00	0.03341701
-0.7698575	10.00	-40.8538	-0.06189534	0.00	0.1324131	34.01152	10.00	0.03364312
-0.8318614	10.00	-40.72116	-0.06200386	0.00	0.1326452	33.93248	10.00	0.0338129
-0.8818375	10.00	-40.61424	-0.04997615	0.00	0.1069143	33.81376	10.00	0.03406804
-0.9568537	10.00	-40.45376	-0.07501617	0.00	0.1604825	33.73831	10.00	0.03423151
-1.004493	10.00	-40.35184	-0.04763969	0.00	0.1019159	33.66767	10.00	0.03438069
-1.049107	10.00	-40.2564	-0.04461374	0.00	0.09544244	33.57267	10.00	0.03458281
-1.109118	10.00	-40.12802	-0.06001082	0.00	0.1283815	33.47335	10.00	0.03479457
-1.171893	10.00	-39.99372	-0.0627754	0.00	0.1342958	33.39876	10.00	0.03495739
-1.219075	10.00	-39.89279	-0.0471818	0.00	0.1009363	33.32254	10.00	0.0351104
-1.267291	10.00	-39.78964	-0.04821603	0.00	0.1031488	33.23063	10.00	0.03530522
-1.325468	10.00	-39.66518	-0.05817659	0.00	0.1244575	33.13147	10.00	0.03553454
-1.388262	10.00	-39.53085	-0.06279459	0.00	0.1343368	33.05864	10.00	0.03572348
-1.434403	10.00	-39.43214	-0.04614095	0.00	0.0987096	32.98455	10.00	0.03593187
-1.481327	10.00	-39.33175	-0.04692373	0.00	0.1003842	32.88798	10.00	0.03618572
-1.513313	10.00	-39.20359	-0.03198622	0.00	0.1281663	32.79077	10.00	0.03643445
-1.513663	10.00	-39.10269	-0.0003499925	0.00	0.100893	32.71783	10.00	0.03660566
-1.513663	10.00	-39.0394	0	0.00	0.06329345	32.64357	10.00	0.03678058
-1.513663	10.00	-38.99829	0	0.00	0.04110385	32.54605	10.00	0.03704598
-1.513663	10.00	-38.96476	0	0.00	0.03353987	32.44875	10.00	0.03728933
-1.513663	10.00	-38.9504	0	0.00	0.01435785	32.3679	10.00	0.03749491
-1.513663	10.00	-38.93953	0	0.00	0.01086974	32.25352	10.00	0.03777984
-1.513663	10.00	-38.92414	0	0.00	0.01538304	32.1815	10.00	0.03795495
-1.513663	10.00	-38.91446	0	0.00	0.009688113	32.10705	10.00	0.03813829
-1.513663	10.00	-38.88784	0	0.00	0.0266151	32.00936	10.00	0.03840992
-1.513663	10.00	-38.81062	0	0.00	0.07722237	31.91114	10.00	0.0387464
-1.513663	10.00	-38.69035	0	0.00	0.120268	31.83936	10.00	0.03902965
-1.513663	10.00	-38.59385	0	0.00	0.09650614	31.76589	10.00	0.03933668
-1.513663	10.00	-38.49409	0	0.00	0.09975429	31.66771	10.00	0.03979174
-1.513663	10.00	-38.36064	0	0.00	0.1334493	31.56973	10.00	0.04010155
-1.513663	10.00	-38.22742	0	0.00	0.1332199	31.50061	10.00	0.04036894
-1.513663	10.00	-38.13342	0	0.00	0.09400705	31.42459	10.00	0.0405313
-1.513663	10.00	-38.03008	0	0.00	0.1033385	31.32732	10.00	0.0406996
-1.513663	10.00	-37.89794	0	0.00	0.1321356	31.22949	10.00	0.04082316
-1.513663	10.00	-37.76509	0	0.00	0.1328491	31.15027	10.00	0.04102237
-1.513663	10.00	-37.65756	0	0.00	0.1075329	31.07875	10.00	0.04123022
-1.513663	10.00	-37.56044	0	0.00	0.09711849	30.98666	10.00	0.04148887
-1.513663	10.00	-37.43527	0	0.00	0.1251653	30.88917	10.00	0.04172314
-1.513663	10.00	-37.30265	0	0.00	0.1326226	30.79166	10.00	0.04200951
-1.513663	10.00	-37.16991	0	0.00	0.1327386	30.70948	10.00	0.04225436
-1.513663	10.00	-37.05807	0	0.00	0.1118447	30.59787	10.00	0.04262805
-1.513663	10.00	-36.90628	0	0.00	0.1517923	30.5208	10.00	0.04287069
-1.513663	10.00	-36.80151	0	0.00	0.1047626	30.4473	10.00	0.04309108
-1.513663	10.00	-36.70169	0	0.00	0.0998279	30.3555	10.00	0.04336407
-1.513663	10.00	-36.577	0	0.00	0.1246812	30.25792	10.00	0.04361688
-1.513663	10.00	-36.44455	0	0.00	0.1324541	30.1605	10.00	0.04388581
-1.513663	10.00	-36.31224	0	0.00	0.1323069	30.08795	10.00	0.04407835
-1.513663	10.00	-36.2137	0	0.00	0.09854114	30.01244	10.00	0.0442792
-1.513663	10.00	-36.11113	0	0.00	0.1025699	29.91677	10.00	0.04453371
-1.513663	10.00	-35.9812	0	0.00	0.1299273	29.81913	10.00	0.04477523
-1.513663	10.00	-35.84857	0	0.00	0.1326353	29.72234	10.00	0.04502927
-1.513663	10.00	-35.71724	0	0.00	0.1313316	29.64579	10.00	0.04524389
-1.513663	10.00	-35.61344	0	0.00	0.1038	29.5706	10.00	0.0454618
-1.513663	10.00	-35.51154	0	0.00	0.1019017	29.47907	10.00	0.04569191
-1.513663	10.00	-35.38754	0	0.00	0.1240003	29.37981	10.00	0.04592002
-1.513663	10.00	-35.25325	0	0.00	0.1342845	29.28361	10.00	0.04613178
-1.513663	10.00	-35.12323	0	0.00	0.1300236	29.1856	10.00	0.04631791
-1.513663	10.00	-34.99086	0	0.00	0.1323664	29.08651	10.00	0.04649417
-1.513663	10.00	-34.85706	0	0.00	0.1338032	28.98831	10.00	0.0466717
-1.513663	10.00	-34.72452	0	0.00	0.1325405	28.91433	10.00	0.04680115
-1.513663	10.00	-34.62468	0	0.00	0.09984064	28.8396	10.00	0.04692885
-1.513663	10.00	-34.52385	0	0.00	0.1008259	28.74382	10.00	0.04709458
-1.513663	10.00	-34.39462	0	0.00	0.1292266	28.64604	10.00	0.04726281
-1.513663	10.00	-34.2627	0	0.00	0.1319233	28.54752	10.00	0.04741085
-1.513663	10.00	-34.1298	0	0.00	0.1329014	28.47741	10.00	0.0475104
-1.513663	10.00	-34.03521	0	0.00	0.09459452	28.40104	10.00	0.04761517
-1.513663	10.00	-33.9322	0	0.00	0.1030073	28.30402	10.00	0.04774973
-1.513663	10.00	-33.80133	0	0.00	0.1308644	28.20509	10.00	0.04787447
-1.513663	10.00	-33.66791	0	0.00	0.1334266	28.10701	10.00	0.04800863
-1.513663	10.00	-33.53563	0	0.00	0.1322814	28.00966	10.00	0.04813191
-1.513663	10.00	-33.4043	0	0.00	0.1313273	27.93397	10.00	0.04822505
-1.513663	10.00	-33.30224	0	0.00	0.1020603	27.85879	10.00	0.04831264
-1.513663	10.00	-33.20085	0	0.00	0.1013879	27.76497	10.00	0.04841873
-1.513663	10.00	-33.0743	0	0.00	0.126554	27.66694	10.00	0.04853094
-1.513663	10.00	-32.9421	0	0.00	0.1321993	27.56779	10.00	0.04864077
-1.513663	10.00	-32.80838	0	0.00	0.1337182	27.46994	10.00	0.04876025
-1.513663	10.00	-32.67641	0	0.00	0.1319714	27.37132	10.00	0.04887799
-1.513663	10.00	-32.5434	0	0.00	0.1330062	27.27507	10.00	0.04899409
-1.513663	10.00	-32.41356	0	0.00	0.1298367	27.17684	10.00	0.04911055
-1.513663	10.00	-32.28106	0	0.00	0.1325065	27.07874	10.00	0.04922746
-1.513663	10.00	-32.14875	0	0.00	0.1323112	26.98085	10.00	0.04933089
-1.513663	10.00	-32.01673	0	0.00	0.1320139	26.8837	10.00	0.04944668
-1.513663	10.00	-31.88568	0	0.00	0.1310541	26.7856	10.00	0.04956009
-1.513663	10.00	-31.75339	0	0.00	0.1322913	26.68745	10.00	0.04967514
-1.513663	10.00	-31.62102	0	0.00	0.1323692	26.58877	10.00	0.04977135
-1.513663	10.00	-31.48794	0	0.00	0.1330798	26.49069	10.00	0.04986282
-1.513663	10.00	-31.35566	0	0.00	0.1322743	26.41301	10.00	0.04992776
-1.513663	10.00	-31.25094	0	0.00	0.1047258	26.29521	10.00	0.05002216
-1.513663	10.00	-31.09209	0	0.00	0.1588504	26.22075	10.00	0.05008271
-1.513663	10.00	-30.99165	0	0.00	0.1004366	26.14661	10.00	0.0501425
-1.513663	10.00	-30.89169	0	0.00	0.09996663	26.04947	10.00	0.05022529
-1.513663	10.00	-30.76068	0	0.00	0.1310088	25.95227	10.00	0.05031627
-1.513663	10.00	-30.62959	0	0.00	0.1310853	25.85339	10.00	0.05041145
-1.513663	10.00	-30.49627	0	0.00	0.1333219	25.75638	10.00	0.05052414
-1.513663	10.00	-30.36547	0	0.00	0.1307965	25.65744	10.00	0.0506222
-1.513663	10.00	-30.23199	0	0.00	0.1334875	25.55937	10.00	0.05073162
-1.513663	10.00	-30.09962	0	0.00	0.1323678	25.48261	10.00	0.05082654
-1.513663	10.00	-29.99598	0	0.00	0.10364	25.36348	10.00	0.05094114
-1.513663	10.00	-29.83523	0	0.00	0.1607501	25.28745	10.00	0.05102009
-1.513663	10.00	-29.73265	0	0.00	0.1025826	25.21475	10.00	0.05107579
-1.513663	10.00	-29.63453	0	0.00	0.09811223	25.11968	10.00	0.05116644
-1.513663	10.00	-29.5062	0	0.00	0.1283362	25.02112	10.00	0.05128444
-1.513663	10.00	-29.37307	0	0.00	0.1331279	24.9242	10.00	0.05143687
-1.513663	10.00	-29.24211	0	0.00	0.1309621	24.82614	10.00	0.05162559
-1.513663	10.00	-29.10955	0	0.00	0.1325532	24.72772	10.00	0.05184505
-1.513663	10.00	-28.97646	0	0.00	0.1330954	24.63054	10.00	0.05197151
-1.513663	10.00	-28.84502	0	0.00	0.1314377	24.53196	10.00	0.05203753
-1.513663	10.00	-28.71176	0	0.00	0.1332638	24.43424	10.00	0.05204333
-1.513663	10.00	-28.5797	0	0.00	0.1320549	24.33606	10.00	0.05199738
-1.513663	10.00	-28.44711	0	0.00	0.1325872	24.23846	10.00	0.05195819
-1.513663	10.00	-28.31522	0	0.00	0.1318935	24.14055	10.00	0.05190527
-1.513663	10.00	-28.18296	0	0.00	0.1322588	24.04202	10.00	0.05186312
-1.513663	10.00	-28.04996	0	0.00	0.1329991	23.97151	10.00	0.05182152
-1.513663	10.00	-27.95487	0	0.00	0.0950928	23.89555	10.00	0.05175088
-1.513663	10.00	-27.85249	0	0.00	0.1023774	23.79753	10.00	0.05165515
-1.513663	10.00	-27.72046	0	0.00	0.1320351	23.70013	10.00	0.05156376
-1.513663	10.00	-27.58926	0	0.00	0.1312013	23.60123	10.00	0.05146785
-1.513663	10.00	-27.45605	0	0.00	0.1332058	23.50276	10.00	0.05137192
-1.513663	10.00	-27.32342	0	0.00	0.1326339	23.42727	10.00	0.05131061
-1.513663	10.00	-27.22175	0	0.00	0.1016696	23.30658	10.00	0.05122361
-1.513663	10.00	-27.05921	0	0.00	0.1625408	23.2305	10.00	0.05116658
-1.513663	10.00	-26.95672	0	0.00	0.1024807	23.1113	10.00	0.05107637
-1.513663	10.00	-26.79621	0	0.00	0.1605193	23.03827	10.00	0.05101491
-1.513663	10.00	-26.69786	0	0.00	0.09834579	22.96321	10.00	0.05095116
-1.513663	10.00	-26.59677	0	0.00	0.1010863	22.86455	10.00	0.05086665
-1.513663	10.00	-26.46391	0	0.00	0.132859	22.76671	10.00	0.05078431
-1.513663	10.00	-26.33215	0	0.00	0.1317647	22.66853	10.00	0.0506989
-1.513663	10.00	-26.19995	0	0.00	0.1322021	22.56943	10.00	0.05061196
-1.513663	10.00	-26.0665	0	0.00	0.1334464	22.498	10.00	0.05054886
-1.513663	10.00	-25.97032	0	0.00	0.09617713	22.42336	10.00	0.05048235
-1.513663	10.00	-25.8698	0	0.00	0.100523	22.32516	10.00	0.05038793
-1.513663	10.00	-25.73759	0	0.00	0.1322106	22.22788	10.00	0.05029383
-1.513663	10.00	-25.60658	0	0.00	0.131006	22.1285	10.00	0.0501972
-1.513663	10.00	-25.47276	0	0.00	0.1338187	22.03156	10.00	0.05010444
-1.513663	10.00	-25.34225	0	0.00	0.1305119	21.93235	10.00	0.05000653
-1.513663	10.00	-25.20868	0	0.00	0.1335696	21.83368	10.00	0.04990885
-1.513663	10.00	-25.07584	0	0.00	0.132842	21.73503	10.00	0.04981071
-1.513663	10.00	-24.94302	0	0.00	0.1328208	21.66008	10.00	0.04973571
-1.513663	10.00	-24.84211	0	0.00	0.1009151	21.58164	10.00	0.0496569
-1.513663	10.00	-24.73651	0	0.00	0.1055935	21.49054	10.00	0.04956396
-1.513663	10.00	-24.61387	0	0.00	0.1226413	21.39318	10.00	0.04946417
-1.513663	10.00	-24.48281	0	0.00	0.1310654	21.29487	10.00	0.04936313
-1.513663	10.00	-24.35047	0	0.00	0.1323366	21.1969	10.00	0.04926106
-1.513663	10.00	-24.21856	0	0.00	0.1319049	21.09779	10.00	0.04917432
-1.513663	10.00	-24.08511	0	0.00	0.1334563	20.99976	10.00	0.04907742
-1.513663	10.00	-23.95306	0	0.00	0.1320478	20.90252	10.00	0.04899747
-1.513663	10.00	-23.82213	0	0.00	0.1309253	20.80393	10.00	0.04890997
-1.513663	10.00	-23.68941	0	0.00	0.1327217	20.70617	10.00	0.0488262
-1.513663	10.00	-23.5578	0	0.00	0.1316133	20.607	10.00	0.04872924
-1.513663	10.00	-23.42431	0	0.00	0.1334861	20.50747	10.00	0.04863157
-1.513663	10.00	-23.29033	0	0.00	0.1339886	20.42933	10.00	0.04855834
-1.513663	10.00	-23.18514	0	0.00	0.1051802	20.31226	10.00	0.04843353
-1.513663	10.00	-23.02757	0	0.00	0.1575735	20.23198	10.00	0.04834788
-1.513663	10.00	-22.91951	0	0.00	0.1080581	20.11501	10.00	0.04822256
-1.513663	10.00	-22.76208	0	0.00	0.1574376	20.04323	10.00	0.04814069
-1.513663	10.00	-22.66546	0	0.00	0.09661737	19.96889	10.00	0.04806421
-1.513663	10.00	-22.5654	0	0.00	0.1000572	19.87057	10.00	0.04796283
-1.513663	10.00	-22.43307	0	0.00	0.132331	19.77209	10.00	0.04785016
-1.513663	10.00	-22.30051	0	0.00	0.132556	19.67496	10.00	0.04773904
-1.513663	10.00	-22.16978	0	0.00	0.1307356	19.57567	10.00	0.04762522
-1.513663	10.00	-22.03615	0	0.00	0.1336291	19.47755	10.00	0.04751008
-1.513663	10.00	-21.90409	0	0.00	0.1320606	19.37866	10.00	0.04740508
-1.513663	10.00	-21.771	0	0.00	0.1330925	19.30091	10.00	0.04732245
-1.513663	10.00	-21.66636	0	0.00	0.1046352	19.22541	10.00	0.04723591
-1.513663	10.00	-21.56474	0	0.00	0.1016257	19.1336	10.00	0.04713073
-1.513663	10.00	-21.44118	0	0.00	0.1235558	19.03585	10.00	0.04701868
-1.513663	10.00	-21.30962	0	0.00	0.1315552	18.93732	10.00	0.0469015
-1.513663	10.00	-21.17703	0	0.00	0.1325943	18.83934	10.00	0.04678468
-1.513663	10.00	-21.04516	0	0.00	0.1318666	18.7404	10.00	0.04667776
-1.513663	10.00	-20.91202	0	0.00	0.1331421	18.64231	10.00	0.04657149
-1.513663	10.00	-20.78003	0	0.00	0.1319941	18.54397	10.00	0.04645328
-1.513663	10.00	-20.66946	0	0.00	0.1105635	18.44544	10.00	0.04633484
-1.513663	10.00	-20.58823	0	0.00	0.08123326	18.34834	10.00	0.04621825
-1.513663	10.00	-20.53854	0	0.00	0.04968799	18.25028	10.00	0.04611096
-1.513663	10.00	-20.50369	0	0.00	0.0348515	18.15237	10.00	0.04600359
-1.513663	10.00	-20.47783	0	0.00	0.02586256	18.05295	10.00	0.04588365
-1.513663	10.00	-20.45545	0	0.00	0.02237558	17.95457	10.00	0.04576479
-1.513663	10.00	-20.43844	0	0.00	0.01701623	17.85674	10.00	0.04564751
-1.513663	10.00	-20.42152	0	0.00	0.01692052	17.75847	10.00	0.04554075
-1.513663	10.00	-20.40836	0	0.00	0.01315414	17.66044	10.00	0.04543402
-1.513663	10.00	-20.39907	0	0.00	0.009290379	17.56304	10.00	0.04531749
-1.513663	10.00	-20.39907	0	0.00	0	17.46346	10.00	0.04519862
-1.513663	10.00	-20.39907	0	0.00	0	17.36516	10.00	0.04508115
-1.513663	10.00	-20.39907	0	0.00	0	17.2671	10.00	0.04496397
-1.513663	10.00	-20.39907	0	0.00	0	17.18683	10.00	0.04487688
-1.513663	10.00	-20.39907	0	0.00	0	17.07001	10.00	0.04475566
-1.513663	10.00	-20.39907	0	0.00	0	16.99779	10.00	0.04468076
-1.513663	10.00	-20.39907	0	0.00	0	16.92296	10.00	0.04459503
-1.513663	10.00	-20.39907	0	0.00	0	16.8247	10.00	0.04447789
-1.513663	10.00	-20.39907	0	0.00	0	16.72704	10.00	0.04436189
-1.513663	10.00	-20.39907	0	0.00	0	16.62959	10.00	0.04424971
-1.513663	10.00	-20.39907	0	0.00	0	16.53043	10.00	0.04415806
-1.513663	10.00	-20.39907	0	0.00	0	16.43213	10.00	0.04406581
-1.513663	10.00	-20.39907	0	0.00	0	16.33388	10.00	0.04397361
-1.513663	10.00	-20.39907	0	0.00	0	16.23467	10.00	0.04386945
-1.513663	10.00	-20.39907	0	0.00	0	16.16224	10.00	0.04379334
-1.513663	10.00	-20.39907	0	0.00	0	16.08293	10.00	0.04370487
-1.513663	10.00	-20.39907	0	0.00	0	15.9894	10.00	0.04358964
-1.513663	10.00	-20.39907	0	0.00	0	15.89189	10.00	0.04347032
-1.513663	10.00	-20.39907	0	0.00	0	15.79434	10.00	0.04336832
-1.513663	10.00	-20.39907	0	0.00	0	15.69541	10.00	0.04327618
-1.513663	10.00	-20.39907	0	0.00	0	15.5972	10.00	0.04316737
-1.513663	10.00	-20.39907	0	0.00	0	15.49872	10.00	0.0430583
-1.513663	10.00	-20.39907	0	0.00	0	15.42028	10.00	0.0429729
-1.513663	10.00	-20.39907	0	0.00	0	15.30109	10.00	0.04285475
-1.513663	10.00	-20.39907	0	0.00	0	15.23131	10.00	0.04278545
-1.513663	10.00	-20.39907	0	0.00	0	15.1524	10.00	0.04270712
-1.513663	10.00	-20.39907	0	0.00	0	15.05638	10.00	0.04260099
-1.513663	10.00	-20.39907	0	0.00	0	14.95831	10.00	0.04249257
-1.513663	10.00	-20.39907	0	0.00	0	14.86098	10.00	0.04239574
-1.513663	10.00	-20.39907	0	0.00	0	14.76105	10.00	0.04229607
-1.513663	10.00	-20.39907	0	0.00	0	14.66302	10.00	0.04219826
-1.513663	10.00	-20.39907	0	0.00	0	14.56515	10.00	0.04208972
-1.513663	10.00	-20.39907	0	0.00	0	14.46767	10.00	0.04198181
-1.513663	10.00	-20.39907	0	0.00	0	14.3695	10.00	0.04187299
-1.513663	10.00	-20.39907	0	0.00	0	14.27107	10.00	0.04177423
-1.513663	10.00	-20.39907	0	0.00	0	14.17044	10.00	0.04169621
-1.513663	10.00	-20.39907	0	0.00	0	14.08678	10.00	0.04162087
-1.513663	10.00	-20.39907	0	0.00	0	13.97601	10.00	0.04152098
-1.513663	10.00	-20.39907	0	0.00	0	13.89606	10.00	0.04145918
-1.513663	10.00	-20.39358	0	0.00	0.005490891	13.77854	10.00	0.04135492
-1.513663	10.00	-20.38092	0	0.00	0.01266088	13.7019	10.00	0.04128859
-1.513663	10.00	-20.37167	0	0.00	0.009254901	13.58194	10.00	0.04118465
-1.513663	10.00	-20.35406	0	0.00	0.01760777	13.50385	10.00	0.0411021
-1.513663	10.00	-20.33954	0	0.00	0.01451291	13.38511	10.00	0.04097641
-1.513663	10.00	-20.31439	0	0.00	0.02515576	13.30735	10.00	0.04089387
-1.513663	10.00	-20.28779	0	0.00	0.02659693	13.1886	10.00	0.04077467
-1.513663	10.00	-20.23789	0	0.00	0.04989708	13.11232	10.00	0.04069095
-1.513663	10.00	-20.20386	0	0.00	0.03403628	12.99294	10.00	0.0405655
-1.513663	10.00	-20.13661	0	0.00	0.0672471	12.91286	10.00	0.04048144
-1.513663	10.00	-20.08732	0	0.00	0.04928889	12.79476	10.00	0.04033613
-1.513663	10.00	-19.98694	0	0.00	0.1003827	12.71989	10.00	0.04023265
-1.513663	10.00	-19.90957	0	0.00	0.07736678	12.64426	10.00	0.0401224
-1.513663	10.00	-19.8186	0	0.00	0.09097464	12.55099	10.00	0.04000592
-1.513663	10.00	-19.69424	0	0.00	0.1243599	12.4528	10.00	0.03988402
-1.513663	10.00	-19.56199	0	0.00	0.132246	12.35452	10.00	0.0397578
-1.513663	10.00	-19.42965	0	0.00	0.1323451	12.25659	10.00	0.03962006
-1.513663	10.00	-19.2977	0	0.00	0.1319459	12.15833	10.00	0.03948871
-1.513663	10.00	-19.16536	0	0.00	0.1323451	12.05911	10.00	0.03935976
-1.513663	10.00	-19.03164	0	0.00	0.1337211	11.96059	10.00	0.03923432
-1.513663	10.00	-18.89895	0	0.00	0.1326877	11.88415	10.00	0.03913209
-1.513663	10.00	-18.79592	0	0.00	0.1030243	11.80729	10.00	0.03903313
-1.513663	10.00	-18.69239	0	0.00	0.1035296	11.71579	10.00	0.03891447
-1.513663	10.00	-18.5691	0	0.00	0.1232911	11.61788	10.00	0.03876031
-1.513663	10.00	-18.43714	0	0.00	0.1319643	11.52001	10.00	0.03860144
-1.513663	10.00	-18.30508	0	0.00	0.1320578	11.42199	10.00	0.03840841
-1.513663	10.00	-18.17271	0	0.00	0.1323692	11.32396	10.00	0.03823011
-1.513663	10.00	-18.04035	0	0.00	0.1323649	11.22638	10.00	0.03818317
-1.513663	10.00	-17.9085	0	0.00	0.1318426	11.12786	10.00	0.03815916
-1.513663	10.00	-17.77541	0	0.00	0.133094	11.03163	10.00	0.03814568
-1.513663	10.00	-17.64541	0	0.00	0.1299953	10.9321	10.00	0.03813016
-1.513663	10.00	-17.51099	0	0.00	0.1344274	10.83387	10.00	0.03818332
-1.513663	10.00	-17.3836	0	0.00	0.1273879	10.73632	10.00	0.03824874
-1.513663	10.00	-17.27497	0	0.00	0.1086274	10.63911	10.00	0.03831846
-1.513663	10.00	-17.20741	0	0.00	0.0675612	10.54101	10.00	0.03840676
-1.513663	10.00	-17.17382	0	0.00	0.03358776	10.44123	10.00	0.03846387
-1.513663	10.00	-17.16307	0	0.00	0.01075002	10.34246	10.00	0.03852121
-1.513663	10.00	-17.15372	0	0.00	0.009353898	10.27006	10.00	0.03856282
-1.513663	10.00	-17.14969	0	0.00	0.004029883	10.1964	10.00	0.03860374
-1.513663	10.00	-17.14847	0	0.00	0.001222535	10.09813	10.00	0.03864186
-1.513663	10.00	-17.14847	0	0.00	0	9.999866	10.00	0.03869512
-1.513663	10.00	-17.14847	0	0.00	0	9.901	10.00	0.03875689
-1.513663	10.00	-17.14847	0	0.00	0	9.803089	10.00	0.03879754
-1.513663	10.00	-17.14847	0	0.00	0	9.705525	10.00	0.03886488
-1.513663	10.00	-17.14847	0	0.00	0	9.60605	10.00	0.03893495
-1.513663	10.00	-17.14847	0	0.00	0	9.507623	10.00	0.03900136
-1.513663	10.00	-17.14847	0	0.00	0	9.409183	10.00	0.03906271
-1.513663	10.00	-17.14847	0	0.00	0	9.335045	10.00	0.03910925
-1.513663	10.00	-17.14847	0	0.00	0	9.260748	10.00	0.03914651
-1.513663	10.00	-17.14847	0	0.00	0	9.163668	10.00	0.03919503
-1.513663	10.00	-17.14847	0	0.00	0	9.065958	10.00	0.03924343
-1.513663	10.00	-17.14847	0	0.00	0	8.967968	10.00	0.03927951
-1.513663	10.00	-17.14847	0	0.00	0	8.86908	10.00	0.0393126
-1.513663	10.00	-17.14847	0	0.00	0	8.770289	10.00	0.03934539
-1.513663	10.00	-17.14847	0	0.00	0	8.672027	10.00	0.03937234
-1.513663	10.00	-17.14847	0	0.00	0	8.5738	10.00	0.0393986
-1.513663	10.00	-17.14847	0	0.00	0	8.475945	10.00	0.03942406
-1.513663	10.00	-17.14847	0	0.00	0	8.399059	10.00	0.03943976
-1.513663	10.00	-17.14847	0	0.00	0	8.278968	10.00	0.03947613
-1.513663	10.00	-17.14847	0	0.00	0	8.190858	10.00	0.03950315
-1.513663	10.00	-17.14847	0	0.00	0	8.078742	10.00	0.03953038
-1.513663	10.00	-17.14847	0	0.00	0	7.996903	10.00	0.03954813
-1.513663	10.00	-17.14847	0	0.00	0	7.886114	10.00	0.03957132
-1.513663	10.00	-17.14847	0	0.00	0	7.788207	10.00	0.03959651
-1.513663	10.00	-17.14847	0	0.00	0	7.688501	10.00	0.03960865
-1.513663	10.00	-17.14847	0	0.00	0	7.58962	10.00	0.0396198
-1.513663	10.00	-17.14847	0	0.00	0	7.519777	10.00	0.03961099
-1.513663	10.00	-17.14847	0	0.00	0	7.442675	10.00	0.0396009
-1.513663	10.00	-17.14847	0	0.00	0	7.344929	10.00	0.03958737
-1.513663	10.00	-17.14847	0	0.00	0	7.247054	10.00	0.03959036
-1.513663	10.00	-17.14847	0	0.00	0	7.148491	10.00	0.03958609
-1.513663	10.00	-17.14847	0	0.00	0	7.049281	10.00	0.03958004
-1.513663	10.00	-17.14847	0	0.00	0	6.950234	10.00	0.03957222
-1.513663	10.00	-17.14847	0	0.00	0	6.851869	10.00	0.03956605
-1.513663	10.00	-17.14847	0	0.00	0	6.753337	10.00	0.03956994
-1.513663	10.00	-17.14847	0	0.00	0	6.677536	10.00	0.03958573
-1.513663	10.00	-17.14847	0	0.00	0	6.557121	10.00	0.03960975
-1.513663	10.00	-17.13864	0	0.00	0.009829035	6.482261	10.00	0.03962426
-1.513663	10.00	-17.13253	0	0.00	0.006110366	6.409041	10.00	0.03963763
-1.513663	10.00	-17.12655	0	0.00	0.005976534	6.311162	10.00	0.03966168
-1.513663	10.00	-17.11856	0	0.00	0.00798901	6.212672	10.00	0.03967231
-1.513663	10.00	-17.11052	0	0.00	0.008039498	6.115515	10.00	0.03967139
-1.513663	10.00	-17.10259	0	0.00	0.00793121	6.015965	10.00	0.03966976
-1.513663	10.00	-17.09447	0	0.00	0.008126368	5.916974	10.00	0.03966754
-1.513663	10.00	-17.08638	0	0.00	0.008080525	5.818775	10.00	0.03966463
-1.513663	10.00	-17.07837	0	0.00	0.008015157	5.720515	10.00	0.03966295
-1.513663	10.00	-17.07035	0	0.00	0.008021091	5.621936	10.00	0.03966163
-1.513663	10.00	-17.0623	0	0.00	0.008046636	5.544844	10.00	0.03967357
-1.513663	10.00	-17.05601	0	0.00	0.006293224	5.471469	10.00	0.0396883
-1.513663	10.00	-17.05002	0	0.00	0.005990123	5.376752	10.00	0.03970076
-1.513663	10.00	-17.04229	0	0.00	0.007732526	5.278347	10.00	0.03971621
-1.513663	10.00	-17.03425	0	0.00	0.008032789	5.180566	10.00	0.03974262
-1.513663	10.00	-17.02627	0	0.00	0.007981785	5.081392	10.00	0.03977288
-1.513663	10.00	-17.01818	0	0.00	0.008095404	4.982698	10.00	0.03980134
-1.513663	10.00	-17.01012	0	0.00	0.008056098	4.884183	10.00	0.0398311
-1.513663	10.00	-17.00208	0	0.00	0.008041477	4.786191	10.00	0.0398375
-1.513663	10.00	-16.99408	0	0.00	0.00799959	4.688004	10.00	0.0398433
-1.513663	10.00	-16.98606	0	0.00	0.008015329	4.589562	10.00	0.03984275
-1.513663	10.00	-16.97803	0	0.00	0.008035714	4.511493	10.00	0.03984495
-1.513663	10.00	-16.97165	0	0.00	0.006372182	4.39276	10.00	0.03985348
-1.513663	10.00	-16.96196	0	0.00	0.009690816	4.315037	10.00	0.03986823
-1.513663	10.00	-16.95562	0	0.00	0.006343885	4.196866	10.00	0.03988427
-1.513663	10.00	-16.9429	0	0.00	0.01271918	4.121078	10.00	0.0398927
-1.513663	10.00	-16.93376	0	0.00	0.009143279	4.000313	10.00	0.03990514
-1.513663	10.00	-16.91919	0	0.00	0.01456873	3.927206	10.00	0.03990139
-1.513663	10.00	-16.91037	0	0.00	0.008818713	3.852551	10.00	0.03990649
-1.513663	10.00	-16.90137	0	0.00	0.009005596	3.753179	10.00	0.03991265
-1.513663	10.00	-16.88938	0	0.00	0.01198695	3.655647	10.00	0.03991796
-1.513663	10.00	-16.87761	0	0.00	0.01176485	3.556607	10.00	0.03992235
-1.513663	10.00	-16.86567	0	0.00	0.01194652	3.458647	10.00	0.03992575
-1.513663	10.00	-16.85385	0	0.00	0.01181634	3.36036	10.00	0.03992698
-1.513663	10.00	-16.842	0	0.00	0.01185499	3.261067	10.00	0.03992703
-1.513663	10.00	-16.83002	0	0.00	0.01197589	3.162406	10.00	0.03992465
-1.513663	10.00	-16.81812	0	0.00	0.01189999	3.08784	10.00	0.03991605
-1.513663	10.00	-16.80912	0	0.00	0.008997587	2.966701	10.00	0.03990042
-1.513663	10.00	-16.7945	0	0.00	0.01461768	2.891437	10.00	0.03989641
-1.513663	10.00	-16.78541	0	0.00	0.009089503	2.81428	10.00	0.03994402
-1.513663	10.00	-16.77609	0	0.00	0.009321009	2.719844	10.00	0.04002022
-1.513663	10.00	-16.76468	0	0.00	0.01141257	2.622888	10.00	0.04007958
-1.513663	10.00	-16.75295	0	0.00	0.0117262	2.524154	10.00	0.04014191
-1.513663	10.00	-16.74101	0	0.00	0.01194411	2.42629	10.00	0.04017162
-1.513663	10.00	-16.72917	0	0.00	0.01184126	2.328527	10.00	0.04021457
-1.513663	10.00	-16.71735	0	0.00	0.0118227	2.228658	10.00	0.04023691
-1.513663	10.00	-16.70528	0	0.00	0.01206806	2.130879	10.00	0.04024347
-1.513663	10.00	-16.69348	0	0.00	0.01180286	2.032029	10.00	0.04024334
-1.513663	10.00	-16.67641	0	0.00	0.01706664	1.934096	10.00	0.04025506
-1.513663	10.00	-16.65568	0	0.00	0.02072764	1.835132	10.00	0.04026284
-1.513663	10.00	-16.63087	0	0.00	0.02480573	1.73642	10.00	0.04027424
-1.513663	10.00	-16.60613	0	0.00	0.02474232	1.655629	10.00	0.04027776
-1.513663	10.00	-16.58588	0	0.00	0.02025039	1.540152	10.00	0.04026704
-1.513663	10.00	-16.54793	0	0.00	0.0379509	1.46569	10.00	0.04025771
-1.513663	10.00	-16.52249	0	0.00	0.02544446	1.343648	10.00	0.04024073
-1.513663	10.00	-16.48079	0	0.00	0.04170226	1.271389	10.00	0.04023009
-1.513663	10.00	-16.45609	0	0.00	0.02469139	1.192669	10.00	0.04021724
-1.513663	10.00	-16.4292	0	0.00	0.02689801	1.096925	10.00	0.04019733
-1.513663	10.00	-16.39648	0	0.00	0.03271225	0.9990525	10.00	0.040169
-1.513663	10.00	-16.36305	0	0.00	0.03343326	0.9008313	10.00	0.04014227
-1.513663	10.00	-16.33971	0	0.00	0.02333668	0.8016935	10.00	0.04009518
-1.513663	10.00	-16.3342	0	0.00	0.005509512	0.7041464	10.00	0.04004788
-1.513663	10.00	-16.3342	0	0.00	0	0.630397	10.00	0.04000185
-1.513663	10.00	-16.3342	0	0.00	0	0.5560888	10.00	0.03995691
-1.513663	10.00	-16.3342	0	0.00	0	0.4572329	10.00	0.03989236
-1.513663	10.00	-16.3342	0	0.00	0	0.3591851	10.00	0.03982755
-1.513663	10.00	-16.3342	0	0.00	0	0.2609526	10.00	0.03976272
-1.513663	10.00	-16.3342	0	0.00	0	0.1621987	10.00	0.03969667
-1.513663	10.00	-16.3342	0	0.00	0	0.06380877	10.00	0.03962603
-1.513663	10.00	-16.3342	0	0.00	0	-0.03551644	10.00	0.03955375
-1.513663	10.00	-16.3342	0	0.00	0	-0.1134241	10.00	0.03950942
-1.513663	10.00	-16.3342	0	0.00	0	-0.189723	10.00	0.03947208
-1.513663	10.00	-16.3342	0	0.00	0	-0.2813639	10.00	0.03941746
-1.513663	10.00	-16.3342	0	0.00	0	-0.3792139	10.00	0.03935353
-1.513663	10.00	-16.3342	0	0.00	0	-0.4767056	10.00	0.03928801
-1.513663	10.00	-16.3342	0	0.00	0	-0.57587	10.00	0.03923173
-1.513663	10.00	-16.3342	0	0.00	0	-0.6738157	10.00	0.0391649
-1.513663	10.00	-16.3342	0	0.00	0	-0.7720755	10.00	0.03911071
-1.513663	10.00	-16.3342	0	0.00	0	-0.869603	10.00	0.03906259
-1.513663	10.00	-16.3342	0	0.00	0	-0.968915	10.00	0.03901574
-1.513663	10.00	-16.3342	0	0.00	0	-1.06876	10.00	0.03895277
-1.513663	10.00	-16.3342	0	0.00	0	-1.143634	10.00	0.03891324
-1.513663	10.00	-16.3342	0	0.00	0	-1.262416	10.00	0.03888636
-1.513663	10.00	-16.32757	0	0.00	0.006630999	-1.332436	10.00	0.03884196
-1.513663	10.00	-16.32184	0	0.00	0.005734843	-1.409893	10.00	0.03879936
-1.513663	10.00	-16.31348	0	0.00	0.008362099	-1.507629	10.00	0.03874365
-1.513663	10.00	-16.30166	0	0.00	0.01182003	-1.606229	10.00	0.03869868
-1.513663	10.00	-16.28974	0	0.00	0.01191906	-1.704224	10.00	0.03866588
-1.513663	10.00	-16.27407	0	0.00	0.01566997	-1.801525	10.00	0.0386218
-1.513663	10.00	-16.25852	0	0.00	0.01554647	-1.899861	10.00	0.03857468
-1.513663	10.00	-16.24282	0	0.00	0.01570261	-1.99973	10.00	0.03852946
-1.513663	10.00	-16.22688	0	0.00	0.01594018	-2.098296	10.00	0.03848727
-1.513663	10.00	-16.21115	0	0.00	0.01573172	-2.19683	10.00	0.03844372
-1.513663	10.00	-16.19542	0	0.00	0.015726	-2.295335	10.00	0.03839897
-1.513663	10.00	-16.18226	0	0.00	0.01315977	-2.373018	10.00	0.03836284
-1.513663	10.00	-16.17188	0	0.00	0.0103785	-2.491524	10.00	0.03830672
-1.513663	10.00	-16.15605	0	0.00	0.01583105	-2.568123	10.00	0.03826965
-1.513663	10.00	-16.14582	0	0.00	0.01023316	-2.642837	10.00	0.03823903
-1.513663	10.00	-16.14166	0	0.00	0.004152936	-2.737836	10.00	0.03819581
-1.513663	10.00	-16.14166	0	0.00	0	-2.83496	10.00	0.03815067
-1.513663	10.00	-16.14166	0	0.00	0	-2.93434	10.00	0.03810657
-1.513663	10.00	-16.14166	0	0.00	0	-3.03345	10.00	0.0380377
-1.513663	10.00	-16.14166	0	0.00	0	-3.132429	10.00	0.03795107
-1.513663	10.00	-16.14166	0	0.00	0	-3.20064	10.00	0.03789678
-1.513663	10.00	-16.14166	0	0.00	0	-3.2781	10.00	0.03784695
-1.513663	10.00	-16.14166	0	0.00	0	-3.377129	10.00	0.03778254
-1.513663	10.00	-16.14166	0	0.00	0	-3.474847	10.00	0.03771852
-1.513663	10.00	-16.14166	0	0.00	0	-3.573295	10.00	0.03765342
-1.513663	10.00	-16.14166	0	0.00	0	-3.672794	10.00	0.0375894
-1.513663	10.00	-16.14166	0	0.00	0	-3.77164	10.00	0.03752438
-1.513663	10.00	-16.14166	0	0.00	0	-3.870567	10.00	0.0374547
-1.513663	10.00	-16.14166	0	0.00	0	-3.942959	10.00	0.03740309
-1.513663	10.00	-16.14166	0	0.00	0	-4.01721	10.00	0.03734974
-1.513663	10.00	-16.14166	0	0.00	0	-4.11653	10.00	0.03728312
-1.513663	10.00	-16.14166	0	0.00	0	-4.21411	10.00	0.0372173
-1.513663	10.00	-16.14166	0	0.00	0	-4.312599	10.00	0.03716074
-1.513663	10.00	-16.14166	0	0.00	0	-4.411434	10.00	0.03711286
-1.513663	10.00	-16.14166	0	0.00	0	-4.510145	10.00	0.03707241
-1.513663	10.00	-16.14166	0	0.00	0	-4.608066	10.00	0.0370312
-1.513663	10.00	-16.14166	0	0.00	0	-4.69131	10.00	0.03699513
-1.513663	10.00	-16.14166	0	0.00	0	-4.806375	10.00	0.03694432
-1.513663	10.00	-16.14166	0	0.00	0	-4.889419	10.00	0.03690643
-1.513663	10.00	-16.14166	0	0.00	0	-5.001921	10.00	0.0368409
-1.513663	10.00	-16.14166	0	0.00	0	-5.078919	10.00	0.03679691
-1.513663	10.00	-16.14166	0	0.00	0	-5.155855	10.00	0.0367487
-1.513663	10.00	-16.14166	0	0.00	0	-5.247922	10.00	0.03669498
-1.513663	10.00	-16.14166	0	0.00	0	-5.346324	10.00	0.03663681
-1.513663	10.00	-16.14166	0	0.00	0	-5.44401	10.00	0.03657813
-1.513663	10.00	-16.14166	0	0.00	0	-5.555155	10.00	0.03651579
-1.513663	10.00	-16.14166	0	0.00	0	-5.641932	10.00	0.03646627
-1.513663	10.00	-16.14166	0	0.00	0	-5.740788	10.00	0.03640857
-1.513663	10.00	-16.14166	0	0.00	0	-5.839161	10.00	0.03635013
-1.513663	10.00	-16.14166	0	0.00	0	-5.93801	10.00	0.03629048
-1.513663	10.00	-16.14166	0	0.00	0	-6.015435	10.00	0.03623487
-1.513663	10.00	-16.14166	0	0.00	0	-6.095813	10.00	0.03617126
-1.513663	10.00	-16.14166	0	0.00	0	-6.183904	10.00	0.03610059
-1.513663	10.00	-16.14166	0	0.00	0	-6.282091	10.00	0.03600667
-1.513663	10.00	-16.14166	0	0.00	0	-6.38086	10.00	0.03591085
-1.513663	10.00	-16.14166	0	0.00	0	-6.478211	10.00	0.0358268
-1.513663	10.00	-16.14166	0	0.00	0	-6.576633	10.00	0.03574808
-1.513663	10.00	-16.14166	0	0.00	0	-6.675111	10.00	0.03566742
-1.513663	10.00	-16.14166	0	0.00	0	-6.774571	10.00	0.03558391
-1.513663	10.00	-16.14166	0	0.00	0	-6.873945	10.00	0.0354986
-1.513663	10.00	-16.14166	0	0.00	0	-6.951505	10.00	0.0354307
-1.513663	10.00	-16.14166	0	0.00	0	-7.02471	10.00	0.0353635
-1.513663	10.00	-16.14166	0	0.00	0	-7.118324	10.00	0.03528416
-1.513663	10.00	-16.14166	0	0.00	0	-7.216741	10.00	0.03519866
-1.513663	10.00	-16.14166	0	0.00	0	-7.314979	10.00	0.03511051
-1.513663	10.00	-16.14166	0	0.00	0	-7.4136	10.00	0.03502603
-1.513663	10.00	-16.14166	0	0.00	0	-7.512062	10.00	0.03494024
-1.513663	10.00	-16.14166	0	0.00	0	-7.61057	10.00	0.03486713
-1.513663	10.00	-16.14166	0	0.00	0	-7.709755	10.00	0.03478537
-1.513663	10.00	-16.14166	0	0.00	0	-7.808063	10.00	0.03469024
-1.513663	10.00	-16.14166	0	0.00	0	-7.907709	10.00	0.03458105
-1.513663	10.00	-16.14166	0	0.00	0	-8.005411	10.00	0.03447398
-1.513663	10.00	-16.14166	0	0.00	0	-8.103402	10.00	0.03436032
-1.513663	10.00	-16.14166	0	0.00	0	-8.201573	10.00	0.03424734
-1.513663	10.00	-16.14166	0	0.00	0	-8.299394	10.00	0.03413553
-1.513663	10.00	-16.14166	0	0.00	0	-8.39831	10.00	0.03402975
-1.513663	10.00	-16.14166	0	0.00	0	-8.496372	10.00	0.03390775
-1.513663	10.00	-16.14166	0	0.00	0	-8.595561	10.00	0.03384231
-1.513663	10.00	-16.14166	0	0.00	0	-8.693241	10.00	0.03377596
-1.513663	10.00	-16.14166	0	0.00	0	-8.791684	10.00	0.03369148
-1.513663	10.00	-16.14166	0	0.00	0	-8.891587	10.00	0.0336077
-1.513663	10.00	-16.14166	0	0.00	0	-8.990271	10.00	0.03352153
-1.513663	10.00	-16.14166	0	0.00	0	-9.087794	10.00	0.03343469
-1.513663	10.00	-16.11849	0	0.00	0.02317236	-9.186893	10.00	0.03335097
-1.513663	10.00	-16.05113	0	0.00	0.06736354	-9.28578	10.00	0.03326566
-1.51331	10.00	-15.93119	0.0003535998	0.00	0.1199343	-9.384111	10.00	0.03317864
-1.49378	10.00	-15.79916	0.01952922	0.00	0.1320379	-9.481824	10.00	0.0330906
-1.469291	10.00	-15.66794	0.02448975	0.00	0.1312155	-9.580778	10.00	0.03300527
-1.445777	10.00	-15.53506	0.02351378	0.00	0.1328802	-9.67919	10.00	0.03291846
-1.422392	10.00	-15.40291	0.02338528	0.00	0.132154	-9.777443	10.00	0.03283751
-1.4016	10.00	-15.27097	0.02079188	0.00	0.1319374	-9.875705	10.00	0.032749
-1.384642	10.00	-15.13905	0.01695728	0.00	0.1319219	-9.953186	10.00	0.03267954
-1.372279	10.00	-15.03805	0.01236315	0.00	0.100995	-10.07142	10.00	0.03257073
-1.372279	10.00	-14.92541	0	0.00	0.1126402	-10.14699	10.00	0.0325028
-1.372279	10.00	-14.88286	0	0.00	0.04255483	-10.26923	10.00	0.03241016
-1.372279	10.00	-14.82831	0	0.00	0.054546	-10.34361	10.00	0.03237797
-1.372279	10.00	-14.79608	0	0.00	0.03223368	-10.41692	10.00	0.03233537
-1.372279	10.00	-14.74325	0	0.00	0.05282771	-10.51459	10.00	0.03229261
-1.372279	10.00	-14.61933	0	0.00	0.1239176	-10.61162	10.00	0.03223135
-1.372279	10.00	-14.48851	0	0.00	0.1308262	-10.70935	10.00	0.03215781
-1.372279	10.00	-14.35644	0	0.00	0.1320691	-10.80709	10.00	0.03209727
-1.372279	10.00	-14.22412	0	0.00	0.1323126	-10.90529	10.00	0.03206051
-1.372279	10.00	-14.09097	0	0.00	0.1331548	-11.00255	10.00	0.03215152
-1.372279	10.00	-13.95893	0	0.00	0.1320422	-11.10013	10.00	0.03226023
-1.370642	10.00	-13.82633	0.001637002	0.00	0.1325971	-11.19755	10.00	0.03240751
-1.362596	10.00	-13.69391	0.008046034	0.00	0.132423	-11.29456	10.00	0.03257927
-1.353301	10.00	-13.56196	0.009294965	0.00	0.1319502	-11.39173	10.00	0.03277342
-1.343994	10.00	-13.42984	0.009306832	0.00	0.1321186	-11.48842	10.00	0.03291664
-1.336003	10.00	-13.29831	0.00799159	0.00	0.1315269	-11.58549	10.00	0.03301432
-1.327978	10.00	-13.16624	0.008024876	0.00	0.1320747	-11.68343	10.00	0.03308617
-1.319879	10.00	-13.03294	0.008098845	0.00	0.1332921	-11.78061	10.00	0.033127
-1.311843	10.00	-12.90068	0.008036573	0.00	0.1322673	-11.87786	10.00	0.03312273
-1.303795	10.00	-12.76822	0.008047926	0.00	0.1324541	-11.97412	10.00	0.03314587
-1.295811	10.00	-12.63682	0.007984107	0.00	0.1314038	-12.04937	10.00	0.0331748
-1.289567	10.00	-12.53407	0.006243167	0.00	0.1027511	-12.16707	10.00	0.03326422
-1.279798	10.00	-12.37328	0.009769257	0.00	0.1607841	-12.24313	10.00	0.03331872
-1.27348	10.00	-12.26929	0.006318426	0.00	0.1039897	-12.36134	10.00	0.03340404
-1.263654	10.00	-12.10759	0.009825422	0.00	0.1617084	-12.43212	10.00	0.0335031
-1.257767	10.00	-12.01069	0.005887684	0.00	0.09690049	-12.50732	10.00	0.03361651
-1.251507	10.00	-11.90766	0.006259766	0.00	0.1030243	-12.6023	10.00	0.03375569
-1.243602	10.00	-11.77757	0.007904719	0.00	0.1300972	-12.69785	10.00	0.03390092
-1.235644	10.00	-11.64659	0.007958046	0.00	0.1309748	-12.79425	10.00	0.03399878
-1.227615	10.00	-11.51445	0.008028919	0.00	0.1321413	-12.89054	10.00	0.03407669
-1.219582	10.00	-11.38224	0.008033133	0.00	0.1322106	-12.98762	10.00	0.03422057
-1.211484	10.00	-11.24896	0.008098243	0.00	0.1332822	-13.08342	10.00	0.0343573
-1.203493	10.00	-11.11745	0.007990385	0.00	0.1315071	-13.17976	10.00	0.03450067
-1.195441	10.00	-10.98492	0.008052313	0.00	0.1325263	-13.27539	10.00	0.03467209
-1.18744	10.00	-10.85323	0.008001481	0.00	0.1316897	-13.37184	10.00	0.03468169
-1.179354	10.00	-10.72016	0.008085599	0.00	0.1330741	-13.46734	10.00	0.03461359
-1.17135	10.00	-10.58842	0.008004234	0.00	0.131735	-13.56273	10.00	0.03451113
-1.163355	10.00	-10.45684	0.007995031	0.00	0.1315835	-13.65908	10.00	0.03438795
-1.156575	10.00	-10.3241	0.006779994	0.00	0.1327401	-13.75465	10.00	0.0342805
-1.14985	10.00	-10.19244	0.006724682	0.00	0.1316572	-13.85056	10.00	0.03417349
-1.143101	10.00	-10.06031	0.006748976	0.00	0.1321328	-13.94723	10.00	0.03406256
-1.136303	10.00	-9.92721	0.006798359	0.00	0.1330996	-14.04399	10.00	0.03384353
-1.129514	10.00	-9.794291	0.006789105	0.00	0.1329184	-14.13916	10.00	0.03358867
-1.122848	10.00	-9.663784	0.006665972	0.00	0.1305077	-14.23653	10.00	0.03331545
-1.116029	10.00	-9.530293	0.006818388	0.00	0.1334917	-14.33352	10.00	0.03302706
-1.114389	10.00	-9.397449	0.001640043	0.00	0.1328434	-14.4297	10.00	0.03271452
-1.114389	10.00	-9.265727	0	0.00	0.1317223	-14.52594	10.00	0.03237137
-1.114389	10.00	-9.133748	0	0.00	0.1319785	-14.6215	10.00	0.03197314
-1.114389	10.00	-9.002709	0	0.00	0.1310385	-14.71807	10.00	0.03152611
-1.114389	10.00	-8.87038	0	0.00	0.1323296	-14.81537	10.00	0.03081673
-1.114389	10.00	-8.737224	0	0.00	0.1331562	-14.91215	10.00	0.03000401
-1.114389	10.00	-8.604679	0	0.00	0.1325447	-14.98833	10.00	0.02927259
-1.114389	10.00	-8.500278	0	0.00	0.1044016	-15.10426	10.00	0.028156
-1.114389	10.00	-8.341481	0	0.00	0.1587966	-15.17879	10.00	0.02744616
-1.114389	10.00	-8.239378	0	0.00	0.1021027	-15.29711	10.00	0.02636147
-1.114389	10.00	-8.0776	0	0.00	0.1617778	-15.37472	10.00	0.0257434
-1.114389	10.00	-7.971455	0	0.00	0.1061456	-15.49144	10.00	0.02481272
-1.114389	10.00	-7.811841	0	0.00	0.1596134	-15.56601	10.00	0.02421062
-1.114389	10.00	-7.709777	0	0.00	0.1020645	-15.64086	10.00	0.02364854
-1.114389	10.00	-7.60725	0	0.00	0.1025274	-15.73372	10.00	0.02295173
-1.114389	10.00	-7.480019	0	0.00	0.1272306	-15.82808	10.00	0.02222231
-1.114389	10.00	-7.350772	0	0.00	0.1292464	-15.92547	10.00	0.02147269
-1.114389	10.00	-7.2171	0	0.00	0.1336729	-16.02152	10.00	0.02074652
-1.114389	10.00	-7.08491	0	0.00	0.1321894	-16.11679	10.00	0.02006312
-1.114389	10.00	-6.953308	0	0.00	0.1316019	-16.21297	10.00	0.01944435
-1.114389	10.00	-6.819945	0	0.00	0.1333629	-16.3069	10.00	0.01887063
-1.114389	10.00	-6.689695	0	0.00	0.1302501	-16.40297	10.00	0.01825525
-1.114389	10.00	-6.556402	0	0.00	0.1332936	-16.47895	10.00	0.01781199
-1.114389	10.00	-6.45123	0	0.00	0.1051717	-16.5946	10.00	0.01727447
-1.114389	10.00	-6.291217	0	0.00	0.1600126	-16.6714	10.00	0.01692354
-1.114389	10.00	-6.185008	0	0.00	0.1062093	-16.78534	10.00	0.01631188
-1.114389	10.00	-6.027334	0	0.00	0.157674	-16.85538	10.00	0.01592528
-1.114389	10.00	-5.930342	0	0.00	0.0969925	-16.92826	10.00	0.01545793
-1.114389	10.00	-5.829659	0	0.00	0.1006829	-17.02457	10.00	0.0147919
-1.114389	10.00	-5.696358	0	0.00	0.1333006	-17.11944	10.00	0.01410914
-1.114389	10.00	-5.564913	0	0.00	0.1314448	-17.21404	10.00	0.01348419
-1.114389	10.00	-5.433423	0	0.00	0.1314901	-17.30833	10.00	0.01268658
-1.114389	10.00	-5.30168	0	0.00	0.1317435	-17.40291	10.00	0.01235092
-1.114389	10.00	-5.169332	0	0.00	0.132348	-17.49963	10.00	0.01188774
-1.114389	10.00	-5.033535	0	0.00	0.1357963	-17.5918	10.00	0.01187639
-1.114389	10.00	-4.903703	0	0.00	0.1298325	-17.68459	10.00	0.01177195
-1.114389	10.00	-4.771939	0	0.00	0.1317633	-17.77726	10.00	0.01189867
-1.114389	10.00	-4.639062	0	0.00	0.1328774	-17.86708	10.00	0.01234281
-1.114389	10.00	-4.508645	0	0.00	0.1304171	-17.95824	10.00	0.01290559
-1.114389	10.00	-4.373934	0	0.00	0.1347106	-18.02875	10.00	0.01361234
-1.114389	10.00	-4.267766	0	0.00	0.1061683	-18.13088	10.00	0.01489262
-1.114389	10.00	-4.111778	0	0.00	0.1559881	-18.19716	10.00	0.01577714
-1.114389	10.00	-4.008209	0	0.00	0.1035693	-18.29718	10.00	0.01726385
-1.114389	10.00	-3.847967	0	0.00	0.1602419	-18.3597	10.00	0.01814934
-1.114389	10.00	-3.744626	0	0.00	0.1033414	-18.45459	10.00	0.01918566
-1.114389	10.00	-3.583251	0	0.00	0.1613744	-18.5145	10.00	0.01975154
-1.114389	10.00	-3.47736	0	0.00	0.1058908	-18.601	10.00	0.02049096
-1.114389	10.00	-3.31877	0	0.00	0.1585899	-18.65482	10.00	0.02089432
-1.114389	10.00	-3.215571	0	0.00	0.1031998	-18.70779	10.00	0.02137928
-1.114389	10.00	-3.110013	0	0.00	0.1055582	-18.76629	10.00	0.02181007
-1.114389	10.00	-2.988458	0	0.00	0.1215542	-18.82774	10.00	0.02201822
-1.114389	10.00	-2.855105	0	0.00	0.133353	-18.88583	10.00	0.02199438
-1.114389	10.00	-2.723035	0	0.00	0.1320705	-18.94138	10.00	0.02268868
-1.114389	10.00	-2.590589	0	0.00	0.1324456	-18.99344	10.00	0.02347917
-1.114389	10.00	-2.459712	0	0.00	0.1308772	-19.04449	10.00	0.02442035
-1.114389	10.00	-2.325245	0	0.00	0.1344671	-19.07968	10.00	0.02520794
-1.114389	10.00	-2.227325	0	0.00	0.0979197	-19.11372	10.00	0.02591211
-1.114389	10.00	-2.128105	0	0.00	0.09922062	-19.15654	10.00	0.02680887
-1.114389	10.00	-1.997063	0	0.00	0.1310414	-19.19708	10.00	0.02797493
-1.114389	10.00	-1.865017	0	0.00	0.1320464	-19.2365	10.00	0.02936423
-1.114389	10.00	-1.730694	0	0.00	0.1343227	-19.27352	10.00	0.03043794
-1.114389	10.00	-1.599193	0	0.00	0.1315014	-19.30872	10.00	0.03189141
-1.114389	10.00	-1.466311	0	0.00	0.1328816	-19.3346	10.00	0.03250119
-1.114389	10.00	-1.362636	0	0.00	0.1036754	-19.35835	10.00	0.03305685
-1.114389	10.00	-1.263067	0	0.00	0.09956885	-19.38728	10.00	0.03367587
-1.114389	10.00	-1.136232	0	0.00	0.1268343	-19.41632	10.00	0.03415931
-1.114389	10.00	-1.004257	0	0.00	0.1319757	-19.44379	10.00	0.03467883
-1.114389	10.00	-0.8722444	0	0.00	0.1320125	-19.46995	10.00	0.03514601
-1.114389	10.00	-0.7394548	0	0.00	0.1327896	-19.49502	10.00	0.03540782
-1.114389	10.00	-0.6080468	0	0.00	0.131408	-19.51891	10.00	0.03532474
-1.114389	10.00	-0.4758659	0	0.00	0.1321809	-19.54141	10.00	0.03542548
-1.114389	10.00	-0.3450425	0	0.00	0.1308234	-19.56353	10.00	0.035065
-1.114389	10.00	-0.2113937	0	0.00	0.1336489	-19.58467	10.00	0.03483604
-1.114389	10.00	-0.07911789	0	0.00	0.1322758	-19.60527	10.00	0.03445242
-1.114389	10.00	0.05336877	0	0.00	0.1324867	-19.62105	10.00	0.03413987
-1.114389	10.00	0.1584046	0	0.00	0.1050358	-19.64402	10.00	0.03305898
-1.114389	10.00	0.3177263	0	0.00	0.1593218	-19.65853	10.00	0.03240465
-1.114389	10.00	0.421423	0	0.00	0.1036967	-19.67945	10.00	0.03091487
-1.114389	10.00	0.5808226	0	0.00	0.1593996	-19.69188	10.00	0.03017593
-1.114389	10.00	0.6783205	0	0.00	0.09749786	-19.70416	10.00	0.0294659
-1.114389	10.00	0.7798443	0	0.00	0.1015238	-19.71981	10.00	0.02827141
-1.114389	10.00	0.9120436	0	0.00	0.1321993	-19.73496	10.00	0.0269418
-1.114389	10.00	1.043119	0	0.00	0.1310754	-19.74976	10.00	0.02597812
-1.114389	10.00	1.176394	0	0.00	0.1332752	-19.76381	10.00	0.02492377
-1.114389	10.00	1.309417	0	0.00	0.1330232	-19.77719	10.00	0.02399454
-1.114389	10.00	1.439769	0	0.00	0.130352	-19.79025	10.00	0.0233199
-1.114389	10.00	1.573168	0	0.00	0.1333983	-19.80265	10.00	0.02244616
-1.114389	10.00	1.70484	0	0.00	0.1316727	-19.81186	10.00	0.02176595
-1.114389	10.00	1.808008	0	0.00	0.1031673	-19.82059	10.00	0.02123464
-1.114389	10.00	1.909778	0	0.00	0.1017701	-19.83086	10.00	0.02065082
-1.114389	10.00	2.035462	0	0.00	0.1256848	-19.84126	10.00	0.01988831
-1.114389	10.00	2.16772	0	0.00	0.1322574	-19.85124	10.00	0.01930203
-1.114389	10.00	2.300433	0	0.00	0.1327132	-19.86071	10.00	0.01842384
-1.114389	10.00	2.432247	0	0.00	0.1318143	-19.86986	10.00	0.01772789
-1.114389	10.00	2.565042	0	0.00	0.1327953	-19.87672	10.00	0.01692794
-1.114389	10.00	2.671017	0	0.00	0.1059743	-19.88626	10.00	0.01604145
-1.114389	10.00	2.828361	0	0.00	0.1573442	-19.89198	10.00	0.01541123
-1.114389	10.00	2.931286	0	0.00	0.1029252	-19.90071	10.00	0.01432106
-1.114389	10.00	3.091718	0	0.00	0.1604316	-19.90614	10.00	0.01367972
-1.114389	10.00	3.191757	0	0.00	0.1000388	-19.91145	10.00	0.01301468
-1.114389	10.00	3.296641	0	0.00	0.1048843	-19.91773	10.00	0.01220069
-1.114389	10.00	3.424642	0	0.00	0.1280007	-19.92387	10.00	0.01134115
-1.114389	10.00	3.555854	0	0.00	0.1312127	-19.9296	10.00	0.010671
-1.114389	10.00	3.68813	0	0.00	0.1322758	-19.93521	10.00	0.01006849
-1.114389	10.00	3.820414	0	0.00	0.1322843	-19.9404	10.00	0.009358237
-1.114389	10.00	3.950904	0	0.00	0.1304893	-19.94534	10.00	0.00867851
-1.114389	10.00	4.083286	0	0.00	0.1323819	-19.9497	10.00	0.008035189
-1.114389	10.00	4.215401	0	0.00	0.1321158	-19.95397	10.00	0.007384893
-1.114389	10.00	4.347725	0	0.00	0.1323239	-19.95778	10.00	0.006673096
-1.114389	10.00	4.479879	0	0.00	0.132154	-19.96141	10.00	0.006092021
-1.114389	10.00	4.613746	0	0.00	0.1338669	-19.96474	10.00	0.005540759
-1.114389	10.00	4.745501	0	0.00	0.1317548	-19.96784	10.00	0.005168466
-1.114389	10.00	4.87857	0	0.00	0.1330685	-19.97007	10.00	0.004779852
-1.114389	10.00	4.976645	0	0.00	0.09807542	-19.97205	10.00	0.004443195
-1.114389	10.00	5.076136	0	0.00	0.09949099	-19.97433	10.00	0.004054912
-1.114389	10.00	5.208637	0	0.00	0.1325008	-19.97658	10.00	0.003735422
-1.114389	10.00	5.340314	0	0.00	0.131677	-19.97883	10.00	0.003299857
-1.114389	10.00	5.473301	0	0.00	0.1329878	-19.9809	10.00	0.002932856
-1.114389	10.00	5.604777	0	0.00	0.131476	-19.98274	10.00	0.002660258
-1.114389	10.00	5.737542	0	0.00	0.1327641	-19.98431	10.00	0.002280105
-1.114389	10.00	5.869288	0	0.00	0.1317463	-19.98588	10.00	0.001891897
-1.114389	10.00	6.001902	0	0.00	0.1326141	-19.98728	10.00	0.001663868
-1.114389	10.00	6.134734	0	0.00	0.1328321	-19.98859	10.00	0.001485135
-1.114389	10.00	6.267171	0	0.00	0.1324371	-19.98955	10.00	0.001284153
-1.114389	10.00	6.365322	0	0.00	0.09815044	-19.99056	10.00	0.001104338
-1.114389	10.00	6.466537	0	0.00	0.1012152	-19.99169	10.00	0.0009486381
-1.114389	10.00	6.594969	0	0.00	0.1284325	-19.99267	10.00	0.0008173042
-1.114389	10.00	6.728308	0	0.00	0.1333389	-19.99364	10.00	0.0006951723
-1.114389	10.00	6.860918	0	0.00	0.1326098	-19.99454	10.00	0.000587998
-1.114389	10.00	6.992575	0	0.00	0.1316572	-19.99531	10.00	0.0005464453
-1.114389	10.00	7.126382	0	0.00	0.1338074	-19.99583	10.00	0.0004677519
-1.114389	10.00	7.224591	0	0.00	0.09820848	-19.99632	10.00	0.0004219274
-1.114389	10.00	7.322628	0	0.00	0.0980372	-19.99686	10.00	0.0003973265
-1.114389	10.00	7.455756	0	0.00	0.1331279	-19.99732	10.00	0.0003235169
-1.114389	10.00	7.587171	0	0.00	0.1314151	-19.99772	10.00	0.0002701862
-1.114389	10.00	7.719586	0	0.00	0.1324145	-19.99812	10.00	0.0002357329
-1.114389	10.00	7.851635	0	0.00	0.1320493	-19.99852	10.00	0.0001694087
-1.114389	10.00	7.986948	0	0.00	0.1353136	-19.99871	10.00	0.0001477295
-1.114389	10.00	8.11808	0	0.00	0.131132	-19.99887	10.00	0.0001848909
-1.114389	10.00	8.247028	0	0.00	0.1289477	-19.99901	10.00	0.0001517879
-1.114389	10.00	8.380289	0	0.00	0.133261	-19.99913	10.00	0.0001213598
-1.114389	10.00	8.513201	0	0.00	0.1329114	-19.99931	10.00	0.0001250525
-1.114389	10.00	8.645675	0	0.00	0.1324739	-19.99952	10.00	7.376095E-05
-1.114389	10.00	8.777187	0	0.00	0.1315128	-19.99961	10.00	6.416398E-05
-1.114389	10.00	8.87997	0	0.00	0.1027822	-19.99967	10.00	5.904345E-05
-1.114389	10.00	9.041419	0	0.00	0.1614494	-19.99975	10.00	1.598035E-05
-1.114389	10.00	9.140279	0	0.00	0.09885965	-19.9998	10.00	1.037193E-05
-1.114389	10.00	9.239368	0	0.00	0.09909038	-19.99986	10.00	7.355583E-06
-1.114389	10.00	9.371993	0	0.00	0.132624	-19.99989	10.00	-2.961505E-05
-1.114389	10.00	9.504122	0	0.00	0.1321285	-19.99991	10.00	-3.329715E-05
-1.114389	10.00	9.636299	0	0.00	0.1321781	-19.99991	10.00	-3.207475E-05
-1.114389	10.00	9.769413	0	0.00	0.1331138	-19.99994	10.00	1.377905E-05
-1.114389	10.00	9.901338	0	0.00	0.1319247	-19.99993	10.00	2.891837E-05
-1.114389	10.00	10.03508	0	0.00	0.1337451	-19.99992	10.00	2.709775E-05
-1.114389	10.00	10.13058	0	0.00	0.09550048	-19.99991	10.00	2.636874E-05
-1.114389	10.00	10.23078	0	0.00	0.1002002	-19.99994	10.00	2.529021E-05
-1.114389	10.00	10.36444	0	0.00	0.1336545	-19.99992	10.00	1.871307E-05
-1.114389	10.00	10.49525	0	0.00	0.130812	-19.99992	10.00	1.657524E-05
-1.114389	10.00	10.6278	0	0.00	0.1325475	-19.99991	10.00	1.642189E-05
-1.114389	10.00	10.76007	0	0.00	0.1322743	-19.99996	10.00	1.627711E-05
-1.114389	10.00	10.89218	0	0.00	0.1321045	-19.99995	10.00	1.042901E-05
-1.114389	10.00	11.02523	0	0.00	0.1330487	-19.99994	10.00	1.025683E-05
-1.114389	10.00	11.12721	0	0.00	0.1019824	-19.99998	10.00	1.002647E-05
-1.114389	10.00	11.28758	0	0.00	0.160375	-19.99997	10.00	7.266124E-06
-1.114389	10.00	11.38552	0	0.00	0.09793669	-19.99996	10.00	6.507058E-06
-1.114389	10.00	11.48661	0	0.00	0.1010948	-19.99996	10.00	6.491102E-06
-1.114389	10.00	11.61979	0	0.00	0.1331718	-20	10.00	0
-1.114389	10.00	11.75002	0	0.00	0.1302288	-20	10.00	0
-1.114389	10.00	11.88308	0	0.00	0.1330671	-20	10.00	0
-1.114389	10.00	12.01426	0	0.00	0.1311758	-20	10.00	0
-1.114389	10.00	12.14829	0	0.00	0.1340339	-20	10.00	0
-1.114389	10.00	12.28231	0	0.00	0.1340226	-20	10.00	0
-1.114389	10.00	12.39702	0	0.00	0.1147056	-20	10.00	0
-1.114389	10.00	12.54463	0	0.00	0.1476093	-20	10.00	0
-1.114389	10.00	12.63981	0	0.00	0.09517915	-20	10.00	0
-1.114389	10.00	12.74137	0	0.00	0.101562	-20	10.00	0
-1.114389	10.00	12.87501	0	0.00	0.1336375	-20	10.00	0
-1.114389	10.00	13.00631	0	0.00	0.1313047	-20	10.00	0
-1.114389	10.00	13.13935	0	0.00	0.1330416	-20	10.00	0
-1.114389	10.00	13.27159	0	0.00	0.1322361	-20	10.00	0
-1.114389	10.00	13.40424	0	0.00	0.1326523	-20	10.00	0
-1.114389	10.00	13.53677	0	0.00	0.132532	-20	10.00	0
-1.114389	10.00	13.66885	0	0.00	0.1320747	-20	10.00	0
-1.114389	10.00	13.76961	0	0.00	0.1007579	-20	10.00	0
-1.114389	10.00	13.93108	0	0.00	0.1614749	-20	10.00	0
-1.114389	10.00	14.02895	0	0.00	0.09786732	-20	10.00	0
-1.114389	10.00	14.12922	0	0.00	0.1002696	-20	10.00	0
-1.114389	10.00	14.26163	0	0.00	0.1324102	-20	10.00	0
-1.114389	10.00	14.39486	0	0.00	0.1332327	-20	10.00	0
-1.114389	10.00	14.5274	0	0.00	0.1325419	-20	10.00	0
-1.114389	10.00	14.65905	0	0.00	0.1316416	-20	10.00	0
-1.114389	10.00	14.79173	0	0.00	0.1326891	-20	10.00	0
-1.114389	10.00	14.92429	0	0.00	0.1325518	-20	10.00	0
-1.114389	10.00	15.05713	0	0.00	0.1328477	-20	10.00	0
-1.114389	10.00	15.15366	0	0.00	0.09652395	-20	10.00	0
-1.114389	10.00	15.25404	0	0.00	0.1003786	-20	10.00	0
-1.114389	10.00	15.38676	0	0.00	0.1327231	-20	10.00	0
-1.114389	10.00	15.51858	0	0.00	0.1318242	-20	10.00	0
-1.114389	10.00	15.6496	0	0.00	0.1310201	-20	10.00	0
-1.114389	10.00	15.7829	0	0.00	0.1333006	-20	10.00	0
-1.114389	10.00	15.91611	0	0.00	0.133203	-20	10.00	0
-1.114389	10.00	16.01151	0	0.00	0.09540564	-20	10.00	0
-1.114389	10.00	16.11311	0	0.00	0.1015974	-20	10.00	0
-1.114389	10.00	16.24601	0	0.00	0.1328986	-20	10.00	0
-1.114389	10.00	16.37772	0	0.00	0.1317124	-20	10.00	0
-1.114389	10.00	16.5099	0	0.00	0.1321738	-20	10.00	0
-1.114389	10.00	16.64179	0	0.00	0.1318921	-20	10.00	0
-1.114389	10.00	16.77411	0	0.00	0.1323267	-20	10.00	0
-1.114389	10.00	16.90514	0	0.00	0.1310258	-20	10.00	0
-1.114389	10.00	17.03723	0	0.00	0.1320861	-20	10.00	0
-1.114389	10.00	17.1707	0	0.00	0.1334748	-20	10.00	0
-1.114389	10.00	17.27365	0	0.00	0.102945	-20	10.00	0
-1.114389	10.00	17.43468	0	0.00	0.1610389	-20	10.00	0
-1.114389	10.00	17.53027	0	0.00	0.09558117	-20	10.00	0
-1.114389	10.00	17.63317	0	0.00	0.1029068	-20	10.00	0
-1.114389	10.00	17.7655	0	0.00	0.1323267	-20	10.00	0
-1.114389	10.00	17.89762	0	0.00	0.1321243	-20	10.00	0
-1.114389	10.00	18.02902	0	0.00	0.1313967	-20	10.00	0
-1.112751	10.00	18.16167	0.001637719	0.00	0.1326551	-20	10.00	0
-1.10854	10.00	18.29449	0.00421158	0.00	0.1328094	-20	10.00	0
-1.104303	10.00	18.4281	0.004237033	0.00	0.1336121	-20	10.00	0
-1.10129	10.00	18.52312	0.003013331	0.00	0.09502343	-20	10.00	0
-1.097944	10.00	18.62862	0.003345697	0.00	0.1055044	-20	10.00	0
-1.093866	10.00	18.75722	0.004078033	0.00	0.1285981	-20	10.00	0
-1.089724	10.00	18.88784	0.004142225	0.00	0.1306224	-20	10.00	0
-1.085487	10.00	19.02144	0.004236494	0.00	0.1335951	-20	10.00	0
-1.081338	10.00	19.15229	0.004149542	0.00	0.1308531	-20	10.00	0
-1.077079	10.00	19.28658	0.004258491	0.00	0.1342887	-20	10.00	0
-1.074011	10.00	19.38333	0.003068052	0.00	0.09674902	-20	10.00	0
-1.070858	10.00	19.48277	0.003153209	0.00	0.09943437	-20	10.00	0
-1.066614	10.00	19.61658	0.004243631	0.00	0.1338201	-20	10.00	0
-1.062478	10.00	19.74702	0.0041363	0.00	0.1304355	-20	10.00	0
-1.058294	10.00	19.87896	0.004184018	0.00	0.1319403	-20	10.00	0
-1.054052	10.00	20.01272	0.004241567	0.00	0.133755	-20	10.00	0
-1.051095	10.00	20.14695	0.00295691	0.00	0.1342307	-20	10.00	0
-1.048951	10.00	20.24431	0.002144838	0.00	0.09736621	-20	10.00	0
-1.045795	10.00	20.34381	0.003155363	0.00	0.09950232	-20	10.00	0
-1.040305	10.00	20.47643	0.005489707	0.00	0.1326197	-20	10.00	0
-1.033651	10.00	20.60671	0.006654186	0.00	0.130277	-20	10.00	0
-1.024297	10.00	20.73951	0.009354597	0.00	0.1327967	-20	10.00	0
-1.014975	10.00	20.87184	0.00932179	0.00	0.132331	-20	10.00	0
-1.005675	10.00	21.00385	0.009299452	0.00	0.1320139	-20	10.00	0
-0.9963588	10.00	21.13611	0.009316704	0.00	0.1322588	-20	10.00	0
-0.9871331	10.00	21.26708	0.009225662	0.00	0.1309664	-20	10.00	0
-0.9790685	10.00	21.39981	0.008064613	0.00	0.1327287	-20	10.00	0
-0.9697055	10.00	21.53272	0.009362973	0.00	0.1329156	-20	10.00	0
-0.9603515	10.00	21.66551	0.009353998	0.00	0.1327882	-20	10.00	0
-0.9509698	10.00	21.79869	0.00938172	0.00	0.1331817	-20	10.00	0
-0.9418676	10.00	21.92791	0.009102113	0.00	0.1292125	-20	10.00	0
-0.9324591	10.00	22.06147	0.009408544	0.00	0.1335625	-20	10.00	0
-0.9230888	10.00	22.19449	0.009370352	0.00	0.1330204	-20	10.00	0
-0.9149929	10.00	22.32773	0.008095921	0.00	0.133244	-20	10.00	0
-0.9092036	10.00	22.42301	0.005789202	0.00	0.09527965	-20	10.00	0
-0.9030657	10.00	22.52403	0.006137975	0.00	0.1010198	-20	10.00	0
-0.8949445	10.00	22.65769	0.008121123	0.00	0.1336588	-20	10.00	0
-0.8870026	10.00	22.7884	0.007941961	0.00	0.1307101	-20	10.00	0
-0.8789827	10.00	22.92039	0.008019887	0.00	0.1319926	-20	10.00	0
-0.8709672	10.00	23.05231	0.0080155	0.00	0.1319204	-20	10.00	0
-0.8628534	10.00	23.18585	0.008113812	0.00	0.1335385	-20	10.00	0
-0.8547642	10.00	23.31898	0.008089212	0.00	0.1331336	-20	10.00	0
-0.8467998	10.00	23.45007	0.007964411	0.00	0.1310796	-20	10.00	0
-0.840861	10.00	23.54781	0.005938775	0.00	0.09774134	-20	10.00	0
-0.8347888	10.00	23.64774	0.006072177	0.00	0.0999369	-20	10.00	0
-0.8267591	10.00	23.7799	0.008029693	0.00	0.132154	-20	10.00	0
-0.8188139	10.00	23.91066	0.00794523	0.00	0.1307639	-20	10.00	0
-0.8107277	10.00	24.04375	0.008086201	0.00	0.133084	-20	10.00	0
-0.8026673	10.00	24.1764	0.008060399	0.00	0.1326594	-20	10.00	0
-0.794635	10.00	24.3086	0.008032274	0.00	0.1321965	-20	10.00	0
-0.7866051	10.00	24.44076	0.008029951	0.00	0.1321583	-20	10.00	0
-0.7785208	10.00	24.57381	0.008084309	0.00	0.1330529	-20	10.00	0
-0.7704977	10.00	24.70586	0.00802307	0.00	0.132045	-20	10.00	0
-0.7625112	10.00	24.8373	0.007986515	0.00	0.1314434	-20	10.00	0
-0.7540556	10.00	24.97647	0.008455617	0.00	0.139164	-20	10.00	0
-0.740032	10.00	25.20727	0.0140236	0.00	0.2308027	-20	10.00	0
-0.7252073	10.00	25.45126	0.0148247	0.00	0.2439874	-20	10.00	0
-0.7092906	10.00	25.71321	0.01591669	0.00	0.2619596	-20	10.00	0
-0.692645	10.00	25.98717	0.01664555	0.00	0.2739552	-20	10.00	0
-0.675983	10.00	26.2614	0.01666198	0.00	0.2742256	-20	10.00	0
-0.6629878	10.00	26.47527	0.01299526	0.00	0.2138781	-20	10.00	0
-0.6487895	10.00	26.70895	0.01419829	0.00	0.2336778	-20	10.00	0
28.00332
