0.01849568	10.00	-49.86619	0.01849568	0.00	0.1338102	28.28	10.00	-28.28
0.04272965	10.00	-49.69086	0.02423397	0.00	0.1753249	28.27378	10.00	-28.27342
0.0570101	10.00	-49.58755	0.01428046	0.00	0.1033145	28.26891	10.00	-28.26845
0.0639169	10.00	-49.53758	0.0069068	0.00	0.04996845	28.26103	10.00	-28.26041
0.07338398	10.00	-49.46909	0.009467083	0.00	0.06849127	28.25215	10.00	-28.25138
0.08220791	10.00	-49.40525	0.00882393	0.00	0.06383827	28.24115	10.00	-28.24023
0.09094521	10.00	-49.33728	0.008737294	0.00	0.06797317	28.22925	10.00	-28.22819
0.09917483	10.00	-49.27325	0.008229628	0.00	0.06402371	28.21507	10.00	-28.21389
0.1079119	10.00	-49.20528	0.008737111	0.00	0.06797176	28.20026	10.00	-28.19896
0.1160923	10.00	-49.14164	0.008180318	0.00	0.0636401	28.18272	10.00	-28.18132
0.1249214	10.00	-49.07296	0.008829183	0.00	0.06868804	28.16507	10.00	-28.16356
0.1330384	10.00	-49.00981	0.008116996	0.00	0.06314747	28.14425	10.00	-28.14266
0.1418951	10.00	-48.94091	0.008856659	0.00	0.06890179	28.12359	10.00	-28.12192
0.1500294	10.00	-48.87762	0.008134283	0.00	0.06328195	28.09981	10.00	-28.09807
0.1587891	10.00	-48.80948	0.008759675	0.00	0.06814729	28.07439	10.00	-28.07259
0.1675445	10.00	-48.74136	0.008755489	0.00	0.06811473	28.04886	10.00	-28.047
0.1758073	10.00	-48.67708	0.008262746	0.00	0.06428135	28.02064	10.00	-28.01874
0.1831442	10.00	-48.60988	0.007336868	0.00	0.0672031	27.99135	10.00	-27.98942
0.1877914	10.00	-48.5471	0.004647234	0.00	0.06277757	27.9602	10.00	-27.95824
0.1905507	10.00	-48.49077	0.002759327	0.00	0.05633221	27.92819	10.00	-27.92623
0.1905507	10.00	-48.44577	0	0.00	0.04500158	27.89433	10.00	-27.89235
0.1905507	10.00	-48.40603	0	0.00	0.03973486	27.85896	10.00	-27.85698
0.1905507	10.00	-48.37938	0	0.00	0.0266548	27.82407	10.00	-27.8221
0.1905507	10.00	-48.36328	0	0.00	0.01609704	27.78887	10.00	-27.7869
0.1905507	10.00	-48.35539	0	0.00	0.007888992	27.75404	10.00	-27.75207
0.1905507	10.00	-48.35539	0	0.00	0	27.71894	10.00	-27.71697
0.1905507	10.00	-48.35539	0	0.00	0	27.68364	10.00	-27.68167
0.1905507	10.00	-48.35539	0	0.00	0	27.64891	10.00	-27.64694
0.1905507	10.00	-48.35539	0	0.00	0	27.61381	10.00	-27.61185
0.1905507	10.00	-48.35539	0	0.00	0	27.57882	10.00	-27.57686
0.1905507	10.00	-48.35539	0	0.00	0	27.5433	10.00	-27.54135
0.1905507	10.00	-48.35539	0	0.00	0	27.50851	10.00	-27.50655
0.1905507	10.00	-48.35539	0	0.00	0	27.47352	10.00	-27.47157
0.1905507	10.00	-48.35539	0	0.00	0	27.43859	10.00	-27.43664
0.1905507	10.00	-48.35539	0	0.00	0	27.40337	10.00	-27.40142
0.1905507	10.00	-48.35539	0	0.00	0	27.36849	10.00	-27.36654
0.1905507	10.00	-48.35539	0	0.00	0	27.33329	10.00	-27.33134
0.1905507	10.00	-48.35539	0	0.00	0	27.29838	10.00	-27.29643
0.1905507	10.00	-48.35539	0	0.00	0	27.26335	10.00	-27.2614
0.1905507	10.00	-48.35539	0	0.00	0	27.2277	10.00	-27.22576
0.1905507	10.00	-48.35539	0	0.00	0	27.19298	10.00	-27.19104
0.1905507	10.00	-48.35539	0	0.00	0	27.15807	10.00	-27.15614
0.1905507	10.00	-48.35539	0	0.00	0	27.12134	10.00	-27.1194
0.1905507	10.00	-48.35539	0	0.00	0	27.08806	10.00	-27.08613
0.1905507	10.00	-48.35539	0	0.00	0	27.05314	10.00	-27.05121
0.1905507	10.00	-48.35539	0	0.00	0	27.01724	10.00	-27.01531
0.1905507	10.00	-48.35539	0	0.00	0	26.98315	10.00	-26.98122
0.1905507	10.00	-48.35539	0	0.00	0	26.9479	10.00	-26.94597
0.1905507	10.00	-48.35539	0	0.00	0	26.91165	10.00	-26.90972
0.1905507	10.00	-48.35539	0	0.00	0	26.87772	10.00	-26.87579
0.1905507	10.00	-48.35539	0	0.00	0	26.84291	10.00	-26.84098
0.1905507	10.00	-48.35539	0	0.00	0	26.80774	10.00	-26.80582
0.1905507	10.00	-48.35539	0	0.00	0	26.77269	10.00	-26.77077
0.1905507	10.00	-48.35539	0	0.00	0	26.73765	10.00	-26.73573
0.1905507	10.00	-48.35539	0	0.00	0	26.70236	10.00	-26.70045
0.1905507	10.00	-48.35539	0	0.00	0	26.66753	10.00	-26.66562
0.1905507	10.00	-48.35539	0	0.00	0	26.63245	10.00	-26.63053
0.1905507	10.00	-48.35539	0	0.00	0	26.59728	10.00	-26.59537
0.1905507	10.00	-48.35539	0	0.00	0	26.56235	10.00	-26.56043
0.1905507	10.00	-48.35539	0	0.00	0	26.52743	10.00	-26.52551
0.1905507	10.00	-48.35539	0	0.00	0	26.49246	10.00	-26.49055
0.1905507	10.00	-48.35539	0	0.00	0	26.45695	10.00	-26.45505
0.1905507	10.00	-48.35539	0	0.00	0	26.42211	10.00	-26.4202
0.1905507	10.00	-48.35539	0	0.00	0	26.38673	10.00	-26.38483
0.1905507	10.00	-48.35539	0	0.00	0	26.308	10.00	-26.3061
0.1905507	10.00	-48.35539	0	0.00	0	26.24649	10.00	-26.24459
0.1905507	10.00	-48.35539	0	0.00	0.0003088834	26.21146	10.00	-26.20956
0.1905507	10.00	-48.34754	0	0.00	0.007849453	26.1768	10.00	-26.1749
0.1905507	10.00	-48.33535	0	0.00	0.01219679	26.14163	10.00	-26.13974
0.1905507	10.00	-48.31462	0	0.00	0.02072682	26.10488	10.00	-26.10299
0.1905507	10.00	-48.2896	0	0.00	0.02501226	26.07152	10.00	-26.06963
0.1905507	10.00	-48.25533	0	0.00	0.03427666	26.0366	10.00	-26.03472
0.1905507	10.00	-48.20862	0	0.00	0.04670827	26.00142	10.00	-25.99953
0.1905507	10.00	-48.15513	0	0.00	0.05349128	25.96653	10.00	-25.96464
0.1905507	10.00	-48.09252	0	0.00	0.06260785	25.93155	10.00	-25.92967
0.1905507	10.00	-48.02785	0	0.00	0.06467313	25.89506	10.00	-25.89318
0.1905507	10.00	-47.95903	0	0.00	0.06881261	25.86128	10.00	-25.8594
0.1905507	10.00	-47.89535	0	0.00	0.06368822	25.82609	10.00	-25.82421
0.1905507	10.00	-47.829	0	0.00	0.06634384	25.79132	10.00	-25.78945
0.1905507	10.00	-47.76344	0	0.00	0.06556245	25.75604	10.00	-25.75417
0.1905507	10.00	-47.6969	0	0.00	0.06653636	25.72114	10.00	-25.71926
0.1905507	10.00	-47.6311	0	0.00	0.06580593	25.68621	10.00	-25.68433
0.1905507	10.00	-47.56523	0	0.00	0.06586963	25.65115	10.00	-25.64928
0.1905507	10.00	-47.49912	0	0.00	0.06610744	25.61616	10.00	-25.61429
0.1905507	10.00	-47.43315	0	0.00	0.06597296	25.58086	10.00	-25.579
0.1905507	10.00	-47.36659	0	0.00	0.06655759	25.54585	10.00	-25.54399
0.1905507	10.00	-47.30057	0	0.00	0.06601826	25.51074	10.00	-25.50887
0.1905507	10.00	-47.23437	0	0.00	0.06620229	25.47581	10.00	-25.47395
0.1905507	10.00	-47.16851	0	0.00	0.06586538	25.44073	10.00	-25.43886
0.1905507	10.00	-47.10236	0	0.00	0.06614708	25.40503	10.00	-25.40318
0.1905507	10.00	-47.03506	0	0.00	0.06730077	25.37068	10.00	-25.36883
0.1905507	10.00	-46.97029	0	0.00	0.06477114	25.33548	10.00	-25.33363
0.1905507	10.00	-46.90391	0	0.00	0.06637499	25.29886	10.00	-25.297
0.1905507	10.00	-46.83485	0	0.00	0.06906175	25.26545	10.00	-25.26359
0.1905507	10.00	-46.77185	0	0.00	0.06299601	25.23051	10.00	-25.22866
0.1905507	10.00	-46.70598	0	0.00	0.06587246	25.19533	10.00	-25.19348
0.1905507	10.00	-46.63965	0	0.00	0.06632969	25.16032	10.00	-25.15847
0.1905507	10.00	-46.57363	0	0.00	0.06602109	25.12512	10.00	-25.12327
0.1905507	10.00	-46.50726	0	0.00	0.06637216	25.08977	10.00	-25.08792
0.1905507	10.00	-46.44059	0	0.00	0.0666666	25.0551	10.00	-25.05326
0.1905507	10.00	-46.37523	0	0.00	0.06536285	25.02021	10.00	-25.01837
0.1905507	10.00	-46.30944	0	0.00	0.06578611	24.98475	10.00	-24.98291
0.1905507	10.00	-46.24258	0	0.00	0.0668676	24.94985	10.00	-24.94801
0.1905507	10.00	-46.17678	0	0.00	0.06579743	24.91494	10.00	-24.9131
0.1905507	10.00	-46.11095	0	0.00	0.06582433	24.87994	10.00	-24.87811
0.1905507	10.00	-46.04496	0	0.00	0.06599278	24.8446	10.00	-24.84277
0.1905507	10.00	-45.97832	0	0.00	0.06663404	24.80949	10.00	-24.80765
0.1905507	10.00	-45.91211	0	0.00	0.06621785	24.77447	10.00	-24.77263
0.1905507	10.00	-45.84607	0	0.00	0.06603525	24.73969	10.00	-24.73786
0.1905507	10.00	-45.7805	0	0.00	0.06557518	24.68546	10.00	-24.68363
0.1905507	10.00	-45.67824	0	0.00	0.1022599	24.63455	10.00	-24.63273
0.1905507	10.00	-45.58226	0	0.00	0.09598319	24.59915	10.00	-24.59733
0.1905507	10.00	-45.51552	0	0.00	0.06673879	24.56436	10.00	-24.56254
0.1905507	10.00	-45.44991	0	0.00	0.06561199	24.5293	10.00	-24.52748
0.1905507	10.00	-45.3838	0	0.00	0.0661032	24.4927	10.00	-24.49088
0.1905507	10.00	-45.31479	0	0.00	0.06901787	24.44601	10.00	-24.4442
0.1905507	10.00	-45.22676	0	0.00	0.08802623	24.38891	10.00	-24.38709
0.1905507	10.00	-45.11908	0	0.00	0.1076773	24.3539	10.00	-24.35209
0.1905507	10.00	-45.05307	0	0.00	0.06601118	24.31911	10.00	-24.3173
0.1905507	10.00	-44.98747	0	0.00	0.065595	24.28375	10.00	-24.28194
0.1905507	10.00	-44.92078	0	0.00	0.06668783	24.24883	10.00	-24.24702
0.1905507	10.00	-44.85494	0	0.00	0.06584415	24.21355	10.00	-24.21175
0.1905507	10.00	-44.78843	0	0.00	0.0665123	24.17866	10.00	-24.17686
0.1905507	10.00	-44.72264	0	0.00	0.06578752	24.14377	10.00	-24.14197
0.1905507	10.00	-44.65686	0	0.00	0.06578611	24.10873	10.00	-24.10694
0.1905507	10.00	-44.59078	0	0.00	0.06607205	24.07372	10.00	-24.07193
0.1905507	10.00	-44.52477	0	0.00	0.0660126	24.0385	10.00	-24.03671
0.1905507	10.00	-44.45836	0	0.00	0.06641179	24.0035	10.00	-24.00171
0.1905507	10.00	-44.39236	0	0.00	0.06599561	23.9684	10.00	-23.96661
0.1905507	10.00	-44.32619	0	0.00	0.06617822	23.93351	10.00	-23.93172
0.1905507	10.00	-44.2604	0	0.00	0.06578894	23.89867	10.00	-23.89688
0.1905507	10.00	-44.19469	0	0.00	0.06570825	23.86343	10.00	-23.86163
0.1905507	10.00	-44.12824	0	0.00	0.0664486	23.82848	10.00	-23.82669
0.1905507	10.00	-44.06235	0	0.00	0.06588802	23.79286	10.00	-23.79107
0.1905507	10.00	-43.99519	0	0.00	0.06716629	23.75824	10.00	-23.75646
0.1905507	10.00	-43.92991	0	0.00	0.06527791	23.72322	10.00	-23.72143
0.1905507	10.00	-43.86386	0	0.00	0.06604374	23.68808	10.00	-23.6863
0.1905507	10.00	-43.79761	0	0.00	0.06625608	23.65311	10.00	-23.65133
0.1905507	10.00	-43.73167	0	0.00	0.06593899	23.61811	10.00	-23.61633
0.1905507	10.00	-43.66569	0	0.00	0.06598287	23.5822	10.00	-23.58042
0.1905507	10.00	-43.59796	0	0.00	0.06772687	23.54803	10.00	-23.54625
0.1905507	10.00	-43.53353	0	0.00	0.06442857	23.51299	10.00	-23.51122
0.1905507	10.00	-43.46746	0	0.00	0.06606922	23.4778	10.00	-23.47603
0.1905507	10.00	-43.40111	0	0.00	0.06635092	23.4428	10.00	-23.44103
0.1905507	10.00	-43.33512	0	0.00	0.06598429	23.40755	10.00	-23.40578
0.1905507	10.00	-43.26866	0	0.00	0.06646983	23.37271	10.00	-23.37094
0.1905507	10.00	-43.20296	0	0.00	0.06569268	23.33754	10.00	-23.33577
0.1905507	10.00	-43.13663	0	0.00	0.06632686	23.30247	10.00	-23.30071
0.1905507	10.00	-43.07052	0	0.00	0.06611877	23.26755	10.00	-23.26579
0.1905507	10.00	-43.00467	0	0.00	0.0658484	23.23257	10.00	-23.23081
0.1905507	10.00	-42.93872	0	0.00	0.06595314	23.19747	10.00	-23.19571
0.1905507	10.00	-42.87253	0	0.00	0.06618955	23.16226	10.00	-23.16051
0.1905507	10.00	-42.80615	0	0.00	0.06637782	23.12735	10.00	-23.1256
0.1905507	10.00	-42.74032	0	0.00	0.06582999	23.09226	10.00	-23.09051
0.1905507	10.00	-42.67415	0	0.00	0.06617115	23.05739	10.00	-23.05564
0.1905507	10.00	-42.60839	0	0.00	0.06575213	23.02226	10.00	-23.02051
0.1905507	10.00	-42.54216	0	0.00	0.06623201	22.98658	10.00	-22.98484
0.1905507	10.00	-42.47489	0	0.00	0.06727671	22.95226	10.00	-22.95052
0.1905507	10.00	-42.41018	0	0.00	0.0647046	22.91706	10.00	-22.91532
0.1905507	10.00	-42.34381	0	0.00	0.06637357	22.88157	10.00	-22.87983
0.1905507	10.00	-42.27687	0	0.00	0.06693555	22.84698	10.00	-22.84524
0.1905507	10.00	-42.21165	0	0.00	0.06521988	22.81198	10.00	-22.81024
0.1905507	10.00	-42.14567	0	0.00	0.06598712	22.77663	10.00	-22.77489
0.1905507	10.00	-42.07901	0	0.00	0.06666093	22.74168	10.00	-22.73995
0.1905507	10.00	-42.01311	0	0.00	0.06589652	22.70678	10.00	-22.70505
0.1905507	10.00	-41.9473	0	0.00	0.06580734	22.67131	10.00	-22.66958
0.1905507	10.00	-41.88042	0	0.00	0.06688459	22.63599	10.00	-22.63426
0.1905507	10.00	-41.81382	0	0.00	0.0665944	22.60105	10.00	-22.59932
0.1905507	10.00	-41.74794	0	0.00	0.0658852	22.56639	10.00	-22.56466
0.1905507	10.00	-41.68259	0	0.00	0.06535011	22.53125	10.00	-22.52952
0.1905507	10.00	-41.61632	0	0.00	0.06626457	22.49626	10.00	-22.49454
0.1905507	10.00	-41.55035	0	0.00	0.06597013	22.46142	10.00	-22.4597
0.1905507	10.00	-41.48466	0	0.00	0.06569268	22.42594	10.00	-22.42422
0.1905507	10.00	-41.41776	0	0.00	0.06690441	22.39124	10.00	-22.38952
0.1905507	10.00	-41.35233	0	0.00	0.06542655	22.35649	10.00	-22.35478
0.1905507	10.00	-41.28681	0	0.00	0.06551857	22.32126	10.00	-22.31954
0.1905507	10.00	-41.22036	0	0.00	0.0664486	22.2862	10.00	-22.28448
0.1905507	10.00	-41.15426	0	0.00	0.06610178	22.25092	10.00	-22.2492
0.1905507	10.00	-41.08773	0	0.00	0.06652787	22.21605	10.00	-22.21433
0.1905507	10.00	-41.02198	0	0.00	0.06575072	22.18076	10.00	-22.17905
0.1905507	10.00	-40.95544	0	0.00	0.06653778	22.14602	10.00	-22.14431
0.1905507	10.00	-40.88994	0	0.00	0.06550582	22.11067	10.00	-22.10897
0.1905507	10.00	-40.8233	0	0.00	0.0666397	22.07415	10.00	-22.07244
0.1905507	10.00	-40.75443	0	0.00	0.06887206	22.04073	10.00	-22.03902
0.1905507	10.00	-40.6914	0	0.00	0.06302432	22.00563	10.00	-22.00392
0.1905507	10.00	-40.62522	0	0.00	0.06618106	21.97066	10.00	-21.96896
0.1905507	10.00	-40.5593	0	0.00	0.06592342	21.93515	10.00	-21.93345
0.1905507	10.00	-40.49234	0	0.00	0.06695962	21.90025	10.00	-21.89855
0.1905507	10.00	-40.42653	0	0.00	0.06580876	21.86522	10.00	-21.86352
0.1905507	10.00	-40.36047	0	0.00	0.06605648	21.83015	10.00	-21.82845
0.1905507	10.00	-40.29435	0	0.00	0.06612443	21.79542	10.00	-21.79372
0.1905507	10.00	-40.22886	0	0.00	0.06549025	21.76013	10.00	-21.75844
0.1905507	10.00	-40.16232	0	0.00	0.06653919	21.72517	10.00	-21.72348
0.1905507	10.00	-40.09639	0	0.00	0.06592342	21.69014	10.00	-21.68845
0.1905507	10.00	-40.03035	0	0.00	0.06604657	21.65395	10.00	-21.65226
0.1905507	10.00	-39.9621	0	0.00	0.06824355	21.61999	10.00	-21.6183
0.1905507	10.00	-39.89807	0	0.00	0.06403645	21.58512	10.00	-21.58344
0.1905507	10.00	-39.83233	0	0.00	0.06573798	21.54984	10.00	-21.54816
0.1905507	10.00	-39.76581	0	0.00	0.06652079	21.51497	10.00	-21.51329
0.1905507	10.00	-39.70005	0	0.00	0.06575921	21.48001	10.00	-21.47833
0.1905507	10.00	-39.63413	0	0.00	0.06591634	21.44487	10.00	-21.4432
0.1905507	10.00	-39.56787	0	0.00	0.06625749	21.40999	10.00	-21.40831
0.1905507	10.00	-39.50211	0	0.00	0.06577054	21.37479	10.00	-21.37312
0.1905507	10.00	-39.43574	0	0.00	0.06636932	21.33977	10.00	-21.33809
0.1839799	10.00	-39.36969	-0.006570802	0.00	0.06604374	21.30436	10.00	-21.30269
0.1753991	10.00	-39.30294	-0.008580809	0.00	0.06675578	21.2692	10.00	-21.26754
0.1636678	10.00	-39.23664	-0.01173134	0.00	0.06629571	21.23368	10.00	-21.23202
0.1498695	10.00	-39.16966	-0.01379828	0.00	0.06698085	21.19948	10.00	-21.19781
0.132213	10.00	-39.10517	-0.01765654	0.00	0.06449085	21.16393	10.00	-21.16227
0.1119153	10.00	-39.03814	-0.02029768	0.00	0.06702615	21.12885	10.00	-21.12718
0.09123933	10.00	-38.97198	-0.02067595	0.00	0.06615982	21.09439	10.00	-21.09273
0.07093764	10.00	-38.90702	-0.02030168	0.00	0.06496224	21.05927	10.00	-21.05761
0.0502409	10.00	-38.84079	-0.02069674	0.00	0.06622635	21.02414	10.00	-21.02248
0.02953886	10.00	-38.77455	-0.02070205	0.00	0.06624334	20.98918	10.00	-20.98753
0.008938561	10.00	-38.70863	-0.0206003	0.00	0.06591775	20.95425	10.00	-20.95259
-0.01355867	10.00	-38.64277	-0.02249723	0.00	0.06586538	20.91905	10.00	-20.9174
-0.03687018	10.00	-38.5764	-0.02331151	0.00	0.06636791	20.88398	10.00	-20.88233
-0.06009666	10.00	-38.51028	-0.02322648	0.00	0.06612585	20.84899	10.00	-20.84734
-0.08327392	10.00	-38.44429	-0.02317726	0.00	0.0659857	20.81397	10.00	-20.81232
-0.1064666	10.00	-38.37826	-0.02319267	0.00	0.06602959	20.77906	10.00	-20.77742
-0.1295827	10.00	-38.31245	-0.0231161	0.00	0.06581159	20.74397	10.00	-20.74232
-0.1528276	10.00	-38.24627	-0.02324488	0.00	0.06617822	20.70884	10.00	-20.70719
-0.1760953	10.00	-38.18003	-0.02326775	0.00	0.06624334	20.67385	10.00	-20.6722
-0.1992701	10.00	-38.11405	-0.02317477	0.00	0.06597862	20.63865	10.00	-20.63701
-0.2225756	10.00	-38.0477	-0.02330554	0.00	0.06635092	20.60382	10.00	-20.60218
-0.2405581	10.00	-37.98201	-0.01798248	0.00	0.06568135	20.56848	10.00	-20.56684
-0.2562209	10.00	-37.91538	-0.0156628	0.00	0.06663545	20.53367	10.00	-20.53204
-0.2697416	10.00	-37.84975	-0.01352067	0.00	0.06563322	20.49856	10.00	-20.49692
-0.2821017	10.00	-37.78352	-0.01236006	0.00	0.06622493	20.46288	10.00	-20.46124
-0.2900975	10.00	-37.71625	-0.007995833	0.00	0.06727246	20.42842	10.00	-20.42678
-0.2965628	10.00	-37.65126	-0.006465314	0.00	0.06498347	20.39332	10.00	-20.39169
-0.2986613	10.00	-37.58509	-0.002098518	0.00	0.06617539	20.35736	10.00	-20.35573
-0.2986613	10.00	-37.51729	0	0.00	0.06779764	20.32321	10.00	-20.32159
-0.2986613	10.00	-37.45291	0	0.00	0.06438327	20.28804	10.00	-20.28642
-0.2986613	10.00	-37.38658	0	0.00	0.0663311	20.25194	10.00	-20.25031
-0.2986613	10.00	-37.31851	0	0.00	0.06806944	20.2179	10.00	-20.21628
-0.2986613	10.00	-37.25433	0	0.00	0.06418509	20.18317	10.00	-20.18155
-0.2986613	10.00	-37.18884	0	0.00	0.06549025	20.14699	10.00	-20.14537
-0.2986613	10.00	-37.12063	0	0.00	0.06820391	20.11255	10.00	-20.11094
-0.2986613	10.00	-37.05569	0	0.00	0.06494242	20.07787	10.00	-20.07625
-0.2986613	10.00	-36.99029	0	0.00	0.06540107	20.04293	10.00	-20.04132
-0.2986613	10.00	-36.92441	0	0.00	0.06587954	20.00751	10.00	-20.0059
-0.2986613	10.00	-36.85762	0	0.00	0.06678268	19.97229	10.00	-19.97069
-0.2986613	10.00	-36.79123	0	0.00	0.06640047	19.9376	10.00	-19.93599
-0.2986613	10.00	-36.7258	0	0.00	0.0654223	19.90223	10.00	-19.90063
-0.2986613	10.00	-36.65911	0	0.00	0.06668783	19.86727	10.00	-19.86567
-0.2986613	10.00	-36.59319	0	0.00	0.06591917	19.83245	10.00	-19.83085
-0.2986613	10.00	-36.52754	0	0.00	0.06565446	19.79747	10.00	-19.79587
-0.2986613	10.00	-36.46158	0	0.00	0.06595597	19.76188	10.00	-19.76028
-0.2986613	10.00	-36.39447	0	0.00	0.06711392	19.72741	10.00	-19.72581
-0.2986613	10.00	-36.32948	0	0.00	0.06499055	19.69237	10.00	-19.69077
-0.2986613	10.00	-36.2634	0	0.00	0.0660763	19.65687	10.00	-19.65528
-0.2986613	10.00	-36.19647	0	0.00	0.06693131	19.62226	10.00	-19.62066
-0.2986613	10.00	-36.13119	0	0.00	0.06527933	19.58705	10.00	-19.58546
-0.2986613	10.00	-36.06482	0	0.00	0.06637499	19.55178	10.00	-19.55018
-0.2986613	10.00	-35.99831	0	0.00	0.06651089	19.51665	10.00	-19.51505
-0.2986613	10.00	-35.93206	0	0.00	0.06624617	19.48164	10.00	-19.48005
-0.2986613	10.00	-35.86605	0	0.00	0.06600694	19.44584	10.00	-19.44425
-0.2986613	10.00	-35.79854	0	0.00	0.06751169	19.41177	10.00	-19.41018
-0.2986613	10.00	-35.7343	0	0.00	0.06424313	19.37686	10.00	-19.37527
-0.2986613	10.00	-35.66848	0	0.00	0.0658215	19.34071	10.00	-19.33913
-0.2986613	10.00	-35.60033	0	0.00	0.06815012	19.3066	10.00	-19.30502
-0.2986613	10.00	-35.536	0	0.00	0.06432806	19.27159	10.00	-19.27001
-0.2986613	10.00	-35.47	0	0.00	0.06600269	19.23646	10.00	-19.23488
-0.2986613	10.00	-35.40375	0	0.00	0.06625041	19.20136	10.00	-19.19978
-0.2986613	10.00	-35.33756	0	0.00	0.06618813	19.16648	10.00	-19.16491
-0.2986613	10.00	-35.2718	0	0.00	0.06575496	19.13146	10.00	-19.12988
-0.2986613	10.00	-35.20576	0	0.00	0.06604091	19.09629	10.00	-19.09472
-0.2986613	10.00	-35.13945	0	0.00	0.06631128	19.06116	10.00	-19.05959
-0.2986613	10.00	-35.07321	0	0.00	0.06624192	19.02643	10.00	-19.02485
-0.2986613	10.00	-35.00771	0	0.00	0.06549592	18.99129	10.00	-18.98973
-0.2986613	10.00	-34.94147	0	0.00	0.06623909	18.95608	10.00	-18.95451
-0.2986613	10.00	-34.87507	0	0.00	0.06640188	18.92065	10.00	-18.91908
-0.2986613	10.00	-34.80827	0	0.00	0.06680533	18.88606	10.00	-18.8845
-0.2986613	10.00	-34.74306	0	0.00	0.06520855	18.84966	10.00	-18.8481
-0.2986613	10.00	-34.67442	0	0.00	0.06864274	18.81606	10.00	-18.8145
-0.2986613	10.00	-34.61105	0	0.00	0.06336688	18.78095	10.00	-18.7794
-0.2986613	10.00	-34.54486	0	0.00	0.06618389	18.74562	10.00	-18.74406
-0.2986613	10.00	-34.47823	0	0.00	0.06663262	18.71095	10.00	-18.7094
-0.2986613	10.00	-34.41286	0	0.00	0.06536851	18.67568	10.00	-18.67413
-0.2986613	10.00	-34.34635	0	0.00	0.06651089	18.63979	10.00	-18.63825
-0.2986613	10.00	-34.2787	0	0.00	0.06765467	18.60578	10.00	-18.60423
-0.2986613	10.00	-34.21455	0	0.00	0.06414687	18.57072	10.00	-18.56918
-0.2986613	10.00	-34.14845	0	0.00	0.06609754	18.53578	10.00	-18.53424
-0.2986613	10.00	-34.08257	0	0.00	0.06588662	18.50048	10.00	-18.49894
-0.2986613	10.00	-34.016	0	0.00	0.06656467	18.46555	10.00	-18.46401
-0.2986613	10.00	-33.95015	0	0.00	0.06585547	18.43046	10.00	-18.42893
-0.2986613	10.00	-33.88398	0	0.00	0.06616124	18.39547	10.00	-18.39394
-0.2986613	10.00	-33.81801	0	0.00	0.06597862	18.36029	10.00	-18.35876
-0.2986613	10.00	-33.75167	0	0.00	0.0663311	18.32547	10.00	-18.32394
-0.2986613	10.00	-33.68601	0	0.00	0.06566578	18.29012	10.00	-18.28859
-0.2986613	10.00	-33.61936	0	0.00	0.06665244	18.25515	10.00	-18.25362
-0.2986613	10.00	-33.55342	0	0.00	0.06593757	18.2202	10.00	-18.21868
-0.2986613	10.00	-33.48752	0	0.00	0.06589793	18.18522	10.00	-18.18369
-0.2986613	10.00	-33.42156	0	0.00	0.06595881	18.14983	10.00	-18.1483
-0.2986613	10.00	-33.35482	0	0.00	0.06673879	18.11505	10.00	-18.11353
-0.2986613	10.00	-33.28925	0	0.00	0.06557235	18.08005	10.00	-18.07852
-0.2986613	10.00	-33.22325	0	0.00	0.06600552	18.04366	10.00	-18.04215
-0.2986613	10.00	-33.15465	0	0.00	0.06859744	18.0094	10.00	-18.00788
-0.2986613	10.00	-33.09003	0	0.00	0.06461684	17.97474	10.00	-17.97322
-0.2986613	10.00	-33.02468	0	0.00	0.06535152	17.93507	10.00	-17.93356
-0.2986613	10.00	-32.94988	0	0.00	0.0748005	17.86955	10.00	-17.86804
-0.2986613	10.00	-32.82635	0	0.00	0.1235289	17.83369	10.00	-17.83218
-0.2986613	10.00	-32.75873	0	0.00	0.06762494	17.79947	10.00	-17.79796
-0.2986613	10.00	-32.6942	0	0.00	0.06452624	17.76447	10.00	-17.76297
-0.2986613	10.00	-32.62822	0	0.00	0.06598287	17.72911	10.00	-17.72761
-0.2986613	10.00	-32.56153	0	0.00	0.066685	17.6942	10.00	-17.6927
-0.2986613	10.00	-32.4957	0	0.00	0.06582575	17.65932	10.00	-17.65782
-0.2986613	10.00	-32.42994	0	0.00	0.06576629	17.62439	10.00	-17.62289
-0.2986613	10.00	-32.36408	0	0.00	0.06586114	17.58925	10.00	-17.58776
-0.2986613	10.00	-32.29782	0	0.00	0.06625891	17.55413	10.00	-17.55264
-0.2986613	10.00	-32.2316	0	0.00	0.06622352	17.51894	10.00	-17.51745
-0.2986613	10.00	-32.16524	0	0.00	0.06635517	17.48413	10.00	-17.48263
-0.2986613	10.00	-32.0996	0	0.00	0.06564455	17.44909	10.00	-17.4476
-0.2986613	10.00	-32.03354	0	0.00	0.06606214	17.41383	10.00	-17.41234
-0.2986613	10.00	-31.96705	0	0.00	0.06648824	17.37869	10.00	-17.3772
-0.2986613	10.00	-31.9008	0	0.00	0.06625041	17.34388	10.00	-17.34239
-0.2986613	10.00	-31.83515	0	0.00	0.06564596	17.3087	10.00	-17.30722
-0.2986613	10.00	-31.76883	0	0.00	0.06632403	17.27382	10.00	-17.27234
-0.2986613	10.00	-31.70306	0	0.00	0.06576629	17.23857	10.00	-17.23709
-0.2986613	10.00	-31.63659	0	0.00	0.06646559	17.20381	10.00	-17.20233
-0.2986613	10.00	-31.57104	0	0.00	0.06555537	17.16867	10.00	-17.16719
-0.2986613	10.00	-31.50478	0	0.00	0.06626032	17.13317	10.00	-17.1317
-0.2986613	10.00	-31.43784	0	0.00	0.06693555	17.09857	10.00	-17.09709
-0.2986613	10.00	-31.37259	0	0.00	0.06524961	17.06339	10.00	-17.06192
-0.2986613	10.00	-31.30627	0	0.00	0.06632403	17.02797	10.00	-17.0265
-0.2986613	10.00	-31.23947	0	0.00	0.06679542	16.9931	10.00	-16.99163
-0.2986613	10.00	-31.17372	0	0.00	0.06575072	16.95819	10.00	-16.95672
-0.2986613	10.00	-31.1079	0	0.00	0.06582008	16.92217	10.00	-16.9207
-0.2986613	10.00	-31.03998	0	0.00	0.06792646	16.88806	10.00	-16.8866
-0.2986613	10.00	-30.97567	0	0.00	0.06430824	16.85326	10.00	-16.8518
-0.2986613	10.00	-30.91005	0	0.00	0.06561765	16.81685	10.00	-16.81539
-0.2986613	10.00	-30.84139	0	0.00	0.06865831	16.78316	10.00	-16.7817
-0.2986613	10.00	-30.77788	0	0.00	0.06351694	16.74795	10.00	-16.74649
-0.2986613	10.00	-30.71148	0	0.00	0.06639481	16.71305	10.00	-16.71159
-0.2986613	10.00	-30.64566	0	0.00	0.06581725	16.67789	10.00	-16.67644
-0.2986613	10.00	-30.57939	0	0.00	0.06627589	16.64195	10.00	-16.6405
-0.2986613	10.00	-30.51161	0	0.00	0.06778207	16.60781	10.00	-16.60635
-0.2986613	10.00	-30.44722	0	0.00	0.06438327	16.57269	10.00	-16.57124
-0.2986613	10.00	-30.38101	0	0.00	0.06621361	16.53705	10.00	-16.5356
-0.2986613	10.00	-30.31382	0	0.00	0.06719319	16.50232	10.00	-16.50087
-0.2986613	10.00	-30.24833	0	0.00	0.06549025	16.4674	10.00	-16.46595
-0.2986613	10.00	-30.18247	0	0.00	0.06585264	16.43124	10.00	-16.42979
-0.2986613	10.00	-30.11429	0	0.00	0.06818409	16.3975	10.00	-16.39606
-0.2986613	10.00	-30.05069	0	0.00	0.06359904	16.3624	10.00	-16.36096
-0.2986613	10.00	-29.9845	0	0.00	0.06618955	16.3273	10.00	-16.32586
-0.2986613	10.00	-29.91831	0	0.00	0.06618813	16.29244	10.00	-16.291
-0.2986613	10.00	-29.85258	0	0.00	0.06572665	16.25735	10.00	-16.25591
-0.2986613	10.00	-29.78642	0	0.00	0.0661669	16.2218	10.00	-16.22036
-0.2986613	10.00	-29.71938	0	0.00	0.06704314	16.18703	10.00	-16.18559
-0.2986613	10.00	-29.65381	0	0.00	0.06556387	16.15209	10.00	-16.15066
-0.2986613	10.00	-29.58794	0	0.00	0.06587388	16.11622	10.00	-16.11479
-0.2986613	10.00	-29.52031	0	0.00	0.06762919	16.08196	10.00	-16.08054
-0.2986613	10.00	-29.45571	0	0.00	0.06460127	16.04704	10.00	-16.04562
-0.2986613	10.00	-29.38987	0	0.00	0.06583707	16.01199	10.00	-16.01057
-0.2986613	10.00	-29.32377	0	0.00	0.06609895	15.97691	10.00	-15.97548
-0.2986613	10.00	-29.25762	0	0.00	0.06615274	15.94183	10.00	-15.94041
-0.2986613	10.00	-29.19148	0	0.00	0.06613717	15.90697	10.00	-15.90555
-0.2986613	10.00	-29.12574	0	0.00	0.06574364	15.87181	10.00	-15.87039
-0.2986613	10.00	-29.05944	0	0.00	0.06629571	15.83629	10.00	-15.83487
-0.2986613	10.00	-28.99247	0	0.00	0.06696953	15.80155	10.00	-15.80014
-0.2986613	10.00	-28.92698	0	0.00	0.06549733	15.76661	10.00	-15.7652
-0.2986613	10.00	-28.86109	0	0.00	0.06588379	15.73067	10.00	-15.72926
-0.2986613	10.00	-28.79332	0	0.00	0.06777075	15.69666	10.00	-15.69525
-0.2986613	10.00	-28.72919	0	0.00	0.06412563	15.66138	10.00	-15.65998
-0.2986613	10.00	-28.66268	0	0.00	0.06651655	15.62584	10.00	-15.62443
-0.2986613	10.00	-28.59565	0	0.00	0.06702474	15.59101	10.00	-15.58961
-0.2986613	10.00	-28.52999	0	0.00	0.06566861	15.55644	10.00	-15.55503
-0.2986613	10.00	-28.46479	0	0.00	0.06519298	15.52088	10.00	-15.51948
-0.2986613	10.00	-28.39774	0	0.00	0.06705022	15.48621	10.00	-15.48481
-0.2986613	10.00	-28.33236	0	0.00	0.06537842	15.45112	10.00	-15.44973
-0.2986613	10.00	-28.26621	0	0.00	0.0661485	15.41502	10.00	-15.41363
-0.2986613	10.00	-28.19814	0	0.00	0.06807085	15.38096	10.00	-15.37956
-0.2986613	10.00	-28.13391	0	0.00	0.06423888	15.34579	10.00	-15.3444
-0.2986613	10.00	-28.06761	0	0.00	0.06629854	15.31	10.00	-15.30861
-0.2986613	10.00	-28.00012	0	0.00	0.06748621	15.27571	10.00	-15.27433
-0.2986613	10.00	-27.93547	0	0.00	0.06465081	15.24086	10.00	-15.23948
-0.2986613	10.00	-27.86975	0	0.00	0.06571391	15.20587	10.00	-15.20448
-0.2986613	10.00	-27.80376	0	0.00	0.06599278	15.17064	10.00	-15.16925
-0.2986613	10.00	-27.73733	0	0.00	0.06642878	15.13563	10.00	-15.13425
-0.2986613	10.00	-27.67133	0	0.00	0.06600694	15.10043	10.00	-15.09905
-0.2986613	10.00	-27.60495	0	0.00	0.06637357	15.06578	10.00	-15.0644
-0.2986613	10.00	-27.53962	0	0.00	0.06533737	15.03054	10.00	-15.02916
-0.2986613	10.00	-27.47318	0	0.00	0.06643727	14.99549	10.00	-14.99411
-0.2986613	10.00	-27.40708	0	0.00	0.06610037	14.96044	10.00	-14.95906
-0.2986613	10.00	-27.34099	0	0.00	0.06608763	14.92504	10.00	-14.92367
-0.2986613	10.00	-27.27425	0	0.00	0.06674162	14.88992	10.00	-14.88855
-0.2986613	10.00	-27.20802	0	0.00	0.06622918	14.855	10.00	-14.85363
-0.2986613	10.00	-27.14218	0	0.00	0.06583707	14.82007	10.00	-14.8187
-0.2986613	10.00	-27.07632	0	0.00	0.06586538	14.7852	10.00	-14.78383
-0.2986613	10.00	-27.01056	0	0.00	0.0657578	14.74996	10.00	-14.7486
-0.2986613	10.00	-26.94412	0	0.00	0.06643727	14.71456	10.00	-14.71319
-0.2986613	10.00	-26.87737	0	0.00	0.06675578	14.68	10.00	-14.67864
-0.2986613	10.00	-26.81221	0	0.00	0.06516042	14.64493	10.00	-14.64357
-0.2986613	10.00	-26.74607	0	0.00	0.06613717	14.60895	10.00	-14.60759
-0.2986613	10.00	-26.67823	0	0.00	0.06784152	14.57483	10.00	-14.57347
-0.2986613	10.00	-26.6139	0	0.00	0.06432664	14.53987	10.00	-14.53851
-0.2986613	10.00	-26.54797	0	0.00	0.06593049	14.50455	10.00	-14.5032
-0.2986613	10.00	-26.48139	0	0.00	0.06658449	14.46959	10.00	-14.46824
-0.2986613	10.00	-26.41546	0	0.00	0.06592908	14.43474	10.00	-14.43339
-0.2986613	10.00	-26.34975	0	0.00	0.06570259	14.3986	10.00	-14.39725
-0.2986613	10.00	-26.28161	0	0.00	0.06814729	14.36463	10.00	-14.36329
-0.2986613	10.00	-26.21755	0	0.00	0.06405344	14.32913	10.00	-14.32778
-0.2986613	10.00	-26.1506	0	0.00	0.06694971	14.29443	10.00	-14.29308
-0.2986613	10.00	-26.08518	0	0.00	0.06542655	14.25942	10.00	-14.25808
-0.2986613	10.00	-26.01917	0	0.00	0.06600552	14.22376	10.00	-14.22242
-0.2986613	10.00	-25.95192	0	0.00	0.06724981	14.18912	10.00	-14.18778
-0.2986613	10.00	-25.88662	0	0.00	0.06530622	14.15421	10.00	-14.15287
-0.2986613	10.00	-25.82078	0	0.00	0.06583707	14.1179	10.00	-14.11656
-0.2986613	10.00	-25.75232	0	0.00	0.06846013	14.08392	10.00	-14.08259
-0.2986613	10.00	-25.68825	0	0.00	0.06406476	14.049	10.00	-14.04767
-0.2988366	10.00	-25.62241	-0.0001753223	0.00	0.06584132	14.01303	10.00	-14.0117
-0.2990172	10.00	-25.55459	-0.0001805957	0.00	0.0678217	13.97885	10.00	-13.97752
-0.3010615	10.00	-25.49013	-0.002044291	0.00	0.06446537	13.94386	10.00	-13.94253
-0.3037924	10.00	-25.42415	-0.002730907	0.00	0.06597296	13.90695	10.00	-13.90562
-0.3107165	10.00	-25.35456	-0.006924024	0.00	0.06959401	13.87381	10.00	-13.87248
-0.3181436	10.00	-25.29207	-0.007427142	0.00	0.06248781	13.83891	10.00	-13.83759
-0.3259636	10.00	-25.22628	-0.007820009	0.00	0.06579319	13.80339	10.00	-13.80207
-0.3339248	10.00	-25.1593	-0.007961173	0.00	0.06698085	13.76874	10.00	-13.76742
-0.3416911	10.00	-25.09395	-0.007766337	0.00	0.06534161	13.73369	10.00	-13.73237
-0.3495468	10.00	-25.02786	-0.007855679	0.00	0.06609329	13.6981	10.00	-13.69679
-0.3575216	10.00	-24.96077	-0.007974802	0.00	0.06709552	13.66322	10.00	-13.66191
-0.3653392	10.00	-24.89499	-0.007817654	0.00	0.06577337	13.62853	10.00	-13.62721
-0.3731147	10.00	-24.82957	-0.007775423	0.00	0.06541806	13.59335	10.00	-13.59204
-0.3809983	10.00	-24.76325	-0.007883608	0.00	0.06632827	13.55813	10.00	-13.55682
-0.3888915	10.00	-24.69684	-0.007893199	0.00	0.06640896	13.52342	10.00	-13.52211
-0.3966718	10.00	-24.63138	-0.007780302	0.00	0.06545911	13.48832	10.00	-13.48701
-0.4045384	10.00	-24.56519	-0.007866615	0.00	0.0661853	13.45308	10.00	-13.45178
-0.4124351	10.00	-24.49875	-0.007896733	0.00	0.06643869	13.41797	10.00	-13.41667
-0.4203038	10.00	-24.43255	-0.007868635	0.00	0.06620229	13.38312	10.00	-13.38182
-0.428114	10.00	-24.36684	-0.00781025	0.00	0.06571108	13.34805	10.00	-13.34675
-0.4359742	10.00	-24.30071	-0.007860222	0.00	0.06613151	13.31287	10.00	-13.31156
-0.4438595	10.00	-24.23437	-0.007885291	0.00	0.06634243	13.27798	10.00	-13.27668
-0.451678	10.00	-24.16859	-0.007818495	0.00	0.06578045	13.24307	10.00	-13.24177
-0.4595012	10.00	-24.10277	-0.007823206	0.00	0.06582008	13.20652	10.00	-13.20522
-0.4676937	10.00	-24.03384	-0.008192519	0.00	0.06892727	13.17279	10.00	-13.1715
-0.4752518	10.00	-23.97025	-0.007558041	0.00	0.06358913	13.13776	10.00	-13.13646
-0.4831041	10.00	-23.90418	-0.007852314	0.00	0.06606498	13.1028	10.00	-13.10151
-0.4909386	10.00	-23.83827	-0.007834478	0.00	0.06591492	13.06761	10.00	-13.06632
-0.4988252	10.00	-23.77192	-0.007886637	0.00	0.06635375	13.03256	10.00	-13.03127
-0.5066804	10.00	-23.70583	-0.007855174	0.00	0.06608904	12.99661	10.00	-12.99532
-0.5147378	10.00	-23.63804	-0.008057412	0.00	0.06779056	12.96252	10.00	-12.96124
-0.5223763	10.00	-23.57377	-0.007638466	0.00	0.06426578	12.92741	10.00	-12.92613
-0.5302442	10.00	-23.50757	-0.007867961	0.00	0.06619663	12.89147	10.00	-12.8902
-0.5382991	10.00	-23.4398	-0.008054889	0.00	0.06776933	12.85727	10.00	-12.85599
-0.5459657	10.00	-23.3753	-0.007666564	0.00	0.06450218	12.82236	10.00	-12.82108
-0.5537902	10.00	-23.30947	-0.007824552	0.00	0.06583141	12.78732	10.00	-12.78604
-0.5616422	10.00	-23.24341	-0.007851977	0.00	0.06606214	12.75222	10.00	-12.75095
-0.5695078	10.00	-23.17723	-0.007865606	0.00	0.06617681	12.71733	10.00	-12.71605
-0.5773283	10.00	-23.11143	-0.007820514	0.00	0.06579743	12.68219	10.00	-12.68092
-0.5852027	10.00	-23.04519	-0.007874355	0.00	0.06625041	12.64703	10.00	-12.64576
-0.5930829	10.00	-22.97888	-0.007880243	0.00	0.06629996	12.61217	10.00	-12.61091
-0.6008945	10.00	-22.91316	-0.007811597	0.00	0.06572241	12.57697	10.00	-12.57571
-0.6087835	10.00	-22.84679	-0.007888992	0.00	0.06637357	12.54175	10.00	-12.54049
-0.616677	10.00	-22.78038	-0.007893535	0.00	0.06641179	12.50659	10.00	-12.50532
-0.624558	10.00	-22.71407	-0.007880916	0.00	0.06630562	12.47181	10.00	-12.47055
-0.6323512	10.00	-22.6485	-0.007793257	0.00	0.06556811	12.43664	10.00	-12.43538
-0.6402345	10.00	-22.58218	-0.007883272	0.00	0.06632544	12.40145	10.00	-12.40019
-0.6481218	10.00	-22.51582	-0.00788731	0.00	0.06635942	12.36643	10.00	-12.36518
-0.6559691	10.00	-22.4498	-0.007847266	0.00	0.06602251	12.33154	10.00	-12.33029
-0.6637883	10.00	-22.38401	-0.007819168	0.00	0.06578611	12.29587	10.00	-12.29462
-0.6717826	10.00	-22.31675	-0.007994318	0.00	0.06725972	12.26146	10.00	-12.26021
-0.679495	10.00	-22.25186	-0.007712496	0.00	0.06488863	12.22612	10.00	-12.22487
-0.6874152	10.00	-22.18523	-0.007920119	0.00	0.06663545	12.19106	10.00	-12.18981
-0.695273	10.00	-22.11911	-0.007857866	0.00	0.06611169	12.15637	10.00	-12.15512
-0.7030473	10.00	-22.05371	-0.007774245	0.00	0.06540815	12.12132	10.00	-12.12008
-0.7109022	10.00	-21.98762	-0.007854838	0.00	0.06608621	12.08574	10.00	-12.08449
-0.7188764	10.00	-21.92053	-0.007974297	0.00	0.06709127	12.05102	10.00	-12.04978
-0.726657	10.00	-21.85507	-0.007780639	0.00	0.06546194	12.01629	10.00	-12.01505
-0.7344409	10.00	-21.78958	-0.007783835	0.00	0.06548884	11.97996	10.00	-11.97872
-0.7425833	10.00	-21.72107	-0.00814238	0.00	0.06850543	11.94612	10.00	-11.94489
-0.7501664	10.00	-21.65727	-0.007583111	0.00	0.06380005	11.91103	10.00	-11.90979
-0.7580311	10.00	-21.5911	-0.007864765	0.00	0.06616973	11.87547	10.00	-11.87424
-0.7659996	10.00	-21.52406	-0.007968407	0.00	0.06704172	11.84052	10.00	-11.83929
-0.7738324	10.00	-21.45816	-0.007832796	0.00	0.06590077	11.80541	10.00	-11.80418
-0.7817028	10.00	-21.39194	-0.007870484	0.00	0.06621785	11.77048	10.00	-11.76926
-0.7895291	10.00	-21.3261	-0.007826235	0.00	0.06584556	11.73568	10.00	-11.73446
-0.7973287	10.00	-21.26048	-0.007799651	0.00	0.0656219	11.70014	10.00	-11.69892
-0.8052939	10.00	-21.19346	-0.007965211	0.00	0.06701483	11.6657	10.00	-11.66448
-0.8130137	10.00	-21.12851	-0.007719731	0.00	0.0649495	11.6304	10.00	-11.62918
-0.8209235	10.00	-21.06196	-0.007909856	0.00	0.0665491	11.59424	10.00	-11.59302
-0.8290291	10.00	-20.99377	-0.008105532	0.00	0.06819542	11.56029	10.00	-11.55907
-0.8366374	10.00	-20.92975	-0.007608348	0.00	0.06401239	11.52535	10.00	-11.52414
-0.8444669	10.00	-20.86388	-0.007829431	0.00	0.06587246	11.48977	10.00	-11.48856
-0.8524405	10.00	-20.79679	-0.007973623	0.00	0.06708561	11.45522	10.00	-11.45401
-0.8601839	10.00	-20.73165	-0.007743455	0.00	0.0651491	11.41963	10.00	-11.41842
-0.8681617	10.00	-20.66453	-0.00797783	0.00	0.067121	11.38378	10.00	-11.38257
-0.8761948	10.00	-20.59694	-0.008033016	0.00	0.0675853	11.35016	10.00	-11.34895
-0.8837302	10.00	-20.53354	-0.007535495	0.00	0.06339944	11.31504	10.00	-11.31384
-0.8916007	10.00	-20.46732	-0.007870484	0.00	0.06621785	11.2718	10.00	-11.2706
-0.9012912	10.00	-20.38579	-0.009690465	0.00	0.08153015	11.20986	10.00	-11.20866
-0.9151732	10.00	-20.269	-0.01388195	0.00	0.116795	11.17484	10.00	-11.17364
-0.9230229	10.00	-20.20295	-0.00784979	0.00	0.06604374	11.1397	10.00	-11.1385
-0.9308977	10.00	-20.1367	-0.007874691	0.00	0.06625324	11.10478	10.00	-11.10359
-0.9387226	10.00	-20.07087	-0.007824888	0.00	0.06583424	11.06964	10.00	-11.06845
-0.9465987	10.00	-20.0046	-0.007876205	0.00	0.06626599	11.03451	10.00	-11.03331
-0.9544726	10.00	-19.93835	-0.00787385	0.00	0.06624617	10.99976	10.00	-10.99857
-0.9622598	10.00	-19.87284	-0.007787201	0.00	0.06551715	10.96462	10.00	-10.96343
-0.9701358	10.00	-19.80657	-0.007876037	0.00	0.06626457	10.92965	10.00	-10.92846
-0.977972	10.00	-19.74064	-0.007836161	0.00	0.06592908	10.89425	10.00	-10.89307
-0.9859054	10.00	-19.6739	-0.007933411	0.00	0.06674729	10.85969	10.00	-10.8585
-0.993652	10.00	-19.60872	-0.007746652	0.00	0.065176	10.8243	10.00	-10.82311
-1.001584	10.00	-19.54199	-0.007931729	0.00	0.06673313	10.78925	10.00	-10.78807
-1.009438	10.00	-19.4759	-0.007854669	0.00	0.06608479	10.75432	10.00	-10.75315
-1.017265	10.00	-19.41005	-0.007826908	0.00	0.06585123	10.71922	10.00	-10.71804
-1.025133	10.00	-19.34386	-0.007867625	0.00	0.0661938	10.68399	10.00	-10.68282
-1.033028	10.00	-19.27743	-0.007894881	0.00	0.06642312	10.64919	10.00	-10.64801
-1.040828	10.00	-19.21181	-0.007800155	0.00	0.06562614	10.61399	10.00	-10.61282
-1.04486	10.00	-19.14545	-0.004031833	0.00	0.06635658	10.57848	10.00	-10.57731
-1.04486	10.00	-19.07849	0	0.00	0.06696104	10.54402	10.00	-10.54285
-1.04486	10.00	-19.01351	0	0.00	0.06498489	10.50906	10.00	-10.50789
-1.04486	10.00	-18.94759	0	0.00	0.06591775	10.47302	10.00	-10.47186
-1.04486	10.00	-18.87964	0	0.00	0.06794911	10.4388	10.00	-10.43764
-1.04486	10.00	-18.81511	0	0.00	0.06452341	10.40347	10.00	-10.40231
-1.04486	10.00	-18.74849	0	0.00	0.0666213	10.36844	10.00	-10.36728
-1.04486	10.00	-18.68243	0	0.00	0.06605931	10.33376	10.00	-10.3326
-1.04486	10.00	-18.61705	0	0.00	0.0653855	10.29866	10.00	-10.2975
-1.04486	10.00	-18.55087	0	0.00	0.06618389	10.26356	10.00	-10.2624
-1.04486	10.00	-18.48467	0	0.00	0.06619238	10.22865	10.00	-10.22749
-1.04486	10.00	-18.41885	0	0.00	0.06582433	10.19357	10.00	-10.19242
-1.04486	10.00	-18.35271	0	0.00	0.06614425	10.1585	10.00	-10.15735
-1.04486	10.00	-18.28658	0	0.00	0.06611877	10.12342	10.00	-10.12227
-1.04486	10.00	-18.22043	0	0.00	0.06615699	10.08843	10.00	-10.08728
-1.04486	10.00	-18.15446	0	0.00	0.06597296	10.0533	10.00	-10.05216
-1.04486	10.00	-18.08822	0	0.00	0.06623626	10.01354	10.00	-10.0124
-1.04486	10.00	-18.01325	0	0.00	0.07497179	9.982017	10.00	-9.980875
-1.04486	10.00	-17.95381	0	0.00	0.05943725	9.948043	10.00	-9.946903
-1.04486	10.00	-17.88975	0	0.00	0.06406052	9.913077	10.00	-9.91194
-1.04486	10.00	-17.82382	0	0.00	0.06593049	9.876196	10.00	-9.875059
-1.04486	10.00	-17.75428	0	0.00	0.06954305	9.84291	10.00	-9.841775
-1.04486	10.00	-17.69151	0	0.00	0.06276385	9.807669	10.00	-9.806534
-1.04486	10.00	-17.62506	0	0.00	0.06645143	9.772599	10.00	-9.771466
-1.04486	10.00	-17.55894	0	0.00	0.06612585	9.737609	10.00	-9.736477
-1.04486	10.00	-17.49296	0	0.00	0.06597721	9.702722	10.00	-9.701592
-1.04486	10.00	-17.42718	0	0.00	0.06578045	9.667205	10.00	-9.666077
-1.04486	10.00	-17.36021	0	0.00	0.06697094	9.6324	10.00	-9.631272
-1.04486	10.00	-17.29458	0	0.00	0.06562898	9.597616	10.00	-9.596493
-1.04486	10.00	-17.22899	0	0.00	0.06558368	9.561486	10.00	-9.560362
-1.04486	10.00	-17.16087	0	0.00	0.06812888	9.527375	10.00	-9.526254
-1.04486	10.00	-17.09655	0	0.00	0.06431673	9.492421	10.00	-9.491302
-1.04486	10.00	-17.03064	0	0.00	0.06590784	9.457447	10.00	-9.456329
-1.04486	10.00	-16.96469	0	0.00	0.06594748	9.422238	10.00	-9.421123
-1.04486	10.00	-16.89831	0	0.00	0.06638773	9.387365	10.00	-9.386251
-1.04486	10.00	-16.83255	0	0.00	0.06575638	9.352225	10.00	-9.351112
-1.04486	10.00	-16.76629	0	0.00	0.06625891	9.317348	10.00	-9.316238
-1.04486	10.00	-16.70053	0	0.00	0.06576204	9.282012	10.00	-9.280901
-1.04486	10.00	-16.6339	0	0.00	0.06663121	9.24694	10.00	-9.245832
-1.04486	10.00	-16.56777	0	0.00	0.06612868	9.211729	10.00	-9.210621
-1.04486	10.00	-16.50137	0	0.00	0.06639622	9.176689	10.00	-9.175585
-1.04486	10.00	-16.4353	0	0.00	0.06606781	9.132651	10.00	-9.131548
-1.04486	10.00	-16.35227	0	0.00	0.08303774	9.070684	10.00	-9.069584
-1.04486	10.00	-16.23542	0	0.00	0.1168445	9.036577	10.00	-9.03548
-1.04486	10.00	-16.17111	0	0.00	0.06430683	9.001786	10.00	-9.00069
-1.04486	10.00	-16.10551	0	0.00	0.06560491	8.965681	10.00	-8.964586
-1.04486	10.00	-16.03743	0	0.00	0.06807793	8.931454	10.00	-8.930362
-1.04486	10.00	-15.9729	0	0.00	0.06453615	8.896441	10.00	-8.89535
-1.04486	10.00	-15.90687	0	0.00	0.06602109	8.860448	10.00	-8.859359
-1.04486	10.00	-15.83901	0	0.00	0.067867	8.82655	10.00	-8.825461
-1.04486	10.00	-15.77509	0	0.00	0.06391755	8.791364	10.00	-8.790277
-1.04486	10.00	-15.70874	0	0.00	0.06634668	8.755313	10.00	-8.754228
-1.04486	10.00	-15.64077	0	0.00	0.06797742	8.721264	10.00	-8.720181
-1.04486	10.00	-15.57657	0	0.00	0.06419925	8.686355	10.00	-8.685274
-1.04486	10.00	-15.51074	0	0.00	0.06582291	8.651217	10.00	-8.650137
-1.04486	10.00	-15.44449	0	0.00	0.06625608	8.616176	10.00	-8.615098
-1.04486	10.00	-15.37841	0	0.00	0.06607347	8.581173	10.00	-8.580097
-1.04486	10.00	-15.31241	0	0.00	0.06600127	8.546081	10.00	-8.545005
-1.04486	10.00	-15.24624	0	0.00	0.06616973	8.511173	10.00	-8.510101
-1.04486	10.00	-15.18042	0	0.00	0.06581867	8.47592	10.00	-8.474848
-1.04486	10.00	-15.11395	0	0.00	0.06647408	8.440932	10.00	-8.439863
-1.04486	10.00	-15.04798	0	0.00	0.06597155	8.364579	10.00	-8.363512
-1.04486	10.00	-14.90401	0	0.00	0.1439684	8.351934	10.00	-8.35087
-1.04486	10.00	-14.88017	0	0.00	0.02383973	8.300591	10.00	-8.299529
-1.04486	10.00	-14.78336	0	0.00	0.09681273	8.265249	10.00	-8.264188
-1.04486	10.00	-14.71672	0	0.00	0.06664111	8.230396	10.00	-8.229336
-1.04486	10.00	-14.651	0	0.00	0.06571957	8.195694	10.00	-8.194637
-1.04486	10.00	-14.58557	0	0.00	0.06542938	8.160227	10.00	-8.159171
-1.04486	10.00	-14.51869	0	0.00	0.06687751	8.125489	10.00	-8.124434
-1.04486	10.00	-14.45319	0	0.00	0.06550158	8.090316	10.00	-8.089263
-1.04486	10.00	-14.38687	0	0.00	0.06632119	8.054953	10.00	-8.053901
-1.04486	10.00	-14.32019	0	0.00	0.06668217	8.02022	10.00	-8.019171
-1.04486	10.00	-14.2547	0	0.00	0.06548742	7.985293	10.00	-7.984246
-1.04486	10.00	-14.18884	0	0.00	0.06585689	7.949213	10.00	-7.948166
-1.04486	10.00	-14.12081	0	0.00	0.06803405	7.91522	10.00	-7.914175
-1.04486	10.00	-14.05671	0	0.00	0.06409591	7.880096	10.00	-7.879054
-1.04486	10.00	-13.99048	0	0.00	0.06622776	7.845068	10.00	-7.844027
-1.04486	10.00	-13.92444	0	0.00	0.06604799	7.809983	10.00	-7.808943
-1.04486	10.00	-13.85828	0	0.00	0.06615699	7.774977	10.00	-7.773939
-1.04486	10.00	-13.79227	0	0.00	0.06600552	7.739902	10.00	-7.738866
-1.04486	10.00	-13.72614	0	0.00	0.06613717	7.704866	10.00	-7.703831
-1.04486	10.00	-13.66007	0	0.00	0.06606214	7.669993	10.00	-7.668961
-1.04486	10.00	-13.59432	0	0.00	0.06575496	7.634665	10.00	-7.633634
-1.04486	10.00	-13.5277	0	0.00	0.06661422	7.599564	10.00	-7.598535
-1.04486	10.00	-13.46152	0	0.00	0.0661853	7.564475	10.00	-7.563445
-1.04486	10.00	-13.39535	0	0.00	0.06616548	7.529604	10.00	-7.528576
-1.04486	10.00	-13.3296	0	0.00	0.06575213	7.494621	10.00	-7.493596
-1.04486	10.00	-13.26364	0	0.00	0.06596164	7.457861	10.00	-7.456838
-1.044675	10.00	-13.19634	0.0001845649	0.00	0.06729888	7.424214	10.00	-7.423193
-1.042663	10.00	-13.14948	0.002011925	0.00	0.04685788	7.389392	10.00	-7.388372
-1.038038	10.00	-13.11561	0.004625196	0.00	0.03387042	7.353871	10.00	-7.352853
-1.032671	10.00	-13.08625	0.005366674	0.00	0.02936267	7.319196	10.00	-7.318179
-1.026167	10.00	-13.06455	0.00650489	0.00	0.02169879	7.284223	10.00	-7.283207
-1.018967	10.00	-13.04714	0.007199632	0.00	0.0174164	7.248591	10.00	-7.247576
-1.010981	10.00	-13.03329	0.007985737	0.00	0.01384086	7.213999	10.00	-7.212986
-1.003229	10.00	-13.02302	0.007752541	0.00	0.01027883	7.178909	10.00	-7.177899
-0.9953646	10.00	-13.01387	0.007864092	0.00	0.00914541	7.143006	10.00	-7.141996
-0.9873183	10.00	-13.00779	0.008046309	0.00	0.006079798	7.108491	10.00	-7.107483
-0.9789529	10.00	-13.00762	0.00836537	0.00	0.0001732944	7.073748	10.00	-7.072743
-0.9698977	10.00	-13.00762	0.009055207	0.00	0	7.038898	10.00	-7.037895
-0.9601784	10.00	-13.00762	0.009719279	0.00	0	7.003662	10.00	-7.00266
-0.9503515	10.00	-13.00762	0.009826897	0.00	0	6.968691	10.00	-6.967689
-0.9405983	10.00	-13.00762	0.009753197	0.00	0	6.933617	10.00	-6.932617
-0.9308167	10.00	-13.00762	0.009781672	0.00	0	6.898684	10.00	-6.897687
-0.9210743	10.00	-13.00762	0.00974231	0.00	0	6.863596	10.00	-6.8626
-0.9112887	10.00	-13.00762	0.00978565	0.00	0	6.828521	10.00	-6.827527
-0.9015068	10.00	-13.00762	0.009781881	0.00	0	6.793019	10.00	-6.792026
-0.8916056	10.00	-13.00762	0.009901224	0.00	0	6.757601	10.00	-6.75661
-0.8817281	10.00	-13.00762	0.009877564	0.00	0	6.723414	10.00	-6.722425
-0.8721938	10.00	-13.00762	0.009534193	0.00	0	6.687909	10.00	-6.686921
-0.8622918	10.00	-13.00762	0.009902061	0.00	0	6.652668	10.00	-6.651682
-0.8524636	10.00	-13.00762	0.009828153	0.00	0	6.617936	10.00	-6.616952
-0.8427772	10.00	-13.00762	0.009686408	0.00	0	6.582848	10.00	-6.581866
-0.8329918	10.00	-13.00762	0.009785441	0.00	0	6.546869	10.00	-6.545889
-0.8229576	10.00	-13.00762	0.01003417	0.00	0	6.513	10.00	-6.512021
-0.8135118	10.00	-13.00762	0.009445839	0.00	0	6.478025	10.00	-6.477048
-0.803758	10.00	-13.00762	0.009753825	0.00	0	6.441556	10.00	-6.440581
-0.7935873	10.00	-13.00762	0.01017069	0.00	0	6.407776	10.00	-6.406801
-0.7841661	10.00	-13.00762	0.009421132	0.00	0	6.371951	10.00	-6.370977
-0.7741749	10.00	-13.00762	0.009991254	0.00	0	6.337013	10.00	-6.336042
-0.7644313	10.00	-13.00762	0.009743567	0.00	0	6.302052	10.00	-6.301084
-0.7540429	10.00	-13.00762	0.01038836	0.00	0	6.266674	10.00	-6.265707
-0.7435303	10.00	-13.00762	0.01051261	0.00	0	6.231365	10.00	-6.230398
-0.7330382	10.00	-13.00762	0.01049209	0.00	0	6.196594	10.00	-6.195631
-0.7220717	10.00	-13.00762	0.01096652	0.00	0	6.162309	10.00	-6.161346
-0.7112579	10.00	-13.00762	0.01081379	0.00	0	6.127461	10.00	-6.1265
-0.7002668	10.00	-13.00762	0.01099114	0.00	0	6.092261	10.00	-6.091301
-0.6878793	10.00	-13.00762	0.01238754	0.00	0	6.057528	10.00	-6.056571
-0.6756563	10.00	-13.00762	0.01222295	0.00	0	6.02204	10.00	-6.021083
-0.6625191	10.00	-13.00762	0.01313721	0.00	0	5.987251	10.00	-5.986297
-0.6496409	10.00	-13.00762	0.0128782	0.00	0	5.952262	10.00	-5.951309
-0.6366888	10.00	-13.00762	0.01295212	0.00	0	5.917279	10.00	-5.916328
-0.6237392	10.00	-13.00762	0.01294962	0.00	0	5.882167	10.00	-5.881218
-0.6107417	10.00	-13.00762	0.01299742	0.00	0	5.84613	10.00	-5.845182
-0.5974014	10.00	-13.00283	0.01334036	0.00	0.004786738	5.81162	10.00	-5.810674
-0.5846266	10.00	-12.99636	0.01277482	0.00	0.006474047	5.777143	10.00	-5.776199
-0.5718639	10.00	-12.98674	0.01276259	0.00	0.00961522	5.741615	10.00	-5.740673
-0.5587126	10.00	-12.97618	0.01315138	0.00	0.01055678	5.706792	10.00	-5.705851
-0.5458216	10.00	-12.96266	0.01289098	0.00	0.01352679	5.671525	10.00	-5.670587
-0.5327669	10.00	-12.94831	0.01305467	0.00	0.01434243	5.636703	10.00	-5.635765
-0.5198762	10.00	-12.93161	0.01289071	0.00	0.01670547	5.601715	10.00	-5.600779
-0.5069246	10.00	-12.91291	0.01295157	0.00	0.01870072	5.565723	10.00	-5.564789
-0.4936012	10.00	-12.88973	0.01332341	0.00	0.02318043	5.531631	10.00	-5.530698
-0.4809812	10.00	-12.86279	0.01262003	0.00	0.02693621	5.496823	10.00	-5.495892
-0.4680961	10.00	-12.83084	0.01288515	0.00	0.03195072	5.461601	10.00	-5.46067
-0.4550575	10.00	-12.78951	0.01303855	0.00	0.0413343	5.426578	10.00	-5.42565
-0.4420929	10.00	-12.74457	0.01296463	0.00	0.04493659	5.391532	10.00	-5.390605
-0.4291196	10.00	-12.68681	0.01297325	0.00	0.05776373	5.356399	10.00	-5.355474
-0.4161142	10.00	-12.62313	0.01300548	0.00	0.06368035	5.32144	10.00	-5.320517
-0.4031731	10.00	-12.55849	0.01294101	0.00	0.0646412	5.28623	10.00	-5.285309
-0.3901393	10.00	-12.49209	0.01303383	0.00	0.06639056	5.251396	10.00	-5.250476
-0.3772444	10.00	-12.42641	0.01289488	0.00	0.06568277	5.216214	10.00	-5.215296
-0.3642212	10.00	-12.36007	0.01302327	0.00	0.06633677	5.180999	10.00	-5.180082
-0.3511851	10.00	-12.29367	0.01303605	0.00	0.06640188	5.146184	10.00	-5.14527
-0.3382978	10.00	-12.22803	0.01288737	0.00	0.06564455	5.111078	10.00	-5.110166
-0.3253023	10.00	-12.16183	0.01299548	0.00	0.06619521	5.076148	10.00	-5.075236
-0.3123718	10.00	-12.09597	0.01293045	0.00	0.06586397	5.040988	10.00	-5.04008
-0.2993569	10.00	-12.02967	0.01301493	0.00	0.0662943	5.005847	10.00	-5.004939
-0.2863481	10.00	-11.96341	0.01300882	0.00	0.06626315	4.970724	10.00	-4.969819
-0.2733468	10.00	-11.89719	0.01300131	0.00	0.06622493	4.935493	10.00	-4.934588
-0.2603046	10.00	-11.83075	0.01304217	0.00	0.06643303	4.900454	10.00	-4.899551
-0.2473341	10.00	-11.76469	0.01297047	0.00	0.06606781	4.865721	10.00	-4.86482
-0.2344768	10.00	-11.69919	0.01285736	0.00	0.06549167	4.829051	10.00	-4.828152
-0.2209027	10.00	-11.63005	0.01357408	0.00	0.06914244	4.795448	10.00	-4.79455
-0.2084633	10.00	-11.56669	0.01243939	0.00	0.06336264	4.760561	10.00	-4.759665
-0.1955492	10.00	-11.50091	0.01291405	0.00	0.06578045	4.725306	10.00	-4.724411
-0.1824985	10.00	-11.43443	0.01305078	0.00	0.06647691	4.690131	10.00	-4.689239
-0.1694777	10.00	-11.36811	0.01302077	0.00	0.06632403	4.655331	10.00	-4.654439
-0.1565953	10.00	-11.30249	0.01288237	0.00	0.06561907	4.620062	10.00	-4.619172
-0.1435395	10.00	-11.23599	0.01305578	0.00	0.06650239	4.585215	10.00	-4.584327
-0.1306402	10.00	-11.17028	0.01289932	0.00	0.06570542	4.550116	10.00	-4.54923
-0.1176473	10.00	-11.1041	0.01299298	0.00	0.06618247	4.515103	10.00	-4.514218
-0.1046862	10.00	-11.03808	0.01296102	0.00	0.06601968	4.480081	10.00	-4.479198
-0.09172188	10.00	-10.97204	0.01296435	0.00	0.06603666	4.444592	10.00	-4.443711
-0.07858467	10.00	-10.90512	0.01313721	0.00	0.06691715	4.409882	10.00	-4.409002
-0.06636965	10.00	-10.83968	0.01221502	0.00	0.06544778	4.374961	10.00	-4.374084
-0.05471797	10.00	-10.77511	0.01165169	0.00	0.06457041	4.339718	10.00	-4.338842
-0.0461761	10.00	-10.72152	0.00854187	0.00	0.05358374	4.304929	10.00	-4.304054
-0.04473107	10.00	-10.68514	0.001445026	0.00	0.03637972	4.269905	10.00	-4.269032
-0.04473107	10.00	-10.65619	0	0.00	0.02895185	4.234871	10.00	-4.233999
-0.04473107	10.00	-10.63939	0	0.00	0.01680667	4.199604	10.00	-4.198733
-0.04473107	10.00	-10.63084	0	0.00	0.008547875	4.164716	10.00	-4.163848
-0.04473107	10.00	-10.63084	0	0.00	0	4.129452	10.00	-4.128586
-0.04473107	10.00	-10.63084	0	0.00	0	4.09433	10.00	-4.093466
-0.04473107	10.00	-10.63084	0	0.00	0	4.05946	10.00	-4.058597
-0.04473107	10.00	-10.63084	0	0.00	0	4.022975	10.00	-4.022114
-0.04473107	10.00	-10.63084	0	0.00	0	3.988939	10.00	-3.98808
-0.04473107	10.00	-10.63084	0	0.00	0	3.95433	10.00	-3.953473
-0.04473107	10.00	-10.63084	0	0.00	0	3.918993	10.00	-3.918138
-0.04473107	10.00	-10.63084	0	0.00	0	3.884085	10.00	-3.883231
-0.04473107	10.00	-10.63084	0	0.00	0	3.849106	10.00	-3.848253
-0.04473107	10.00	-10.63084	0	0.00	0	3.814094	10.00	-3.813243
-0.04473107	10.00	-10.63084	0	0.00	0	3.779045	10.00	-3.778196
-0.04473107	10.00	-10.62298	0	0.00	0.007855006	3.743966	10.00	-3.743119
-0.04473107	10.00	-10.60423	0	0.00	0.01874928	3.708803	10.00	-3.707956
-0.04262847	10.00	-10.58094	0.002102603	0.00	0.02328913	3.673593	10.00	-3.672749
-0.03666601	10.00	-10.54798	0.005962455	0.00	0.03296225	3.638793	10.00	-3.63795
-0.02950224	10.00	-10.50968	0.007163777	0.00	0.03829682	3.603804	10.00	-3.602962
-0.01974422	10.00	-10.46224	0.009758012	0.00	0.04744853	3.568718	10.00	-3.567878
-0.00867802	10.00	-10.40184	0.0110662	0.00	0.06039168	3.533094	10.00	-3.532256
0.002557958	10.00	-10.33727	0.01123598	0.00	0.06457029	3.498545	10.00	-3.497709
0.01345486	10.00	-10.27276	0.0108969	0.00	0.06451406	3.46368	10.00	-3.462846
0.02445121	10.00	-10.20702	0.01099635	0.00	0.06573939	3.428608	10.00	-3.427776
0.03551291	10.00	-10.14089	0.0110617	0.00	0.06613009	3.393255	10.00	-3.392425
0.04666341	10.00	-10.07423	0.0111505	0.00	0.06666093	3.358415	10.00	-3.357586
0.05765219	10.00	-10.00854	0.01098877	0.00	0.06569409	3.323116	10.00	-3.322288
0.06878564	10.00	-9.941977	0.01113345	0.00	0.06655901	3.288341	10.00	-3.287515
0.07975381	10.00	-9.876406	0.01096817	0.00	0.06557094	3.253338	10.00	-3.252513
0.09079397	10.00	-9.810404	0.01104016	0.00	0.06600127	3.218142	10.00	-3.217319
0.1018947	10.00	-9.74404	0.01110077	0.00	0.06636366	3.183176	10.00	-3.182354
0.1129233	10.00	-9.678109	0.01102855	0.00	0.06593191	3.148362	10.00	-3.147357
0.1233105	10.00	-9.612195	0.01038724	0.00	0.06591351	3.113525	10.00	-3.112334
0.1337047	10.00	-9.546238	0.01039416	0.00	0.06595739	3.078477	10.00	-3.076942
0.1441818	10.00	-9.479753	0.01047714	0.00	0.06648399	3.04373	10.00	-3.041854
0.1545691	10.00	-9.41384	0.01038724	0.00	0.06591351	3.008935	10.00	-3.006613
0.1649784	10.00	-9.347787	0.01040933	0.00	0.06605365	2.973967	10.00	-2.971078
0.1754734	10.00	-9.281189	0.01049499	0.00	0.06659723	2.939484	10.00	-2.935918
0.1858564	10.00	-9.215302	0.010383	0.00	0.06588662	2.904975	10.00	-2.900733
0.1962472	10.00	-9.149366	0.01039081	0.00	0.06593616	2.870585	10.00	-2.865481
0.2047341	10.00	-9.083342	0.008486918	0.00	0.06602534	2.836358	10.00	-2.830417
0.2119076	10.00	-9.017634	0.007173514	0.00	0.06570683	2.80191	10.00	-2.795023
0.2178512	10.00	-8.951455	0.005943513	0.00	0.06617964	2.767395	10.00	-2.759509
0.2199563	10.00	-8.885072	0.002105117	0.00	0.06638348	2.733096	10.00	-2.724073
0.2199563	10.00	-8.81914	0	0.00	0.06593049	2.698579	10.00	-2.688415
0.2199563	10.00	-8.752794	0	0.00	0.06634668	2.664421	10.00	-2.653009
0.2199563	10.00	-8.686925	0	0.00	0.06586963	2.628519	10.00	-2.615798
0.2199563	10.00	-8.617696	0	0.00	0.06922879	2.595921	10.00	-2.581949
0.2199563	10.00	-8.55467	0	0.00	0.06302574	2.561678	10.00	-2.546304
0.2199563	10.00	-8.48835	0	0.00	0.06631978	2.527219	10.00	-2.510436
0.2199563	10.00	-8.421613	0	0.00	0.06673738	2.493452	10.00	-2.475235
0.2199563	10.00	-8.356281	0	0.00	0.0653317	2.459187	10.00	-2.439397
0.2199563	10.00	-8.289849	0	0.00	0.06643161	2.425242	10.00	-2.403942
0.2199563	10.00	-8.223864	0	0.00	0.0659857	2.391466	10.00	-2.368711
0.2199563	10.00	-8.158032	0	0.00	0.06583141	2.357447	10.00	-2.333042
0.2199563	10.00	-8.091463	0	0.00	0.06656892	2.321942	10.00	-2.295817
0.2199563	10.00	-8.02199	0	0.00	0.06947368	2.289867	10.00	-2.262192
0.2199563	10.00	-7.959232	0	0.00	0.06275818	2.256257	10.00	-2.22696
0.2199563	10.00	-7.893474	0	0.00	0.0657578	2.222403	10.00	-2.191362
0.2199563	10.00	-7.82729	0	0.00	0.06618389	2.188814	10.00	-2.156035
0.2199563	10.00	-7.761391	0	0.00	0.06589935	2.155008	10.00	-2.120484
0.2199563	10.00	-7.695041	0	0.00	0.06634951	2.121356	10.00	-2.084982
0.2199563	10.00	-7.628993	0	0.00	0.06604799	2.087931	10.00	-2.049596
0.2199563	10.00	-7.563121	0	0.00	0.06587246	2.054501	10.00	-2.014209
0.2199563	10.00	-7.497244	0	0.00	0.06587671	2.020996	10.00	-1.978746
0.2199563	10.00	-7.431224	0	0.00	0.06601968	1.987304	10.00	-1.943088
0.2199563	10.00	-7.364841	0	0.00	0.06638348	1.953722	10.00	-1.90755
0.2199563	10.00	-7.298678	0	0.00	0.06616265	1.920522	10.00	-1.872485
0.2199563	10.00	-7.23312	0	0.00	0.0655582	1.886981	10.00	-1.836986
0.2199563	10.00	-7.166779	0	0.00	0.06634101	1.853459	10.00	-1.801509
0.2172118	10.00	-7.100479	-0.002744443	0.00	0.06629996	1.820155	10.00	-1.766267
0.2106589	10.00	-7.034615	-0.006552916	0.00	0.06586397	1.786625	10.00	-1.730674
0.1989251	10.00	-6.968305	-0.01173385	0.00	0.06630987	1.751189	10.00	-1.693062
0.1851681	10.00	-6.898231	-0.01375694	0.00	0.07007389	1.720059	10.00	-1.660023
0.1695074	10.00	-6.836676	-0.01566068	0.00	0.06155495	1.686513	10.00	-1.624425
0.1468536	10.00	-6.770352	-0.02265389	0.00	0.06632403	1.652719	10.00	-1.588567
0.1220926	10.00	-6.703541	-0.02476098	0.00	0.06681099	1.619647	10.00	-1.553479
0.09279811	10.00	-6.638163	-0.02929447	0.00	0.06537842	1.586063	10.00	-1.518087
0.06253038	10.00	-6.572042	-0.03026772	0.00	0.0661216	1.552128	10.00	-1.482565
0.02756891	10.00	-6.505516	-0.03496148	0.00	0.06652503	1.518478	10.00	-1.44758
-0.01204047	10.00	-6.439829	-0.03960938	0.00	0.06568702	1.484486	10.00	-1.412476
-0.05508548	10.00	-6.37375	-0.04304501	0.00	0.06607913	1.450293	10.00	-1.377398
-0.1020469	10.00	-6.307562	-0.04696137	0.00	0.06618813	1.415742	10.00	-1.342188
-0.1518758	10.00	-6.240968	-0.04982893	0.00	0.0665944	1.381247	10.00	-1.307271
-0.204621	10.00	-6.174759	-0.05274518	0.00	0.06620795	1.346661	10.00	-1.272488
-0.2604759	10.00	-6.108665	-0.05585491	0.00	0.0660947	1.311901	10.00	-1.237745
-0.3169926	10.00	-6.042545	-0.05651667	0.00	0.06612018	1.277244	10.00	-1.203324
-0.373093	10.00	-5.976912	-0.05610044	0.00	0.06563322	1.241961	10.00	-1.1685
-0.4312465	10.00	-5.910384	-0.0581535	0.00	0.06652787	1.207018	10.00	-1.134231
-0.4936658	10.00	-5.844789	-0.06241926	0.00	0.065595	1.171488	10.00	-1.09954
-0.5574768	10.00	-5.778407	-0.06381099	0.00	0.06638207	1.135947	10.00	-1.064844
-0.6219346	10.00	-5.71202	-0.06445788	0.00	0.06638631	1.101013	10.00	-1.030741
-0.6852915	10.00	-5.646768	-0.06335694	0.00	0.06525244	1.065265	10.00	-0.995842
-0.7501261	10.00	-5.579994	-0.06483448	0.00	0.06677418	1.029959	10.00	-0.9613723
-0.8154377	10.00	-5.514043	-0.06531172	0.00	0.06595031	0.9946204	10.00	-0.9267411
-0.8814829	10.00	-5.447998	-0.06604516	0.00	0.06604516	0.9582901	10.00	-0.8911065
-0.9494306	10.00	-5.380051	-0.06794769	0.00	0.06794769	0.9242507	10.00	-0.8577181
-1.013095	10.00	-5.316386	-0.06366416	0.00	0.06366416	0.8891748	10.00	-0.8233118
-1.078698	10.00	-5.250783	-0.06560349	0.00	0.06560349	0.8533994	10.00	-0.7882181
-1.145611	10.00	-5.18387	-0.0669129	0.00	0.0669129	0.8186486	10.00	-0.7541282
-1.210609	10.00	-5.118872	-0.06499763	0.00	0.06499763	0.7834018	10.00	-0.7195505
-1.276535	10.00	-5.052946	-0.06592625	0.00	0.06592625	0.7481456	10.00	-0.6848568
-1.342596	10.00	-4.986886	-0.06606073	0.00	0.06606073	0.7126294	10.00	-0.6499059
-1.409145	10.00	-4.920336	-0.0665491	0.00	0.0665491	0.676872	10.00	-0.6147166
-1.476147	10.00	-4.853334	-0.06700209	0.00	0.06700209	0.6423272	10.00	-0.5807196
-1.540877	10.00	-4.788604	-0.06473009	0.00	0.06473009	0.6070694	10.00	-0.5460201
-1.606945	10.00	-4.722536	-0.06606781	0.00	0.06606781	0.5711483	10.00	-0.5106671
-1.674255	10.00	-4.655226	-0.06731068	0.00	0.06731068	0.536448	10.00	-0.4765142
-1.73928	10.00	-4.590201	-0.06502452	0.00	0.06502452	0.5005581	10.00	-0.4411898
-1.799371	10.00	-4.522947	-0.06009071	0.00	0.06725406	0.465199	10.00	-0.4063867
-1.841892	10.00	-4.456686	-0.04252145	0.00	0.06626032	0.4301582	10.00	-0.3718963
-1.877037	10.00	-4.391022	-0.03514498	0.00	0.06566437	0.3948371	10.00	-0.3371286
-1.893877	10.00	-4.324831	-0.01684016	0.00	0.06619097	0.3593357	10.00	-0.3021826
-1.902429	10.00	-4.258302	-0.008551695	0.00	0.06652928	0.3242751	10.00	-0.2676697
-1.902429	10.00	-4.192598	0	0.00	0.065704	0.288881	10.00	-0.2328277
-1.902429	10.00	-4.126268	0	0.00	0.06632969	0.2537283	10.00	-0.1981871
-1.902429	10.00	-4.060385	0	0.00	0.06588379	0.2184861	10.00	-0.1634573
-1.902429	10.00	-3.994332	0	0.00	0.06605224	0.1830072	10.00	-0.1283353
-1.902429	10.00	-3.927667	0	0.00	0.06666518	0.1479879	10.00	-0.09357921
-1.902429	10.00	-3.861752	0	0.00	0.06591492	0.1120235	10.00	-0.05788483
-1.902429	10.00	-3.794058	0	0.00	0.06769431	0.07696115	10.00	-0.02297103
-1.902429	10.00	-3.728058	0	0.00	0.06599986	0.04170964	10.00	0.01220043
-1.902429	10.00	-3.661655	0	0.00	0.0664033	0.007901302	10.00	0.046063
-1.902429	10.00	-3.597761	0	0.00	0.06389348	-0.02719523	10.00	0.08137384
-1.902429	10.00	-3.531307	0	0.00	0.06645426	-0.06233072	10.00	0.1168297
-1.902429	10.00	-3.464473	0	0.00	0.06683364	-0.09660629	10.00	0.1516506
-1.902429	10.00	-3.399102	0	0.00	0.06537134	-0.130988	10.00	0.1867651
-1.902429	10.00	-3.333214	0	0.00	0.06588802	-0.1664127	10.00	0.2230327
-1.902429	10.00	-3.265278	0	0.00	0.06793637	-0.2000417	10.00	0.2576482
-1.902429	10.00	-3.20075	0	0.00	0.06452766	-0.2341516	10.00	0.2928811
-1.902429	10.00	-3.135087	0	0.00	0.06566295	-0.2681438	10.00	0.3280576
-1.902429	10.00	-3.069476	0	0.00	0.06561057	-0.3026038	10.00	0.3638053
-1.902429	10.00	-3.002848	0	0.00	0.06662837	-0.3369463	10.00	0.3994914
-1.902429	10.00	-2.936249	0	0.00	0.06659865	-0.3705567	10.00	0.4345474
-1.902429	10.00	-2.870754	0	0.00	0.06549592	-0.4046015	10.00	0.4701257
-1.902429	10.00	-2.80424	0	0.00	0.06651372	-0.438213	10.00	0.5053618
-1.902429	10.00	-2.738622	0	0.00	0.06561765	-0.4719196	10.00	0.5407017
-1.902429	10.00	-2.67259	0	0.00	0.06603242	-0.5056508	10.00	0.5761802
-1.902429	10.00	-2.606477	0	0.00	0.06611311	-0.5395564	10.00	0.6119652
-1.902429	10.00	-2.539751	0	0.00	0.06672605	-0.5729092	10.00	0.6471623
-1.902429	10.00	-2.474119	0	0.00	0.06563181	-0.606362	10.00	0.6823949
-1.902429	10.00	-2.408143	0	0.00	0.06597579	-0.6399901	10.00	0.7178845
-1.902429	10.00	-2.341711	0	0.00	0.06643161	-0.6731227	10.00	0.7529513
-1.902429	10.00	-2.275965	0	0.00	0.06574647	-0.7064251	10.00	0.788194
-1.902429	10.00	-2.209887	0	0.00	0.06607772	-0.7400758	10.00	0.8237959
-1.902429	10.00	-2.142974	0	0.00	0.0669129	-0.7727171	10.00	0.8584152
-1.902429	10.00	-2.077917	0	0.00	0.06505708	-0.8059159	10.00	0.8936218
-1.902429	10.00	-2.011755	0	0.00	0.06616265	-0.8395509	10.00	0.9291138
-1.902429	10.00	-1.944735	0	0.00	0.06701908	-0.8724679	10.00	0.963922
-1.902429	10.00	-1.878904	0	0.00	0.06583141	-0.9051694	10.00	0.998306
-1.902429	10.00	-1.813383	0	0.00	0.0655214	-0.9380903	10.00	1.032774
-1.902429	10.00	-1.747386	0	0.00	0.06599703	-0.9709012	10.00	1.067269
-1.902429	10.00	-1.681227	0	0.00	0.06615841	-1.003661	10.00	1.101893
-1.902429	10.00	-1.614915	0	0.00	0.0663127	-1.037118	10.00	1.137385
-1.902429	10.00	-1.546955	0	0.00	0.06795902	-1.068625	10.00	1.170808
-1.902429	10.00	-1.482957	0	0.00	0.06399823	-1.101215	10.00	1.205376
-1.902429	10.00	-1.416763	0	0.00	0.0661938	-1.133688	10.00	1.239817
-1.902429	10.00	-1.350812	0	0.00	0.06595173	-1.166287	10.00	1.274388
-1.902429	10.00	-1.284609	0	0.00	0.06620229	-1.199055	10.00	1.309135
-1.902429	10.00	-1.218069	0	0.00	0.06654061	-1.231901	10.00	1.343717
-1.902429	10.00	-1.151595	0	0.00	0.06647408	-1.264377	10.00	1.377507
-1.902429	10.00	-1.086238	0	0.00	0.06535719	-1.297552	10.00	1.411592
-1.902429	10.00	-1.019984	0	0.00	0.06625324	-1.330952	10.00	1.445665
-1.902429	10.00	-0.9535003	0	0.00	0.06648399	-1.363687	10.00	1.479259
-1.902429	10.00	-0.8880144	0	0.00	0.06548601	-1.397556	10.00	1.514224
-1.902429	10.00	-0.8199208	0	0.00	0.0680935	-1.429567	10.00	1.547047
-1.902429	10.00	-0.7558745	0	0.00	0.06404636	-1.463074	10.00	1.581195
-1.902429	10.00	-0.6891527	0	0.00	0.0667218	-1.497179	10.00	1.615735
-1.902429	10.00	-0.6215702	0	0.00	0.06758247	-1.529721	10.00	1.648487
-1.902429	10.00	-0.5574049	0	0.00	0.06416527	-1.563405	10.00	1.682195
-1.902429	10.00	-0.4913046	0	0.00	0.06610037	-1.596775	10.00	1.71541
-1.902429	10.00	-0.4261442	0	0.00	0.06516042	-1.63071	10.00	1.749011
-1.902429	10.00	-0.3601995	0	0.00	0.06594465	-1.664729	10.00	1.782523
-1.902429	10.00	-0.2944191	0	0.00	0.06578045	-1.699549	10.00	1.816677
-1.902429	10.00	-0.2274127	0	0.00	0.06700633	-1.73365	10.00	1.850024
-1.902429	10.00	-0.162098	0	0.00	0.06531472	-1.768256	10.00	1.88379
-1.902429	10.00	-0.09610239	0	0.00	0.06599561	-1.803115	10.00	1.917747
-1.902429	10.00	-0.0299001	0	0.00	0.06620229	-1.838231	10.00	1.951951
-1.902429	10.00	0.03655558	0	0.00	0.06645568	-1.873162	10.00	1.98597
-1.902429	10.00	0.1024295	0	0.00	0.06587388	-1.908308	10.00	2.020238
-1.902429	10.00	0.1685242	0	0.00	0.0660947	-1.943401	10.00	2.054558
-1.902429	10.00	0.2344136	0	0.00	0.06588944	-1.979837	10.00	2.090365
-1.902429	10.00	0.3028242	0	0.00	0.06841059	-2.015152	10.00	2.125288
-1.902429	10.00	0.369185	0	0.00	0.06636083	-2.050324	10.00	2.160338
-1.902429	10.00	0.4354906	0	0.00	0.06630562	-2.085137	10.00	2.19503
-1.902429	10.00	0.5011182	0	0.00	0.06562756	-2.119661	10.00	2.229433
-1.902429	10.00	0.5661994	0	0.00	0.06508115	-2.155409	10.00	2.265216
-1.902429	10.00	0.6337167	0	0.00	0.06751736	-2.190254	10.00	2.300095
-1.902429	10.00	0.6995269	0	0.00	0.06581017	-2.225025	10.00	2.335002
-1.902429	10.00	0.7652465	0	0.00	0.06571957	-2.259701	10.00	2.369815
-1.902429	10.00	0.8307891	0	0.00	0.06554263	-2.294943	10.00	2.405216
-1.902429	10.00	0.8974642	0	0.00	0.06667509	-2.329239	10.00	2.43976
-1.902429	10.00	0.9624929	0	0.00	0.06502877	-2.364048	10.00	2.474832
-1.902429	10.00	1.028656	0	0.00	0.06616265	-2.399145	10.00	2.510298
-1.902429	10.00	1.095414	0	0.00	0.06675861	-2.433691	10.00	2.545207
-1.902429	10.00	1.161125	0	0.00	0.06571108	-2.468691	10.00	2.580596
-1.902429	10.00	1.227802	0	0.00	0.0666765	-2.503162	10.00	2.615613
-1.902429	10.00	1.293684	0	0.00	0.06588237	-2.537467	10.00	2.650436
-1.902429	10.00	1.359208	0	0.00	0.06552423	-2.571963	10.00	2.685454
-1.902429	10.00	1.425126	0	0.00	0.06591775	-2.607053	10.00	2.721179
-1.902429	10.00	1.49223	0	0.00	0.06710401	-2.641282	10.00	2.756024
-1.902429	10.00	1.557682	0	0.00	0.06545203	-2.675701	10.00	2.791114
-1.902429	10.00	1.623572	0	0.00	0.06588944	-2.710209	10.00	2.826435
-1.902429	10.00	1.689588	0	0.00	0.06601685	-2.744687	10.00	2.861721
-1.902429	10.00	1.755544	0	0.00	0.06595597	-2.779225	10.00	2.897082
-1.902429	10.00	1.821777	0	0.00	0.06623201	-2.813842	10.00	2.932625
-1.902429	10.00	1.888208	0	0.00	0.06643161	-2.848125	10.00	2.967823
-1.902429	10.00	1.953994	0	0.00	0.06578611	-2.882753	10.00	3.003439
-1.902429	10.00	2.020616	0	0.00	0.0666213	-2.916827	10.00	3.038495
-1.902429	10.00	2.086127	0	0.00	0.06551149	-2.951066	10.00	3.073794
-1.902429	10.00	2.15211	0	0.00	0.06598287	-2.985501	10.00	3.109291
-1.902429	10.00	2.218465	0	0.00	0.06635517	-3.019761	10.00	3.144663
-1.902429	10.00	2.284547	0	0.00	0.06608196	-3.053844	10.00	3.179852
-1.902429	10.00	2.350412	0	0.00	0.06586538	-3.088402	10.00	3.215553
-1.902429	10.00	2.417358	0	0.00	0.06694546	-3.121833	10.00	3.250066
-1.902429	10.00	2.482246	0	0.00	0.06488863	-3.156039	10.00	3.285437
-1.902429	10.00	2.548878	0	0.00	0.06663121	-3.189996	10.00	3.320546
-1.902429	10.00	2.615018	0	0.00	0.06614	-3.223865	10.00	3.355561
-1.902429	10.00	2.680982	0	0.00	0.06596447	-3.257717	10.00	3.390554
-1.902429	10.00	2.746908	0	0.00	0.06592625	-3.292721	10.00	3.426494
-1.902429	10.00	2.814792	0	0.00	0.06788399	-3.326072	10.00	3.460509
-1.902429	10.00	2.879181	0	0.00	0.06438893	-3.360434	10.00	3.495327
-1.902429	10.00	2.945256	0	0.00	0.06607489	-3.394899	10.00	3.530018
-1.902429	10.00	3.011248	0	0.00	0.06599136	-3.429692	10.00	3.564809
-1.902429	10.00	3.077583	0	0.00	0.06633535	-3.464441	10.00	3.599333
-1.902429	10.00	3.143549	0	0.00	0.06596588	-3.499373	10.00	3.633828
-1.902429	10.00	3.209554	0	0.00	0.06600552	-3.534642	10.00	3.668442
-1.905176	10.00	3.275905	-0.002746553	0.00	0.06635092	-3.569788	10.00	3.702739
-1.916183	10.00	3.341711	-0.01100748	0.00	0.06580593	-3.605498	10.00	3.737412
-1.932496	10.00	3.408366	-0.01631287	0.00	0.06665527	-3.64309	10.00	3.773912
-1.957821	10.00	3.478532	-0.02532495	0.00	0.0701659	-3.676288	10.00	3.806221
-1.981343	10.00	3.540385	-0.02352211	0.00	0.06185222	-3.711967	10.00	3.840947
-2.009198	10.00	3.60686	-0.02785502	0.00	0.0664755	-3.747046	10.00	3.875196
-2.038536	10.00	3.672335	-0.02933761	0.00	0.06547468	-3.78372	10.00	3.911002
-2.070534	10.00	3.740788	-0.03199778	0.00	0.06845305	-3.818002	10.00	3.944575
-2.100451	10.00	3.804792	-0.02991806	0.00	0.06400389	-3.853414	10.00	3.979187
-2.131351	10.00	3.870896	-0.03090003	0.00	0.06610461	-3.889596	10.00	4.014713
-2.163004	10.00	3.93861	-0.03165238	0.00	0.06771412	-3.92411	10.00	4.048577
-2.193248	10.00	4.003311	-0.03024362	0.00	0.06470036	-3.959136	10.00	4.082943
-2.22394	10.00	4.068971	-0.03069225	0.00	0.06566012	-3.994529	10.00	4.117785
-2.254955	10.00	4.135322	-0.03101516	0.00	0.06635092	-4.029992	10.00	4.152697
-2.286033	10.00	4.201807	-0.03107803	0.00	0.0664854	-4.064911	10.00	4.187073
-2.316634	10.00	4.267272	-0.03060094	0.00	0.06546477	-4.100951	10.00	4.222671
-2.348219	10.00	4.334843	-0.03158555	0.00	0.06757115	-4.136059	10.00	4.257368
-2.378986	10.00	4.400662	-0.03076636	0.00	0.06581867	-4.171355	10.00	4.292248
-2.409915	10.00	4.466829	-0.03092914	0.00	0.0661669	-4.207014	10.00	4.327489
-2.441164	10.00	4.533679	-0.03124874	0.00	0.06685062	-4.241845	10.00	4.361911
-2.471686	10.00	4.598976	-0.0305222	0.00	0.06529631	-4.277328	10.00	4.396977
-2.50278	10.00	4.665495	-0.0310939	0.00	0.06651937	-4.312754	10.00	4.431987
-2.533824	10.00	4.731908	-0.03104428	0.00	0.06641321	-4.347361	10.00	4.466187
-2.566663	10.00	4.796785	-0.03283913	0.00	0.06487731	-4.382863	10.00	4.501273
-2.603574	10.00	4.86334	-0.03691043	0.00	0.06655476	-4.417862	10.00	4.535862
-2.642504	10.00	4.928955	-0.03893051	0.00	0.06561482	-4.453105	10.00	4.57069
-2.686182	10.00	4.995023	-0.04367736	0.00	0.06606781	-4.487923	10.00	4.6051
-2.731231	10.00	5.060298	-0.04504945	0.00	0.06527508	-4.523232	10.00	4.639995
-2.781401	10.00	5.126492	-0.05017012	0.00	0.0661938	-4.55832	10.00	4.67467
-2.831893	10.00	5.192269	-0.0504916	0.00	0.06577761	-4.593643	10.00	4.709579
-2.883364	10.00	5.258489	-0.05147182	0.00	0.06621927	-4.628872	10.00	4.744394
-2.934701	10.00	5.324534	-0.05133648	0.00	0.06604516	-4.664283	10.00	4.779389
-2.9863	10.00	5.390917	-0.05159946	0.00	0.06638348	-4.69971	10.00	4.8144
-3.039853	10.00	5.457332	-0.05355292	0.00	0.06641462	-4.73461	10.00	4.84889
-3.093243	10.00	5.522758	-0.05338971	0.00	0.06542655	-4.769933	10.00	4.883799
-3.147281	10.00	5.588979	-0.05403775	0.00	0.06622069	-4.80577	10.00	4.919214
-3.202103	10.00	5.656161	-0.05482209	0.00	0.06718186	-4.840866	10.00	4.953898
-3.255793	10.00	5.721956	-0.05369005	0.00	0.0657946	-4.875592	10.00	4.988217
-3.308917	10.00	5.787056	-0.05312403	0.00	0.06510097	-4.910836	10.00	5.023046
-3.362833	10.00	5.853128	-0.05391646	0.00	0.06607205	-4.946153	10.00	5.057948
-3.41686	10.00	5.919335	-0.0540262	0.00	0.06620653	-4.98143	10.00	5.092812
-3.470827	10.00	5.985469	-0.05396729	0.00	0.06613434	-5.016701	10.00	5.127668
-3.524785	10.00	6.051592	-0.05395805	0.00	0.06612302	-5.052071	10.00	5.162623
-3.578893	10.00	6.117899	-0.05410821	0.00	0.06630704	-5.087267	10.00	5.197457
-3.632781	10.00	6.183936	-0.05388758	0.00	0.06603666	-5.122396	10.00	5.232224
-3.686566	10.00	6.249847	-0.05378477	0.00	0.06591067	-5.157793	10.00	5.267256
-3.740759	10.00	6.316259	-0.0541937	0.00	0.06641179	-5.192688	10.00	5.301924
-3.794359	10.00	6.381943	-0.05359995	0.00	0.06568418	-5.227827	10.00	5.336836
-3.848335	10.00	6.448087	-0.05397537	0.00	0.06614425	-5.262954	10.00	5.371735
-3.902292	10.00	6.514209	-0.05395689	0.00	0.0661216	-5.298195	10.00	5.406745
-3.956422	10.00	6.580543	-0.05413016	0.00	0.06633393	-5.333179	10.00	5.4415
-4.010156	10.00	6.646391	-0.05373395	0.00	0.0658484	-5.368521	10.00	5.47661
-4.064441	10.00	6.712914	-0.05428495	0.00	0.06652362	-5.40533	10.00	5.513175
-4.120977	10.00	6.782197	-0.05653634	0.00	0.06928258	-5.438765	10.00	5.54639
-4.17233	10.00	6.845128	-0.05135319	0.00	0.06293089	-5.473767	10.00	5.581161
-4.226092	10.00	6.911011	-0.05376167	0.00	0.06588237	-5.509094	10.00	5.616252
-4.28035	10.00	6.977501	-0.05425839	0.00	0.06649107	-5.544093	10.00	5.651017
-4.321986	10.00	7.043375	-0.04163561	0.00	0.06587388	-5.578994	10.00	5.685684
-4.350146	10.00	7.109063	-0.02816067	0.00	0.06568702	-5.614207	10.00	5.720819
-4.36704	10.00	7.175463	-0.01689346	0.00	0.06640047	-5.648948	10.00	5.755585
-4.36704	10.00	7.241024	0	0.00	0.06556103	-5.683892	10.00	5.79067
-4.36704	10.00	7.307178	0	0.00	0.06615416	-5.719513	10.00	5.826579
-4.36704	10.00	7.374938	0	0.00	0.06775942	-5.753263	10.00	5.860761
-4.36704	10.00	7.439346	0	0.00	0.06440875	-5.78833	10.00	5.896252
-4.36704	10.00	7.506258	0	0.00	0.06691149	-5.823596	10.00	5.932048
-4.359036	10.00	7.573598	0.008003908	0.00	0.06734041	-5.857144	10.00	5.966147
-4.35514	10.00	7.637725	0.003896367	0.00	0.06412705	-5.891688	10.00	6.001399
-4.353047	10.00	7.703717	0.002092682	0.00	0.06599136	-5.926254	10.00	6.03679
-4.353047	10.00	7.76996	0	0.00	0.06624334	-5.960577	10.00	6.071929
-4.353047	10.00	7.835733	0	0.00	0.06577337	-5.995399	10.00	6.107653
-4.353047	10.00	7.902591	0	0.00	0.0668577	-6.029206	10.00	6.142408
-4.353047	10.00	7.967651	0	0.00	0.06505992	-6.063748	10.00	6.177912
-4.353047	10.00	8.034121	0	0.00	0.06646983	-6.098341	10.00	6.213525
-4.353047	10.00	8.100881	0	0.00	0.06676003	-6.13239	10.00	6.2486
-4.353047	10.00	8.166751	0	0.00	0.06586963	-6.166404	10.00	6.283611
-4.352233	10.00	8.232677	0.0008139047	0.00	0.06592625	-6.201311	10.00	6.319597
-4.35008	10.00	8.30057	0.002153014	0.00	0.0678939	-6.234528	10.00	6.353837
-4.346155	10.00	8.365176	0.003925439	0.00	0.06460552	-6.268221	10.00	6.3887
-4.341542	10.00	8.430651	0.004612233	0.00	0.06547468	-6.302638	10.00	6.424326
-4.33552	10.00	8.497703	0.006021826	0.00	0.06705163	-6.336673	10.00	6.459657
-4.329562	10.00	8.564051	0.005958641	0.00	0.06634809	-6.370321	10.00	6.494693
-4.323671	10.00	8.62964	0.005890499	0.00	0.06558934	-6.405085	10.00	6.53101
-4.317562	10.00	8.697671	0.006109801	0.00	0.06803121	-6.437667	10.00	6.565045
-4.311836	10.00	8.761427	0.005725864	0.00	0.06375617	-6.471408	10.00	6.600283
-4.305907	10.00	8.827441	0.005928638	0.00	0.06601401	-6.506073	10.00	6.636411
-4.299803	10.00	8.895413	0.006104461	0.00	0.06797176	-6.538912	10.00	6.670705
-4.294011	10.00	8.959907	0.0057921	0.00	0.06449369	-6.589753	10.00	6.723958
-4.285045	10.00	9.059739	0.008965804	0.00	0.09983215	-6.640126	10.00	6.776179
-4.276202	10.00	9.158196	0.008842359	0.00	0.09845762	-6.674143	10.00	6.811085
-4.270262	10.00	9.22434	0.005940335	0.00	0.06614425	-6.708037	10.00	6.845622
-4.264365	10.00	9.290001	0.005896856	0.00	0.06566012	-6.742191	10.00	6.880188
-4.258442	10.00	9.355947	0.005922536	0.00	0.06594606	-6.776502	10.00	6.914678
-4.251872	10.00	9.421989	0.006570661	0.00	0.06604233	-6.810827	10.00	6.948944
-4.244685	10.00	9.48782	0.00718696	0.00	0.06582999	-6.845551	10.00	6.983368
-4.237439	10.00	9.554192	0.00724615	0.00	0.06637216	-6.880374	10.00	7.017676
-4.230204	10.00	9.620461	0.007234868	0.00	0.06626882	-6.915474	10.00	7.052032
-4.222944	10.00	9.686958	0.007259905	0.00	0.06649815	-6.95036	10.00	7.085988
-4.215763	10.00	9.752737	0.007181396	0.00	0.06577903	-6.985789	10.00	7.120285
-4.208504	10.00	9.819227	0.007258978	0.00	0.06648965	-7.020884	10.00	7.154123
-4.201347	10.00	9.884777	0.00715636	0.00	0.06554971	-7.056322	10.00	7.188299
-4.194128	10.00	9.950904	0.007219414	0.00	0.06612726	-7.091997	10.00	7.222822
-4.186848	10.00	10.01758	0.007279532	0.00	0.06667792	-7.127174	10.00	7.256863
-4.179049	10.00	10.0832	0.007799651	0.00	0.0656219	-7.162509	10.00	7.291217
-4.170573	10.00	10.14914	0.008475819	0.00	0.06593899	-7.19828	10.00	7.326103
-4.161978	10.00	10.21601	0.008595002	0.00	0.06686619	-7.23343	10.00	7.360385
-4.152896	10.00	10.28171	0.009082014	0.00	0.06570542	-7.268544	10.00	7.394746
-4.143188	10.00	10.34735	0.0097086	0.00	0.0656403	-7.304453	10.00	7.43002
-4.13326	10.00	10.41448	0.009927605	0.00	0.067121	-7.339294	10.00	7.464243
-4.123628	10.00	10.4796	0.00963218	0.00	0.06512362	-7.374764	10.00	7.499085
-4.113822	10.00	10.5459	0.009806168	0.00	0.06629996	-7.410978	10.00	7.534708
-4.103802	10.00	10.61364	0.01001973	0.00	0.06774385	-7.445195	10.00	7.568499
-4.094303	10.00	10.67786	0.009498601	0.00	0.06422048	-7.480409	10.00	7.603271
-4.084528	10.00	10.74395	0.009774554	0.00	0.06608621	-7.515232	10.00	7.639077
-4.074738	10.00	10.81014	0.009790257	0.00	0.06619238	-7.549274	10.00	7.676641
-4.064971	10.00	10.87617	0.009766597	0.00	0.06603242	-7.583432	10.00	7.714245
-4.055199	10.00	10.94225	0.009772669	0.00	0.06607347	-7.617997	10.00	7.752248
-4.045982	10.00	11.00893	0.009217218	0.00	0.06668358	-7.651888	10.00	7.789723
-4.036953	10.00	11.07425	0.009028597	0.00	0.06531896	-7.686699	10.00	7.827695
-4.027725	10.00	11.14102	0.009228568	0.00	0.06676569	-7.721145	10.00	7.865455
-4.018594	10.00	11.20708	0.00913093	0.00	0.06605931	-7.755508	10.00	7.90299
-4.009495	10.00	11.2729	0.009098254	0.00	0.06582291	-7.7903	10.00	7.9409
-4.000313	10.00	11.33933	0.009182781	0.00	0.06643444	-7.824808	10.00	7.978491
-3.991237	10.00	11.40499	0.009075556	0.00	0.0656587	-7.861499	10.00	8.018043
-3.981624	10.00	11.47454	0.009613246	0.00	0.06954871	-7.894888	10.00	8.054762
-3.972874	10.00	11.53784	0.008749383	0.00	0.06329894	-7.929598	10.00	8.09213
-3.963814	10.00	11.60339	0.009060686	0.00	0.06555112	-7.964999	10.00	8.130182
-3.954615	10.00	11.66994	0.009198629	0.00	0.0665491	-8.001537	10.00	8.169233
-3.94513	10.00	11.73856	0.00948528	0.00	0.06862292	-8.035482	10.00	8.205901
-3.936397	10.00	11.80174	0.008732946	0.00	0.06318003	-8.070932	10.00	8.243617
-3.927254	10.00	11.86789	0.009142865	0.00	0.06614567	-8.107543	10.00	8.282499
-3.917886	10.00	11.93566	0.00936749	0.00	0.06777075	-8.142561	10.00	8.319774
-3.908997	10.00	11.99997	0.008889673	0.00	0.0643139	-8.178265	10.00	8.357151
-3.89987	10.00	12.066	0.009126625	0.00	0.06602817	-8.214464	10.00	8.394609
-3.890597	10.00	12.13309	0.009272983	0.00	0.06708702	-8.249651	10.00	8.430789
-3.881581	10.00	12.19832	0.009016074	0.00	0.06522837	-8.284904	10.00	8.466739
-3.872477	10.00	12.26418	0.009104515	0.00	0.06586821	-8.31998	10.00	8.50236
-3.863342	10.00	12.33027	0.009135039	0.00	0.06608904	-8.35478	10.00	8.537541
-3.854212	10.00	12.39633	0.009129952	0.00	0.06605224	-8.389359	10.00	8.572493
-3.84509	10.00	12.46232	0.009121537	0.00	0.06599136	-8.424006	10.00	8.60751
-3.835933	10.00	12.52856	0.009156757	0.00	0.06624617	-8.458352	10.00	8.642239
-3.826835	10.00	12.59439	0.009098059	0.00	0.0658215	-8.492881	10.00	8.677148
-3.817672	10.00	12.66068	0.009163214	0.00	0.06629288	-8.527348	10.00	8.71197
-3.808504	10.00	12.72701	0.009167911	0.00	0.06632686	-8.561644	10.00	8.746395
-3.799422	10.00	12.79271	0.0090826	0.00	0.06570967	-8.596495	10.00	8.781152
-3.790233	10.00	12.85919	0.00918826	0.00	0.06647408	-8.631228	10.00	8.815568
-3.781115	10.00	12.92515	0.009118016	0.00	0.06596588	-8.666087	10.00	8.849883
-3.772004	10.00	12.99107	0.009111754	0.00	0.06592058	-8.701447	10.00	8.884484
-3.762802	10.00	13.05764	0.009201174	0.00	0.0665675	-8.736555	10.00	8.918609
-3.753704	10.00	13.12347	0.009098254	0.00	0.06582291	-8.772262	10.00	8.953122
-3.744494	10.00	13.19009	0.009209783	0.00	0.06662979	-8.808753	10.00	8.988155
-3.735114	10.00	13.25796	0.009380207	0.00	0.06786276	-8.843008	10.00	9.021002
-3.726324	10.00	13.32155	0.008789885	0.00	0.06359196	-8.878682	10.00	9.05523
-3.717178	10.00	13.38772	0.009145997	0.00	0.06616832	-8.915585	10.00	9.090641
-3.707717	10.00	13.45617	0.009461017	0.00	0.06844739	-8.95038	10.00	9.124142
-3.698796	10.00	13.52071	0.008921176	0.00	0.06454182	-8.985592	10.00	9.158044
-3.689768	10.00	13.58602	0.009027814	0.00	0.0653133	-9.022071	10.00	9.193299
-3.680416	10.00	13.65368	0.009352228	0.00	0.06766033	-9.056881	10.00	9.226944
-3.671492	10.00	13.71824	0.008923916	0.00	0.06456164	-9.0924	10.00	9.261272
-3.662386	10.00	13.78412	0.00910569	0.00	0.06587671	-9.129236	10.00	9.296877
-3.652942	10.00	13.85244	0.009443995	0.00	0.06832424	-9.164509	10.00	9.330969
-3.6439	10.00	13.91786	0.009042685	0.00	0.06542089	-9.20029	10.00	9.365551
-3.634727	10.00	13.98423	0.009173194	0.00	0.06636508	-9.235625	10.00	9.399703
-3.625668	10.00	14.04976	0.009058534	0.00	0.06553555	-9.271556	10.00	9.434433
-3.616456	10.00	14.11641	0.009211935	0.00	0.06664536	-9.307354	10.00	9.469031
-3.607279	10.00	14.1828	0.009177107	0.00	0.06639339	-9.342102	10.00	9.502616
-3.598371	10.00	14.24725	0.008908458	0.00	0.0644498	-9.377699	10.00	9.537023
-3.589244	10.00	14.31328	0.009126038	0.00	0.06602392	-9.413367	10.00	9.571496
-3.5801	10.00	14.37943	0.009144235	0.00	0.06615558	-9.448865	10.00	9.605804
-3.571	10.00	14.44527	0.009100211	0.00	0.06583707	-9.485126	10.00	9.640853
-3.561703	10.00	14.51253	0.009296658	0.00	0.06725831	-9.521282	10.00	9.675797
-3.552434	10.00	14.57959	0.009268874	0.00	0.0670573	-9.556205	10.00	9.709551
-3.543482	10.00	14.64436	0.008952874	0.00	0.06477114	-9.592358	10.00	9.744493
-3.534213	10.00	14.71141	0.009268483	0.00	0.06705447	-9.627487	10.00	9.778447
-3.525207	10.00	14.77657	0.009006291	0.00	0.06515759	-9.662781	10.00	9.81256
-3.516159	10.00	14.84203	0.009048163	0.00	0.06546053	-9.698892	10.00	9.84746
-3.506901	10.00	14.909	0.00925733	0.00	0.06697378	-9.734437	10.00	9.881817
-3.497788	10.00	14.97493	0.009112928	0.00	0.06592908	-9.769451	10.00	9.915656
-3.488812	10.00	15.03987	0.008976353	0.00	0.064941	-9.805266	10.00	9.950275
-3.47963	10.00	15.1063	0.009182194	0.00	0.0664302	-9.840735	10.00	9.984557
-3.470537	10.00	15.17209	0.009093166	0.00	0.06578611	-9.87671	10.00	10.01933
-3.461314	10.00	15.23881	0.009222893	0.00	0.06672464	-9.912054	10.00	10.05349
-3.452253	10.00	15.30437	0.009060882	0.00	0.06555254	-9.947673	10.00	10.08791
-3.443121	10.00	15.37043	0.009131517	0.00	0.06606356	-9.983334	10.00	10.12238
-3.433979	10.00	15.43657	0.009142474	0.00	0.06614283	-10.01913	10.00	10.15698
-3.424802	10.00	15.50296	0.00917652	0.00	0.06638914	-10.05451	10.00	10.19117
-3.415733	10.00	15.56858	0.009069881	0.00	0.06561765	-10.09043	10.00	10.22589
-3.406524	10.00	15.6352	0.009208608	0.00	0.0666213	-10.12595	10.00	10.26022
-3.397416	10.00	15.70109	0.009107841	0.00	0.06589227	-10.16164	10.00	10.29471
-3.388268	10.00	15.76728	0.009147953	0.00	0.06618247	-10.19716	10.00	10.32905
-3.379159	10.00	15.83318	0.009108819	0.00	0.06589935	-10.23279	10.00	10.36348
-3.370027	10.00	15.89924	0.009132104	0.00	0.06606781	-10.26858	10.00	10.39808
-3.36085	10.00	15.96564	0.009177107	0.00	0.06639339	-10.30437	10.00	10.43267
-3.351676	10.00	16.03201	0.009174367	0.00	0.06637357	-10.33953	10.00	10.46665
-3.342662	10.00	16.09722	0.009013335	0.00	0.06520855	-10.37537	10.00	10.50129
-3.333475	10.00	16.16369	0.009187673	0.00	0.06646983	-10.41135	10.00	10.53607
-3.32425	10.00	16.23043	0.009225045	0.00	0.06674021	-10.44713	10.00	10.57065
-3.315077	10.00	16.29679	0.009173194	0.00	0.06636508	-10.48234	10.00	10.60468
-3.306051	10.00	16.36209	0.009025661	0.00	0.06529773	-10.51822	10.00	10.63936
-3.296852	10.00	16.42864	0.009198825	0.00	0.06655052	-10.554	10.00	10.67394
-3.287679	10.00	16.495	0.009172802	0.00	0.06636225	-10.58922	10.00	10.70799
-3.278648	10.00	16.56034	0.009030945	0.00	0.06533595	-10.62482	10.00	10.74239
-3.269524	10.00	16.62635	0.009124668	0.00	0.06601401	-10.66051	10.00	10.77688
-3.260374	10.00	16.69255	0.009149714	0.00	0.06619521	-10.6961	10.00	10.81128
-3.251249	10.00	16.75857	0.009125255	0.00	0.06601826	-10.73164	10.00	10.84564
-3.242136	10.00	16.8245	0.009112732	0.00	0.06592766	-10.76742	10.00	10.88021
-3.232965	10.00	16.89084	0.00917065	0.00	0.06634668	-10.80304	10.00	10.91465
-3.223831	10.00	16.95692	0.009133865	0.00	0.06608055	-10.83855	10.00	10.94897
-3.214729	10.00	17.02278	0.009102559	0.00	0.06585406	-10.87419	10.00	10.98341
-3.205593	10.00	17.08887	0.009136213	0.00	0.06609754	-10.90977	10.00	11.0178
-3.19647	10.00	17.15487	0.009122712	0.00	0.06599986	-10.94551	10.00	11.05235
-3.187307	10.00	17.22116	0.009162432	0.00	0.06628722	-10.98095	10.00	11.08659
-3.178223	10.00	17.28688	0.009084166	0.00	0.06572099	-11.01673	10.00	11.12118
-3.169048	10.00	17.35326	0.009175151	0.00	0.06637923	-11.0528	10.00	11.15604
-3.159802	10.00	17.42015	0.009246176	0.00	0.06689309	-11.08825	10.00	11.1903
-3.150715	10.00	17.4859	0.009087101	0.00	0.06574222	-11.12363	10.00	11.2245
-3.141643	10.00	17.55153	0.009071838	0.00	0.06563181	-11.16	10.00	11.25965
-3.132319	10.00	17.61898	0.009323857	0.00	0.06745508	-11.19489	10.00	11.29338
-3.123375	10.00	17.68369	0.00894446	0.00	0.06471027	-11.23117	10.00	11.32845
-3.114072	10.00	17.751	0.009302529	0.00	0.06730077	-11.26641	10.00	11.3625
-3.105038	10.00	17.81635	0.009034075	0.00	0.0653586	-11.30197	10.00	11.39687
-3.095922	10.00	17.8823	0.009115667	0.00	0.0659489	-11.3375	10.00	11.43121
-3.086813	10.00	17.9482	0.009109015	0.00	0.06590077	-11.37347	10.00	11.46597
-3.077594	10.00	18.01491	0.009219958	0.00	0.0667034	-11.40875	10.00	11.50008
-3.068548	10.00	18.08035	0.00904562	0.00	0.06544212	-11.44437	10.00	11.5345
-3.059416	10.00	18.14641	0.009131713	0.00	0.06606498	-11.48001	10.00	11.56895
-3.050278	10.00	18.21252	0.009137779	0.00	0.06610886	-11.51589	10.00	11.60362
-3.041081	10.00	18.27906	0.009197065	0.00	0.06653778	-11.55131	10.00	11.63787
-3.031999	10.00	18.34477	0.0090826	0.00	0.06570967	-11.58713	10.00	11.67248
-3.022817	10.00	18.41119	0.009181216	0.00	0.06642312	-11.62284	10.00	11.707
-3.013661	10.00	18.47743	0.009155975	0.00	0.0662405	-11.65818	10.00	11.74116
-3.004601	10.00	18.54298	0.009059903	0.00	0.06554546	-11.69415	10.00	11.77592
-2.99538	10.00	18.6097	0.009221719	0.00	0.06671614	-11.72945	10.00	11.81004
-2.986331	10.00	18.67516	0.009048359	0.00	0.06546194	-11.76525	10.00	11.84464
-2.977152	10.00	18.74157	0.009179846	0.00	0.06641321	-11.80077	10.00	11.87898
-2.968045	10.00	18.80745	0.009106472	0.00	0.06588237	-11.83651	10.00	11.91351
-2.958885	10.00	18.87372	0.009160279	0.00	0.06627165	-11.87311	10.00	11.94889
-2.949501	10.00	18.94161	0.009383534	0.00	0.06788682	-11.90781	10.00	11.98243
-2.940606	10.00	19.00597	0.008895739	0.00	0.06435779	-11.94351	10.00	12.01694
-2.931451	10.00	19.0722	0.009154214	0.00	0.06622776	-11.98019	10.00	12.05239
-2.922048	10.00	19.14023	0.009403883	0.00	0.06803405	-12.01464	10.00	12.08568
-2.913218	10.00	19.20411	0.008829605	0.00	0.06387933	-12.05007	10.00	12.11993
-2.904133	10.00	19.26983	0.009084753	0.00	0.06572524	-12.08616	10.00	12.15481
-2.894881	10.00	19.33677	0.009251851	0.00	0.06693414	-12.12159	10.00	12.18905
-2.885163	10.00	19.40248	0.009718232	0.00	0.06570542	-12.15807	10.00	12.22431
-2.875155	10.00	19.47014	0.01000758	0.00	0.06766175	-12.19267	10.00	12.25775
-2.863799	10.00	19.53431	0.0113561	0.00	0.06417518	-12.22843	10.00	12.29231
-2.851421	10.00	19.60063	0.01237829	0.00	0.06632261	-12.26421	10.00	12.3269
-2.836462	10.00	19.66701	0.01495919	0.00	0.0663764	-12.30036	10.00	12.36184
-2.819402	10.00	19.73407	0.01706021	0.00	0.06705588	-12.3351	10.00	12.39542
-2.801761	10.00	19.7985	0.01764065	0.00	0.06443281	-12.37078	10.00	12.4299
-2.783645	10.00	19.86467	0.01811619	0.00	0.06616973	-12.40646	10.00	12.46438
-2.765529	10.00	19.93084	0.01811619	0.00	0.06616973	-12.44219	10.00	12.49893
-2.747381	10.00	19.99713	0.01814797	0.00	0.0662858	-12.47786	10.00	12.53339
-2.729273	10.00	20.06326	0.01810766	0.00	0.06613859	-12.51334	10.00	12.56769
-2.709978	10.00	20.12909	0.01929553	0.00	0.0658215	-12.54903	10.00	12.60219
-2.689931	10.00	20.19528	0.02004647	0.00	0.06619663	-12.58471	10.00	12.63667
-2.669892	10.00	20.26145	0.02003919	0.00	0.06617256	-12.62021	10.00	12.67098
-2.649952	10.00	20.3273	0.01994016	0.00	0.06584556	-12.65584	10.00	12.70541
-2.629942	10.00	20.39338	0.02001004	0.00	0.0660763	-12.69155	10.00	12.73993
-2.609884	10.00	20.45961	0.02005762	0.00	0.06623343	-12.72724	10.00	12.77442
-2.589839	10.00	20.5258	0.02004562	0.00	0.0661938	-12.76272	10.00	12.80872
-2.569908	10.00	20.59162	0.01993073	0.00	0.06581442	-12.79858	10.00	12.84338
-2.549123	10.00	20.65812	0.02078477	0.00	0.06650805	-12.83444	10.00	12.87804
-2.528335	10.00	20.72465	0.02078831	0.00	0.06651937	-12.86984	10.00	12.91226
-2.507816	10.00	20.7903	0.0205189	0.00	0.06565729	-12.90692	10.00	12.94809
-2.486328	10.00	20.85906	0.02148729	0.00	0.06875598	-12.94121	10.00	12.98124
-2.466448	10.00	20.92267	0.01988053	0.00	0.06361461	-12.97658	10.00	13.01542
-2.445948	10.00	20.98827	0.02049987	0.00	0.06559642	-13.01248	10.00	13.05012
-2.425097	10.00	21.05499	0.02085113	0.00	0.06672039	-13.048	10.00	13.08447
-2.40442	10.00	21.12115	0.02067683	0.00	0.06616265	-13.08307	10.00	13.11839
-2.383969	10.00	21.18659	0.02045121	0.00	0.06544071	-13.11984	10.00	13.15395
-2.362483	10.00	21.25534	0.02148552	0.00	0.06875032	-13.15422	10.00	13.18722
-2.342343	10.00	21.31979	0.02014021	0.00	0.06444556	-13.18893	10.00	13.22081
-2.321974	10.00	21.38497	0.02036937	0.00	0.06517883	-13.22385	10.00	13.2546
-2.301439	10.00	21.45068	0.02053482	0.00	0.06570825	-13.2592	10.00	13.28883
-2.280603	10.00	21.51735	0.02083609	0.00	0.06667226	-13.29401	10.00	13.32254
-2.260048	10.00	21.58312	0.02055517	0.00	0.06577337	-13.32912	10.00	13.35654
-2.239272	10.00	21.6496	0.02077593	0.00	0.06647974	-13.36382	10.00	13.39015
-2.218692	10.00	21.71545	0.02057951	0.00	0.06585123	-13.39849	10.00	13.42375
-2.198086	10.00	21.78139	0.02060649	0.00	0.06593757	-13.43287	10.00	13.45706
-2.177313	10.00	21.84786	0.02077239	0.00	0.06646842	-13.4662	10.00	13.48934
-2.156838	10.00	21.91338	0.0204751	0.00	0.06551715	-13.49942	10.00	13.5215
-2.136085	10.00	21.97978	0.02075336	0.00	0.06640755	-13.53183	10.00	13.55287
-2.115439	10.00	22.04585	0.02064542	0.00	0.06606214	-13.56344	10.00	13.58347
-2.094852	10.00	22.11172	0.02058747	0.00	0.06587671	-13.59458	10.00	13.61361
-2.074105	10.00	22.17811	0.02074673	0.00	0.06638631	-13.62489	10.00	13.64293
-2.053444	10.00	22.24422	0.02066135	0.00	0.06611311	-13.6543	10.00	13.67139
-2.032861	10.00	22.31008	0.02058304	0.00	0.06586255	-13.68428	10.00	13.70039
-2.011263	10.00	22.3792	0.02159833	0.00	0.0691113	-13.71083	10.00	13.72606
-1.991521	10.00	22.44237	0.01974162	0.00	0.06317012	-13.73776	10.00	13.75212
-1.970885	10.00	22.5084	0.02063613	0.00	0.06603242	-13.7644	10.00	13.77788
-1.949804	10.00	22.57586	0.02108118	0.00	0.06745649	-13.78926	10.00	13.80194
-1.929445	10.00	22.641	0.02035831	0.00	0.06514344	-13.81349	10.00	13.82536
-1.908923	10.00	22.70667	0.02052199	0.00	0.0656672	-13.83702	10.00	13.84812
-1.888263	10.00	22.77277	0.02066002	0.00	0.06610886	-13.85971	10.00	13.87006
-1.867582	10.00	22.83895	0.0206817	0.00	0.06617822	-13.88145	10.00	13.89108
-1.846983	10.00	22.90487	0.02059897	0.00	0.06591351	-13.90231	10.00	13.91125
-1.826401	10.00	22.97072	0.02058172	0.00	0.0658583	-13.92245	10.00	13.93073
-1.805665	10.00	23.03708	0.02073567	0.00	0.06635092	-13.94158	10.00	13.94922
-1.784999	10.00	23.1032	0.02066666	0.00	0.06613009	-13.95976	10.00	13.96679
-1.764333	10.00	23.16933	0.02066533	0.00	0.06612585	-13.97723	10.00	13.98369
-1.743361	10.00	23.23644	0.02097235	0.00	0.06710826	-13.99317	10.00	13.99911
-1.723002	10.00	23.30158	0.02035875	0.00	0.06514485	-14.00847	10.00	14.01392
-1.70217	10.00	23.36824	0.02083255	0.00	0.06666093	-14.02267	10.00	14.02765
-1.681652	10.00	23.4339	0.02051757	0.00	0.06565304	-14.03648	10.00	14.041
-1.660391	10.00	23.50193	0.02126078	0.00	0.06803121	-14.04869	10.00	14.0528
-1.640221	10.00	23.56647	0.02017074	0.00	0.06454323	-14.06026	10.00	14.06397
-1.619684	10.00	23.63219	0.02053704	0.00	0.06571533	-14.0711	10.00	14.07443
-1.598824	10.00	23.69893	0.02085954	0.00	0.06674729	-14.08089	10.00	14.08386
-1.578248	10.00	23.76477	0.02057597	0.00	0.0658399	-14.08973	10.00	14.09236
-1.557726	10.00	23.83044	0.02052199	0.00	0.0656672	-14.09801	10.00	14.10032
-1.536259	10.00	23.89913	0.02146738	0.00	0.06869229	-14.10474	10.00	14.10677
-1.516261	10.00	23.96312	0.01999732	0.00	0.06398833	-14.11562	10.00	14.11706
-1.472178	10.00	24.10418	0.04408364	0.00	0.1410608	-14.12264	10.00	14.12367
-1.433592	10.00	24.22765	0.03858563	0.00	0.123468	-14.12547	10.00	14.12634
-1.41282	10.00	24.29412	0.02077239	0.00	0.06646842	-14.1278	10.00	14.12853
-1.39243	10.00	24.35936	0.02038928	0.00	0.06524253	-14.12978	10.00	14.13039
-1.371896	10.00	24.42507	0.02053482	0.00	0.06570825	-14.13138	10.00	14.1319
-1.351328	10.00	24.49088	0.02056756	0.00	0.065813	-14.13277	10.00	14.13321
-1.330572	10.00	24.5573	0.02075646	0.00	0.06641746	-14.13389	10.00	14.13426
-1.309977	10.00	24.6232	0.02059499	0.00	0.06590077	-14.13485	10.00	14.13517
-1.28926	10.00	24.68949	0.0207162	0.00	0.06628864	-14.13574	10.00	14.136
-1.268673	10.00	24.75537	0.02058703	0.00	0.06587529	-14.13655	10.00	14.13676
-1.248032	10.00	24.82141	0.020641	0.00	0.06604799	-14.13728	10.00	14.13745
-1.227311	10.00	24.88772	0.02072151	0.00	0.06630562	-14.13794	10.00	14.13807
-1.206676	10.00	24.95375	0.0206348	0.00	0.06602817	-14.13852	10.00	14.13861
-1.186039	10.00	25.01978	0.02063746	0.00	0.06603666	-14.13901	10.00	14.13907
-1.16532	10.00	25.08608	0.02071841	0.00	0.06629571	-14.13943	10.00	14.13946
-1.144683	10.00	25.15211	0.02063701	0.00	0.06603525	-14.13975	10.00	14.13977
-1.124038	10.00	25.21818	0.02064542	0.00	0.06606214	-14.13999	10.00	14.13999
-1.103378	10.00	25.28428	0.02065958	0.00	0.06610744	-14.14	10.00	14.14
-1.082653	10.00	25.3506	0.02072505	0.00	0.06631695	-14.14	10.00	14.14
-1.06122	10.00	25.41918	0.02143287	0.00	0.06858187	-14.14	10.00	14.14
-1.041399	10.00	25.48261	0.01982125	0.00	0.06342492	-14.14	10.00	14.14
-1.020575	10.00	25.54924	0.0208237	0.00	0.06663262	-14.14	10.00	14.14
-0.9998511	10.00	25.61555	0.02072417	0.00	0.06631412	-14.14	10.00	14.14
-0.9793154	10.00	25.68127	0.02053571	0.00	0.06571108	-14.14	10.00	14.14
-0.9588005	10.00	25.74691	0.02051491	0.00	0.06564455	-14.14	10.00	14.14
-0.9380984	10.00	25.81315	0.02070205	0.00	0.06624334	-14.14	10.00	14.14
-0.9174172	10.00	25.87933	0.02068125	0.00	0.06617681	-14.14	10.00	14.14
-0.8966483	10.00	25.94579	0.02076885	0.00	0.06645709	-14.14	10.00	14.14
-0.8761281	10.00	26.01145	0.02052022	0.00	0.06566153	-14.14	10.00	14.14
-0.8554659	10.00	26.07757	0.02066223	0.00	0.06611594	-14.14	10.00	14.14
-0.8347908	10.00	26.14372	0.02067506	0.00	0.06615699	-14.14	10.00	14.14
-0.8142657	10.00	26.2094	0.02052509	0.00	0.06567711	-14.14	10.00	14.14
-0.7934783	10.00	26.27592	0.02078743	0.00	0.06651655	-14.14	10.00	14.14
-0.7729302	10.00	26.34167	0.02054809	0.00	0.06575072	-14.14	10.00	14.14
-0.7521317	10.00	26.40822	0.02079849	0.00	0.06655193	-14.14	10.00	14.14
-0.7315699	10.00	26.47401	0.02056181	0.00	0.0657946	-14.14	10.00	14.14
-0.7110139	10.00	26.53979	0.02055606	0.00	0.0657762	-14.14	10.00	14.14
-0.6902751	10.00	26.60615	0.02073876	0.00	0.06636083	-14.14	10.00	14.14
21.11622
