0.02118156	10.00	-49.93426	0.02118156	0.00	0.06574081	-40	10.00	0
0.1233083	10.00	-49.61729	0.1021268	0.00	0.3169689	-39.99617	10.00	-0.002233817
0.1465505	10.00	-49.54515	0.0232422	0.00	0.07213639	-39.9904	10.00	-0.004389821
0.1696951	10.00	-49.47332	0.0231446	0.00	0.07183345	-39.98315	10.00	-0.006804184
0.1906842	10.00	-49.40818	0.02098909	0.00	0.06514344	-39.97414	10.00	-0.008522822
0.2119292	10.00	-49.34224	0.02124496	0.00	0.06593757	-39.96309	10.00	-0.0105498
0.2334086	10.00	-49.27557	0.02147939	0.00	0.06666518	-39.95011	10.00	-0.01236921
0.2548469	10.00	-49.20904	0.02143834	0.00	0.06653778	-39.93544	10.00	-0.01389395
0.2757521	10.00	-49.14415	0.02090517	0.00	0.06488297	-39.91851	10.00	-0.01558627
0.2971001	10.00	-49.0779	0.02134803	0.00	0.06625749	-39.88017	10.00	-0.01899945
0.3400092	10.00	-48.94472	0.04290906	0.00	0.1331761	-39.85684	10.00	-0.02063761
0.3613316	10.00	-48.87854	0.02132249	0.00	0.06617822	-39.83128	10.00	-0.02226957
0.3827449	10.00	-48.81208	0.02141326	0.00	0.06645992	-39.80374	10.00	-0.02385914
0.4040045	10.00	-48.7461	0.02125955	0.00	0.06598287	-39.7737	10.00	-0.02540714
0.4254889	10.00	-48.67942	0.02148441	0.00	0.06668075	-39.74089	10.00	-0.02688226
0.4473537	10.00	-48.61156	0.02186479	0.00	0.06786134	-39.70798	10.00	-0.02803694
0.4678762	10.00	-48.54786	0.0205225	0.00	0.0636953	-39.67215	10.00	-0.02907946
0.4889327	10.00	-48.48251	0.02105659	0.00	0.06535294	-39.63345	10.00	-0.02991501
0.510439	10.00	-48.41576	0.0215063	0.00	0.0667487	-39.59328	10.00	-0.03051093
0.5296632	10.00	-48.35145	0.01922415	0.00	0.06430805	-39.55068	10.00	-0.0309309
0.5497011	10.00	-48.2872	0.0200379	0.00	0.06424621	-39.50594	10.00	-0.03119189
0.5653216	10.00	-48.2259	0.01562054	0.00	0.06130781	-39.46007	10.00	-0.03141249
0.5769573	10.00	-48.17224	0.01163565	0.00	0.05365771	-39.41307	10.00	-0.0316113
0.5834466	10.00	-48.1247	0.006489257	0.00	0.04754051	-39.36369	10.00	-0.03170685
0.58492	10.00	-48.08177	0.001473528	0.00	0.04292661	-39.31512	10.00	-0.03169229
0.58492	10.00	-48.04332	0	0.00	0.03845597	-39.21542	10.00	-0.03163974
0.58492	10.00	-47.9889	0	0.00	0.05441284	-39.16597	10.00	-0.03161366
0.58492	10.00	-47.96574	0	0.00	0.02316682	-39.11596	10.00	-0.03158728
0.58492	10.00	-47.94942	0	0.00	0.01632015	-39.06576	10.00	-0.03156088
0.58492	10.00	-47.93499	0	0.00	0.0144325	-39.01626	10.00	-0.03153482
0.58492	10.00	-47.9265	0	0.00	0.008483461	-38.96786	10.00	-0.0315093
0.58492	10.00	-47.92008	0	0.00	0.006419683	-38.91862	10.00	-0.0314833
0.58492	10.00	-47.92008	0	0.00	0.0008104794	-38.86902	10.00	-0.03145712
0.58492	10.00	-47.92008	0	0.00	0	-38.81893	10.00	-0.03143076
0.58492	10.00	-47.92008	0	0.00	0	-38.76971	10.00	-0.03140485
0.58492	10.00	-47.92008	0	0.00	0	-38.71992	10.00	-0.03137859
0.58492	10.00	-47.92008	0	0.00	0	-38.67041	10.00	-0.03135253
0.58492	10.00	-47.92008	0	0.00	0	-38.571	10.00	-0.03130015
0.58492	10.00	-47.92008	0	0.00	0	-38.52221	10.00	-0.03127441
0.58492	10.00	-47.92008	0	0.00	0	-38.47174	10.00	-0.03124783
0.58492	10.00	-47.92008	0	0.00	0	-38.4192	10.00	-0.03122017
0.58492	10.00	-47.92008	0	0.00	0	-38.36324	10.00	-0.03119068
0.58492	10.00	-47.92008	0	0.00	0	-38.26955	10.00	-0.03114147
0.58492	10.00	-47.92008	0	0.00	0	-38.2157	10.00	-0.03111301
0.58492	10.00	-47.92008	0	0.00	0	-38.1637	10.00	-0.03108556
0.58492	10.00	-47.92008	0	0.00	0	-38.07104	10.00	-0.03103674
0.58492	10.00	-47.92008	0	0.00	0	-38.01416	10.00	-0.03100677
0.58492	10.00	-47.92008	0	0.00	0	-37.92104	10.00	-0.03095778
0.58492	10.00	-47.92008	0	0.00	0	-37.86946	10.00	-0.03093058
0.58492	10.00	-47.92008	0	0.00	0	-37.77507	10.00	-0.0308808
0.58492	10.00	-47.92008	0	0.00	0	-37.72309	10.00	-0.03085346
0.58492	10.00	-47.92008	0	0.00	0	-37.62597	10.00	-0.03080225
0.58492	10.00	-47.92008	0	0.00	0	-37.57108	10.00	-0.03077339
0.58492	10.00	-47.92008	0	0.00	0	-37.47697	10.00	-0.03072383
0.58492	10.00	-47.92008	0	0.00	0	-37.41557	10.00	-0.03069141
0.58492	10.00	-47.92008	0	0.00	0	-37.32999	10.00	-0.03064631
0.58492	10.00	-47.92008	0	0.00	0	-37.26196	10.00	-0.03061055
0.58492	10.00	-47.92008	0	0.00	0	-37.1817	10.00	-0.03056817
0.58492	10.00	-47.92008	0	0.00	0	-37.126	10.00	-0.03053886
0.58492	10.00	-47.92008	0	0.00	0	-37.03119	10.00	-0.0304889
0.58492	10.00	-47.92008	0	0.00	0	-36.98024	10.00	-0.030462
0.58492	10.00	-47.92008	0	0.00	0	-36.88237	10.00	-0.03041047
0.58492	10.00	-47.92008	0	0.00	0	-36.83125	10.00	-0.03038352
0.58492	10.00	-47.92008	0	0.00	0	-36.7338	10.00	-0.03033227
0.58492	10.00	-47.92008	0	0.00	0	-36.68503	10.00	-0.03030643
0.58492	10.00	-47.92008	0	0.00	0	-36.58483	10.00	-0.03025371
0.58492	10.00	-47.92008	0	0.00	0	-36.53706	10.00	-0.0302286
0.58492	10.00	-47.92008	0	0.00	0	-36.43575	10.00	-0.03017515
0.58492	10.00	-47.92008	0	0.00	0	-36.37138	10.00	-0.03014124
0.58492	10.00	-47.92008	0	0.00	0	-36.28706	10.00	-0.03009679
0.58492	10.00	-47.92008	0	0.00	0	-36.21096	10.00	-0.03005659
0.58492	10.00	-47.92008	0	0.00	0	-36.13823	10.00	-0.03001838
0.58492	10.00	-47.92008	0	0.00	0	-36.06813	10.00	-0.02998148
0.58492	10.00	-47.92008	0	0.00	0	-35.98874	10.00	-0.02993962
0.58492	10.00	-47.92008	0	0.00	0	-35.88962	10.00	-0.02988739
0.58492	10.00	-47.92008	0	0.00	0	-35.8223	10.00	-0.0298519
0.58492	10.00	-47.92008	0	0.00	0	-35.74458	10.00	-0.02981096
0.58492	10.00	-47.92008	0	0.00	0	-35.68841	10.00	-0.02978141
0.58492	10.00	-47.92008	0	0.00	0	-35.59355	10.00	-0.02973142
0.58492	10.00	-47.92008	0	0.00	0	-35.54361	10.00	-0.02970509
0.58492	10.00	-47.92008	0	0.00	0	-35.44495	10.00	-0.02965307
0.58492	10.00	-47.92008	0	0.00	0	-35.39506	10.00	-0.02962684
0.58492	10.00	-47.92008	0	0.00	0	-35.29618	10.00	-0.02957477
0.58492	10.00	-47.92008	0	0.00	0.0003510781	-35.24743	10.00	-0.02954904
0.5869821	10.00	-47.9155	0.002061978	0.00	0.004580423	-35.14717	10.00	-0.02949625
0.6041633	10.00	-47.89573	0.01718127	0.00	0.01976979	-35.09932	10.00	-0.02947106
0.6142186	10.00	-47.88568	0.0100553	0.00	0.0100553	-34.9987	10.00	-0.02941798
0.6405567	10.00	-47.86453	0.02633806	0.00	0.0211419	-34.94839	10.00	-0.02939147
0.6543728	10.00	-47.85397	0.01381607	0.00	0.01056905	-34.84984	10.00	-0.02933955
0.6903505	10.00	-47.82562	0.03597774	0.00	0.02834321	-34.79702	10.00	-0.02931171
0.710314	10.00	-47.80907	0.01996351	0.00	0.01655386	-34.7012	10.00	-0.02926117
0.7465305	10.00	-47.77409	0.0362165	0.00	0.03497938	-34.65148	10.00	-0.02923502
0.7653239	10.00	-47.75529	0.01879342	0.00	0.01879342	-34.55285	10.00	-0.02918305
0.8026022	10.00	-47.71802	0.03727826	0.00	0.03727826	-34.50496	10.00	-0.02915784
0.820699	10.00	-47.69992	0.01809681	0.00	0.01809681	-34.40293	10.00	-0.02910402
0.8592617	10.00	-47.66136	0.03856272	0.00	0.03856272	-34.33504	10.00	-0.02906825
0.884918	10.00	-47.6357	0.02565631	0.00	0.02565631	-34.2556	10.00	-0.02902641
0.9149466	10.00	-47.60567	0.03002854	0.00	0.03002854	-34.19926	10.00	-0.02899681
0.9362363	10.00	-47.5822	0.02128971	0.00	0.0234714	-34.10521	10.00	-0.02894716
0.9717899	10.00	-47.543	0.0355536	0.00	0.03919701	-34.05953	10.00	-0.02892307
0.9890529	10.00	-47.52397	0.01726298	0.00	0.01903203	-34.00528	10.00	-0.02889449
1.009555	10.00	-47.50137	0.02050202	0.00	0.02260299	-33.90839	10.00	-0.02884337
1.044927	10.00	-47.46099	0.03537199	0.00	0.04037598	-33.86023	10.00	-0.02881808
1.062509	10.00	-47.44092	0.01758251	0.00	0.02006987	-33.75965	10.00	-0.02876507
1.099225	10.00	-47.39901	0.03671528	0.00	0.0419093	-33.71167	10.00	-0.02873977
1.11674	10.00	-47.37902	0.01751508	0.00	0.0199929	-33.61074	10.00	-0.02868662
1.153582	10.00	-47.33697	0.03684201	0.00	0.04205396	-33.56112	10.00	-0.02866047
1.171698	10.00	-47.31629	0.01811619	0.00	0.02067904	-33.46213	10.00	-0.02860836
1.207829	10.00	-47.27504	0.03613161	0.00	0.04124306	-33.4142	10.00	-0.02858307
1.225327	10.00	-47.25507	0.01749764	0.00	0.01997299	-33.31301	10.00	-0.02852974
1.26227	10.00	-47.2129	0.03694278	0.00	0.04216899	-33.2653	10.00	-0.02850458
1.279682	10.00	-47.19303	0.0174116	0.00	0.01987478	-33.16491	10.00	-0.02845171
1.316328	10.00	-47.1512	0.03664668	0.00	0.041831	-33.11577	10.00	-0.02842588
1.334265	10.00	-47.13072	0.01793636	0.00	0.02047377	-33.01538	10.00	-0.02837294
1.370916	10.00	-47.09148	0.03665171	0.00	0.03924423	-32.95703	10.00	-0.02834224
1.392216	10.00	-47.07093	0.02130001	0.00	0.02054669	-32.90335	10.00	-0.02831393
1.412506	10.00	-47.05203	0.02028975	0.00	0.0189036	-32.81771	10.00	-0.02826875
1.441552	10.00	-47.02188	0.02904558	0.00	0.03015102	-32.76797	10.00	-0.02824255
1.458426	10.00	-47.00436	0.01687474	0.00	0.01751697	-32.66491	10.00	-0.02818825
1.486734	10.00	-46.97339	0.02830781	0.00	0.03096895	-32.58922	10.00	-0.02814836
1.504593	10.00	-46.95065	0.01785865	0.00	0.02274474	-32.52139	10.00	-0.0281126
1.518844	10.00	-46.93027	0.0142512	0.00	0.02038075	-32.42151	10.00	-0.02806002
1.539832	10.00	-46.90025	0.02098797	0.00	0.03001505	-32.37274	10.00	-0.02803435
1.54819	10.00	-46.8856	0.008358274	0.00	0.01465452	-32.31941	10.00	-0.02800623
1.555954	10.00	-46.86957	0.00776403	0.00	0.0160273	-32.22252	10.00	-0.02795511
1.560051	10.00	-46.83045	0.004096482	0.00	0.03911984	-32.17526	10.00	-0.02793027
1.560051	10.00	-46.80771	0	0.00	0.02274172	-32.12637	10.00	-0.02790453
1.560051	10.00	-46.77787	0	0.00	0.02984069	-32.02641	10.00	-0.02785181
1.560051	10.00	-46.70396	0	0.00	0.07390721	-31.97586	10.00	-0.02782517
1.560051	10.00	-46.66461	0	0.00	0.0393469	-31.92832	10.00	-0.02780023
1.560051	10.00	-46.62455	0	0.00	0.0400618	-31.87831	10.00	-0.02777375
1.560051	10.00	-46.58047	0	0.00	0.04407977	-31.8287	10.00	-0.0277477
1.560051	10.00	-46.5361	0	0.00	0.04436837	-31.72914	10.00	-0.02769518
1.560051	10.00	-46.44705	0	0.00	0.08905198	-31.67939	10.00	-0.02766899
1.560051	10.00	-46.3987	0	0.00	0.04834839	-31.63009	10.00	-0.02764308
1.560051	10.00	-46.34698	0	0.00	0.0517231	-31.53025	10.00	-0.02759044
1.560051	10.00	-46.22417	0	0.00	0.1228076	-31.48006	10.00	-0.0275639
1.560051	10.00	-46.1592	0	0.00	0.06496917	-31.4321	10.00	-0.02753868
1.560051	10.00	-46.09586	0	0.00	0.06333929	-31.38249	10.00	-0.02751257
1.560051	10.00	-46.02972	0	0.00	0.06614	-31.28082	10.00	-0.02745896
1.560051	10.00	-45.89416	0	0.00	0.1355627	-31.23293	10.00	-0.02743375
1.560051	10.00	-45.8303	0	0.00	0.06385809	-31.18094	10.00	-0.02740634
1.560051	10.00	-45.76099	0	0.00	0.06931373	-31.08373	10.00	-0.02735521
1.560051	10.00	-45.63138	0	0.00	0.1296131	-31.03415	10.00	-0.02732912
1.560051	10.00	-45.56527	0	0.00	0.06610461	-30.98551	10.00	-0.02730341
1.560051	10.00	-45.50042	0	0.00	0.06485749	-30.93653	10.00	-0.02727756
1.560051	10.00	-45.43511	0	0.00	0.06530622	-30.83643	10.00	-0.02722483
1.560051	10.00	-45.30164	0	0.00	0.1334677	-30.78695	10.00	-0.02719873
1.560051	10.00	-45.23567	0	0.00	0.06596871	-30.73861	10.00	-0.0271733
1.560051	10.00	-45.17121	0	0.00	0.06445971	-30.68801	10.00	-0.02714664
1.560051	10.00	-45.10375	0	0.00	0.06746498	-30.58891	10.00	-0.02709436
1.560051	10.00	-44.97163	0	0.00	0.13212	-30.53914	10.00	-0.02706823
1.560051	10.00	-44.90525	0	0.00	0.06637357	-30.4908	10.00	-0.02704269
1.560051	10.00	-44.84081	0	0.00	0.06444414	-30.44096	10.00	-0.02701646
1.560051	10.00	-44.77435	0	0.00	0.06645709	-30.3412	10.00	-0.02696389
1.560051	10.00	-44.64133	0	0.00	0.1330175	-30.29117	10.00	-0.0269375
1.560051	10.00	-44.57462	0	0.00	0.06671331	-30.24295	10.00	-0.02691213
1.560051	10.00	-44.51033	0	0.00	0.06429551	-30.19281	10.00	-0.02688571
1.560051	10.00	-44.44348	0	0.00	0.0668492	-30.09226	10.00	-0.02683267
1.560051	10.00	-44.30941	0	0.00	0.1340622	-30.04289	10.00	-0.02680663
1.560051	10.00	-44.24358	0	0.00	0.06583141	-29.9951	10.00	-0.02678148
1.560051	10.00	-44.17987	0	0.00	0.06371512	-29.94507	10.00	-0.02675513
1.560051	10.00	-44.11316	0	0.00	0.06670482	-29.84555	10.00	-0.02670269
1.568113	10.00	-43.98047	0.008062549	0.00	0.1326948	-29.79651	10.00	-0.02667684
1.573986	10.00	-43.91508	0.005872828	0.00	0.06539258	-29.74715	10.00	-0.02665086
1.581171	10.00	-43.84927	0.007184487	0.00	0.06580734	-29.69711	10.00	-0.02662449
1.589101	10.00	-43.78255	0.007930382	0.00	0.0667218	-29.59717	10.00	-0.02657181
1.616554	10.00	-43.64928	0.02745251	0.00	0.1332624	-29.54796	10.00	-0.02654584
1.63134	10.00	-43.58367	0.0147866	0.00	0.06561057	-29.49908	10.00	-0.02652011
1.647289	10.00	-43.51851	0.01594876	0.00	0.0651675	-29.44894	10.00	-0.02649372
1.664946	10.00	-43.45165	0.01765754	0.00	0.06685911	-29.34925	10.00	-0.02644124
1.702626	10.00	-43.31873	0.03767912	0.00	0.1329227	-29.30037	10.00	-0.02641539
1.721096	10.00	-43.25357	0.01846999	0.00	0.06515759	-29.25142	10.00	-0.02638962
1.739597	10.00	-43.1883	0.01850129	0.00	0.065268	-29.20199	10.00	-0.02636356
1.758282	10.00	-43.12238	0.01868547	0.00	0.06591775	-29.09974	10.00	-0.02630966
1.79957	10.00	-42.98604	0.04128768	0.00	0.1363385	-29.0487	10.00	-0.02628279
1.821497	10.00	-42.91799	0.02192728	0.00	0.06805528	-28.99474	10.00	-0.02625434
1.845375	10.00	-42.84743	0.02387726	0.00	0.07055201	-28.94202	10.00	-0.02622659
1.870063	10.00	-42.77919	0.0246888	0.00	0.06824726	-28.85279	10.00	-0.02617957
1.913006	10.00	-42.67058	0.04294261	0.00	0.1086094	-28.79352	10.00	-0.02614825
1.941529	10.00	-42.59921	0.02852282	0.00	0.071374	-28.70332	10.00	-0.0261008
1.984936	10.00	-42.49059	0.04340704	0.00	0.1086195	-28.64443	10.00	-0.02606978
2.013278	10.00	-42.41966	0.02834246	0.00	0.07092269	-28.5561	10.00	-0.02602316
2.055785	10.00	-42.3133	0.0425068	0.00	0.1063668	-28.50814	10.00	-0.02599795
2.078864	10.00	-42.25554	0.02307893	0.00	0.0577515	-28.4559	10.00	-0.02597044
2.104005	10.00	-42.19263	0.02514051	0.00	0.06291028	-28.35819	10.00	-0.02591889
2.151022	10.00	-42.07498	0.04701723	0.00	0.1176534	-28.308	10.00	-0.02589246
2.175178	10.00	-42.01453	0.02415646	0.00	0.06044787	-28.25999	10.00	-0.02586717
2.198281	10.00	-41.95672	0.02310294	0.00	0.05781158	-28.21031	10.00	-0.02584092
2.222192	10.00	-41.89688	0.02391122	0.00	0.05983418	-28.1606	10.00	-0.02581474
2.246113	10.00	-41.83703	0.02392042	0.00	0.0598572	-28.05886	10.00	-0.02576122
2.295079	10.00	-41.7145	0.04896589	0.00	0.1225297	-27.99884	10.00	-0.02572946
2.32396	10.00	-41.64223	0.02888149	0.00	0.07227151	-27.91159	10.00	-0.02568357
2.365946	10.00	-41.53717	0.04198565	0.00	0.1050627	-27.86184	10.00	-0.02565733
2.389888	10.00	-41.47725	0.02394239	0.00	0.05991217	-27.81246	10.00	-0.02563131
2.41365	10.00	-41.41779	0.02376203	0.00	0.05946086	-27.76405	10.00	-0.02560578
2.436951	10.00	-41.35949	0.02330118	0.00	0.05830765	-27.66345	10.00	-0.02555283
2.485361	10.00	-41.23835	0.04841001	0.00	0.1211387	-27.61397	10.00	-0.02552674
2.509174	10.00	-41.17876	0.02381261	0.00	0.05958743	-27.56602	10.00	-0.0255014
2.532249	10.00	-41.12102	0.02307484	0.00	0.05774127	-27.51624	10.00	-0.02547522
2.556206	10.00	-41.06107	0.02395721	0.00	0.05994925	-27.41659	10.00	-0.02542275
2.60416	10.00	-40.94107	0.04795375	0.00	0.119997	-27.36765	10.00	-0.02539695
2.627714	10.00	-40.88213	0.0235546	0.00	0.05894178	-27.31832	10.00	-0.02537094
2.651451	10.00	-40.82273	0.02373649	0.00	0.05939693	-27.26858	10.00	-0.02534476
2.675388	10.00	-40.76283	0.02393677	0.00	0.05989811	-27.16815	10.00	-0.02529183
2.72372	10.00	-40.64189	0.04833234	0.00	0.1209443	-27.11909	10.00	-0.02526596
2.747327	10.00	-40.58282	0.02360722	0.00	0.05907347	-27.07058	10.00	-0.02524038
2.770678	10.00	-40.52439	0.02335023	0.00	0.05843038	-27.02043	10.00	-0.02521402
2.794807	10.00	-40.464	0.0241299	0.00	0.06038138	-26.9709	10.00	-0.02518787
2.818645	10.00	-40.40436	0.02383714	0.00	0.0596488	-26.871	10.00	-0.02513519
2.866722	10.00	-40.28405	0.04807739	0.00	0.1203063	-26.82066	10.00	-0.02510874
2.890946	10.00	-40.22343	0.02422391	0.00	0.06061663	-26.77292	10.00	-0.02508352
2.91392	10.00	-40.16594	0.02297419	0.00	0.0574894	-26.72354	10.00	-0.02505746
2.937687	10.00	-40.10647	0.02376714	0.00	0.05947365	-26.62348	10.00	-0.02500485
2.98584	10.00	-39.98598	0.0481525	0.00	0.1204943	-26.57205	10.00	-0.0249777
3.010587	10.00	-39.92405	0.0247476	0.00	0.0619271	-26.52531	10.00	-0.02495306
3.033084	10.00	-39.86776	0.02249647	0.00	0.056294	-26.47532	10.00	-0.02492678
3.057141	10.00	-39.80756	0.02405684	0.00	0.06019856	-26.37545	10.00	-0.02487404
3.105201	10.00	-39.68729	0.04806053	0.00	0.1202642	-26.32652	10.00	-0.0248483
3.128746	10.00	-39.62838	0.02354438	0.00	0.05891622	-26.27709	10.00	-0.02482229
3.152532	10.00	-39.56886	0.02378656	0.00	0.05952223	-26.22785	10.00	-0.02479636
3.176232	10.00	-39.50955	0.0236997	0.00	0.05930488	-26.12764	10.00	-0.02474361
3.224459	10.00	-39.38887	0.04822761	0.00	0.1206822	-26.07911	10.00	-0.02471803
3.247811	10.00	-39.33043	0.02335125	0.00	0.05843294	-26.02922	10.00	-0.02469177
3.271815	10.00	-39.27037	0.02400472	0.00	0.06006815	-25.97968	10.00	-0.02466557
3.295661	10.00	-39.2107	0.02384531	0.00	0.05966926	-25.8787	10.00	-0.02461241
3.34425	10.00	-39.08911	0.04858934	0.00	0.1215874	-25.82841	10.00	-0.0245859
3.368454	10.00	-39.02854	0.02420347	0.00	0.06056549	-25.78085	10.00	-0.02456076
3.391345	10.00	-38.97126	0.02289142	0.00	0.05728228	-25.73215	10.00	-0.02453513
3.414779	10.00	-38.91262	0.02343453	0.00	0.05864134	-25.6824	10.00	-0.02450893
3.438725	10.00	-38.8527	0.02394545	0.00	0.05991985	-25.58137	10.00	-0.02445571
3.487343	10.00	-38.73104	0.04861795	0.00	0.121659	-25.52322	10.00	-0.02442505
3.515326	10.00	-38.66102	0.02798277	0.00	0.07002262	-25.43199	10.00	-0.024377
3.559227	10.00	-38.55116	0.04390161	0.00	0.1098571	-25.38219	10.00	-0.02435072
3.583191	10.00	-38.4912	0.02396385	0.00	0.05996587	-25.28358	10.00	-0.02429876
3.630652	10.00	-38.37243	0.04746122	0.00	0.1187645	-25.22066	10.00	-0.02426569
3.660928	10.00	-38.29667	0.03027631	0.00	0.07576184	-25.16794	10.00	-0.0242379
3.686301	10.00	-38.23318	0.02537195	0.00	0.06348944	-25.08674	10.00	-0.02419511
3.725378	10.00	-38.1354	0.03907697	0.00	0.09778414	-25.03873	10.00	-0.02416972
3.748482	10.00	-38.07758	0.02310498	0.00	0.0578167	-24.98886	10.00	-0.02414349
3.772482	10.00	-38.01752	0.02399961	0.00	0.06005537	-24.93891	10.00	-0.02411722
3.796519	10.00	-37.95737	0.02403691	0.00	0.0601487	-24.88939	10.00	-0.0240911
3.820346	10.00	-37.89775	0.02382692	0.00	0.05962323	-24.7901	10.00	-0.02403885
3.870694	10.00	-37.78587	0.05034854	0.00	0.1118821	-24.74093	10.00	-0.02401285
3.896261	10.00	-37.73301	0.02556683	0.00	0.05286349	-24.68953	10.00	-0.02398588
3.924319	10.00	-37.68305	0.02805735	0.00	0.04995901	-24.64091	10.00	-0.02396026
3.951474	10.00	-37.63644	0.02715509	0.00	0.0466076	-24.59246	10.00	-0.02393471
3.979173	10.00	-37.5906	0.02769945	0.00	0.0458425	-24.54226	10.00	-0.02390822
4.008518	10.00	-37.5431	0.02934468	0.00	0.04749268	-24.49327	10.00	-0.02388238
4.039054	10.00	-37.49928	0.03053609	0.00	0.04381953	-24.44395	10.00	-0.02385639
4.071063	10.00	-37.45836	0.03200861	0.00	0.04092199	-24.39364	10.00	-0.02382992
4.104369	10.00	-37.41726	0.03330663	0.00	0.04110145	-24.2939	10.00	-0.02377739
4.172974	10.00	-37.33964	0.06860471	0.00	0.07761893	-24.24584	10.00	-0.02375198
4.206029	10.00	-37.30535	0.03305548	0.00	0.03429642	-24.19441	10.00	-0.02372495
4.241405	10.00	-37.26931	0.03537543	0.00	0.03603945	-24.14583	10.00	-0.02369934
4.276064	10.00	-37.23904	0.03465933	0.00	0.03027009	-24.09653	10.00	-0.02367333
4.311887	10.00	-37.20894	0.03582323	0.00	0.03009406	-24.04735	10.00	-0.02364744
4.347614	10.00	-37.17893	0.03572681	0.00	0.03001306	-23.99759	10.00	-0.02362125
4.383773	10.00	-37.14984	0.03615877	0.00	0.02909086	-23.94731	10.00	-0.02359475
4.4203	10.00	-37.1211	0.0365267	0.00	0.0287378	-23.89841	10.00	-0.02356899
4.455826	10.00	-37.09378	0.03552626	0.00	0.02731939	-23.79776	10.00	-0.02351595
4.528953	10.00	-37.03755	0.07312669	0.00	0.05623381	-23.74998	10.00	-0.02349072
4.563673	10.00	-37.01085	0.03472019	0.00	0.02669953	-23.69876	10.00	-0.02346384
4.600881	10.00	-36.98223	0.03720781	0.00	0.02861249	-23.64978	10.00	-0.02343792
4.636465	10.00	-36.95487	0.03558411	0.00	0.02736388	-23.60148	10.00	-0.02341254
4.671556	10.00	-36.92789	0.03509121	0.00	0.02698485	-23.55185	10.00	-0.02338635
4.707618	10.00	-36.90015	0.03606235	0.00	0.02773164	-23.50178	10.00	-0.02336003
4.743998	10.00	-36.87218	0.03637937	0.00	0.02797543	-23.45234	10.00	-0.02333394
4.779916	10.00	-36.84456	0.0359181	0.00	0.02762072	-23.40251	10.00	-0.02330761
4.816121	10.00	-36.81672	0.03620505	0.00	0.02784138	-23.3028	10.00	-0.02325514
4.888563	10.00	-36.76101	0.07244173	0.00	0.05570708	-23.25356	10.00	-0.02322918
4.924338	10.00	-36.7335	0.0357754	0.00	0.02751098	-23.20352	10.00	-0.02320276
4.960696	10.00	-36.70554	0.03635855	0.00	0.02795942	-23.15517	10.00	-0.02317731
4.995819	10.00	-36.67853	0.03512284	0.00	0.02700917	-23.105	10.00	-0.02315084
5.032278	10.00	-36.65049	0.03645882	0.00	0.02803653	-23.05582	10.00	-0.02312498
5.068007	10.00	-36.62302	0.03572835	0.00	0.0274748	-23.00629	10.00	-0.02309881
5.10399	10.00	-36.59535	0.03598367	0.00	0.02767114	-22.95671	10.00	-0.02307277
5.14001	10.00	-36.56765	0.03601993	0.00	0.02769902	-22.85721	10.00	-0.02302031
5.212302	10.00	-36.51206	0.07229208	0.00	0.055592	-22.8068	10.00	-0.0229938
5.248919	10.00	-36.4839	0.03661695	0.00	0.02815813	-22.75724	10.00	-0.02296758
5.284937	10.00	-36.4562	0.03601761	0.00	0.02769724	-22.70847	10.00	-0.02294191
5.320372	10.00	-36.42895	0.03543524	0.00	0.0272494	-22.65895	10.00	-0.02291586
5.356344	10.00	-36.40129	0.0359721	0.00	0.02766224	-22.6099	10.00	-0.02288999
5.391978	10.00	-36.37389	0.03563425	0.00	0.02740244	-22.56007	10.00	-0.02286372
5.428188	10.00	-36.34604	0.03620968	0.00	0.02784494	-22.51066	10.00	-0.02283771
5.46408	10.00	-36.31844	0.03589188	0.00	0.02760055	-22.41104	10.00	-0.02278512
5.536464	10.00	-36.26278	0.07238387	0.00	0.05566259	-22.36121	10.00	-0.02275896
5.572667	10.00	-36.23494	0.03620351	0.00	0.02784019	-22.31112	10.00	-0.02273249
5.609062	10.00	-36.20695	0.0363948	0.00	0.0279873	-22.26148	10.00	-0.02270648
5.645124	10.00	-36.17922	0.03606235	0.00	0.02773164	-22.2127	10.00	-0.02268075
5.680561	10.00	-36.15197	0.03543678	0.00	0.02725058	-22.16343	10.00	-0.02265482
5.716359	10.00	-36.12444	0.03579777	0.00	0.02752819	-22.11314	10.00	-0.02262823
5.752894	10.00	-36.09635	0.03653519	0.00	0.02809525	-22.064	10.00	-0.02260235
5.788599	10.00	-36.06889	0.03570521	0.00	0.02745701	-22.01435	10.00	-0.02257624
5.824672	10.00	-36.04115	0.03607238	0.00	0.02773936	-21.91446	10.00	-0.0225236
5.89725	10.00	-35.98534	0.07257825	0.00	0.05581206	-21.86154	10.00	-0.02249567
5.9357	10.00	-35.95577	0.03845046	0.00	0.02956808	-21.76531	10.00	-0.02244495
6.005605	10.00	-35.90201	0.06990474	0.00	0.05375616	-21.6978	10.00	-0.02240942
6.054652	10.00	-35.8643	0.04904655	0.00	0.03771638	-21.64437	10.00	-0.02238127
6.093482	10.00	-35.83444	0.03883073	0.00	0.02986051	-21.56865	10.00	-0.0223414
6.148491	10.00	-35.79214	0.05500835	0.00	0.04230096	-21.51933	10.00	-0.02231535
6.184326	10.00	-35.76458	0.03583557	0.00	0.02755725	-21.46959	10.00	-0.02228919
6.220458	10.00	-35.73487	0.036131	0.00	0.02971056	-21.41984	10.00	-0.02226295
6.25661	10.00	-35.70514	0.0361526	0.00	0.02972832	-21.36987	10.00	-0.0222366
6.292912	10.00	-35.67529	0.03630224	0.00	0.02985138	-21.31986	10.00	-0.02221035
6.329243	10.00	-35.64541	0.03633078	0.00	0.02987484	-21.27055	10.00	-0.02218438
6.365077	10.00	-35.61595	0.03583403	0.00	0.02946636	-21.22062	10.00	-0.02215798
6.401354	10.00	-35.58612	0.03627678	0.00	0.02983044	-21.17156	10.00	-0.02213218
6.43699	10.00	-35.55681	0.03563656	0.00	0.02930399	-21.12291	10.00	-0.02210649
6.472344	10.00	-35.52774	0.03535347	0.00	0.02907121	-21.07336	10.00	-0.02208044
6.508334	10.00	-35.49815	0.03598984	0.00	0.02959449	-21.02402	10.00	-0.02205442
6.544183	10.00	-35.46867	0.03584946	0.00	0.02947905	-20.97374	10.00	-0.02202793
6.580722	10.00	-35.43862	0.03653904	0.00	0.0300461	-20.92475	10.00	-0.02200205
6.616309	10.00	-35.40746	0.03558719	0.00	0.03116053	-20.82485	10.00	-0.02194952
6.68631	10.00	-35.34004	0.07000032	0.00	0.06742086	-20.77582	10.00	-0.02192357
6.721299	10.00	-35.30568	0.03498966	0.00	0.03435665	-20.72639	10.00	-0.02189762
6.756577	10.00	-35.2704	0.03527833	0.00	0.03527833	-20.67586	10.00	-0.02187088
6.791987	10.00	-35.23239	0.03540933	0.00	0.03801896	-20.62664	10.00	-0.02184498
6.826468	10.00	-35.19282	0.03448089	0.00	0.03956329	-20.57674	10.00	-0.02181876
6.860797	10.00	-35.15076	0.034329	0.00	0.04206149	-20.52708	10.00	-0.02179253
6.894953	10.00	-35.10699	0.03415594	0.00	0.04377282	-20.47701	10.00	-0.02176613
6.929387	10.00	-35.06092	0.03443416	0.00	0.04606842	-20.42865	10.00	-0.02174074
6.962651	10.00	-35.01392	0.03326359	0.00	0.04699985	-20.37425	10.00	-0.02171206
6.995852	10.00	-34.95473	0.03320183	0.00	0.05918739	-20.27703	10.00	-0.02166087
7.05268	10.00	-34.8364	0.05682762	0.00	0.1183307	-20.22902	10.00	-0.02163546
7.078887	10.00	-34.77424	0.02620714	0.00	0.06216253	-20.12806	10.00	-0.02158223
7.128775	10.00	-34.63963	0.04988763	0.00	0.1346086	-20.07871	10.00	-0.02155634
7.151252	10.00	-34.57383	0.02247692	0.00	0.06580593	-19.97948	10.00	-0.021504
7.195158	10.00	-34.44153	0.04390638	0.00	0.1322956	-19.93155	10.00	-0.02147871
7.215751	10.00	-34.37762	0.0205932	0.00	0.06391472	-19.82957	10.00	-0.02142498
7.254294	10.00	-34.24165	0.03854265	0.00	0.135969	-19.7821	10.00	-0.02139997
7.272234	10.00	-34.17836	0.01794072	0.00	0.06329045	-19.68101	10.00	-0.02134674
7.30653	10.00	-34.04356	0.03429582	0.00	0.1348011	-19.63275	10.00	-0.02132129
7.322898	10.00	-33.97922	0.01636729	0.00	0.06433231	-19.53306	10.00	-0.02126879
7.356719	10.00	-33.84629	0.03382078	0.00	0.132934	-19.48109	10.00	-0.02124134
7.373003	10.00	-33.77701	0.01628402	0.00	0.06927834	-19.38473	10.00	-0.02119057
7.399472	10.00	-33.64852	0.02646919	0.00	0.1284891	-19.33447	10.00	-0.02116423
7.411328	10.00	-33.58152	0.01185659	0.00	0.0670035	-19.23607	10.00	-0.02111226
7.432004	10.00	-33.45032	0.02067566	0.00	0.1311999	-19.18263	10.00	-0.02108413
7.441164	10.00	-33.37906	0.00915962	0.00	0.07125873	-19.08601	10.00	-0.02103324
7.452734	10.00	-33.25023	0.01156983	0.00	0.1288274	-19.03236	10.00	-0.02100498
7.458465	10.00	-33.1787	0.005731334	0.00	0.07152911	-18.93653	10.00	-0.02095454
7.461279	10.00	-33.05093	0.002814715	0.00	0.1277756	-18.88328	10.00	-0.02092643
7.462843	10.00	-32.97992	0.001564084	0.00	0.07100251	-18.7899	10.00	-0.02087727
7.463175	10.00	-32.85542	0.000331545	0.00	0.1245099	-18.74096	10.00	-0.02085141
7.463349	10.00	-32.79017	0.0001737279	0.00	0.06524253	-18.64118	10.00	-0.0207989
7.463349	10.00	-32.65712	0	0.00	0.1330501	-18.57897	10.00	-0.0207661
7.463349	10.00	-32.57418	0	0.00	0.0829429	-18.49398	10.00	-0.02072128
7.463349	10.00	-32.46085	0	0.00	0.1133311	-18.42947	10.00	-0.02068737
7.463349	10.00	-32.37484	0	0.00	0.08600904	-18.34443	10.00	-0.02064249
7.463349	10.00	-32.26145	0	0.00	0.1133863	-18.27824	10.00	-0.02060759
7.463349	10.00	-32.17319	0	0.00	0.08825839	-18.19414	10.00	-0.02056329
7.463349	10.00	-32.06106	0	0.00	0.1121335	-18.14606	10.00	-0.020538
7.463349	10.00	-31.99696	0	0.00	0.06410298	-18.0451	10.00	-0.02048466
7.463349	10.00	-31.86234	0	0.00	0.1346143	-17.99526	10.00	-0.02045847
7.463349	10.00	-31.79589	0	0.00	0.0664486	-17.89834	10.00	-0.02040747
7.463349	10.00	-31.66666	0	0.00	0.1292309	-17.84961	10.00	-0.02038178
7.463349	10.00	-31.6017	0	0.00	0.06496082	-17.79461	10.00	-0.02035285
7.463349	10.00	-31.52835	0	0.00	0.07334812	-17.70019	10.00	-0.02030298
7.463349	10.00	-31.40247	0	0.00	0.1258802	-17.65183	10.00	-0.02027758
7.463349	10.00	-31.33798	0	0.00	0.06449227	-17.60301	10.00	-0.02025188
7.463349	10.00	-31.27289	0	0.00	0.06509672	-17.55275	10.00	-0.02022536
7.463349	10.00	-31.20588	0	0.00	0.06700633	-17.4527	10.00	-0.02017266
7.463349	10.00	-31.07248	0	0.00	0.1334011	-17.40254	10.00	-0.02014622
7.463349	10.00	-31.0056	0	0.00	0.0668761	-17.35348	10.00	-0.02012035
7.463349	10.00	-30.94018	0	0.00	0.06541806	-17.29961	10.00	-0.02009193
7.463349	10.00	-30.86835	0	0.00	0.07182921	-17.20519	10.00	-0.0200422
7.463349	10.00	-30.74246	0	0.00	0.1258943	-17.15518	10.00	-0.02001582
7.463349	10.00	-30.67579	0	0.00	0.06666801	-17.10699	10.00	-0.01999043
7.463349	10.00	-30.61154	0	0.00	0.06425587	-17.05703	10.00	-0.01996427
7.463349	10.00	-30.54491	0	0.00	0.06662413	-17.00785	10.00	-0.01993818
7.463349	10.00	-30.47935	0	0.00	0.06556103	-16.90795	10.00	-0.01988569
7.463349	10.00	-30.34615	0	0.00	0.1331987	-16.85732	10.00	-0.01985897
7.463349	10.00	-30.27864	0	0.00	0.06751452	-16.8093	10.00	-0.01983363
7.463349	10.00	-30.21461	0	0.00	0.0640322	-16.76019	10.00	-0.01980779
7.463349	10.00	-30.14914	0	0.00	0.06546902	-16.66012	10.00	-0.01975505
7.463349	10.00	-30.01571	0	0.00	0.133428	-16.60961	10.00	-0.01972843
7.463349	10.00	-29.94835	0	0.00	0.06735598	-16.56145	10.00	-0.01970312
7.463349	10.00	-29.88414	0	0.00	0.06420916	-16.51233	10.00	-0.01967724
7.463349	10.00	-29.81865	0	0.00	0.06549308	-16.4121	10.00	-0.01962447
7.463349	10.00	-29.68501	0	0.00	0.133646	-16.36115	10.00	-0.01959758
7.463349	10.00	-29.61708	0	0.00	0.06791938	-16.31371	10.00	-0.01957261
7.463349	10.00	-29.55383	0	0.00	0.06325081	-16.26439	10.00	-0.01954659
7.463349	10.00	-29.48807	0	0.00	0.06576346	-16.16417	10.00	-0.01949378
7.463349	10.00	-29.35444	0	0.00	0.1336305	-16.1147	10.00	-0.01946772
7.463349	10.00	-29.28847	0	0.00	0.0659673	-16.06579	10.00	-0.01944195
7.463349	10.00	-29.22327	0	0.00	0.06520431	-15.96559	10.00	-0.0193891
7.463349	10.00	-29.08966	0	0.00	0.1336078	-15.91602	10.00	-0.01936301
7.463349	10.00	-29.02357	0	0.00	0.06608763	-15.86694	10.00	-0.01933721
7.463349	10.00	-28.95813	0	0.00	0.06544495	-15.81808	10.00	-0.01931149
7.463349	10.00	-28.89299	0	0.00	0.06513919	-15.76769	10.00	-0.01928486
7.463349	10.00	-28.82579	0	0.00	0.06719602	-15.6679	10.00	-0.01923229
7.463349	10.00	-28.69273	0	0.00	0.1330586	-15.61813	10.00	-0.01920612
7.463349	10.00	-28.62638	0	0.00	0.06635658	-15.57001	10.00	-0.01918077
7.463349	10.00	-28.56222	0	0.00	0.06415395	-15.52067	10.00	-0.01915479
7.463349	10.00	-28.49644	0	0.00	0.06578894	-15.471	10.00	-0.01912856
7.463349	10.00	-28.43021	0	0.00	0.06622918	-15.37119	10.00	-0.01907598
7.463349	10.00	-28.29713	0	0.00	0.1330784	-15.32063	10.00	-0.0190494
7.463349	10.00	-28.22972	0	0.00	0.06740694	-15.27023	10.00	-0.01902285
7.463349	10.00	-28.16251	0	0.00	0.06720876	-15.17162	10.00	-0.01897078
7.463349	10.00	-28.03103	0	0.00	0.1314788	-15.1217	10.00	-0.0189446
7.463349	10.00	-27.96448	0	0.00	0.06655759	-15.07491	10.00	-0.01891993
7.463349	10.00	-27.90209	0	0.00	0.06238306	-15.02496	10.00	-0.01889367
7.463349	10.00	-27.83549	0	0.00	0.06660289	-14.97497	10.00	-0.01886735
7.463349	10.00	-27.76884	0	0.00	0.06664819	-14.87565	10.00	-0.01881493
7.463349	10.00	-27.63641	0	0.00	0.1324357	-14.82699	10.00	-0.01878937
7.463349	10.00	-27.57153	0	0.00	0.06488014	-14.77709	10.00	-0.01876307
7.463349	10.00	-27.505	0	0.00	0.06652362	-14.67565	10.00	-0.01870959
7.463349	10.00	-27.36974	0	0.00	0.135264	-14.62431	10.00	-0.01868257
7.463349	10.00	-27.30129	0	0.00	0.06845022	-14.52734	10.00	-0.01863151
7.463349	10.00	-27.172	0	0.00	0.1292903	-14.47728	10.00	-0.01860502
7.463349	10.00	-27.10524	0	0.00	0.06675295	-14.37774	10.00	-0.01855263
7.463349	10.00	-26.97253	0	0.00	0.1327146	-14.32879	10.00	-0.01852682
7.463349	10.00	-26.90726	0	0.00	0.06526659	-14.2307	10.00	-0.01847512
7.463349	10.00	-26.77648	0	0.00	0.1307795	-14.18063	10.00	-0.01844877
7.463349	10.00	-26.70971	0	0.00	0.06677277	-14.13299	10.00	-0.01842364
7.463349	10.00	-26.6462	0	0.00	0.06350986	-14.08349	10.00	-0.01839756
7.463349	10.00	-26.5802	0	0.00	0.06600552	-13.98232	10.00	-0.01834422
7.463349	10.00	-26.4453	0	0.00	0.1348974	-13.93289	10.00	-0.01831818
7.463349	10.00	-26.3794	0	0.00	0.06589369	-13.88469	10.00	-0.01829272
7.463349	10.00	-26.31513	0	0.00	0.06427427	-13.83511	10.00	-0.01826666
7.463349	10.00	-26.24903	0	0.00	0.06610037	-13.73514	10.00	-0.01821395
7.463349	10.00	-26.11573	0	0.00	0.1333035	-13.68377	10.00	-0.0181869
7.463349	10.00	-26.04724	0	0.00	0.06848278	-13.63756	10.00	-0.01816252
7.463349	10.00	-25.98563	0	0.00	0.06161582	-13.58744	10.00	-0.01813611
7.463349	10.00	-25.9188	0	0.00	0.06682798	-13.53799	10.00	-0.01811011
7.463349	10.00	-25.85286	0	0.00	0.06594323	-13.43728	10.00	-0.01805706
7.463349	10.00	-25.71858	0	0.00	0.1342717	-13.3877	10.00	-0.01803095
7.463349	10.00	-25.65248	0	0.00	0.06611028	-13.34003	10.00	-0.01800581
7.463349	10.00	-25.58892	0	0.00	0.06355374	-13.29029	10.00	-0.01797963
7.463349	10.00	-25.5226	0	0.00	0.06632261	-13.18933	10.00	-0.01792639
7.463349	10.00	-25.38798	0	0.00	0.1346171	-13.14098	10.00	-0.01790094
7.463349	10.00	-25.32352	0	0.00	0.0644583	-13.09197	10.00	-0.0178751
7.463349	10.00	-25.25817	0	0.00	0.06534869	-13.04248	10.00	-0.01784901
7.463349	10.00	-25.19219	0	0.00	0.06598853	-12.94213	10.00	-0.01779608
7.463349	10.00	-25.05837	0	0.00	0.1338159	-12.89251	10.00	-0.01776995
7.463349	10.00	-24.99222	0	0.00	0.06615416	-12.84365	10.00	-0.01774429
7.463349	10.00	-24.92707	0	0.00	0.06514202	-12.79422	10.00	-0.01771817
7.463349	10.00	-24.86117	0	0.00	0.06589935	-12.74502	10.00	-0.01769218
7.463349	10.00	-24.79558	0	0.00	0.065595	-12.64359	10.00	-0.0176388
7.463349	10.00	-24.66033	0	0.00	0.1352527	-12.59332	10.00	-0.01761232
7.463349	10.00	-24.59331	0	0.00	0.06701624	-12.54395	10.00	-0.01758633
7.463349	10.00	-24.52748	0	0.00	0.06583282	-12.49655	10.00	-0.01756138
7.463349	10.00	-24.46428	0	0.00	0.0631956	-12.3965	10.00	-0.01750856
7.463349	10.00	-24.33088	0	0.00	0.1334054	-12.3478	10.00	-0.01748294
7.463349	10.00	-24.26594	0	0.00	0.06493252	-12.29898	10.00	-0.01745723
7.463349	10.00	-24.20086	0	0.00	0.06508823	-12.24938	10.00	-0.01743103
7.463349	10.00	-24.13472	0	0.00	0.06613151	-12.14828	10.00	-0.01737788
7.463349	10.00	-23.99992	0	0.00	0.1348068	-12.09771	10.00	-0.01735118
7.463349	10.00	-23.9325	0	0.00	0.06741827	-12.04901	10.00	-0.01732558
7.463349	10.00	-23.86756	0	0.00	0.06493959	-11.9986	10.00	-0.01729897
7.463349	10.00	-23.80035	0	0.00	0.06720876	-11.90059	10.00	-0.01724727
7.463349	10.00	-23.66967	0	0.00	0.1306804	-11.85086	10.00	-0.01722112
7.463349	10.00	-23.60336	0	0.00	0.06631412	-11.80315	10.00	-0.01719595
7.463349	10.00	-23.53974	0	0.00	0.0636132	-11.7535	10.00	-0.01716984
7.463349	10.00	-23.47355	0	0.00	0.06618813	-11.65307	10.00	-0.01711695
7.463349	10.00	-23.33964	0	0.00	0.133915	-11.6029	10.00	-0.01709051
7.463349	10.00	-23.27274	0	0.00	0.066903	-11.5549	10.00	-0.01706515
7.463349	10.00	-23.20875	0	0.00	0.06398974	-11.50575	10.00	-0.01703925
7.463349	10.00	-23.14322	0	0.00	0.06553272	-11.40551	10.00	-0.01698646
7.463349	10.00	-23.00955	0	0.00	0.1336659	-11.35625	10.00	-0.01696046
7.463349	10.00	-22.94387	0	0.00	0.06567852	-11.30713	10.00	-0.01693458
7.463349	10.00	-22.87839	0	0.00	0.06548176	-11.25707	10.00	-0.01690823
7.463349	10.00	-22.81164	0	0.00	0.06675153	-11.15784	10.00	-0.01685593
7.463349	10.00	-22.67933	0	0.00	0.1323097	-11.09082	10.00	-0.01682064
7.463349	10.00	-22.58997	0	0.00	0.08935829	-11.00818	10.00	-0.01677709
7.463349	10.00	-22.47978	0	0.00	0.1101871	-10.95228	10.00	-0.01674763
7.463349	10.00	-22.40525	0	0.00	0.07452871	-10.85998	10.00	-0.01669907
7.463349	10.00	-22.28218	0	0.00	0.1230745	-10.81208	10.00	-0.01667373
7.463349	10.00	-22.21831	0	0.00	0.06386659	-10.74961	10.00	-0.01664076
7.463349	10.00	-22.13502	0	0.00	0.08329113	-10.66194	10.00	-0.01659472
7.463349	10.00	-22.01813	0	0.00	0.1168941	-10.61392	10.00	-0.01656932
7.463349	10.00	-21.95411	0	0.00	0.06401663	-10.56258	10.00	-0.01654229
7.463349	10.00	-21.88565	0	0.00	0.06845447	-10.51448	10.00	-0.01651686
7.463349	10.00	-21.82151	0	0.00	0.06414121	-10.41337	10.00	-0.01646372
7.463349	10.00	-21.6867	0	0.00	0.1348153	-10.36423	10.00	-0.01643782
7.463349	10.00	-21.62119	0	0.00	0.06551007	-10.31598	10.00	-0.01641239
7.463349	10.00	-21.55685	0	0.00	0.06434222	-10.26638	10.00	-0.01638628
7.463349	10.00	-21.49072	0	0.00	0.06612585	-10.16562	10.00	-0.01633314
7.463349	10.00	-21.35637	0	0.00	0.1343482	-10.11662	10.00	-0.01630732
7.463349	10.00	-21.29104	0	0.00	0.06533454	-10.0684	10.00	-0.01628198
7.463349	10.00	-21.22674	0	0.00	0.06430117	-9.964765	10.00	-0.01622726
7.463349	10.00	-21.08856	0	0.00	0.1381745	-9.917785	10.00	-0.0162025
7.463349	10.00	-21.02592	0	0.00	0.06263787	-9.869821	10.00	-0.01617719
7.463349	10.00	-20.96197	0	0.00	0.06395294	-9.820277	10.00	-0.01615111
7.463349	10.00	-20.89591	0	0.00	0.06605931	-9.720424	10.00	-0.01609842
7.463349	10.00	-20.76278	0	0.00	0.1331364	-9.670072	10.00	-0.01607193
7.463349	10.00	-20.69564	0	0.00	0.06713657	-9.622434	10.00	-0.01604686
7.463349	10.00	-20.63212	0	0.00	0.06351835	-9.571756	10.00	-0.01602021
7.463349	10.00	-20.56455	0	0.00	0.06756973	-9.472605	10.00	-0.01596796
7.463349	10.00	-20.43235	0	0.00	0.1322007	-9.423491	10.00	-0.01594208
7.463349	10.00	-20.36686	0	0.00	0.06548742	-9.373943	10.00	-0.01591596
7.463349	10.00	-20.3008	0	0.00	0.06606356	-9.274097	10.00	-0.01586336
7.463349	10.00	-20.16767	0	0.00	0.1331265	-9.224483	10.00	-0.01583721
7.463349	10.00	-20.10152	0	0.00	0.06615274	-9.176301	10.00	-0.01581184
7.463349	10.00	-20.03728	0	0.00	0.06424171	-9.126294	10.00	-0.01578544
7.463349	10.00	-19.9706	0	0.00	0.06667509	-9.075339	10.00	-0.01575859
7.463349	10.00	-19.90266	0	0.00	0.06794203	-8.976957	10.00	-0.01570683
7.463349	10.00	-19.77149	0	0.00	0.1311758	-8.927791	10.00	-0.01568093
7.463349	10.00	-19.70593	0	0.00	0.06555537	-8.850597	10.00	-0.01564024
7.463349	10.00	-19.60301	0	0.00	0.1029224	-8.779431	10.00	-0.01560267
7.463349	10.00	-19.50812	0	0.00	0.09488896	-8.729705	10.00	-0.01557649
7.463349	10.00	-19.44182	0	0.00	0.06630138	-8.680065	10.00	-0.01555038
7.463349	10.00	-19.37563	0	0.00	0.06618672	-8.580027	10.00	-0.01549772
7.463349	10.00	-19.24224	0	0.00	0.1333856	-8.530818	10.00	-0.01547172
7.463349	10.00	-19.17663	0	0.00	0.06561199	-8.482351	10.00	-0.01544624
7.463349	10.00	-19.11201	0	0.00	0.06462251	-8.43276	10.00	-0.01542018
7.463349	10.00	-19.04589	0	0.00	0.06612018	-8.332533	10.00	-0.01536729
7.463349	10.00	-18.91225	0	0.00	0.1336375	-8.283526	10.00	-0.01534146
7.463349	10.00	-18.84691	0	0.00	0.0653402	-8.234262	10.00	-0.0153155
7.463349	10.00	-18.78123	0	0.00	0.06568702	-8.184558	10.00	-0.01528935
7.463349	10.00	-18.71495	0	0.00	0.06627165	-8.084576	10.00	-0.01523679
7.463349	10.00	-18.58164	0	0.00	0.133312	-8.035528	10.00	-0.01521077
7.463349	10.00	-18.51624	0	0.00	0.06539682	-7.98631	10.00	-0.01518484
7.463349	10.00	-18.45062	0	0.00	0.0656219	-7.936026	10.00	-0.01515837
7.463349	10.00	-18.38358	0	0.00	0.06704597	-7.837327	10.00	-0.01510635
7.463349	10.00	-18.25198	0	0.00	0.1315977	-7.787345	10.00	-0.01508004
7.463349	10.00	-18.18534	0	0.00	0.06664253	-7.738941	10.00	-0.01505458
7.463349	10.00	-18.1208	0	0.00	0.06453899	-7.68714	10.00	-0.01502723
7.463349	10.00	-18.05173	0	0.00	0.06906883	-7.588778	10.00	-0.01497545
7.463349	10.00	-17.92058	0	0.00	0.1311489	-7.538324	10.00	-0.01494874
7.463349	10.00	-17.85331	0	0.00	0.06727246	-7.478609	10.00	-0.01491734
7.463349	10.00	-17.77369	0	0.00	0.07962054	-7.388746	10.00	-0.01487002
7.463349	10.00	-17.65387	0	0.00	0.1198158	-7.32268	10.00	-0.01483525
7.463349	10.00	-17.56578	0	0.00	0.0880871	-7.241104	10.00	-0.01479223
7.463349	10.00	-17.45702	0	0.00	0.1087687	-7.189315	10.00	-0.01476491
7.463349	10.00	-17.38796	0	0.00	0.06905184	-7.092185	10.00	-0.01471376
7.463349	10.00	-17.25846	0	0.00	0.1295069	-7.043195	10.00	-0.01468793
7.463349	10.00	-17.19314	0	0.00	0.0653218	-6.994049	10.00	-0.01466208
7.463349	10.00	-17.12761	0	0.00	0.06552706	-6.945329	10.00	-0.01463633
7.463349	10.00	-17.06265	0	0.00	0.06495941	-6.844687	10.00	-0.01458328
7.4754	10.00	-16.92846	0.01205153	0.00	0.134191	-6.794249	10.00	-0.01455676
7.484045	10.00	-16.86121	0.008644494	0.00	0.06725123	-6.746552	10.00	-0.01453167
7.493451	10.00	-16.79761	0.009406268	0.00	0.06359621	-6.697709	10.00	-0.01450594
7.505605	10.00	-16.73375	0.01215425	0.00	0.06386106	-6.648183	10.00	-0.01447978
7.518569	10.00	-16.67027	0.01296407	0.00	0.06347761	-6.547919	10.00	-0.01442699
7.548698	10.00	-16.55859	0.03012831	0.00	0.1116786	-6.498856	10.00	-0.01440109
7.564075	10.00	-16.50584	0.01537665	0.00	0.05274935	-6.449953	10.00	-0.01437534
7.579401	10.00	-16.45769	0.01532641	0.00	0.04815743	-6.400284	10.00	-0.01434916
7.594967	10.00	-16.41006	0.01556631	0.00	0.04762873	-6.298474	10.00	-0.01429556
7.626874	10.00	-16.32163	0.03190755	0.00	0.08842762	-6.250218	10.00	-0.01427007
7.63826	10.00	-16.28969	0.01138541	0.00	0.03194456	-6.200368	10.00	-0.01424384
7.642299	10.00	-16.26505	0.004038543	0.00	0.0246335	-6.152336	10.00	-0.01421839
7.642469	10.00	-16.24504	0.0001705389	0.00	0.02001501	-6.10281	10.00	-0.01419239
7.642469	10.00	-16.23335	0	0.00	0.01168475	-6.002646	10.00	-0.01413958
7.642469	10.00	-16.22782	0	0.00	0.005528264	-5.954352	10.00	-0.0141141
7.642469	10.00	-16.22782	0	0.00	0.0001714624	-5.904339	10.00	-0.01408778
7.642469	10.00	-16.22782	0	0.00	0	-5.803754	10.00	-0.0140348
7.642469	10.00	-16.22782	0	0.00	0	-5.753963	10.00	-0.01400856
7.642469	10.00	-16.22782	0	0.00	0	-5.702567	10.00	-0.01398151
7.642469	10.00	-16.22782	0	0.00	0	-5.605568	10.00	-0.01393041
7.642469	10.00	-16.22782	0	0.00	0	-5.557235	10.00	-0.01390483
7.642469	10.00	-16.22782	0	0.00	0	-5.457265	10.00	-0.01385217
7.642469	10.00	-16.22782	0	0.00	0	-5.408397	10.00	-0.01382642
7.642469	10.00	-16.22782	0	0.00	0	-5.359474	10.00	-0.01380069
7.642469	10.00	-16.22782	0	0.00	0	-5.30887	10.00	-0.01377392
7.642469	10.00	-16.22782	0	0.00	0	-5.208655	10.00	-0.01372116
7.642469	10.00	-16.22782	0	0.00	0	-5.15968	10.00	-0.01369533
7.642469	10.00	-16.22782	0	0.00	0	-5.11167	10.00	-0.01367013
7.642469	10.00	-16.22782	0	0.00	0	-5.061606	10.00	-0.01364363
7.642469	10.00	-16.22782	0	0.00	0	-4.962089	10.00	-0.01359121
7.626698	10.00	-16.22618	-0.01577092	0.00	0.001638121	-4.913477	10.00	-0.01356566
7.612718	10.00	-16.22288	-0.01398032	0.00	0.003310716	-4.863415	10.00	-0.01353924
7.588626	10.00	-16.21623	-0.02409158	0.00	0.00664094	-4.814196	10.00	-0.01351327
7.561127	10.00	-16.2078	-0.02749912	0.00	0.008435606	-4.712946	10.00	-0.01345993
7.458807	10.00	-16.17607	-0.1023197	0.00	0.03173187	-4.664203	10.00	-0.01343425
7.406404	10.00	-16.15827	-0.05240349	0.00	0.01779296	-4.616151	10.00	-0.01340888
7.346675	10.00	-16.13763	-0.05972904	0.00	0.02064382	-4.565853	10.00	-0.01338243
7.280262	10.00	-16.11278	-0.0664136	0.00	0.02485437	-4.465981	10.00	-0.01332983
7.147099	10.00	-16.05053	-0.1331619	0.00	0.06224538	-4.416538	10.00	-0.01330378
7.081176	10.00	-16.0178	-0.06592342	0.00	0.03273031	-4.367688	10.00	-0.01327805
7.016041	10.00	-15.98483	-0.06513494	0.00	0.03296954	-4.318032	10.00	-0.01325182
6.949833	10.00	-15.95132	-0.06620795	0.00	0.03351267	-4.21835	10.00	-0.01319925
6.816923	10.00	-15.88404	-0.1329099	0.00	0.0672754	-4.16954	10.00	-0.01317285
6.751843	10.00	-15.8511	-0.06507973	0.00	0.0329416	-4.111849	10.00	-0.01314155
6.674922	10.00	-15.81217	-0.07692104	0.00	0.03893534	-4.018084	10.00	-0.01309056
6.549901	10.00	-15.7513	-0.1250209	0.00	0.06086107	-3.963255	10.00	-0.01306083
6.476797	10.00	-15.71572	-0.07310464	0.00	0.03558786	-3.870332	10.00	-0.01301038
6.352899	10.00	-15.6554	-0.1238984	0.00	0.06031461	-3.81851	10.00	-0.01298232
6.283803	10.00	-15.62177	-0.06909572	0.00	0.03363629	-3.763979	10.00	-0.01295259
6.211094	10.00	-15.58637	-0.07270828	0.00	0.03539491	-3.710219	10.00	-0.01292341
6.139415	10.00	-15.55148	-0.07167915	0.00	0.03489392	-3.622245	10.00	-0.01287564
6.022116	10.00	-15.49437	-0.117299	0.00	0.05710196	-3.572394	10.00	-0.01284858
5.955649	10.00	-15.46073	-0.066467	0.00	0.03364379	-3.474058	10.00	-0.01279518
5.824534	10.00	-15.39182	-0.131115	0.00	0.06890599	-3.424337	10.00	-0.01276817
5.75824	10.00	-15.35634	-0.0662943	0.00	0.03548213	-3.374739	10.00	-0.01274128
5.692109	10.00	-15.32031	-0.06613151	0.00	0.03603535	-3.327212	10.00	-0.01271545
5.62874	10.00	-15.28578	-0.0633683	0.00	0.03452966	-3.2773	10.00	-0.01268835
5.56219	10.00	-15.24951	-0.06655052	0.00	0.03626367	-3.227765	10.00	-0.01266148
5.496143	10.00	-15.21352	-0.06604657	0.00	0.03598907	-3.127924	10.00	-0.01260731
5.363022	10.00	-15.14099	-0.1331208	0.00	0.07253814	-3.078928	10.00	-0.01258059
5.297693	10.00	-15.10539	-0.06532887	0.00	0.03559799	-3.027786	10.00	-0.01255285
5.229504	10.00	-15.06823	-0.06818976	0.00	0.0371569	-2.979835	10.00	-0.01252681
5.165571	10.00	-15.03216	-0.06393312	0.00	0.03607555	-2.879607	10.00	-0.01247237
5.031932	10.00	-14.95157	-0.133639	0.00	0.08058453	-2.829853	10.00	-0.01244535
4.965593	10.00	-14.91157	-0.06633818	0.00	0.04000204	-2.781728	10.00	-0.01241929
4.901427	10.00	-14.87288	-0.06416669	0.00	0.03869262	-2.732286	10.00	-0.01239244
4.835505	10.00	-14.83313	-0.065922	0.00	0.03975108	-2.631004	10.00	-0.01233745
4.700461	10.00	-14.75169	-0.1350432	0.00	0.08143128	-2.582472	10.00	-0.01231107
4.635751	10.00	-14.71079	-0.06471027	0.00	0.04090015	-2.530084	10.00	-0.01228264
4.565903	10.00	-14.66597	-0.06984881	0.00	0.04482431	-2.472836	10.00	-0.0122515
4.489569	10.00	-14.61477	-0.07633357	0.00	0.05120318	-2.384077	10.00	-0.01220326
4.371224	10.00	-14.53538	-0.1183451	0.00	0.07938372	-2.335576	10.00	-0.01217696
4.306556	10.00	-14.49201	-0.0646678	0.00	0.04337799	-2.284626	10.00	-0.01214934
4.238624	10.00	-14.44644	-0.06793212	0.00	0.04556764	-2.235391	10.00	-0.01212262
4.172978	10.00	-14.4024	-0.06564596	0.00	0.04403412	-2.133404	10.00	-0.01206728
4.036994	10.00	-14.31119	-0.1359846	0.00	0.09121599	-2.086146	10.00	-0.01204152
3.973983	10.00	-14.26892	-0.06301016	0.00	0.04226608	-2.037073	10.00	-0.01201487
3.908552	10.00	-14.22503	-0.0654308	0.00	0.04388979	-1.937852	10.00	-0.01196092
3.776258	10.00	-14.13629	-0.1322942	0.00	0.08874054	-1.889826	10.00	-0.01193491
3.712223	10.00	-14.09334	-0.06403504	0.00	0.04295354	-1.839326	10.00	-0.01190756
3.64489	10.00	-14.04817	-0.06733333	0.00	0.04516598	-1.790241	10.00	-0.01188087
3.579442	10.00	-14.00427	-0.06544778	0.00	0.04390119	-1.689349	10.00	-0.01182602
3.44492	10.00	-13.91404	-0.1345223	0.00	0.09023511	-1.640457	10.00	-0.01179945
3.37973	10.00	-13.87031	-0.06519015	0.00	0.04372837	-1.592416	10.00	-0.01177336
3.315676	10.00	-13.82734	-0.06405344	0.00	0.04296589	-1.542143	10.00	-0.01174612
3.248646	10.00	-13.78238	-0.0670304	0.00	0.04496278	-1.49303	10.00	-0.01171945
3.183161	10.00	-13.73845	-0.06548459	0.00	0.04392588	-1.392041	10.00	-0.01166462
3.04851	10.00	-13.64813	-0.1346511	0.00	0.09032152	-1.342423	10.00	-0.0116377
2.982352	10.00	-13.60375	-0.06615841	0.00	0.04437786	-1.294299	10.00	-0.01161154
2.918186	10.00	-13.56071	-0.06416527	0.00	0.04304091	-1.244255	10.00	-0.01158433
2.851462	10.00	-13.51595	-0.06672464	0.00	0.04475768	-1.143853	10.00	-0.01152985
2.717592	10.00	-13.42616	-0.1338697	0.00	0.08979737	-1.095005	10.00	-0.01150328
2.652462	10.00	-13.38247	-0.0651307	0.00	0.04368849	-1.046934	10.00	-0.01147718
2.588367	10.00	-13.33948	-0.06409449	0.00	0.04299343	-0.9971392	10.00	-0.01145011
2.521974	10.00	-13.29494	-0.06639339	0.00	0.04453548	-0.8971201	10.00	-0.01139579
2.388615	10.00	-13.20549	-0.1333587	0.00	0.08945458	-0.8470919	10.00	-0.01136868
2.32191	10.00	-13.16074	-0.06670482	0.00	0.04474438	-0.7988995	10.00	-0.01134249
2.257654	10.00	-13.11764	-0.06425587	0.00	0.04310168	-0.7490147	10.00	-0.01131542
2.19114	10.00	-13.07302	-0.06651372	0.00	0.0446162	-0.6494523	10.00	-0.01126135
2.058391	10.00	-12.98398	-0.13275	0.00	0.08904628	-0.6008778	10.00	-0.01123494
1.993625	10.00	-12.94053	-0.06476548	0.00	0.04344351	-0.5498952	10.00	-0.01120726
1.925648	10.00	-12.89494	-0.06797742	0.00	0.04559802	-0.4501525	10.00	-0.01115313
1.792658	10.00	-12.80573	-0.1329892	0.00	0.08920676	-0.3906454	10.00	-0.01112072
1.713315	10.00	-12.75251	-0.07934309	0.00	0.05322191	-0.3019329	10.00	-0.01107261
1.595031	10.00	-12.67316	-0.1182842	0.00	0.0793429	-0.243453	10.00	-0.01104086
1.517058	10.00	-12.62086	-0.07797281	0.00	0.05230275	-0.1530876	10.00	-0.01099179
1.396572	10.00	-12.54004	-0.1204868	0.00	0.08082039	-0.1046493	10.00	-0.01096544
1.331987	10.00	-12.49672	-0.06458429	0.00	0.04332197	-0.0535622	10.00	-0.0109378
1.263871	10.00	-12.45103	-0.06811614	0.00	0.04569108	0.04496277	10.00	-0.01088423
1.132504	10.00	-12.36291	-0.131367	0.00	0.08811858	0.09545221	10.00	-0.01085681
1.065184	10.00	-12.31775	-0.06732059	0.00	0.04515744	0.1433102	10.00	-0.01083085
1.001374	10.00	-12.27495	-0.06380996	0.00	0.04280257	0.1936608	10.00	-0.0108035
0.9342399	10.00	-12.22992	-0.06713374	0.00	0.0450321	0.2959698	10.00	-0.01074793
0.7978278	10.00	-12.13841	-0.1364121	0.00	0.09150275	0.3428771	10.00	-0.01072246
0.7352847	10.00	-12.09646	-0.06254302	0.00	0.04195273	0.3939149	10.00	-0.01069479
0.6672337	10.00	-12.05081	-0.06805103	0.00	0.0456474	0.4919997	10.00	-0.01064153
0.5364542	10.00	-11.96309	-0.1307795	0.00	0.08772451	0.5409175	10.00	-0.01061488
0.4712301	10.00	-11.91934	-0.06522413	0.00	0.04375117	0.5898135	10.00	-0.01058829
0.4060357	10.00	-11.87561	-0.0651944	0.00	0.04373122	0.649944	10.00	-0.0105557
0.3258617	10.00	-11.82183	-0.08017403	0.00	0.05377929	0.7406799	10.00	-0.0105064
0.2048808	10.00	-11.74068	-0.1209809	0.00	0.08115178	0.7887759	10.00	-0.01048031
0.1407523	10.00	-11.69766	-0.06412847	0.00	0.04301621	0.8377517	10.00	-0.01045367
0.07545178	10.00	-11.65386	-0.06530056	0.00	0.04380244	0.8866153	10.00	-0.01042712
0.01029985	10.00	-11.61015	-0.06515193	0.00	0.04370274	0.9865036	10.00	-0.01037288
-0.1228847	10.00	-11.52082	-0.1331846	0.00	0.08933779	1.035664	10.00	-0.01034617
-0.1884316	10.00	-11.47685	-0.06554688	0.00	0.04396766	1.084649	10.00	-0.01031956
-0.2537449	10.00	-11.43304	-0.0653133	0.00	0.04381098	1.135068	10.00	-0.01029222
-0.3209706	10.00	-11.38794	-0.06722575	0.00	0.04509382	1.235019	10.00	-0.01023798
-0.4542387	10.00	-11.29855	-0.1332681	0.00	0.08939381	1.284492	10.00	-0.01021109
-0.5202017	10.00	-11.2543	-0.06596305	0.00	0.04424682	1.332426	10.00	-0.01018504
-0.584115	10.00	-11.21143	-0.0639133	0.00	0.04287189	1.382925	10.00	-0.01015766
-0.651447	10.00	-11.16627	-0.06733192	0.00	0.04516503	1.483174	10.00	-0.01010325
-0.7851129	10.00	-11.07661	-0.1336659	0.00	0.08966064	1.532208	10.00	-0.01007658
-0.8504912	10.00	-11.03275	-0.06537842	0.00	0.04385466	1.580151	10.00	-0.01005055
-0.9144159	10.00	-10.98987	-0.06392463	0.00	0.04287948	1.629864	10.00	-0.01002352
-0.9806988	10.00	-10.94541	-0.06628297	0.00	0.04446142	1.729764	10.00	-0.009969293
-1.113899	10.00	-10.85606	-0.1332001	0.00	0.08934823	1.779432	10.00	-0.009942328
-1.180122	10.00	-10.81164	-0.06622352	0.00	0.04442154	1.827834	10.00	-0.009916072
-1.244659	10.00	-10.76835	-0.06453615	0.00	0.04328968	1.877711	10.00	-0.009888912
-1.311161	10.00	-10.72181	-0.06650239	0.00	0.04654041	1.97881	10.00	-0.009834066
-1.445961	10.00	-10.62747	-0.1347997	0.00	0.09433698	2.027231	10.00	-0.009807781
-1.510521	10.00	-10.58104	-0.06456022	0.00	0.04643147	2.075783	10.00	-0.009781293
-1.575258	10.00	-10.53386	-0.06473716	0.00	0.04718557	2.12648	10.00	-0.009753675
-1.642853	10.00	-10.48393	-0.06759521	0.00	0.04992326	2.226676	10.00	-0.009699004
-1.776448	10.00	-10.37362	-0.1335951	0.00	0.1103105	2.275875	10.00	-0.009672213
-1.842048	10.00	-10.31755	-0.06559925	0.00	0.0560714	2.32552	10.00	-0.009645112
-1.90824	10.00	-10.26033	-0.06619238	0.00	0.05721932	2.373201	10.00	-0.009619188
-1.971815	10.00	-10.20353	-0.06357498	0.00	0.0568035	2.423113	10.00	-0.00959192
-2.038364	10.00	-10.14407	-0.0665491	0.00	0.05946084	2.47289	10.00	-0.009564769
-2.104733	10.00	-10.08284	-0.06636932	0.00	0.06122815	2.575673	10.00	-0.009508678
-2.241778	10.00	-9.955084	-0.1370448	0.00	0.1277559	2.622768	10.00	-0.009483094
-2.304572	10.00	-9.896546	-0.06279358	0.00	0.05853742	2.671176	10.00	-0.009456625
-2.369117	10.00	-9.836376	-0.06454465	0.00	0.0601698	2.720634	10.00	-0.009429649
-2.435058	10.00	-9.772988	-0.06594182	0.00	0.06338779	2.820834	10.00	-0.009375017
-2.56866	10.00	-9.641973	-0.1336022	0.00	0.1310148	2.870219	10.00	-0.009348091
-2.634506	10.00	-9.576766	-0.06584556	0.00	0.06520799	2.918413	10.00	-0.009321816
-2.698765	10.00	-9.513129	-0.0642587	0.00	0.06363649	2.968312	10.00	-0.009294597
-2.765297	10.00	-9.446597	-0.06653211	0.00	0.06653211	3.018838	10.00	-0.009267039
-2.832664	10.00	-9.37923	-0.06736731	0.00	0.06736731	3.118335	10.00	-0.009212747
-2.965326	10.00	-9.246568	-0.1326622	0.00	0.1326622	3.171436	10.00	-0.009183816
-3.036128	10.00	-9.175766	-0.0708015	0.00	0.0708015	3.266405	10.00	-0.009131987
-3.162753	10.00	-9.049142	-0.1266248	0.00	0.1266248	3.327389	10.00	-0.009098753
-3.244066	10.00	-8.967828	-0.08131357	0.00	0.08131357	3.416386	10.00	-0.009050116
-3.355834	10.00	-8.849166	-0.1117682	0.00	0.1186621	3.465349	10.00	-0.009023462
-3.412268	10.00	-8.783882	-0.05643371	0.00	0.06528357	3.522566	10.00	-0.008992204
-3.464181	10.00	-8.707593	-0.05191245	0.00	0.07628969	3.615446	10.00	-0.008941534
-3.543653	10.00	-8.583753	-0.07947246	0.00	0.1238403	3.661857	10.00	-0.00891629
-3.57917	10.00	-8.521871	-0.03551733	0.00	0.06188194	3.712374	10.00	-0.008888693
-3.61522	10.00	-8.454515	-0.03604961	0.00	0.06735457	3.813035	10.00	-0.008833749
-3.684456	10.00	-8.3203	-0.06923563	0.00	0.1342151	3.863512	10.00	-0.008806277
-3.715264	10.00	-8.252998	-0.03080815	0.00	0.06730219	3.910848	10.00	-0.008780508
-3.743545	10.00	-8.189882	-0.02828088	0.00	0.06311633	3.96039	10.00	-0.008753397
-3.769944	10.00	-8.123827	-0.02639964	0.00	0.06605507	4.059681	10.00	-0.008699271
-3.815164	10.00	-7.991438	-0.04521929	0.00	0.132389	4.110679	10.00	-0.008671439
-3.831805	10.00	-7.923442	-0.01664095	0.00	0.06799582	4.157633	10.00	-0.008645856
-3.845914	10.00	-7.860836	-0.01410963	0.00	0.06260672	4.207588	10.00	-0.008618628
-3.854476	10.00	-7.794228	-0.008561703	0.00	0.06660714	4.257442	10.00	-0.008591438
-3.860446	10.00	-7.727756	-0.005969829	0.00	0.06647266	4.35703	10.00	-0.008537107
-3.860446	10.00	-7.594973	0	0.00	0.1327825	4.408221	10.00	-0.008509159
-3.860446	10.00	-7.526718	0	0.00	0.06825487	4.455021	10.00	-0.008483663
-3.860446	10.00	-7.464318	0	0.00	0.06240005	4.505197	10.00	-0.00845625
-3.860446	10.00	-7.397417	0	0.00	0.06690158	4.604779	10.00	-0.00840189
-3.860446	10.00	-7.26464	0	0.00	0.1327769	4.65555	10.00	-0.008374243
-3.860446	10.00	-7.196945	0	0.00	0.06769431	4.703307	10.00	-0.008348222
-3.860446	10.00	-7.13327	0	0.00	0.06367548	4.753148	10.00	-0.008321042
-3.860446	10.00	-7.066816	0	0.00	0.06645426	4.803364	10.00	-0.00829355
-3.860446	10.00	-6.999862	0	0.00	0.06695396	4.902137	10.00	-0.008239766
-3.860446	10.00	-6.868164	0	0.00	0.1316982	4.953005	10.00	-0.008211993
-3.860446	10.00	-6.800339	0	0.00	0.06782454	5.000374	10.00	-0.008186146
-3.860446	10.00	-6.737182	0	0.00	0.06315738	5.050193	10.00	-0.008158937
-3.860446	10.00	-6.670756	0	0.00	0.06642595	5.10003	10.00	-0.008131864
-3.860446	10.00	-6.604306	0	0.00	0.06645001	5.200269	10.00	-0.008077086
-3.860446	10.00	-6.470653	0	0.00	0.1336531	5.250093	10.00	-0.008049897
-3.860446	10.00	-6.404222	0	0.00	0.0664302	5.297846	10.00	-0.008023962
-3.860446	10.00	-6.340551	0	0.00	0.06367124	5.347675	10.00	-0.007996734
-3.860446	10.00	-6.274112	0	0.00	0.06643869	5.397426	10.00	-0.007969583
-3.860446	10.00	-6.207778	0	0.00	0.06633393	5.497293	10.00	-0.007915156
-3.860446	10.00	-6.074622	0	0.00	0.1331562	5.548079	10.00	-0.007887403
-3.860446	10.00	-6.006907	0	0.00	0.06771554	5.595599	10.00	-0.007861498
-3.860446	10.00	-5.943547	0	0.00	0.0633598	5.644951	10.00	-0.007834551
-3.860446	10.00	-5.877744	0	0.00	0.0658031	5.744994	10.00	-0.007780017
-3.860446	10.00	-5.744352	0	0.00	0.1333912	5.795434	10.00	-0.007752535
-3.860446	10.00	-5.6771	0	0.00	0.06725264	5.843013	10.00	-0.007726552
-3.860446	10.00	-5.613661	0	0.00	0.06343908	5.892895	10.00	-0.007699353
-3.860446	10.00	-5.547154	0	0.00	0.06650664	5.996226	10.00	-0.007643018
-3.860446	10.00	-5.409379	0	0.00	0.1377753	6.042814	10.00	-0.007617551
-3.860446	10.00	-5.347259	0	0.00	0.06211976	6.091221	10.00	-0.007591189
-3.860446	10.00	-5.282719	0	0.00	0.0645404	6.140862	10.00	-0.007564155
-3.860446	10.00	-5.216531	0	0.00	0.06618813	6.240791	10.00	-0.00750964
-3.860446	10.00	-5.083292	0	0.00	0.1332383	6.2923	10.00	-0.007481507
-3.860446	10.00	-5.014613	0	0.00	0.06867955	6.338657	10.00	-0.007456283
-3.860446	10.00	-4.952805	0	0.00	0.06180834	6.388682	10.00	-0.007428967
-3.860446	10.00	-4.886104	0	0.00	0.06670057	6.439445	10.00	-0.007401262
-3.860446	10.00	-4.818418	0	0.00	0.06768581	6.538554	10.00	-0.007347136
-3.860446	10.00	-4.686275	0	0.00	0.1321427	6.587316	10.00	-0.007320657
-3.860446	10.00	-4.621258	0	0.00	0.06501745	6.641218	10.00	-0.00729121
-3.860446	10.00	-4.549387	0	0.00	0.07187026	6.737411	10.00	-0.007238758
-3.860446	10.00	-4.421131	0	0.00	0.1282569	6.799343	10.00	-0.007204932
-3.860446	10.00	-4.338552	0	0.00	0.0825791	6.885535	10.00	-0.007157939
-3.86014	10.00	-4.223632	0.0003060074	0.00	0.1149194	6.95453	10.00	-0.00712024
-3.85455	10.00	-4.131637	0.005589657	0.00	0.09199551	7.033653	10.00	-0.007077032
-3.846097	10.00	-4.026139	0.008453065	0.00	0.1054973	7.086605	10.00	-0.007048169
-3.839756	10.00	-3.955536	0.006340798	0.00	0.07060332	7.183789	10.00	-0.006995259
-3.828119	10.00	-3.82596	0.01163709	0.00	0.1295763	7.231926	10.00	-0.006968917
-3.821733	10.00	-3.761775	0.006385882	0.00	0.06418509	7.281718	10.00	-0.006941805
-3.813843	10.00	-3.695388	0.007890507	0.00	0.06638631	7.380809	10.00	-0.006887796
-3.79686	10.00	-3.563267	0.01698294	0.00	0.1321215	7.43053	10.00	-0.006860713
-3.787054	10.00	-3.496971	0.00980554	0.00	0.06629571	7.478978	10.00	-0.006834303
-3.7775	10.00	-3.432373	0.009554503	0.00	0.06459844	7.528607	10.00	-0.00680725
-3.765791	10.00	-3.366203	0.01170905	0.00	0.06616973	7.628776	10.00	-0.006752539
-3.736983	10.00	-3.232641	0.0288076	0.00	0.1335625	7.67872	10.00	-0.006725418
-3.721976	10.00	-3.166053	0.01500673	0.00	0.06658732	7.726554	10.00	-0.006699231
-3.706984	10.00	-3.102269	0.01499267	0.00	0.06378448	7.776685	10.00	-0.006671876
-3.691274	10.00	-3.035432	0.01571005	0.00	0.06683646	7.877532	10.00	-0.006616884
-3.659667	10.00	-2.900967	0.03160643	0.00	0.1344656	7.926644	10.00	-0.006590104
-3.644276	10.00	-2.835486	0.01539129	0.00	0.06548034	7.975604	10.00	-0.00656343
-3.628932	10.00	-2.770207	0.01534404	0.00	0.06527933	8.024836	10.00	-0.006536494
-3.61223	10.00	-2.704561	0.0167015	0.00	0.06564596	8.074515	10.00	-0.00650944
-3.594737	10.00	-2.638322	0.01749379	0.00	0.06623909	8.174946	10.00	-0.006454614
-3.558076	10.00	-2.504417	0.03666101	0.00	0.1339051	8.224395	10.00	-0.006427677
-3.538747	10.00	-2.438483	0.01932831	0.00	0.06593332	8.27194	10.00	-0.006401704
-3.519549	10.00	-2.375088	0.01919811	0.00	0.06339519	8.321603	10.00	-0.006374651
-3.500138	10.00	-2.308873	0.01941089	0.00	0.06621502	8.421695	10.00	-0.006320107
-3.461016	10.00	-2.175418	0.03912223	0.00	0.1334549	8.471068	10.00	-0.006293141
-3.441717	10.00	-2.109584	0.01929926	0.00	0.06583424	8.519788	10.00	-0.006266555
-3.422675	10.00	-2.044627	0.01904198	0.00	0.06495658	8.569405	10.00	-0.006239551
-3.403281	10.00	-1.978472	0.01939346	0.00	0.06615558	8.669633	10.00	-0.006184831
-3.3654	10.00	-1.844834	0.03788177	0.00	0.1336375	8.719943	10.00	-0.006157428
-3.346383	10.00	-1.77775	0.01901612	0.00	0.06708419	8.767577	10.00	-0.006131484
-3.328381	10.00	-1.71424	0.01800292	0.00	0.06350986	8.818328	10.00	-0.006103681
-3.309199	10.00	-1.646572	0.01918184	0.00	0.06766883	8.918094	10.00	-0.00604939
-3.271492	10.00	-1.51355	0.03770721	0.00	0.1330218	8.968614	10.00	-0.00602185
-3.252398	10.00	-1.446192	0.01909357	0.00	0.0673574	9.017905	10.00	-0.005994894
-3.233768	10.00	-1.380469	0.0186305	0.00	0.06572382	9.118996	10.00	-0.005939766
-3.19556	10.00	-1.245683	0.0382072	0.00	0.1347856	9.16492	10.00	-0.005914776
-3.178202	10.00	-1.184448	0.01735808	0.00	0.06123503	9.218029	10.00	-0.005885815
-3.15813	10.00	-1.113638	0.02007226	0.00	0.07080999	9.315372	10.00	-0.005832662
-3.121339	10.00	-0.983848	0.03679112	0.00	0.12979	9.366409	10.00	-0.00580486
-3.102049	10.00	-0.9157983	0.01928979	0.00	0.06804962	9.464132	10.00	-0.00575158
-3.065114	10.00	-0.7855001	0.03693517	0.00	0.1302982	9.512359	10.00	-0.005725228
-3.046886	10.00	-0.7211975	0.01822763	0.00	0.06430259	9.614245	10.00	-0.005669642
-3.008378	10.00	-0.5853503	0.03850814	0.00	0.1358473	9.660525	10.00	-0.005644429
-2.990885	10.00	-0.523641	0.0174925	0.00	0.06170924	9.761844	10.00	-0.005589125
-2.952592	10.00	-0.3885497	0.03829386	0.00	0.1350913	9.814879	10.00	-0.005560223
-2.932547	10.00	-0.3178374	0.02004457	0.00	0.07071231	9.910199	10.00	-0.005508218
-2.89652	10.00	-0.1907441	0.0360267	0.00	0.1270933	9.960407	10.00	-0.005480834
-2.877543	10.00	-0.1237972	0.0189772	0.00	0.06694688	10.06062	10.00	-0.005426125
-2.839669	10.00	0.009813458	0.03787414	0.00	0.1336107	10.12646	10.00	-0.005390235
-2.814781	10.00	0.09761178	0.02488788	0.00	0.08779833	10.20816	10.00	-0.005345646
-2.783906	10.00	0.2065334	0.03087561	0.00	0.1089216	10.26267	10.00	-0.005315936
-2.763301	10.00	0.2792218	0.02060474	0.00	0.07268846	10.35677	10.00	-0.005264604
-2.727737	10.00	0.4046816	0.03556363	0.00	0.1254597	10.42355	10.00	-0.005228179
-2.702497	10.00	0.4937242	0.0252406	0.00	0.08904262	10.50606	10.00	-0.005183152
-2.671312	10.00	0.6037357	0.03118459	0.00	0.1100116	10.5837	10.00	-0.005140869
-2.641967	10.00	0.7072569	0.02934477	0.00	0.1035211	10.65433	10.00	-0.005102284
-2.615273	10.00	0.8014281	0.02669439	0.00	0.09417126	10.71919	10.00	-0.005066949
-2.590759	10.00	0.8879071	0.0245139	0.00	0.08647901	10.80207	10.00	-0.00502166
-2.559432	10.00	0.9984198	0.03132664	0.00	0.1105127	10.85114	10.00	-0.004994927
-2.541521	10.00	1.063842	0.01791155	0.00	0.0654223	10.9023	10.00	-0.004967067
-2.522844	10.00	1.132059	0.0186766	0.00	0.06821665	11.00124	10.00	-0.004913048
-2.486727	10.00	1.263976	0.03611688	0.00	0.1319176	11.04875	10.00	-0.004887152
-2.469385	10.00	1.327319	0.01734223	0.00	0.06334282	11.09769	10.00	-0.004860401
-2.451519	10.00	1.392577	0.01786659	0.00	0.06525809	11.14736	10.00	-0.004833406
-2.433387	10.00	1.458802	0.0181313	0.00	0.06622493	11.24803	10.00	-0.004778482
-2.396639	10.00	1.593026	0.03674822	0.00	0.1342236	11.2978	10.00	-0.004751371
-2.378468	10.00	1.659395	0.01817083	0.00	0.06636932	11.34562	10.00	-0.004725222
-2.361013	10.00	1.723151	0.01745539	0.00	0.06375617	11.39596	10.00	-0.00469778
-2.342637	10.00	1.790269	0.01837585	0.00	0.06711817	11.44531	10.00	-0.004670902
-2.324622	10.00	1.85607	0.01801503	0.00	0.06580026	11.54492	10.00	-0.004616494
-2.288258	10.00	1.988889	0.03636375	0.00	0.1328193	11.59425	10.00	-0.004589519
-2.27025	10.00	2.054664	0.01800806	0.00	0.06577478	11.64263	10.00	-0.004563205
-2.252592	10.00	2.119162	0.01765848	0.00	0.06449793	11.69279	10.00	-0.004535889
-2.234278	10.00	2.186052	0.01831345	0.00	0.06689025	11.79239	10.00	-0.004481393
-2.197923	10.00	2.31884	0.03635523	0.00	0.1327882	11.84358	10.00	-0.004453572
-2.179236	10.00	2.387094	0.01868668	0.00	0.06825346	11.89032	10.00	-0.004428027
-2.16217	10.00	2.449427	0.01706589	0.00	0.06233351	11.94078	10.00	-0.004400526
-2.143752	10.00	2.5167	0.0184181	0.00	0.06727246	12.04026	10.00	-0.004346351
-2.107439	10.00	2.649335	0.03631337	0.00	0.1326353	12.09145	10.00	-0.004318335
-2.088751	10.00	2.717593	0.01868784	0.00	0.0682577	12.13879	10.00	-0.004292517
-2.071469	10.00	2.780715	0.01728177	0.00	0.06312199	12.18863	10.00	-0.004265367
-2.053278	10.00	2.847158	0.01819099	0.00	0.06644294	12.28809	10.00	-0.004211144
-2.016968	10.00	2.979783	0.03631066	0.00	0.1326254	12.3386	10.00	-0.004183594
-1.998532	10.00	3.047119	0.01843554	0.00	0.06733616	12.38607	10.00	-0.00415767
-1.981202	10.00	3.110417	0.01732982	0.00	0.06329753	12.43641	10.00	-0.004130247
-1.962825	10.00	3.177539	0.01837702	0.00	0.06712241	12.48552	10.00	-0.004103466
-1.944897	10.00	3.243022	0.01792822	0.00	0.06548318	12.58663	10.00	-0.004048338
-1.911906	10.00	3.377826	0.03299125	0.00	0.134804	12.63647	10.00	-0.0040211
-1.895638	10.00	3.444296	0.01626749	0.00	0.06646983	12.68471	10.00	-0.003994805
-1.879898	10.00	3.50861	0.01573986	0.00	0.0643139	12.73384	10.00	-0.003968064
-1.863867	10.00	3.574114	0.01603122	0.00	0.06550441	12.83402	10.00	-0.003913315
-1.831177	10.00	3.70769	0.03269053	0.00	0.1335753	12.8829	10.00	-0.003886719
-1.815859	10.00	3.772854	0.01531709	0.00	0.06516467	12.93239	10.00	-0.003859676
-1.800347	10.00	3.83885	0.0155124	0.00	0.06599561	12.98443	10.00	-0.003831318
-1.784038	10.00	3.908235	0.01630897	0.00	0.0693845	13.08151	10.00	-0.003778312
-1.753614	10.00	4.037669	0.03042389	0.00	0.1294347	13.13018	10.00	-0.003751735
-1.738989	10.00	4.102562	0.01462485	0.00	0.06489288	13.18093	10.00	-0.003724088
-1.724393	10.00	4.170235	0.01459615	0.00	0.06767307	13.23222	10.00	-0.003696169
-1.709645	10.00	4.238615	0.01474851	0.00	0.06837945	13.33057	10.00	-0.003642549
-1.681359	10.00	4.369759	0.02828611	0.00	0.1311447	13.38001	10.00	-0.003615486
-1.667141	10.00	4.435677	0.01421756	0.00	0.06591775	13.427	10.00	-0.003589854
-1.653628	10.00	4.498329	0.01351318	0.00	0.06265202	13.47709	10.00	-0.003562499
-1.639225	10.00	4.565107	0.01440319	0.00	0.06677843	13.52652	10.00	-0.003535582
-1.626287	10.00	4.63101	0.01293795	0.00	0.06590218	13.62745	10.00	-0.003480619
-1.599864	10.00	4.765598	0.02642255	0.00	0.1345888	13.67665	10.00	-0.003453683
-1.586986	10.00	4.831196	0.0128782	0.00	0.06559783	13.72491	10.00	-0.003427301
-1.574354	10.00	4.89554	0.01263198	0.00	0.06434363	13.77512	10.00	-0.003399907
-1.561211	10.00	4.962488	0.01314332	0.00	0.06694829	13.87495	10.00	-0.003345528
-1.536369	10.00	5.095588	0.0248414	0.00	0.1330996	13.92452	10.00	-0.003318495
-1.524673	10.00	5.161684	0.01169602	0.00	0.06609612	13.97644	10.00	-0.003290176
-1.512422	10.00	5.230918	0.01225136	0.00	0.06923445	14.07296	10.00	-0.003237578
-1.48965	10.00	5.359604	0.02277157	0.00	0.1286858	14.12152	10.00	-0.00321108
-1.478192	10.00	5.424356	0.01145805	0.00	0.06475132	14.17148	10.00	-0.003183822
-1.466406	10.00	5.490961	0.0117862	0.00	0.06660572	14.27146	10.00	-0.003129278
-1.442817	10.00	5.624268	0.02358918	0.00	0.1333063	14.33123	10.00	-0.003096756
-1.428713	10.00	5.70397	0.01410376	0.00	0.07970265	14.41981	10.00	-0.003048362
-1.407815	10.00	5.822069	0.02089814	0.00	0.1180988	14.48022	10.00	-0.00301546
-1.39356	10.00	5.902624	0.01425456	0.00	0.08055482	14.56798	10.00	-0.002967494
-1.372856	10.00	6.01963	0.02070475	0.00	0.1170059	14.61704	10.00	-0.002940781
-1.36128	10.00	6.085046	0.01157579	0.00	0.06541664	14.66669	10.00	-0.00291367
-1.349564	10.00	6.151254	0.01171581	0.00	0.06620795	14.76745	10.00	-0.002858707
-1.325792	10.00	6.285594	0.02377204	0.00	0.1343397	14.81725	10.00	-0.002831634
-1.314042	10.00	6.351995	0.01174988	0.00	0.06640047	14.86628	10.00	-0.002804795
-1.302475	10.00	6.417365	0.01156752	0.00	0.06536993	14.91434	10.00	-0.002778569
-1.291136	10.00	6.481443	0.01133907	0.00	0.06407892	14.9646	10.00	-0.002751117
-1.279276	10.00	6.548465	0.01185984	0.00	0.06702191	15.06385	10.00	-0.002696991
-1.255859	10.00	6.680796	0.02341659	0.00	0.132331	15.11364	10.00	-0.00266986
-1.244111	10.00	6.747187	0.01174812	0.00	0.06639056	15.16202	10.00	-0.002643546
-1.232699	10.00	6.81168	0.01141246	0.00	0.06449369	15.21196	10.00	-0.002616415
-1.220916	10.00	6.878265	0.01178244	0.00	0.06658449	15.31172	10.00	-0.002561968
-1.197378	10.00	7.011285	0.02353858	0.00	0.1330204	15.36118	10.00	-0.002534993
-1.185709	10.00	7.077226	0.01166847	0.00	0.0659404	15.40972	10.00	-0.002508475
-1.174256	10.00	7.141947	0.01145279	0.00	0.06472159	15.4596	10.00	-0.002481324
-1.162486	10.00	7.208462	0.01177017	0.00	0.06651513	15.5603	10.00	-0.002426303
-1.138727	10.00	7.342731	0.02375952	0.00	0.1342689	15.61029	10.00	-0.002399114
-1.126933	10.00	7.409381	0.01179396	0.00	0.06664961	15.65794	10.00	-0.002373121
-1.115691	10.00	7.472909	0.01124163	0.00	0.06352826	15.71118	10.00	-0.002344015
-1.103129	10.00	7.5439	0.01256223	0.00	0.07099118	15.80881	10.00	-0.002290813
-1.080094	10.00	7.674074	0.02303484	0.00	0.1301736	15.85813	10.00	-0.002263848
-1.068459	10.00	7.739828	0.0116354	0.00	0.06575355	15.90598	10.00	-0.002237768
-1.057169	10.00	7.803625	0.01128922	0.00	0.06379722	15.9558	10.00	-0.002210637
-1.045413	10.00	7.87006	0.01175614	0.00	0.06643586	16.05541	10.00	-0.002156267
-1.021912	10.00	8.002869	0.02350101	0.00	0.132808	16.10684	10.00	-0.002128338
-1.009778	10.00	8.071444	0.01213463	0.00	0.06857479	16.15424	10.00	-0.002102414
-0.9992048	10.00	8.13465	0.01057274	0.00	0.06320693	16.20324	10.00	-0.002075692
-0.9882768	10.00	8.199981	0.01092792	0.00	0.06533029	16.3039	10.00	-0.002020748
-0.9658265	10.00	8.334196	0.02245041	0.00	0.1342151	16.3539	10.00	-0.001993481
-0.9546748	10.00	8.400864	0.01115168	0.00	0.06666801	16.40569	10.00	-0.001965172
-0.9431264	10.00	8.469903	0.0115483	0.00	0.06903911	16.45574	10.00	-0.001937886
-0.9319631	10.00	8.53664	0.01116329	0.00	0.06673738	16.50117	10.00	-0.001913129
-0.9218301	10.00	8.597219	0.01013303	0.00	0.0605782	16.60167	10.00	-0.001858234
-0.899416	10.00	8.731217	0.02241418	0.00	0.1339985	16.65027	10.00	-0.001831765
-0.8885752	10.00	8.796026	0.01084078	0.00	0.06480936	16.6986	10.00	-0.001805354
-0.8784204	10.00	8.860465	0.01015479	0.00	0.06443848	16.74835	10.00	-0.001778223
-0.8679675	10.00	8.926794	0.01045283	0.00	0.06632969	16.84922	10.00	-0.001723163
-0.8467733	10.00	9.061286	0.02119432	0.00	0.1344911	16.89879	10.00	-0.001696149
-0.8363577	10.00	9.127378	0.01041557	0.00	0.06609329	16.94629	10.00	-0.001670253
-0.8263762	10.00	9.190718	0.009981462	0.00	0.06333858	16.99639	10.00	-0.001642899
-0.8158507	10.00	9.257508	0.01052555	0.00	0.06679117	17.04591	10.00	-0.001615923
-0.8054442	10.00	9.323544	0.01040643	0.00	0.06603525	17.14587	10.00	-0.001561282
-0.7870225	10.00	9.456819	0.01842172	0.00	0.1332752	17.19558	10.00	-0.001534316
-0.7785026	10.00	9.523101	0.008519853	0.00	0.06628156	17.24508	10.00	-0.001507224
-0.7700195	10.00	9.589096	0.008483097	0.00	0.06599561	17.2943	10.00	-0.001480365
-0.7615837	10.00	9.654724	0.008435788	0.00	0.06562756	17.39371	10.00	-0.001426171
-0.7445452	10.00	9.787278	0.01703861	0.00	0.1325546	17.44332	10.00	-0.001399079
-0.7360433	10.00	9.85342	0.008501839	0.00	0.06614142	17.49239	10.00	-0.001372308
-0.7289006	10.00	9.918845	0.00714276	0.00	0.06542514	17.54155	10.00	-0.001345537
-0.7223794	10.00	9.984389	0.006521087	0.00	0.06554405	17.6423	10.00	-0.001290545
-0.7220218	10.00	10.11873	0.0003577273	0.00	0.1343425	17.70248	10.00	-0.001257799
-0.7220218	10.00	10.19897	0	0.00	0.08023632	17.79137	10.00	-0.001209288
-0.7220218	10.00	10.31749	0	0.00	0.1185234	17.85378	10.00	-0.001175228
-0.7220218	10.00	10.4007	0	0.00	0.08320761	17.93952	10.00	-0.001128479
-0.7220218	10.00	10.51502	0	0.00	0.1143234	17.98879	10.00	-0.001101552
-0.7220218	10.00	10.58072	0	0.00	0.06569692	18.0884	10.00	-0.001047348
-0.7220218	10.00	10.71353	0	0.00	0.1328108	18.13898	10.00	-0.001019643
-0.7220218	10.00	10.78096	0	0.00	0.06743384	18.18891	10.00	-0.0009925317
-0.7220218	10.00	10.84754	0	0.00	0.06657458	18.28644	10.00	-0.0009393498
-0.7220218	10.00	10.97759	0	0.00	0.1300476	18.33532	10.00	-0.0009126177
-0.7220218	10.00	11.04275	0	0.00	0.0651675	18.38451	10.00	-0.0008858564
-0.7220218	10.00	11.10833	0	0.00	0.06558084	18.43405	10.00	-0.0008588032
-0.7220218	10.00	11.17439	0	0.00	0.06605365	18.53335	10.00	-0.0008046384
-0.7220218	10.00	11.30679	0	0.00	0.1324032	18.58249	10.00	-0.0007778966
-0.7220218	10.00	11.37231	0	0.00	0.06552281	18.63244	10.00	-0.0007506001
-0.7220218	10.00	11.43891	0	0.00	0.06659157	18.6817	10.00	-0.0007238388
-0.7220218	10.00	11.5046	0	0.00	0.06569692	18.78267	10.00	-0.0006687787
-0.7220218	10.00	11.63922	0	0.00	0.1346129	18.82981	10.00	-0.0006429809
-0.7220218	10.00	11.70208	0	0.00	0.06286152	18.88004	10.00	-0.0006156065
-0.7220218	10.00	11.76905	0	0.00	0.06697236	18.92944	10.00	-0.0005886604
-0.7220218	10.00	11.83491	0	0.00	0.06586114	19.02992	10.00	-0.0005338143
-0.7220218	10.00	11.96944	0	0.00	0.1345251	19.07788	10.00	-0.0005077635
-0.7220218	10.00	12.0346	0	0.00	0.0651675	19.12501	10.00	-0.0004819559
-0.7220218	10.00	12.09946	0	0.00	0.06485749	19.17178	10.00	-0.0004564694
-0.7220218	10.00	12.16533	0	0.00	0.06586538	19.26408	10.00	-0.0004061777
-0.7220218	10.00	12.29886	0	0.00	0.1335314	19.30697	10.00	-0.0003827056
-0.7220218	10.00	12.36458	0	0.00	0.06571957	19.3489	10.00	-0.0003598466
-0.7220218	10.00	12.43076	0	0.00	0.0661853	19.38956	10.00	-0.0003375715
-0.7220218	10.00	12.49696	0	0.00	0.06619663	19.46841	10.00	-0.0002945297
-0.7220218	10.00	12.62947	0	0.00	0.1325093	19.50457	10.00	-0.0002747263
-0.7220218	10.00	12.69445	0	0.00	0.06497923	19.54718	10.00	-0.0002514586
-0.7220218	10.00	12.77373	0	0.00	0.07928222	19.60892	10.00	-0.0002176324
-0.7220218	10.00	12.89379	0	0.00	0.1200607	19.64168	10.00	-0.0001996877
-0.7220218	10.00	12.9622	0	0.00	0.06840634	19.67025	10.00	-0.00018403
-0.7220218	10.00	13.02446	0	0.00	0.0622684	19.72924	10.00	-0.0001516537
-0.7220218	10.00	13.15841	0	0.00	0.1339476	19.75566	10.00	-0.0001370372
-0.7220218	10.00	13.22434	0	0.00	0.06593191	19.78016	10.00	-0.0001235981
-0.7220218	10.00	13.28864	0	0.00	0.06429834	19.80422	10.00	-0.0001104219
-0.7220218	10.00	13.35519	0	0.00	0.06654344	19.82681	10.00	-9.791705E-05
-0.7220218	10.00	13.4213	0	0.00	0.06611169	19.86962	10.00	-7.418224E-05
-0.7220218	10.00	13.55439	0	0.00	0.1330925	19.88846	10.00	-6.384752E-05
-0.7220218	10.00	13.62137	0	0.00	0.06697519	19.9052	10.00	-5.455406E-05
-0.7220218	10.00	13.68559	0	0.00	0.0642219	19.92105	10.00	-4.581529E-05
-0.7220218	10.00	13.75152	0	0.00	0.06592766	19.95037	10.00	-2.933035E-05
-0.7220218	10.00	13.8849	0	0.00	0.133387	19.96205	10.00	-2.28006E-05
-0.7220218	10.00	13.95081	0	0.00	0.0659036	19.97221	10.00	-1.706882E-05
-0.721847	10.00	14.01644	0.0001747682	0.00	0.06563322	19.98082	10.00	-1.211556E-05
-0.7197711	10.00	14.0819	0.002075849	0.00	0.06546053	19.99332	10.00	-4.54455E-06
-0.712943	10.00	14.21558	0.006828148	0.00	0.1336828	19.99728	10.00	-2.101976E-06
-0.7095308	10.00	14.28239	0.003412231	0.00	0.06680533	19.99968	10.00	-3.795234E-07
-0.7055908	10.00	14.34723	0.003939974	0.00	0.06484475	19.99998	10.00	-2.919411E-08
-0.7009887	10.00	14.41256	0.004602062	0.00	0.06533029	20	10.00	0
-0.6916	10.00	14.54584	0.0093887	0.00	0.1332808	20	10.00	0
-0.6869175	10.00	14.61232	0.004682534	0.00	0.06647266	20	10.00	0
-0.6823911	10.00	14.67657	0.004526376	0.00	0.06425587	20	10.00	0
-0.6777126	10.00	14.74299	0.004678545	0.00	0.06641604	20	10.00	0
-0.6730399	10.00	14.80932	0.004672661	0.00	0.06633252	20	10.00	0
-0.6635734	10.00	14.94371	0.00946648	0.00	0.134385	20	10.00	0
-0.6583211	10.00	15.01827	0.005252319	0.00	0.07456127	20	10.00	0
-0.6508082	10.00	15.14191	0.007512855	0.00	0.1236478	20	10.00	0
-0.6458312	10.00	15.22383	0.004977004	0.00	0.08191236	20	10.00	0
-0.6387673	10.00	15.34009	0.007063965	0.00	0.1162599	20	10.00	0
-0.6348497	10.00	15.40456	0.003917611	0.00	0.0644767	20	10.00	0
-0.630512	10.00	15.47595	0.004337687	0.00	0.07139038	20	10.00	0
-0.6226472	10.00	15.60539	0.007864724	0.00	0.1294389	20	10.00	0
-0.6185861	10.00	15.67223	0.004061163	0.00	0.06683929	20	10.00	0
-0.6148138	10.00	15.73432	0.003772253	0.00	0.06208437	20	10.00	0
-0.6108137	10.00	15.80015	0.004000096	0.00	0.06583424	20	10.00	0
-0.6067415	10.00	15.86717	0.004072258	0.00	0.06702191	20	10.00	0
-0.5986951	10.00	15.9996	0.008046378	0.00	0.1324286	20	10.00	0
-0.5945678	10.00	16.06753	0.004127305	0.00	0.06792787	20	10.00	0
-0.5907539	10.00	16.1303	0.003813882	0.00	0.06276951	20	10.00	0
-0.5866866	10.00	16.19724	0.004067356	0.00	0.06694122	20	10.00	0
-0.5826296	10.00	16.26401	0.004056949	0.00	0.06676994	20	10.00	0
-0.5745829	10.00	16.39644	0.008046722	0.00	0.1324343	20	10.00	0
-0.570547	10.00	16.46287	0.004035876	0.00	0.06642312	20	10.00	0
-0.5666069	10.00	16.52771	0.00394006	0.00	0.06484617	20	10.00	0
-0.562539	10.00	16.59467	0.004067958	0.00	0.06695113	20	10.00	0
-0.554385	10.00	16.72886	0.008153979	0.00	0.1341995	20	10.00	0
-0.5504753	10.00	16.79321	0.003909698	0.00	0.06434646	20	10.00	0
-0.5463946	10.00	16.86037	0.004080687	0.00	0.06716063	20	10.00	0
-0.5418769	10.00	16.93473	0.004517794	0.00	0.0743546	20	10.00	0
-0.5344328	10.00	17.05724	0.007444046	0.00	0.1225154	20	10.00	0
-0.5304178	10.00	17.12332	0.004014975	0.00	0.06607913	20	10.00	0
-0.5264249	10.00	17.18904	0.00399287	0.00	0.06571533	20	10.00	0
-0.522463	10.00	17.25424	0.003961993	0.00	0.06520714	20	10.00	0
-0.5142498	10.00	17.38942	0.008213153	0.00	0.1351734	20	10.00	0
-0.51028	10.00	17.45475	0.00396982	0.00	0.06533595	20	10.00	0
-0.5064133	10.00	17.51839	0.003866693	0.00	0.06363868	20	10.00	0
-0.5022997	10.00	17.58609	0.004113544	0.00	0.06770138	20	10.00	0
-0.4942334	10.00	17.71885	0.008066333	0.00	0.1327571	20	10.00	0
-0.4902299	10.00	17.78474	0.004003535	0.00	0.06589086	20	10.00	0
-0.4863028	10.00	17.84937	0.003927073	0.00	0.06463241	20	10.00	0
-0.4822699	10.00	17.91575	0.004032866	0.00	0.06637357	20	10.00	0
-0.4741284	10.00	18.04974	0.008141506	0.00	0.1339943	20	10.00	0
-0.4701385	10.00	18.11541	0.003989946	0.00	0.0656672	20	10.00	0
-0.4662517	10.00	18.17938	0.00388682	0.00	0.06396993	20	10.00	0
-0.4622326	10.00	18.24552	0.004019018	0.00	0.06614567	20	10.00	0
-0.4540478	10.00	18.38023	0.008184856	0.00	0.1347077	20	10.00	0
-0.4500647	10.00	18.44579	0.003983065	0.00	0.06555396	20	10.00	0
-0.4461829	10.00	18.50967	0.003881831	0.00	0.06388782	20	10.00	0
-0.4420895	10.00	18.57704	0.004093417	0.00	0.06737014	20	10.00	0
-0.4340384	10.00	18.70955	0.008051109	0.00	0.1325065	20	10.00	0
-0.4299389	10.00	18.77702	0.004099524	0.00	0.06747064	20	10.00	0
-0.4260886	10.00	18.84039	0.003850265	0.00	0.0633683	20	10.00	0
-0.4219772	10.00	18.90805	0.004111393	0.00	0.06766599	20	10.00	0
-0.4139705	10.00	19.03983	0.008006642	0.00	0.1317746	20	10.00	0
-0.4100218	10.00	19.10482	0.003948747	0.00	0.06498913	20	10.00	0
-0.4059959	10.00	19.17108	0.004025898	0.00	0.06625891	20	10.00	0
-0.4019519	10.00	19.23763	0.004043961	0.00	0.06655618	20	10.00	0
-0.3938152	10.00	19.37155	0.00813669	0.00	0.133915	20	10.00	0
-0.3897496	10.00	19.43846	0.004065636	0.00	0.0669129	20	10.00	0
-0.3858773	10.00	19.50219	0.00387237	0.00	0.0637321	20	10.00	0
-0.3818987	10.00	19.56767	0.003978507	0.00	0.06547893	20	10.00	0
-0.3778318	10.00	19.63461	0.004066925	0.00	0.06693414	20	10.00	0
-0.3696934	10.00	19.76855	0.00813841	0.00	0.1339433	20	10.00	0
-0.3649388	10.00	19.8468	0.004754581	0.00	0.07825167	20	10.00	0
-0.3576144	10.00	19.96735	0.007324406	0.00	0.1205463	20	10.00	0
-0.3529611	10.00	20.04393	0.004653346	0.00	0.07658555	20	10.00	0
-0.3456732	10.00	20.16388	0.007287851	0.00	0.1199447	20	10.00	0
-0.3415767	10.00	20.2313	0.004096514	0.00	0.0674211	20	10.00	0
-0.3377402	10.00	20.29444	0.003836503	0.00	0.06314181	20	10.00	0
-0.3296013	10.00	20.42839	0.008138926	0.00	0.1339518	20	10.00	0
-0.3257425	10.00	20.4919	0.00385878	0.00	0.06350844	20	10.00	0
-0.3215846	10.00	20.56033	0.004157925	0.00	0.06843182	20	10.00	0
-0.3176591	10.00	20.62494	0.003925525	0.00	0.06460693	20	10.00	0
-0.3137103	10.00	20.68993	0.003948747	0.00	0.06498913	20	10.00	0
-0.3096251	10.00	20.75716	0.004085246	0.00	0.06723566	20	10.00	0
-0.3054488	10.00	20.8259	0.004176245	0.00	0.06873333	20	10.00	0
-0.3015862	10.00	20.88947	0.003862565	0.00	0.06357073	20	10.00	0
-0.2974113	10.00	20.95818	0.004174955	0.00	0.06871211	20	10.00	0
-0.2893785	10.00	21.09039	0.008032789	0.00	0.132205	20	10.00	0
-0.2855208	10.00	21.15388	0.003857662	0.00	0.06349004	20	10.00	0
-0.2803445	10.00	21.23907	0.005176377	0.00	0.08519366	20	10.00	0
-0.2734089	10.00	21.35322	0.006935552	0.00	0.1141465	20	10.00	0
-0.2694218	10.00	21.41884	0.003987108	0.00	0.06562048	20	10.00	0
-0.2655056	10.00	21.48329	0.003916149	0.00	0.06445263	20	10.00	0
-0.2614208	10.00	21.55052	0.004084816	0.00	0.06722858	20	10.00	0
-0.2574444	10.00	21.61596	0.003976443	0.00	0.06544495	20	10.00	0
-0.2533989	10.00	21.68254	0.004045509	0.00	0.06658166	20	10.00	0
-0.2493744	10.00	21.74878	0.004024522	0.00	0.06623626	20	10.00	0
-0.2426318	10.00	21.88079	0.006742541	0.00	0.1320068	20	10.00	0
-0.2398319	10.00	21.94843	0.002799876	0.00	0.0676391	20	10.00	0
-0.2371207	10.00	22.01393	0.002711277	0.00	0.06549875	20	10.00	0
-0.2356675	10.00	22.07989	0.001453134	0.00	0.06596588	20	10.00	0
-0.235497	10.00	22.14393	0.0001705201	0.00	0.06403787	20	10.00	0
-0.2353208	10.00	22.21011	0.0001762345	0.00	0.06618389	20	10.00	0
-0.2353208	10.00	22.27687	0	0.00	0.06676144	20	10.00	0
-0.2353208	10.00	22.34267	0	0.00	0.06579602	20	10.00	0
-0.2353208	10.00	22.47538	0	0.00	0.1327132	20	10.00	0
-0.2353208	10.00	22.54237	0	0.00	0.06698935	20	10.00	0
-0.2353208	10.00	22.60885	0	0.00	0.06647833	20	10.00	0
-0.2353208	10.00	22.74299	0	0.00	0.1341387	20	10.00	0
-0.2353208	10.00	22.80873	0	0.00	0.06573515	20	10.00	0
-0.2353208	10.00	22.94149	0	0.00	0.132767	20	10.00	0
-0.2353208	10.00	23.01029	0	0.00	0.06879421	20	10.00	0
-0.2353208	10.00	23.13973	0	0.00	0.1294432	20	10.00	0
-0.2353208	10.00	23.20402	0	0.00	0.06429268	20	10.00	0
-0.2353208	10.00	23.33792	0	0.00	0.1339008	20	10.00	0
-0.2353208	10.00	23.40189	0	0.00	0.06396851	20	10.00	0
-0.2353208	10.00	23.53627	0	0.00	0.1343821	20	10.00	0
-0.2353208	10.00	23.60219	0	0.00	0.06592058	20	10.00	0
-0.2353208	10.00	23.73489	0	0.00	0.132699	20	10.00	0
-0.2353208	10.00	23.81383	0	0.00	0.07893682	20	10.00	0
-0.2353208	10.00	23.93347	0	0.00	0.1196431	20	10.00	0
-0.2353208	10.00	23.99758	0	0.00	0.06410723	20	10.00	0
-0.2353208	10.00	24.1311	0	0.00	0.1335243	20	10.00	0
-0.2353208	10.00	24.19599	0	0.00	0.06488863	20	10.00	0
-0.2353208	10.00	24.32968	0	0.00	0.1336828	20	10.00	0
-0.2353208	10.00	24.40034	0	0.00	0.07066135	20	10.00	0
-0.2353208	10.00	24.52857	0	0.00	0.1282315	20	10.00	0
-0.2353208	10.00	24.60959	0	0.00	0.08101913	20	10.00	0
-0.2353208	10.00	24.72655	0	0.00	0.1169677	20	10.00	0
-0.2353208	10.00	24.8073	0	0.00	0.08074875	20	10.00	0
-0.2353208	10.00	24.92709	0	0.00	0.119789	20	10.00	0
-0.2353208	10.00	25.05802	0	0.00	0.1309225	20	10.00	0
-0.2353208	10.00	25.13766	0	0.00	0.07964461	20	10.00	0
-0.2353208	10.00	25.25604	0	0.00	0.1183776	20	10.00	0
-0.2353208	10.00	25.3339	0	0.00	0.07785957	20	10.00	0
-0.2353208	10.00	25.4563	0	0.00	0.1223993	20	10.00	0
-0.2353208	10.00	25.54205	0	0.00	0.08575707	20	10.00	0
-0.2353208	10.00	25.6525	0	0.00	0.1104461	20	10.00	0
-0.2353208	10.00	25.71647	0	0.00	0.06396709	20	10.00	0
-0.2353208	10.00	25.84867	0	0.00	0.1322078	20	10.00	0
-0.2353208	10.00	25.91432	0	0.00	0.06564596	20	10.00	0
-0.2353208	10.00	25.97982	0	0.00	0.06549875	20	10.00	0
-0.2353208	10.00	26.04425	0	0.00	0.06443565	20	10.00	0
-0.2353208	10.00	26.11074	0	0.00	0.06648682	20	10.00	0
-0.2353208	10.00	26.24375	0	0.00	0.1330076	20	10.00	0
-0.2353208	10.00	26.31149	0	0.00	0.06774527	20	10.00	0
-0.2353208	10.00	26.37575	0	0.00	0.0642587	20	10.00	0
-0.2353208	10.00	26.44142	0	0.00	0.06567003	20	10.00	0
-0.2353208	10.00	26.50812	0	0.00	0.06669915	20	10.00	0
23.61104
