0.01047315	10.00	-49.86929	0.01047315	0.00	0.1307087	0	10.00	40
0.09505326	10.00	-48.8137	0.0845801	0.00	1.05559	-0.0002249316	10.00	39.98827
0.1096738	10.00	-48.63123	0.01462051	0.00	0.1824693	-0.0004912246	10.00	39.97717
0.120136	10.00	-48.50066	0.01046226	0.00	0.1305728	-0.0008668851	10.00	39.96118
0.1321785	10.00	-48.35036	0.01204249	0.00	0.1502946	-0.00110328	10.00	39.94718
0.140541	10.00	-48.246	0.008362439	0.00	0.1043662	-0.001416511	10.00	39.93211
0.1481743	10.00	-48.15073	0.007633347	0.00	0.09526692	-0.001950646	10.00	39.90781
0.1587151	10.00	-48.01918	0.01054075	0.00	0.1315524	-0.002416465	10.00	39.88514
0.1667216	10.00	-47.91925	0.008006513	0.00	0.09992416	-0.002939834	10.00	39.8578
0.1749616	10.00	-47.81642	0.008240054	0.00	0.1028388	-0.003585777	10.00	39.81789
0.1852962	10.00	-47.68744	0.01033455	0.00	0.1289789	-0.004353208	10.00	39.78476
0.1927178	10.00	-47.59481	0.007421584	0.00	0.09262403	-0.00514805	10.00	39.74413
0.2010076	10.00	-47.49135	0.008289848	0.00	0.1034603	-0.006198931	10.00	39.6872
0.2010076	10.00	-47.49135	0	0.00	0	-0.007519189	10.00	39.6392
0.2010076	10.00	-47.49135	0	0.00	0	-0.009019614	10.00	39.58797
0.2010076	10.00	-47.49135	0	0.00	0	-0.01124005	10.00	39.52287
0.2010076	10.00	-47.49135	0	0.00	0	-0.0127336	10.00	39.46873
0.2010076	10.00	-47.49135	0	0.00	0	-0.01422743	10.00	39.41324
0.2010076	10.00	-47.49135	0	0.00	0	-0.01598248	10.00	39.34711
0.2010076	10.00	-47.49135	0	0.00	0	-0.01753489	10.00	39.27382
0.2010076	10.00	-47.49135	0	0.00	0	-0.0186935	10.00	39.21982
0.2010076	10.00	-47.49135	0	0.00	0	-0.01984051	10.00	39.16333
0.2010076	10.00	-47.49135	0	0.00	0	-0.0212839	10.00	39.08764
0.2010076	10.00	-47.49135	0	0.00	0	-0.02255788	10.00	39.02687
0.2010076	10.00	-47.49135	0	0.00	0	-0.02386235	10.00	38.96816
0.2010076	10.00	-47.49135	0	0.00	0	-0.02562653	10.00	38.89429
0.2010076	10.00	-47.49135	0	0.00	0	-0.02698863	10.00	38.83532
0.2010076	10.00	-47.49135	0	0.00	0	-0.02840736	10.00	38.77462
0.2010076	10.00	-47.49135	0	0.00	0	-0.03016715	10.00	38.69691
0.2010076	10.00	-47.49135	0	0.00	0	-0.03137341	10.00	38.63652
0.2010076	10.00	-47.49135	0	0.00	0	-0.03253074	10.00	38.57624
0.2010076	10.00	-47.49135	0	0.00	0	-0.03386398	10.00	38.4949
0.2010076	10.00	-47.49135	0	0.00	0	-0.03501742	10.00	38.43253
0.2010076	10.00	-47.49135	0	0.00	0	-0.03613051	10.00	38.36831
0.2010076	10.00	-47.49135	0	0.00	0	-0.03726732	10.00	38.28641
0.2010076	10.00	-47.49135	0	0.00	0	-0.03843835	10.00	38.21875
0.2010076	10.00	-47.49135	0	0.00	0	-0.03984118	10.00	38.11581
0.2010076	10.00	-47.49135	0	0.00	0	-0.04051977	10.00	38.05499
0.2010076	10.00	-47.49135	0	0.00	0	-0.04120699	10.00	37.9875
0.2010076	10.00	-47.49135	0	0.00	0	-0.04178603	10.00	37.90135
0.2010076	10.00	-47.49135	0	0.00	0	-0.04214376	10.00	37.84271
0.2010076	10.00	-47.49135	0	0.00	0	-0.04253938	10.00	37.76987
0.2010076	10.00	-47.49135	0	0.00	0	-0.04300552	10.00	37.68086
0.2010076	10.00	-47.49135	0	0.00	0	-0.04330086	10.00	37.61852
0.2010076	10.00	-47.49135	0	0.00	0	-0.04364572	10.00	37.54823
0.2010076	10.00	-47.49135	0	0.00	0	-0.04407552	10.00	37.45823
0.2010076	10.00	-47.49135	0	0.00	0	-0.04428229	10.00	37.4004
0.2010076	10.00	-47.49135	0	0.00	0	-0.04430171	10.00	37.32525
0.2010076	10.00	-47.47703	0	0.00	0.01432088	-0.04437779	10.00	37.23597
0.2010076	10.00	-47.42556	0	0.00	0.05147702	-0.04443987	10.00	37.17722
0.2010076	10.00	-47.36915	0	0.00	0.05640391	-0.04447556	10.00	37.10101
0.2010076	10.00	-47.26249	0	0.00	0.1066561	-0.04441258	10.00	37.01072
0.2051928	10.00	-47.13052	0.00418523	0.00	0.1319785	-0.04424024	10.00	36.95114
0.2087893	10.00	-47.04363	0.0035965	0.00	0.08688387	-0.04408742	10.00	36.87466
0.2133992	10.00	-46.93227	0.004609875	0.00	0.1113649	-0.04393681	10.00	36.78394
0.2188694	10.00	-46.80012	0.005470194	0.00	0.1321484	-0.04387236	10.00	36.72524
0.2223944	10.00	-46.71496	0.003525012	0.00	0.08515687	-0.0438418	10.00	36.64701
0.227081	10.00	-46.60175	0.004686578	0.00	0.1132178	-0.04356543	10.00	36.55545
0.2325487	10.00	-46.46966	0.005467674	0.00	0.1320875	-0.04337315	10.00	36.4945
0.2361671	10.00	-46.38224	0.003618415	0.00	0.08741329	-0.04309942	10.00	36.41686
0.2407628	10.00	-46.27122	0.004595695	0.00	0.1110223	-0.04280538	10.00	36.32407
0.2462297	10.00	-46.13915	0.005466913	0.00	0.1320691	-0.04258863	10.00	36.26402
0.2497565	10.00	-46.05395	0.003526829	0.00	0.08520074	-0.04235747	10.00	36.18423
0.254433	10.00	-45.94098	0.004676499	0.00	0.1129744	-0.04213715	10.00	36.0904
0.2599111	10.00	-45.80864	0.005478046	0.00	0.132338	-0.04195894	10.00	36.02824
0.2635378	10.00	-45.72103	0.003626678	0.00	0.08761289	-0.04177217	10.00	35.94961
0.2681212	10.00	-45.6103	0.004583389	0.00	0.110725	-0.041539	10.00	35.85574
0.2735862	10.00	-45.47828	0.005465038	0.00	0.1320238	-0.04175417	10.00	35.79284
0.2772434	10.00	-45.38993	0.003657265	0.00	0.08835182	-0.04177469	10.00	35.71445
0.2817959	10.00	-45.27995	0.00455245	0.00	0.1099776	-0.04184058	10.00	35.62004
0.2872684	10.00	-45.14774	0.005472479	0.00	0.1322036	-0.04188712	10.00	35.55964
0.2907701	10.00	-45.06315	0.003501691	0.00	0.08459346	-0.04189662	10.00	35.47851
0.2954749	10.00	-44.94949	0.00470486	0.00	0.1136595	-0.04182009	10.00	35.38398
0.3009475	10.00	-44.81728	0.005472597	0.00	0.1322064	-0.04183311	10.00	35.3238
0.3044358	10.00	-44.73301	0.00348833	0.00	0.08427071	-0.04183128	10.00	35.24236
0.3091548	10.00	-44.61901	0.004718923	0.00	0.1139992	-0.04186242	10.00	35.14709
0.314686	10.00	-44.48539	0.005531252	0.00	0.1336234	-0.04184589	10.00	35.0802
0.3185631	10.00	-44.39173	0.003877062	0.00	0.09366165	-0.04190855	10.00	35.00554
0.3228918	10.00	-44.28716	0.004328727	0.00	0.1045729	-0.04204243	10.00	34.91085
0.3283654	10.00	-44.15493	0.005473593	0.00	0.1322305	-0.04209886	10.00	34.84503
0.3283654	10.00	-44.06344	0	0.00	0.09148449	-0.04213242	10.00	34.76902
0.3283654	10.00	-43.95823	0	0.00	0.1052128	-0.04217282	10.00	34.67324
0.3283654	10.00	-43.82605	0	0.00	0.1321767	-0.04222729	10.00	34.60699
0.3283654	10.00	-43.73473	0	0.00	0.09132878	-0.0422882	10.00	34.52925
0.3283654	10.00	-43.62761	0	0.00	0.1071195	-0.04241277	10.00	34.43328
0.3283654	10.00	-43.49546	0	0.00	0.1321399	-0.04250244	10.00	34.37043
0.3283654	10.00	-43.409	0	0.00	0.08646485	-0.04262852	10.00	34.28839
0.3283654	10.00	-43.29625	0	0.00	0.1127521	-0.04276115	10.00	34.19255
0.3283654	10.00	-43.1649	0	0.00	0.1313514	-0.04285328	10.00	34.13054
0.3283654	10.00	-43.07999	0	0.00	0.0849063	-0.04298751	10.00	34.04736
0.3283654	10.00	-42.96623	0	0.00	0.1137628	-0.04310068	10.00	33.95085
0.3152573	10.00	-42.83448	-0.01310809	0.00	0.1317506	-0.04318223	10.00	33.88665
0.3048622	10.00	-42.74702	-0.0103951	0.00	0.08745859	-0.0433317	10.00	33.80515
0.2852363	10.00	-42.63611	-0.01962588	0.00	0.110909	-0.04354598	10.00	33.70766
0.2425202	10.00	-42.50353	-0.04271613	0.00	0.1325773	-0.04371361	10.00	33.64314
0.2049366	10.00	-42.41587	-0.03758357	0.00	0.08766668	-0.04391551	10.00	33.56099
0.1462933	10.00	-42.30428	-0.05864333	0.00	0.1115871	-0.04416618	10.00	33.46458
0.06991199	10.00	-42.1734	-0.07638131	0.00	0.1308715	-0.04433679	10.00	33.39857
0.01501264	10.00	-42.0838	-0.05489936	0.00	0.0896046	-0.04453862	10.00	33.31862
-0.05884458	10.00	-41.97526	-0.07385722	0.00	0.1085394	-0.04476316	10.00	33.2212
-0.1552298	10.00	-41.84303	-0.0963852	0.00	0.1322375	-0.04492139	10.00	33.15593
-0.2232637	10.00	-41.75439	-0.06803387	0.00	0.08863069	-0.04513586	10.00	33.07512
-0.3149121	10.00	-41.64469	-0.09164841	0.00	0.1097072	-0.0454468	10.00	32.97721
-0.4324349	10.00	-41.51171	-0.1175228	0.00	0.1329736	-0.04564006	10.00	32.91775
-0.5108833	10.00	-41.43092	-0.07844847	0.00	0.08079547	-0.04592291	10.00	32.83183
-0.6277137	10.00	-41.31409	-0.1168304	0.00	0.1168304	-0.04626367	10.00	32.73463
-0.7598692	10.00	-41.18193	-0.1321554	0.00	0.1321554	-0.04650964	10.00	32.66867
-0.8495148	10.00	-41.09229	-0.08964565	0.00	0.08964565	-0.04678879	10.00	32.58873
-0.9581335	10.00	-40.98367	-0.1086186	0.00	0.1086186	-0.04706351	10.00	32.49155
-1.090187	10.00	-40.85162	-0.1320535	0.00	0.1320535	-0.04726098	10.00	32.4237
-1.182348	10.00	-40.75945	-0.09216113	0.00	0.09216113	-0.04748171	10.00	32.34535
-1.288824	10.00	-40.65298	-0.1064755	0.00	0.1064755	-0.04775183	10.00	32.24812
-1.420908	10.00	-40.52089	-0.1320847	0.00	0.1320847	-0.04792231	10.00	32.17673
-1.517819	10.00	-40.42398	-0.09691039	0.00	0.09691039	-0.04808753	10.00	32.10095
-1.620601	10.00	-40.3212	-0.1027822	0.00	0.1027822	-0.04826968	10.00	32.00335
-1.752921	10.00	-40.18888	-0.1323196	0.00	0.1323196	-0.04840406	10.00	31.93149
-1.850318	10.00	-40.09148	-0.09739736	0.00	0.09739736	-0.04854973	10.00	31.85227
-1.95766	10.00	-39.98414	-0.1073418	0.00	0.1073418	-0.0487285	10.00	31.75917
-2.083851	10.00	-39.85795	-0.1261916	0.00	0.1261916	-0.04892591	10.00	31.66247
-2.214898	10.00	-39.7269	-0.131047	0.00	0.131047	-0.04906559	10.00	31.59294
-2.309118	10.00	-39.63268	-0.09421939	0.00	0.09421939	-0.04922536	10.00	31.5166
-2.412592	10.00	-39.52921	-0.1034744	0.00	0.1034744	-0.04942869	10.00	31.41884
-2.545087	10.00	-39.39671	-0.1324952	0.00	0.1324952	-0.04957549	10.00	31.34743
-2.64184	10.00	-39.29996	-0.09675327	0.00	0.09675327	-0.04972063	10.00	31.27206
-2.744018	10.00	-39.19778	-0.1021778	0.00	0.1021778	-0.04990824	10.00	31.17477
-2.875868	10.00	-39.06593	-0.1318497	0.00	0.1318497	-0.05004019	10.00	31.10513
-2.970254	10.00	-38.97155	-0.09438642	0.00	0.09438642	-0.05018613	10.00	31.02818
-3.074531	10.00	-38.86727	-0.1042771	0.00	0.1042771	-0.05037779	10.00	30.9301
-3.207414	10.00	-38.73439	-0.132883	0.00	0.132883	-0.05056336	10.00	30.83408
-3.337512	10.00	-38.60429	-0.1300972	0.00	0.1300972	-0.05069992	10.00	30.76251
-3.434483	10.00	-38.50732	-0.09697127	0.00	0.09697127	-0.05083814	10.00	30.68811
-3.535295	10.00	-38.40651	-0.1008117	0.00	0.1008117	-0.05103634	10.00	30.58909
-3.669467	10.00	-38.27234	-0.1341726	0.00	0.1341726	-0.05122429	10.00	30.49171
-3.801419	10.00	-38.14038	-0.1319516	0.00	0.1319516	-0.05134646	10.00	30.42637
-3.889972	10.00	-38.05183	-0.08855283	0.00	0.08855283	-0.05149359	10.00	30.34619
-3.99859	10.00	-37.94321	-0.1086186	0.00	0.1086186	-0.05167241	10.00	30.24771
-4.13202	10.00	-37.80978	-0.1334295	0.00	0.1334295	-0.05179647	10.00	30.17807
-4.226374	10.00	-37.71543	-0.09435386	0.00	0.09435386	-0.05192926	10.00	30.10153
-4.330096	10.00	-37.61171	-0.1037222	0.00	0.1037222	-0.05208677	10.00	30.00353
-4.462867	10.00	-37.47894	-0.1327712	0.00	0.1327712	-0.05220366	10.00	29.93374
-4.557429	10.00	-37.38437	-0.09456196	0.00	0.09456196	-0.05232208	10.00	29.85729
-4.661032	10.00	-37.28077	-0.1036032	0.00	0.1036032	-0.05245823	10.00	29.76007
-4.792743	10.00	-37.14906	-0.1317109	0.00	0.1317109	-0.05255614	10.00	29.687
-4.891691	10.00	-37.05011	-0.09894741	0.00	0.09894741	-0.05266146	10.00	29.61419
-4.990305	10.00	-36.9515	-0.09861475	0.00	0.09861475	-0.05279939	10.00	29.51705
-5.121904	10.00	-36.8199	-0.1315991	0.00	0.1315991	-0.05292927	10.00	29.41874
-5.25515	10.00	-36.68665	-0.1332454	0.00	0.1332454	-0.0530139	10.00	29.35147
-5.346302	10.00	-36.5955	-0.09115183	0.00	0.09115183	-0.05311116	10.00	29.27212
-5.45385	10.00	-36.48795	-0.1075485	0.00	0.1075485	-0.05322424	10.00	29.17474
-5.585768	10.00	-36.35603	-0.1319176	0.00	0.1319176	-0.05333735	10.00	29.07711
-5.718004	10.00	-36.2238	-0.1322361	0.00	0.1322361	-0.05340119	10.00	29.00404
-5.816824	10.00	-36.12498	-0.09882001	0.00	0.09882001	-0.05348115	10.00	28.93148
-5.915018	10.00	-36.02678	-0.09819432	0.00	0.09819432	-0.0536615	10.00	28.83235
-6.049262	10.00	-35.89254	-0.1342434	0.00	0.1342434	-0.05386544	10.00	28.73606
-6.159481	10.00	-35.76212	-0.1102193	0.00	0.1304256	-0.0540837	10.00	28.63655
-6.256478	10.00	-35.62725	-0.09699736	0.00	0.1348691	-0.05422128	10.00	28.55521
-6.318695	10.00	-35.51698	-0.06221683	0.00	0.1102607	-0.05442206	10.00	28.44336
-6.386586	10.00	-35.36547	-0.06789074	0.00	0.1515163	-0.05459661	10.00	28.3719
-6.408406	10.00	-35.26865	-0.02182052	0.00	0.09682122	-0.05474868	10.00	28.29726
-6.410634	10.00	-35.16754	-0.002227318	0.00	0.1011104	-0.0549157	10.00	28.19901
-6.410634	10.00	-35.0345	0	0.00	0.1330317	-0.05504245	10.00	28.10118
-6.410634	10.00	-34.90203	0	0.00	0.1324782	-0.05515571	10.00	28.03242
-6.410634	10.00	-34.80893	0	0.00	0.09309541	-0.05528883	10.00	27.95455
-6.410634	10.00	-34.7035	0	0.00	0.105435	-0.05542547	10.00	27.85788
-6.410634	10.00	-34.5726	0	0.00	0.1308942	-0.05555464	10.00	27.75981
-6.410634	10.00	-34.43984	0	0.00	0.1327641	-0.05561974	10.00	27.68484
-6.410634	10.00	-34.33834	0	0.00	0.1015011	-0.05565337	10.00	27.60947
-6.410634	10.00	-34.23592	0	0.00	0.1024113	-0.05570116	10.00	27.51647
-6.410634	10.00	-34.10999	0	0.00	0.125934	-0.05576159	10.00	27.41862
-6.410634	10.00	-33.97738	0	0.00	0.1326141	-0.05575185	10.00	27.34736
-6.410634	10.00	-33.88071	0	0.00	0.09666267	-0.05578313	10.00	27.27308
-6.410634	10.00	-33.77994	0	0.00	0.1007749	-0.0558772	10.00	27.17458
-6.410634	10.00	-33.64624	0	0.00	0.1336942	-0.055991	10.00	27.07668
-6.410634	10.00	-33.51343	0	0.00	0.1328165	-0.05610083	10.00	27.00294
-6.410634	10.00	-33.41345	0	0.00	0.09998079	-0.05620733	10.00	26.9318
-6.410634	10.00	-33.317	0	0.00	0.09645034	-0.05625374	10.00	26.83354
-6.410634	10.00	-33.18381	0	0.00	0.1331916	-0.05627276	10.00	26.73555
-6.416132	10.00	-33.05098	-0.005498379	0.00	0.1328292	-0.0563619	10.00	26.63878
-6.450782	10.00	-32.91978	-0.03464999	0.00	0.1311999	-0.0564705	10.00	26.56173
-6.488511	10.00	-32.81525	-0.03772864	0.00	0.1045319	-0.05649235	10.00	26.4918
-6.525501	10.00	-32.72039	-0.03699028	0.00	0.09485215	-0.0565505	10.00	26.39535
-6.576508	10.00	-32.5896	-0.05100723	0.00	0.1307951	-0.05662144	10.00	26.29786
-6.630587	10.00	-32.45749	-0.05407849	0.00	0.1321101	-0.05670456	10.00	26.19991
-6.68746	10.00	-32.32483	-0.05687359	0.00	0.1326622	-0.05679021	10.00	26.1284
-6.728967	10.00	-32.22801	-0.04150638	0.00	0.09681697	-0.05692102	10.00	26.05385
-6.77224	10.00	-32.12707	-0.04327299	0.00	0.1009377	-0.05710034	10.00	25.95612
-6.828979	10.00	-31.99472	-0.05673947	0.00	0.1323494	-0.05727386	10.00	25.85767
-6.886119	10.00	-31.86144	-0.05714	0.00	0.1332836	-0.05741044	10.00	25.77292
-6.935317	10.00	-31.74668	-0.04919787	0.00	0.114758	-0.05757831	10.00	25.66203
-6.999685	10.00	-31.59654	-0.06436785	0.00	0.1501432	-0.05769344	10.00	25.5881
-7.042579	10.00	-31.49648	-0.0428943	0.00	0.1000544	-0.05781252	10.00	25.5135
-7.085878	10.00	-31.39548	-0.04329908	0.00	0.1009986	-0.05795535	10.00	25.41784
-7.141384	10.00	-31.26601	-0.0555057	0.00	0.1294715	-0.05808869	10.00	25.32038
-7.197915	10.00	-31.13415	-0.05653131	0.00	0.1318638	-0.0582162	10.00	25.22385
-7.2539	10.00	-31.00356	-0.05598452	0.00	0.1305884	-0.05830709	10.00	25.12532
-7.311023	10.00	-30.87032	-0.05712301	0.00	0.133244	-0.05837539	10.00	25.04933
-7.355066	10.00	-30.76758	-0.04404372	0.00	0.1027355	-0.05844928	10.00	24.97315
-7.397231	10.00	-30.66458	-0.04216426	0.00	0.1030045	-0.0585458	10.00	24.88042
-7.442482	10.00	-30.5392	-0.04525097	0.00	0.1253734	-0.05863845	10.00	24.78387
-7.484544	10.00	-30.40866	-0.04206209	0.00	0.1305473	-0.05873105	10.00	24.68522
-7.527524	10.00	-30.27526	-0.04298067	0.00	0.1333983	-0.05882488	10.00	24.5871
-7.570272	10.00	-30.14258	-0.04274806	0.00	0.1326764	-0.05891456	10.00	24.49013
-7.607441	10.00	-30.01146	-0.03716871	0.00	0.1311221	-0.05898783	10.00	24.41401
-7.636613	10.00	-29.90855	-0.02917183	0.00	0.102911	-0.05906196	10.00	24.33796
-7.663773	10.00	-29.80571	-0.02715981	0.00	0.1028388	-0.05914846	10.00	24.24615
-7.690545	10.00	-29.68159	-0.02677173	0.00	0.1241234	-0.05924106	10.00	24.14839
-7.710092	10.00	-29.54943	-0.01954743	0.00	0.1321611	-0.05933774	10.00	24.05038
-7.710092	10.00	-29.4169	0	0.00	0.1325263	-0.05943002	10.00	23.95237
-7.710092	10.00	-29.28434	0	0.00	0.1325589	-0.05952215	10.00	23.87546
-7.710092	10.00	-29.18027	0	0.00	0.1040718	-0.05960269	10.00	23.79739
-7.710092	10.00	-29.07462	0	0.00	0.1056488	-0.05967587	10.00	23.70851
-7.710092	10.00	-28.95435	0	0.00	0.120266	-0.05976039	10.00	23.6104
-7.710092	10.00	-28.82165	0	0.00	0.1327033	-0.05985649	10.00	23.51219
-7.710092	10.00	-28.68882	0	0.00	0.1328321	-0.05994767	10.00	23.4149
-7.710092	10.00	-28.55726	0	0.00	0.1315552	-0.06003931	10.00	23.31727
-7.710092	10.00	-28.42522	0	0.00	0.1320394	-0.06014068	10.00	23.21993
-7.710092	10.00	-28.29357	0	0.00	0.1316529	-0.06022207	10.00	23.12208
-7.710092	10.00	-28.1612	0	0.00	0.1323734	-0.06030056	10.00	23.02452
-7.710092	10.00	-28.02917	0	0.00	0.132028	-0.06035909	10.00	22.92692
-7.710092	10.00	-27.89706	0	0.00	0.1321101	-0.06041289	10.00	22.82812
-7.710092	10.00	-27.7633	0	0.00	0.1337621	-0.06046876	10.00	22.75332
-7.710092	10.00	-27.66209	0	0.00	0.1012095	-0.06053736	10.00	22.67057
-7.710092	10.00	-27.55016	0	0.00	0.1119297	-0.0606114	10.00	22.58496
-7.710092	10.00	-27.4344	0	0.00	0.1157588	-0.06069553	10.00	22.48697
-7.710092	10.00	-27.3019	0	0.00	0.1324966	-0.06077936	10.00	22.38938
-7.710092	10.00	-27.16994	0	0.00	0.1319643	-0.06086735	10.00	22.2904
-7.710092	10.00	-27.036	0	0.00	0.1339391	-0.06095129	10.00	22.19281
-7.710092	10.00	-26.90389	0	0.00	0.1321087	-0.06102426	10.00	22.09515
-7.710092	10.00	-26.77162	0	0.00	0.1322715	-0.0610983	10.00	21.9988
-7.710092	10.00	-26.64113	0	0.00	0.1304893	-0.06115191	10.00	21.902
-7.710092	10.00	-26.50999	0	0.00	0.1311391	-0.0612077	10.00	21.80422
-7.710092	10.00	-26.37749	0	0.00	0.1324994	-0.06126338	10.00	21.70684
-7.710092	10.00	-26.24557	0	0.00	0.1319219	-0.06132299	10.00	21.60913
-7.710092	10.00	-26.11323	0	0.00	0.1323409	-0.06139526	10.00	21.5118
-7.710092	10.00	-25.98133	0	0.00	0.1318964	-0.06144801	10.00	21.41402
-7.710092	10.00	-25.84875	0	0.00	0.1325801	-0.06149904	10.00	21.31632
-7.710092	10.00	-25.71627	0	0.00	0.1324838	-0.06153556	10.00	21.21812
-7.710092	10.00	-25.58303	0	0.00	0.1332341	-0.06156103	10.00	21.12008
-7.710092	10.00	-25.44989	0	0.00	0.1331477	-0.06157547	10.00	21.04741
-7.710092	10.00	-25.35124	0	0.00	0.09864873	-0.06159569	10.00	20.97169
-7.710092	10.00	-25.24837	0	0.00	0.1028686	-0.06161396	10.00	20.87676
-7.710092	10.00	-25.1192	0	0.00	0.1291672	-0.06162966	10.00	20.78194
-7.710092	10.00	-24.98983	0	0.00	0.1293738	-0.06162427	10.00	20.68464
-7.710092	10.00	-24.85655	0	0.00	0.1332752	-0.06160164	10.00	20.58744
-7.710092	10.00	-24.72311	0	0.00	0.1334394	-0.06162826	10.00	20.51776
-7.710092	10.00	-24.62719	0	0.00	0.09592374	-0.06167045	10.00	20.44255
-7.710092	10.00	-24.52367	0	0.00	0.1035155	-0.06167379	10.00	20.34842
-7.710092	10.00	-24.39381	0	0.00	0.129865	-0.06168386	10.00	20.25354
-7.710092	10.00	-24.26256	0	0.00	0.1312495	-0.06165995	10.00	20.15798
-7.710092	10.00	-24.13036	0	0.00	0.1321951	-0.06163909	10.00	20.06239
-7.710092	10.00	-23.99835	0	0.00	0.1320181	-0.06156162	10.00	19.96605
-7.710092	10.00	-23.86566	0	0.00	0.1326849	-0.06146356	10.00	19.87006
-7.710092	10.00	-23.7339	0	0.00	0.1317605	-0.06143717	10.00	19.77221
-7.710092	10.00	-23.59983	0	0.00	0.1340679	-0.06141644	10.00	19.67579
-7.710092	10.00	-23.4678	0	0.00	0.1320365	-0.06137893	10.00	19.57952
-7.710092	10.00	-23.33613	0	0.00	0.1316685	-0.06138517	10.00	19.48244
-7.723302	10.00	-23.20335	-0.01321005	0.00	0.1327755	-0.06140325	10.00	19.38619
-7.764435	10.00	-23.07173	-0.04113335	0.00	0.1316203	-0.06141926	10.00	19.30877
-7.808853	10.00	-22.96573	-0.04441737	0.00	0.1060012	-0.0613967	10.00	19.19377
-7.880922	10.00	-22.80829	-0.0720697	0.00	0.1574405	-0.06136272	10.00	19.11778
-7.929547	10.00	-22.70427	-0.0486243	0.00	0.1040223	-0.061327	10.00	19.03322
-7.983645	10.00	-22.58854	-0.05409854	0.00	0.1157333	-0.0613181	10.00	18.94304
-8.041331	10.00	-22.46513	-0.05768561	0.00	0.1234072	-0.06128088	10.00	18.85236
-8.099268	10.00	-22.34118	-0.05793706	0.00	0.1239451	-0.06124618	10.00	18.75934
-8.158735	10.00	-22.21396	-0.05946691	0.00	0.1272179	-0.06120884	10.00	18.66275
-8.220568	10.00	-22.08168	-0.06183314	0.00	0.13228	-0.0611956	10.00	18.56625
-8.282377	10.00	-21.94946	-0.06180932	0.00	0.132229	-0.06114227	10.00	18.46977
-8.344218	10.00	-21.81716	-0.06184108	0.00	0.132297	-0.06106696	10.00	18.37314
-8.406078	10.00	-21.68482	-0.06186027	0.00	0.132338	-0.06102331	10.00	18.27671
-8.467755	10.00	-21.55287	-0.06167698	0.00	0.1319459	-0.06096039	10.00	18.17891
-8.530149	10.00	-21.4194	-0.0623936	0.00	0.133479	-0.06085422	10.00	18.08294
-8.591295	10.00	-21.28859	-0.06114563	0.00	0.1308092	-0.06074664	10.00	17.9858
-8.653174	10.00	-21.15621	-0.06187946	0.00	0.1323791	-0.06270201	10.00	17.88731
-8.715574	10.00	-21.02271	-0.06240022	0.00	0.1334932	-0.06361806	10.00	17.78994
-8.777472	10.00	-20.8903	-0.06189732	0.00	0.1324173	-0.06428417	10.00	17.6931
-8.839159	10.00	-20.75833	-0.0616869	0.00	0.1319672	-0.06510006	10.00	17.59616
-8.900985	10.00	-20.62606	-0.06182586	0.00	0.1322644	-0.06560531	10.00	17.50033
-8.962144	10.00	-20.49523	-0.06115953	0.00	0.1308389	-0.0657747	10.00	17.4022
-9.024706	10.00	-20.36139	-0.06256167	0.00	0.1338385	-0.06586075	10.00	17.30423
-9.087084	10.00	-20.22794	-0.06237838	0.00	0.1334464	-0.06590748	10.00	17.23272
-9.132543	10.00	-20.13069	-0.04545807	0.00	0.09724872	-0.06588411	10.00	17.15958
-9.176146	10.00	-20.03123	-0.04360309	0.00	0.09946126	-0.06580711	10.00	17.06242
-9.234051	10.00	-19.89915	-0.05790494	0.00	0.1320847	-0.06577715	10.00	16.96518
-9.286871	10.00	-19.76698	-0.05282022	0.00	0.1321625	-0.06565656	10.00	16.8675
-9.339883	10.00	-19.63434	-0.05301257	0.00	0.1326438	-0.06546239	10.00	16.77039
-9.392569	10.00	-19.50252	-0.052685	0.00	0.1318242	-0.06528798	10.00	16.67328
-9.445295	10.00	-19.37059	-0.05272686	0.00	0.1319289	-0.06514395	10.00	16.57673
-9.497784	10.00	-19.23925	-0.05248868	0.00	0.131333	-0.06497302	10.00	16.47945
-9.550722	10.00	-19.1068	-0.05293846	0.00	0.1324584	-0.06482477	10.00	16.38278
-9.603385	10.00	-18.97503	-0.05266294	0.00	0.131769	-0.0646871	10.00	16.28447
-9.656983	10.00	-18.84092	-0.05359812	0.00	0.1341089	-0.06460785	10.00	16.18705
-9.712591	10.00	-18.70821	-0.05560802	0.00	0.1327075	-0.06438532	10.00	16.0906
-9.768781	10.00	-18.57714	-0.05618904	0.00	0.1310654	-0.0640784	10.00	15.9934
-9.825324	10.00	-18.44525	-0.05654345	0.00	0.1318921	-0.06373718	10.00	15.89366
-9.88337	10.00	-18.30985	-0.05804667	0.00	0.1353985	-0.06346299	10.00	15.80723
-9.933697	10.00	-18.19246	-0.05032666	0.00	0.117391	-0.06314857	10.00	15.70101
-9.99555	10.00	-18.04819	-0.06185358	0.00	0.1442784	-0.06287616	10.00	15.60407
-10.05196	10.00	-17.91661	-0.05640751	0.00	0.131575	-0.06258518	10.00	15.50638
-10.10873	10.00	-17.78419	-0.05676799	0.00	0.1324159	-0.06228025	10.00	15.4082
-10.1657	10.00	-17.65129	-0.05697615	0.00	0.1329014	-0.06204978	10.00	15.33004
-10.21098	10.00	-17.54568	-0.04527688	0.00	0.105612	-0.06170669	10.00	15.2123
-10.27913	10.00	-17.38672	-0.06814683	0.00	0.158958	-0.06149124	10.00	15.14006
-10.32093	10.00	-17.28921	-0.04180678	0.00	0.09751768	-0.06127165	10.00	15.06613
-10.36371	10.00	-17.18942	-0.04277657	0.00	0.09977977	-0.06098296	10.00	14.96922
-10.41979	10.00	-17.05862	-0.05607677	0.00	0.1308036	-0.06067908	10.00	14.87058
-10.47686	10.00	-16.92548	-0.0570781	0.00	0.1331393	-0.06037446	10.00	14.77212
-10.53383	10.00	-16.7926	-0.05696644	0.00	0.1328788	-0.06007456	10.00	14.67551
-10.58973	10.00	-16.66222	-0.05589714	0.00	0.1303845	-0.05976696	10.00	14.57599
-10.64731	10.00	-16.52791	-0.05757817	0.00	0.1343057	-0.05952771	10.00	14.50034
-10.69106	10.00	-16.42584	-0.04375849	0.00	0.1020702	-0.0591501	10.00	14.38105
-10.76007	10.00	-16.26489	-0.06900071	0.00	0.1609497	-0.05889375	10.00	14.30619
-10.80337	10.00	-16.16389	-0.0433009	0.00	0.1010028	-0.05862294	10.00	14.22799
-10.8486	10.00	-16.05838	-0.04523318	0.00	0.10551	-0.05829106	10.00	14.13646
-10.90156	10.00	-15.93485	-0.05295927	0.00	0.1235317	-0.05797129	10.00	14.03862
-10.95818	10.00	-15.80277	-0.05662235	0.00	0.1320762	-0.05768517	10.00	13.94019
-11.01515	10.00	-15.6699	-0.05696523	0.00	0.132876	-0.05740068	10.00	13.84264
-11.07161	10.00	-15.53818	-0.0564676	0.00	0.1317152	-0.05710583	10.00	13.74436
-11.12852	10.00	-15.40544	-0.05690636	0.00	0.1327386	-0.05680144	10.00	13.64621
-11.18535	10.00	-15.27289	-0.05682565	0.00	0.1325504	-0.05650082	10.00	13.54846
-11.24192	10.00	-15.14093	-0.05657501	0.00	0.1319657	-0.05619471	10.00	13.45128
-11.29816	10.00	-15.00975	-0.05623698	0.00	0.1311773	-0.05589306	10.00	13.35336
-11.35482	10.00	-14.87758	-0.05666301	0.00	0.132171	-0.05558806	10.00	13.25542
-11.41148	10.00	-14.74542	-0.05665936	0.00	0.1321625	-0.05527883	10.00	13.15668
-11.46859	10.00	-14.61219	-0.05711452	0.00	0.1332242	-0.05496623	10.00	13.05845
-11.5254	10.00	-14.4797	-0.05680137	0.00	0.1324937	-0.05465137	10.00	12.96141
-11.58152	10.00	-14.34879	-0.05611925	0.00	0.1309026	-0.05436916	10.00	12.86339
-11.6382	10.00	-14.21658	-0.0566806	0.00	0.1322121	-0.05409516	10.00	12.76536
-11.69487	10.00	-14.08438	-0.05667454	0.00	0.1321979	-0.0538194	10.00	12.66645
-11.75205	10.00	-13.951	-0.05718127	0.00	0.1333799	-0.05353105	10.00	12.5685
-11.80869	10.00	-13.8189	-0.05663327	0.00	0.1321016	-0.05324709	10.00	12.47059
-11.86529	10.00	-13.68686	-0.0566096	0.00	0.1320464	-0.05296554	10.00	12.37359
-11.89858	10.00	-13.55605	-0.03328092	0.00	0.130812	-0.05267773	10.00	12.27501
-11.89858	10.00	-13.42312	0	0.00	0.1329241	-0.05239089	10.00	12.17687
-11.89858	10.00	-13.29079	0	0.00	0.1323281	-0.05210704	10.00	12.07889
-11.89858	10.00	-13.15867	0	0.00	0.1321229	-0.05182356	10.00	11.98131
-11.89858	10.00	-13.02707	0	0.00	0.1315991	-0.05153728	10.00	11.88319
-11.89858	10.00	-12.8948	0	0.00	0.1322715	-0.05124955	10.00	11.78518
-11.89858	10.00	-12.76266	0	0.00	0.1321356	-0.05096526	10.00	11.6872
-11.89858	10.00	-12.63056	0	0.00	0.1321031	-0.05068045	10.00	11.5892
-11.89858	10.00	-12.49841	0	0.00	0.1321455	-0.05039675	10.00	11.49112
-11.89858	10.00	-12.36619	0	0.00	0.1322248	-0.05010386	10.00	11.39314
-11.89858	10.00	-12.23409	0	0.00	0.132096	-0.04980734	10.00	11.29374
-11.89858	10.00	-12.10009	0	0.00	0.1340056	-0.0495783	10.00	11.21737
-11.89858	10.00	-11.99714	0	0.00	0.1029492	-0.04922556	10.00	11.09881
-11.89858	10.00	-11.8373	0	0.00	0.1598399	-0.04899173	10.00	11.01988
-11.89858	10.00	-11.73088	0	0.00	0.1064202	-0.04863761	10.00	10.9011
-11.89858	10.00	-11.57076	0	0.00	0.1601159	-0.04841483	10.00	10.82623
-11.89858	10.00	-11.46983	0	0.00	0.1009292	-0.04818159	10.00	10.7479
-11.89858	10.00	-11.36425	0	0.00	0.1055851	-0.0479083	10.00	10.65597
-11.89858	10.00	-11.24034	0	0.00	0.1239125	-0.04762322	10.00	10.55957
-11.89858	10.00	-11.1104	0	0.00	0.1299316	-0.04733108	10.00	10.46159
-11.89858	10.00	-10.97833	0	0.00	0.1320733	-0.04704027	10.00	10.36349
-11.89858	10.00	-10.84611	0	0.00	0.1322191	-0.04675036	10.00	10.26539
-11.89858	10.00	-10.71388	0	0.00	0.1322305	-0.04645068	10.00	10.16736
-11.89858	10.00	-10.58176	0	0.00	0.1321215	-0.04614894	10.00	10.06804
-11.89858	10.00	-10.4479	0	0.00	0.1338612	-0.04586089	10.00	9.97105
-11.89858	10.00	-10.31717	0	0.00	0.1307271	-0.04556622	10.00	9.87239
-11.89858	10.00	-10.18421	0	0.00	0.1329609	-0.0452745	10.00	9.774246
-11.89858	10.00	-10.05195	0	0.00	0.1322644	-0.04506044	10.00	9.702041
-11.89858	10.00	-9.95464	0	0.00	0.09730676	-0.04482608	10.00	9.622572
-11.89858	10.00	-9.847544	0	0.00	0.1070969	-0.04454398	10.00	9.529589
-11.89858	10.00	-9.72224	0	0.00	0.1253026	-0.04424442	10.00	9.430777
-11.89858	10.00	-9.589081	0	0.00	0.1331605	-0.04394845	10.00	9.332699
-11.89858	10.00	-9.456915	0	0.00	0.1321653	-0.04365114	10.00	9.234341
-11.89858	10.00	-9.324373	0	0.00	0.1325419	-0.04335581	10.00	9.136235
-11.89858	10.00	-9.192175	0	0.00	0.1321979	-0.04311982	10.00	9.060003
-11.89858	10.00	-9.08945	0	0.00	0.1027256	-0.04275177	10.00	8.94103
-11.89858	10.00	-8.929141	0	0.00	0.1603084	-0.04251486	10.00	8.863922
-11.89858	10.00	-8.825244	0	0.00	0.1038977	-0.0422724	10.00	8.785447
-11.89858	10.00	-8.719505	0	0.00	0.1057379	-0.04199576	10.00	8.69521
-11.89858	10.00	-8.597929	0	0.00	0.1215768	-0.04169704	10.00	8.597843
-11.89858	10.00	-8.466736	0	0.00	0.1311928	-0.04138565	10.00	8.499016
-11.89858	10.00	-8.333601	0	0.00	0.133135	-0.04108031	10.00	8.401488
-11.89858	10.00	-8.202221	0	0.00	0.1313797	-0.04076231	10.00	8.302705
-11.89858	10.00	-8.069146	0	0.00	0.1330756	-0.04044486	10.00	8.20365
-11.89858	10.00	-7.935709	0	0.00	0.1334365	-0.04013213	10.00	8.105599
-11.89858	10.00	-7.803629	0	0.00	0.1320804	-0.03988048	10.00	8.026726
-11.89858	10.00	-7.697385	0	0.00	0.1062433	-0.03949427	10.00	7.909094
-11.89858	10.00	-7.538927	0	0.00	0.1584583	-0.0392521	10.00	7.835535
-11.89858	10.00	-7.439843	0	0.00	0.09908472	-0.03900194	10.00	7.758757
-11.89858	10.00	-7.336426	0	0.00	0.1034164	-0.03868845	10.00	7.66395
-11.89858	10.00	-7.208709	0	0.00	0.1277176	-0.03837086	10.00	7.566533
-11.89858	10.00	-7.077492	0	0.00	0.1312169	-0.03804609	10.00	7.469348
-11.89858	10.00	-6.946588	0	0.00	0.1309041	-0.0377228	10.00	7.371115
-11.89858	10.00	-6.814296	0	0.00	0.1322913	-0.03741417	10.00	7.273166
-11.89858	10.00	-6.682372	0	0.00	0.1319247	-0.03712031	10.00	7.173837
-11.89858	10.00	-6.548581	0	0.00	0.1337904	-0.0368262	10.00	7.07637
-11.89858	10.00	-6.417294	0	0.00	0.1312877	-0.03650333	10.00	6.978551
-11.89858	10.00	-6.285539	0	0.00	0.1317548	-0.03620269	10.00	6.879472
-11.89858	10.00	-6.152082	0	0.00	0.1334563	-0.03591851	10.00	6.781293
-11.89858	10.00	-6.019831	0	0.00	0.1322517	-0.03565174	10.00	6.682544
-11.89858	10.00	-5.88682	0	0.00	0.1330104	-0.03538782	10.00	6.583959
-11.89858	10.00	-5.754036	0	0.00	0.1327839	-0.03519494	10.00	6.512087
-11.89858	10.00	-5.657235	0	0.00	0.0968014	-0.03499787	10.00	6.437951
-11.89858	10.00	-5.557383	0	0.00	0.09985197	-0.03473395	10.00	6.339307
-11.89858	10.00	-5.424522	0	0.00	0.1328604	-0.03447316	10.00	6.241656
-11.89858	10.00	-5.293008	0	0.00	0.1315142	-0.03421158	10.00	6.14346
-11.89858	10.00	-5.160751	0	0.00	0.1322574	-0.03397723	10.00	6.045401
-11.89858	10.00	-5.028686	0	0.00	0.1320648	-0.0337571	10.00	5.948325
-11.89858	10.00	-4.897949	0	0.00	0.130737	-0.03353426	10.00	5.849959
-11.89858	10.00	-4.76548	0	0.00	0.1324697	-0.03331228	10.00	5.752001
-11.89858	10.00	-4.63356	0	0.00	0.131919	-0.0330769	10.00	5.653776
-11.89858	10.00	-4.501283	0	0.00	0.1322772	-0.03284288	10.00	5.555583
-11.89858	10.00	-4.369049	0	0.00	0.1322347	-0.03260921	10.00	5.457474
-11.89858	10.00	-4.236928	0	0.00	0.13212	-0.03237492	10.00	5.359097
-11.89858	10.00	-4.10445	0	0.00	0.1324782	-0.03214177	10.00	5.261055
-11.89858	10.00	-3.972422	0	0.00	0.132028	-0.03190813	10.00	5.162987
-11.89858	10.00	-3.840367	0	0.00	0.1320549	-0.03167208	10.00	5.063684
-11.89858	10.00	-3.70665	0	0.00	0.1337168	-0.03148859	10.00	4.986052
-11.89858	10.00	-3.602112	0	0.00	0.1045389	-0.03120675	10.00	4.867272
-11.89858	10.00	-3.442171	0	0.00	0.1599404	-0.03102464	10.00	4.790503
-11.89858	10.00	-3.3388	0	0.00	0.1033711	-0.03074169	10.00	4.671066
-11.89858	10.00	-3.177976	0	0.00	0.1608237	-0.03055786	10.00	4.592875
-11.89858	10.00	-3.072689	0	0.00	0.1052878	-0.03026602	10.00	4.474183
-11.89858	10.00	-2.912868	0	0.00	0.1598201	-0.03008541	10.00	4.400656
-11.89858	10.00	-2.813863	0	0.00	0.09900545	-0.02989313	10.00	4.322582
-11.89886	10.00	-2.708737	-0.0002799307	0.00	0.1051264	-0.02966486	10.00	4.229439
-11.91012	10.00	-2.583322	-0.01126332	0.00	0.1254145	-0.02942357	10.00	4.131304
-11.92582	10.00	-2.451188	-0.01570513	0.00	0.1321342	-0.0291818	10.00	4.032615
-11.9429	10.00	-2.318305	-0.01708083	0.00	0.132883	-0.02894279	10.00	3.935124
-11.95978	10.00	-2.187037	-0.01687321	0.00	0.1312679	-0.02870195	10.00	3.836116
-11.98853	10.00	-2.053731	-0.02875234	0.00	0.1333063	-0.02846149	10.00	3.737975
-12.04518	10.00	-1.921591	-0.05664966	0.00	0.1321399	-0.0282226	10.00	3.640231
-12.1067	10.00	-1.789986	-0.06151751	0.00	0.1316048	-0.0279866	10.00	3.543047
-12.16786	10.00	-1.659137	-0.06116416	0.00	0.1308489	-0.02774817	10.00	3.444786
-12.2297	10.00	-1.526839	-0.06184174	0.00	0.1322984	-0.02750591	10.00	3.344817
-12.29262	10.00	-1.392249	-0.06291303	0.00	0.1345902	-0.02725858	10.00	3.246463
-12.36349	10.00	-1.259833	-0.07087184	0.00	0.1324159	-0.02707568	10.00	3.17371
-12.4197	10.00	-1.161886	-0.05621675	0.00	0.0979466	-0.02688435	10.00	3.097123
-12.48487	10.00	-1.058777	-0.06517022	0.00	0.1031092	-0.02664658	10.00	3.001431
-12.57004	10.00	-0.9299496	-0.08516768	0.00	0.1288274	-0.0264007	10.00	2.90406
-12.66432	10.00	-0.7988686	-0.09427299	0.00	0.131081	-0.02615751	10.00	2.806825
-12.78254	10.00	-0.667973	-0.1182211	0.00	0.1308956	-0.02591048	10.00	2.708654
-12.91341	10.00	-0.5358176	-0.1308758	0.00	0.1321554	-0.02565772	10.00	2.609542
-13.04683	10.00	-0.4024009	-0.1334167	0.00	0.1334167	-0.02540903	10.00	2.511577
-13.1787	10.00	-0.2705271	-0.1318737	0.00	0.1318737	-0.02516207	10.00	2.414021
-13.31002	10.00	-0.1392126	-0.1313146	0.00	0.1313146	-0.02491134	10.00	2.315758
-13.44228	10.00	-0.006949542	-0.132263	0.00	0.132263	-0.02466134	10.00	2.217555
-13.57446	10.00	0.1252285	-0.1321781	0.00	0.1321781	-0.02439988	10.00	2.118431
-13.70401	10.00	0.2586509	-0.1295466	0.00	0.1334224	-0.02414135	10.00	2.01989
-13.7904	10.00	0.391282	-0.08639801	0.00	0.1326311	-0.02393743	10.00	1.941843
-13.85781	10.00	0.4963277	-0.06741133	0.00	0.1050457	-0.02363005	10.00	1.823789
-13.91055	10.00	0.6552333	-0.05273773	0.00	0.1589056	-0.02345792	10.00	1.75258
-13.92751	10.00	0.7510735	-0.01695938	0.00	0.09584022	-0.02327017	10.00	1.673527
-13.92751	10.00	0.8574711	0	0.00	0.1063976	-0.02305905	10.00	1.578911
-13.92751	10.00	0.9848164	0	0.00	0.1273453	-0.02281372	10.00	1.479596
-13.92751	10.00	1.118471	0	0.00	0.1336545	-0.02256992	10.00	1.382658
-13.92751	10.00	1.248925	0	0.00	0.1304539	-0.0223201	10.00	1.283478
-13.92751	10.00	1.382395	0	0.00	0.1334705	-0.02207386	10.00	1.185225
-13.92751	10.00	1.514617	0	0.00	0.132222	-0.02182646	10.00	1.086067
-13.92751	10.00	1.648055	0	0.00	0.1334379	-0.02156438	10.00	0.9891198
-13.92751	10.00	1.778522	0	0.00	0.1304667	-0.0213007	10.00	0.890489
-13.92751	10.00	1.911248	0	0.00	0.1327259	-0.02103806	10.00	0.7918566
-13.92751	10.00	2.043971	0	0.00	0.1327231	-0.0207759	10.00	0.6931435
-13.92751	10.00	2.176802	0	0.00	0.1328307	-0.02053214	10.00	0.5962099
-13.92751	10.00	2.30724	0	0.00	0.1304383	-0.0202822	10.00	0.4966708
-13.92751	10.00	2.441183	0	0.00	0.1339433	-0.02009708	10.00	0.4244321
-13.92751	10.00	2.538421	0	0.00	0.09723739	-0.01992131	10.00	0.3492591
-13.92751	10.00	2.639585	0	0.00	0.1011642	-0.01972075	10.00	0.2532226
-13.92751	10.00	2.76883	0	0.00	0.129245	-0.01949166	10.00	0.1540865
-13.92751	10.00	2.902261	0	0.00	0.1334309	-0.01927515	10.00	0.05564486
-13.92751	10.00	3.034769	0	0.00	0.1325079	-0.01906178	10.00	-0.04152389
-13.92751	10.00	3.165562	0	0.00	0.1307936	-0.01883725	10.00	-0.1398256
-13.92751	10.00	3.297888	0	0.00	0.1323253	-0.01859707	10.00	-0.2391991
-13.92751	10.00	3.431644	0	0.00	0.1337564	-0.01835924	10.00	-0.337118
-13.92751	10.00	3.563432	0	0.00	0.1317874	-0.0181268	10.00	-0.4345465
-13.92751	10.00	3.694544	0	0.00	0.1311122	-0.0178965	10.00	-0.5326325
-13.92751	10.00	3.826538	0	0.00	0.1319941	-0.01766473	10.00	-0.6307607
-13.92751	10.00	3.958586	0	0.00	0.1320478	-0.01743321	10.00	-0.7290453
-13.91691	10.00	4.090836	0.01059667	0.00	0.1322503	-0.01722101	10.00	-0.8290228
-13.90223	10.00	4.225352	0.01468579	0.00	0.1345166	-0.01703659	10.00	-0.9270948
-13.88271	10.00	4.357312	0.0195177	0.00	0.1319601	-0.01685331	10.00	-1.024639
-13.85694	10.00	4.488569	0.02576835	0.00	0.1312565	-0.01665979	10.00	-1.121793
-13.82622	10.00	4.619287	0.03072568	0.00	0.1307186	-0.0164472	10.00	-1.222545
-13.79436	10.00	4.754843	0.03186264	0.00	0.1355557	-0.01624157	10.00	-1.320048
-13.76225	10.00	4.88603	0.03210608	0.00	0.1311872	-0.01603498	10.00	-1.417895
-13.72238	10.00	5.017672	0.03986531	0.00	0.1316416	-0.01582577	10.00	-1.51727
-13.67931	10.00	5.151365	0.04307554	0.00	0.1336927	-0.01565025	10.00	-1.601511
-13.6406	10.00	5.264693	0.03870883	0.00	0.1133283	-0.01542516	10.00	-1.712329
-13.59545	10.00	5.413773	0.04514625	0.00	0.1490801	-0.01523058	10.00	-1.81068
-13.55666	10.00	5.546095	0.03879025	0.00	0.1323225	-0.01503742	10.00	-1.908853
-13.51666	10.00	5.678179	0.03999906	0.00	0.1320832	-0.01483072	10.00	-2.007649
-13.47384	10.00	5.811087	0.04282286	0.00	0.1329085	-0.01462645	10.00	-2.10663
-13.42707	10.00	5.937794	0.04676969	0.00	0.1267069	-0.01441593	10.00	-2.203515
-13.38002	10.00	6.054257	0.04704584	0.00	0.1164629	-0.01420034	10.00	-2.300976
-13.3276	10.00	6.15114	0.05242645	0.00	0.09688255	-0.01397045	10.00	-2.400459
-13.27145	10.00	6.246213	0.05614898	0.00	0.09507374	-0.01374396	10.00	-2.498074
-13.21503	10.00	6.339581	0.05641601	0.00	0.09336832	-0.01352216	10.00	-2.596547
-13.15679	10.00	6.429987	0.0582444	0.00	0.09040586	-0.01333449	10.00	-2.694536
-13.0988	10.00	6.519996	0.0579881	0.00	0.09000804	-0.0131586	10.00	-2.792362
-13.0409	10.00	6.609873	0.0579037	0.00	0.08987703	-0.01300017	10.00	-2.889719
-12.98326	10.00	6.699341	0.05764058	0.00	0.08946861	-0.01283046	10.00	-2.988338
-12.9249	10.00	6.78992	0.0583561	0.00	0.09057923	-0.0127026	10.00	-3.063462
-12.88046	10.00	6.858896	0.04443777	0.00	0.06897546	-0.01250996	10.00	-3.183667
-12.80467	10.00	6.964525	0.07579698	0.00	0.105629	-0.01238924	10.00	-3.257118
-12.75359	10.00	7.024225	0.05107253	0.00	0.05970046	-0.01225153	10.00	-3.331851
-12.69776	10.00	7.08103	0.0558304	0.00	0.05680517	-0.01205628	10.00	-3.43009
-12.62442	10.00	7.140284	0.07333805	0.00	0.05925304	-0.01184792	10.00	-3.527339
-12.54805	10.00	7.19005	0.07637553	0.00	0.04976605	-0.01162865	10.00	-3.625435
-12.47101	10.00	7.231302	0.07704143	0.00	0.0412528	-0.01141136	10.00	-3.722563
-12.39346	10.00	7.267086	0.07754606	0.00	0.03578319	-0.0111916	10.00	-3.821195
-12.31472	10.00	7.302136	0.0787429	0.00	0.03505039	-0.01097216	10.00	-3.920297
-12.2356	10.00	7.334772	0.07912085	0.00	0.03263614	-0.0107506	10.00	-4.019674
-12.15626	10.00	7.364908	0.07933586	0.00	0.03013533	-0.01059164	10.00	-4.090701
-12.09863	10.00	7.38367	0.05762878	0.00	0.01876232	-0.01041649	10.00	-4.165483
-12.03796	10.00	7.403423	0.060671	0.00	0.01975278	-0.01019115	10.00	-4.264346
-11.95776	10.00	7.429534	0.08020297	0.00	0.02611185	-0.0099725	10.00	-4.362215
-11.87837	10.00	7.455382	0.07939205	0.00	0.02584783	-0.009753527	10.00	-4.46043
-11.79869	10.00	7.481322	0.07967459	0.00	0.02593982	-0.009525454	10.00	-4.559164
-11.7186	10.00	7.507399	0.0800937	0.00	0.02607627	-0.009301476	10.00	-4.656898
-11.63931	10.00	7.533211	0.0792845	0.00	0.02581282	-0.009078006	10.00	-4.754365
-11.56025	10.00	7.558953	0.07906598	0.00	0.02574167	-0.008840755	10.00	-4.85369
-11.47968	10.00	7.585185	0.08057258	0.00	0.02623218	-0.008608857	10.00	-4.950663
-11.40101	10.00	7.610796	0.07866564	0.00	0.02561134	-0.008373464	10.00	-5.049653
-11.322	10.00	7.63694	0.07900998	0.00	0.02614325	-0.008142795	10.00	-5.147318
-11.24405	10.00	7.662733	0.07795341	0.00	0.02579364	-0.007909465	10.00	-5.245739
-11.16549	10.00	7.688726	0.07855645	0.00	0.02599318	-0.007675359	10.00	-5.344859
-11.08638	10.00	7.714904	0.07911329	0.00	0.02617743	-0.007439274	10.00	-5.44362
-11.00755	10.00	7.740987	0.07882857	0.00	0.02608322	-0.007203034	10.00	-5.542087
-10.92896	10.00	7.766992	0.07859004	0.00	0.02600429	-0.0069616	10.00	-5.64009
-10.85075	10.00	7.79287	0.07821041	0.00	0.02587868	-0.00671989	10.00	-5.738321
-10.77236	10.00	7.829042	0.07838847	0.00	0.03617191	-0.006479075	10.00	-5.836695
-10.69386	10.00	7.869111	0.07850438	0.00	0.04006894	-0.006274732	10.00	-5.933956
-10.61622	10.00	7.912539	0.07763845	0.00	0.04342812	-0.0060734	10.00	-6.033027
-10.53712	10.00	7.96324	0.07910153	0.00	0.05070115	-0.005877994	10.00	-6.131371
-10.45858	10.00	8.013578	0.07853545	0.00	0.05033831	-0.005689031	10.00	-6.229666
-10.38007	10.00	8.063901	0.0785111	0.00	0.0503227	-0.005506685	10.00	-6.326832
-10.30245	10.00	8.117452	0.07761745	0.00	0.05355003	-0.005324122	10.00	-6.425421
-10.2237	10.00	8.171784	0.07875298	0.00	0.05433346	-0.005162728	10.00	-6.524397
-10.14462	10.00	8.230217	0.07908221	0.00	0.05843243	-0.005015838	10.00	-6.623701
-10.06528	10.00	8.295315	0.0793409	0.00	0.06509773	-0.004890519	10.00	-6.706912
-9.998805	10.00	8.354192	0.06647045	0.00	0.05887692	-0.004711558	10.00	-6.818999
-9.909283	10.00	8.43641	0.08952287	0.00	0.08221786	-0.004576431	10.00	-6.898101
-9.84612	10.00	8.494418	0.06316213	0.00	0.05800814	-0.00437508	10.00	-7.014601
-9.754629	10.00	8.579838	0.09149135	0.00	0.08541975	-0.004237553	10.00	-7.093478
-9.692689	10.00	8.637667	0.06193966	0.00	0.05782919	-0.004023194	10.00	-7.212015
-9.599615	10.00	8.729197	0.09307431	0.00	0.09153016	-0.003960116	10.00	-7.288548
-9.539497	10.00	8.788318	0.06011793	0.00	0.05912054	-0.003863262	10.00	-7.407816
-9.445759	10.00	8.883611	0.09373856	0.00	0.09529375	-0.003816454	10.00	-7.485087
-9.385009	10.00	8.946377	0.06074996	0.00	0.06276572	-0.003767716	10.00	-7.60353
-9.291857	10.00	9.048801	0.09315196	0.00	0.1024247	-0.003748812	10.00	-7.684457
-9.228189	10.00	9.121975	0.0636672	0.00	0.07317372	-0.003726122	10.00	-7.800106
-9.140245	10.00	9.232555	0.08794354	0.00	0.1105802	-0.003717142	10.00	-7.877741
-9.082264	10.00	9.309772	0.05798147	0.00	0.07721582	-0.003676816	10.00	-7.996152
-8.998525	10.00	9.427454	0.08373941	0.00	0.1176826	-0.003623977	10.00	-8.072866
-8.947302	10.00	9.509645	0.05122291	0.00	0.08219142	-0.003545543	10.00	-8.192745
-8.876598	10.00	9.652185	0.07070376	0.00	0.1425397	-0.003489828	10.00	-8.270109
-8.83093	10.00	9.745262	0.04566837	0.00	0.09307674	-0.00341655	10.00	-8.390033
-8.761659	10.00	9.894325	0.06927076	0.00	0.1490632	-0.003367259	10.00	-8.463401
-8.71924	10.00	9.986563	0.04241851	0.00	0.0922381	-0.003302637	10.00	-8.538565
-8.675759	10.00	10.08111	0.04348115	0.00	0.09454877	-0.003213045	10.00	-8.633813
-8.620614	10.00	10.20103	0.05514582	0.00	0.1199133	-0.003339937	10.00	-8.73073
-8.564452	10.00	10.32315	0.05616173	0.00	0.1221224	-0.003483874	10.00	-8.829063
-8.507443	10.00	10.44711	0.05700832	0.00	0.1239633	-0.00362709	10.00	-8.926219
-8.45368	10.00	10.56955	0.05376384	0.00	0.1224391	-0.003765251	10.00	-9.023935
-8.399617	10.00	10.69267	0.05406285	0.00	0.1231201	-0.003902309	10.00	-9.121935
-8.345404	10.00	10.81613	0.05421292	0.00	0.1234618	-0.004024966	10.00	-9.220257
-8.291043	10.00	10.93993	0.05436069	0.00	0.1237983	-0.004119955	10.00	-9.318405
-8.236754	10.00	11.06357	0.05428883	0.00	0.1236347	-0.004191999	10.00	-9.415469
-8.18307	10.00	11.18582	0.05368388	0.00	0.122257	-0.004255745	10.00	-9.514189
-8.12847	10.00	11.31017	0.0546	0.00	0.1243434	-0.004315168	10.00	-9.612429
-8.074133	10.00	11.43391	0.05433751	0.00	0.1237456	-0.004379142	10.00	-9.71037
-8.019966	10.00	11.55727	0.05416715	0.00	0.1233576	-0.004450314	10.00	-9.807271
-7.966389	10.00	11.67928	0.05357726	0.00	0.1220142	-0.00451833	10.00	-9.905442
-7.912108	10.00	11.8029	0.05428072	0.00	0.1236162	-0.00458986	10.00	-10.00333
-7.857992	10.00	11.92614	0.05411616	0.00	0.1232415	-0.004657789	10.00	-10.1012
-7.803894	10.00	12.04934	0.05409762	0.00	0.1231992	-0.004719226	10.00	-10.19813
-7.750309	10.00	12.17137	0.05358538	0.00	0.1220327	-0.004783287	10.00	-10.29699
-7.69566	10.00	12.29583	0.05464868	0.00	0.1244542	-0.004842061	10.00	-10.39497
-7.641498	10.00	12.41917	0.05416194	0.00	0.1233457	-0.004882241	10.00	-10.49176
-7.587995	10.00	12.54102	0.05350367	0.00	0.1218466	-0.004907531	10.00	-10.59083
-7.533213	10.00	12.66578	0.05478137	0.00	0.1247564	-0.004928995	10.00	-10.68986
-7.478459	10.00	12.79047	0.05475414	0.00	0.1246944	-0.004954401	10.00	-10.76864
-7.434897	10.00	12.88968	0.04356191	0.00	0.09920574	-0.00500572	10.00	-10.88417
-7.371009	10.00	13.03517	0.06388756	0.00	0.1454944	-0.005055035	10.00	-10.95389
-7.33246	10.00	13.12296	0.0385496	0.00	0.08779095	-0.005094639	10.00	-11.03088
-7.289902	10.00	13.21988	0.04255829	0.00	0.09692014	-0.005142256	10.00	-11.12888
-7.235743	10.00	13.34322	0.05415904	0.00	0.1233391	-0.005182222	10.00	-11.22594
-7.182108	10.00	13.46536	0.05363405	0.00	0.1221435	-0.005228503	10.00	-11.32396
-7.127957	10.00	13.58869	0.05415151	0.00	0.123322	-0.005267293	10.00	-11.4219
-7.073859	10.00	13.71189	0.0540982	0.00	0.1232006	-0.005304564	10.00	-11.52067
-7.019297	10.00	13.83614	0.05456176	0.00	0.1242563	-0.005328406	10.00	-11.6199
-6.964497	10.00	13.96094	0.05479992	0.00	0.1247986	-0.005331644	10.00	-11.68961
-6.926003	10.00	14.04861	0.03849455	0.00	0.08766558	-0.005340039	10.00	-11.76535
-6.884171	10.00	14.14387	0.04183223	0.00	0.09526665	-0.005320215	10.00	-11.86409
-6.829611	10.00	14.26812	0.05455886	0.00	0.1242497	-0.005336137	10.00	-11.96045
-6.776373	10.00	14.38937	0.05323828	0.00	0.1212422	-0.005328333	10.00	-12.05847
-6.72223	10.00	14.51267	0.0541434	0.00	0.1233035	-0.005330221	10.00	-12.15726
-6.667667	10.00	14.63693	0.05456292	0.00	0.1242589	-0.005325419	10.00	-12.25443
-6.614008	10.00	14.75913	0.05365897	0.00	0.1222003	-0.005319944	10.00	-12.35235
-6.559935	10.00	14.88227	0.0540727	0.00	0.1231425	-0.005307377	10.00	-12.45035
-6.505834	10.00	15.00548	0.05410167	0.00	0.1232085	-0.00527972	10.00	-12.55036
-6.450651	10.00	15.13115	0.05518236	0.00	0.1256696	-0.005262622	10.00	-12.61985
-6.412342	10.00	15.21839	0.03830912	0.00	0.0872433	-0.005232148	10.00	-12.69592
-6.370414	10.00	15.31189	0.04192842	0.00	0.0935021	-0.005184033	10.00	-12.79418
-6.316249	10.00	15.41603	0.05416425	0.00	0.1041325	-0.005129669	10.00	-12.89197
-6.261068	10.00	15.51074	0.05518153	0.00	0.09471076	-0.005062026	10.00	-12.99134
-6.199829	10.00	15.59529	0.06123916	0.00	0.08455602	-0.005001818	10.00	-13.09078
-6.128169	10.00	15.66955	0.07165979	0.00	0.07425264	-0.004939307	10.00	-13.17201
-6.068561	10.00	15.71962	0.05960793	0.00	0.0500749	-0.004838261	10.00	-13.28648
-5.9801	10.00	15.77674	0.08846062	0.00	0.05712071	-0.004774859	10.00	-13.36186
-5.921844	10.00	15.81338	0.05825607	0.00	0.03663424	-0.004717594	10.00	-13.48177
-5.829134	10.00	15.87168	0.09270987	0.00	0.05830046	-0.004700487	10.00	-13.55614
-5.771664	10.00	15.90782	0.0574704	0.00	0.03614018	-0.004698744	10.00	-13.62972
-5.714836	10.00	15.94355	0.05682774	0.00	0.03573604	-0.004699935	10.00	-13.7275
-5.639322	10.00	15.99104	0.07551466	0.00	0.04748728	-0.004696343	10.00	-13.82625
-5.563059	10.00	16.039	0.07626213	0.00	0.04795733	-0.004690732	10.00	-13.92401
-5.488842	10.00	16.08647	0.07421752	0.00	0.04747246	-0.00464285	10.00	-14.02335
-5.41343	10.00	16.1347	0.07541168	0.00	0.0482363	-0.004606392	10.00	-14.09246
-5.360954	10.00	16.16827	0.05247585	0.00	0.03356563	-0.004560931	10.00	-14.16961
-5.302384	10.00	16.20573	0.05857046	0.00	0.03746398	-0.004505356	10.00	-14.26751
-5.228058	10.00	16.25328	0.07432615	0.00	0.04754195	-0.004444616	10.00	-14.36594
-5.153327	10.00	16.30108	0.07473112	0.00	0.04780098	-0.00437979	10.00	-14.4633
-5.079408	10.00	16.34836	0.07391878	0.00	0.04728138	-0.004312176	10.00	-14.56202
-5.004422	10.00	16.39632	0.07498594	0.00	0.04796397	-0.004266884	10.00	-14.65993
-4.930084	10.00	16.44387	0.07433814	0.00	0.04754961	-0.00424327	10.00	-14.75875
-4.855045	10.00	16.49187	0.07503866	0.00	0.04799769	-0.004228587	10.00	-14.83227
-4.799255	10.00	16.52756	0.05578994	0.00	0.03568545	-0.0042014	10.00	-14.90586
-4.743408	10.00	16.56328	0.05584745	0.00	0.03572224	-0.004156054	10.00	-15.00368
-4.669149	10.00	16.61078	0.07425825	0.00	0.04749852	-0.004098384	10.00	-15.10299
-4.593743	10.00	16.65901	0.07540609	0.00	0.04823272	-0.00403107	10.00	-15.20172
-4.518766	10.00	16.70697	0.07497714	0.00	0.04795835	-0.003969415	10.00	-15.29832
-4.445412	10.00	16.75389	0.07335405	0.00	0.04692015	-0.003892598	10.00	-15.39689
-4.370549	10.00	16.80306	0.07486372	0.00	0.04917046	-0.003797463	10.00	-15.49542
-4.295711	10.00	16.86377	0.07483816	0.00	0.06071169	-0.003695241	10.00	-15.59352
-4.221203	10.00	16.94467	0.07450747	0.00	0.08090021	-0.003574076	10.00	-15.69247
-4.151221	10.00	17.04431	0.06998172	0.00	0.09963772	-0.003469395	10.00	-15.76503
-4.109361	10.00	17.13439	0.04186019	0.00	0.09007858	-0.003525695	10.00	-15.83837
-4.069897	10.00	17.23026	0.03946397	0.00	0.0958752	-0.003564844	10.00	-15.93663
-4.023444	10.00	17.36251	0.04645346	0.00	0.1322531	-0.003629191	10.00	-16.03484
-3.97699	10.00	17.49477	0.04645346	0.00	0.1322531	-0.003614237	10.00	-16.13361
-3.932863	10.00	17.62773	0.04412765	0.00	0.1329623	-0.003479459	10.00	-16.23161
-3.889075	10.00	17.75967	0.04378798	0.00	0.1319388	-0.003294955	10.00	-16.33205
-3.846796	10.00	17.89495	0.04227825	0.00	0.1352839	-0.003104733	10.00	-16.41208
-3.813111	10.00	18.00274	0.03368573	0.00	0.1077891	-0.003035971	10.00	-16.49527
-3.780187	10.00	18.11505	0.03292333	0.00	0.112309	-0.002950804	10.00	-16.57488
-3.749669	10.00	18.22271	0.03051849	0.00	0.1076617	-0.002833637	10.00	-16.67263
-3.712138	10.00	18.35511	0.03753025	0.00	0.1323975	-0.002690853	10.00	-16.77007
-3.6746	10.00	18.48754	0.03753868	0.00	0.1324272	-0.002544045	10.00	-16.86575
-3.637587	10.00	18.61811	0.03701302	0.00	0.1305728	-0.002396162	10.00	-16.96389
-3.596937	10.00	18.75234	0.04064938	0.00	0.1342307	-0.002286756	10.00	-17.03301
-3.569146	10.00	18.84715	0.02779174	0.00	0.09480402	-0.002187651	10.00	-17.10679
-3.541369	10.00	18.9486	0.02777655	0.00	0.1014544	-0.002049606	10.00	-17.20317
-3.504884	10.00	19.08186	0.03648467	0.00	0.133261	-0.001711487	10.00	-17.29786
-3.468962	10.00	19.21307	0.03592271	0.00	0.1312084	-0.001136756	10.00	-17.39366
-3.432457	10.00	19.3464	0.03650444	0.00	0.1333332	-0.0005947927	10.00	-17.48721
-3.396479	10.00	19.47781	0.03597852	0.00	0.1314123	-4.539877E-05	10.00	-17.58149
-3.359916	10.00	19.61136	0.03656258	0.00	0.1335455	0.0003731674	10.00	-17.64811
-3.333856	10.00	19.70654	0.02606004	0.00	0.09518481	0.0008750422	10.00	-17.71844
-3.306129	10.00	19.80782	0.02772656	0.00	0.1012718	0.001819901	10.00	-17.81028
-3.269654	10.00	19.94104	0.03647537	0.00	0.133227	0.002860171	10.00	-17.89978
-3.233742	10.00	20.07221	0.03591263	0.00	0.1311716	0.003783371	10.00	-17.989
-3.197509	10.00	20.20456	0.03623276	0.00	0.1323409	0.004541813	10.00	-18.07673
-3.161376	10.00	20.33653	0.03613277	0.00	0.1319757	0.005648233	10.00	-18.16443
-3.124527	10.00	20.47112	0.03684898	0.00	0.1345916	0.006449142	10.00	-18.22582
-3.098194	10.00	20.56731	0.02633327	0.00	0.09618279	0.007245379	10.00	-18.28856
-3.070822	10.00	20.66728	0.02737155	0.00	0.09997512	0.008330843	10.00	-18.37039
-3.034427	10.00	20.80021	0.03639476	0.00	0.1329326	0.009420537	10.00	-18.44925
-2.998486	10.00	20.93149	0.03594131	0.00	0.1312764	0.01026002	10.00	-18.52662
-2.962291	10.00	21.0637	0.03619555	0.00	0.132205	0.01083686	10.00	-18.60153
-2.92611	10.00	21.19585	0.03618083	0.00	0.1321512	0.01118124	10.00	-18.67455
-2.889484	10.00	21.32962	0.03662575	0.00	0.1337763	0.01139787	10.00	-18.7225
-2.864609	10.00	21.42048	0.02487449	0.00	0.09085456	0.01172253	10.00	-18.77663
-2.835593	10.00	21.52646	0.02901714	0.00	0.1059857	0.01191152	10.00	-18.84153
-2.799464	10.00	21.65842	0.03612889	0.00	0.1319615	0.0119701	10.00	-18.9039
-2.763258	10.00	21.79066	0.03620524	0.00	0.1322404	0.01207858	10.00	-18.9637
-2.727079	10.00	21.92281	0.03617928	0.00	0.1321455	0.01220063	10.00	-19.02145
-2.69055	10.00	22.05623	0.03652886	0.00	0.1334224	0.01248834	10.00	-19.06712
-2.660344	10.00	22.16656	0.03020656	0.00	0.1103301	0.0129592	10.00	-19.10776
-2.631167	10.00	22.26949	0.02917664	0.00	0.102928	0.01327064	10.00	-19.15251
-2.597489	10.00	22.3883	0.03367767	0.00	0.1188065	0.01361816	10.00	-19.19918
-2.560358	10.00	22.51929	0.03713099	0.00	0.130989	0.01392233	10.00	-19.24344
-2.524603	10.00	22.64988	0.03575528	0.00	0.1305969	0.01446246	10.00	-19.28545
-2.488311	10.00	22.78244	0.03629244	0.00	0.1325589	0.01451105	10.00	-19.32571
-2.451552	10.00	22.9167	0.03675868	0.00	0.1342618	0.01461273	10.00	-19.35048
-2.427574	10.00	23.00428	0.02397767	0.00	0.08757892	0.01466108	10.00	-19.37946
-2.397972	10.00	23.1124	0.02960197	0.00	0.1081218	0.01470016	10.00	-19.41324
-2.361748	10.00	23.24471	0.03622385	0.00	0.1323083	0.01472787	10.00	-19.44501
-2.324281	10.00	23.37689	0.03746685	0.00	0.1321738	0.01513579	10.00	-19.47493
-2.284243	10.00	23.5091	0.04003893	0.00	0.1322149	0.01556665	10.00	-19.50354
-2.242328	10.00	23.64322	0.04191461	0.00	0.1341203	0.01581386	10.00	-19.52222
-2.21301	10.00	23.73422	0.02931831	0.00	0.0909947	0.01581582	10.00	-19.54302
-2.179095	10.00	23.83948	0.03391439	0.00	0.1052595	0.01585634	10.00	-19.56791
-2.136447	10.00	23.97184	0.04264864	0.00	0.1323678	0.0157245	10.00	-19.59165
-2.091349	10.00	24.10004	0.04509744	0.00	0.1281969	0.01595302	10.00	-19.61432
-2.044736	10.00	24.22504	0.04661307	0.00	0.1249976	0.01618542	10.00	-19.63592
-1.998464	10.00	24.34657	0.04627248	0.00	0.121533	0.0163838	10.00	-19.65621
-1.951999	10.00	24.46605	0.0464649	0.00	0.1194766	0.01647699	10.00	-19.66946
-1.919046	10.00	24.54585	0.03295304	0.00	0.07980779	0.01649204	10.00	-19.68436
-1.878469	10.00	24.63396	0.04057717	0.00	0.08810232	0.01617378	10.00	-19.70212
-1.826873	10.00	24.73552	0.05159516	0.00	0.1015569	0.01600576	10.00	-19.71882
-1.771523	10.00	24.82924	0.05535058	0.00	0.09372186	0.01591741	10.00	-19.73483
-1.716112	10.00	24.92306	0.05541049	0.00	0.09382331	0.01558148	10.00	-19.75029
-1.660442	10.00	25.01732	0.0556703	0.00	0.09426322	0.01512216	10.00	-19.76513
-1.604706	10.00	25.10912	0.05573614	0.00	0.0917988	0.01499831	10.00	-19.77521
-1.564247	10.00	25.17334	0.04045831	0.00	0.064217	0.01471589	10.00	-19.78555
-1.520339	10.00	25.24303	0.04390899	0.00	0.06969405	0.01426103	10.00	-19.79851
-1.463245	10.00	25.33365	0.05709327	0.00	0.09062066	0.0133814	10.00	-19.81092
-1.405715	10.00	25.42295	0.05753011	0.00	0.08929715	0.01245218	10.00	-19.82329
-1.346137	10.00	25.51148	0.05957864	0.00	0.08852906	0.01193558	10.00	-19.83423
-1.289861	10.00	25.5951	0.0562753	0.00	0.08362056	0.01139243	10.00	-19.84523
-1.231219	10.00	25.68224	0.05864219	0.00	0.08713756	0.01091339	10.00	-19.85257
-1.189864	10.00	25.74369	0.04135535	0.00	0.06145072	0.01035367	10.00	-19.86024
-1.145024	10.00	25.81032	0.0448399	0.00	0.06662848	0.009625142	10.00	-19.86981
-1.086681	10.00	25.89701	0.05834245	0.00	0.08669217	0.008930136	10.00	-19.87906
-1.028026	10.00	25.98417	0.05865584	0.00	0.08715785	0.008139789	10.00	-19.88862
-0.9645658	10.00	26.07846	0.06345974	0.00	0.09429605	0.007473924	10.00	-19.89608
-0.9126475	10.00	26.15561	0.05191822	0.00	0.07714628	0.006679605	10.00	-19.90394
-0.8550318	10.00	26.24122	0.05761575	0.00	0.08561236	0.005875943	10.00	-19.9111
-0.7966881	10.00	26.32792	0.05834369	0.00	0.08669402	0.005182656	10.00	-19.91784
-0.7361345	10.00	26.40768	0.06055359	0.00	0.07976678	0.004781934	10.00	-19.92224
-0.6923022	10.00	26.45152	0.04383228	0.00	0.04383228	0.004299476	10.00	-19.927
-0.6442351	10.00	26.49162	0.04806715	0.00	0.0401016	0.003677843	10.00	-19.93276
-0.582122	10.00	26.537	0.06211304	0.00	0.04538659	0.003120067	10.00	-19.93818
-0.5205582	10.00	26.57434	0.06156383	0.00	0.03733363	0.002680357	10.00	-19.94324
22.28909
