0.02073255	10.00	-49.86844	0.02073255	0.00	0.1315609	28.27997	10.00	28.27996
0.05598547	10.00	-49.17825	0.03525292	0.00	0.6901886	28.27037	10.00	28.27059
0.07299601	10.00	-48.84521	0.01701054	0.00	0.3330357	28.26322	10.00	28.26383
0.07957102	10.00	-48.71649	0.006575013	0.00	0.1287269	28.2559	10.00	28.25693
0.08501042	10.00	-48.60999	0.00543941	0.00	0.1064939	28.24483	10.00	28.24657
0.09173381	10.00	-48.47836	0.006723381	0.00	0.1316317	28.23107	10.00	28.23376
0.0984107	10.00	-48.34764	0.006676889	0.00	0.1307214	28.21373	10.00	28.2177
0.105233	10.00	-48.21407	0.006822292	0.00	0.1335682	28.19289	10.00	28.19902
0.1119312	10.00	-48.08294	0.006698219	0.00	0.1311391	28.16799	10.00	28.17719
0.1186327	10.00	-47.96444	0.006701544	0.00	0.1184998	28.1435	10.00	28.15646
0.1210624	10.00	-47.88404	0.002429603	0.00	0.08039047	28.11591	10.00	28.13417
0.1210624	10.00	-47.83815	0	0.00	0.04589316	28.08488	10.00	28.1098
0.1210624	10.00	-47.81644	0	0.00	0.02171063	28.04287	10.00	28.07761
0.1210624	10.00	-47.81644	0	0.00	0	27.9993	10.00	28.04494
0.1210624	10.00	-47.81644	0	0.00	0	27.95829	10.00	28.01437
0.1210624	10.00	-47.81644	0	0.00	0	27.90404	10.00	27.97345
0.1210624	10.00	-47.81644	0	0.00	0	27.86198	10.00	27.94106
0.1210624	10.00	-47.81644	0	0.00	0	27.81814	10.00	27.90701
0.1210624	10.00	-47.81644	0	0.00	0	27.77127	10.00	27.87018
0.1210624	10.00	-47.81644	0	0.00	0	27.71554	10.00	27.826
0.1210624	10.00	-47.81644	0	0.00	0	27.65772	10.00	27.77958
0.1210624	10.00	-47.81644	0	0.00	0	27.61391	10.00	27.74407
0.1210624	10.00	-47.81644	0	0.00	0	27.56454	10.00	27.70388
0.1210624	10.00	-47.81644	0	0.00	0	27.50858	10.00	27.65776
0.1210624	10.00	-47.81644	0	0.00	0	27.46107	10.00	27.61831
0.1210624	10.00	-47.81644	0	0.00	0	27.41223	10.00	27.57716
0.1210624	10.00	-47.81644	0	0.00	0	27.354	10.00	27.52748
0.1210624	10.00	-47.81644	0	0.00	0	27.29095	10.00	27.47275
0.1210624	10.00	-47.81644	0	0.00	0	27.23846	10.00	27.42661
0.1210624	10.00	-47.81644	0	0.00	0	27.18582	10.00	27.37983
0.1210624	10.00	-47.81644	0	0.00	0	27.13015	10.00	27.32994
0.1210624	10.00	-47.81644	0	0.00	0	27.06306	10.00	27.26915
0.1210624	10.00	-47.81644	0	0.00	0	26.99642	10.00	27.20805
0.1210624	10.00	-47.81644	0	0.00	0	26.94394	10.00	27.15944
0.1210624	10.00	-47.81644	0	0.00	0	26.89205	10.00	27.11099
0.1210624	10.00	-47.81644	0	0.00	0	26.82846	10.00	27.05107
0.1210624	10.00	-47.81644	0	0.00	0	26.77826	10.00	27.0032
0.1210624	10.00	-47.81429	0	0.00	0.002146491	26.72574	10.00	26.95252
0.1210624	10.00	-47.80713	0	0.00	0.007161809	26.6582	10.00	26.88691
0.1210624	10.00	-47.78913	0	0.00	0.01800045	26.60858	10.00	26.8384
0.1210624	10.00	-47.77407	0	0.00	0.01505696	26.55412	10.00	26.7849
0.1210624	10.00	-47.75452	0	0.00	0.0195574	26.48677	10.00	26.71846
0.1210624	10.00	-47.72785	0	0.00	0.02666486	26.43685	10.00	26.66911
0.1210624	10.00	-47.70723	0	0.00	0.0206183	26.38315	10.00	26.61592
0.1210624	10.00	-47.68506	0	0.00	0.02217451	26.31401	10.00	26.54719
0.1210624	10.00	-47.65261	0	0.00	0.03244906	26.26401	10.00	26.49746
0.1210624	10.00	-47.62173	0	0.00	0.03088318	26.20922	10.00	26.44281
0.1233714	10.00	-47.58186	0.002309018	0.00	0.03986226	26.14163	10.00	26.37559
0.1312363	10.00	-47.50507	0.007864896	0.00	0.07680023	26.08985	10.00	26.32415
0.1391708	10.00	-47.42042	0.007934489	0.00	0.08464251	26.03713	10.00	26.27173
0.1472482	10.00	-47.32254	0.008077404	0.00	0.09788053	25.96844	10.00	26.20329
0.1590462	10.00	-47.19117	0.01179803	0.00	0.1313684	25.91071	10.00	26.14575
0.1689594	10.00	-47.08079	0.009913187	0.00	0.110381	25.85169	10.00	26.08695
0.1790832	10.00	-46.96806	0.01012384	0.00	0.1127266	25.79457	10.00	26.02997
0.1888734	10.00	-46.85905	0.009790123	0.00	0.1090107	25.72622	10.00	25.96166
0.2005829	10.00	-46.72867	0.01170955	0.00	0.1303831	25.67171	10.00	25.90714
0.2099146	10.00	-46.62476	0.009331687	0.00	0.1039062	25.61809	10.00	25.85337
0.2191015	10.00	-46.52247	0.009186885	0.00	0.1022938	25.55287	10.00	25.78795
0.2302772	10.00	-46.39803	0.01117573	0.00	0.1244391	25.50108	10.00	25.73601
0.2391511	10.00	-46.29922	0.008873887	0.00	0.09880868	25.44962	10.00	25.68443
0.2479632	10.00	-46.2011	0.008812102	0.00	0.09812071	25.37989	10.00	25.61449
0.2599081	10.00	-46.0681	0.01194487	0.00	0.1330034	25.32487	10.00	25.5593
0.2693326	10.00	-45.96316	0.009424494	0.00	0.1049396	25.27012	10.00	25.50436
0.2787137	10.00	-45.8587	0.009381142	0.00	0.1044568	25.2061	10.00	25.44016
0.289681	10.00	-45.73658	0.01096736	0.00	0.122119	25.13774	10.00	25.37166
0.3013873	10.00	-45.60624	0.01170625	0.00	0.1303463	25.08597	10.00	25.31981
0.3102531	10.00	-45.50752	0.008865752	0.00	0.09871809	25.0322	10.00	25.26593
0.3194684	10.00	-45.40491	0.009215362	0.00	0.1026109	24.96432	10.00	25.198
0.3310916	10.00	-45.27549	0.01162323	0.00	0.1294219	24.91256	10.00	25.14614
0.3399612	10.00	-45.17673	0.008869565	0.00	0.09876055	24.85963	10.00	25.09311
0.3490277	10.00	-45.07577	0.009066492	0.00	0.1009533	24.79116	10.00	25.02458
0.3607491	10.00	-44.94526	0.01172137	0.00	0.1305148	24.73744	10.00	24.97078
0.3699487	10.00	-44.84282	0.009199598	0.00	0.1024354	24.6862	10.00	24.91946
0.3787233	10.00	-44.74512	0.008774598	0.00	0.09770312	24.61709	10.00	24.85026
0.390554	10.00	-44.61339	0.01183071	0.00	0.1317322	24.56657	10.00	24.79969
0.3992028	10.00	-44.51709	0.008648866	0.00	0.09630311	24.51375	10.00	24.74677
0.4082513	10.00	-44.41633	0.009048439	0.00	0.1007523	24.444	10.00	24.67694
0.4201965	10.00	-44.28333	0.01194525	0.00	0.1330076	24.39168	10.00	24.6245
0.4291644	10.00	-44.18347	0.008967838	0.00	0.0998548	24.33659	10.00	24.56936
0.4375822	10.00	-44.07841	0.00841779	0.00	0.105057	24.27039	10.00	24.50312
0.4476995	10.00	-43.95214	0.01011734	0.00	0.126268	24.218	10.00	24.45069
0.4557103	10.00	-43.85217	0.008010823	0.00	0.09997796	24.1664	10.00	24.39909
0.4607413	10.00	-43.75367	0.005030966	0.00	0.09849726	24.09789	10.00	24.33065
0.4636222	10.00	-43.62289	0.002880916	0.00	0.1307809	24.04574	10.00	24.27859
0.4638871	10.00	-43.5234	0.0002649322	0.00	0.09949382	23.99138	10.00	24.22434
0.4638871	10.00	-43.41971	0	0.00	0.1036868	23.92306	10.00	24.15623
0.4638871	10.00	-43.2894	0	0.00	0.1303109	23.8765	10.00	24.10973
0.4638871	10.00	-43.20065	0	0.00	0.08874676	23.8207	10.00	24.05402
0.4638871	10.00	-43.09431	0	0.00	0.1063353	23.7515	10.00	23.98493
0.4638871	10.00	-42.96233	0	0.00	0.1319884	23.69848	10.00	23.93195
0.4638871	10.00	-42.86111	0	0.00	0.101218	23.64133	10.00	23.8749
0.4638871	10.00	-42.75201	0	0.00	0.1090929	23.57683	10.00	23.81041
0.4638871	10.00	-42.62883	0	0.00	0.1231807	23.5085	10.00	23.74213
0.4638871	10.00	-42.49838	0	0.00	0.1304525	23.45603	10.00	23.68965
0.4638871	10.00	-42.39825	0	0.00	0.1001294	23.4026	10.00	23.63626
0.4638871	10.00	-42.29634	0	0.00	0.1019088	23.3355	10.00	23.56928
0.4638871	10.00	-42.16838	0	0.00	0.1279611	23.28339	10.00	23.51729
0.4638871	10.00	-42.06902	0	0.00	0.09936076	23.23201	10.00	23.46604
0.4638871	10.00	-41.97108	0	0.00	0.09793669	23.16156	10.00	23.39573
0.4638871	10.00	-41.83669	0	0.00	0.1344019	23.1202	10.00	23.35448
0.4638871	10.00	-41.7578	0	0.00	0.07888444	23.05825	10.00	23.29275
0.4638871	10.00	-41.63969	0	0.00	0.1181087	22.98955	10.00	23.22422
0.4638871	10.00	-41.50866	0	0.00	0.1310286	22.94543	10.00	23.18021
0.4638871	10.00	-41.42448	0	0.00	0.08418153	22.88566	10.00	23.12063
0.4638871	10.00	-41.31051	0	0.00	0.1139695	22.81647	10.00	23.05171
0.4638871	10.00	-41.1786	0	0.00	0.1319049	22.77395	10.00	23.00935
0.4638871	10.00	-41.0976	0	0.00	0.08101064	22.71197	10.00	22.94755
0.4638871	10.00	-40.97938	0	0.00	0.1182177	22.64235	10.00	22.87809
0.4638871	10.00	-40.84669	0	0.00	0.1326919	22.60036	10.00	22.83625
0.4638871	10.00	-40.76657	0	0.00	0.08011033	22.53841	10.00	22.77449
0.4638871	10.00	-40.6484	0	0.00	0.1181766	22.46931	10.00	22.70556
0.4638871	10.00	-40.5166	0	0.00	0.1318001	22.4286	10.00	22.66503
0.4638871	10.00	-40.43904	0	0.00	0.07756229	22.36478	10.00	22.6015
0.4638871	10.00	-40.31743	0	0.00	0.1216051	22.296	10.00	22.53303
0.4638871	10.00	-40.1864	0	0.00	0.1310315	22.25082	10.00	22.48807
0.4638871	10.00	-40.10033	0	0.00	0.08606566	22.19178	10.00	22.42924
0.4638871	10.00	-39.98782	0	0.00	0.1125129	22.12253	10.00	22.36034
0.4638871	10.00	-39.85588	0	0.00	0.131936	22.07811	10.00	22.31611
0.4638871	10.00	-39.77126	0	0.00	0.08462885	22.01789	10.00	22.25627
0.4638871	10.00	-39.65668	0	0.00	0.1145782	21.94846	10.00	22.18722
0.4638871	10.00	-39.52462	0	0.00	0.1320535	21.90403	10.00	22.143
0.4638871	10.00	-39.44006	0	0.00	0.08456798	21.84436	10.00	22.0836
0.4674904	10.00	-39.32643	0.003603276	0.00	0.1136269	21.77564	10.00	22.01524
0.4767032	10.00	-39.19564	0.009212798	0.00	0.1307837	21.73308	10.00	21.97292
0.4831886	10.00	-39.11471	0.006485379	0.00	0.08093986	21.67138	10.00	21.91136
0.4937231	10.00	-38.99741	0.01053448	0.00	0.117299	21.6011	10.00	21.84132
0.5057294	10.00	-38.86372	0.0120064	0.00	0.1336885	21.56046	10.00	21.80076
0.5126863	10.00	-38.78625	0.006956876	0.00	0.0774632	21.49703	10.00	21.73746
0.5235366	10.00	-38.66544	0.01085027	0.00	0.1208152	21.42815	10.00	21.6687
0.5378679	10.00	-38.53417	0.01433126	0.00	0.1312693	21.38502	10.00	21.62559
0.5468401	10.00	-38.45199	0.008972263	0.00	0.08218274	21.32424	10.00	21.56492
0.559476	10.00	-38.33625	0.01263591	0.00	0.1157404	21.25419	10.00	21.49499
0.5740348	10.00	-38.2029	0.01455875	0.00	0.133353	21.20785	10.00	21.44879
0.5836667	10.00	-38.11467	0.009631861	0.00	0.08822442	21.15049	10.00	21.39083
0.5955486	10.00	-38.00584	0.01188188	0.00	0.1088338	21.08117	10.00	21.32168
0.6099407	10.00	-37.87401	0.01439215	0.00	0.131827	21.03693	10.00	21.27716
0.6191185	10.00	-37.78994	0.009177808	0.00	0.08406545	20.97655	10.00	21.21691
0.6327906	10.00	-37.67492	0.01367215	0.00	0.1150298	20.90728	10.00	21.14773
0.6574371	10.00	-37.54286	0.02464642	0.00	0.1320549	20.86231	10.00	21.10285
0.680074	10.00	-37.45715	0.02263691	0.00	0.08571319	20.80339	10.00	21.044
0.7119182	10.00	-37.34481	0.03184428	0.00	0.1123388	20.73389	10.00	20.97457
0.7494778	10.00	-37.21231	0.03755954	0.00	0.1325008	20.68949	10.00	20.93012
0.774307	10.00	-37.12761	0.02482923	0.00	0.08469822	20.62979	10.00	20.87038
0.8109908	10.00	-37.01375	0.03668381	0.00	0.1138549	20.56057	10.00	20.80105
0.8561062	10.00	-36.88551	0.04511533	0.00	0.1282478	20.51645	10.00	20.75688
0.8848649	10.00	-36.80375	0.02875868	0.00	0.08175129	20.45704	10.00	20.69742
0.9235688	10.00	-36.69373	0.03870399	0.00	0.1100225	20.38759	10.00	20.62788
0.9701148	10.00	-36.57533	0.04654595	0.00	0.1184018	20.34285	10.00	20.58307
1.000935	10.00	-36.50317	0.03081993	0.00	0.07216122	20.28379	10.00	20.52401
1.041571	10.00	-36.41565	0.04063682	0.00	0.08751497	20.21427	10.00	20.45452
1.093245	10.00	-36.32164	0.051673	0.00	0.09401212	20.16888	10.00	20.40917
1.128638	10.00	-36.2603	0.03539329	0.00	0.06134697	20.11012	10.00	20.35046
1.175566	10.00	-36.18409	0.04692824	0.00	0.07620755	20.04043	10.00	20.28077
1.231263	10.00	-36.09621	0.05569699	0.00	0.08787318	20.00037	10.00	20.24077
1.263994	10.00	-36.04648	0.03273041	0.00	0.04973322	19.93684	10.00	20.17722
1.318297	10.00	-35.97223	0.05430371	0.00	0.07425321	19.86767	10.00	20.108
1.380021	10.00	-35.89132	0.06172396	0.00	0.08090281	19.82298	10.00	20.06329
1.419876	10.00	-35.84074	0.0398548	0.00	0.05058732	19.76376	10.00	20.00409
1.472705	10.00	-35.77478	0.05282874	0.00	0.06596068	19.6941	10.00	19.93443
1.534863	10.00	-35.69717	0.0621587	0.00	0.07760984	19.64959	10.00	19.88989
1.574599	10.00	-35.64755	0.0397357	0.00	0.04961303	19.59038	10.00	19.83065
1.627421	10.00	-35.5816	0.05282146	0.00	0.06595159	19.52014	10.00	19.76037
1.690078	10.00	-35.50077	0.06265762	0.00	0.08082865	19.47347	10.00	19.7136
1.731732	10.00	-35.44704	0.04165396	0.00	0.05373383	19.41749	10.00	19.65752
1.781697	10.00	-35.38258	0.0499649	0.00	0.06445498	19.34842	10.00	19.58835
1.843369	10.00	-35.30303	0.06167168	0.00	0.07955679	19.30358	10.00	19.54346
1.883392	10.00	-35.2514	0.04002354	0.00	0.05163057	19.24416	10.00	19.48396
1.936438	10.00	-35.18297	0.05304578	0.00	0.06842932	19.1746	10.00	19.4143
1.998522	10.00	-35.10288	0.06208392	0.00	0.08008859	19.12829	10.00	19.36797
2.039892	10.00	-35.04951	0.04137009	0.00	0.05336763	19.07108	10.00	19.31069
2.09099	10.00	-34.98359	0.0510984	0.00	0.06591719	19.00088	10.00	19.24043
2.151108	10.00	-34.90269	0.06011758	0.00	0.08090377	18.9482	10.00	19.18779
2.196203	10.00	-34.842	0.04509516	0.00	0.06068721	18.89742	10.00	19.13703
2.239678	10.00	-34.7835	0.04347456	0.00	0.05850628	18.82824	10.00	19.06794
2.298881	10.00	-34.70382	0.05920294	0.00	0.07967288	18.76009	10.00	18.99988
2.357193	10.00	-34.62535	0.0583124	0.00	0.07847443	18.71572	10.00	18.95553
2.395171	10.00	-34.57424	0.03797847	0.00	0.05110987	18.65556	10.00	18.89541
2.446685	10.00	-34.50492	0.05151349	0.00	0.06932475	18.58702	10.00	18.82692
2.505344	10.00	-34.42598	0.05865935	0.00	0.07894135	18.51811	10.00	18.75807
2.564311	10.00	-34.34662	0.05896698	0.00	0.07935534	18.47336	10.00	18.71346
2.60256	10.00	-34.29515	0.03824868	0.00	0.05147351	18.413	10.00	18.65328
2.654176	10.00	-34.22568	0.05161624	0.00	0.06946302	18.34445	10.00	18.58487
2.712805	10.00	-34.14678	0.05862827	0.00	0.07889953	18.27574	10.00	18.51627
2.771582	10.00	-34.06768	0.05877732	0.00	0.07910012	18.23229	10.00	18.47285
2.808733	10.00	-34.01448	0.03715073	0.00	0.05320723	18.1714	10.00	18.41205
2.860783	10.00	-33.93655	0.0520501	0.00	0.07792048	18.10098	10.00	18.34175
2.922307	10.00	-33.8464	0.06152492	0.00	0.09015629	18.03253	10.00	18.27344
2.982122	10.00	-33.75875	0.05981423	0.00	0.0876495	17.98691	10.00	18.22787
3.020314	10.00	-33.69778	0.03819164	0.00	0.06096745	17.92878	10.00	18.16981
3.068957	10.00	-33.62013	0.04864343	0.00	0.07765221	17.85918	10.00	18.10034
3.127206	10.00	-33.51428	0.05824937	0.00	0.1058524	17.78996	10.00	18.03119
3.181326	10.00	-33.40383	0.05411964	0.00	0.1104476	17.74911	10.00	17.9904
3.21398	10.00	-33.33647	0.03265372	0.00	0.06736363	17.68617	10.00	17.92758
3.264252	10.00	-33.22927	0.0502725	0.00	0.1071957	17.61595	10.00	17.85748
3.320312	10.00	-33.10973	0.05606	0.00	0.1195364	17.54723	10.00	17.78892
3.373887	10.00	-32.99026	0.05357436	0.00	0.119473	17.5054	10.00	17.74715
3.405757	10.00	-32.91592	0.03187045	0.00	0.07433865	17.44326	10.00	17.68519
3.453128	10.00	-32.80543	0.04737147	0.00	0.1104952	17.37409	10.00	17.6161
3.505841	10.00	-32.68247	0.05271272	0.00	0.1229538	17.30504	10.00	17.5472
3.557222	10.00	-32.55582	0.05138097	0.00	0.1266504	17.26344	10.00	17.50566
3.588185	10.00	-32.4795	0.03096306	0.00	0.07632172	17.20082	10.00	17.4432
3.634785	10.00	-32.36464	0.04659971	0.00	0.1148649	17.1312	10.00	17.3738
3.686563	10.00	-32.23444	0.05177788	0.00	0.1302	17.06215	10.00	17.30507
3.73789	10.00	-32.1041	0.05132687	0.00	0.1303403	17.01898	10.00	17.26212
3.769941	10.00	-32.02271	0.03205113	0.00	0.08139117	16.95788	10.00	17.20144
3.813047	10.00	-31.90752	0.04310626	0.00	0.1151847	16.88824	10.00	17.13231
3.862195	10.00	-31.77619	0.0491479	0.00	0.1313286	16.8195	10.00	17.06399
3.910736	10.00	-31.64648	0.04854091	0.00	0.1297066	16.77022	10.00	17.015
3.94553	10.00	-31.55351	0.03479454	0.00	0.09297483	16.71436	10.00	16.95945
3.984979	10.00	-31.4481	0.03944906	0.00	0.1054122	16.64574	10.00	16.89111
4.033471	10.00	-31.31852	0.04849159	0.00	0.1295749	16.5767	10.00	16.82233
4.082251	10.00	-31.18818	0.04877961	0.00	0.1303445	16.53307	10.00	16.77888
4.113058	10.00	-31.10586	0.03080682	0.00	0.08231921	16.47164	10.00	16.71769
4.156441	10.00	-30.999	0.04338379	0.00	0.1068584	16.40259	10.00	16.64866
4.205268	10.00	-30.89787	0.04882683	0.00	0.1011299	16.33419	10.00	16.58035
4.258703	10.00	-30.80525	0.05343471	0.00	0.09261806	16.2891	10.00	16.53524
4.294797	10.00	-30.74414	0.03609467	0.00	0.06111697	16.22992	10.00	16.47613
4.348744	10.00	-30.67815	0.0539467	0.00	0.0659896	16.16071	10.00	16.40698
4.414366	10.00	-30.61124	0.06562158	0.00	0.06690138	16.0911	10.00	16.33751
4.480307	10.00	-30.54916	0.06594066	0.00	0.0620826	16.02233	10.00	16.26884
4.545454	10.00	-30.4891	0.06514717	0.00	0.060065	15.98027	10.00	16.22693
4.585915	10.00	-30.45483	0.04046083	0.00	0.03426883	15.91789	10.00	16.16479
4.646006	10.00	-30.40508	0.06009151	0.00	0.04974577	15.84762	10.00	16.09427
4.715002	10.00	-30.35292	0.06899611	0.00	0.0521599	15.77921	10.00	16.02564
4.782473	10.00	-30.30572	0.06747065	0.00	0.04720729	15.73503	10.00	15.98138
4.827673	10.00	-30.27523	0.04520048	0.00	0.03048119	15.67525	10.00	15.92144
4.889959	10.00	-30.23841	0.06228607	0.00	0.0368293	15.60678	10.00	15.85267
4.96263	10.00	-30.20253	0.07267074	0.00	0.03587543	15.53674	10.00	15.78238
5.036859	10.00	-30.17107	0.07422908	0.00	0.03146069	15.49258	10.00	15.73808
5.083639	10.00	-30.15369	0.04677943	0.00	0.01737638	15.43308	10.00	15.6784
5.148799	10.00	-30.1336	0.06516048	0.00	0.02008954	15.36438	10.00	15.60942
5.225377	10.00	-30.11928	0.07657794	0.00	0.01432462	15.29469	10.00	15.5395
5.304318	10.00	-30.10604	0.07894111	0.00	0.01323737	15.22627	10.00	15.47089
5.381845	10.00	-30.09304	0.07752674	0.00	0.0130002	15.18193	10.00	15.42642
5.432098	10.00	-30.08461	0.05025304	0.00	0.008426767	15.12118	10.00	15.3655
5.500977	10.00	-30.07644	0.06887925	0.00	0.008177831	15.05272	10.00	15.29682
5.578636	10.00	-30.06975	0.07765861	0.00	0.006685421	14.98392	10.00	15.22778
5.656729	10.00	-30.06558	0.07809367	0.00	0.004173918	14.91469	10.00	15.15838
5.73527	10.00	-30.06138	0.07854049	0.00	0.004197799	14.87186	10.00	15.11546
5.783852	10.00	-30.05878	0.04858167	0.00	0.002596573	14.81154	10.00	15.05495
5.852244	10.00	-30.05513	0.06839295	0.00	0.003655438	14.7416	10.00	14.98477
5.931542	10.00	-30.05089	0.07929807	0.00	0.00423829	14.67167	10.00	14.91462
6.010781	10.00	-30.04665	0.07923844	0.00	0.004235103	14.60373	10.00	14.84648
6.087797	10.00	-30.04254	0.07701609	0.00	0.004116324	14.55161	10.00	14.79423
6.146868	10.00	-30.03938	0.05907103	0.00	0.003157204	14.49792	10.00	14.74043
6.207676	10.00	-30.03613	0.06080792	0.00	0.003250036	14.4301	10.00	14.6724
6.284535	10.00	-30.03202	0.07685903	0.00	0.004107929	14.36129	10.00	14.60336
6.362574	10.00	-30.02785	0.07803907	0.00	0.004171	14.29226	10.00	14.53413
6.44083	10.00	-30.02367	0.07825577	0.00	0.004182581	14.24988	10.00	14.49162
6.488883	10.00	-30.0211	0.04805254	0.00	0.002568292	14.18844	10.00	14.42986
6.558639	10.00	-30.01737	0.0697561	0.00	0.003728295	14.11984	10.00	14.36093
6.636536	10.00	-30.01321	0.07789713	0.00	0.004163413	14.0511	10.00	14.29185
6.714621	10.00	-30.00649	0.07808527	0.00	0.006722151	13.98173	10.00	14.22215
6.793422	10.00	-29.99842	0.07880086	0.00	0.008069774	13.93834	10.00	14.1786
6.842663	10.00	-29.99096	0.04924098	0.00	0.00745345	13.8769	10.00	14.11697
6.912407	10.00	-29.97358	0.06974433	0.00	0.01738629	13.80923	10.00	14.04906
6.989159	10.00	-29.95319	0.07675152	0.00	0.02038566	13.74033	10.00	13.97999
7.067347	10.00	-29.92987	0.07818857	0.00	0.0233194	13.6708	10.00	13.91038
7.146186	10.00	-29.88835	0.07883865	0.00	0.04152619	13.62432	10.00	13.86373
7.199013	10.00	-29.8588	0.0528273	0.00	0.02954967	13.56734	10.00	13.80661
7.261675	10.00	-29.80988	0.06266212	0.00	0.04891926	13.49821	10.00	13.7373
7.331245	10.00	-29.72364	0.06956959	0.00	0.08623296	13.42864	10.00	13.66761
7.385766	10.00	-29.60206	0.05452062	0.00	0.1215832	13.35991	10.00	13.59868
7.429441	10.00	-29.47173	0.04367617	0.00	0.1303277	13.29079	10.00	13.52951
7.466932	10.00	-29.33947	0.03749093	0.00	0.1322588	13.24391	10.00	13.48257
7.491477	10.00	-29.24982	0.02454506	0.00	0.08965132	13.18748	10.00	13.4262
7.51892	10.00	-29.14196	0.0274422	0.00	0.1078627	13.11888	10.00	13.35766
7.547193	10.00	-29.01088	0.02827329	0.00	0.1310853	13.04849	10.00	13.28724
7.571026	10.00	-28.87619	0.02383266	0.00	0.1346822	12.97979	10.00	13.21853
7.58665	10.00	-28.74474	0.01562437	0.00	0.1314547	12.9103	10.00	13.14908
7.597304	10.00	-28.61177	0.01065418	0.00	0.132968	12.8651	10.00	13.10401
7.600043	10.00	-28.52541	0.002738739	0.00	0.08636435	12.80639	10.00	13.04539
7.600342	10.00	-28.4132	0.0002987852	0.00	0.1122071	12.73789	10.00	12.977
7.60069	10.00	-28.28231	0.0003485262	0.00	0.1308871	12.66841	10.00	12.90763
7.601044	10.00	-28.14956	0.0003535018	0.00	0.1327556	12.59919	10.00	12.83852
7.601044	10.00	-28.01738	0	0.00	0.1321781	12.53083	10.00	12.77028
7.601044	10.00	-27.88691	0	0.00	0.1304709	12.48574	10.00	12.72529
7.601044	10.00	-27.8009	0	0.00	0.08601046	12.42635	10.00	12.66591
7.601044	10.00	-27.68753	0	0.00	0.1133636	12.35714	10.00	12.59671
7.601044	10.00	-27.55539	0	0.00	0.1321399	12.28714	10.00	12.52663
7.601044	10.00	-27.42169	0	0.00	0.1337041	12.21835	10.00	12.45783
7.601044	10.00	-27.29034	0	0.00	0.1313528	12.14918	10.00	12.38861
7.601044	10.00	-27.15823	0	0.00	0.1321101	12.10215	10.00	12.34162
7.601044	10.00	-27.06845	0	0.00	0.08977164	12.04649	10.00	12.286
7.601044	10.00	-26.96217	0	0.00	0.1062844	11.97544	10.00	12.21506
7.601044	10.00	-26.82655	0	0.00	0.1356165	11.90711	10.00	12.14684
7.601044	10.00	-26.69607	0	0.00	0.1304851	11.83785	10.00	12.07772
7.601044	10.00	-26.56393	0	0.00	0.1321413	11.76893	10.00	12.00895
7.601044	10.00	-26.43234	0	0.00	0.1315906	11.69883	10.00	11.939
7.601044	10.00	-26.29854	0	0.00	0.1337975	11.65251	10.00	11.89291
7.601044	10.00	-26.21034	0	0.00	0.08820035	11.59549	10.00	11.83601
7.601044	10.00	-26.10157	0	0.00	0.1087715	11.52612	10.00	11.7666
7.601044	10.00	-25.96898	0	0.00	0.1325914	11.45749	10.00	11.69806
7.601044	10.00	-25.83801	0	0.00	0.1309706	11.38779	10.00	11.62836
7.601044	10.00	-25.70496	0	0.00	0.1330444	11.31833	10.00	11.55897
7.601044	10.00	-25.57245	0	0.00	0.1325107	11.24871	10.00	11.48937
7.601044	10.00	-25.43951	0	0.00	0.1329425	11.20142	10.00	11.44207
7.601044	10.00	-25.34918	0	0.00	0.09032655	11.1456	10.00	11.38579
7.601044	10.00	-25.24248	0	0.00	0.1067062	11.07551	10.00	11.3155
7.601044	10.00	-25.10849	0	0.00	0.1339872	11.00698	10.00	11.24669
7.601044	10.00	-24.97755	0	0.00	0.1309352	10.9377	10.00	11.17706
7.601044	10.00	-24.84505	0	0.00	0.1325065	10.86833	10.00	11.10726
7.601044	10.00	-24.71222	0	0.00	0.132825	10.8	10.00	11.03915
7.601044	10.00	-24.58168	0	0.00	0.1305374	10.73031	10.00	10.96926
7.601044	10.00	-24.44843	0	0.00	0.1332497	10.68375	10.00	10.9224
7.601044	10.00	-24.35957	0	0.00	0.08886709	10.62645	10.00	10.86475
7.601044	10.00	-24.25003	0	0.00	0.1095317	10.55777	10.00	10.79565
7.601044	10.00	-24.11841	0	0.00	0.1316246	10.48845	10.00	10.72559
7.601044	10.00	-23.98533	0	0.00	0.133077	10.42058	10.00	10.65696
7.601044	10.00	-23.85504	0	0.00	0.130294	10.35005	10.00	10.58559
7.601044	10.00	-23.7196	0	0.00	0.1354353	10.30636	10.00	10.54144
7.601044	10.00	-23.6358	0	0.00	0.08380923	10.24821	10.00	10.48264
7.601044	10.00	-23.52412	0	0.00	0.1116763	10.17914	10.00	10.41294
7.601044	10.00	-23.39167	0	0.00	0.1324442	10.10976	10.00	10.34311
7.601044	10.00	-23.2587	0	0.00	0.1329779	10.04103	10.00	10.27392
7.601044	10.00	-23.12712	0	0.00	0.1315821	9.970857	10.00	10.20328
7.601044	10.00	-22.99271	0	0.00	0.1344005	9.902161	10.00	10.13408
7.601044	10.00	-22.86116	0	0.00	0.1315581	9.856535	10.00	10.08809
7.601044	10.00	-22.77373	0	0.00	0.08743028	9.799717	10.00	10.03088
7.601044	10.00	-22.66484	0	0.00	0.1088833	9.730304	10.00	9.960947
7.601044	10.00	-22.53176	0	0.00	0.133077	9.661598	10.00	9.891776
7.601044	10.00	-22.40007	0	0.00	0.1316925	9.591803	10.00	9.821435
7.601044	10.00	-22.26629	0	0.00	0.1337805	9.523582	10.00	9.752748
7.601044	10.00	-22.13551	0	0.00	0.1307837	9.453586	10.00	9.682253
7.601044	10.00	-22.00135	0	0.00	0.1341613	9.409446	10.00	9.63784
7.601044	10.00	-21.91673	0	0.00	0.08461753	9.351555	10.00	9.579584
7.601044	10.00	-21.80572	0	0.00	0.1110067	9.282447	10.00	9.510007
7.601044	10.00	-21.6731	0	0.00	0.1326226	9.213357	10.00	9.440563
7.601044	10.00	-21.54066	0	0.00	0.1324442	9.144796	10.00	9.371557
7.601044	10.00	-21.40917	0	0.00	0.1314873	9.075481	10.00	9.301814
7.601044	10.00	-21.27627	0	0.00	0.1329014	9.006945	10.00	9.232744
7.601044	10.00	-21.14475	0	0.00	0.1315184	8.96139	10.00	9.18676
7.601044	10.00	-21.05723	0	0.00	0.08751663	8.904128	10.00	9.129011
7.601044	10.00	-20.94732	0	0.00	0.1099111	8.834678	10.00	9.059081
7.601044	10.00	-20.81398	0	0.00	0.1333403	8.765599	10.00	8.989608
7.601044	10.00	-20.68136	0	0.00	0.1326183	8.696606	10.00	8.920248
7.601044	10.00	-20.54902	0	0.00	0.132338	8.627916	10.00	8.851199
7.603944	10.00	-20.41737	0.002900219	0.00	0.1316572	8.558605	10.00	8.781569
7.608155	10.00	-20.28457	0.004211266	0.00	0.1327995	8.505651	10.00	8.728356
7.61236	10.00	-20.18301	0.004203974	0.00	0.1015592	8.455764	10.00	8.678325
7.618167	10.00	-20.08743	0.005807523	0.00	0.09558117	8.385501	10.00	8.607841
7.630258	10.00	-19.9528	0.01209094	0.00	0.1346299	8.317252	10.00	8.539551
7.645784	10.00	-19.82217	0.01552645	0.00	0.1306309	8.247838	10.00	8.469967
7.662868	10.00	-19.68927	0.01708319	0.00	0.1329014	8.179246	10.00	8.401321
7.679736	10.00	-19.55803	0.0168683	0.00	0.1312296	8.109623	10.00	8.33172
7.699436	10.00	-19.42484	0.01970069	0.00	0.1331973	8.062936	10.00	8.285074
7.712644	10.00	-19.33554	0.01320784	0.00	0.08929884	8.00672	10.00	8.228912
7.728552	10.00	-19.22799	0.01590749	0.00	0.1075513	7.93714	10.00	8.159373
7.749516	10.00	-19.09495	0.02096477	0.00	0.1330345	7.868593	10.00	8.090859
7.771456	10.00	-18.96379	0.02193919	0.00	0.1311589	7.798463	10.00	8.020633
7.796533	10.00	-18.82943	0.02507733	0.00	0.1343637	7.73013	10.00	7.952262
7.824767	10.00	-18.69853	0.02823421	0.00	0.1309041	7.660709	10.00	7.8828
7.857338	10.00	-18.56544	0.03257101	0.00	0.1330869	7.614082	10.00	7.836095
7.880916	10.00	-18.47617	0.02357753	0.00	0.08927477	7.5583	10.00	7.780344
7.910201	10.00	-18.3692	0.02928494	0.00	0.1069638	7.488726	10.00	7.710665
7.948042	10.00	-18.23571	0.03784164	0.00	0.133496	7.420097	10.00	7.641904
7.984101	10.00	-18.104	0.03605875	0.00	0.1317053	7.350923	10.00	7.572597
8.020451	10.00	-17.97123	0.0363498	0.00	0.1327684	7.282944	10.00	7.504473
8.056166	10.00	-17.84078	0.03571459	0.00	0.1304483	7.212545	10.00	7.434103
8.09307	10.00	-17.70599	0.03690441	0.00	0.1347941	7.144119	10.00	7.365747
8.128892	10.00	-17.57515	0.03582194	0.00	0.1308404	7.09977	10.00	7.321427
8.152093	10.00	-17.49041	0.023201	0.00	0.0847421	7.040709	10.00	7.262475
8.184079	10.00	-17.37757	0.03198633	0.00	0.1128399	6.971568	10.00	7.193428
8.224079	10.00	-17.24548	0.04000035	0.00	0.1320875	6.901927	10.00	7.123992
8.264338	10.00	-17.11254	0.04025756	0.00	0.1329368	6.832811	10.00	7.055085
8.3043	10.00	-16.98058	0.03996348	0.00	0.1319657	6.763103	10.00	6.985583
8.345898	10.00	-16.84747	0.04159697	0.00	0.1331039	6.694299	10.00	6.916972
8.388233	10.00	-16.71608	0.04233575	0.00	0.1313967	6.650448	10.00	6.873202
8.41685	10.00	-16.63473	0.02861701	0.00	0.08134857	6.590502	10.00	6.813243
8.456007	10.00	-16.52342	0.03915704	0.00	0.1113103	6.521492	10.00	6.744201
8.502359	10.00	-16.39912	0.04635253	0.00	0.1242989	6.452146	10.00	6.674851
8.548944	10.00	-16.2742	0.04658373	0.00	0.1249189	6.383061	10.00	6.605801
8.595347	10.00	-16.15488	0.04640424	0.00	0.1193206	6.312729	10.00	6.535456
8.642557	10.00	-16.03349	0.04720923	0.00	0.1213905	6.267156	10.00	6.489828
8.673168	10.00	-15.95478	0.03061065	0.00	0.07871008	6.210716	10.00	6.433348
8.711074	10.00	-15.85731	0.03790631	0.00	0.09746963	6.141476	10.00	6.364054
8.757608	10.00	-15.73765	0.04653401	0.00	0.1196543	6.071975	10.00	6.294568
8.804257	10.00	-15.6177	0.04664937	0.00	0.1199509	6.003015	10.00	6.225501
8.850617	10.00	-15.4985	0.04635999	0.00	0.1192068	5.933405	10.00	6.155873
8.89739	10.00	-15.37823	0.04677268	0.00	0.120268	5.864336	10.00	6.086647
8.943853	10.00	-15.25876	0.04646341	0.00	0.1194728	5.818542	10.00	6.040718
8.974697	10.00	-15.17945	0.03084335	0.00	0.07930842	5.761768	10.00	5.983759
9.012923	10.00	-15.08115	0.03822652	0.00	0.09829299	5.691967	10.00	5.913836
9.059907	10.00	-14.96423	0.0469835	0.00	0.1169245	5.623806	10.00	5.845669
9.107084	10.00	-14.85757	0.04717715	0.00	0.1066628	5.554154	10.00	5.775931
9.155327	10.00	-14.74979	0.04824294	0.00	0.1077782	5.485992	10.00	5.707596
9.202588	10.00	-14.64674	0.04726145	0.00	0.1030496	5.41629	10.00	5.637491
9.254853	10.00	-14.55035	0.05226534	0.00	0.09638753	5.371218	10.00	5.592134
9.29368	10.00	-14.49391	0.03882651	0.00	0.05644632	5.314849	10.00	5.535379
9.34751	10.00	-14.43588	0.05382967	0.00	0.05802896	5.2453	10.00	5.465359
9.415164	10.00	-14.37599	0.06765374	0.00	0.0598886	5.176428	10.00	5.396028
9.48221	10.00	-14.32049	0.06704611	0.00	0.05550303	5.10782	10.00	5.326811
9.552859	10.00	-14.26901	0.07064909	0.00	0.05147702	5.03899	10.00	5.257433
9.623746	10.00	-14.21736	0.07088698	0.00	0.05165036	4.970928	10.00	5.188709
9.695146	10.00	-14.17006	0.07139962	0.00	0.04729313	4.923787	10.00	5.141134
9.744575	10.00	-14.13732	0.04942914	0.00	0.03274049	4.8678	10.00	5.084513
9.803317	10.00	-14.10155	0.05874247	0.00	0.03577784	4.799038	10.00	5.014986
9.876717	10.00	-14.06275	0.07339928	0.00	0.03879813	4.730159	10.00	4.945336
9.950224	10.00	-14.02646	0.07350761	0.00	0.03628857	4.660875	10.00	4.875296
10.02412	10.00	-13.99127	0.07389779	0.00	0.03519096	4.593264	10.00	4.806871
10.09626	10.00	-13.95692	0.07213847	0.00	0.03435315	4.522818	10.00	4.735674
10.1714	10.00	-13.92113	0.07513741	0.00	0.03578128	4.480843	10.00	4.693279
10.21617	10.00	-13.89981	0.04477439	0.00	0.02132207	4.420743	10.00	4.632547
10.28038	10.00	-13.86924	0.06420386	0.00	0.0305746	4.35264	10.00	4.563605
10.3532	10.00	-13.83456	0.07282069	0.00	0.03467803	4.283579	10.00	4.493706
10.427	10.00	-13.79941	0.07380358	0.00	0.03514609	4.215153	10.00	4.424495
10.50013	10.00	-13.76459	0.07312686	0.00	0.03482383	4.146096	10.00	4.354776
10.57389	10.00	-13.72946	0.07376748	0.00	0.0351289	4.077757	10.00	4.285711
10.64696	10.00	-13.68956	0.07306799	0.00	0.03989875	4.034531	10.00	4.242086
10.69312	10.00	-13.66033	0.04616237	0.00	0.02923684	3.97452	10.00	4.181564
10.75716	10.00	-13.6153	0.06403586	0.00	0.04502914	3.906558	10.00	4.113053
10.82968	10.00	-13.55038	0.07251608	0.00	0.06491946	3.836661	10.00	4.042444
10.90436	10.00	-13.46135	0.07468207	0.00	0.08902519	3.769165	10.00	3.974322
10.96897	10.00	-13.36901	0.06461374	0.00	0.09233683	3.69923	10.00	3.903788
11.02425	10.00	-13.24837	0.05527275	0.00	0.1206456	3.632298	10.00	3.836938
11.07326	10.00	-13.12324	0.04901076	0.00	0.1251319	3.58693	10.00	3.791317
11.10567	10.00	-13.03662	0.03241586	0.00	0.08661874	3.529607	10.00	3.733643
11.14238	10.00	-12.92602	0.03670476	0.00	0.1105962	3.460469	10.00	3.663816
11.18155	10.00	-12.7924	0.0391712	0.00	0.133622	3.392295	10.00	3.594898
11.21888	10.00	-12.66071	0.03732882	0.00	0.1316869	3.323838	10.00	3.525517
11.25253	10.00	-12.52845	0.03365007	0.00	0.132263	3.254853	10.00	3.455635
11.28512	10.00	-12.39526	0.03259665	0.00	0.1331916	3.185732	10.00	3.385614
11.31131	10.00	-12.26185	0.02619022	0.00	0.1334054	3.142591	10.00	3.341877
11.32605	10.00	-12.17859	0.0147345	0.00	0.08326707	3.084508	10.00	3.283024
11.3437	10.00	-12.06655	0.01765539	0.00	0.1120344	3.016466	10.00	3.214345
11.36436	10.00	-11.93544	0.02066116	0.00	0.1311079	2.946668	10.00	3.143837
11.38555	10.00	-11.80102	0.02118383	0.00	0.1344246	2.878684	10.00	3.075072
11.4062	10.00	-11.66995	0.02065536	0.00	0.1310711	2.80958	10.00	3.005126
11.42726	10.00	-11.53633	0.0210569	0.00	0.1336191	2.741864	10.00	2.936669
11.44788	10.00	-11.40548	0.02062101	0.00	0.1308531	2.69919	10.00	2.893595
11.46084	10.00	-11.32322	0.01296269	0.00	0.08225635	2.638709	10.00	2.83251
11.47921	10.00	-11.20667	0.01836657	0.00	0.1165473	2.570406	10.00	2.763568
11.49356	10.00	-11.0752	0.01435336	0.00	0.1314717	2.502053	10.00	2.694613
11.49901	10.00	-10.94372	0.005442536	0.00	0.1314802	2.433225	10.00	2.625182
11.49901	10.00	-10.8113	0	0.00	0.1324187	2.363584	10.00	2.554877
11.49901	10.00	-10.67709	0	0.00	0.1342094	2.317704	10.00	2.508507
11.49901	10.00	-10.58858	0	0.00	0.08851461	2.262004	10.00	2.452192
11.49901	10.00	-10.48106	0	0.00	0.1075216	2.192317	10.00	2.381755
11.49901	10.00	-10.34675	0	0.00	0.1343085	2.123877	10.00	2.312563
11.49901	10.00	-10.21499	0	0.00	0.1317534	2.054598	10.00	2.242544
11.49901	10.00	-10.08159	0	0.00	0.1334082	1.986732	10.00	2.174063
11.49901	10.00	-9.951043	0	0.00	0.1305431	1.917343	10.00	2.104083
11.49901	10.00	-9.817833	0	0.00	0.13321	1.871633	10.00	2.057862
11.49901	10.00	-9.730078	0	0.00	0.08775586	1.814991	10.00	2.000746
11.49901	10.00	-9.621381	0	0.00	0.1086965	1.744961	10.00	1.930079
11.49901	10.00	-9.486925	0	0.00	0.1344557	1.677269	10.00	1.86166
11.49901	10.00	-9.356831	0	0.00	0.1300943	1.607845	10.00	1.791553
11.49901	10.00	-9.223427	0	0.00	0.133404	1.539504	10.00	1.722545
11.49901	10.00	-9.092126	0	0.00	0.1313004	1.470258	10.00	1.652616
11.49901	10.00	-8.959054	0	0.00	0.1330727	1.40086	10.00	1.582481
11.49901	10.00	-8.825868	0	0.00	0.133186	1.356451	10.00	1.537586
11.49901	10.00	-8.740624	0	0.00	0.08524321	1.298747	10.00	1.479242
11.49901	10.00	-8.629767	0	0.00	0.1108567	1.230493	10.00	1.41024
11.49901	10.00	-8.498514	0	0.00	0.1312537	1.160733	10.00	1.339774
11.49901	10.00	-8.364555	0	0.00	0.1339589	1.092198	10.00	1.27049
11.49901	10.00	-8.232894	0	0.00	0.1316614	1.021353	10.00	1.198871
11.49901	10.00	-8.09679	0	0.00	0.1361035	0.9754605	10.00	1.152469
11.49901	10.00	-8.008618	0	0.00	0.08817204	0.9209947	10.00	1.097379
11.49901	10.00	-7.903982	0	0.00	0.1046366	0.8510678	10.00	1.026615
11.49901	10.00	-7.769662	0	0.00	0.1343198	0.7829143	10.00	0.9573385
11.49901	10.00	-7.638431	0	0.00	0.1312311	0.7140998	10.00	0.8876529
11.49901	10.00	-7.506203	0	0.00	0.1322276	0.6455481	10.00	0.8182999
11.49901	10.00	-7.374584	0	0.00	0.1316189	0.5756522	10.00	0.7476129
11.49901	10.00	-7.240437	0	0.00	0.1341472	0.5302519	10.00	0.7017541
11.49901	10.00	-7.153357	0	0.00	0.08708063	0.4736203	10.00	0.644586
11.49901	10.00	-7.044776	0	0.00	0.1085804	0.4040025	10.00	0.5742019
11.49901	10.00	-6.911161	0	0.00	0.1336149	0.3355426	10.00	0.5048361
11.49901	10.00	-6.779514	0	0.00	0.1316472	0.266797	10.00	0.4352706
11.49901	10.00	-6.647142	0	0.00	0.132372	0.1981298	10.00	0.3656572
11.49901	10.00	-6.514801	0	0.00	0.1323409	0.1290109	10.00	0.2954521
11.48703	10.00	-6.381435	-0.01197742	0.00	0.1333658	0.08401571	10.00	0.2498354
11.47338	10.00	-6.294823	-0.01364911	0.00	0.08661208	0.0266749	10.00	0.1916616
11.45278	10.00	-6.184426	-0.02060416	0.00	0.1103966	-0.04157369	10.00	0.122356
11.41298	10.00	-6.053029	-0.03979158	0.00	0.1313981	-0.1105548	10.00	0.05226814
11.36501	10.00	-5.920102	-0.04797725	0.00	0.1329269	-0.1786657	10.00	-0.01698902
11.30621	10.00	-5.788869	-0.05880206	0.00	0.1312325	-0.248116	10.00	-0.0876988
11.24355	10.00	-5.65483	-0.06265564	0.00	0.1340396	-0.3167628	10.00	-0.157576
11.18163	10.00	-5.522368	-0.06191783	0.00	0.1324612	-0.3620685	10.00	-0.2038039
11.13897	10.00	-5.434729	-0.04266367	0.00	0.08763979	-0.418082	10.00	-0.2609391
11.08095	10.00	-5.326334	-0.05801532	0.00	0.108395	-0.487512	10.00	-0.3319604
10.99853	10.00	-5.191807	-0.08242233	0.00	0.1345265	-0.5557436	10.00	-0.4012139
10.91141	10.00	-5.060019	-0.0871245	0.00	0.1317874	-0.6247463	10.00	-0.4716735
10.81934	10.00	-4.926617	-0.09206747	0.00	0.1334026	-0.6922406	10.00	-0.5405649
10.72411	10.00	-4.795964	-0.09523062	0.00	0.1306535	-0.7614984	10.00	-0.6113566
10.61974	10.00	-4.66169	-0.1043697	0.00	0.1342731	-0.8064627	10.00	-0.6571062
10.55175	10.00	-4.574219	-0.06799091	0.00	0.08747133	-0.8618432	10.00	-0.7137585
10.46469	10.00	-4.466257	-0.08705417	0.00	0.1079618	-0.9308063	10.00	-0.7840242
10.35549	10.00	-4.332433	-0.1092041	0.00	0.1338244	-0.9983779	10.00	-0.8530822
10.24564	10.00	-4.200937	-0.1098504	0.00	0.1314958	-1.066129	10.00	-0.9225029
10.13284	10.00	-4.068969	-0.112801	0.00	0.1319686	-1.134297	10.00	-0.9922046
10.0142	10.00	-3.936186	-0.1186396	0.00	0.1327825	-1.203001	10.00	-1.062575
9.8946	10.00	-3.80233	-0.1195984	0.00	0.1338555	-1.246315	10.00	-1.10701
9.819233	10.00	-3.717979	-0.07536699	0.00	0.0843514	-1.302751	10.00	-1.164793
9.721067	10.00	-3.608112	-0.09816503	0.00	0.1098672	-1.370726	10.00	-1.234207
9.603003	10.00	-3.475972	-0.1180654	0.00	0.1321399	-1.439615	10.00	-1.304672
9.483219	10.00	-3.34191	-0.119783	0.00	0.1340622	-1.507529	10.00	-1.374124
9.375435	10.00	-3.209825	-0.1077844	0.00	0.1320847	-1.574964	10.00	-1.443184
9.298854	10.00	-3.078611	-0.07658125	0.00	0.1312141	-1.643526	10.00	-1.513188
9.298854	10.00	-2.945653	0	0.00	0.1329581	-1.686602	10.00	-1.557265
9.298854	10.00	-2.861838	0	0.00	0.0838149	-1.745262	10.00	-1.61739
9.298854	10.00	-2.747546	0	0.00	0.1142923	-1.813017	10.00	-1.686867
9.298854	10.00	-2.615457	0	0.00	0.1320889	-1.882047	10.00	-1.757454
9.298854	10.00	-2.48083	0	0.00	0.134627	-1.948567	10.00	-1.825476
9.298854	10.00	-2.350993	0	0.00	0.1298367	-2.016886	10.00	-1.895237
9.298854	10.00	-2.217712	0	0.00	0.1332808	-2.084266	10.00	-1.963869
9.298854	10.00	-2.08665	0	0.00	0.1310626	-2.129554	10.00	-2.010017
9.298854	10.00	-1.998533	0	0.00	0.08811683	-2.186178	10.00	-2.067668
9.298854	10.00	-1.888424	0	0.00	0.1101092	-2.254435	10.00	-2.137173
9.298854	10.00	-1.755694	0	0.00	0.1327302	-2.32177	10.00	-2.205984
9.298854	10.00	-1.624366	0	0.00	0.1313273	-2.39045	10.00	-2.275978
9.298854	10.00	-1.490627	0	0.00	0.1337395	-2.457542	10.00	-2.344351
9.298854	10.00	-1.359939	0	0.00	0.1306875	-2.526976	10.00	-2.41501
9.298854	10.00	-1.224654	0	0.00	0.1352853	-2.572663	10.00	-2.461577
9.298854	10.00	-1.135425	0	0.00	0.08922948	-2.626306	10.00	-2.516268
9.298854	10.00	-1.030518	0	0.00	0.104907	-2.694274	10.00	-2.585414
9.272813	10.00	-0.8978752	-0.02604042	0.00	0.1326424	-2.762946	10.00	-2.65536
9.216756	10.00	-0.7640961	-0.05605704	0.00	0.1337791	-2.830362	10.00	-2.724147
9.145183	10.00	-0.6327447	-0.07157395	0.00	0.1313514	-2.899049	10.00	-2.794133
9.060672	10.00	-0.4990364	-0.08451039	0.00	0.1337083	-2.96589	10.00	-2.862179
8.965975	10.00	-0.3691148	-0.09469718	0.00	0.1299216	-3.011605	10.00	-2.908625
8.897894	10.00	-0.2804232	-0.0680806	0.00	0.08869155	-3.068595	10.00	-2.966454
8.81201	10.00	-0.1699318	-0.08588429	0.00	0.1104914	-3.136235	10.00	-3.035003
8.71014	10.00	-0.03887483	-0.1018697	0.00	0.1310569	-3.205543	10.00	-3.10531
8.60327	10.00	0.09527374	-0.1068707	0.00	0.1341486	-3.273897	10.00	-3.174441
8.495487	10.00	0.2273556	-0.1077821	0.00	0.1320818	-3.342631	10.00	-3.243788
8.38725	10.00	0.3599951	-0.1082372	0.00	0.1326396	-3.411985	10.00	-3.313672
8.278067	10.00	0.493794	-0.1091833	0.00	0.1337989	-3.456507	10.00	-3.358631
8.207721	10.00	0.5799999	-0.07034611	0.00	0.0862058	-3.512162	10.00	-3.414833
8.115499	10.00	0.6878923	-0.09222179	0.00	0.1078924	-3.581531	10.00	-3.484599
8.000534	10.00	0.8223919	-0.1149645	0.00	0.1344996	-3.649211	10.00	-3.552757
7.888232	10.00	0.9537773	-0.1123025	0.00	0.1313854	-3.717422	10.00	-3.62144
7.775035	10.00	1.086209	-0.1131967	0.00	0.1324315	-3.785428	10.00	-3.689843
7.66213	10.00	1.218299	-0.1129051	0.00	0.1320903	-3.854207	10.00	-3.759092
7.547869	10.00	1.351976	-0.1142615	0.00	0.1336772	-3.897496	10.00	-3.802664
7.476114	10.00	1.435924	-0.07175508	0.00	0.08394796	-3.955543	10.00	-3.86115
7.379983	10.00	1.548389	-0.09613001	0.00	0.1124648	-4.023706	10.00	-3.929963
7.266858	10.00	1.680737	-0.1131253	0.00	0.132348	-4.09143	10.00	-3.998281
7.154518	10.00	1.812166	-0.11234	0.00	0.1314292	-4.160367	10.00	-4.067881
7.040154	10.00	1.945964	-0.1143643	0.00	0.1337975	-4.228417	10.00	-4.136606
6.927446	10.00	2.077823	-0.1127079	0.00	0.1318596	-4.297359	10.00	-4.206064
6.813581	10.00	2.211037	-0.1138658	0.00	0.1332143	-4.340929	10.00	-4.250329
6.741258	10.00	2.295649	-0.07232255	0.00	0.08461186	-4.398902	10.00	-4.308901
6.645606	10.00	2.407555	-0.09565207	0.00	0.1119056	-4.467657	10.00	-4.378202
6.532284	10.00	2.540132	-0.1133213	0.00	0.1325773	-4.535612	10.00	-4.446561
6.42	10.00	2.671496	-0.1122844	0.00	0.1313641	-4.604213	10.00	-4.515656
6.306636	10.00	2.804123	-0.1133637	0.00	0.1326268	-4.673445	10.00	-4.585095
6.192563	10.00	2.937581	-0.1140739	0.00	0.1334578	-4.741286	10.00	-4.653465
6.080678	10.00	3.068478	-0.1118851	0.00	0.130897	-4.783916	10.00	-4.695788
6.010637	10.00	3.15042	-0.07004055	0.00	0.08194209	-4.844513	10.00	-4.756474
5.910899	10.00	3.267106	-0.09973815	0.00	0.116686	-4.913042	10.00	-4.825017
5.798234	10.00	3.398915	-0.1126643	0.00	0.1318086	-4.981949	10.00	-4.894082
5.684912	10.00	3.531493	-0.1133225	0.00	0.1325787	-5.050652	10.00	-4.962969
5.57186	10.00	3.663755	-0.1130515	0.00	0.1322616	-5.119864	10.00	-5.032372
5.457888	10.00	3.797094	-0.1139723	0.00	0.1333389	-5.187775	10.00	-5.100489
5.346181	10.00	3.927783	-0.1117072	0.00	0.1306889	-5.231953	10.00	-5.144979
5.27332	10.00	4.013024	-0.07286099	0.00	0.08524179	-5.290315	10.00	-5.203825
5.176911	10.00	4.125815	-0.0964083	0.00	0.1127903	-5.358559	10.00	-5.272618
5.063893	10.00	4.258038	-0.1130188	0.00	0.1322234	-5.427525	10.00	-5.342962
4.949615	10.00	4.391735	-0.1142784	0.00	0.133697	-5.494821	10.00	-5.410909
4.837847	10.00	4.522495	-0.1117677	0.00	0.1307597	-5.564314	10.00	-5.480966
4.722273	10.00	4.657706	-0.1155731	0.00	0.1352117	-5.631786	10.00	-5.549034
4.610021	10.00	4.789034	-0.1122529	0.00	0.1313273	-5.674499	10.00	-5.591972
4.538651	10.00	4.87253	-0.0713691	0.00	0.08349639	-5.732085	10.00	-5.650363
4.442707	10.00	4.984778	-0.09594488	0.00	0.1122482	-5.800207	10.00	-5.719218
4.329667	10.00	5.117026	-0.1130394	0.00	0.1322474	-5.867844	10.00	-5.787882
4.216932	10.00	5.248918	-0.1127357	0.00	0.1318921	-5.936173	10.00	-5.857474
4.10288	10.00	5.382349	-0.1140509	0.00	0.1334309	-6.005006	10.00	-5.927028
3.988784	10.00	5.515833	-0.1140969	0.00	0.1334847	-6.049978	10.00	-5.972596
3.914182	10.00	5.603112	-0.07460215	0.00	0.08727881	-6.105423	10.00	-6.028906
3.822026	10.00	5.710927	-0.09215524	0.00	0.1078146	-6.173655	10.00	-6.098054
3.708854	10.00	5.84333	-0.1131725	0.00	0.1324032	-6.242113	10.00	-6.167436
3.595291	10.00	5.976191	-0.1135633	0.00	0.1328604	-6.310519	10.00	-6.236853
3.481653	10.00	6.109137	-0.1136371	0.00	0.1329467	-6.377681	10.00	-6.305122
3.369847	10.00	6.239942	-0.1118064	0.00	0.130805	-6.446725	10.00	-6.375427
3.254822	10.00	6.374513	-0.115025	0.00	0.1345704	-6.491638	10.00	-6.4212
3.180002	10.00	6.462046	-0.07481994	0.00	0.08753362	-6.547357	10.00	-6.477951
3.087248	10.00	6.570561	-0.09275418	0.00	0.1085153	-6.616653	10.00	-6.548431
2.972018	10.00	6.705371	-0.1152295	0.00	0.1348096	-6.683412	10.00	-6.616411
2.861029	10.00	6.83522	-0.1109897	0.00	0.1298495	-6.751081	10.00	-6.685332
2.748426	10.00	6.966957	-0.1126026	0.00	0.1317364	-6.819098	10.00	-6.754618
2.635242	10.00	7.099374	-0.1131846	0.00	0.1324173	-6.888107	10.00	-6.824652
2.520297	10.00	7.233851	-0.1149451	0.00	0.134477	-6.93289	10.00	-6.870175
2.445602	10.00	7.321238	-0.0746941	0.00	0.08738639	-6.988273	10.00	-6.926656
2.352842	10.00	7.42976	-0.09276023	0.00	0.1085224	-7.055912	10.00	-6.995996
2.239054	10.00	7.562884	-0.1137884	0.00	0.1331237	-7.12276	10.00	-7.064701
2.126283	10.00	7.694817	-0.1127708	0.00	0.1319332	-7.190589	10.00	-7.134195
2.012101	10.00	7.828401	-0.1141816	0.00	0.1335838	-7.257341	10.00	-7.202466
1.899987	10.00	7.959567	-0.112115	0.00	0.1311659	-7.325285	10.00	-7.271984
1.78594	10.00	8.092992	-0.1140461	0.00	0.1334252	-7.392043	10.00	-7.339855
1.674226	10.00	8.223689	-0.1117145	0.00	0.1306974	-7.434556	10.00	-7.383183
1.603054	10.00	8.306954	-0.07117188	0.00	0.08326565	-7.493441	10.00	-7.443266
1.504464	10.00	8.422297	-0.09858988	0.00	0.1153426	-7.560233	10.00	-7.511292
1.392768	10.00	8.552974	-0.1116963	0.00	0.1306762	-7.627957	10.00	-7.580264
1.279492	10.00	8.685497	-0.1132753	0.00	0.1325235	-7.696397	10.00	-7.649961
1.165154	10.00	8.819264	-0.1143389	0.00	0.1337678	-7.76492	10.00	-7.719944
1.050748	10.00	8.953111	-0.1144054	0.00	0.1338456	-7.81637	10.00	-7.772338
0.9650336	10.00	9.05339	-0.08571455	0.00	0.1002795	-7.864901	10.00	-7.821518
0.8843501	10.00	9.147783	-0.08068348	0.00	0.0943935	-7.933697	10.00	-7.891045
0.7702992	10.00	9.281215	-0.1140509	0.00	0.1334309	-8.00223	10.00	-7.960226
0.6568085	10.00	9.41399	-0.1134907	0.00	0.1327755	-8.070605	10.00	-8.02941
0.5434605	10.00	9.546598	-0.1133479	0.00	0.1326084	-8.138942	10.00	-8.098147
0.4383942	10.00	9.678482	-0.1050663	0.00	0.1318836	-8.208369	10.00	-8.167908
0.3407719	10.00	9.812417	-0.0976223	0.00	0.1339348	-8.251956	10.00	-8.21158
0.2821276	10.00	9.896214	-0.05864434	0.00	0.08379791	-8.310436	10.00	-8.270242
0.2196768	10.00	10.00882	-0.06245082	0.00	0.1126077	-8.378755	10.00	-8.338808
0.1517081	10.00	10.14058	-0.06796867	0.00	0.1317591	-8.447921	10.00	-8.408282
0.08279157	10.00	10.27418	-0.06891651	0.00	0.1335965	-8.515221	10.00	-8.475801
0.01591899	10.00	10.40381	-0.06687259	0.00	0.1296343	-8.585455	10.00	-8.546182
-0.05387161	10.00	10.5391	-0.0697906	0.00	0.1352909	-8.653466	10.00	-8.613793
-0.1212386	10.00	10.6697	-0.06736696	0.00	0.1305926	-8.699443	10.00	-8.659658
-0.1668665	10.00	10.75815	-0.04562791	0.00	0.08845091	-8.756264	10.00	-8.71637
-0.2252493	10.00	10.86723	-0.05838278	0.00	0.1090815	-8.825399	10.00	-8.785389
-0.2977103	10.00	11.00021	-0.07246101	0.00	0.1329793	-8.893983	10.00	-8.85393
-0.369693	10.00	11.13231	-0.07198276	0.00	0.1321016	-8.962869	10.00	-8.92283
-0.4422481	10.00	11.26546	-0.07255511	0.00	0.133152	-9.030757	10.00	-8.990692
-0.5137581	10.00	11.3967	-0.07150992	0.00	0.1312339	-9.099793	10.00	-9.059671
-0.5864844	10.00	11.53016	-0.07272635	0.00	0.1334663	-9.145042	10.00	-9.105096
-0.6342698	10.00	11.61786	-0.04778539	0.00	0.08769499	-9.201196	10.00	-9.161693
-0.6905015	10.00	11.72686	-0.05623163	0.00	0.1090065	-9.269569	10.00	-9.230776
-0.7565377	10.00	11.85987	-0.06603625	0.00	0.1330062	-9.336664	10.00	-9.298463
-0.7949914	10.00	11.99104	-0.0384537	0.00	0.1311744	-9.404214	10.00	-9.366729
-0.8234643	10.00	12.12305	-0.02847297	0.00	0.132011	-9.471448	10.00	-9.434953
-0.8416507	10.00	12.25463	-0.01818633	0.00	0.1315722	-9.540151	10.00	-9.50491
-0.8472105	10.00	12.38894	-0.005559789	0.00	0.1343128	-9.588856	10.00	-9.554237
-0.8472105	10.00	12.48403	0	0.00	0.09509421	-9.640912	10.00	-9.606903
-0.8472105	10.00	12.58545	0	0.00	0.1014119	-9.709023	10.00	-9.675885
-0.8472105	10.00	12.71829	0	0.00	0.1328406	-9.776716	10.00	-9.744267
-0.8472105	10.00	12.85059	0	0.00	0.1323083	-9.843795	10.00	-9.811944
-0.8472105	10.00	12.9822	0	0.00	0.1316104	-9.911307	10.00	-9.880531
-0.8472105	10.00	13.11497	0	0.00	0.1327613	-9.97965	10.00	-9.949831
-0.8472105	10.00	13.24978	0	0.00	0.1348096	-10.03209	10.00	-10.00291
-0.8472105	10.00	13.35327	0	0.00	0.1034942	-10.07961	10.00	-10.05107
-0.8472105	10.00	13.44706	0	0.00	0.09379188	-10.14583	10.00	-10.11841
-0.8472105	10.00	13.57773	0	0.00	0.1306662	-10.21239	10.00	-10.18576
-0.8472105	10.00	13.70878	0	0.00	0.1310541	-10.27977	10.00	-10.25399
-0.8472105	10.00	13.84136	0	0.00	0.1325759	-10.3473	10.00	-10.32287
-0.8472105	10.00	13.97406	0	0.00	0.1327061	-10.4146	10.00	-10.39108
-0.8472105	10.00	14.10651	0	0.00	0.1324484	-10.45952	10.00	-10.43669
-0.8472105	10.00	14.19486	0	0.00	0.08834615	-10.51414	10.00	-10.49254
-0.8472105	10.00	14.30294	0	0.00	0.1080779	-10.58213	10.00	-10.56174
-0.8472105	10.00	14.43637	0	0.00	0.1334379	-10.6489	10.00	-10.6294
-0.8472105	10.00	14.56749	0	0.00	0.1311192	-10.71698	10.00	-10.6988
-0.8472105	10.00	14.7015	0	0.00	0.1340056	-10.78334	10.00	-10.76654
-0.8472105	10.00	14.83249	0	0.00	0.1309862	-10.85172	10.00	-10.83621
-0.8472105	10.00	14.96724	0	0.00	0.1347544	-10.89773	10.00	-10.88259
-0.8472105	10.00	15.05722	0	0.00	0.08997548	-10.95121	10.00	-10.93716
-0.8472105	10.00	15.16259	0	0.00	0.1053784	-11.01825	10.00	-11.00589
-0.8472105	10.00	15.29548	0	0.00	0.1328901	-11.08525	10.00	-11.07486
-0.8472105	10.00	15.4284	0	0.00	0.1329198	-11.15168	10.00	-11.14269
-0.8472105	10.00	15.55931	0	0.00	0.1309069	-11.21835	10.00	-11.21124
-0.8472105	10.00	15.69145	0	0.00	0.1321384	-11.28547	10.00	-11.28039
-0.8472105	10.00	15.82477	0	0.00	0.1333247	-11.33037	10.00	-11.3266
-0.8472105	10.00	15.91392	0	0.00	0.08914171	-11.38486	10.00	-11.38276
-0.8472105	10.00	16.02234	0	0.00	0.1084205	-11.45166	10.00	-11.45145
-0.8472105	10.00	16.15504	0	0.00	0.1327075	-11.5177	10.00	-11.5193
-0.8472105	10.00	16.28622	0	0.00	0.1311773	-11.58501	10.00	-11.58832
-0.8472105	10.00	16.4198	0	0.00	0.1335809	-11.65124	10.00	-11.65655
-0.8472105	10.00	16.5518	0	0.00	0.1319983	-11.71832	10.00	-11.72531
-0.8472105	10.00	16.68542	0	0.00	0.1336234	-11.76171	10.00	-11.76956
-0.8472105	10.00	16.77194	0	0.00	0.08651723	-11.8161	10.00	-11.82491
-0.8472105	10.00	16.8808	0	0.00	0.1088607	-11.88189	10.00	-11.89205
-0.8472105	10.00	17.01273	0	0.00	0.1319247	-11.94823	10.00	-11.95995
-0.8472105	10.00	17.14583	0	0.00	0.1331067	-12.01442	10.00	-12.02783
-0.8472105	10.00	17.27831	0	0.00	0.1324824	-12.08154	10.00	-12.0965
-0.8472105	10.00	17.41205	0	0.00	0.133731	-12.14693	10.00	-12.1635
-0.8472105	10.00	17.54227	0	0.00	0.1302246	-12.1935	10.00	-12.21136
-0.8472105	10.00	17.63493	0	0.00	0.09266084	-12.24635	10.00	-12.26546
-0.8472105	10.00	17.73984	0	0.00	0.1049098	-12.31313	10.00	-12.33327
-0.8472105	10.00	17.87181	0	0.00	0.1319686	-12.37969	10.00	-12.40145
-0.8472105	10.00	18.00453	0	0.00	0.1327245	-12.446	10.00	-12.46907
-0.8472105	10.00	18.1362	0	0.00	0.1316671	-12.51267	10.00	-12.53724
-0.8472105	10.00	18.26892	0	0.00	0.1327217	-12.57997	10.00	-12.60654
-0.8472105	10.00	18.40307	0	0.00	0.13415	-12.62402	10.00	-12.65208
-0.8472105	10.00	18.49162	0	0.00	0.08854859	-12.67766	10.00	-12.70736
-0.8472105	10.00	18.5995	0	0.00	0.1078783	-12.74419	10.00	-12.77582
-0.8472105	10.00	18.73375	0	0.00	0.1342477	-12.80894	10.00	-12.84133
-0.8472105	10.00	18.86353	0	0.00	0.1297858	-12.87572	10.00	-12.90872
-0.8472105	10.00	18.99766	0	0.00	0.1341231	-12.94048	10.00	-12.97341
-0.8472105	10.00	19.12893	0	0.00	0.1312679	-13.00537	10.00	-13.03784
-0.8472105	10.00	19.26134	0	0.00	0.1324201	-13.04812	10.00	-13.07989
-0.8472105	10.00	19.34933	0	0.00	0.08798094	-13.10036	10.00	-13.13115
-0.8472105	10.00	19.45803	0	0.00	0.1087092	-13.16273	10.00	-13.1928
-0.8472105	10.00	19.59025	0	0.00	0.1322163	-13.22504	10.00	-13.25364
-0.8472105	10.00	19.72351	0	0.00	0.1332582	-13.28481	10.00	-13.31127
-0.8472105	10.00	19.8545	0	0.00	0.130989	-13.34494	10.00	-13.36869
-0.8472105	10.00	19.9879	0	0.00	0.1334054	-13.40358	10.00	-13.42521
-0.8472105	10.00	20.12255	0	0.00	0.1346511	-13.43796	10.00	-13.45873
-0.8472105	10.00	20.20481	0	0.00	0.08225776	-13.48331	10.00	-13.50391
-0.8472105	10.00	20.31857	0	0.00	0.1137628	-13.53365	10.00	-13.55449
-0.8472105	10.00	20.44976	0	0.00	0.1311872	-13.5821	10.00	-13.60323
-0.8472105	10.00	20.58204	0	0.00	0.1322814	-13.62742	10.00	-13.64851
-0.8472105	10.00	20.71387	0	0.00	0.1318213	-13.66967	10.00	-13.69151
-0.8472105	10.00	20.8465	0	0.00	0.1326325	-13.70948	10.00	-13.7321
-0.8472105	10.00	20.98066	0	0.00	0.1341585	-13.73396	10.00	-13.75605
-0.8472105	10.00	21.06749	0	0.00	0.08683715	-13.76264	10.00	-13.7841
-0.8472105	10.00	21.17644	0	0.00	0.1089414	-13.79556	10.00	-13.8166
-0.8472105	10.00	21.31007	0	0.00	0.1336375	-13.82542	10.00	-13.84595
-0.8472105	10.00	21.44212	0	0.00	0.1320464	-13.85306	10.00	-13.87253
-0.8472105	10.00	21.57475	0	0.00	0.1326353	-13.87813	10.00	-13.89641
-0.8472105	10.00	21.70658	0	0.00	0.1318213	-13.90116	10.00	-13.91829
-0.8472105	10.00	21.83944	0	0.00	0.1328604	-13.91625	10.00	-13.93286
-0.8472105	10.00	21.93718	0	0.00	0.09774276	-13.9303	10.00	-13.94634
-0.8472105	10.00	22.03615	0	0.00	0.09897148	-13.94772	10.00	-13.96275
-0.8472105	10.00	22.16854	0	0.00	0.1323933	-13.96375	10.00	-13.97735
-0.8472105	10.00	22.30042	0	0.00	0.1318723	-13.9785	10.00	-13.99062
-0.8472105	10.00	22.43362	0	0.00	0.1332072	-13.99198	10.00	-14.00286
-0.8472105	10.00	22.56697	0	0.00	0.1333431	-14.00392	10.00	-14.01404
-0.8472105	10.00	22.69825	0	0.00	0.1312877	-14.01044	10.00	-14.02032
-0.8497442	10.00	22.77815	-0.002533727	0.00	0.07989941	-14.01953	10.00	-14.02894
-0.8547259	10.00	22.8985	-0.004981672	0.00	0.1203467	-14.02846	10.00	-14.03725
-0.8651451	10.00	23.02854	-0.01041928	0.00	0.1300363	-14.03656	10.00	-14.045
-0.8757445	10.00	23.16082	-0.01059939	0.00	0.1322843	-14.04425	10.00	-14.05203
-0.8863378	10.00	23.29303	-0.01059327	0.00	0.1322078	-14.0511	10.00	-14.05872
-0.9009134	10.00	23.42653	-0.0145756	0.00	0.1335073	-14.05525	10.00	-14.0628
-0.9113938	10.00	23.51471	-0.01048041	0.00	0.08817629	-14.06007	10.00	-14.06747
-0.9274495	10.00	23.62326	-0.01605573	0.00	0.1085535	-14.06562	10.00	-14.0729
-0.9483162	10.00	23.75568	-0.02086662	0.00	0.1324116	-14.07106	10.00	-14.07798
-0.9741821	10.00	23.88743	-0.0258659	0.00	0.1317534	-14.07608	10.00	-14.08292
-0.9965122	10.00	24.02093	-0.02233012	0.00	0.133496	-14.08077	10.00	-14.08767
-1.020932	10.00	24.15177	-0.02442	0.00	0.1308418	-14.08541	10.00	-14.09214
-1.046873	10.00	24.2839	-0.02594038	0.00	0.1321328	-14.08977	10.00	-14.09632
-1.078184	10.00	24.41711	-0.03131096	0.00	0.1332086	-14.09247	10.00	-14.0987
-1.098678	10.00	24.5043	-0.02049477	0.00	0.08719246	-14.09558	10.00	-14.10149
-1.130581	10.00	24.61313	-0.0319029	0.00	0.1088281	-14.0991	10.00	-14.10474
-1.172037	10.00	24.74578	-0.04145629	0.00	0.1326537	-14.10246	10.00	-14.10801
-1.213936	10.00	24.87985	-0.04189868	0.00	0.1340693	-14.10566	10.00	-14.11113
-1.254921	10.00	25.011	-0.04098471	0.00	0.1311447	-14.10867	10.00	-14.11396
-1.296319	10.00	25.14347	-0.04139834	0.00	0.1324683	-14.11125	10.00	-14.1165
-1.33834	10.00	25.27793	-0.04202034	0.00	0.1344586	-14.11265	10.00	-14.11788
-1.363875	10.00	25.35963	-0.02553515	0.00	0.08170851	-14.11445	10.00	-14.1197
-1.393008	10.00	25.47414	-0.02913382	0.00	0.1145117	-14.11631	10.00	-14.1217
-1.393008	10.00	25.60572	0	0.00	0.1315765	-14.11794	10.00	-14.1235
-1.393008	10.00	25.7383	0	0.00	0.1325815	-14.11968	10.00	-14.1252
-1.393008	10.00	25.8702	0	0.00	0.1319006	-14.12145	10.00	-14.12694
-1.393008	10.00	26.00274	0	0.00	0.1325419	-14.12303	10.00	-14.12847
-1.393008	10.00	26.13528	0	0.00	0.1325348	-14.12406	10.00	-14.1294
-1.393008	10.00	26.22914	0	0.00	0.09385983	-14.12529	10.00	-14.13029
-1.393008	10.00	26.33162	0	0.00	0.102475	-14.12673	10.00	-14.1313
-1.393008	10.00	26.46572	0	0.00	0.1341019	-14.128	10.00	-14.13213
-1.393008	10.00	26.59707	0	0.00	0.1313528	-14.12925	10.00	-14.13307
-1.393008	10.00	26.72849	0	0.00	0.1314222	-14.13044	10.00	-14.13393
-1.393008	10.00	26.86244	0	0.00	0.1339504	-14.13125	10.00	-14.13444
22.37724
