0.007856352	10.00	-49.9339	0.007856352	0.00	0.06609895	28.28	10.00	28.28
0.02228025	10.00	-49.81255	0.01442389	0.00	0.1213546	28.27862	10.00	28.27869
0.02601981	10.00	-49.78108	0.003739566	0.00	0.03146261	28.27215	10.00	28.27253
0.03991371	10.00	-49.66419	0.0138939	0.00	0.1168955	28.26627	10.00	28.26679
0.04716099	10.00	-49.60321	0.00724728	0.00	0.06097456	28.25855	10.00	28.25926
0.05364842	10.00	-49.53801	0.006487426	0.00	0.06520572	28.24878	10.00	28.24968
0.06052836	10.00	-49.46886	0.006879942	0.00	0.06915093	28.23836	10.00	28.23942
0.06495631	10.00	-49.406	0.004427955	0.00	0.06285869	28.22599	10.00	28.22721
0.06576964	10.00	-49.34331	0.0008133281	0.00	0.06269002	28.21206	10.00	28.21343
0.06576964	10.00	-49.28435	0	0.00	0.05895872	28.19656	10.00	28.19807
0.06576964	10.00	-49.23484	0	0.00	0.04951329	28.17951	10.00	28.18114
0.06576964	10.00	-49.18916	0	0.00	0.04567861	28.16093	10.00	28.16266
0.06576964	10.00	-49.14924	0	0.00	0.03991497	28.14024	10.00	28.14208
0.06576964	10.00	-49.11615	0	0.00	0.0330974	28.11879	10.00	28.12073
0.06576964	10.00	-49.0875	0	0.00	0.02864839	28.09555	10.00	28.09758
0.06576964	10.00	-49.0649	0	0.00	0.02260118	28.07046	10.00	28.07255
0.06576964	10.00	-49.0459	0	0.00	0.01899646	28.04443	10.00	28.04658
0.06576964	10.00	-49.03813	0	0.00	0.007771553	28.01657	10.00	28.01878
0.06576964	10.00	-49.03813	0	0.00	0.0008164738	27.98676	10.00	27.989
0.06576964	10.00	-49.03813	0	0.00	0	27.95625	10.00	27.95851
0.06576964	10.00	-49.03813	0	0.00	0	27.92387	10.00	27.92615
0.06576964	10.00	-49.03813	0	0.00	0	27.88897	10.00	27.89126
0.06576964	10.00	-49.03813	0	0.00	0	27.85484	10.00	27.85713
0.06576964	10.00	-49.03813	0	0.00	0	27.81985	10.00	27.82213
0.06576964	10.00	-49.03813	0	0.00	0	27.78471	10.00	27.78699
0.06576964	10.00	-49.03813	0	0.00	0	27.7496	10.00	27.75188
0.06576964	10.00	-49.03813	0	0.00	0	27.7146	10.00	27.71688
0.06576964	10.00	-49.03813	0	0.00	0	27.67961	10.00	27.68188
0.06576964	10.00	-49.03813	0	0.00	0	27.64457	10.00	27.64684
0.06576964	10.00	-49.03813	0	0.00	0	27.60956	10.00	27.61184
0.06576964	10.00	-49.03813	0	0.00	0	27.57437	10.00	27.57665
0.06576964	10.00	-49.03813	0	0.00	0	27.53941	10.00	27.54168
0.06576964	10.00	-49.03813	0	0.00	0	27.50427	10.00	27.50653
0.06576964	10.00	-49.03813	0	0.00	0	27.46889	10.00	27.47116
0.06576964	10.00	-49.03813	0	0.00	0	27.43425	10.00	27.43652
0.06576964	10.00	-49.03813	0	0.00	0	27.39731	10.00	27.39957
0.06576964	10.00	-49.03813	0	0.00	0	27.36324	10.00	27.36551
0.06576964	10.00	-49.03813	0	0.00	0	27.32917	10.00	27.33142
0.06576964	10.00	-49.03813	0	0.00	0	27.29328	10.00	27.29554
0.06576964	10.00	-49.03813	0	0.00	0	27.25897	10.00	27.26123
0.06576964	10.00	-49.03813	0	0.00	0	27.22391	10.00	27.22617
0.06576964	10.00	-49.03813	0	0.00	0	27.1884	10.00	27.19065
0.06576964	10.00	-49.03813	0	0.00	0	27.1538	10.00	27.15605
0.06576964	10.00	-49.03813	0	0.00	0	27.11902	10.00	27.12126
0.06576964	10.00	-49.03813	0	0.00	0	27.08336	10.00	27.0856
0.06576964	10.00	-49.03813	0	0.00	0	27.04868	10.00	27.05092
0.06576964	10.00	-49.03813	0	0.00	0	27.0132	10.00	27.01544
0.06576964	10.00	-49.03813	0	0.00	0	26.97868	10.00	26.98092
0.06576964	10.00	-49.03813	0	0.00	0	26.94118	10.00	26.94341
0.06576964	10.00	-49.03813	0	0.00	0	26.90827	10.00	26.9105
0.06576964	10.00	-49.03813	0	0.00	0	26.87337	10.00	26.8756
0.06576964	10.00	-49.03813	0	0.00	0	26.83838	10.00	26.84061
0.06576964	10.00	-49.03813	0	0.00	0	26.80325	10.00	26.80548
0.06576964	10.00	-49.03813	0	0.00	0	26.76825	10.00	26.77048
0.06576964	10.00	-49.03813	0	0.00	0	26.73315	10.00	26.73537
0.06576964	10.00	-49.03813	0	0.00	0	26.69813	10.00	26.70035
0.06576964	10.00	-49.03813	0	0.00	0	26.66325	10.00	26.66547
0.06576964	10.00	-49.03813	0	0.00	0	26.62803	10.00	26.63025
0.06576964	10.00	-49.03813	0	0.00	0	26.59127	10.00	26.59349
0.06576964	10.00	-49.03813	0	0.00	0	26.55772	10.00	26.55993
0.06576964	10.00	-49.03813	0	0.00	0	26.52283	10.00	26.52504
0.06576964	10.00	-49.03813	0	0.00	0	26.48787	10.00	26.49008
0.06576964	10.00	-49.03813	0	0.00	0	26.45277	10.00	26.45498
0.06576964	10.00	-49.03813	0	0.00	0	26.41759	10.00	26.4198
0.06576964	10.00	-49.03813	0	0.00	0	26.38113	10.00	26.38333
0.06576964	10.00	-49.03813	0	0.00	0	26.34769	10.00	26.3499
0.06576964	10.00	-49.03813	0	0.00	0	26.31253	10.00	26.31474
0.06576964	10.00	-49.03813	0	0.00	0	26.27735	10.00	26.27955
0.06576964	10.00	-49.03813	0	0.00	0	26.24242	10.00	26.24461
0.06576964	10.00	-49.03813	0	0.00	0.0001754316	26.20751	10.00	26.2097
0.06576964	10.00	-49.03094	0	0.00	0.007187114	26.17241	10.00	26.1746
0.06576964	10.00	-49.01731	0	0.00	0.01363323	26.12028	10.00	26.12247
0.06576964	10.00	-48.98278	0	0.00	0.03452374	26.06691	10.00	26.0691
0.06576964	10.00	-48.93379	0	0.00	0.04899042	26.03199	10.00	26.03418
0.06576964	10.00	-48.88834	0	0.00	0.04544903	25.99766	10.00	25.99984
0.06576964	10.00	-48.83489	0	0.00	0.05345517	25.96255	10.00	25.96473
0.06576964	10.00	-48.77125	0	0.00	0.06363682	25.92762	10.00	25.9298
0.06576964	10.00	-48.70666	0	0.00	0.06459124	25.89237	10.00	25.89454
0.06576964	10.00	-48.64018	0	0.00	0.06647974	25.85748	10.00	25.85966
0.06576964	10.00	-48.5744	0	0.00	0.06577761	25.82247	10.00	25.82464
0.06576964	10.00	-48.50838	0	0.00	0.06602392	25.78757	10.00	25.78974
0.06576964	10.00	-48.44257	0	0.00	0.06581442	25.75241	10.00	25.75458
0.06576964	10.00	-48.37627	0	0.00	0.06629005	25.71712	10.00	25.71929
0.06576964	10.00	-48.30973	0	0.00	0.06654768	25.68138	10.00	25.68355
0.06576964	10.00	-48.24233	0	0.00	0.06739704	25.64645	10.00	25.64862
0.06576964	10.00	-48.17646	0	0.00	0.06586821	25.61155	10.00	25.61371
0.06576964	10.00	-48.11066	0	0.00	0.0658031	25.57601	10.00	25.57817
0.06576964	10.00	-48.04364	0	0.00	0.06702474	25.54152	10.00	25.54367
0.06576964	10.00	-47.9786	0	0.00	0.06503868	25.50651	10.00	25.50866
0.06576964	10.00	-47.91257	0	0.00	0.06602392	25.47143	10.00	25.47359
0.06576964	10.00	-47.84644	0	0.00	0.06613717	25.43634	10.00	25.43849
0.06576964	10.00	-47.78026	0	0.00	0.06617256	25.4013	10.00	25.40345
0.06576964	10.00	-47.71418	0	0.00	0.06607913	25.36556	10.00	25.36771
0.06576964	10.00	-47.64679	0	0.00	0.06738996	25.33041	10.00	25.33255
0.06576964	10.00	-47.58051	0	0.00	0.06628722	25.29608	10.00	25.29823
0.06576964	10.00	-47.51579	0	0.00	0.06471876	25.26092	10.00	25.26306
0.06576964	10.00	-47.44947	0	0.00	0.06631553	25.22495	10.00	25.22709
0.06576964	10.00	-47.38164	0	0.00	0.06783161	25.19119	10.00	25.19333
0.06576964	10.00	-47.31799	0	0.00	0.06364717	25.15571	10.00	25.15785
0.06576964	10.00	-47.25109	0	0.00	0.06689875	25.12085	10.00	25.12299
0.06576964	10.00	-47.18535	0	0.00	0.06574222	25.08486	10.00	25.08699
0.06576964	10.00	-47.11748	0	0.00	0.0678755	25.05087	10.00	25.053
0.06576964	10.00	-47.0534	0	0.00	0.06407609	25.01571	10.00	25.01783
0.06576964	10.00	-46.98708	0	0.00	0.06632119	24.98071	10.00	24.98283
0.06576964	10.00	-46.92109	0	0.00	0.06598995	24.94573	10.00	24.94786
0.06576964	10.00	-46.85513	0	0.00	0.06595456	24.91067	10.00	24.91279
0.06576964	10.00	-46.78902	0	0.00	0.06611169	24.87526	10.00	24.87738
0.06576964	10.00	-46.72224	0	0.00	0.06678126	24.84051	10.00	24.84263
0.06576964	10.00	-46.65672	0	0.00	0.06552281	24.80528	10.00	24.80739
0.06576964	10.00	-46.59029	0	0.00	0.06643444	24.76987	10.00	24.77199
0.06576964	10.00	-46.52353	0	0.00	0.06675861	24.73547	10.00	24.73759
0.06576964	10.00	-46.45865	0	0.00	0.06487165	24.69998	10.00	24.70208
0.06576964	10.00	-46.39172	0	0.00	0.06693555	24.66422	10.00	24.66633
0.06576964	10.00	-46.3243	0	0.00	0.06741969	24.62975	10.00	24.63186
0.06576964	10.00	-46.25929	0	0.00	0.06500895	24.59469	10.00	24.5968
0.06576964	10.00	-46.19319	0	0.00	0.06609754	24.5589	10.00	24.561
0.06576964	10.00	-46.12569	0	0.00	0.06750745	24.52511	10.00	24.52721
0.06576964	10.00	-46.06197	0	0.00	0.0637137	24.48985	10.00	24.49194
0.06576964	10.00	-45.99548	0	0.00	0.06649107	24.45506	10.00	24.45715
0.06576964	10.00	-45.92988	0	0.00	0.06560066	24.4199	10.00	24.42199
0.06576964	10.00	-45.86358	0	0.00	0.06629996	24.38478	10.00	24.38687
0.06576964	10.00	-45.79736	0	0.00	0.06622069	24.34977	10.00	24.35186
0.06576964	10.00	-45.73135	0	0.00	0.06601401	24.31475	10.00	24.31684
0.06576964	10.00	-45.66531	0	0.00	0.06602959	24.27985	10.00	24.28194
0.06576964	10.00	-45.5995	0	0.00	0.06581442	24.24469	10.00	24.24677
0.06576964	10.00	-45.5332	0	0.00	0.06630138	24.20961	10.00	24.2117
0.06576964	10.00	-45.46705	0	0.00	0.06614708	24.17295	10.00	24.17504
0.06576964	10.00	-45.39793	0	0.00	0.06912545	24.13958	10.00	24.14166
0.06576964	10.00	-45.335	0	0.00	0.0629224	24.10463	10.00	24.1067
0.06576964	10.00	-45.26908	0	0.00	0.06592058	24.06913	10.00	24.07121
0.06576964	10.00	-45.20215	0	0.00	0.06693414	24.0345	10.00	24.03657
0.06576964	10.00	-45.13684	0	0.00	0.06530622	23.99913	10.00	24.00121
0.06576964	10.00	-45.07017	0	0.00	0.06667792	23.96422	10.00	23.9663
0.06576964	10.00	-45.00434	0	0.00	0.06582999	23.92905	10.00	23.93112
0.06576964	10.00	-44.93801	0	0.00	0.06632827	23.89403	10.00	23.8961
0.06576964	10.00	-44.87198	0	0.00	0.06602675	23.85833	10.00	23.86039
0.06576964	10.00	-44.80465	0	0.00	0.06732909	23.8238	10.00	23.82587
0.06576964	10.00	-44.73956	0	0.00	0.06509531	23.78895	10.00	23.79101
0.06576964	10.00	-44.67382	0	0.00	0.06573798	23.75295	10.00	23.75501
0.06576964	10.00	-44.60595	0	0.00	0.06787408	23.71875	10.00	23.72081
0.06576964	10.00	-44.54145	0	0.00	0.06449793	23.68379	10.00	23.68585
0.06576964	10.00	-44.47553	0	0.00	0.06591492	23.64889	10.00	23.65095
0.06576964	10.00	-44.40973	0	0.00	0.06580593	23.61378	10.00	23.61583
0.06576964	10.00	-44.34351	0	0.00	0.06621927	23.57857	10.00	23.58063
0.06576964	10.00	-44.27712	0	0.00	0.06638348	23.54342	10.00	23.54547
0.06576964	10.00	-44.21084	0	0.00	0.06628439	23.5086	10.00	23.51065
0.06576964	10.00	-44.14518	0	0.00	0.06565304	23.47355	10.00	23.47559
0.06576964	10.00	-44.07907	0	0.00	0.06611169	23.43917	10.00	23.44121
0.06576964	10.00	-44.01426	0	0.00	0.06481785	23.40417	10.00	23.40621
0.06576964	10.00	-43.94825	0	0.00	0.06600977	23.36916	10.00	23.3712
0.06576964	10.00	-43.88224	0	0.00	0.06600127	23.33384	10.00	23.33589
0.06576964	10.00	-43.81565	0	0.00	0.0665944	23.29892	10.00	23.30095
0.06576964	10.00	-43.74978	0	0.00	0.06586821	23.26391	10.00	23.26595
0.06576964	10.00	-43.68378	0	0.00	0.06600127	23.22886	10.00	23.2309
0.06576964	10.00	-43.61768	0	0.00	0.06609895	23.19292	10.00	23.19496
0.06576964	10.00	-43.54992	0	0.00	0.06776367	23.15848	10.00	23.16051
0.06576964	10.00	-43.48497	0	0.00	0.06494384	23.12309	10.00	23.12512
0.06576964	10.00	-43.41824	0	0.00	0.06673879	23.08689	10.00	23.08893
0.06576964	10.00	-43.34999	0	0.00	0.06824355	23.05297	10.00	23.055
0.06576964	10.00	-43.28601	0	0.00	0.06397983	23.01791	10.00	23.01994
0.06576964	10.00	-43.21991	0	0.00	0.06610744	22.9829	10.00	22.98492
0.06576964	10.00	-43.15388	0	0.00	0.06602251	22.94758	10.00	22.94961
0.06576964	10.00	-43.08729	0	0.00	0.06659157	22.91263	10.00	22.91465
0.06576964	10.00	-43.02138	0	0.00	0.06590784	22.87768	10.00	22.8797
0.06576964	10.00	-42.95547	0	0.00	0.06591492	22.84278	10.00	22.8448
0.06576964	10.00	-42.88967	0	0.00	0.06580026	22.80765	10.00	22.80967
0.06576964	10.00	-42.82343	0	0.00	0.06624334	22.77258	10.00	22.77459
0.06576964	10.00	-42.75729	0	0.00	0.06613293	22.73761	10.00	22.73963
0.06576964	10.00	-42.69136	0	0.00	0.06592766	22.70068	10.00	22.70269
0.06576964	10.00	-42.62172	0	0.00	0.06964639	22.66714	10.00	22.66915
0.06576964	10.00	-42.55847	0	0.00	0.06325081	22.63243	10.00	22.63444
0.06576964	10.00	-42.49303	0	0.00	0.06543646	22.59749	10.00	22.59949
0.06576964	10.00	-42.42713	0	0.00	0.06590218	22.56066	10.00	22.56267
0.06576964	10.00	-42.35769	0	0.00	0.06944112	22.52731	10.00	22.52932
0.06576964	10.00	-42.2948	0	0.00	0.06288134	22.49218	10.00	22.49417
0.06576964	10.00	-42.22855	0	0.00	0.06625749	22.45676	10.00	22.45876
0.06576964	10.00	-42.16177	0	0.00	0.06678126	22.42216	10.00	22.42415
0.06576964	10.00	-42.09652	0	0.00	0.06525102	22.38713	10.00	22.38912
0.06576964	10.00	-42.03045	0	0.00	0.06606639	22.35066	10.00	22.35265
0.06576964	10.00	-41.96169	0	0.00	0.06875457	22.31702	10.00	22.31901
0.06576964	10.00	-41.89826	0	0.00	0.06343342	22.28201	10.00	22.28399
0.06576964	10.00	-41.83223	0	0.00	0.06602675	22.2444	10.00	22.24639
0.06576964	10.00	-41.76132	0	0.00	0.07091333	22.21171	10.00	22.2137
0.06576964	10.00	-41.69969	0	0.00	0.0616328	22.17674	10.00	22.17872
0.06576964	10.00	-41.63374	0	0.00	0.06594748	22.14183	10.00	22.14381
0.06576964	10.00	-41.56791	0	0.00	0.06583282	22.10677	10.00	22.10876
0.06576964	10.00	-41.50181	0	0.00	0.06609895	22.07162	10.00	22.07361
0.06576964	10.00	-41.43553	0	0.00	0.06627873	22.0366	10.00	22.03858
0.06576964	10.00	-41.36949	0	0.00	0.06604374	22.0015	10.00	22.00348
0.06576964	10.00	-41.3033	0	0.00	0.06619238	21.9664	10.00	21.96838
0.06576964	10.00	-41.23712	0	0.00	0.06617115	21.93156	10.00	21.93353
0.06576964	10.00	-41.17142	0	0.00	0.06570542	21.89643	10.00	21.89841
0.06576964	10.00	-41.10518	0	0.00	0.06623909	21.86121	10.00	21.86318
0.06576964	10.00	-41.03876	0	0.00	0.06642029	21.82619	10.00	21.82815
0.06576964	10.00	-40.97271	0	0.00	0.06604657	21.79128	10.00	21.79325
0.06576964	10.00	-40.9069	0	0.00	0.065813	21.75633	10.00	21.75829
0.06576964	10.00	-40.84098	0	0.00	0.06591634	21.72115	10.00	21.72312
0.06576964	10.00	-40.77466	0	0.00	0.06632544	21.68591	10.00	21.68788
0.06576964	10.00	-40.70821	0	0.00	0.06644435	21.64961	10.00	21.65156
0.06576964	10.00	-40.63974	0	0.00	0.06846862	21.61604	10.00	21.61801
0.06576964	10.00	-40.57647	0	0.00	0.06327488	21.58075	10.00	21.58271
0.06576964	10.00	-40.50991	0	0.00	0.06655476	21.54562	10.00	21.54758
0.06576964	10.00	-40.44367	0	0.00	0.06624334	21.51088	10.00	21.51283
0.06576964	10.00	-40.37815	0	0.00	0.06551715	21.47571	10.00	21.47766
0.06576964	10.00	-40.31183	0	0.00	0.06632119	21.43959	10.00	21.44154
0.06576964	10.00	-40.24373	0	0.00	0.06809916	21.40571	10.00	21.40766
0.06576964	10.00	-40.17984	0	0.00	0.06389207	21.37062	10.00	21.37256
0.06576964	10.00	-40.11367	0	0.00	0.06617398	21.33534	10.00	21.33728
0.06576964	10.00	-40.04714	0	0.00	0.06652928	21.3005	10.00	21.30244
0.06576964	10.00	-39.98145	0	0.00	0.06569268	21.2653	10.00	21.26724
0.06576964	10.00	-39.91507	0	0.00	0.06637216	21.23039	10.00	21.23233
0.06576964	10.00	-39.84925	0	0.00	0.06582575	21.19535	10.00	21.1973
0.06576964	10.00	-39.78319	0	0.00	0.06605931	21.16013	10.00	21.16207
0.06576964	10.00	-39.71676	0	0.00	0.06642453	21.12522	10.00	21.12715
0.06576964	10.00	-39.65092	0	0.00	0.06584556	21.09013	10.00	21.09206
0.06576964	10.00	-39.58476	0	0.00	0.06615982	21.055	10.00	21.05694
0.06576964	10.00	-39.51853	0	0.00	0.06623201	21.02009	10.00	21.02202
0.06576964	10.00	-39.4527	0	0.00	0.06582999	20.98499	10.00	20.98692
0.06576964	10.00	-39.3865	0	0.00	0.06619663	20.9497	10.00	20.95162
0.06576964	10.00	-39.31995	0	0.00	0.06655052	20.91475	10.00	20.91667
0.06576964	10.00	-39.25405	0	0.00	0.06589793	20.87981	10.00	20.88173
0.06576964	10.00	-39.18817	0	0.00	0.06587954	20.84233	10.00	20.84426
0.06576964	10.00	-39.1175	0	0.00	0.07066843	20.80977	10.00	20.8117
0.06576964	10.00	-39.05611	0	0.00	0.06139782	20.77466	10.00	20.77658
0.06576964	10.00	-38.98991	0	0.00	0.06620087	20.73935	10.00	20.74126
0.06576964	10.00	-38.92331	0	0.00	0.06659298	20.70466	10.00	20.70658
0.06576964	10.00	-38.85791	0	0.00	0.06540249	20.66966	10.00	20.67157
0.06576964	10.00	-38.7919	0	0.00	0.06601401	20.63468	10.00	20.63659
0.06576964	10.00	-38.72594	0	0.00	0.06595597	20.59935	10.00	20.60125
0.06576964	10.00	-38.65931	0	0.00	0.06662696	20.56452	10.00	20.56642
0.06576964	10.00	-38.59364	0	0.00	0.06567286	20.52926	10.00	20.53116
0.06576964	10.00	-38.52715	0	0.00	0.06649248	20.49425	10.00	20.49615
0.06576964	10.00	-38.46113	0	0.00	0.06601685	20.45935	10.00	20.46124
0.06576964	10.00	-38.39532	0	0.00	0.06581017	20.42433	10.00	20.42623
0.06576964	10.00	-38.32928	0	0.00	0.06603383	20.38833	10.00	20.39023
0.06576964	10.00	-38.26141	0	0.00	0.06787691	20.35426	10.00	20.35615
0.06576964	10.00	-38.19715	0	0.00	0.06425729	20.31891	10.00	20.3208
0.06576964	10.00	-38.1305	0	0.00	0.06665244	20.28415	10.00	20.28604
0.06576964	10.00	-38.06495	0	0.00	0.06555254	20.24876	10.00	20.25064
0.06576964	10.00	-37.99821	0	0.00	0.06673738	20.21399	10.00	20.21587
0.06576964	10.00	-37.93265	0	0.00	0.0655582	20.17896	10.00	20.18085
0.06576964	10.00	-37.86661	0	0.00	0.06603808	20.14379	10.00	20.14567
0.06576964	10.00	-37.80028	0	0.00	0.06633393	20.10883	10.00	20.11071
0.06576964	10.00	-37.73436	0	0.00	0.06591917	20.07351	10.00	20.07538
0.06576964	10.00	-37.66775	0	0.00	0.06661422	20.03617	10.00	20.03805
0.06576964	10.00	-37.59735	0	0.00	0.07039664	20.00365	10.00	20.00553
0.06576964	10.00	-37.53604	0	0.00	0.06131288	19.96853	10.00	19.97041
0.06576964	10.00	-37.46981	0	0.00	0.06622918	19.93322	10.00	19.93509
0.06576964	10.00	-37.40321	0	0.00	0.06659582	19.89859	10.00	19.90045
0.06576964	10.00	-37.33791	0	0.00	0.06530056	19.86342	10.00	19.86528
0.06576964	10.00	-37.27159	0	0.00	0.06631836	19.82847	10.00	19.83033
0.06576964	10.00	-37.2057	0	0.00	0.06589793	19.79344	10.00	19.7953
0.06576964	10.00	-37.13963	0	0.00	0.06606214	19.75838	10.00	19.76024
0.06576964	10.00	-37.07353	0	0.00	0.06610037	19.72287	10.00	19.72473
0.06576964	10.00	-37.00657	0	0.00	0.06696528	19.68823	10.00	19.69009
0.06576964	10.00	-36.94126	0	0.00	0.06530481	19.65316	10.00	19.65502
0.06576964	10.00	-36.87513	0	0.00	0.06613434	19.61819	10.00	19.62005
0.06576964	10.00	-36.80918	0	0.00	0.06594465	19.58311	10.00	19.58497
0.06576964	10.00	-36.74304	0	0.00	0.06614567	19.54799	10.00	19.54984
0.06576964	10.00	-36.67681	0	0.00	0.06622776	19.51301	10.00	19.51486
0.06576964	10.00	-36.61085	0	0.00	0.06596164	19.4779	10.00	19.47975
0.06576964	10.00	-36.54463	0	0.00	0.06621502	19.44242	10.00	19.44427
0.06576964	10.00	-36.47775	0	0.00	0.06688884	19.40763	10.00	19.40947
0.06576964	10.00	-36.41212	0	0.00	0.06561907	19.3726	10.00	19.37445
0.06576964	10.00	-36.34608	0	0.00	0.06604091	19.33758	10.00	19.33942
0.06576964	10.00	-36.28004	0	0.00	0.06604233	19.30268	10.00	19.30452
0.06576964	10.00	-36.21424	0	0.00	0.06579885	19.26768	10.00	19.26952
0.06576964	10.00	-36.14823	0	0.00	0.0660126	19.23253	10.00	19.23437
0.06576964	10.00	-36.08196	0	0.00	0.06627306	19.19751	10.00	19.19934
0.06576964	10.00	-36.01591	0	0.00	0.06604091	19.1622	10.00	19.16403
0.06576964	10.00	-35.94933	0	0.00	0.06658591	19.12617	10.00	19.128
0.06576964	10.00	-35.88139	0	0.00	0.06793637	19.0924	10.00	19.09422
0.06576964	10.00	-35.81771	0	0.00	0.0636868	19.05737	10.00	19.05919
0.06576964	10.00	-35.75166	0	0.00	0.0660494	19.02208	10.00	19.0239
0.06576964	10.00	-35.68512	0	0.00	0.06654344	18.98729	10.00	18.98911
0.06576964	10.00	-35.61951	0	0.00	0.06560066	18.95224	10.00	18.95407
0.06576964	10.00	-35.55343	0	0.00	0.06608055	18.91597	10.00	18.91779
0.06576964	10.00	-35.48503	0	0.00	0.06840351	18.88178	10.00	18.8836
0.06576964	10.00	-35.42055	0	0.00	0.0644767	18.8472	10.00	18.84901
0.06576964	10.00	-35.35535	0	0.00	0.06520572	18.81101	10.00	18.81282
0.06576964	10.00	-35.28711	0	0.00	0.06824213	18.77704	10.00	18.77886
0.06576964	10.00	-35.22306	0	0.00	0.06404353	18.74196	10.00	18.74377
0.06576964	10.00	-35.1569	0	0.00	0.06616407	18.70677	10.00	18.70858
0.06576964	10.00	-35.09055	0	0.00	0.06634951	18.67151	10.00	18.67332
0.06576964	10.00	-35.02406	0	0.00	0.06649107	18.5932	10.00	18.595
0.06576964	10.00	-34.87638	0	0.00	0.1476772	18.53135	10.00	18.53315
0.06576964	10.00	-34.75977	0	0.00	0.1166124	18.49645	10.00	18.49825
0.06576964	10.00	-34.69396	0	0.00	0.06580734	18.46134	10.00	18.46314
0.06576964	10.00	-34.62775	0	0.00	0.06621078	18.42631	10.00	18.4281
0.06576964	10.00	-34.56168	0	0.00	0.06606498	18.39138	10.00	18.39317
0.06576964	10.00	-34.49583	0	0.00	0.06585406	18.35597	10.00	18.35776
0.06576964	10.00	-34.42905	0	0.00	0.06677701	18.32075	10.00	18.32254
0.06576964	10.00	-34.36264	0	0.00	0.06641462	18.28623	10.00	18.28802
0.06576964	10.00	-34.29755	0	0.00	0.06509106	18.25108	10.00	18.25287
0.06576964	10.00	-34.23127	0	0.00	0.06628014	18.21423	10.00	18.21601
0.06576964	10.00	-34.16177	0	0.00	0.06949633	18.18096	10.00	18.18274
0.06576964	10.00	-34.09904	0	0.00	0.06273129	18.14592	10.00	18.14769
0.06576964	10.00	-34.03296	0	0.00	0.06608055	18.11099	10.00	18.11277
0.06576964	10.00	-33.96711	0	0.00	0.06585123	18.07601	10.00	18.07779
0.06576964	10.00	-33.90114	0	0.00	0.06596447	18.04055	10.00	18.04232
0.06576964	10.00	-33.83426	0	0.00	0.06687893	18.00567	10.00	18.00744
0.06576964	10.00	-33.7685	0	0.00	0.06576487	17.97077	10.00	17.97253
0.06576964	10.00	-33.70268	0	0.00	0.06581867	17.93545	10.00	17.93721
0.06576964	10.00	-33.63609	0	0.00	0.06659723	17.90069	10.00	17.90246
0.06576964	10.00	-33.57055	0	0.00	0.06553272	17.86568	10.00	17.86744
0.06576964	10.00	-33.50452	0	0.00	0.06602675	17.83046	10.00	17.83223
0.06576964	10.00	-33.43812	0	0.00	0.06640047	17.79562	10.00	17.79738
0.06576964	10.00	-33.37241	0	0.00	0.06571108	17.76056	10.00	17.76232
0.06576964	10.00	-33.3063	0	0.00	0.06610603	17.72548	10.00	17.72724
0.06576964	10.00	-33.24015	0	0.00	0.06615133	17.69041	10.00	17.69216
0.06576964	10.00	-33.17402	0	0.00	0.06614	17.65549	10.00	17.65724
0.06576964	10.00	-33.10818	0	0.00	0.0658399	17.61827	10.00	17.62002
0.06576964	10.00	-33.03799	0	0.00	0.07018997	17.58525	10.00	17.587
0.06576964	10.00	-32.97572	0	0.00	0.06226274	17.55045	10.00	17.5522
0.06576964	10.00	-32.91011	0	0.00	0.06561624	17.51516	10.00	17.5169
0.06576964	10.00	-32.84356	0	0.00	0.06654627	17.47999	10.00	17.48174
0.06576964	10.00	-32.77725	0	0.00	0.06631128	17.44506	10.00	17.4468
0.06576964	10.00	-32.71137	0	0.00	0.06587529	17.40981	10.00	17.41155
0.06576964	10.00	-32.64491	0	0.00	0.06646842	17.3751	10.00	17.37683
0.06576964	10.00	-32.57944	0	0.00	0.06545911	17.33986	10.00	17.3416
0.06576964	10.00	-32.51301	0	0.00	0.06643869	17.30477	10.00	17.30651
0.06576964	10.00	-32.44683	0	0.00	0.06617115	17.26953	10.00	17.27126
0.06576964	10.00	-32.38039	0	0.00	0.0664486	17.23459	10.00	17.23631
0.06576964	10.00	-32.31449	0	0.00	0.0658951	17.19939	10.00	17.20111
0.06576964	10.00	-32.24812	0	0.00	0.0663764	17.16459	10.00	17.16632
0.06576964	10.00	-32.18251	0	0.00	0.06560633	17.12958	10.00	17.1313
0.06576964	10.00	-32.11648	0	0.00	0.06603242	17.09446	10.00	17.09618
0.06576964	10.00	-32.05026	0	0.00	0.06621644	17.0594	10.00	17.06112
0.06576964	10.00	-31.98415	0	0.00	0.06611169	17.02427	10.00	17.02599
0.06576964	10.00	-31.91791	0	0.00	0.06623767	16.98937	10.00	16.99109
0.06576964	10.00	-31.8521	0	0.00	0.065813	16.95436	10.00	16.95608
0.06576964	10.00	-31.78608	0	0.00	0.06601968	16.91953	10.00	16.92124
0.06576964	10.00	-31.7204	0	0.00	0.06567711	16.88444	10.00	16.88615
0.06576964	10.00	-31.65423	0	0.00	0.06616832	16.84921	10.00	16.85092
0.06576964	10.00	-31.58779	0	0.00	0.06644011	16.81405	10.00	16.81575
0.06576964	10.00	-31.52149	0	0.00	0.06630138	16.77914	10.00	16.78084
0.06576964	10.00	-31.45566	0	0.00	0.06583141	16.74405	10.00	16.74575
0.06576964	10.00	-31.3895	0	0.00	0.06616407	16.70786	10.00	16.70956
0.06576964	10.00	-31.32126	0	0.00	0.06824072	16.67403	10.00	16.67573
0.06576964	10.00	-31.25747	0	0.00	0.06378023	16.63888	10.00	16.64057
0.06576964	10.00	-31.19118	0	0.00	0.06629854	16.60204	10.00	16.60374
0.06576964	10.00	-31.12173	0	0.00	0.06945245	16.56877	10.00	16.57046
0.06576964	10.00	-31.05897	0	0.00	0.06275111	16.53353	10.00	16.53522
0.06576964	10.00	-30.99253	0	0.00	0.06644294	16.49857	10.00	16.50026
0.06576964	10.00	-30.92661	0	0.00	0.06592342	16.46364	10.00	16.46533
0.06576964	10.00	-30.86074	0	0.00	0.06586255	16.42858	10.00	16.43026
0.06576964	10.00	-30.79461	0	0.00	0.06613009	16.3936	10.00	16.39528
0.06576964	10.00	-30.72867	0	0.00	0.06594606	16.35854	10.00	16.36022
0.06576964	10.00	-30.66255	0	0.00	0.06611594	16.32343	10.00	16.32511
0.06576964	10.00	-30.59636	0	0.00	0.06619663	16.2885	10.00	16.29018
0.06576964	10.00	-30.53049	0	0.00	0.06586538	16.25336	10.00	16.25503
0.06576964	10.00	-30.46421	0	0.00	0.06628297	16.21823	10.00	16.2199
0.06576964	10.00	-30.39798	0	0.00	0.06622635	16.18334	10.00	16.18501
0.06576964	10.00	-30.33218	0	0.00	0.06579743	16.14822	10.00	16.14988
0.06576964	10.00	-30.26595	0	0.00	0.06623343	16.11306	10.00	16.11472
0.06576964	10.00	-30.19966	0	0.00	0.06628864	16.07827	10.00	16.07993
0.06576964	10.00	-30.13406	0	0.00	0.06560633	16.04272	10.00	16.04438
0.06576964	10.00	-30.06702	0	0.00	0.06703748	16.00792	10.00	16.00958
0.06576964	10.00	-30.0014	0	0.00	0.06561765	15.97261	10.00	15.97426
0.06576964	10.00	-29.93481	0	0.00	0.06658591	15.93786	10.00	15.93951
0.06576964	10.00	-29.86928	0	0.00	0.06552989	15.90184	10.00	15.90349
0.06576964	10.00	-29.80137	0	0.00	0.06791089	15.86789	10.00	15.86954
0.06576964	10.00	-29.73736	0	0.00	0.06401522	15.83262	10.00	15.83426
0.06576964	10.00	-29.67084	0	0.00	0.0665222	15.79593	10.00	15.79758
0.06576964	10.00	-29.60166	0	0.00	0.06917358	15.76261	10.00	15.76426
0.06576964	10.00	-29.53884	0	0.00	0.06282755	15.72756	10.00	15.7292
0.06576964	10.00	-29.47273	0	0.00	0.06610178	15.69241	10.00	15.69405
0.06576964	10.00	-29.40645	0	0.00	0.06628014	15.65736	10.00	15.659
0.06576964	10.00	-29.34035	0	0.00	0.06610037	15.62235	10.00	15.62398
0.06576964	10.00	-29.27434	0	0.00	0.06601401	15.58729	10.00	15.58892
0.06576964	10.00	-29.20822	0	0.00	0.06611735	15.55228	10.00	15.55392
0.06576964	10.00	-29.14222	0	0.00	0.06600127	15.51721	10.00	15.51884
0.06576964	10.00	-29.07609	0	0.00	0.06612868	15.4821	10.00	15.48373
0.06576964	10.00	-29.00987	0	0.00	0.06621785	15.44746	10.00	15.44909
0.06576964	10.00	-28.94456	0	0.00	0.06531755	15.4125	10.00	15.41412
0.06576964	10.00	-28.87863	0	0.00	0.06592625	15.37773	10.00	15.37935
0.06576964	10.00	-28.81307	0	0.00	0.06556245	15.34268	10.00	15.34431
0.06576964	10.00	-28.74699	0	0.00	0.06608055	15.30763	10.00	15.30925
0.06576964	10.00	-28.68089	0	0.00	0.0660947	15.27257	10.00	15.27418
0.06576964	10.00	-28.61477	0	0.00	0.06612443	15.23751	10.00	15.23913
0.06576964	10.00	-28.54867	0	0.00	0.06610037	15.20166	10.00	15.20328
0.06576964	10.00	-28.48107	0	0.00	0.06759804	15.16736	10.00	15.16897
0.06576964	10.00	-28.41638	0	0.00	0.06469045	15.13232	10.00	15.13393
0.06576964	10.00	-28.35031	0	0.00	0.06606498	15.09721	10.00	15.09882
0.06576964	10.00	-28.2841	0	0.00	0.06620936	15.06161	10.00	15.06322
0.06576964	10.00	-28.21698	0	0.00	0.06712666	15.02663	10.00	15.02824
0.06576964	10.00	-28.15102	0	0.00	0.06595881	14.98936	10.00	14.99096
0.06576964	10.00	-28.08074	0	0.00	0.07028198	14.95655	10.00	14.95815
0.06576964	10.00	-28.01886	0	0.00	0.06187911	14.92001	10.00	14.92161
0.06576964	10.00	-27.94997	0	0.00	0.06889188	14.8856	10.00	14.8872
0.06576964	10.00	-27.88508	0	0.00	0.06488297	14.85021	10.00	14.8518
0.06576964	10.00	-27.81834	0	0.00	0.06674587	14.81622	10.00	14.81781
0.06576964	10.00	-27.75424	0	0.00	0.06409308	14.78129	10.00	14.78289
0.06576964	10.00	-27.68839	0	0.00	0.06585123	14.7462	10.00	14.74779
0.06576964	10.00	-27.62222	0	0.00	0.06617115	14.71116	10.00	14.71275
0.06576964	10.00	-27.55614	0	0.00	0.06608055	14.67624	10.00	14.67783
0.06576964	10.00	-27.49029	0	0.00	0.06584981	14.64066	10.00	14.64225
0.06576964	10.00	-27.42321	0	0.00	0.06708419	14.60592	10.00	14.60751
0.06576964	10.00	-27.35769	0	0.00	0.06551149	14.5707	10.00	14.57228
0.06576964	10.00	-27.29128	0	0.00	0.06641887	14.53597	10.00	14.53755
0.06576964	10.00	-27.22578	0	0.00	0.06549308	14.50092	10.00	14.5025
0.06576964	10.00	-27.1597	0	0.00	0.06608621	14.46584	10.00	14.46741
0.06576964	10.00	-27.09354	0	0.00	0.06615558	14.43084	10.00	14.43241
0.06576964	10.00	-27.02755	0	0.00	0.06599561	14.39376	10.00	14.39534
0.06576964	10.00	-26.95764	0	0.00	0.06990685	14.36068	10.00	14.36225
0.06576964	10.00	-26.89526	0	0.00	0.06238306	14.32559	10.00	14.32716
0.06576964	10.00	-26.82909	0	0.00	0.06616407	14.29043	10.00	14.292
0.06576964	10.00	-26.76279	0	0.00	0.06630562	14.25549	10.00	14.25706
0.06576964	10.00	-26.6969	0	0.00	0.06588662	14.22063	10.00	14.22219
0.06576964	10.00	-26.63117	0	0.00	0.06573232	14.18521	10.00	14.18677
0.06576964	10.00	-26.56437	0	0.00	0.06679258	14.15048	10.00	14.15204
0.06576964	10.00	-26.49889	0	0.00	0.06548459	14.11542	10.00	14.11698
0.06576964	10.00	-26.43278	0	0.00	0.06611452	14.07959	10.00	14.08114
0.06576964	10.00	-26.36521	0	0.00	0.0675669	14.04516	10.00	14.04671
0.06576964	10.00	-26.30028	0	0.00	0.06492969	14.00998	10.00	14.01153
0.06576964	10.00	-26.23395	0	0.00	0.06632686	13.97422	10.00	13.97577
0.06576964	10.00	-26.16651	0	0.00	0.06744092	13.94003	10.00	13.94158
0.06576964	10.00	-26.10205	0	0.00	0.06446537	13.90516	10.00	13.90671
0.06576964	10.00	-26.03629	0	0.00	0.06575355	13.86855	10.00	13.8701
0.06576964	10.00	-25.96726	0	0.00	0.06903203	13.83456	10.00	13.8361
0.06576964	10.00	-25.90316	0	0.00	0.06409874	13.79964	10.00	13.80118
0.06576964	10.00	-25.83732	0	0.00	0.06584415	13.76475	10.00	13.76629
0.06576964	10.00	-25.77153	0	0.00	0.06578469	13.72985	10.00	13.73139
0.06576964	10.00	-25.70571	0	0.00	0.06582008	13.69455	10.00	13.69609
0.06576964	10.00	-25.63916	0	0.00	0.06655335	13.65971	10.00	13.66124
0.06576964	10.00	-25.57346	0	0.00	0.065704	13.62466	10.00	13.62619
0.06576964	10.00	-25.50737	0	0.00	0.06608621	13.58749	10.00	13.58902
0.06576964	10.00	-25.43727	0	0.00	0.0701022	13.55455	10.00	13.55608
0.06576964	10.00	-25.37515	0	0.00	0.06211269	13.51947	10.00	13.52099
0.06576964	10.00	-25.309	0	0.00	0.06615558	13.48352	10.00	13.48504
0.06576964	10.00	-25.24122	0	0.00	0.06777783	13.44939	10.00	13.45091
0.06576964	10.00	-25.17686	0	0.00	0.0643592	13.41426	10.00	13.41577
0.06576964	10.00	-25.11061	0	0.00	0.06625608	13.37875	10.00	13.38027
0.06576964	10.00	-25.04366	0	0.00	0.06694546	13.344	10.00	13.34552
0.06576964	10.00	-24.97813	0	0.00	0.06552706	13.30894	10.00	13.31045
0.06576964	10.00	-24.91201	0	0.00	0.0661216	13.27319	10.00	13.2747
0.06576964	10.00	-24.8446	0	0.00	0.06740836	13.23902	10.00	13.24053
0.06576964	10.00	-24.78017	0	0.00	0.06443565	13.20372	10.00	13.20523
0.06576964	10.00	-24.71362	0	0.00	0.06655193	13.16772	10.00	13.16923
0.06576964	10.00	-24.64573	0	0.00	0.06788541	13.13388	10.00	13.13538
0.06576964	10.00	-24.58191	0	0.00	0.06382553	13.09865	10.00	13.10015
0.06576964	10.00	-24.51547	0	0.00	0.0664302	13.06382	10.00	13.06532
0.06576964	10.00	-24.4498	0	0.00	0.06567144	13.02879	10.00	13.03029
0.06576964	10.00	-24.38374	0	0.00	0.06606073	12.99349	10.00	12.99499
0.06576964	10.00	-24.31719	0	0.00	0.06655618	12.95874	10.00	12.96024
0.06576964	10.00	-24.25166	0	0.00	0.06552281	12.92292	10.00	12.92442
0.06576964	10.00	-24.18411	0	0.00	0.0675485	12.88832	10.00	12.88981
0.06576964	10.00	-24.11887	0	0.00	0.06524394	12.85345	10.00	12.85494
0.06495782	10.00	-24.05311	-0.0008118251	0.00	0.0657578	12.81837	10.00	12.81985
0.05965716	10.00	-23.98696	-0.005300662	0.00	0.06615416	12.78339	10.00	12.78488
0.05118079	10.00	-23.92102	-0.008476364	0.00	0.06594323	12.74834	10.00	12.74983
0.03948452	10.00	-23.85492	-0.01169627	0.00	0.06609754	12.71262	10.00	12.7141
0.02821657	10.00	-23.78756	-0.01126795	0.00	0.06736306	12.67711	10.00	12.67859
0.01701588	10.00	-23.72059	-0.0112007	0.00	0.06696104	12.64237	10.00	12.64385
0.006059305	10.00	-23.65509	-0.01095657	0.00	0.06550158	12.60805	10.00	12.60953
-0.006019122	10.00	-23.59038	-0.01207843	0.00	0.06471593	12.57288	10.00	12.57436
-0.01903989	10.00	-23.52405	-0.01302077	0.00	0.06632403	12.53823	10.00	12.5397
-0.0318664	10.00	-23.45872	-0.01282651	0.00	0.06533454	12.5026	10.00	12.50407
-0.04635813	10.00	-23.39153	-0.01449173	0.00	0.06718894	12.46745	10.00	12.46892
-0.06193941	10.00	-23.32524	-0.01558128	0.00	0.06628864	12.43226	10.00	12.43372
-0.08010637	10.00	-23.25889	-0.01816696	0.00	0.06635517	12.39772	10.00	12.39919
-0.09982747	10.00	-23.19376	-0.0197211	0.00	0.0651222	12.36217	10.00	12.36363
-0.1207803	10.00	-23.12672	-0.02095288	0.00	0.06704597	12.32778	10.00	12.32924
-0.1410453	10.00	-23.06187	-0.02026497	0.00	0.06484475	12.29274	10.00	12.2942
-0.1616956	10.00	-22.99579	-0.02065029	0.00	0.06607772	12.25765	10.00	12.25911
-0.1836537	10.00	-22.92963	-0.02195812	0.00	0.06616265	12.22222	10.00	12.22367
-0.2071199	10.00	-22.86282	-0.02346614	0.00	0.06680816	12.18719	10.00	12.18864
-0.2303215	10.00	-22.79677	-0.02320162	0.00	0.06605507	12.15242	10.00	12.15387
-0.2533545	10.00	-22.73119	-0.02303307	0.00	0.06557518	12.11757	10.00	12.11902
-0.2764319	10.00	-22.66549	-0.02307732	0.00	0.06570117	12.08222	10.00	12.08367
-0.2998453	10.00	-22.59883	-0.02341344	0.00	0.0666581	12.04745	10.00	12.0489
-0.3228734	10.00	-22.53327	-0.0230281	0.00	0.06556103	12.01235	10.00	12.01379
-0.3461252	10.00	-22.46708	-0.02325184	0.00	0.06619804	11.97736	10.00	11.9788
-0.3692985	10.00	-22.4011	-0.02317328	0.00	0.06597438	11.94228	10.00	11.94371
-0.3925369	10.00	-22.33494	-0.02323842	0.00	0.06615982	11.9074	10.00	11.90883
-0.4156376	10.00	-22.26917	-0.02310069	0.00	0.06576771	11.87211	10.00	11.87354
-0.4390118	10.00	-22.20263	-0.02337416	0.00	0.06654627	11.83698	10.00	11.83841
-0.4622781	10.00	-22.13639	-0.02326626	0.00	0.06623909	11.80217	10.00	11.8036
-0.4853375	10.00	-22.07074	-0.02305942	0.00	0.06565021	11.7669	10.00	11.76833
-0.5086938	10.00	-22.00424	-0.02335626	0.00	0.06649531	11.73191	10.00	11.73333
-0.5318725	10.00	-21.93825	-0.02317875	0.00	0.06598995	11.69705	10.00	11.69847
-0.5549592	10.00	-21.87252	-0.02308677	0.00	0.06572807	11.66103	10.00	11.66245
-0.5788187	10.00	-21.8046	-0.02385944	0.00	0.06792787	11.62671	10.00	11.62813
-0.6015455	10.00	-21.73989	-0.02272678	0.00	0.06470319	11.59173	10.00	11.59315
-0.6247148	10.00	-21.67393	-0.0231693	0.00	0.06596305	11.55671	10.00	11.55813
-0.6479095	10.00	-21.60789	-0.02319466	0.00	0.06603525	11.52169	10.00	11.5231
-0.6711076	10.00	-21.54185	-0.02319814	0.00	0.06604516	11.48668	10.00	11.48809
-0.6942973	10.00	-21.47583	-0.02318969	0.00	0.06602109	11.45158	10.00	11.45299
-0.7175407	10.00	-21.40965	-0.02324339	0.00	0.06617398	11.41652	10.00	11.41793
-0.7407617	10.00	-21.34354	-0.02322102	0.00	0.06611028	11.38146	10.00	11.38287
-0.7639866	10.00	-21.27742	-0.02322499	0.00	0.0661216	11.34642	10.00	11.34783
-0.7871923	10.00	-21.21136	-0.0232056	0.00	0.06606639	11.31141	10.00	11.31281
-0.810383	10.00	-21.14533	-0.02319068	0.00	0.06602392	11.27624	10.00	11.27764
-0.8336756	10.00	-21.07902	-0.02329261	0.00	0.06631412	11.24124	10.00	11.24264
-0.8568568	10.00	-21.01302	-0.02318124	0.00	0.06599703	11.2062	10.00	11.2076
-0.8800644	10.00	-20.94695	-0.02320759	0.00	0.06607205	11.17089	10.00	11.17229
-0.90345	10.00	-20.88037	-0.02338559	0.00	0.06657883	11.13587	10.00	11.13727
-0.9266456	10.00	-20.81433	-0.02319566	0.00	0.06603808	11.10103	10.00	11.10242
-0.949725	10.00	-20.74863	-0.02307931	0.00	0.06570683	11.06515	10.00	11.06654
-0.9708698	10.00	-20.68097	-0.02114488	0.00	0.06766033	11.03107	10.00	11.03245
-0.9841091	10.00	-20.6167	-0.01323926	0.00	0.0642672	10.99593	10.00	10.99731
-0.9951921	10.00	-20.55044	-0.01108301	0.00	0.06625749	10.96039	10.00	10.96178
-1.000561	10.00	-20.48343	-0.00536917	0.00	0.06700917	10.92585	10.00	10.92723
-1.000735	10.00	-20.41829	-0.0001734489	0.00	0.06513777	10.89074	10.00	10.89212
-1.000735	10.00	-20.35209	0	0.00	0.06619946	10.85575	10.00	10.85712
-1.000735	10.00	-20.2861	0	0.00	0.06599136	10.82078	10.00	10.82216
-1.000735	10.00	-20.22017	0	0.00	0.06593474	10.78531	10.00	10.78668
-1.000735	10.00	-20.15328	0	0.00	0.06689167	10.74905	10.00	10.75043
-1.000735	10.00	-20.08492	0	0.00	0.0683568	10.71546	10.00	10.71683
-1.000735	10.00	-20.02157	0	0.00	0.06335273	10.68021	10.00	10.68158
-1.000735	10.00	-19.95509	0	0.00	0.06647408	10.64544	10.00	10.6468
-1.000735	10.00	-19.88953	0	0.00	0.0655667	10.61022	10.00	10.61159
-1.000735	10.00	-19.82313	0	0.00	0.06639905	10.57517	10.00	10.57654
-1.000735	10.00	-19.75704	0	0.00	0.06609187	10.53978	10.00	10.54114
-1.000735	10.00	-19.69029	0	0.00	0.06674587	10.50517	10.00	10.50653
-1.000735	10.00	-19.62503	0	0.00	0.06525809	10.46991	10.00	10.47126
-1.000735	10.00	-19.55854	0	0.00	0.06649531	10.43521	10.00	10.43656
-1.000735	10.00	-19.4931	0	0.00	0.06543221	10.39998	10.00	10.40134
-1.000735	10.00	-19.42668	0	0.00	0.06642312	10.3637	10.00	10.36505
-1.000735	10.00	-19.35826	0	0.00	0.06841766	10.33033	10.00	10.33168
-1.000735	10.00	-19.29534	0	0.00	0.06292523	10.29518	10.00	10.29653
-1.000735	10.00	-19.22906	0	0.00	0.06628297	10.25998	10.00	10.26133
-1.000735	10.00	-19.16269	0	0.00	0.06636083	10.22542	10.00	10.22676
-1.000735	10.00	-19.09752	0	0.00	0.06517883	10.19046	10.00	10.1918
-1.000735	10.00	-19.03159	0	0.00	0.065922	10.15495	10.00	10.15629
-1.000735	10.00	-18.96464	0	0.00	0.06695254	10.12023	10.00	10.12157
-1.000735	10.00	-18.89917	0	0.00	0.06547043	10.08519	10.00	10.08653
-1.000735	10.00	-18.83309	0	0.00	0.06607772	10.04983	10.00	10.05117
-1.000735	10.00	-18.76641	0	0.00	0.06667934	10.01445	10.00	10.01578
-1.000735	10.00	-18.6997	0	0.00	0.06671614	9.98012	10.00	9.981452
-1.000735	10.00	-18.63496	0	0.00	0.06473292	9.944299	10.00	9.945631
-1.000735	10.00	-18.56742	0	0.00	0.06754708	9.909405	10.00	9.910734
-1.000735	10.00	-18.50162	0	0.00	0.06579885	9.874313	10.00	9.875641
-1.000735	10.00	-18.43545	0	0.00	0.06616973	9.839423	10.00	9.840749
-1.000735	10.00	-18.36966	0	0.00	0.06579177	9.804262	10.00	9.805586
-1.000735	10.00	-18.30335	0	0.00	0.06630279	9.769247	10.00	9.770569
-1.000735	10.00	-18.23733	0	0.00	0.06602675	9.734157	10.00	9.735476
-1.000735	10.00	-18.17116	0	0.00	0.06616973	9.699053	10.00	9.70037
-1.000735	10.00	-18.10496	0	0.00	0.0661938	9.663915	10.00	9.665231
-1.000735	10.00	-18.0387	0	0.00	0.06625891	9.629022	10.00	9.630334
-1.000735	10.00	-17.97291	0	0.00	0.06579885	9.593998	10.00	9.59531
-1.000735	10.00	-17.90686	0	0.00	0.06604091	9.558962	10.00	9.560271
-1.000735	10.00	-17.8408	0	0.00	0.06606639	9.523881	10.00	9.525188
-1.000735	10.00	-17.77465	0	0.00	0.06615133	9.488829	10.00	9.490133
-1.000735	10.00	-17.70855	0	0.00	0.06609895	9.453627	10.00	9.454928
-1.000735	10.00	-17.64217	0	0.00	0.06637923	9.418715	10.00	9.420015
-1.000735	10.00	-17.57634	0	0.00	0.06583282	9.383764	10.00	9.385065
-1.000735	10.00	-17.51043	0	0.00	0.06590218	9.347019	10.00	9.348316
-1.000735	10.00	-17.44114	0	0.00	0.06929108	9.313566	10.00	9.314861
-1.000735	10.00	-17.37806	0	0.00	0.06308094	9.278724	10.00	9.280016
-1.000735	10.00	-17.31236	0	0.00	0.06570259	9.242542	10.00	9.243834
-1.000735	10.00	-17.24413	0	0.00	0.06822515	9.208561	10.00	9.20985
-1.000735	10.00	-17.18006	0	0.00	0.06407892	9.17332	10.00	9.174607
-1.000735	10.00	-17.1136	0	0.00	0.06645143	9.137961	10.00	9.139247
-1.000735	10.00	-17.04693	0	0.00	0.06667509	9.103248	10.00	9.104531
-1.000735	10.00	-16.98147	0	0.00	0.06545911	9.068218	10.00	9.0695
-1.000735	10.00	-16.91542	0	0.00	0.06605365	9.032121	10.00	9.033401
-1.000735	10.00	-16.84735	0	0.00	0.0680666	8.998079	10.00	8.999358
-1.000735	10.00	-16.78316	0	0.00	0.06419075	8.962872	10.00	8.964146
-1.000735	10.00	-16.71677	0	0.00	0.06639197	8.927999	10.00	8.929273
-1.000735	10.00	-16.65101	0	0.00	0.06575638	8.89304	10.00	8.894312
-1.000735	10.00	-16.58509	0	0.00	0.06592342	8.857782	10.00	8.859051
-1.000735	10.00	-16.5186	0	0.00	0.06648399	8.822948	10.00	8.824215
-1.000735	10.00	-16.45292	0	0.00	0.0656856	8.787923	10.00	8.789189
-1.000735	10.00	-16.38687	0	0.00	0.06604516	8.75302	10.00	8.754284
-1.000735	10.00	-16.32106	0	0.00	0.06581584	8.717785	10.00	8.719048
-1.000735	10.00	-16.25462	0	0.00	0.06644011	8.682744	10.00	8.684004
-1.000735	10.00	-16.18854	0	0.00	0.06607772	8.64766	10.00	8.648919
-1.000735	10.00	-16.12239	0	0.00	0.06615416	8.6126	10.00	8.613855
-1.000735	10.00	-16.05627	0	0.00	0.06611311	8.57757	10.00	8.578825
-1.000735	10.00	-15.99022	0	0.00	0.06605507	8.542243	10.00	8.543496
-1.000735	10.00	-15.9236	0	0.00	0.06661422	8.50734	10.00	8.508592
-1.000735	10.00	-15.85779	0	0.00	0.06581584	8.472432	10.00	8.473681
-1.000735	10.00	-15.79196	0	0.00	0.06582433	8.436992	10.00	8.438238
-1.000735	10.00	-15.72513	0	0.00	0.06683081	8.402311	10.00	8.403556
-1.000735	10.00	-15.65974	0	0.00	0.06539399	8.36725	10.00	8.368494
-1.000735	10.00	-15.59362	0	0.00	0.06611311	8.331694	10.00	8.332935
-1.000735	10.00	-15.52658	0	0.00	0.0670488	8.297162	10.00	8.2984
-1.000735	10.00	-15.46146	0	0.00	0.06511512	8.262112	10.00	8.26335
-1.000735	10.00	-15.39537	0	0.00	0.0660947	8.226185	10.00	8.227419
-1.000735	10.00	-15.32762	0	0.00	0.06774527	8.191848	10.00	8.193083
-1.000735	10.00	-15.26287	0	0.00	0.06474707	8.15683	10.00	8.15806
-1.000735	10.00	-15.19684	0	0.00	0.06603383	8.121665	10.00	8.122895
-1.000735	10.00	-15.13053	0	0.00	0.06630704	8.086824	10.00	8.088053
-1.000735	10.00	-15.06483	0	0.00	0.06569834	8.051784	10.00	8.05301
-1.000735	10.00	-14.99876	0	0.00	0.0660763	8.016624	10.00	8.017849
-1.000735	10.00	-14.93246	0	0.00	0.06629713	7.981479	10.00	7.982701
-1.000735	10.00	-14.86619	0	0.00	0.06627306	7.946371	10.00	7.947592
-1.000735	10.00	-14.79998	0	0.00	0.06620229	7.911474	10.00	7.912694
-1.000735	10.00	-14.73418	0	0.00	0.06580451	7.876272	10.00	7.877488
-1.000735	10.00	-14.6678	0	0.00	0.06637923	7.840584	10.00	7.841799
-1.000735	10.00	-14.60051	0	0.00	0.06729511	7.805109	10.00	7.806321
-1.000735	10.00	-14.53361	0	0.00	0.06689592	7.770363	10.00	7.771574
-1.000735	10.00	-14.46809	0	0.00	0.06551857	7.735262	10.00	7.736472
-1.000735	10.00	-14.4019	0	0.00	0.06618813	7.700299	10.00	7.701507
-1.000735	10.00	-14.33597	0	0.00	0.06592908	7.666054	10.00	7.667259
-1.000735	10.00	-14.2714	0	0.00	0.06457579	7.631012	10.00	7.632215
-1.000735	10.00	-14.20532	0	0.00	0.06607772	7.59616	10.00	7.597362
-1.000735	10.00	-14.1396	0	0.00	0.06571674	7.560475	10.00	7.561674
-1.000735	10.00	-14.07231	0	0.00	0.06729228	7.525996	10.00	7.527194
-1.000735	10.00	-14.0073	0	0.00	0.06501603	7.490983	10.00	7.492178
-1.000735	10.00	-13.94127	0	0.00	0.06602392	7.455925	10.00	7.457119
-1.000735	10.00	-13.87516	0	0.00	0.06610744	7.420865	10.00	7.422056
-1.000735	10.00	-13.80905	0	0.00	0.06611169	7.385749	10.00	7.386938
-1.000735	10.00	-13.74284	0	0.00	0.06621644	7.35079	10.00	7.351977
-1.000735	10.00	-13.67692	0	0.00	0.06592058	7.315677	10.00	7.316864
-1.000735	10.00	-13.61071	0	0.00	0.06621078	7.280712	10.00	7.281895
-1.000735	10.00	-13.54477	0	0.00	0.06593474	7.245516	10.00	7.246697
-1.000735	10.00	-13.4784	0	0.00	0.06636791	7.210563	10.00	7.211742
-1.000735	10.00	-13.41249	0	0.00	0.06591067	7.175573	10.00	7.176751
-1.000735	10.00	-13.34651	0	0.00	0.06597862	7.140481	10.00	7.141657
-1.000735	10.00	-13.28034	0	0.00	0.06617115	7.105482	10.00	7.106657
-1.000735	10.00	-13.21435	0	0.00	0.06599561	7.070356	10.00	7.071528
-1.000735	10.00	-13.14811	0	0.00	0.06623767	7.03506	10.00	7.03623
-1.000735	10.00	-13.08155	0	0.00	0.06655759	7.000466	10.00	7.001635
-1.000735	10.00	-13.01632	0	0.00	0.0652312	6.965134	10.00	6.966299
-1.000735	10.00	-12.94969	0	0.00	0.06662554	6.929809	10.00	6.930973
-1.000735	10.00	-12.88308	0	0.00	0.06661139	6.895123	10.00	6.896286
-1.000735	10.00	-12.81768	0	0.00	0.0654039	6.859993	10.00	6.861153
-1.000735	10.00	-12.75143	0	0.00	0.06624617	6.822781	10.00	6.823939
-1.000735	10.00	-12.68126	0	0.00	0.07016873	6.790072	10.00	6.791229
-1.000735	10.00	-12.61959	0	0.00	0.0616781	6.754927	10.00	6.756082
-1.000735	10.00	-12.55331	0	0.00	0.06627306	6.719431	10.00	6.720584
-1.000735	10.00	-12.48638	0	0.00	0.06693272	6.684781	10.00	6.685931
-1.000735	10.00	-12.42104	0	0.00	0.0653402	6.649768	10.00	6.650917
-1.000735	10.00	-12.35502	0	0.00	0.06602109	6.614748	10.00	6.615895
-1.000735	10.00	-12.28898	0	0.00	0.06603666	6.579626	10.00	6.580771
-1.000735	10.00	-12.22275	0	0.00	0.06622776	6.544791	10.00	6.545934
-1.000735	10.00	-12.15707	0	0.00	0.06568843	6.509531	10.00	6.510673
-1.000735	10.00	-12.09058	0	0.00	0.06648824	6.474337	10.00	6.475475
-1.000735	10.00	-12.02421	0	0.00	0.06636649	6.439456	10.00	6.440593
-1.000735	10.00	-11.95844	0	0.00	0.06577195	6.404595	10.00	6.405731
-1.000735	10.00	-11.8927	0	0.00	0.06573515	6.369492	10.00	6.370626
-1.000735	10.00	-11.82651	0	0.00	0.0661938	6.334402	10.00	6.335534
-1.000735	10.00	-11.76034	0	0.00	0.06616832	6.29947	10.00	6.3006
-1.000735	10.00	-11.69447	0	0.00	0.06586963	6.264333	10.00	6.26546
-1.000735	10.00	-11.62821	0	0.00	0.06625891	6.229249	10.00	6.230374
-1.000735	10.00	-11.56206	0	0.00	0.06615558	6.194271	10.00	6.195395
-1.000735	10.00	-11.4961	0	0.00	0.06595739	6.159073	10.00	6.160195
-1.000735	10.00	-11.42973	0	0.00	0.06637074	6.12414	10.00	6.12526
-1.000735	10.00	-11.36386	0	0.00	0.06587246	6.089063	10.00	6.09018
-1.000735	10.00	-11.29771	0	0.00	0.06614425	6.054039	10.00	6.055154
-1.000735	10.00	-11.23167	0	0.00	0.06604516	6.018678	10.00	6.019791
-1.000735	10.00	-11.16499	0	0.00	0.06667792	5.983084	10.00	5.984195
-1.000735	10.00	-11.09787	0	0.00	0.06711958	5.948767	10.00	5.949877
-1.000735	10.00	-11.03316	0	0.00	0.06471027	5.913546	10.00	5.914653
-1.000735	10.00	-10.96674	0	0.00	0.06641604	5.878306	10.00	5.879412
-1.000735	10.00	-10.90029	0	0.00	0.06645001	5.843441	10.00	5.844544
-1.000735	10.00	-10.83455	0	0.00	0.06574364	5.808683	10.00	5.809785
-1.000735	10.00	-10.76901	0	0.00	0.06554122	5.773394	10.00	5.774495
-1.000735	10.00	-10.70247	0	0.00	0.06654344	5.738181	10.00	5.73928
-1.000735	10.00	-10.63607	0	0.00	0.06640047	5.703443	10.00	5.704539
-1.000735	10.00	-10.57056	0	0.00	0.06550441	5.668452	10.00	5.669547
-1.000735	10.00	-10.50458	0	0.00	0.06598146	5.63326	10.00	5.634353
-1.000735	10.00	-10.43822	0	0.00	0.06636083	5.598435	10.00	5.599526
-1.000735	10.00	-10.37255	0	0.00	0.0656672	5.563085	10.00	5.564174
-1.000735	10.00	-10.30589	0	0.00	0.06665952	5.527975	10.00	5.529061
-1.000735	10.00	-10.23969	0	0.00	0.06620653	5.493063	10.00	5.494148
-1.000735	10.00	-10.17385	0	0.00	0.06583141	5.458049	10.00	5.459133
-1.000735	10.00	-10.10783	0	0.00	0.06602392	5.422175	10.00	5.423256
-1.000735	10.00	-10.04018	0	0.00	0.06764759	5.387917	10.00	5.388996
-1.000735	10.00	-9.975583	0	0.00	0.06459986	5.352792	10.00	5.353869
-1.000735	10.00	-9.909349	0	0.00	0.06623343	5.316429	10.00	5.317503
-1.000735	10.00	-9.840778	0	0.00	0.06857055	5.28254	10.00	5.283614
-1.000735	10.00	-9.776878	0	0.00	0.06390056	5.247602	10.00	5.248673
-1.000735	10.00	-9.710995	0	0.00	0.06588379	5.210727	10.00	5.211797
-1.000735	10.00	-9.641462	0	0.00	0.06953172	5.177343	10.00	5.178411
-1.000735	10.00	-9.57851	0	0.00	0.06295212	5.142534	10.00	5.1436
-1.000735	10.00	-9.512873	0	0.00	0.06563747	5.106453	10.00	5.107518
-1.000735	10.00	-9.444837	0	0.00	0.06803688	5.07262	10.00	5.073682
-1.000735	10.00	-9.381038	0	0.00	0.06379864	5.037288	10.00	5.038348
-1.000735	10.00	-9.314413	0	0.00	0.06662413	5.002358	10.00	5.003417
-1.000735	10.00	-9.248547	0	0.00	0.0658668	4.967377	10.00	4.968433
-1.000735	10.00	-9.182584	0	0.00	0.06596305	4.932213	10.00	4.933268
-1.000735	10.00	-9.116277	0	0.00	0.06630704	4.897309	10.00	4.898362
-1.000735	10.00	-9.050459	0	0.00	0.06581725	4.862232	10.00	4.863282
-1.000735	10.00	-8.984315	0	0.00	0.06614425	4.827256	10.00	4.828305
-1.000735	10.00	-8.918364	0	0.00	0.06595173	4.792195	10.00	4.793242
-1.000735	10.00	-8.852249	0	0.00	0.06611452	4.757092	10.00	4.758137
-1.000735	10.00	-8.786057	0	0.00	0.06619238	4.721836	10.00	4.722879
-1.000735	10.00	-8.719575	0	0.00	0.06648116	4.686985	10.00	4.688025
-1.000735	10.00	-8.653855	0	0.00	0.06571957	4.652015	10.00	4.653054
-1.000735	10.00	-8.587915	0	0.00	0.0659404	4.616935	10.00	4.617972
-1.000735	10.00	-8.521767	0	0.00	0.0661485	4.581939	10.00	4.582974
-1.000735	10.00	-8.455774	0	0.00	0.06599278	4.546807	10.00	4.54784
-1.000735	10.00	-8.389526	0	0.00	0.06624758	4.510384	10.00	4.511415
-1.000735	10.00	-8.320846	0	0.00	0.06868096	4.476781	10.00	4.47781
-1.000735	10.00	-8.257482	0	0.00	0.06336405	4.441725	10.00	4.442752
-1.000735	10.00	-8.191379	0	0.00	0.0661032	4.40637	10.00	4.407395
-1.000735	10.00	-8.124709	0	0.00	0.06666943	4.371549	10.00	4.372758
-1.000735	10.00	-8.059131	0	0.00	0.06557801	4.336423	10.00	4.337948
-1.000735	10.00	-7.993015	0	0.00	0.06611594	4.301229	10.00	4.303144
-1.000735	10.00	-7.926752	0	0.00	0.06626315	4.266491	10.00	4.268554
-1.000735	10.00	-7.861138	0	0.00	0.0656134	4.231466	10.00	4.233444
-1.000735	10.00	-7.794776	0	0.00	0.06636225	4.196639	10.00	4.198361
-1.000735	10.00	-7.728635	0	0.00	0.06614142	4.161763	10.00	4.163229
-1.000735	10.00	-7.662403	0	0.00	0.06623201	4.126954	10.00	4.128282
-1.000735	10.00	-7.59651	0	0.00	0.06589227	4.092091	10.00	4.09328
-1.000735	10.00	-7.530516	0	0.00	0.0659942	4.057138	10.00	4.05819
-1.000735	10.00	-7.464354	0	0.00	0.06616265	4.022042	10.00	4.022967
-1.000735	10.00	-7.397983	0	0.00	0.06637074	3.987285	10.00	3.988086
-1.000735	10.00	-7.332256	0	0.00	0.06572665	3.952332	10.00	3.952995
-1.000735	10.00	-7.266092	0	0.00	0.06616407	3.917354	10.00	3.917892
-1.000735	10.00	-7.199948	0	0.00	0.06614425	3.882296	10.00	3.882833
-1.000735	10.00	-7.133841	0	0.00	0.06610744	3.847397	10.00	3.847932
-1.000735	10.00	-7.068033	0	0.00	0.06580734	3.811782	10.00	3.812317
-1.000735	10.00	-7.000876	0	0.00	0.06715638	3.777067	10.00	3.777601
-1.000735	10.00	-6.935416	0	0.00	0.06546053	3.742046	10.00	3.742578
-1.000735	10.00	-6.869378	0	0.00	0.06603808	3.705575	10.00	3.706107
-1.000735	10.00	-6.800608	0	0.00	0.06877014	3.671958	10.00	3.672488
-1.000735	10.00	-6.737217	0	0.00	0.06339095	3.636756	10.00	3.637285
-1.000735	10.00	-6.670838	0	0.00	0.06637923	3.599639	10.00	3.600167
-1.000735	10.00	-6.600849	0	0.00	0.06998896	3.56689	10.00	3.567417
-1.000735	10.00	-6.539096	0	0.00	0.06175313	3.531688	10.00	3.532214
-1.000735	10.00	-6.472718	0	0.00	0.06637782	3.496646	10.00	3.497172
-1.000735	10.00	-6.406641	0	0.00	0.0660763	3.461899	10.00	3.462424
-1.000735	10.00	-6.341122	0	0.00	0.06551998	3.426618	10.00	3.427141
-1.000735	10.00	-6.274592	0	0.00	0.06652928	3.391642	10.00	3.392164
-1.000735	10.00	-6.208641	0	0.00	0.06595173	3.356712	10.00	3.357233
-1.000735	10.00	-6.142775	0	0.00	0.06586538	3.321361	10.00	3.322069
-1.000735	10.00	-6.076198	0	0.00	0.06657741	3.286365	10.00	3.287259
-1.000735	10.00	-6.01029	0	0.00	0.06590784	3.251227	10.00	3.252463
-1.000735	10.00	-5.944284	0	0.00	0.06600552	3.215941	10.00	3.21752
-1.000735	10.00	-5.878	0	0.00	0.06628439	3.180544	10.00	3.182503
-1.000735	10.00	-5.811478	0	0.00	0.0665222	3.145521	10.00	3.147856
-1.000735	10.00	-5.745659	0	0.00	0.06581867	3.109778	10.00	3.112309
-1.000735	10.00	-5.678169	0	0.00	0.06749046	3.075287	10.00	3.077857
-1.000735	10.00	-5.612722	0	0.00	0.06544637	3.040301	10.00	3.043133
-1.000735	10.00	-5.546616	0	0.00	0.06610603	3.005343	10.00	3.008612
-1.000735	10.00	-5.48088	0	0.00	0.06573656	2.970663	10.00	2.974496
-1.000735	10.00	-5.415748	0	0.00	0.06513211	2.935269	10.00	2.939782
-1.000735	10.00	-5.349421	0	0.00	0.06632686	2.898676	10.00	2.903892
-1.000735	10.00	-5.280715	0	0.00	0.06870503	2.864401	10.00	2.870387
-1.000735	10.00	-5.216443	0	0.00	0.06427286	2.829419	10.00	2.836259
-1.000735	10.00	-5.150921	0	0.00	0.0655214	2.793969	10.00	2.801754
-1.000735	10.00	-5.084634	0	0.00	0.06628722	2.758881	10.00	2.767604
-1.000735	10.00	-5.018899	0	0.00	0.06573515	2.723427	10.00	2.7332
-1.000735	10.00	-4.952462	0	0.00	0.06643727	2.687077	10.00	2.697963
-1.000735	10.00	-4.88456	0	0.00	0.06790239	2.652548	10.00	2.664527
-1.000735	10.00	-4.820052	0	0.00	0.06450784	2.617361	10.00	2.630525
-1.000735	10.00	-4.754297	0	0.00	0.06575496	2.582163	10.00	2.596509
-1.000735	10.00	-4.688519	0	0.00	0.06577761	2.546667	10.00	2.562336
-1.000735	10.00	-4.622492	0	0.00	0.06602675	2.51106	10.00	2.528126
-1.000735	10.00	-4.556239	0	0.00	0.06625324	2.475466	10.00	2.493927
-1.000735	10.00	-4.490011	0	0.00	0.06622776	2.439948	10.00	2.459856
-1.000735	10.00	-4.423963	0	0.00	0.06604799	2.404353	10.00	2.425731
-1.000735	10.00	-4.357565	0	0.00	0.06639764	2.369195	10.00	2.391794
-1.000735	10.00	-4.291784	0	0.00	0.06578186	2.333729	10.00	2.357327
-1.000735	10.00	-4.225235	0	0.00	0.0665491	2.298995	10.00	2.323344
-1.000735	10.00	-4.159889	0	0.00	0.06534586	2.264335	10.00	2.289202
-1.000735	10.00	-4.094479	0	0.00	0.06540956	2.229576	10.00	2.254731
-1.000735	10.00	-4.028677	0	0.00	0.06580168	2.194831	10.00	2.220041
-1.000735	10.00	-3.962654	0	0.00	0.06602392	2.160171	10.00	2.185203
-1.000735	10.00	-3.896617	0	0.00	0.06603666	2.125575	10.00	2.150192
-1.000735	10.00	-3.830487	0	0.00	0.06613009	2.09075	10.00	2.114731
-1.000735	10.00	-3.763806	0	0.00	0.06668075	2.056521	10.00	2.079732
-1.000735	10.00	-3.698309	0	0.00	0.06549733	2.021939	10.00	2.044343
-1.000735	10.00	-3.632101	0	0.00	0.06620795	1.986784	10.00	2.008368
-1.000735	10.00	-3.564797	0	0.00	0.06730361	1.952857	10.00	1.973724
-1.000735	10.00	-3.5	0	0.00	0.06479662	1.918242	10.00	1.938381
-1.000735	10.00	-3.433893	0	0.00	0.06610744	1.882991	10.00	1.902524
-1.000735	10.00	-3.366786	0	0.00	0.06710684	1.848168	10.00	1.867133
-1.000735	10.00	-3.300505	0	0.00	0.06628156	1.813452	10.00	1.831959
-1.000735	10.00	-3.234509	0	0.00	0.06599561	1.778016	10.00	1.796095
-1.000735	10.00	-3.167211	0	0.00	0.06729794	1.743217	10.00	1.761033
-1.000735	10.00	-3.101249	0	0.00	0.06596164	1.708793	10.00	1.726437
-1.000735	10.00	-3.036052	0	0.00	0.06519723	1.671559	10.00	1.689142
-1.000735	10.00	-2.965759	0	0.00	0.07029331	1.638695	10.00	1.656241
-1.000735	10.00	-2.903755	0	0.00	0.06200369	1.60363	10.00	1.621138
-1.000735	10.00	-2.8376	0	0.00	0.06615558	1.568887	10.00	1.586357
-1.000735	10.00	-2.772052	0	0.00	0.06554829	1.533584	10.00	1.551015
-1.000735	10.00	-2.705447	0	0.00	0.06660431	1.498717	10.00	1.516109
-1.000735	10.00	-2.639665	0	0.00	0.06578186	1.463518	10.00	1.480922
-1.000735	10.00	-2.573298	0	0.00	0.06636791	1.428041	10.00	1.445596
-1.000735	10.00	-2.506448	0	0.00	0.0668492	1.393336	10.00	1.411037
-1.000735	10.00	-2.441051	0	0.00	0.06539682	1.358368	10.00	1.376216
-1.000735	10.00	-2.375159	0	0.00	0.06589227	1.323257	10.00	1.341408
-1.000735	10.00	-2.309168	0	0.00	0.06599136	1.287984	10.00	1.306441
-1.000735	10.00	-2.242872	0	0.00	0.06629571	1.252867	10.00	1.271732
-1.000735	10.00	-2.177016	0	0.00	0.06585547	1.217524	10.00	1.236797
-1.000735	10.00	-2.110734	0	0.00	0.06628297	1.18229	10.00	1.201989
-1.000735	10.00	-2.044449	0	0.00	0.06628439	1.147232	10.00	1.167452
-1.000735	10.00	-1.97871	0	0.00	0.06573939	1.112104	10.00	1.132961
-1.000735	10.00	-1.912846	0	0.00	0.06586397	1.076477	10.00	1.097979
-1.000735	10.00	-1.846045	0	0.00	0.06680108	1.041558	10.00	1.063875
-1.000735	10.00	-1.780605	0	0.00	0.06543929	1.006276	10.00	1.029396
-1.000735	10.00	-1.714454	0	0.00	0.06615133	0.9703251	10.00	0.9943647
-1.000735	10.00	-1.647193	0	0.00	0.06726114	0.9356124	10.00	0.9605898
-1.000735	10.00	-1.582272	0	0.00	0.06492119	0.9001826	10.00	0.9262556
-1.000735	10.00	-1.516314	0	0.00	0.06595739	0.8645288	10.00	0.8918199
-1.000735	10.00	-1.449948	0	0.00	0.06636649	0.8289672	10.00	0.8574734
-1.000735	10.00	-1.383625	0	0.00	0.06632261	0.7934081	10.00	0.8232772
-1.000735	10.00	-1.31743	0	0.00	0.06619521	0.7581741	10.00	0.7894481
-1.000735	10.00	-1.25188	0	0.00	0.06554971	0.7226925	10.00	0.7553839
-1.000735	10.00	-1.185648	0	0.00	0.06623201	0.687409	10.00	0.72167
-1.000735	10.00	-1.119772	0	0.00	0.06587671	0.651906	10.00	0.6877774
-1.000735	10.00	-1.05348	0	0.00	0.06629147	0.6167572	10.00	0.6543367
-1.000735	10.00	-0.9878583	0	0.00	0.0656219	0.5811315	10.00	0.620558
-1.009296	10.00	-0.9212568	-0.008560975	0.00	0.06660148	0.545515	10.00	0.5868968
-1.025528	10.00	-0.85493	-0.0162325	0.00	0.06632686	0.5103149	10.00	0.5535624
-1.046739	10.00	-0.7890986	-0.02121075	0.00	0.06583141	0.474748	10.00	0.5199507
-1.073312	10.00	-0.7226103	-0.02657276	0.00	0.06648824	0.4393209	10.00	0.4865772
-1.106089	10.00	-0.6565921	-0.03277741	0.00	0.06601826	0.4039721	10.00	0.4532255
-1.144692	10.00	-0.5904492	-0.03860334	0.00	0.06614283	0.3684264	10.00	0.4196581
-1.18754	10.00	-0.5236807	-0.04284758	0.00	0.06676852	0.3333511	10.00	0.3864738
-1.234599	10.00	-0.4573553	-0.04705879	0.00	0.06632544	0.2988008	10.00	0.353941
-1.283648	10.00	-0.3918027	-0.04904936	0.00	0.06555254	0.2640394	10.00	0.3210768
-1.335107	10.00	-0.3256004	-0.05145862	0.00	0.06620229	0.2299561	10.00	0.2885583
-1.387029	10.00	-0.2604259	-0.05192194	0.00	0.06517458	0.1955101	10.00	0.2554734
-1.440364	10.00	-0.1942816	-0.05333491	0.00	0.06614425	0.1597897	10.00	0.2208169
-1.49784	10.00	-0.1254803	-0.05747597	0.00	0.06880128	0.1268809	10.00	0.1886051
-1.551599	10.00	-0.0618657	-0.05375905	0.00	0.06361461	0.09284878	10.00	0.1550697
-1.608045	10.00	0.004172377	-0.05644649	0.00	0.06603808	0.05778426	10.00	0.1202946
-1.666307	10.00	0.07233382	-0.05826145	0.00	0.06816144	0.02483394	10.00	0.08741765
-1.721112	10.00	0.1364524	-0.05480577	0.00	0.06411856	-0.009223131	10.00	0.05329671
-1.777722	10.00	0.2026816	-0.05660984	0.00	0.06622918	-0.04309339	10.00	0.01926247
-1.833927	10.00	0.2684365	-0.0562045	0.00	0.06575496	-0.07732645	10.00	-0.01516975
-1.893133	10.00	0.3347011	-0.05920662	0.00	0.06626457	-0.1117576	10.00	-0.0497942
-1.95247	10.00	0.4011115	-0.05933689	0.00	0.06641038	-0.1460267	10.00	-0.08424756
-2.012592	10.00	0.4669726	-0.0601216	0.00	0.06586114	-0.1804863	10.00	-0.1188854
-2.073474	10.00	0.5329668	-0.06088208	0.00	0.0659942	-0.2150768	10.00	-0.1536471
-2.135011	10.00	0.598978	-0.06153693	0.00	0.06601118	-0.2498516	10.00	-0.188535
-2.196619	10.00	0.6650656	-0.0616082	0.00	0.06608763	-0.2846011	10.00	-0.2232549
-2.255382	10.00	0.7308333	-0.05876267	0.00	0.06576771	-0.3201762	10.00	-0.2586349
-2.306141	10.00	0.7978042	-0.05075915	0.00	0.06697094	-0.3549641	10.00	-0.293129
-2.352504	10.00	0.8631487	-0.04636276	0.00	0.06534445	-0.3901896	10.00	-0.3279546
-2.391181	10.00	0.9294189	-0.03867769	0.00	0.06627023	-0.4253098	10.00	-0.362545
-2.427188	10.00	0.9954981	-0.03600681	0.00	0.06607913	-0.4615307	10.00	-0.3980514
-2.457007	10.00	1.063516	-0.0298188	0.00	0.06801847	-0.4958473	10.00	-0.4315906
-2.47215	10.00	1.127941	-0.01514307	0.00	0.06442432	-0.5314147	10.00	-0.4661713
-2.481353	10.00	1.194524	-0.009203326	0.00	0.06658307	-0.5664722	10.00	-0.5001172
-2.481353	10.00	1.260204	0	0.00	0.06567994	-0.6015846	10.00	-0.5339781
-2.481353	10.00	1.325915	0	0.00	0.06571108	-0.6377672	10.00	-0.5686797
-2.481353	10.00	1.393587	0	0.00	0.06767166	-0.6722289	10.00	-0.6016713
-2.481353	10.00	1.458028	0	0.00	0.06444131	-0.7079625	10.00	-0.6358684
-2.481353	10.00	1.524989	0	0.00	0.06696104	-0.743421	10.00	-0.6696998
-2.481353	10.00	1.591415	0	0.00	0.06642595	-0.7781256	10.00	-0.7027004
-2.481353	10.00	1.656396	0	0.00	0.06498064	-0.8146813	10.00	-0.7374481
-2.481353	10.00	1.724986	0	0.00	0.06859037	-0.8492664	10.00	-0.7702224
-2.481353	10.00	1.789859	0	0.00	0.06487306	-0.8844404	10.00	-0.8034648
-2.481353	10.00	1.855819	0	0.00	0.06596022	-0.9190592	10.00	-0.8363896
-2.481353	10.00	1.921026	0	0.00	0.06520714	-0.953795	10.00	-0.8696333
-2.481353	10.00	1.986742	0	0.00	0.06571533	-0.9886513	10.00	-0.9029608
-2.481353	10.00	2.052882	0	0.00	0.06614	-1.023287	10.00	-0.936175
-2.481353	10.00	2.118862	0	0.00	0.06598004	-1.057917	10.00	-0.9697154
-2.481353	10.00	2.185159	0	0.00	0.06629713	-1.092228	10.00	-1.003164
-2.481353	10.00	2.251142	0	0.00	0.06598287	-1.126452	10.00	-1.036743
-2.481353	10.00	2.317252	0	0.00	0.06611028	-1.160458	10.00	-1.070327
-2.481353	10.00	2.38324	0	0.00	0.06598853	-1.194599	10.00	-1.104271
-2.481353	10.00	2.449775	0	0.00	0.06653494	-1.228078	10.00	-1.137785
-2.481353	10.00	2.515307	0	0.00	0.06553131	-1.261746	10.00	-1.171715
-2.481353	10.00	2.581493	0	0.00	0.06618672	-1.295254	10.00	-1.205714
-2.481353	10.00	2.647655	0	0.00	0.06616124	-1.328656	10.00	-1.239837
-2.481353	10.00	2.713898	0	0.00	0.06624334	-1.361615	10.00	-1.273739
-2.484071	10.00	2.779552	-0.002717723	0.00	0.06565446	-1.39479	10.00	-1.308095
-2.495817	10.00	2.845929	-0.01174562	0.00	0.0663764	-1.427873	10.00	-1.342592
-2.521102	10.00	2.912417	-0.02528517	0.00	0.06648824	-1.460342	10.00	-1.376453
-2.556788	10.00	2.977909	-0.0356867	0.00	0.06549167	-1.493015	10.00	-1.41053
-2.597951	10.00	3.044047	-0.04116251	0.00	0.06613859	-1.525851	10.00	-1.444705
-2.646472	10.00	3.110616	-0.0485207	0.00	0.06656892	-1.558319	10.00	-1.478549
-2.697497	10.00	3.176261	-0.05102509	0.00	0.06564455	-1.591373	10.00	-1.512965
-2.753743	10.00	3.242818	-0.05624608	0.00	0.06655759	-1.624191	10.00	-1.547046
-2.811237	10.00	3.308592	-0.05749398	0.00	0.06577337	-1.65738	10.00	-1.581427
-2.870399	10.00	3.374807	-0.05916235	0.00	0.06621502	-1.690674	10.00	-1.615826
-2.929473	10.00	3.440923	-0.05907382	0.00	0.06611594	-1.724045	10.00	-1.65022
-2.989694	10.00	3.506893	-0.0602211	0.00	0.06597013	-1.757612	10.00	-1.684728
-3.051272	10.00	3.572948	-0.06157784	0.00	0.06605507	-1.791346	10.00	-1.71932
-3.112875	10.00	3.63903	-0.06160292	0.00	0.06608196	-1.825318	10.00	-1.753882
-3.174556	10.00	3.705195	-0.06168078	0.00	0.06616548	-1.8594	10.00	-1.788312
-3.235994	10.00	3.771101	-0.06143796	0.00	0.06590501	-1.893986	10.00	-1.823035
-3.297945	10.00	3.837556	-0.0619513	0.00	0.06645568	-1.928348	10.00	-1.857314
-3.359275	10.00	3.903345	-0.06132975	0.00	0.06578894	-1.963215	10.00	-1.891783
-3.421077	10.00	3.969641	-0.06180217	0.00	0.06629571	-2.000065	10.00	-1.927877
-3.485877	10.00	4.039153	-0.06480037	0.00	0.06951191	-2.03387	10.00	-1.960687
-3.544939	10.00	4.102508	-0.05906131	0.00	0.06335557	-2.06898	10.00	-1.994562
-3.606093	10.00	4.168109	-0.06115424	0.00	0.06560066	-2.104568	10.00	-2.028749
-3.668111	10.00	4.234637	-0.0620186	0.00	0.06652787	-2.139622	10.00	-2.06223
-3.72915	10.00	4.300113	-0.06103811	0.00	0.0654761	-2.17497	10.00	-2.096007
-3.790921	10.00	4.366376	-0.06177182	0.00	0.06626315	-2.210424	10.00	-2.12989
-3.853097	10.00	4.433073	-0.06217564	0.00	0.06669632	-2.244971	10.00	-2.16291
-3.913899	10.00	4.498295	-0.0608019	0.00	0.06522271	-2.279807	10.00	-2.19619
-3.975404	10.00	4.564272	-0.06150526	0.00	0.06597721	-2.314952	10.00	-2.229983
-4.037726	10.00	4.631126	-0.06232211	0.00	0.06685345	-2.349288	10.00	-2.263217
-4.098886	10.00	4.696732	-0.06115952	0.00	0.06560633	-2.383827	10.00	-2.296869
-4.160674	10.00	4.763012	-0.06178766	0.00	0.06628014	-2.418111	10.00	-2.330478
-4.222288	10.00	4.829107	-0.06161479	0.00	0.0660947	-2.45257	10.00	-2.364486
-4.284354	10.00	4.895686	-0.0620661	0.00	0.06657883	-2.486449	10.00	-2.39815
-4.345528	10.00	4.961308	-0.06117403	0.00	0.0656219	-2.520527	10.00	-2.432229
-4.407172	10.00	5.027433	-0.06164382	0.00	0.06612585	-2.554714	10.00	-2.466579
-4.465794	10.00	5.093762	-0.05862128	0.00	0.06632827	-2.588539	10.00	-2.500685
-4.523086	10.00	5.159304	-0.05729229	0.00	0.06554263	-2.622962	10.00	-2.535482
-4.578701	10.00	5.225878	-0.05561462	0.00	0.06657317	-2.657256	10.00	-2.570175
-4.632017	10.00	5.291999	-0.05331665	0.00	0.0661216	-2.691564	10.00	-2.604854
-4.681323	10.00	5.357894	-0.04930568	0.00	0.0658951	-2.726024	10.00	-2.639655
-4.730657	10.00	5.423828	-0.04933428	0.00	0.06593332	-2.761223	10.00	-2.675172
-4.780858	10.00	5.490919	-0.05020071	0.00	0.06709127	-2.795403	10.00	-2.70963
-4.829415	10.00	5.555815	-0.04855789	0.00	0.06489571	-2.829703	10.00	-2.744185
-4.877992	10.00	5.620734	-0.0485759	0.00	0.06491978	-2.864643	10.00	-2.779384
-4.92427	10.00	5.686863	-0.04627887	0.00	0.06612868	-2.900078	10.00	-2.815082
-4.968608	10.00	5.75393	-0.04433806	0.00	0.06706721	-2.934733	10.00	-2.849995
-5.010065	10.00	5.819521	-0.04145666	0.00	0.06559075	-2.969293	10.00	-2.884811
-5.051408	10.00	5.884932	-0.04134303	0.00	0.06541098	-3.00516	10.00	-2.920944
-5.094313	10.00	5.952815	-0.04290521	0.00	0.06788258	-3.039898	10.00	-2.95594
-5.135869	10.00	6.018562	-0.04155598	0.00	0.06574789	-3.074269	10.00	-2.990566
-5.176986	10.00	6.083615	-0.04111667	0.00	0.06505284	-3.109684	10.00	-3.026245
-5.213511	10.00	6.150646	-0.03652516	0.00	0.0670304	-3.144603	10.00	-3.061421
-5.246963	10.00	6.216733	-0.03345177	0.00	0.06608763	-3.17953	10.00	-3.096608
-5.264421	10.00	6.282839	-0.01745865	0.00	0.06610603	-3.214961	10.00	-3.132302
-5.264421	10.00	6.349898	0	0.00	0.06705871	-3.249848	10.00	-3.167448
-5.264421	10.00	6.415927	0	0.00	0.06602959	-3.284343	10.00	-3.202199
-5.264421	10.00	6.481215	0	0.00	0.06528782	-3.319148	10.00	-3.237262
-5.264421	10.00	6.547089	0	0.00	0.06587388	-3.354088	10.00	-3.272461
-5.264421	10.00	6.613218	0	0.00	0.06612868	-3.389405	10.00	-3.30804
-5.264421	10.00	6.680061	0	0.00	0.06684354	-3.42387	10.00	-3.342762
-5.264421	10.00	6.745293	0	0.00	0.0652312	-3.458797	10.00	-3.377947
-5.264421	10.00	6.811398	0	0.00	0.06610461	-3.494401	10.00	-3.413816
-5.264421	10.00	6.878785	0	0.00	0.06738713	-3.528689	10.00	-3.448358
-5.264421	10.00	6.94368	0	0.00	0.06489571	-3.563542	10.00	-3.483469
-5.264421	10.00	7.009645	0	0.00	0.06596447	-3.599064	10.00	-3.519255
-5.264421	10.00	7.076876	0	0.00	0.06723141	-3.633409	10.00	-3.553855
-5.264421	10.00	7.14188	0	0.00	0.06500329	-3.668236	10.00	-3.588941
-5.264421	10.00	7.207796	0	0.00	0.06591634	-3.704092	10.00	-3.625062
-5.264421	10.00	7.275659	0	0.00	0.06786276	-3.738166	10.00	-3.659389
-5.264421	10.00	7.340149	0	0.00	0.06449085	-3.773089	10.00	-3.694571
-5.264421	10.00	7.406247	0	0.00	0.06609754	-3.80845	10.00	-3.730194
-5.264421	10.00	7.473173	0	0.00	0.06692564	-3.843058	10.00	-3.765059
-5.264421	10.00	7.538674	0	0.00	0.06550158	-3.877847	10.00	-3.800107
-5.264421	10.00	7.604518	0	0.00	0.06584415	-3.913874	10.00	-3.836401
-5.264421	10.00	7.672705	0	0.00	0.06818692	-3.947753	10.00	-3.870532
-5.264421	10.00	7.736828	0	0.00	0.0641228	-3.982735	10.00	-3.905773
-5.264421	10.00	7.803037	0	0.00	0.06620936	-4.017389	10.00	-3.940684
-5.264421	10.00	7.868625	0	0.00	0.06558792	-4.052533	10.00	-3.976089
-5.264421	10.00	7.93514	0	0.00	0.06651513	-4.087329	10.00	-4.011143
-5.264421	10.00	8.000998	0	0.00	0.0658583	-4.122272	10.00	-4.046346
-5.264421	10.00	8.067135	0	0.00	0.06613576	-4.157155	10.00	-4.081488
-5.264421	10.00	8.133156	0	0.00	0.06602109	-4.192111	10.00	-4.116704
-5.264421	10.00	8.199317	0	0.00	0.06616124	-4.226986	10.00	-4.151837
-5.264421	10.00	8.265323	0	0.00	0.06600552	-4.262012	10.00	-4.187122
-5.264421	10.00	8.331614	0	0.00	0.06629147	-4.297093	10.00	-4.222465
-5.264421	10.00	8.398011	0	0.00	0.06639764	-4.3319	10.00	-4.257528
-5.264421	10.00	8.463888	0	0.00	0.06587671	-4.36651	10.00	-4.292396
-5.264421	10.00	8.529394	0	0.00	0.06550582	-4.403507	10.00	-4.329668
-5.264421	10.00	8.599417	0	0.00	0.07002293	-4.436555	10.00	-4.362962
-5.264421	10.00	8.661967	0	0.00	0.0625501	-4.471562	10.00	-4.398228
-5.264421	10.00	8.728223	0	0.00	0.06625608	-4.506879	10.00	-4.433807
-5.264421	10.00	8.795067	0	0.00	0.06684354	-4.541314	10.00	-4.468498
-5.264421	10.00	8.860241	0	0.00	0.06517458	-4.576457	10.00	-4.503901
-5.264421	10.00	8.926753	0	0.00	0.0665123	-4.612129	10.00	-4.539838
-5.264421	10.00	8.994269	0	0.00	0.06751594	-4.64606	10.00	-4.574021
-5.264421	10.00	9.058489	0	0.00	0.06421907	-4.680934	10.00	-4.609155
-5.264421	10.00	9.124496	0	0.00	0.06600694	-4.717236	10.00	-4.645725
-5.264421	10.00	9.1932	0	0.00	0.06870503	-4.751029	10.00	-4.67977
-5.264421	10.00	9.257162	0	0.00	0.06396143	-4.78589	10.00	-4.714889
-5.264421	10.00	9.32314	0	0.00	0.06597862	-4.821671	10.00	-4.750937
-5.264421	10.00	9.390864	0	0.00	0.06772403	-4.855589	10.00	-4.785105
-5.264421	10.00	9.455058	0	0.00	0.06419358	-4.890688	10.00	-4.820465
-5.264421	10.00	9.521488	0	0.00	0.0664302	-4.926013	10.00	-4.856052
-5.264421	10.00	9.588347	0	0.00	0.06685911	-4.960598	10.00	-4.890893
-5.264421	10.00	9.653804	0	0.00	0.06545628	-4.995362	10.00	-4.925916
-5.264421	10.00	9.719603	0	0.00	0.06579885	-5.030679	10.00	-4.961494
-5.264421	10.00	9.786445	0	0.00	0.06684212	-5.065509	10.00	-4.996582
-5.264421	10.00	9.852365	0	0.00	0.06592058	-5.10029	10.00	-5.031623
-5.264421	10.00	9.918197	0	0.00	0.06583141	-5.135072	10.00	-5.066661
-5.264421	10.00	9.984024	0	0.00	0.06582716	-5.170017	10.00	-5.101867
-5.264421	10.00	10.05017	0	0.00	0.06614142	-5.205729	10.00	-5.137845
-5.264421	10.00	10.11776	0	0.00	0.06759097	-5.239937	10.00	-5.172306
-5.264421	10.00	10.1825	0	0.00	0.06474283	-5.2749	10.00	-5.207528
-5.262964	10.00	10.24867	0.001457687	0.00	0.06617256	-5.310641	10.00	-5.243533
-5.260164	10.00	10.31632	0.002800169	0.00	0.06764618	-5.344564	10.00	-5.277709
-5.256884	10.00	10.38052	0.003279481	0.00	0.06420632	-5.379448	10.00	-5.312852
-5.250955	10.00	10.44655	0.005929528	0.00	0.06602392	-5.414274	10.00	-5.347936
-5.244397	10.00	10.51246	0.006557704	0.00	0.06591209	-5.449112	10.00	-5.383033
-5.23656	10.00	10.5784	0.007837171	0.00	0.06593757	-5.484139	10.00	-5.41832
-5.228038	10.00	10.64469	0.008521672	0.00	0.06629571	-5.519565	10.00	-5.454009
-5.217472	10.00	10.71174	0.01056593	0.00	0.06704739	-5.553959	10.00	-5.488658
-5.205953	10.00	10.77684	0.01151942	0.00	0.06509814	-5.589005	10.00	-5.523964
-5.192931	10.00	10.84317	0.01302188	0.00	0.06632969	-5.623831	10.00	-5.559049
-5.178076	10.00	10.90908	0.01485487	0.00	0.06591351	-5.658767	10.00	-5.594243
-5.162534	10.00	10.9752	0.01554202	0.00	0.0661216	-5.693738	10.00	-5.629474
-5.145054	10.00	11.04139	0.01748033	0.00	0.06618813	-5.728494	10.00	-5.664487
-5.127044	10.00	11.10717	0.01800999	0.00	0.06578186	-5.763623	10.00	-5.699877
-5.108197	10.00	11.17366	0.01884679	0.00	0.06648682	-5.798477	10.00	-5.734989
-5.090136	10.00	11.23963	0.01806076	0.00	0.0659673	-5.833299	10.00	-5.77007
-5.072093	10.00	11.30553	0.01804371	0.00	0.06590501	-5.868336	10.00	-5.805367
-5.053936	10.00	11.37185	0.0181561	0.00	0.06631553	-5.903462	10.00	-5.840755
-5.035735	10.00	11.43833	0.01820184	0.00	0.06648257	-5.938231	10.00	-5.875782
-5.017718	10.00	11.50414	0.01801658	0.00	0.06580593	-5.973084	10.00	-5.910894
-4.999658	10.00	11.5701	0.01806038	0.00	0.06596588	-6.008011	10.00	-5.94608
-4.981559	10.00	11.63621	0.01809875	0.00	0.06610603	-6.042877	10.00	-5.981203
-4.963493	10.00	11.70219	0.0180658	0.00	0.0659857	-6.07782	10.00	-6.016406
-4.945386	10.00	11.76833	0.01810689	0.00	0.06613576	-6.11341	10.00	-6.05226
-4.926943	10.00	11.83569	0.01844251	0.00	0.06736165	-6.147614	10.00	-6.086718
-4.908594	10.00	11.90043	0.01835001	0.00	0.06473433	-6.182742	10.00	-6.122106
-4.894253	10.00	11.96563	0.0143403	0.00	0.06519925	-6.217906	10.00	-6.157531
-4.882476	10.00	12.0238	0.01177668	0.00	0.05817454	-6.252534	10.00	-6.192417
-4.877225	10.00	12.06586	0.005251549	0.00	0.04205998	-6.287354	10.00	-6.227496
-4.875773	10.00	12.09858	0.001451762	0.00	0.03272048	-6.322756	10.00	-6.263159
-4.875773	10.00	12.10071	0	0.00	0.002124734	-6.357312	10.00	-6.297973
-4.875773	10.00	12.10071	0	0.00	0	-6.39219	10.00	-6.333109
-4.875773	10.00	12.10071	0	0.00	0	-6.428026	10.00	-6.369211
-4.875773	10.00	12.10071	0	0.00	0	-6.461822	10.00	-6.403257
-4.875773	10.00	12.10071	0	0.00	0	-6.497025	10.00	-6.438722
-4.875773	10.00	12.10071	0	0.00	0	-6.531579	10.00	-6.473533
-4.875773	10.00	12.10071	0	0.00	0	-6.566743	10.00	-6.508957
-4.875773	10.00	12.10071	0	0.00	0	-6.601591	10.00	-6.544064
-4.875773	10.00	12.10071	0	0.00	0	-6.636516	10.00	-6.579247
-4.875773	10.00	12.10071	0	0.00	0	-6.671547	10.00	-6.614538
-4.875773	10.00	12.10071	0	0.00	0	-6.706383	10.00	-6.649634
-4.875773	10.00	12.10071	0	0.00	0	-6.741165	10.00	-6.684674
-4.875773	10.00	12.10071	0	0.00	0	-6.776212	10.00	-6.719981
-4.875773	10.00	12.10071	0	0.00	0	-6.812783	10.00	-6.756823
-4.875773	10.00	12.10071	0	0.00	0	-6.846176	10.00	-6.790463
-4.875773	10.00	12.10071	0	0.00	0	-6.881154	10.00	-6.825702
-4.875773	10.00	12.10071	0	0.00	0	-6.9162	10.00	-6.861008
-4.875773	10.00	12.10071	0	0.00	0	-6.950879	10.00	-6.895944
-4.875773	10.00	12.10071	0	0.00	0	-6.985835	10.00	-6.931159
-4.875773	10.00	12.10071	0	0.00	0	-7.022195	10.00	-6.967789
-4.875773	10.00	12.10222	0	0.00	0.001515937	-7.055998	10.00	-7.001843
-4.875773	10.00	12.11478	0	0.00	0.01256028	-7.090663	10.00	-7.036766
-4.875773	10.00	12.13402	0	0.00	0.01923328	-7.125669	10.00	-7.07203
-4.871106	10.00	12.16242	0.004667077	0.00	0.02840342	-7.160341	10.00	-7.106961
-4.863306	10.00	12.19945	0.007799987	0.00	0.03703008	-7.195289	10.00	-7.142168
-4.854164	10.00	12.24061	0.00914267	0.00	0.04116603	-7.230099	10.00	-7.177237
-4.842505	10.00	12.28417	0.0116587	0.00	0.04355664	-7.265018	10.00	-7.212413
-4.829531	10.00	12.3285	0.01297408	0.00	0.04432943	-7.300323	10.00	-7.247982
-4.81253	10.00	12.37332	0.01700115	0.00	0.04482415	-7.334741	10.00	-7.282654
-4.795326	10.00	12.41702	0.01720368	0.00	0.04369514	-7.369892	10.00	-7.318066
-4.775823	10.00	12.46165	0.0195026	0.00	0.04462569	-7.404758	10.00	-7.35319
-4.752645	10.00	12.50591	0.02317875	0.00	0.04426486	-7.439643	10.00	-7.388334
-4.727535	10.00	12.5502	0.02510913	0.00	0.0442886	-7.47474	10.00	-7.423694
-4.700343	10.00	12.59476	0.0271928	0.00	0.04456018	-7.509918	10.00	-7.459131
-4.672445	10.00	12.63942	0.02789773	0.00	0.04465893	-7.544426	10.00	-7.493894
-4.645077	10.00	12.68323	0.02736744	0.00	0.04381003	-7.579442	10.00	-7.529171
-4.617307	10.00	12.72768	0.02777079	0.00	0.04445572	-7.615382	10.00	-7.565379
-4.588803	10.00	12.77331	0.02850335	0.00	0.04562841	-7.676311	10.00	-7.62676
-4.541598	10.00	12.85067	0.04720554	0.00	0.07735455	-7.720225	10.00	-7.671
-4.507576	10.00	12.90642	0.03402171	0.00	0.05575054	-7.753987	10.00	-7.705012
-4.481419	10.00	12.94928	0.02615673	0.00	0.04286239	-7.789088	10.00	-7.740374
-4.454224	10.00	12.99384	0.02719512	0.00	0.04456397	-7.82497	10.00	-7.776522
-4.426425	10.00	13.0394	0.02779949	0.00	0.04555434	-7.858858	10.00	-7.810659
-4.400171	10.00	13.08242	0.02625408	0.00	0.04302191	-7.893984	10.00	-7.846048
-4.372956	10.00	13.12702	0.02721482	0.00	0.04459626	-7.929555	10.00	-7.881883
-4.344746	10.00	13.17217	0.02820973	0.00	0.04515839	-7.963474	10.00	-7.916053
-4.318467	10.00	13.21524	0.026279	0.00	0.04306274	-7.998284	10.00	-7.95112
-4.291498	10.00	13.25943	0.02696913	0.00	0.04419365	-8.033323	10.00	-7.986421
-4.264351	10.00	13.30392	0.02714702	0.00	0.04448516	-8.068067	10.00	-8.02142
-4.237434	10.00	13.34802	0.02691698	0.00	0.04410819	-8.103271	10.00	-8.056887
-4.210159	10.00	13.39272	0.02727451	0.00	0.04469406	-8.137859	10.00	-8.091732
-4.183362	10.00	13.4379	0.02679761	0.00	0.04518036	-8.172903	10.00	-8.127035
-4.156211	10.00	13.48432	0.0271505	0.00	0.04641756	-8.207902	10.00	-8.162295
-4.129096	10.00	13.53067	0.02711573	0.00	0.04635812	-8.242843	10.00	-8.197494
-4.102026	10.00	13.57695	0.02706996	0.00	0.04627986	-8.277949	10.00	-8.232862
-4.074826	10.00	13.62346	0.02719918	0.00	0.04650078	-8.312791	10.00	-8.267961
-4.047834	10.00	13.6696	0.02699231	0.00	0.04614711	-8.3475	10.00	-8.302929
-4.020942	10.00	13.71558	0.02689206	0.00	0.04597573	-8.382486	10.00	-8.338174
-3.993837	10.00	13.76192	0.02710472	0.00	0.0463393	-8.417535	10.00	-8.373483
-3.966683	10.00	13.80834	0.02715456	0.00	0.0464245	-8.452414	10.00	-8.40862
-3.939661	10.00	13.85454	0.02702186	0.00	0.04619763	-8.487234	10.00	-8.4437
-3.912683	10.00	13.90066	0.0269784	0.00	0.04612333	-8.522643	10.00	-8.479372
-3.88525	10.00	13.94756	0.0274327	0.00	0.04690002	-8.557124	10.00	-8.514109
-3.858536	10.00	13.99323	0.02671417	0.00	0.04567159	-8.592134	10.00	-8.549378
-3.831411	10.00	14.03961	0.02712443	0.00	0.04637298	-8.627458	10.00	-8.584964
-3.804044	10.00	14.08639	0.02736664	0.00	0.04678708	-8.661937	10.00	-8.619699
-3.777332	10.00	14.13206	0.02671243	0.00	0.04566862	-8.697086	10.00	-8.655108
-3.7501	10.00	14.17862	0.0272322	0.00	0.04655724	-8.732668	10.00	-8.690955
-3.722532	10.00	14.22575	0.02756771	0.00	0.04713084	-8.766665	10.00	-8.725204
-3.696194	10.00	14.27078	0.0263381	0.00	0.04502865	-8.801473	10.00	-8.76027
-3.669226	10.00	14.31688	0.02696797	0.00	0.04610551	-8.836485	10.00	-8.795542
-3.642101	10.00	14.36326	0.02712558	0.00	0.04637497	-8.87129	10.00	-8.830606
-3.615135	10.00	14.40936	0.02696508	0.00	0.04610055	-8.906409	10.00	-8.865984
-3.587927	10.00	14.45588	0.02720845	0.00	0.04651663	-8.941181	10.00	-8.901015
-3.560987	10.00	14.50194	0.02694016	0.00	0.04605795	-8.976142	10.00	-8.936235
-3.533902	10.00	14.54824	0.02708502	0.00	0.04630562	-9.011322	10.00	-8.971676
-3.506646	10.00	14.59484	0.02725596	0.00	0.04659786	-9.04619	10.00	-9.006804
-3.47963	10.00	14.64103	0.02701549	0.00	0.04618674	-9.080959	10.00	-9.041833
-3.452693	10.00	14.68963	0.02693726	0.00	0.04860177	-9.116053	10.00	-9.077185
-3.425506	10.00	14.74061	0.02718759	0.00	0.05098275	-9.150944	10.00	-9.112334
-3.398473	10.00	14.79514	0.02703229	0.00	0.05452818	-9.185678	10.00	-9.147326
-3.372199	10.00	14.85006	0.02627461	0.00	0.05492046	-9.222409	10.00	-9.184331
-3.344415	10.00	14.91015	0.02778347	0.00	0.06009374	-9.255633	10.00	-9.217801
-3.319283	10.00	14.96451	0.02513179	0.00	0.05435835	-9.290396	10.00	-9.252822
-3.292989	10.00	15.02139	0.02629498	0.00	0.05687424	-9.325727	10.00	-9.288415
-3.266263	10.00	15.07919	0.02672551	0.00	0.05780545	-9.360224	10.00	-9.32317
-3.240168	10.00	15.13563	0.02609527	0.00	0.05644227	-9.395235	10.00	-9.358438
-3.213686	10.00	15.19291	0.02648224	0.00	0.05727927	-9.430279	10.00	-9.393744
-3.187177	10.00	15.25025	0.02650827	0.00	0.05733556	-9.465087	10.00	-9.428809
-3.160848	10.00	15.3072	0.02632949	0.00	0.05694888	-9.500004	10.00	-9.463984
-3.134435	10.00	15.36432	0.02641265	0.00	0.05712876	-9.535232	10.00	-9.499475
-3.107788	10.00	15.42196	0.02664744	0.00	0.05763659	-9.569807	10.00	-9.534307
-3.081635	10.00	15.48043	0.02615298	0.00	0.05846798	-9.604864	10.00	-9.569621
-3.055118	10.00	15.541	0.02651675	0.00	0.06056612	-9.640751	10.00	-9.605776
-3.027972	10.00	15.60563	0.02714643	0.00	0.06463514	-9.674566	10.00	-9.639842
-3.002393	10.00	15.66715	0.02557874	0.00	0.0615222	-9.709805	10.00	-9.675343
-2.977028	10.00	15.7332	0.0253643	0.00	0.06605051	-9.744643	10.00	-9.710441
-2.951953	10.00	15.79914	0.02507575	0.00	0.06593757	-9.779383	10.00	-9.745438
-2.926948	10.00	15.86489	0.02500469	0.00	0.06575072	-9.814524	10.00	-9.78084
-2.902942	10.00	15.9314	0.02400625	0.00	0.0665123	-9.849203	10.00	-9.815776
-2.879253	10.00	15.99704	0.02368897	0.00	0.06563322	-9.884146	10.00	-9.850978
-2.855382	10.00	16.06317	0.02387035	0.00	0.06613576	-9.918976	10.00	-9.886066
-2.83159	10.00	16.12909	0.02379218	0.00	0.06591917	-9.953856	10.00	-9.921206
-2.807762	10.00	16.19511	0.02382794	0.00	0.06601826	-9.989033	10.00	-9.956643
-2.784377	10.00	16.26169	0.02338509	0.00	0.06657741	-10.02386	10.00	-9.99173
-2.761862	10.00	16.32761	0.02251512	0.00	0.06591775	-10.05923	10.00	-10.02736
-2.739648	10.00	16.39454	0.02221369	0.00	0.06693272	-10.09383	10.00	-10.06222
-2.719179	10.00	16.46004	0.02046935	0.00	0.06549875	-10.1298	10.00	-10.09845
-2.699225	10.00	16.5281	0.0199541	0.00	0.06806802	-10.16357	10.00	-10.13247
-2.680487	10.00	16.59203	0.01873822	0.00	0.06392038	-10.19844	10.00	-10.1676
-2.662417	10.00	16.65803	0.01806968	0.00	0.06599986	-10.23438	10.00	-10.20381
-2.642478	10.00	16.72604	0.01993874	0.00	0.06801564	-10.26836	10.00	-10.23804
-2.624247	10.00	16.79036	0.01823164	0.00	0.06431673	-10.3033	10.00	-10.27324
-2.606783	10.00	16.85648	0.01746388	0.00	0.06612585	-10.33909	10.00	-10.30929
-2.589549	10.00	16.92422	0.01723344	0.00	0.06773677	-10.37308	10.00	-10.34354
-2.575674	10.00	16.98855	0.0138756	0.00	0.06433231	-10.40801	10.00	-10.37873
-2.562054	10.00	17.05467	0.01361982	0.00	0.06611452	-10.44407	10.00	-10.41506
-2.550637	10.00	17.12292	0.01141712	0.00	0.06825487	-10.47774	10.00	-10.44898
-2.540594	10.00	17.18665	0.01004258	0.00	0.06372644	-10.51256	10.00	-10.48406
-2.531484	10.00	17.25256	0.009110385	0.00	0.06591067	-10.54759	10.00	-10.51934
-2.524247	10.00	17.31884	0.007236568	0.00	0.06628439	-10.58241	10.00	-10.55442
-2.517691	10.00	17.38474	0.006556436	0.00	0.06589935	-10.61739	10.00	-10.58967
-2.511744	10.00	17.45096	0.005946945	0.00	0.06621785	-10.65228	10.00	-10.62481
-2.506453	10.00	17.51699	0.00529068	0.00	0.06602959	-10.68718	10.00	-10.65997
-2.503719	10.00	17.58305	0.002734306	0.00	0.06605507	-10.72228	10.00	-10.69533
-2.503719	10.00	17.64947	0	0.00	0.06642453	-10.75705	10.00	-10.73036
-2.503719	10.00	17.71528	0	0.00	0.06581017	-10.79203	10.00	-10.7656
-2.503719	10.00	17.78149	0	0.00	0.06620653	-10.82799	10.00	-10.80182
-2.503719	10.00	17.84954	0	0.00	0.0680567	-10.86192	10.00	-10.836
-2.503719	10.00	17.91376	0	0.00	0.06421765	-10.89657	10.00	-10.87092
-2.503719	10.00	17.97936	0	0.00	0.065595	-10.93186	10.00	-10.90647
-2.503719	10.00	18.04615	0	0.00	0.06679825	-10.96661	10.00	-10.94148
-2.503719	10.00	18.11192	0	0.00	0.06576487	-11.00152	10.00	-10.97664
-2.503719	10.00	18.17799	0	0.00	0.06606639	-11.03689	10.00	-11.01228
-2.503719	10.00	18.24494	0	0.00	0.06694971	-11.07129	10.00	-11.04693
-2.503719	10.00	18.31003	0	0.00	0.06509531	-11.10623	10.00	-11.08213
-2.503719	10.00	18.37617	0	0.00	0.06613576	-11.14267	10.00	-11.11884
-2.503719	10.00	18.44514	0	0.00	0.06897257	-11.17625	10.00	-11.15267
-2.503719	10.00	18.50869	0	0.00	0.06354808	-11.21097	10.00	-11.18765
-2.503719	10.00	18.57442	0	0.00	0.06572948	-11.24694	10.00	-11.22389
-2.503719	10.00	18.64249	0	0.00	0.06807085	-11.28076	10.00	-11.25795
-2.503719	10.00	18.70648	0	0.00	0.06399681	-11.31601	10.00	-11.29347
-2.503719	10.00	18.77322	0	0.00	0.06673454	-11.35084	10.00	-11.32855
-2.503719	10.00	18.83912	0	0.00	0.06590501	-11.38583	10.00	-11.36381
-2.503719	10.00	18.90537	0	0.00	0.06624334	-11.42057	10.00	-11.3988
-2.503719	10.00	18.9711	0	0.00	0.06572948	-11.45543	10.00	-11.43392
-2.503719	10.00	19.03708	0	0.00	0.06598712	-11.49039	10.00	-11.46914
-2.503719	10.00	19.10326	0	0.00	0.06617256	-11.52546	10.00	-11.50447
-2.503719	10.00	19.16962	0	0.00	0.06636649	-11.56011	10.00	-11.53938
-2.503719	10.00	19.2352	0	0.00	0.06557943	-11.5952	10.00	-11.57473
-2.503719	10.00	19.30162	0	0.00	0.06641462	-11.62999	10.00	-11.60978
-2.503719	10.00	19.36747	0	0.00	0.06584981	-11.66501	10.00	-11.64506
-2.503719	10.00	19.43375	0	0.00	0.06628156	-11.69983	10.00	-11.68014
-2.503719	10.00	19.49965	0	0.00	0.06590501	-11.73712	10.00	-11.7177
-2.503719	10.00	19.57022	0	0.00	0.07057076	-11.76968	10.00	-11.75051
-2.503719	10.00	19.63186	0	0.00	0.06163705	-11.80468	10.00	-11.78576
-2.503719	10.00	19.6981	0	0.00	0.06623767	-11.83987	10.00	-11.82121
-2.503719	10.00	19.7647	0	0.00	0.06660006	-11.87472	10.00	-11.85633
-2.503719	10.00	19.83067	0	0.00	0.06596871	-11.90989	10.00	-11.89175
-2.503719	10.00	19.89722	0	0.00	0.06655052	-11.94561	10.00	-11.92774
-2.503719	10.00	19.96483	0	0.00	0.06761362	-11.97927	10.00	-11.96165
-2.503719	10.00	20.02854	0	0.00	0.06370804	-12.01414	10.00	-11.99678
-2.503719	10.00	20.09454	0	0.00	0.06600127	-12.05009	10.00	-12.033
-2.503538	10.00	20.16258	0.0001811875	0.00	0.06804395	-12.08402	10.00	-12.06718
-2.500258	10.00	20.2268	0.003279842	0.00	0.0642134	-12.11905	10.00	-12.10247
-2.495587	10.00	20.2931	0.004670667	0.00	0.06630421	-12.15385	10.00	-12.13752
-2.49031	10.00	20.35896	0.005276616	0.00	0.06585406	-12.18873	10.00	-12.17267
-2.48438	10.00	20.42499	0.005930037	0.00	0.06602959	-12.22388	10.00	-12.20808
-2.477762	10.00	20.49151	0.006618405	0.00	0.0665222	-12.25888	10.00	-12.24334
-2.469888	10.00	20.55775	0.007873681	0.00	0.06624475	-12.29347	10.00	-12.27819
-2.461473	10.00	20.62322	0.008415773	0.00	0.06547185	-12.32851	10.00	-12.31348
-2.452308	10.00	20.68953	0.009164584	0.00	0.06630279	-12.36351	10.00	-12.34874
-2.442509	10.00	20.75578	0.009799049	0.00	0.06625183	-12.39843	10.00	-12.38392
-2.432094	10.00	20.82187	0.0104149	0.00	0.06608904	-12.43324	10.00	-12.41899
-2.421072	10.00	20.88776	0.01102192	0.00	0.06589227	-12.46817	10.00	-12.45417
-2.408736	10.00	20.95386	0.01233602	0.00	0.06609612	-12.50305	10.00	-12.48931
-2.395776	10.00	21.01987	0.01295991	0.00	0.06601401	-12.54017	10.00	-12.52672
-2.379939	10.00	21.09014	0.01583716	0.00	0.07027207	-12.5732	10.00	-12.55999
-2.365246	10.00	21.15265	0.01469354	0.00	0.06251188	-12.60814	10.00	-12.59519
-2.348421	10.00	21.21878	0.01682468	0.00	0.06613009	-12.64392	10.00	-12.63123
-2.329229	10.00	21.28649	0.01919228	0.00	0.06770563	-12.67801	10.00	-12.66557
-2.310938	10.00	21.35101	0.01829023	0.00	0.06452341	-12.71282	10.00	-12.70064
-2.292898	10.00	21.41691	0.01804022	0.00	0.06589227	-12.74871	10.00	-12.7368
-2.2743	10.00	21.48483	0.01859793	0.00	0.06792929	-12.78245	10.00	-12.77079
-2.256819	10.00	21.54869	0.01748175	0.00	0.06385243	-12.81761	10.00	-12.80621
-2.237313	10.00	21.61523	0.01950592	0.00	0.06653919	-12.85353	10.00	-12.84239
-2.216066	10.00	21.68321	0.02124619	0.00	0.0679845	-12.88715	10.00	-12.87626
-2.194947	10.00	21.74562	0.02111952	0.00	0.06240349	-12.92232	10.00	-12.9117
-2.17221	10.00	21.81025	0.02273656	0.00	0.06463243	-12.95721	10.00	-12.94685
-2.149012	10.00	21.87118	0.02319864	0.00	0.0609304	-12.99242	10.00	-12.98232
-2.125609	10.00	21.932	0.023403	0.00	0.06082198	-13.02693	10.00	-13.01708
-2.102032	10.00	21.98847	0.02357657	0.00	0.05646675	-13.06194	10.00	-13.05235
-2.077476	10.00	22.03868	0.02455585	0.00	0.0502184	-13.09659	10.00	-13.08726
-2.052536	10.00	22.08648	0.02494009	0.00	0.04780051	-13.13175	10.00	-13.12268
-2.025942	10.00	22.1337	0.02659426	0.00	0.04721246	-13.16646	10.00	-13.15765
-1.999683	10.00	22.18032	0.02625933	0.00	0.04661787	-13.20152	10.00	-13.19297
-1.973163	10.00	22.22739	0.02651902	0.00	0.04707888	-13.23642	10.00	-13.22813
-1.946763	10.00	22.27426	0.02640021	0.00	0.04686796	-13.27147	10.00	-13.26343
-1.920255	10.00	22.32132	0.02650827	0.00	0.0470598	-13.30655	10.00	-13.29878
-1.893716	10.00	22.36844	0.02653938	0.00	0.04711504	-13.34134	10.00	-13.33383
-1.867397	10.00	22.41516	0.02631874	0.00	0.04672333	-13.37608	10.00	-13.36882
-1.841123	10.00	22.4618	0.02627348	0.00	0.04664298	-13.41048	10.00	-13.40348
-1.814698	10.00	22.50872	0.02642567	0.00	0.04691316	-13.44487	10.00	-13.43814
-1.787808	10.00	22.55645	0.02688958	0.00	0.04773674	-13.47742	10.00	-13.47094
-1.761885	10.00	22.60247	0.02592328	0.00	0.04602128	-13.51019	10.00	-13.50397
-1.735312	10.00	22.64836	0.02657276	0.00	0.0458867	-13.5421	10.00	-13.53614
-1.708884	10.00	22.69336	0.0264285	0.00	0.04499727	-13.57335	10.00	-13.56764
-1.682449	10.00	22.73837	0.02643472	0.00	0.04500787	-13.60362	10.00	-13.59817
-1.656263	10.00	22.78295	0.02618635	0.00	0.044585	-13.6338	10.00	-13.62861
-1.629516	10.00	22.82849	0.02674701	0.00	0.04553958	-13.66266	10.00	-13.65771
-1.60327	10.00	22.87318	0.02624576	0.00	0.04468614	-13.69096	10.00	-13.68626
-1.576857	10.00	22.91815	0.02641265	0.00	0.0449703	-13.7183	10.00	-13.71385
-1.550582	10.00	22.96288	0.02627518	0.00	0.04473623	-13.745	10.00	-13.74078
-1.524147	10.00	23.00789	0.02643529	0.00	0.04500883	-13.77085	10.00	-13.76686
-1.497737	10.00	23.05286	0.02640983	0.00	0.04496549	-13.79587	10.00	-13.79211
-1.471333	10.00	23.09781	0.02640417	0.00	0.04495585	-13.82008	10.00	-13.81653
-1.444936	10.00	23.14276	0.02639625	0.00	0.04494237	-13.84353	10.00	-13.8402
-1.417178	10.00	23.18784	0.02775893	0.00	0.04507818	-13.86607	10.00	-13.86296
-1.389516	10.00	23.23276	0.02766165	0.00	0.04492021	-13.88771	10.00	-13.8848
-1.362517	10.00	23.27764	0.02699868	0.00	0.04488072	-13.90839	10.00	-13.90567
-1.335604	10.00	23.32237	0.02691292	0.00	0.04473816	-13.92841	10.00	-13.92588
-1.308387	10.00	23.36762	0.02721714	0.00	0.04524387	-13.94737	10.00	-13.94503
-1.281387	10.00	23.4125	0.02699984	0.00	0.04488264	-13.96572	10.00	-13.96355
-1.253961	10.00	23.45809	0.02742632	0.00	0.0455916	-13.98287	10.00	-13.98086
-1.226974	10.00	23.50295	0.02698652	0.00	0.04486049	-13.99905	10.00	-13.99721
-1.200094	10.00	23.54764	0.02688047	0.00	0.04468422	-14.01503	10.00	-14.01336
-1.171976	10.00	23.59438	0.02811762	0.00	0.04674076	-14.02887	10.00	-14.02733
-1.146042	10.00	23.63749	0.0259348	0.00	0.0431122	-14.04238	10.00	-14.04098
-1.119086	10.00	23.6823	0.02695581	0.00	0.04480944	-14.05523	10.00	-14.05398
-1.091575	10.00	23.72803	0.02751092	0.00	0.04573223	-14.06677	10.00	-14.06564
-1.064893	10.00	23.77238	0.02668172	0.00	0.04435382	-14.0776	10.00	-14.07659
-1.037712	10.00	23.81757	0.02718121	0.00	0.04518415	-14.08766	10.00	-14.08677
-1.010007	10.00	23.86362	0.02770504	0.00	0.04605492	-14.09627	10.00	-14.09548
-0.983678	10.00	23.90739	0.02632883	0.00	0.0437672	-14.10417	10.00	-14.10348
-0.9566341	10.00	23.95235	0.02704388	0.00	0.04495585	-14.11106	10.00	-14.11046
-0.9296557	10.00	23.99719	0.0269784	0.00	0.044847	-14.11692	10.00	-14.11641
-0.9025753	10.00	24.04221	0.02708039	0.00	0.04501654	-14.1211	10.00	-14.12066
-0.8756427	10.00	24.08698	0.02693263	0.00	0.04477091	-14.12403	10.00	-14.12367
-0.848465	10.00	24.13216	0.02717774	0.00	0.04517836	-14.12659	10.00	-14.12629
-0.8214431	10.00	24.17708	0.02702186	0.00	0.04491925	-14.12878	10.00	-14.12853
-0.7943853	10.00	24.22206	0.02705779	0.00	0.04497897	-14.13077	10.00	-14.13057
-0.7668918	10.00	24.26776	0.02749354	0.00	0.04570333	-14.13242	10.00	-14.13227
-0.7402523	10.00	24.31205	0.02663942	0.00	0.04428351	-14.1338	10.00	-14.13368
-0.713176	10.00	24.35706	0.02707633	0.00	0.0450098	-14.13503	10.00	-14.13494
-0.6861373	10.00	24.402	0.02703867	0.00	0.04494718	-14.13611	10.00	-14.13604
-0.6588889	10.00	24.4473	0.02724843	0.00	0.04529588	-14.13695	10.00	-14.1369
-0.6318659	10.00	24.49222	0.02702302	0.00	0.04492117	-14.13761	10.00	-14.13757
-0.6049524	10.00	24.53696	0.02691351	0.00	0.04473912	-14.13825	10.00	-14.13822
-0.5761788	10.00	24.58479	0.02877356	0.00	0.04783116	-14.13874	10.00	-14.13872
-0.5505738	10.00	24.62735	0.02560509	0.00	0.0425641	-14.13918	10.00	-14.13917
-0.5235785	10.00	24.67223	0.02699521	0.00	0.04487494	-14.13955	10.00	-14.13954
-0.4965967	10.00	24.71708	0.02698188	0.00	0.04485279	-14.13984	10.00	-14.13984
-0.4687502	10.00	24.76337	0.02784643	0.00	0.04628996	-14.14	10.00	-14.14
-0.4424399	10.00	24.80711	0.02631029	0.00	0.04373638	-14.14	10.00	-14.14
-0.4154482	10.00	24.85198	0.02699173	0.00	0.04486916	-14.14	10.00	-14.14
-0.3876197	10.00	24.89824	0.02782847	0.00	0.0462601	-14.14	10.00	-14.14
-0.3614984	10.00	24.94166	0.02612139	0.00	0.04342236	-14.14	10.00	-14.14
-0.3343687	10.00	24.98676	0.02712964	0.00	0.04509841	-14.14	10.00	-14.14
-0.3072744	10.00	25.03372	0.0270943	0.00	0.04696237	-14.14	10.00	-14.14
-0.2802514	10.00	25.08312	0.02702302	0.00	0.04939571	-14.14	10.00	-14.14
-0.2531814	10.00	25.1358	0.02706996	0.00	0.05268316	-14.14	10.00	-14.14
-0.2261289	10.00	25.19293	0.02705257	0.00	0.05712876	-14.14	10.00	-14.14
-0.1990166	10.00	25.25339	0.02711226	0.00	0.06046145	-14.14	10.00	-14.14
-0.1726798	10.00	25.31482	0.02633684	0.00	0.06143136	-14.14	10.00	-14.14
-0.146301	10.00	25.37827	0.02637871	0.00	0.06344631	-14.14	10.00	-14.14
-0.1218407	10.00	25.44363	0.02446037	0.00	0.06536079	-14.14	10.00	-14.14
-0.09849636	10.00	25.51009	0.02334432	0.00	0.06646134	-14.14	10.00	-14.14
-0.07527633	10.00	25.5762	0.02322002	0.00	0.06610744	-14.14	10.00	-14.14
-0.05343989	10.00	25.64199	0.02183644	0.00	0.06579602	-14.14	10.00	-14.14
-0.03018277	10.00	25.71207	0.02325713	0.00	0.07007672	-14.14	10.00	-14.14
-0.00957392	10.00	25.77417	0.02060885	0.00	0.06209711	-14.14	10.00	-14.14
0.01186396	10.00	25.8407	0.02143788	0.00	0.06653636	-14.14	10.00	-14.14
0.03180063	10.00	25.90871	0.01993667	0.00	0.06800856	-14.14	10.00	-14.14
0.04925835	10.00	25.97248	0.01745772	0.00	0.06376466	-14.14	10.00	-14.14
0.06800561	10.00	26.03861	0.01874727	0.00	0.06613576	-14.14	10.00	-14.14
0.08625861	10.00	26.10528	0.01825299	0.00	0.06666943	-14.14	10.00	-14.14
0.1041403	10.00	26.1706	0.01788171	0.00	0.0653133	-14.14	10.00	-14.14
0.1204012	10.00	26.23704	0.01626091	0.00	0.06644294	-14.14	10.00	-14.14
0.1347827	10.00	26.30371	0.01438151	0.00	0.06667792	-14.14	10.00	-14.14
0.1482396	10.00	26.36904	0.0134568	0.00	0.06532321	-14.14	10.00	-14.14
0.1599423	10.00	26.43517	0.01170279	0.00	0.06613434	-14.14	10.00	-14.14
0.1699681	10.00	26.50296	0.0100258	0.00	0.0677849	-14.14	10.00	-14.14
21.21561
