0	10.00	-49.88076	0	0.00	0.1192369	28.28002	10.00	28.28002
0	10.00	-49.61256	0	0.00	0.268198	28.27806	10.00	28.27793
0	10.00	-49.56451	0	0.00	0.04806025	28.27391	10.00	28.27339
0	10.00	-49.48683	0	0.00	0.07767837	28.26861	10.00	28.2677
0	10.00	-49.42072	0	0.00	0.06610178	28.26158	10.00	28.26036
0	10.00	-49.3529	0	0.00	0.0678217	28.25295	10.00	28.25163
0	10.00	-49.28595	0	0.00	0.06695113	28.24294	10.00	28.24145
0	10.00	-49.22004	0	0.00	0.06590784	28.23133	10.00	28.22966
0	10.00	-49.15369	0	0.00	0.06635092	28.21823	10.00	28.21631
0	10.00	-49.08739	0	0.00	0.06629854	28.20366	10.00	28.20159
0	10.00	-49.02171	0	0.00	0.06567994	28.18734	10.00	28.18505
0	10.00	-48.9549	0	0.00	0.0668209	28.16941	10.00	28.16695
0	10.00	-48.88807	0	0.00	0.06682514	28.15138	10.00	28.14874
0	10.00	-48.82623	0	0.00	0.06183382	28.13063	10.00	28.12783
0	10.00	-48.76007	0	0.00	0.06616548	28.10839	10.00	28.10539
0	10.00	-48.69398	0	0.00	0.06608479	28.08466	10.00	28.08152
0	10.00	-48.62816	0	0.00	0.06582575	28.0592	10.00	28.05593
0	10.00	-48.56178	0	0.00	0.06638207	28.02986	10.00	28.0265
0	10.00	-48.48978	0	0.00	0.07199483	27.9934	10.00	27.98996
0	10.00	-48.40556	0	0.00	0.08421833	27.95823	10.00	27.9547
0	10.00	-48.32954	0	0.00	0.07601931	27.90852	10.00	27.90489
0	10.00	-48.2405	0	0.00	0.08904236	27.8632	10.00	27.85952
0	10.00	-48.17131	0	0.00	0.06918677	27.80704	10.00	27.80332
0	10.00	-48.14177	0	0.00	0.02954112	27.76469	10.00	27.76098
0	10.00	-48.12996	0	0.00	0.01180965	27.69959	10.00	27.69588
0	10.00	-48.12996	0	0.00	0	27.65635	10.00	27.65265
0	10.00	-48.12996	0	0.00	0	27.59392	10.00	27.59023
0	10.00	-48.12996	0	0.00	0	27.55893	10.00	27.55523
0	10.00	-48.12996	0	0.00	0	27.49077	10.00	27.48708
0	10.00	-48.12996	0	0.00	0	27.45536	10.00	27.45168
0	10.00	-48.12996	0	0.00	0	27.42029	10.00	27.41662
0	10.00	-48.12996	0	0.00	0	27.35096	10.00	27.34728
0	10.00	-48.12996	0	0.00	0	27.31616	10.00	27.31249
0	10.00	-48.12996	0	0.00	0	27.28127	10.00	27.27759
0	10.00	-48.12996	0	0.00	0	27.21087	10.00	27.20721
0	10.00	-48.12996	0	0.00	0	27.17595	10.00	27.1723
0	10.00	-48.12996	0	0.00	0	27.13895	10.00	27.1353
0	10.00	-48.12996	0	0.00	0	27.07113	10.00	27.06748
0	10.00	-48.12996	0	0.00	0	27.03469	10.00	27.03105
0	10.00	-48.12996	0	0.00	0	26.99826	10.00	26.99462
0	10.00	-48.12996	0	0.00	0	26.93014	10.00	26.9265
0	10.00	-48.12996	0	0.00	0	26.89449	10.00	26.89086
0	10.00	-48.12996	0	0.00	0	26.85904	10.00	26.85541
0	10.00	-48.12996	0	0.00	0	26.79086	10.00	26.78723
0	10.00	-48.12996	0	0.00	0	26.75564	10.00	26.75202
0	10.00	-48.12996	0	0.00	0	26.68419	10.00	26.68058
0	10.00	-48.12996	0	0.00	0	26.65052	10.00	26.6469
0	10.00	-48.12996	0	0.00	0	26.61507	10.00	26.61146
0	10.00	-48.12996	0	0.00	0	26.54457	10.00	26.54096
0	10.00	-48.12996	0	0.00	0	26.51002	10.00	26.50641
0	10.00	-48.12996	0	0.00	0	26.43951	10.00	26.43591
0	10.00	-48.12996	0	0.00	0	26.40359	10.00	26.39999
0	10.00	-48.12996	0	0.00	0	26.33467	10.00	26.33108
0	10.00	-48.12996	0	0.00	0	26.29955	10.00	26.29596
0	10.00	-48.12996	0	0.00	0	26.26499	10.00	26.26142
0	10.00	-48.12996	0	0.00	0	26.19457	10.00	26.19099
0	10.00	-48.12996	0	0.00	0	26.15895	10.00	26.15539
0	10.00	-48.12996	0	0.00	0	26.12419	10.00	26.12062
0	10.00	-48.12996	0	0.00	0	26.05396	10.00	26.0504
0	10.00	-48.12996	0	0.00	0	26.0167	10.00	26.01314
0	10.00	-48.12996	0	0.00	0	25.94913	10.00	25.94557
0	10.00	-48.12996	0	0.00	0	25.91427	10.00	25.91072
0	10.00	-48.12996	0	0.00	0	25.87899	10.00	25.87545
0	10.00	-48.12996	0	0.00	0	25.80877	10.00	25.80522
0	10.00	-48.12996	0	0.00	0	25.77316	10.00	25.76963
0	10.00	-48.12996	0	0.00	0	25.73882	10.00	25.73528
0	10.00	-48.12996	0	0.00	0	25.6686	10.00	25.66507
0	10.00	-48.12996	0	0.00	0	25.63264	10.00	25.62911
0	10.00	-48.12996	0	0.00	0	25.59824	10.00	25.59471
0	10.00	-48.12996	0	0.00	0	25.52884	10.00	25.52532
0	10.00	-48.12996	0	0.00	0	25.49263	10.00	25.48912
0	10.00	-48.12996	0	0.00	0	25.45705	10.00	25.45354
0	10.00	-48.12996	0	0.00	0	25.38794	10.00	25.38443
0	10.00	-48.12996	0	0.00	0	25.34903	10.00	25.34554
0	10.00	-48.12996	0	0.00	0	25.28292	10.00	25.27943
0	10.00	-48.12996	0	0.00	0	25.24621	10.00	25.24272
0	10.00	-48.12996	0	0.00	0	25.17759	10.00	25.1741
0	10.00	-48.12996	0	0.00	0	25.14234	10.00	25.13886
0	10.00	-48.12996	0	0.00	0	25.07168	10.00	25.06821
0	10.00	-48.11026	0	0.00	0.0197053	25.02918	10.00	25.02571
0	10.00	-48.079	0	0.00	0.03125674	24.96572	10.00	24.96225
-0.001477182	10.00	-47.98252	-0.001477182	0.00	0.09648018	24.93198	10.00	24.92853
-0.01211693	10.00	-47.92507	-0.01063975	0.00	0.05744849	24.89807	10.00	24.89461
-0.03705774	10.00	-47.86236	-0.02494081	0.00	0.06271583	24.82808	10.00	24.82462
-0.1102474	10.00	-47.73038	-0.07318967	0.00	0.1319714	24.79245	10.00	24.789
-0.1494547	10.00	-47.66321	-0.03920727	0.00	0.06717762	24.75784	10.00	24.75439
-0.1875367	10.00	-47.59796	-0.03808201	0.00	0.06524961	24.68771	10.00	24.68427
-0.2647095	10.00	-47.46573	-0.07717279	0.00	0.1322276	24.65212	10.00	24.64868
-0.3058309	10.00	-47.39861	-0.0411214	0.00	0.06711675	24.61689	10.00	24.61345
-0.3471714	10.00	-47.33219	-0.04134047	0.00	0.06642453	24.54761	10.00	24.54418
-0.4284753	10.00	-47.20155	-0.08130392	0.00	0.1306365	24.51053	10.00	24.5071
-0.4719857	10.00	-47.13164	-0.0435104	0.00	0.0699111	24.44243	10.00	24.43901
-0.5518994	10.00	-47.00324	-0.07991369	0.00	0.1284027	24.40693	10.00	24.40351
-0.5948541	10.00	-46.93631	-0.04295477	0.00	0.06693555	24.37197	10.00	24.36856
-0.6377885	10.00	-46.8704	-0.04293435	0.00	0.06590926	24.30108	10.00	24.29768
-0.7261549	10.00	-46.73673	-0.08836637	0.00	0.1336659	24.26537	10.00	24.26196
-0.7706735	10.00	-46.66939	-0.04451868	0.00	0.06734041	24.19646	10.00	24.19306
-0.8565777	10.00	-46.53945	-0.08590417	0.00	0.1299415	24.16007	10.00	24.15668
-0.9019293	10.00	-46.47085	-0.04535157	0.00	0.06860027	24.12601	10.00	24.12262
-0.9443891	10.00	-46.40662	-0.04245984	0.00	0.06422614	24.05599	10.00	24.05261
-1.031665	10.00	-46.2746	-0.08727612	0.00	0.1320167	24.01942	10.00	24.01604
-1.077258	10.00	-46.20564	-0.04559302	0.00	0.06896549	23.98585	10.00	23.98246
-1.119111	10.00	-46.14233	-0.04185248	0.00	0.06330743	23.91666	10.00	23.91328
-1.205353	10.00	-46.01188	-0.08624202	0.00	0.1304525	23.88036	10.00	23.87699
-1.250603	10.00	-45.94343	-0.0452505	0.00	0.06844739	23.84002	10.00	23.83665
-1.300882	10.00	-45.86738	-0.05027875	0.00	0.07605328	23.77541	10.00	23.77205
-1.381419	10.00	-45.74556	-0.08053716	0.00	0.1218231	23.74076	10.00	23.7374
-1.424616	10.00	-45.68021	-0.04319728	0.00	0.06534161	23.67113	10.00	23.66778
-1.51141	10.00	-45.54893	-0.08679322	0.00	0.1312863	23.63457	10.00	23.63122
-1.556988	10.00	-45.47998	-0.04557805	0.00	0.06894284	23.5997	10.00	23.59636
-1.600447	10.00	-45.41425	-0.04345931	0.00	0.06573798	23.53058	10.00	23.52724
-1.68661	10.00	-45.28391	-0.08616247	0.00	0.1303322	23.49432	10.00	23.49098
-1.73181	10.00	-45.21554	-0.04520091	0.00	0.06837237	23.45901	10.00	23.45568
-1.775826	10.00	-45.14896	-0.0440152	0.00	0.06657883	23.38993	10.00	23.3866
-1.861938	10.00	-45.01871	-0.08611193	0.00	0.1302557	23.35505	10.00	23.35173
-1.902862	10.00	-44.95295	-0.04092463	0.00	0.06575638	23.32073	10.00	23.31741
-1.938127	10.00	-44.88823	-0.03526477	0.00	0.06471734	23.24977	10.00	23.24646
-1.950143	10.00	-44.75444	-0.01201606	0.00	0.1337961	23.21465	10.00	23.21135
-1.950143	10.00	-44.68951	0	0.00	0.06492577	23.17848	10.00	23.17517
-1.950143	10.00	-44.63318	0	0.00	0.05632938	23.10983	10.00	23.10653
-1.950143	10.00	-44.58145	0	0.00	0.05172888	23.07396	10.00	23.07066
-1.950143	10.00	-44.56032	0	0.00	0.02113426	23.03925	10.00	23.03596
-1.950143	10.00	-44.54684	0	0.00	0.01348247	23.00466	10.00	23.00136
-1.950143	10.00	-44.53466	0	0.00	0.01217565	22.93507	10.00	22.93178
-1.950143	10.00	-44.5178	0	0.00	0.01686502	22.89916	10.00	22.89587
-1.950143	10.00	-44.50778	0	0.00	0.01001596	22.86407	10.00	22.86079
-1.950143	10.00	-44.49736	0	0.00	0.01042517	22.79386	10.00	22.79058
-1.950143	10.00	-44.47649	0	0.00	0.02086372	22.75599	10.00	22.75272
-1.950143	10.00	-44.46524	0	0.00	0.01125101	22.68878	10.00	22.6855
-1.950143	10.00	-44.44159	0	0.00	0.0236554	22.65384	10.00	22.65058
-1.950143	10.00	-44.42483	0	0.00	0.01675733	22.58391	10.00	22.58066
-1.950143	10.00	-44.34404	0	0.00	0.08078833	22.54705	10.00	22.5438
-1.950143	10.00	-44.28329	0	0.00	0.06074831	22.47859	10.00	22.47534
-1.950143	10.00	-44.15545	0	0.00	0.1278463	22.4435	10.00	22.44026
-1.952882	10.00	-44.08929	-0.002738584	0.00	0.06615841	22.37437	10.00	22.37113
-1.972159	10.00	-43.95895	-0.01927734	0.00	0.130335	22.3372	10.00	22.33396
-1.983207	10.00	-43.88884	-0.01104823	0.00	0.07010786	22.29831	10.00	22.29508
-1.99476	10.00	-43.81553	-0.01155328	0.00	0.07331273	22.23412	10.00	22.23089
-2.013834	10.00	-43.6945	-0.01907328	0.00	0.1210318	22.198	10.00	22.19477
-2.024568	10.00	-43.62638	-0.01073413	0.00	0.06811473	22.16337	10.00	22.16016
-2.034855	10.00	-43.5611	-0.01028753	0.00	0.06528074	22.09393	10.00	22.09072
-2.05549	10.00	-43.43017	-0.02063417	0.00	0.1309366	22.05773	10.00	22.05451
-2.066248	10.00	-43.3619	-0.01075822	0.00	0.06826761	22.02367	10.00	22.02048
-2.076364	10.00	-43.2977	-0.01011642	0.00	0.064195	21.95372	10.00	21.95052
-2.097152	10.00	-43.16579	-0.02078809	0.00	0.1319134	21.91845	10.00	21.91526
-2.10763	10.00	-43.0993	-0.01047781	0.00	0.06648824	21.88268	10.00	21.87949
-2.118259	10.00	-43.03186	-0.01062861	0.00	0.06744517	21.81368	10.00	21.81049
-2.138764	10.00	-42.90174	-0.02050545	0.00	0.1301198	21.77831	10.00	21.77513
-2.149271	10.00	-42.83506	-0.01050704	0.00	0.06667367	21.74271	10.00	21.73953
-2.159851	10.00	-42.76793	-0.01057998	0.00	0.06713657	21.67333	10.00	21.67016
-2.180466	10.00	-42.63711	-0.02061476	0.00	0.1308135	21.63745	10.00	21.63428
-2.191129	10.00	-42.56945	-0.01066297	0.00	0.06766316	21.60103	10.00	21.59786
-2.201949	10.00	-42.50079	-0.01082046	0.00	0.06866256	21.53211	10.00	21.52895
-2.222427	10.00	-42.37084	-0.02047779	0.00	0.1299443	21.49761	10.00	21.49445
-2.232681	10.00	-42.30578	-0.01025362	0.00	0.06506558	21.42795	10.00	21.4248
-2.25338	10.00	-42.17443	-0.02069886	0.00	0.1313471	21.39212	10.00	21.38898
-2.264023	10.00	-42.1069	-0.01064311	0.00	0.06753717	21.35591	10.00	21.35276
-2.274785	10.00	-42.0386	-0.01076179	0.00	0.06829026	21.28769	10.00	21.28455
-2.295056	10.00	-41.90997	-0.02027144	0.00	0.1286349	21.25221	10.00	21.24908
-2.305596	10.00	-41.84308	-0.0105405	0.00	0.06688601	21.21728	10.00	21.21415
-2.315975	10.00	-41.77722	-0.01037899	0.00	0.06586114	21.14652	10.00	21.14339
-2.337003	10.00	-41.64379	-0.0210279	0.00	0.1334351	21.11162	10.00	21.1085
-2.347373	10.00	-41.57799	-0.01036917	0.00	0.06579885	21.07666	10.00	21.07354
-2.35776	10.00	-41.51207	-0.01038769	0.00	0.06591634	21.00669	10.00	21.00357
-2.378553	10.00	-41.38013	-0.020793	0.00	0.1319445	20.97099	10.00	20.96788
-2.38916	10.00	-41.31282	-0.0106072	0.00	0.06730927	20.93481	10.00	20.9317
-2.399911	10.00	-41.2446	-0.01075064	0.00	0.06821948	20.86712	10.00	20.86403
-2.420022	10.00	-41.11698	-0.02011105	0.00	0.1276171	20.83067	10.00	20.82757
-2.430854	10.00	-41.04825	-0.01083162	0.00	0.06873333	20.79444	10.00	20.79135
-2.441619	10.00	-40.97993	-0.01076514	0.00	0.0683115	20.72654	10.00	20.72345
-2.459316	10.00	-40.85191	-0.01769678	0.00	0.1280304	20.69143	10.00	20.68834
-2.46398	10.00	-40.78569	-0.004664085	0.00	0.06621078	20.65658	10.00	20.6535
-2.464155	10.00	-40.71999	-0.0001749454	0.00	0.06569976	20.58582	10.00	20.58274
-2.464155	10.00	-40.58657	0	0.00	0.1334195	20.55003	10.00	20.54696
-2.464155	10.00	-40.51909	0	0.00	0.06748196	20.51506	10.00	20.51199
-2.464155	10.00	-40.45316	0	0.00	0.06593757	20.44641	10.00	20.44335
-2.464155	10.00	-40.32372	0	0.00	0.1294375	20.41039	10.00	20.40734
-2.464155	10.00	-40.25581	0	0.00	0.06791089	20.37585	10.00	20.37279
-2.464155	10.00	-40.19067	0	0.00	0.06514202	20.30621	10.00	20.30316
-2.464155	10.00	-40.05937	0	0.00	0.131299	20.26647	10.00	20.26343
-2.464155	10.00	-39.98443	0	0.00	0.07493498	20.19944	10.00	20.19639
-2.464155	10.00	-39.85803	0	0.00	0.1263983	20.16189	10.00	20.15885
-2.464155	10.00	-39.78723	0	0.00	0.07080291	20.09465	10.00	20.09161
-2.464155	10.00	-39.66045	0	0.00	0.1267762	20.05351	10.00	20.05049
-2.464155	10.00	-39.5829	0	0.00	0.07755663	19.98761	10.00	19.98458
-2.464155	10.00	-39.45863	0	0.00	0.1242678	19.94853	10.00	19.94551
-2.464155	10.00	-39.38494	0	0.00	0.07368927	19.88381	10.00	19.8808
-2.464155	10.00	-39.26292	0	0.00	0.1220241	19.84229	10.00	19.83928
-2.464155	10.00	-39.18461	0	0.00	0.07830264	19.77953	10.00	19.77652
-2.464155	10.00	-39.06628	0	0.00	0.118338	19.74398	10.00	19.74098
-2.464155	10.00	-38.99926	0	0.00	0.06701624	19.70957	10.00	19.70656
-2.464155	10.00	-38.93436	0	0.00	0.06489713	19.6402	10.00	19.6372
-2.464155	10.00	-38.80357	0	0.00	0.1307951	19.60505	10.00	19.60207
-2.464155	10.00	-38.73731	0	0.00	0.06625749	19.56972	10.00	19.56673
-2.464155	10.00	-38.67068	0	0.00	0.06662554	19.49976	10.00	19.49678
-2.464155	10.00	-38.53878	0	0.00	0.1319035	19.46491	10.00	19.46194
-2.464155	10.00	-38.47306	0	0.00	0.06571533	19.42925	10.00	19.42628
-2.464155	10.00	-38.40583	0	0.00	0.06723707	19.35896	10.00	19.35599
-2.464155	10.00	-38.27328	0	0.00	0.1325447	19.31963	10.00	19.31666
-2.464155	10.00	-38.19912	0	0.00	0.07415924	19.25358	10.00	19.25063
-2.464155	10.00	-38.0746	0	0.00	0.1245283	19.21746	10.00	19.21451
-2.464155	10.00	-38.00648	0	0.00	0.06811473	19.18439	10.00	19.18143
-2.464155	10.00	-37.94412	0	0.00	0.06235758	19.11411	10.00	19.11116
-2.464155	10.00	-37.81162	0	0.00	0.1325051	19.07921	10.00	19.07627
-2.464155	10.00	-37.74582	0	0.00	0.06579885	19.0093	10.00	19.00636
-2.464155	10.00	-37.61399	0	0.00	0.1318341	18.97409	10.00	18.97116
-2.464155	10.00	-37.5476	0	0.00	0.06638631	18.90412	10.00	18.90119
-2.464155	10.00	-37.41567	0	0.00	0.1319304	18.86891	10.00	18.86598
-2.464155	10.00	-37.34928	0	0.00	0.06639056	18.79898	10.00	18.79606
-2.464155	10.00	-37.21742	0	0.00	0.1318539	18.76345	10.00	18.76054
-2.464155	10.00	-37.15043	0	0.00	0.06699076	18.72556	10.00	18.72264
-2.464155	10.00	-37.07898	0	0.00	0.07145266	18.65821	10.00	18.6553
-2.464155	10.00	-36.952	0	0.00	0.1269857	18.62254	10.00	18.61963
-2.464155	10.00	-36.88473	0	0.00	0.06726397	18.58615	10.00	18.58324
-2.464155	10.00	-36.81612	0	0.00	0.06861585	18.51759	10.00	18.5147
-2.464155	10.00	-36.68686	0	0.00	0.1292592	18.48296	10.00	18.48007
-2.464155	10.00	-36.62156	0	0.00	0.06530198	18.44283	10.00	18.43995
-2.464155	10.00	-36.54589	0	0.00	0.07565834	18.37836	10.00	18.37547
-2.464155	10.00	-36.42433	0	0.00	0.1215697	18.34313	10.00	18.34025
-2.464155	10.00	-36.35791	0	0.00	0.06641604	18.30671	10.00	18.30383
-2.464155	10.00	-36.28923	0	0.00	0.06867672	18.23815	10.00	18.23529
-2.464155	10.00	-36.15997	0	0.00	0.1292676	18.20324	10.00	18.20037
-2.464155	10.00	-36.09412	0	0.00	0.06584415	18.16701	10.00	18.16415
-2.464155	10.00	-36.02583	0	0.00	0.06829593	18.09706	10.00	18.0942
-2.464155	10.00	-35.89393	0	0.00	0.131895	18.06273	10.00	18.05987
-2.464155	10.00	-35.82919	0	0.00	0.06473999	18.02536	10.00	18.02251
-2.464155	10.00	-35.75874	0	0.00	0.0704561	17.95779	10.00	17.95494
-2.464155	10.00	-35.63133	0	0.00	0.1274019	17.92266	10.00	17.91982
-2.464155	10.00	-35.5651	0	0.00	0.0662306	17.88379	10.00	17.88095
-2.464155	10.00	-35.4918	0	0.00	0.07330282	17.81565	10.00	17.81282
-2.464155	10.00	-35.36333	0	0.00	0.1284693	17.78158	10.00	17.77875
-2.464155	10.00	-35.29908	0	0.00	0.06425304	17.71153	10.00	17.70871
-2.464155	10.00	-35.167	0	0.00	0.1320719	17.67667	10.00	17.67384
-2.464155	10.00	-35.10126	0	0.00	0.06574081	17.60621	10.00	17.6034
-2.464155	10.00	-34.96841	0	0.00	0.1328547	17.56398	10.00	17.56116
-2.464155	10.00	-34.88878	0	0.00	0.07963187	17.4994	10.00	17.4966
-2.464155	10.00	-34.76702	0	0.00	0.1217609	17.45554	10.00	17.45274
-2.464155	10.00	-34.68431	0	0.00	0.08270225	17.39594	10.00	17.39314
-2.464155	10.00	-34.57195	0	0.00	0.1123699	17.35055	10.00	17.34776
-2.464155	10.00	-34.48637	0	0.00	0.08557304	17.28933	10.00	17.28654
-2.464155	10.00	-34.38099	0	0.00	0.1053879	17.25369	10.00	17.25091
-2.464155	10.00	-34.32681	0	0.00	0.05417957	17.18529	10.00	17.18252
-2.464155	10.00	-34.27276	0	0.00	0.05404147	17.15065	10.00	17.14788
-2.464155	10.00	-34.25046	0	0.00	0.02230673	17.10957	10.00	17.1068
-2.464155	10.00	-34.23375	0	0.00	0.0167108	17.04426	10.00	17.04149
-2.464155	10.00	-34.21672	0	0.00	0.01702095	16.99797	10.00	16.99521
-2.464155	10.00	-34.2072	0	0.00	0.009528007	16.9393	10.00	16.93655
-2.464155	10.00	-34.19619	0	0.00	0.01100678	16.90297	10.00	16.90022
-2.464155	10.00	-34.1907	0	0.00	0.005488265	16.83534	10.00	16.8326
-2.464155	10.00	-34.18172	0	0.00	0.008983149	16.79923	10.00	16.79649
-2.464155	10.00	-34.1756	0	0.00	0.006115395	16.76592	10.00	16.76318
-2.464155	10.00	-34.16996	0	0.00	0.00564005	16.69575	10.00	16.69302
-2.464155	10.00	-34.15552	0	0.00	0.01444532	16.66064	10.00	16.65792
-2.464155	10.00	-34.14765	0	0.00	0.007867456	16.59062	10.00	16.5879
-2.464155	10.00	-34.12812	0	0.00	0.01952628	16.55552	10.00	16.55281
-2.464155	10.00	-34.11769	0	0.00	0.0104294	16.51811	10.00	16.51539
-2.464155	10.00	-34.10453	0	0.00	0.01316693	16.45043	10.00	16.44773
-2.464155	10.00	-34.07454	0	0.00	0.02999333	16.41556	10.00	16.41285
-2.464155	10.00	-34.05844	0	0.00	0.01609462	16.37812	10.00	16.37542
-2.464155	10.00	-34.04048	0	0.00	0.01795806	16.31025	10.00	16.30755
-2.464155	10.00	-34.00172	0	0.00	0.03875546	16.27398	10.00	16.27129
-2.464155	10.00	-33.98035	0	0.00	0.02137227	16.205	10.00	16.20231
-2.464155	10.00	-33.92837	0	0.00	0.05198234	16.16987	10.00	16.16718
-2.464155	10.00	-33.89548	0	0.00	0.03288493	16.09798	10.00	16.0953
-2.464155	10.00	-33.81113	0	0.00	0.08435751	16.06366	10.00	16.06099
-2.464155	10.00	-33.76834	0	0.00	0.0427827	16.0266	10.00	16.02392
-2.464155	10.00	-33.72147	0	0.00	0.04688086	15.95797	10.00	15.95531
-2.464155	10.00	-33.61588	0	0.00	0.1055885	15.92419	10.00	15.92153
-2.464155	10.00	-33.56205	0	0.00	0.05382483	15.88784	10.00	15.88518
-2.464155	10.00	-33.49948	0	0.00	0.06256905	15.81833	10.00	15.81568
-2.464155	10.00	-33.37477	0	0.00	0.1247132	15.78462	10.00	15.78197
-2.464155	10.00	-33.31366	0	0.00	0.06111262	15.74847	10.00	15.74582
-2.464155	10.00	-33.24616	0	0.00	0.06749864	15.67802	10.00	15.67538
-2.464155	10.00	-33.11462	0	0.00	0.1315431	15.6409	10.00	15.63826
-2.464155	10.00	-33.04529	0	0.00	0.06932247	15.57231	10.00	15.56967
-2.464155	10.00	-32.91596	0	0.00	0.1293314	15.5384	10.00	15.53577
-2.464155	10.00	-32.85203	0	0.00	0.0639317	15.46696	10.00	15.46433
-2.464155	10.00	-32.71732	0	0.00	0.134712	15.43322	10.00	15.4306
-2.464155	10.00	-32.65372	0	0.00	0.06360046	15.36229	10.00	15.35968
-2.464155	10.00	-32.51997	0	0.00	0.1337508	15.32838	10.00	15.32576
-2.464155	10.00	-32.45602	0	0.00	0.06394444	15.28985	10.00	15.28724
-2.464155	10.00	-32.38338	0	0.00	0.07264175	15.22195	10.00	15.21935
-2.464155	10.00	-32.25536	0	0.00	0.1280205	15.18652	10.00	15.18392
-2.464155	10.00	-32.18854	0	0.00	0.06681807	15.15313	10.00	15.15053
-2.464155	10.00	-32.12558	0	0.00	0.0629592	15.08182	10.00	15.07923
-2.464155	10.00	-31.99113	0	0.00	0.1344472	15.04596	10.00	15.04338
-2.464155	10.00	-31.92352	0	0.00	0.06761362	15.00469	10.00	15.00211
-2.464155	10.00	-31.8457	0	0.00	0.07781851	14.94204	10.00	14.93947
-2.464155	10.00	-31.72758	0	0.00	0.1181285	14.89601	10.00	14.89344
-2.464155	10.00	-31.64078	0	0.00	0.08679044	14.83795	10.00	14.83538
-2.464155	10.00	-31.5313	0	0.00	0.1094821	14.77261	10.00	14.77005
-2.464155	10.00	-31.40811	0	0.00	0.1231906	14.73067	10.00	14.72811
-2.464155	10.00	-31.32902	0	0.00	0.07909253	14.66295	10.00	14.6604
-2.464155	10.00	-31.20134	0	0.00	0.1276822	14.61436	10.00	14.61181
-2.464155	10.00	-31.10972	0	0.00	0.09161331	14.55532	10.00	14.55278
-2.464155	10.00	-30.9984	0	0.00	0.1113266	14.5093	10.00	14.50676
-2.464155	10.00	-30.91163	0	0.00	0.08676637	14.45208	10.00	14.44955
-2.464155	10.00	-30.80375	0	0.00	0.107884	14.41671	10.00	14.41418
-2.464155	10.00	-30.73705	0	0.00	0.06669915	14.38261	10.00	14.38008
-2.464155	10.00	-30.67274	0	0.00	0.064304	14.34786	10.00	14.34533
-2.460174	10.00	-30.60722	0.003981087	0.00	0.0655214	14.31263	10.00	14.31011
-2.453565	10.00	-30.54079	0.00660897	0.00	0.06642736	14.27705	10.00	14.27454
-2.442344	10.00	-30.47372	0.01122035	0.00	0.06707853	14.20672	10.00	14.20421
-2.412458	10.00	-30.34111	0.02988585	0.00	0.1326084	14.17077	10.00	14.16826
-2.393242	10.00	-30.27332	0.01921595	0.00	0.06778914	14.13711	10.00	14.1346
-2.374019	10.00	-30.20984	0.01922383	0.00	0.06348013	14.10161	10.00	14.09911
-2.352458	10.00	-30.14292	0.02156012	0.00	0.06691574	14.06722	10.00	14.06472
-2.331564	10.00	-30.07807	0.02089422	0.00	0.064849	13.99634	10.00	13.99384
-2.292382	10.00	-29.94441	0.03918198	0.00	0.1336588	13.96026	10.00	13.95777
-2.270465	10.00	-29.87639	0.02191724	0.00	0.06802414	13.92717	10.00	13.92469
-2.249759	10.00	-29.814	0.02070609	0.00	0.06239014	13.89183	10.00	13.88935
-2.227003	10.00	-29.74738	0.02275591	0.00	0.06662271	13.85685	10.00	13.85437
-2.204473	10.00	-29.68142	0.02252962	0.00	0.06596022	13.78559	10.00	13.78312
-2.158581	10.00	-29.54706	0.04589282	0.00	0.1343609	13.75058	10.00	13.74811
-2.136029	10.00	-29.48103	0.02255186	0.00	0.06602534	13.71645	10.00	13.71398
-2.114048	10.00	-29.41668	0.02198132	0.00	0.06435496	13.68155	10.00	13.67909
-2.091575	10.00	-29.35088	0.02247257	0.00	0.06579319	13.64631	10.00	13.64385
-2.068877	10.00	-29.28443	0.02269789	0.00	0.06645285	13.57543	10.00	13.57297
-2.023229	10.00	-29.15079	0.04564817	0.00	0.1336446	13.53908	10.00	13.53663
-1.999818	10.00	-29.08224	0.02341106	0.00	0.06854082	13.47022	10.00	13.46778
-1.95547	10.00	-28.95241	0.04434752	0.00	0.1298367	13.43624	10.00	13.43379
-1.934206	10.00	-28.88833	0.02126469	0.00	0.06407326	13.40121	10.00	13.39877
-1.912283	10.00	-28.82228	0.02192242	0.00	0.06605507	13.36628	10.00	13.36384
-1.890427	10.00	-28.75642	0.02185664	0.00	0.06585689	13.33095	10.00	13.32852
-1.868322	10.00	-28.68982	0.0221047	0.00	0.06660431	13.25947	10.00	13.25705
-1.823592	10.00	-28.55504	0.04472994	0.00	0.1347771	13.22588	10.00	13.22346
-1.802568	10.00	-28.4917	0.02102368	0.00	0.06334707	13.19092	10.00	13.1885
-1.78069	10.00	-28.42577	0.02187778	0.00	0.06592058	13.12017	10.00	13.11775
-1.736416	10.00	-28.29237	0.04427423	0.00	0.133404	13.08566	10.00	13.08324
-1.71482	10.00	-28.2273	0.02159637	0.00	0.06507266	13.05088	10.00	13.04847
-1.693059	10.00	-28.16173	0.0217608	0.00	0.06556811	13.01575	10.00	13.01334
-1.671073	10.00	-28.09548	0.02198631	0.00	0.06624758	12.94416	10.00	12.94176
-1.626273	10.00	-27.96049	0.04479994	0.00	0.134988	12.90939	10.00	12.907
-1.604519	10.00	-27.89495	0.02175329	0.00	0.06554546	12.87463	10.00	12.87224
-1.582766	10.00	-27.8294	0.02175329	0.00	0.06554546	12.84034	10.00	12.83795
-1.561306	10.00	-27.76474	0.02146013	0.00	0.06466214	12.76967	10.00	12.76728
-1.517083	10.00	-27.63149	0.04422349	0.00	0.1332511	12.73414	10.00	12.73176
-1.494851	10.00	-27.5645	0.02223155	0.00	0.06698652	12.70034	10.00	12.69796
-1.473699	10.00	-27.50077	0.02115194	0.00	0.06373352	12.66499	10.00	12.66262
-1.45158	10.00	-27.43412	0.02211926	0.00	0.06664819	12.63018	10.00	12.6278
-1.429791	10.00	-27.36847	0.02178852	0.00	0.06565163	12.55884	10.00	12.55647
-1.385149	10.00	-27.23396	0.04464208	0.00	0.1345124	12.51338	10.00	12.51102
-1.356702	10.00	-27.14824	0.02844704	0.00	0.0857146	12.45192	10.00	12.44956
-1.318245	10.00	-27.03237	0.0384576	0.00	0.1158777	12.41895	10.00	12.41659
-1.297609	10.00	-26.97019	0.02063515	0.00	0.06217638	12.3835	10.00	12.38115
-1.27543	10.00	-26.90336	0.0221794	0.00	0.06682939	12.34897	10.00	12.34663
-1.253824	10.00	-26.83826	0.02160577	0.00	0.06510097	12.27844	10.00	12.27611
-1.209687	10.00	-26.70527	0.04413705	0.00	0.1329906	12.23677	10.00	12.23443
-1.183607	10.00	-26.62669	0.0260797	0.00	0.0785815	12.1728	10.00	12.17047
-1.143581	10.00	-26.50608	0.04002627	0.00	0.1206043	12.11818	10.00	12.11586
-1.109402	10.00	-26.4031	0.0341791	0.00	0.1029861	12.08324	10.00	12.08092
-1.087534	10.00	-26.3372	0.02186839	0.00	0.06589227	12.03401	10.00	12.03169
-1.05673	10.00	-26.24439	0.03080404	0.00	0.09281655	11.99897	10.00	11.99665
-1.034799	10.00	-26.17831	0.02193087	0.00	0.06608055	11.96103	10.00	11.95872
-1.011059	10.00	-26.10678	0.02373961	0.00	0.07153052	11.89351	10.00	11.89121
-0.9688103	10.00	-25.97948	0.04224891	0.00	0.1273014	11.85795	10.00	11.85565
-0.9465525	10.00	-25.91241	0.02225786	0.00	0.06706579	11.82397	10.00	11.82168
-0.9252939	10.00	-25.84835	0.02125858	0.00	0.06405485	11.78892	10.00	11.78662
-0.9033588	10.00	-25.78226	0.0219351	0.00	0.06609329	11.71781	10.00	11.71552
-0.8588619	10.00	-25.64819	0.04449692	0.00	0.134075	11.68264	10.00	11.68035
-0.8368492	10.00	-25.58186	0.02201262	0.00	0.06632686	11.64854	10.00	11.64626
-0.8155122	10.00	-25.51757	0.02133704	0.00	0.06429126	11.61361	10.00	11.61133
-0.7936518	10.00	-25.4517	0.0218604	0.00	0.06586821	11.54314	10.00	11.54087
-0.7495561	10.00	-25.31883	0.04409571	0.00	0.1328661	11.50821	10.00	11.50594
-0.7276947	10.00	-25.25296	0.02186134	0.00	0.06587104	11.47362	10.00	11.47135
-0.706049	10.00	-25.18774	0.0216457	0.00	0.06522129	11.43827	10.00	11.436
-0.6839307	10.00	-25.1211	0.02211832	0.00	0.06664536	11.36731	10.00	11.36504
-0.6395221	10.00	-24.98729	0.04440859	0.00	0.1338088	11.33216	10.00	11.3299
-0.6175283	10.00	-24.92102	0.02199382	0.00	0.06627023	11.29797	10.00	11.29572
-0.5961335	10.00	-24.85655	0.02139483	0.00	0.06446537	11.26294	10.00	11.26069
-0.5742134	10.00	-24.7905	0.02192007	0.00	0.06604799	11.19232	10.00	11.19008
-0.5300218	10.00	-24.65735	0.04419154	0.00	0.1331548	11.15648	10.00	11.15423
-0.5075907	10.00	-24.58976	0.02243121	0.00	0.06758814	11.12181	10.00	11.11957
-0.4858942	10.00	-24.52439	0.02169644	0.00	0.06537417	11.05168	10.00	11.04945
-0.4420132	10.00	-24.39217	0.04388101	0.00	0.1322191	11.01591	10.00	11.01368
-0.4196289	10.00	-24.32472	0.02238423	0.00	0.06744658	10.98234	10.00	10.98012
-0.3986231	10.00	-24.26143	0.02100583	0.00	0.06329328	10.94708	10.00	10.94486
-0.3765588	10.00	-24.19494	0.0220643	0.00	0.06648257	10.91223	10.00	10.91001
-0.3547468	10.00	-24.12922	0.02181201	0.00	0.06572241	10.84195	10.00	10.83974
-0.3107714	10.00	-23.99672	0.04397543	0.00	0.1325037	10.80697	10.00	10.80476
-0.2888795	10.00	-23.93076	0.02189188	0.00	0.06596305	10.77221	10.00	10.77
-0.2671248	10.00	-23.86521	0.0217547	0.00	0.06554971	10.73711	10.00	10.73491
-0.2451648	10.00	-23.79904	0.02196	0.00	0.06616832	10.66617	10.00	10.66397
-0.2007689	10.00	-23.66527	0.0443959	0.00	0.1337706	10.63036	10.00	10.62817
-0.1783645	10.00	-23.59776	0.02240443	0.00	0.06750745	10.59723	10.00	10.59503
-0.1576269	10.00	-23.53527	0.02073757	0.00	0.06248498	10.56189	10.00	10.5597
-0.1355147	10.00	-23.46865	0.02211221	0.00	0.06662696	10.52683	10.00	10.52464
-0.1135735	10.00	-23.40254	0.02194121	0.00	0.06611169	10.45555	10.00	10.45338
-0.06897415	10.00	-23.26815	0.04459933	0.00	0.1343835	10.4207	10.00	10.41852
-0.04715979	10.00	-23.20242	0.02181436	0.00	0.06572948	10.38161	10.00	10.37944
-0.02270044	10.00	-23.12872	0.02445935	0.00	0.07369918	10.3153	10.00	10.31313
0.01879443	10.00	-23.00369	0.04149488	0.00	0.1250294	10.27057	10.00	10.26841
0.04678294	10.00	-22.91936	0.02798851	0.00	0.084333	10.21075	10.00	10.20859
0.08422248	10.00	-22.80655	0.03743954	0.00	0.1128102	10.1757	10.00	10.17355
0.1061505	10.00	-22.74048	0.02192805	0.00	0.06607205	10.1415	10.00	10.13935
0.1275557	10.00	-22.67598	0.02140516	0.00	0.06449652	10.10639	10.00	10.10424
0.1495218	10.00	-22.60979	0.02196611	0.00	0.06618672	10.03383	10.00	10.03169
0.1949292	10.00	-22.47298	0.0454074	0.00	0.1368183	10.00028	10.00	9.998139
0.2159266	10.00	-22.40971	0.02099737	0.00	0.0632678	9.965961	10.00	9.963823
0.2374017	10.00	-22.345	0.02147516	0.00	0.06470744	9.931046	10.00	9.928912
0.2592504	10.00	-22.27917	0.02184866	0.00	0.06583282	9.860003	10.00	9.857876
0.3037074	10.00	-22.14521	0.04445698	0.00	0.1339546	9.826136	10.00	9.824013
0.3248997	10.00	-22.08136	0.02119234	0.00	0.06385526	9.790463	10.00	9.788343
0.3472229	10.00	-22.0141	0.02232316	0.00	0.06726255	9.752299	10.00	9.750184
0.3711044	10.00	-21.94214	0.02388149	0.00	0.07195802	9.68486	10.00	9.682749
0.4133063	10.00	-21.81498	0.04220193	0.00	0.1271599	9.641055	10.00	9.638947
0.4407184	10.00	-21.73238	0.02741206	0.00	0.08259609	9.579656	10.00	9.577555
0.4791398	10.00	-21.61661	0.03842143	0.00	0.1157687	9.543077	10.00	9.540978
0.5020304	10.00	-21.54764	0.02289068	0.00	0.06897257	9.473703	10.00	9.471607
0.5454435	10.00	-21.41683	0.04341308	0.00	0.1308092	9.430008	10.00	9.427918
0.5727865	10.00	-21.33444	0.027343	0.00	0.08238799	9.36928	10.00	9.367194
0.6107889	10.00	-21.21994	0.03800236	0.00	0.114506	9.334104	10.00	9.332024
0.6328001	10.00	-21.15362	0.02201121	0.00	0.06632261	9.299904	10.00	9.297826
0.654201	10.00	-21.08913	0.02140093	0.00	0.06448378	9.26537	10.00	9.263296
0.675812	10.00	-21.02402	0.02161094	0.00	0.06511654	9.22998	10.00	9.22791
0.6979585	10.00	-20.95728	0.02214651	0.00	0.0667303	9.194869	10.00	9.1928
0.7199302	10.00	-20.89108	0.02197174	0.00	0.0662037	9.124247	10.00	9.122183
0.7641237	10.00	-20.75792	0.04419342	0.00	0.1331605	9.089119	10.00	9.08706
0.7861048	10.00	-20.69169	0.02198114	0.00	0.06623201	9.055022	10.00	9.052965
0.8074423	10.00	-20.6274	0.02133751	0.00	0.06429268	9.019833	10.00	9.017781
0.829462	10.00	-20.56105	0.02201966	0.00	0.06634809	8.949234	10.00	8.947187
0.8736418	10.00	-20.42793	0.0441798	0.00	0.1331194	8.913506	10.00	8.911461
0.8959997	10.00	-20.36056	0.02235792	0.00	0.06736731	8.879713	10.00	8.877672
0.917146	10.00	-20.29684	0.0211463	0.00	0.06371653	8.843722	10.00	8.841686
0.9396674	10.00	-20.22898	0.02252141	0.00	0.06785993	8.808508	10.00	8.806476
0.9617035	10.00	-20.16259	0.02203611	0.00	0.06639764	8.738215	10.00	8.736189
1.005691	10.00	-20.03005	0.04398765	0.00	0.1325405	8.703183	10.00	8.701159
1.027613	10.00	-19.96399	0.02192195	0.00	0.06605365	8.669258	10.00	8.667236
1.048844	10.00	-19.90002	0.0212304	0.00	0.06396993	8.634113	10.00	8.632095
1.070836	10.00	-19.83376	0.02199242	0.00	0.06626599	8.563002	10.00	8.560991
1.115335	10.00	-19.69967	0.04449927	0.00	0.134082	8.527987	10.00	8.525976
1.137247	10.00	-19.63365	0.02191208	0.00	0.06602392	8.493995	10.00	8.491989
1.158518	10.00	-19.56956	0.02127033	0.00	0.06409024	8.458885	10.00	8.456883
1.181129	10.00	-19.50336	0.02261134	0.00	0.06619946	8.387628	10.00	8.385632
1.227021	10.00	-19.369	0.04589233	0.00	0.1343595	8.352859	10.00	8.350865
1.249415	10.00	-19.30344	0.02239328	0.00	0.06556103	8.318863	10.00	8.316872
1.271309	10.00	-19.23934	0.02189429	0.00	0.06410015	8.283478	10.00	8.281491
1.293451	10.00	-19.17262	0.02214228	0.00	0.06671756	8.247857	10.00	8.245872
1.315742	10.00	-19.10546	0.02229074	0.00	0.06716488	8.17712	10.00	8.175143
1.360007	10.00	-18.97208	0.04426483	0.00	0.1333757	8.141428	10.00	8.139454
1.382342	10.00	-18.90478	0.02233537	0.00	0.06729936	8.103261	10.00	8.101288
1.406227	10.00	-18.83282	0.02388478	0.00	0.07196793	8.036559	10.00	8.034593
1.447966	10.00	-18.70705	0.04173964	0.00	0.1257669	7.993876	10.00	7.991917
1.474675	10.00	-18.62657	0.02670877	0.00	0.08047696	7.9644	10.00	7.962441
1.493121	10.00	-18.57099	0.01844587	0.00	0.0555798	7.897881	10.00	7.895927
1.534748	10.00	-18.44556	0.04162689	0.00	0.1254272	7.863253	10.00	7.861304
1.556417	10.00	-18.38027	0.02166872	0.00	0.06529065	7.827044	10.00	7.825097
1.579076	10.00	-18.312	0.02265907	0.00	0.06827469	7.792943	10.00	7.790998
1.600415	10.00	-18.2477	0.02133892	0.00	0.06429692	7.721943	10.00	7.720003
1.644846	10.00	-18.11382	0.04443114	0.00	0.1338768	7.686916	10.00	7.684982
1.666763	10.00	-18.04779	0.02191678	0.00	0.06603808	7.652813	10.00	7.650883
1.688103	10.00	-17.98348	0.0213408	0.00	0.06430259	7.617672	10.00	7.615743
1.710736	10.00	-17.91851	0.02263261	0.00	0.06497853	7.582645	10.00	7.580719
1.733934	10.00	-17.85438	0.02319814	0.00	0.06412663	7.511367	10.00	7.509448
1.781141	10.00	-17.72389	0.04720675	0.00	0.1304936	7.476412	10.00	7.474497
1.804291	10.00	-17.65989	0.02314991	0.00	0.0639933	7.442426	10.00	7.440512
1.826799	10.00	-17.59767	0.0225085	0.00	0.06222026	7.407331	10.00	7.405422
1.850042	10.00	-17.53342	0.0232424	0.00	0.06424896	7.336871	10.00	7.334966
1.896708	10.00	-17.407	0.04666677	0.00	0.126428	7.301336	10.00	7.299435
1.920242	10.00	-17.34389	0.02353327	0.00	0.06310678	7.267365	10.00	7.265468
1.94274	10.00	-17.2848	0.02249856	0.00	0.05909166	7.230879	10.00	7.228984
1.966905	10.00	-17.22266	0.02416473	0.00	0.0621355	7.160946	10.00	7.159057
2.014498	10.00	-17.1074	0.04759252	0.00	0.1152627	7.122479	10.00	7.120594
2.04208	10.00	-17.05243	0.02758279	0.00	0.05497244	7.055886	10.00	7.054007
2.091047	10.00	-16.98765	0.04896687	0.00	0.06477243	7.004697	10.00	7.002823
2.128687	10.00	-16.94908	0.03763948	0.00	0.03857404	6.950779	10.00	6.948909
2.170303	10.00	-16.91534	0.04161609	0.00	0.03374078	6.916504	10.00	6.914637
2.203642	10.00	-16.90015	0.03333881	0.00	0.01519098	6.881016	10.00	6.879152
2.245287	10.00	-16.89219	0.0416453	0.00	0.007953265	6.810275	10.00	6.808418
2.332175	10.00	-16.88667	0.08688767	0.00	0.00552129	6.776563	10.00	6.774709
2.373582	10.00	-16.88466	0.04140731	0.00	0.002015741	6.741251	10.00	6.739398
2.416957	10.00	-16.88255	0.04337513	0.00	0.002111536	6.706295	10.00	6.704447
2.45989	10.00	-16.88046	0.04293251	0.00	0.002089989	6.635859	10.00	6.634016
2.471817	10.00	-16.88046	0.01192771	0.00	0	6.601337	10.00	6.599498
2.471817	10.00	-16.88046	0	0.00	0	6.565423	10.00	6.563587
2.471817	10.00	-16.88046	0	0.00	0	6.4949	10.00	6.493071
2.471817	10.00	-16.88046	0	0.00	0	6.459859	10.00	6.458032
2.471817	10.00	-16.88046	0	0.00	0	6.424259	10.00	6.422435
2.471817	10.00	-16.88046	0	0.00	0	6.354744	10.00	6.352924
2.471817	10.00	-16.88046	0	0.00	0	6.320465	10.00	6.318651
2.471817	10.00	-16.88046	0	0.00	0	6.284969	10.00	6.283156
2.471817	10.00	-16.88046	0	0.00	0	6.215048	10.00	6.213243
2.471817	10.00	-16.88046	0	0.00	0	6.179961	10.00	6.178158
2.471817	10.00	-16.88046	0	0.00	0	6.145418	10.00	6.143618
2.471817	10.00	-16.88046	0	0.00	0	6.110548	10.00	6.108752
2.471817	10.00	-16.88046	0	0.00	0	6.038935	10.00	6.037146
2.471817	10.00	-16.88046	0	0.00	0	6.004213	10.00	6.002426
2.471817	10.00	-16.88046	0	0.00	0	5.970227	10.00	5.968442
2.471817	10.00	-16.88046	0	0.00	0	5.899752	10.00	5.897974
2.471817	10.00	-16.88046	0	0.00	0	5.864714	10.00	5.862939
2.471817	10.00	-16.88046	0	0.00	0	5.821887	10.00	5.820117
2.471817	10.00	-16.88046	0	0.00	0	5.758892	10.00	5.757126
2.471817	10.00	-16.88046	0	0.00	0	5.723604	10.00	5.721843
2.471817	10.00	-16.88046	0	0.00	0	5.689768	10.00	5.688009
2.471817	10.00	-16.88046	0	0.00	0	5.654307	10.00	5.652551
2.471817	10.00	-16.88046	0	0.00	0	5.583649	10.00	5.581899
2.471817	10.00	-16.88046	0	0.00	0	5.548647	10.00	5.546899
2.471817	10.00	-16.88046	0	0.00	0	5.514478	10.00	5.512734
2.471817	10.00	-16.87841	0	0.00	0.002043034	5.478967	10.00	5.477226
2.471817	10.00	-16.86203	0	0.00	0.01638667	5.408433	10.00	5.406698
2.473459	10.00	-16.7741	0.001641913	0.00	0.08792278	5.373147	10.00	5.371415
2.481367	10.00	-16.71337	0.007908173	0.00	0.06073669	5.339402	10.00	5.337673
2.491394	10.00	-16.65097	0.01002697	0.00	0.06239516	5.304185	10.00	5.30246
2.501858	10.00	-16.58521	0.01046398	0.00	0.06575752	5.269046	10.00	5.267323
2.5123	10.00	-16.51896	0.01044123	0.00	0.06625608	5.198586	10.00	5.19687
2.533236	10.00	-16.3861	0.02093666	0.00	0.1328561	5.163223	10.00	5.16151
2.543744	10.00	-16.31943	0.01050748	0.00	0.0666765	5.128849	10.00	5.12714
2.553957	10.00	-16.25461	0.01021391	0.00	0.06481361	5.093811	10.00	5.092103
2.564369	10.00	-16.18854	0.01041178	0.00	0.06606922	5.023419	10.00	5.021719
2.585285	10.00	-16.05582	0.02091569	0.00	0.1327231	4.988959	10.00	4.987261
2.595525	10.00	-15.99084	0.01023956	0.00	0.06497639	4.953595	10.00	4.951901
2.606033	10.00	-15.92416	0.01050793	0.00	0.06667934	4.918571	10.00	4.91688
2.617079	10.00	-15.85812	0.01104679	0.00	0.06604091	4.84735	10.00	4.845665
2.640842	10.00	-15.72383	0.02376303	0.00	0.1342887	4.812685	10.00	4.811004
2.653674	10.00	-15.65847	0.01283151	0.00	0.06536002	4.778696	10.00	4.777016
2.668118	10.00	-15.59439	0.01444365	0.00	0.06408883	4.743355	10.00	4.74168
2.684426	10.00	-15.52775	0.01630837	0.00	0.06663687	4.707935	10.00	4.706264
2.703357	10.00	-15.46096	0.01893105	0.00	0.06678409	4.637194	10.00	4.635528
2.746334	10.00	-15.32758	0.04297657	0.00	0.1333856	4.597297	10.00	4.595634
2.772029	10.00	-15.25235	0.02569516	0.00	0.07522801	4.53198	10.00	4.530323
2.814095	10.00	-15.12919	0.04206632	0.00	0.123158	4.491485	10.00	4.489831
2.837217	10.00	-15.05284	0.02312227	0.00	0.07635339	4.426894	10.00	4.425246
2.874099	10.00	-14.93105	0.03688169	0.00	0.1217892	4.390458	10.00	4.388813
2.896235	10.00	-14.86235	0.02213571	0.00	0.0687022	4.32275	10.00	4.321111
2.941077	10.00	-14.73468	0.04484199	0.00	0.1276652	4.273865	10.00	4.272231
2.974345	10.00	-14.64429	0.03326828	0.00	0.09038886	4.216622	10.00	4.214993
3.016437	10.00	-14.54681	0.04209172	0.00	0.09748241	4.181513	10.00	4.179886
3.043535	10.00	-14.48894	0.02709893	0.00	0.05786768	4.147491	10.00	4.145869
3.070415	10.00	-14.43846	0.02687926	0.00	0.05048208	4.112318	10.00	4.110697
3.09949	10.00	-14.38884	0.02907535	0.00	0.04962556	4.042047	10.00	4.040432
3.165274	10.00	-14.29483	0.06578393	0.00	0.09400911	4.007185	10.00	4.005575
3.198546	10.00	-14.24819	0.03327192	0.00	0.04663796	3.972435	10.00	3.970828
3.234883	10.00	-14.20424	0.03633733	0.00	0.04395057	3.937021	10.00	3.935417
3.272563	10.00	-14.16009	0.03767948	0.00	0.04414528	3.866731	10.00	3.865133
3.355048	10.00	-14.08274	0.08248536	0.00	0.07735207	3.830908	10.00	3.829313
3.396432	10.00	-14.04332	0.04138419	0.00	0.03942208	3.796647	10.00	3.795055
3.435386	10.00	-14.00562	0.03895383	0.00	0.0377028	3.761832	10.00	3.760242
3.474971	10.00	-13.9673	0.03958463	0.00	0.03831334	3.726846	10.00	3.72526
3.51411	10.00	-13.93072	0.0391388	0.00	0.03658384	3.655746	10.00	3.654167
3.597545	10.00	-13.87065	0.08343509	0.00	0.06006937	3.615753	10.00	3.614177
3.644477	10.00	-13.83832	0.04693223	0.00	0.03232866	3.550946	10.00	3.549375
3.718162	10.00	-13.79067	0.07368491	0.00	0.04765411	3.516462	10.00	3.514895
3.757368	10.00	-13.76531	0.03920649	0.00	0.02535594	3.481003	10.00	3.479439
3.797685	10.00	-13.73924	0.04031701	0.00	0.02607415	3.445898	10.00	3.444336
3.836959	10.00	-13.71342	0.03927318	0.00	0.02581359	3.375355	10.00	3.373801
3.915876	10.00	-13.66413	0.0789176	0.00	0.04929532	3.340245	10.00	3.338694
3.955153	10.00	-13.64023	0.03927739	0.00	0.02389334	3.306451	10.00	3.304903
3.99296	10.00	-13.61724	0.03780674	0.00	0.02299871	3.270644	10.00	3.269099
4.034326	10.00	-13.59287	0.04136511	0.00	0.02436799	3.236073	10.00	3.234531
4.074264	10.00	-13.56934	0.0399384	0.00	0.02352752	3.165723	10.00	3.164187
4.155534	10.00	-13.52146	0.08127055	0.00	0.04787609	3.130742	10.00	3.129209
4.195946	10.00	-13.49766	0.04041195	0.00	0.02380648	3.095462	10.00	3.093932
4.236058	10.00	-13.47365	0.04011215	0.00	0.02400932	3.060825	10.00	3.059298
4.275441	10.00	-13.45008	0.03938233	0.00	0.02357248	2.989476	10.00	2.987956
4.356562	10.00	-13.39892	0.08112143	0.00	0.05116089	2.954431	10.00	2.952913
4.396408	10.00	-13.37379	0.03984583	0.00	0.02512959	2.920832	10.00	2.919318
4.433996	10.00	-13.34969	0.03758837	0.00	0.02409275	2.885334	10.00	2.883823
4.473709	10.00	-13.32165	0.03971244	0.00	0.02804661	2.814588	10.00	2.813082
4.552854	10.00	-13.25542	0.07914521	0.00	0.06622881	2.77939	10.00	2.777888
4.59223	10.00	-13.21925	0.03937649	0.00	0.03616339	2.74463	10.00	2.74313
4.631118	10.00	-13.18227	0.03888768	0.00	0.03698375	2.702995	10.00	2.701499
4.677696	10.00	-13.13721	0.0465777	0.00	0.04505742	2.672995	10.00	2.671502
4.711258	10.00	-13.10365	0.03356194	0.00	0.03356194	2.604253	10.00	2.602767
4.78816	10.00	-13.01922	0.0769027	0.00	0.08443296	2.569194	10.00	2.567711
4.827382	10.00	-12.97552	0.03922111	0.00	0.04370169	2.535246	10.00	2.533765
4.865361	10.00	-12.93258	0.03797891	0.00	0.0429374	2.500208	10.00	2.498731
4.90008	10.00	-12.87931	0.0347197	0.00	0.05327098	2.429687	10.00	2.428216
4.957086	10.00	-12.75149	0.05700589	0.00	0.1278207	2.393915	10.00	2.392447
4.984043	10.00	-12.68535	0.02695634	0.00	0.06614181	2.359418	10.00	2.357953
5.008149	10.00	-12.6203	0.02410677	0.00	0.06504576	2.32482	10.00	2.323358
5.032326	10.00	-12.55506	0.02417707	0.00	0.06523545	2.253772	10.00	2.252316
5.078084	10.00	-12.4211	0.04575695	0.00	0.1339631	2.218538	10.00	2.217086
5.098202	10.00	-12.35467	0.02011849	0.00	0.06643444	2.184426	10.00	2.182977
5.117057	10.00	-12.29035	0.01885524	0.00	0.06431957	2.148413	10.00	2.146967
5.136963	10.00	-12.22244	0.01990596	0.00	0.06790381	2.078198	10.00	2.076759
5.175774	10.00	-12.09005	0.038811	0.00	0.1323933	2.041968	10.00	2.040531
5.1958	10.00	-12.02174	0.02002589	0.00	0.06831291	1.973218	10.00	1.971788
5.232546	10.00	-11.89211	0.03674577	0.00	0.12963	1.930069	10.00	1.928643
5.255608	10.00	-11.81075	0.02306251	0.00	0.08135887	1.86799	10.00	1.866569
5.288789	10.00	-11.6937	0.0331805	0.00	0.1170526	1.830274	10.00	1.828856
5.308948	10.00	-11.62258	0.02015893	0.00	0.07111575	1.763306	10.00	1.761893
5.344741	10.00	-11.49631	0.03579356	0.00	0.1262709	1.727624	10.00	1.726214
5.363812	10.00	-11.42903	0.0190715	0.00	0.06727954	1.694066	10.00	1.692659
5.381749	10.00	-11.36576	0.01793631	0.00	0.06327488	1.658331	10.00	1.656929
5.400848	10.00	-11.29838	0.01909958	0.00	0.06737863	1.588265	10.00	1.586868
5.439578	10.00	-11.16626	0.03872883	0.00	0.132113	1.552372	10.00	1.550978
5.462694	10.00	-11.09859	0.02311612	0.00	0.06767732	1.517962	10.00	1.516571
5.485483	10.00	-11.0337	0.02278943	0.00	0.06488156	1.482383	10.00	1.480996
5.509696	10.00	-10.96922	0.02421267	0.00	0.06448592	1.411933	10.00	1.410553
5.560212	10.00	-10.84925	0.0505165	0.00	0.1199727	1.376234	10.00	1.374856
5.585811	10.00	-10.78845	0.02559902	0.00	0.06079562	1.307362	10.00	1.30599
5.635196	10.00	-10.67116	0.04938491	0.00	0.1172852	1.272281	10.00	1.270912
5.660351	10.00	-10.61142	0.02515543	0.00	0.05974213	1.23815	10.00	1.236784
5.684825	10.00	-10.5533	0.02447389	0.00	0.05812354	1.203073	10.00	1.20171
5.709978	10.00	-10.49356	0.02515274	0.00	0.05973574	1.132703	10.00	1.131346
5.765576	10.00	-10.38786	0.05559853	0.00	0.1057046	1.096093	10.00	1.09474
5.794502	10.00	-10.33487	0.02892509	0.00	0.05298756	1.062304	10.00	1.060954
5.821815	10.00	-10.28843	0.02731287	0.00	0.0464365	1.02774	10.00	1.026393
5.849754	10.00	-10.24156	0.02793977	0.00	0.04687128	0.9922391	10.00	0.9908951
5.878451	10.00	-10.19407	0.02869714	0.00	0.04749368	0.9219233	10.00	0.9205854
5.935291	10.00	-10.1	0.0568396	0.00	0.09406937	0.8875222	10.00	0.8861874
5.963727	10.00	-10.05398	0.02843615	0.00	0.04602228	0.8529117	10.00	0.85158
5.992336	10.00	-10.00768	0.02860929	0.00	0.0463025	0.817485	10.00	0.8161562
6.020974	10.00	-9.960281	0.02863706	0.00	0.04739425	0.7825966	10.00	0.7812709
6.049175	10.00	-9.913608	0.02820194	0.00	0.04667412	0.712055	10.00	0.7107354
6.106198	10.00	-9.819236	0.05702228	0.00	0.09437169	0.6768435	10.00	0.6755274
6.134661	10.00	-9.77213	0.02846289	0.00	0.047106	0.6422083	10.00	0.6408951
6.162658	10.00	-9.725794	0.02799742	0.00	0.04633564	0.6064008	10.00	0.6050909
6.191603	10.00	-9.677891	0.02894475	0.00	0.04790347	0.5361861	10.00	0.5348819
6.248361	10.00	-9.583956	0.05675829	0.00	0.09393479	0.5010087	10.00	0.4997077
6.276797	10.00	-9.536895	0.02843558	0.00	0.0470608	0.4673105	10.00	0.4660129
6.304036	10.00	-9.491814	0.02723944	0.00	0.04508119	0.4319385	10.00	0.4306442
6.332629	10.00	-9.444492	0.02859276	0.00	0.04732093	0.3964005	10.00	0.3951088
6.361356	10.00	-9.396949	0.02872749	0.00	0.0475439	0.3264966	10.00	0.3252113
6.417863	10.00	-9.303431	0.05650643	0.00	0.09351797	0.2913117	10.00	0.2900295
6.446304	10.00	-9.25636	0.02844165	0.00	0.04707084	0.2569167	10.00	0.2556374
6.474108	10.00	-9.210346	0.02780322	0.00	0.04601425	0.2217713	10.00	0.2204953
6.502517	10.00	-9.163328	0.02840948	0.00	0.04701761	0.1512189	10.00	0.1499493
6.559548	10.00	-9.068942	0.05703077	0.00	0.09438576	0.115378	10.00	0.1141113
6.58852	10.00	-9.020994	0.02897206	0.00	0.04794866	0.08098248	10.00	0.07971916
6.616323	10.00	-8.974979	0.02780322	0.00	0.04601425	0.04626785	10.00	0.04500731
6.644385	10.00	-8.928537	0.02806175	0.00	0.04644211	0.01126299	10.00	0.01000561
6.672681	10.00	-8.881707	0.028296	0.00	0.04682979	-0.05991457	10.00	-0.06116573
6.730217	10.00	-8.786486	0.0575363	0.00	0.09522239	-0.09504782	10.00	-0.09629586
6.758617	10.00	-8.739484	0.02839977	0.00	0.04700154	-0.1332842	10.00	-0.1345292
6.789526	10.00	-8.68833	0.03090858	0.00	0.05115361	-0.1995659	10.00	-0.2008046
6.843104	10.00	-8.599658	0.05357828	0.00	0.08867189	-0.2340261	10.00	-0.2352622
6.87096	10.00	-8.553556	0.02785602	0.00	0.04610162	-0.2690552	10.00	-0.2702878
6.899275	10.00	-8.506695	0.02831542	0.00	0.04686194	-0.3042233	10.00	-0.305453
6.927704	10.00	-8.459646	0.0284283	0.00	0.04704875	-0.3752573	10.00	-0.3764805
6.985124	10.00	-8.364616	0.05741977	0.00	0.09502955	-0.4104265	10.00	-0.4116464
7.013552	10.00	-8.317567	0.0284289	0.00	0.04704975	-0.4805799	10.00	-0.4817938
7.070261	10.00	-8.223714	0.05670852	0.00	0.09385243	-0.5154535	10.00	-0.5166643
7.098451	10.00	-8.17706	0.0281898	0.00	0.04665403	-0.5859863	10.00	-0.5871907
7.155466	10.00	-8.082701	0.05701499	0.00	0.09435964	-0.623099	10.00	-0.6243003
7.185466	10.00	-8.033051	0.0300001	0.00	0.04965007	-0.6909047	10.00	-0.6921003
7.240276	10.00	-7.942338	0.05481083	0.00	0.09071176	-0.7263218	10.00	-0.7275141
7.268906	10.00	-7.894958	0.02862917	0.00	0.0473812	-0.7596616	10.00	-0.7608516
7.295856	10.00	-7.850354	0.02695057	0.00	0.04460311	-0.7947797	10.00	-0.7959661
7.324244	10.00	-7.803374	0.02838703	0.00	0.04698045	-0.8358358	10.00	-0.8370188
7.357431	10.00	-7.748448	0.03318799	0.00	0.05492603	-0.9004094	10.00	-0.9015864
7.409629	10.00	-7.662061	0.05219764	0.00	0.08638694	-0.9350914	10.00	-0.9362646
7.437664	10.00	-7.615664	0.02803444	0.00	0.04639691	-0.9701837	10.00	-0.9713542
7.466031	10.00	-7.568717	0.02836701	0.00	0.04694731	-1.005219	10.00	-1.006386
7.494351	10.00	-7.521846	0.02832088	0.00	0.04687097	-1.075561	10.00	-1.076723
7.551213	10.00	-7.421319	0.05686145	0.00	0.1005269	-1.111512	10.00	-1.11267
7.580273	10.00	-7.364692	0.02906005	0.00	0.05662689	-1.145146	10.00	-1.146302
7.607461	10.00	-7.30987	0.02718846	0.00	0.05482212	-1.1803	10.00	-1.181453
7.635878	10.00	-7.251287	0.02841677	0.00	0.0585825	-1.250812	10.00	-1.251958
7.694163	10.00	-7.124772	0.05828536	0.00	0.1265156	-1.286226	10.00	-1.287369
7.721497	10.00	-7.05929	0.02733361	0.00	0.06548104	-1.32065	10.00	-1.32179
7.746181	10.00	-6.995012	0.02468384	0.00	0.06427855	-1.355683	10.00	-1.35682
7.770023	10.00	-6.928954	0.02384225	0.00	0.0660579	-1.426143	10.00	-1.427273
7.814115	10.00	-6.796101	0.04409148	0.00	0.1328533	-1.461925	10.00	-1.463052
7.836506	10.00	-6.728633	0.02239128	0.00	0.06746781	-1.495906	10.00	-1.497031
7.858391	10.00	-6.66456	0.0218851	0.00	0.06407326	-1.530933	10.00	-1.532054
7.882228	10.00	-6.598516	0.02383714	0.00	0.06604374	-1.565969	10.00	-1.567087
7.906072	10.00	-6.532454	0.02384378	0.00	0.06606214	-1.636294	10.00	-1.637406
7.953931	10.00	-6.399854	0.04785923	0.00	0.1325999	-1.671639	10.00	-1.672747
7.977985	10.00	-6.33321	0.02405377	0.00	0.06664395	-1.706003	10.00	-1.707109
8.001371	10.00	-6.268415	0.0233865	0.00	0.0647952	-1.741324	10.00	-1.742427
8.02541	10.00	-6.201815	0.02403793	0.00	0.06660006	-1.776576	10.00	-1.777675
8.049399	10.00	-6.135348	0.0239899	0.00	0.066467	-1.847548	10.00	-1.848641
8.097699	10.00	-6.001528	0.04829964	0.00	0.1338201	-1.882718	10.00	-1.883808
8.121634	10.00	-5.935212	0.02393523	0.00	0.06631553	-1.916318	10.00	-1.917405
8.1445	10.00	-5.87186	0.02286587	0.00	0.06335273	-1.951465	10.00	-1.95255
8.16842	10.00	-5.805586	0.02391991	0.00	0.06627306	-2.022916	10.00	-2.023994
8.217046	10.00	-5.670863	0.04862562	0.00	0.1347233	-2.056862	10.00	-2.057938
8.240148	10.00	-5.606856	0.02310192	0.00	0.06400672	-2.091671	10.00	-2.092744
8.263836	10.00	-5.541223	0.02368897	0.00	0.06563322	-2.126891	10.00	-2.12796
8.287806	10.00	-5.474814	0.02396896	0.00	0.06640896	-2.161895	10.00	-2.16296
8.311626	10.00	-5.408814	0.0238213	0.00	0.06599986	-2.232319	10.00	-2.233378
8.359553	10.00	-5.276028	0.04792667	0.00	0.1327868	-2.267549	10.00	-2.268606
8.384172	10.00	-5.209599	0.02461933	0.00	0.06642878	-2.302667	10.00	-2.30372
8.406789	10.00	-5.143384	0.02261665	0.00	0.06621502	-2.37322	10.00	-2.374268
8.418736	10.00	-5.010352	0.01194741	0.00	0.1330317	-2.407768	10.00	-2.408812
8.419541	10.00	-4.945211	0.0008042054	0.00	0.0651406	-2.443393	10.00	-2.444435
8.419541	10.00	-4.878039	0	0.00	0.06717195	-2.477798	10.00	-2.478837
8.419541	10.00	-4.813166	0	0.00	0.06487306	-2.548283	10.00	-2.549315
8.419541	10.00	-4.680265	0	0.00	0.1329014	-2.583436	10.00	-2.584465
8.419541	10.00	-4.613982	0	0.00	0.06628297	-2.617508	10.00	-2.618535
8.419541	10.00	-4.549737	0	0.00	0.06424455	-2.653027	10.00	-2.654049
8.419541	10.00	-4.482768	0	0.00	0.06696953	-2.723057	10.00	-2.724074
8.419541	10.00	-4.350723	0	0.00	0.132045	-2.759138	10.00	-2.760152
8.419541	10.00	-4.28269	0	0.00	0.06803263	-2.792526	10.00	-2.793536
8.419541	10.00	-4.219737	0	0.00	0.06295354	-2.82791	10.00	-2.828918
8.419541	10.00	-4.153019	0	0.00	0.06671756	-2.86341	10.00	-2.864413
8.419541	10.00	-4.086083	0	0.00	0.06693555	-2.93388	10.00	-2.934878
8.419541	10.00	-3.953209	0	0.00	0.1328745	-2.973888	10.00	-2.974881
8.419541	10.00	-3.877773	0	0.00	0.07543609	-3.039009	10.00	-3.039998
8.419541	10.00	-3.754986	0	0.00	0.1227871	-3.075643	10.00	-3.076628
8.419541	10.00	-3.68591	0	0.00	0.0690759	-3.144351	10.00	-3.14533
8.419541	10.00	-3.556359	0	0.00	0.1295508	-3.191172	10.00	-3.192147
8.419541	10.00	-3.468077	0	0.00	0.08828246	-3.250152	10.00	-3.251121
8.419541	10.00	-3.356868	0	0.00	0.1112091	-3.284608	10.00	-3.285574
8.419541	10.00	-3.2919	0	0.00	0.0649679	-3.318377	10.00	-3.31934
8.419372	10.00	-3.228228	-0.0001695438	0.00	0.06367124	-3.353799	10.00	-3.354762
8.4179	10.00	-3.161434	-0.001471376	0.00	0.066794	-3.388758	10.00	-3.389714
8.411343	10.00	-3.095522	-0.006557704	0.00	0.06591209	-3.458842	10.00	-3.459794
8.38284	10.00	-2.963375	-0.02850228	0.00	0.1321469	-3.493915	10.00	-3.494862
8.361533	10.00	-2.897245	-0.02130699	0.00	0.06613009	-3.529333	10.00	-3.530278
8.337429	10.00	-2.830461	-0.02410435	0.00	0.06678409	-3.5647	10.00	-3.565642
8.307549	10.00	-2.763775	-0.02988055	0.00	0.06668641	-3.599229	10.00	-3.600168
8.277745	10.00	-2.698669	-0.02980246	0.00	0.06510521	-3.633801	10.00	-3.634736
8.243488	10.00	-2.633485	-0.03425696	0.00	0.06518449	-3.669206	10.00	-3.670138
8.205173	10.00	-2.566728	-0.0383155	0.00	0.06675719	-3.704011	10.00	-3.704941
8.163694	10.00	-2.501102	-0.04147903	0.00	0.06562614	-3.740721	10.00	-3.741648
8.117932	10.00	-2.431881	-0.04576147	0.00	0.0692203	-3.811051	10.00	-3.811971
8.02256	10.00	-2.299272	-0.0953725	0.00	0.1326098	-3.844855	10.00	-3.845772
7.976104	10.00	-2.235535	-0.0464561	0.00	0.06373635	-3.88009	10.00	-3.881004
7.927035	10.00	-2.169096	-0.0490691	0.00	0.06643869	-3.951585	10.00	-3.952493
7.819641	10.00	-2.034291	-0.107394	0.00	0.1348054	-3.985487	10.00	-3.986393
7.767476	10.00	-1.970365	-0.05216526	0.00	0.06392604	-4.020669	10.00	-4.021571
7.71206	10.00	-1.90403	-0.05541595	0.00	0.06633535	-4.091193	10.00	-4.092088
7.585523	10.00	-1.771055	-0.1265371	0.00	0.1329751	-4.126516	10.00	-4.127409
7.51892	10.00	-1.704452	-0.06660289	0.00	0.06660289	-4.197225	10.00	-4.198111
7.385595	10.00	-1.571127	-0.1333247	0.00	0.1333247	-4.230188	10.00	-4.231071
7.323442	10.00	-1.508973	-0.06215374	0.00	0.06215374	-4.301914	10.00	-4.30279
7.188203	10.00	-1.373735	-0.1352386	0.00	0.1352386	-4.335561	10.00	-4.336435
7.124759	10.00	-1.310292	-0.06344333	0.00	0.06344333	-4.373045	10.00	-4.373916
7.054081	10.00	-1.239613	-0.07067834	0.00	0.07067834	-4.44288	10.00	-4.443743
6.93388	10.00	-1.111763	-0.1202006	0.00	0.1278506	-4.485489	10.00	-4.48635
6.8831	10.00	-1.046979	-0.0507805	0.00	0.06478354	-4.547138	10.00	-4.547994
6.849024	10.00	-0.9926429	-0.03407612	0.00	0.05433609	-4.582771	10.00	-4.583623
6.84299	10.00	-0.9716463	-0.006033903	0.00	0.02099668	-4.654498	10.00	-4.655344
6.84299	10.00	-0.9716463	0	0.00	0	-4.701739	10.00	-4.70258
6.84299	10.00	-0.9716463	0	0.00	0	-4.756056	10.00	-4.756893
6.84299	10.00	-0.9716463	0	0.00	0	-4.79124	10.00	-4.792074
6.84299	10.00	-0.9716463	0	0.00	0	-4.862255	10.00	-4.863081
6.84299	10.00	-0.9716463	0	0.00	0	-4.89643	10.00	-4.897253
6.84299	10.00	-0.9696029	0	0.00	0.002043348	-4.967384	10.00	-4.968204
6.80377	10.00	-0.8824497	-0.03922058	0.00	0.08715323	-5.001543	10.00	-5.002358
6.760567	10.00	-0.8236565	-0.04320233	0.00	0.0587932	-5.072716	10.00	-5.073524
6.657554	10.00	-0.6907564	-0.103013	0.00	0.1329001	-5.108151	10.00	-5.108956
6.603679	10.00	-0.6239426	-0.05387481	0.00	0.06681382	-5.177944	10.00	-5.178743
6.496292	10.00	-0.4923449	-0.107387	0.00	0.1315977	-5.212847	10.00	-5.213645
6.441313	10.00	-0.4265319	-0.05497959	0.00	0.065813	-5.283833	10.00	-5.284623
6.326907	10.00	-0.2926863	-0.1144054	0.00	0.1338456	-5.327644	10.00	-5.328431
6.256299	10.00	-0.2100803	-0.07060803	0.00	0.082606	-5.388072	10.00	-5.388851
6.158912	10.00	-0.09614473	-0.09738716	0.00	0.1139355	-5.432656	10.00	-5.433433
6.087054	10.00	-0.01207644	-0.07185793	0.00	0.08406828	-5.493342	10.00	-5.494113
5.992573	10.00	0.1023475	-0.09448075	0.00	0.1144239	-5.542324	10.00	-5.543091
5.916313	10.00	0.1947054	-0.07626067	0.00	0.0923579	-5.598231	10.00	-5.598993
5.829273	10.00	0.3001177	-0.08703983	0.00	0.1054123	-5.668843	10.00	-5.669599
5.719334	10.00	0.4332626	-0.1099388	0.00	0.1331449	-5.713809	10.00	-5.714561
5.649328	10.00	0.5180458	-0.07000613	0.00	0.08478315	-5.772896	10.00	-5.773641
5.557338	10.00	0.6294531	-0.09198992	0.00	0.1114073	-5.81892	10.00	-5.819664
5.485679	10.00	0.7162379	-0.07165889	0.00	0.08678477	-5.877904	10.00	-5.87864
5.393848	10.00	0.8274527	-0.09183096	0.00	0.1112148	-5.913823	10.00	-5.914557
5.337923	10.00	0.8951824	-0.05592496	0.00	0.0677297	-5.947667	10.00	-5.948399
5.285233	10.00	0.9589952	-0.05269074	0.00	0.06381279	-5.982961	10.00	-5.983692
5.230282	10.00	1.025544	-0.05495013	0.00	0.0665491	-6.018121	10.00	-6.018847
5.175542	10.00	1.091839	-0.05473974	0.00	0.0662943	-6.088481	10.00	-6.089201
5.066	10.00	1.224504	-0.1095426	0.00	0.132665	-6.124276	10.00	-6.12499
5.010273	10.00	1.291994	-0.05572742	0.00	0.06749046	-6.157579	10.00	-6.158291
4.958421	10.00	1.35479	-0.0518515	0.00	0.06279641	-6.192804	10.00	-6.193512
4.90358	10.00	1.421208	-0.05484143	0.00	0.06641746	-6.228611	10.00	-6.229317
4.847832	10.00	1.488722	-0.05574729	0.00	0.06751452	-6.300254	10.00	-6.300955
4.73629	10.00	1.62381	-0.1115425	0.00	0.1350871	-6.333604	10.00	-6.3343
4.684369	10.00	1.686689	-0.05192047	0.00	0.06287993	-6.404714	10.00	-6.405404
4.573658	10.00	1.82077	-0.1107115	0.00	0.1340806	-6.439323	10.00	-6.440011
4.519772	10.00	1.886031	-0.05388647	0.00	0.06526092	-6.509743	10.00	-6.510425
4.410135	10.00	2.018809	-0.1096361	0.00	0.1327783	-6.544486	10.00	-6.545164
4.356045	10.00	2.084316	-0.05408986	0.00	0.06550724	-6.616822	10.00	-6.617494
4.243425	10.00	2.220709	-0.1126202	0.00	0.1363923	-6.655155	10.00	-6.655822
4.183748	10.00	2.292983	-0.05967698	0.00	0.07227369	-6.720247	10.00	-6.72091
4.082405	10.00	2.415717	-0.1013431	0.00	0.1227348	-6.754277	10.00	-6.754938
4.029422	10.00	2.479884	-0.05298295	0.00	0.06416669	-6.82661	10.00	-6.827263
3.916807	10.00	2.616271	-0.1126155	0.00	0.1363866	-6.859325	10.00	-6.859975
3.865873	10.00	2.677956	-0.05093395	0.00	0.06168518	-6.931085	10.00	-6.931729
3.751528	10.00	2.813264	-0.1143452	0.00	0.1353079	-6.965155	10.00	-6.965794
3.696619	10.00	2.877502	-0.05490862	0.00	0.06423888	-7.036023	10.00	-7.03666
3.582401	10.00	3.011129	-0.1142179	0.00	0.1336262	-7.069338	10.00	-7.06997
3.52871	10.00	3.073944	-0.05369138	0.00	0.06281481	-7.10509	10.00	-7.105718
3.471091	10.00	3.141353	-0.05761896	0.00	0.06740978	-7.175551	10.00	-7.176172
3.35753	10.00	3.274211	-0.1135609	0.00	0.1328576	-7.210117	10.00	-7.210736
3.301821	10.00	3.339386	-0.05570841	0.00	0.06517458	-7.280746	10.00	-7.281358
3.187991	10.00	3.472559	-0.1138307	0.00	0.1331732	-7.315664	10.00	-7.316275
3.131711	10.00	3.538401	-0.05627952	0.00	0.06584273	-7.385911	10.00	-7.386516
3.018496	10.00	3.670854	-0.1132148	0.00	0.1324527	-7.42087	10.00	-7.421472
2.962155	10.00	3.736769	-0.05634122	0.00	0.06591492	-7.491742	10.00	-7.492341
2.847929	10.00	3.870405	-0.1142264	0.00	0.1336361	-7.525754	10.00	-7.526346
2.793116	10.00	3.934532	-0.05481303	0.00	0.06412705	-7.596972	10.00	-7.597558
2.678335	10.00	4.068817	-0.1147806	0.00	0.1342845	-7.642057	10.00	-7.64264
2.605673	10.00	4.153826	-0.07266256	0.00	0.08500964	-7.702497	10.00	-7.703074
2.508264	10.00	4.267787	-0.09740894	0.00	0.113961	-7.736795	10.00	-7.73737
2.452986	10.00	4.332458	-0.05527766	0.00	0.06467063	-7.775866	10.00	-7.776434
2.390019	10.00	4.406125	-0.06296704	0.00	0.07366662	-7.841583	10.00	-7.842147
2.284104	10.00	4.530037	-0.1059151	0.00	0.1239125	-7.876594	10.00	-7.877155
2.22768	10.00	4.596048	-0.0564235	0.00	0.06601118	-7.947801	10.00	-7.948358
2.133713	10.00	4.73032	-0.09396746	0.00	0.1342717	-7.981397	10.00	-7.981948
2.090611	10.00	4.793662	-0.0431016	0.00	0.06334141	-8.022043	10.00	-8.022591
2.036976	10.00	4.870302	-0.05363554	0.00	0.07664075	-8.088043	10.00	-8.088588
1.949885	10.00	4.994749	-0.08709126	0.00	0.1244462	-8.145512	10.00	-8.14605
1.871952	10.00	5.103109	-0.07793283	0.00	0.108361	-8.191933	10.00	-8.192467
1.807306	10.00	5.190639	-0.06464587	0.00	0.08752937	-8.23103	10.00	-8.23156
1.752863	10.00	5.264354	-0.05444292	0.00	0.07371476	-8.298926	10.00	-8.299451
1.65831	10.00	5.392377	-0.0945532	0.00	0.1280234	-8.335906	10.00	-8.336429
1.606811	10.00	5.462105	-0.05149882	0.00	0.06972849	-8.402251	10.00	-8.402766
1.514424	10.00	5.587196	-0.09238695	0.00	0.1250903	-8.439816	10.00	-8.440331
1.462106	10.00	5.658032	-0.05231744	0.00	0.07083689	-8.507997	10.00	-8.508503
1.369652	10.00	5.786585	-0.09245469	0.00	0.1285528	-8.542402	10.00	-8.542907
1.323622	10.00	5.851461	-0.04603032	0.00	0.06487589	-8.576002	10.00	-8.576501
1.278675	10.00	5.91481	-0.0449466	0.00	0.06334849	-8.611733	10.00	-8.612231
1.230871	10.00	5.982185	-0.04780404	0.00	0.0673758	-8.646889	10.00	-8.64738
1.183841	10.00	6.04847	-0.04702966	0.00	0.06628439	-8.717425	10.00	-8.717913
1.094626	10.00	6.181472	-0.0892153	0.00	0.133002	-8.752573	10.00	-8.753055
1.052099	10.00	6.247741	-0.0425269	0.00	0.06626882	-8.786536	10.00	-8.787015
1.011625	10.00	6.311777	-0.04047427	0.00	0.06403645	-8.822525	10.00	-8.823001
0.9700471	10.00	6.379639	-0.0415776	0.00	0.06786134	-8.85672	10.00	-8.857195
0.9317927	10.00	6.444114	-0.0382544	0.00	0.06447528	-8.92792	10.00	-8.928389
0.8521402	10.00	6.578363	-0.0796525	0.00	0.1342491	-8.964218	10.00	-8.964684
0.8115316	10.00	6.646806	-0.0406086	0.00	0.06844314	-8.997458	10.00	-8.997919
0.7743447	10.00	6.709482	-0.0371869	0.00	0.06267609	-9.032098	10.00	-9.032558
0.7355922	10.00	6.774797	-0.03875245	0.00	0.06531472	-9.102942	10.00	-9.103394
0.660219	10.00	6.908373	-0.07537334	0.00	0.1335767	-9.138723	10.00	-9.13917
0.6247642	10.00	6.975837	-0.03545471	0.00	0.06746357	-9.172524	10.00	-9.172972
0.5931177	10.00	7.039577	-0.03164657	0.00	0.0637406	-9.207677	10.00	-9.208119
0.5608541	10.00	7.105854	-0.03226358	0.00	0.06627589	-9.279391	10.00	-9.279827
0.5002652	10.00	7.241074	-0.06058885	0.00	0.1352202	-9.313456	10.00	-9.31389
0.4721059	10.00	7.305307	-0.02815937	0.00	0.06423322	-9.383995	10.00	-9.384425
0.4524341	10.00	7.438309	-0.0196718	0.00	0.133002	-9.418621	10.00	-9.419045
0.4524341	10.00	7.5036	0	0.00	0.06529065	-9.489342	10.00	-9.489758
0.4524341	10.00	7.636942	0	0.00	0.1333431	-9.523789	10.00	-9.524207
0.4524341	10.00	7.701898	0	0.00	0.06495516	-9.594697	10.00	-9.595105
0.4524341	10.00	7.835593	0	0.00	0.1336956	-9.629439	10.00	-9.629848
0.4524341	10.00	7.901106	0	0.00	0.0655129	-9.665171	10.00	-9.665573
0.4524341	10.00	7.968472	0	0.00	0.06736589	-9.734602	10.00	-9.734998
0.4524341	10.00	8.099389	0	0.00	0.1309168	-9.77174	10.00	-9.772132
0.4524341	10.00	8.169412	0	0.00	0.07002293	-9.840997	10.00	-9.841384
0.4524341	10.00	8.300002	0	0.00	0.1305898	-9.887335	10.00	-9.887716
0.4524341	10.00	8.387372	0	0.00	0.08737083	-9.944878	10.00	-9.945252
0.4524341	10.00	8.495868	0	0.00	0.1084955	-9.980303	10.00	-9.980678
0.4524341	10.00	8.562668	0	0.00	0.06679966	-10.05004	10.00	-10.05041
0.4524341	10.00	8.69417	0	0.00	0.1315029	-10.08406	10.00	-10.08443
0.4524341	10.00	8.75831	0	0.00	0.06413979	-10.1552	10.00	-10.15556
0.4524341	10.00	8.892444	0	0.00	0.134133	-10.19019	10.00	-10.19055
0.4524341	10.00	8.958415	0	0.00	0.06597155	-10.2605	10.00	-10.26085
0.4524341	10.00	9.090995	0	0.00	0.1325801	-10.29472	10.00	-10.29507
0.4524341	10.00	9.155522	0	0.00	0.06452766	-10.33357	10.00	-10.33391
0.4524341	10.00	9.228765	0	0.00	0.07324336	-10.40055	10.00	-10.40089
0.4524341	10.00	9.355057	0	0.00	0.1262907	-10.43461	10.00	-10.43495
0.4524341	10.00	9.419291	0	0.00	0.06423464	-10.50556	10.00	-10.50589
0.4524341	10.00	9.553058	0	0.00	0.1337664	-10.5411	10.00	-10.54142
0.4524341	10.00	9.620069	0	0.00	0.06701058	-10.6107	10.00	-10.61102
0.4524341	10.00	9.751304	0	0.00	0.1312353	-10.64938	10.00	-10.6497
0.4524341	10.00	9.824238	0	0.00	0.07293477	-10.71791	10.00	-10.71822
0.4524341	10.00	9.953451	0	0.00	0.1292125	-10.76916	10.00	-10.76947
0.4524341	10.00	10.05009	0	0.00	0.09664427	-10.8208	10.00	-10.8211
0.4524341	10.00	10.14745	0	0.00	0.09735914	-10.8626	10.00	-10.86289
0.4524341	10.00	10.22626	0	0.00	0.07881083	-10.92767	10.00	-10.92796
0.4524341	10.00	10.34896	0	0.00	0.1226965	-10.9751	10.00	-10.97539
0.4524341	10.00	10.43839	0	0.00	0.08942907	-11.0426	10.00	-11.04288
0.4524341	10.00	10.56566	0	0.00	0.1272703	-11.10258	10.00	-11.10286
0.4524341	10.00	10.67876	0	0.00	0.1131032	-11.14593	10.00	-11.1462
0.449842	10.00	10.7605	-0.002592039	0.00	0.08173824	-11.20572	10.00	-11.20599
0.4408095	10.00	10.87323	-0.00903255	0.00	0.1127295	-11.2491	10.00	-11.24936
0.4318786	10.00	10.95504	-0.008930845	0.00	0.08180336	-11.31249	10.00	-11.31275
0.4176719	10.00	11.07456	-0.01420668	0.00	0.1195271	-11.34647	10.00	-11.34672
0.4100586	10.00	11.13862	-0.007613396	0.00	0.06405485	-11.41711	10.00	-11.41736
0.3942267	10.00	11.27182	-0.01583182	0.00	0.1332001	-11.45116	10.00	-11.45141
0.3847298	10.00	11.33603	-0.009496925	0.00	0.06420916	-11.52205	10.00	-11.52229
0.3791972	10.00	11.46968	-0.005532659	0.00	0.1336574	-11.55678	10.00	-11.55702
0.3791972	10.00	11.53518	0	0.00	0.06549308	-11.62747	10.00	-11.6277
0.3791972	10.00	11.66846	0	0.00	0.1332851	-11.66147	10.00	-11.66169
0.3791972	10.00	11.73255	0	0.00	0.06409166	-11.73323	10.00	-11.73345
0.3791972	10.00	11.86787	0	0.00	0.1353207	-11.76752	10.00	-11.76774
0.3791972	10.00	11.93254	0	0.00	0.06466072	-11.83791	10.00	-11.83812
0.3791972	10.00	12.06525	0	0.00	0.1327174	-11.87298	10.00	-11.87319
0.3791972	10.00	12.13138	0	0.00	0.06613293	-11.94373	10.00	-11.94393
0.3791972	10.00	12.26477	0	0.00	0.133387	-11.97799	10.00	-11.97818
0.3791972	10.00	12.32937	0	0.00	0.06459703	-12.01482	10.00	-12.01502
0.3791972	10.00	12.39882	0	0.00	0.06945528	-12.08433	10.00	-12.08451
0.3791972	10.00	12.52987	0	0.00	0.1310456	-12.12003	10.00	-12.12021
0.3791972	10.00	12.59719	0	0.00	0.06732059	-12.18811	10.00	-12.18829
0.3791972	10.00	12.72557	0	0.00	0.1283801	-12.22273	10.00	-12.22291
0.3791972	10.00	12.79085	0	0.00	0.06527508	-12.29324	10.00	-12.29342
0.3791972	10.00	12.92379	0	0.00	0.1329482	-12.32925	10.00	-12.32941
0.3791972	10.00	12.99168	0	0.00	0.06788824	-12.36248	10.00	-12.36264
0.3791972	10.00	13.05434	0	0.00	0.06266193	-12.43383	10.00	-12.43399
0.3791972	10.00	13.18888	0	0.00	0.1345378	-12.46806	10.00	-12.46821
0.3791972	10.00	13.25342	0	0.00	0.06453474	-12.53997	10.00	-12.54012
0.3791972	10.00	13.389	0	0.00	0.1355882	-12.57256	10.00	-12.57271
0.3791972	10.00	13.45046	0	0.00	0.06145727	-12.60798	10.00	-12.60812
0.3791972	10.00	13.51723	0	0.00	0.06677277	-12.67895	10.00	-12.67909
0.3791972	10.00	13.65107	0	0.00	0.1338343	-12.7141	10.00	-12.71423
0.3791972	10.00	13.71733	0	0.00	0.06625608	-12.78401	10.00	-12.78414
0.3791972	10.00	13.84916	0	0.00	0.1318383	-12.81849	10.00	-12.81861
0.3791972	10.00	13.91417	0	0.00	0.06500895	-12.88927	10.00	-12.88938
0.3791972	10.00	14.04762	0	0.00	0.1334464	-12.92333	10.00	-12.92344
0.3791972	10.00	14.11184	0	0.00	0.06422331	-12.99512	10.00	-12.99523
0.3791972	10.00	14.24722	0	0.00	0.1353745	-13.02936	10.00	-13.02947
0.3791972	10.00	14.31178	0	0.00	0.06456447	-13.06433	10.00	-13.06443
0.3791972	10.00	14.3777	0	0.00	0.065922	-13.13558	10.00	-13.13567
0.3762378	10.00	14.51204	-0.002959342	0.00	0.1343411	-13.16872	10.00	-13.16881
0.3742562	10.00	14.57453	-0.001981579	0.00	0.06248781	-13.24019	10.00	-13.24028
0.3686777	10.00	14.7093	-0.005578481	0.00	0.1347643	-13.27611	10.00	-13.27619
0.3639072	10.00	14.77702	-0.004770584	0.00	0.06772262	-13.34585	10.00	-13.34593
0.3457298	10.00	14.90853	-0.01817733	0.00	0.1315071	-13.38082	10.00	-13.3809
0.3366151	10.00	14.97447	-0.009114689	0.00	0.06594182	-13.42157	10.00	-13.42164
0.3267408	10.00	15.05129	-0.009874354	0.00	0.07681911	-13.48501	10.00	-13.48507
0.3088068	10.00	15.17254	-0.01793401	0.00	0.1212527	-13.53276	10.00	-13.53282
0.2805592	10.00	15.26582	-0.02824759	0.00	0.09327803	-13.58656	10.00	-13.58662
0.237768	10.00	15.37289	-0.04279115	0.00	0.1070686	-13.64882	10.00	-13.64887
0.1821774	10.00	15.50256	-0.05559066	0.00	0.1296697	-13.69107	10.00	-13.69112
0.1313559	10.00	15.59582	-0.05082144	0.00	0.0932667	-13.73635	10.00	-13.73639
0.06635948	10.00	15.70026	-0.06499644	0.00	0.1044342	-13.77491	10.00	-13.77495
0.006223715	10.00	15.79397	-0.06013577	0.00	0.09370836	-13.81522	10.00	-13.81525
-0.06378242	10.00	15.89685	-0.07000614	0.00	0.1028799	-13.84484	10.00	-13.84487
-0.1190342	10.00	15.9769	-0.05525181	0.00	0.08005796	-13.88629	10.00	-13.88632
-0.2012187	10.00	16.09434	-0.08218449	0.00	0.1174348	-13.90798	10.00	-13.90801
-0.2487701	10.00	16.16046	-0.04755136	0.00	0.06611735	-13.92878	10.00	-13.9288
-0.2989949	10.00	16.22672	-0.05022484	0.00	0.06626599	-13.96869	10.00	-13.96871
-0.4050672	10.00	16.35987	-0.1060723	0.00	0.1331463	-13.98674	10.00	-13.98676
-0.4587571	10.00	16.42645	-0.05368989	0.00	0.06658449	-14.00303	10.00	-14.00305
-0.5105758	10.00	16.48995	-0.05181871	0.00	0.06350137	-14.01913	10.00	-14.01915
-0.5646898	10.00	16.55627	-0.05411399	0.00	0.06631412	-14.03467	10.00	-14.03469
-0.6222326	10.00	16.62436	-0.05754284	0.00	0.06809209	-14.06314	10.00	-14.06315
-0.7415097	10.00	16.75786	-0.1192771	0.00	0.133496	-14.0751	10.00	-14.0751
-0.799616	10.00	16.82289	-0.05810624	0.00	0.06503302	-14.09777	10.00	-14.09778
-0.9195255	10.00	16.95709	-0.1199095	0.00	0.1342038	-14.10655	10.00	-14.10655
-0.9762897	10.00	17.02062	-0.05676429	0.00	0.06353109	-14.12302	10.00	-14.12303
-1.096285	10.00	17.15492	-0.1199955	0.00	0.1343	-14.12831	10.00	-14.12831
-1.152976	10.00	17.21837	-0.05669093	0.00	0.06344899	-14.13211	10.00	-14.13211
-1.204077	10.00	17.28411	-0.05110101	0.00	0.06574222	-14.13848	10.00	-14.13847
-1.28089	10.00	17.41795	-0.07681299	0.00	0.1338315	-14.13949	10.00	-14.13949
-1.317576	10.00	17.48296	-0.03668581	0.00	0.06501462	-14.13999	10.00	-14.13999
-1.349715	10.00	17.54898	-0.03213885	0.00	0.06601968	-14.14001	10.00	-14.14001
-1.405868	10.00	17.68299	-0.05615313	0.00	0.1340084	-14.14001	10.00	-14.14001
-1.422879	10.00	17.7474	-0.01701114	0.00	0.06441158	-14.14001	10.00	-14.14001
-1.422879	10.00	17.88165	0	0.00	0.1342462	-14.14001	10.00	-14.14001
-1.422879	10.00	17.94622	0	0.00	0.06457013	-14.14001	10.00	-14.14001
-1.422879	10.00	18.07938	0	0.00	0.1331591	-14.14001	10.00	-14.14001
-1.422879	10.00	18.1439	0	0.00	0.06452766	-14.14001	10.00	-14.14001
-1.422879	10.00	18.20971	0	0.00	0.06580451	-14.14001	10.00	-14.14001
-1.422879	10.00	18.34493	0	0.00	0.1352258	-14.14001	10.00	-14.14001
-1.422879	10.00	18.40961	0	0.00	0.06468054	-14.14001	10.00	-14.14001
-1.422879	10.00	18.47404	0	0.00	0.06442574	-14.14001	10.00	-14.14001
-1.422879	10.00	18.60766	0	0.00	0.1336234	-14.14001	10.00	-14.14001
-1.422879	10.00	18.67228	0	0.00	0.06461118	-14.14001	10.00	-14.14001
-1.422879	10.00	18.80731	0	0.00	0.1350361	-14.14001	10.00	-14.14001
-1.422879	10.00	18.88615	0	0.00	0.07883915	-14.14001	10.00	-14.14001
-1.422879	10.00	19.00648	0	0.00	0.1203354	-14.14001	10.00	-14.14001
-1.422879	10.00	19.07661	0	0.00	0.07012627	-14.14001	10.00	-14.14001
-1.422879	10.00	19.20234	0	0.00	0.1257245	-14.14001	10.00	-14.14001
-1.422879	10.00	19.26774	0	0.00	0.0654039	-14.14001	10.00	-14.14001
-1.422879	10.00	19.40121	0	0.00	0.1334691	-14.14001	10.00	-14.14001
-1.422879	10.00	19.46624	0	0.00	0.06502594	-14.14001	10.00	-14.14001
-1.422879	10.00	19.59943	0	0.00	0.1331959	-14.14001	10.00	-14.14001
-1.422879	10.00	19.66364	0	0.00	0.06420774	-14.14001	10.00	-14.14001
-1.422879	10.00	19.79736	0	0.00	0.1337239	-14.14001	10.00	-14.14001
-1.422879	10.00	19.86381	0	0.00	0.06644718	-14.14001	10.00	-14.14001
-1.422879	10.00	19.99706	0	0.00	0.1332539	-14.14001	10.00	-14.14001
-1.422879	10.00	20.06383	0	0.00	0.06676286	-14.14001	10.00	-14.14001
-1.422879	10.00	20.1964	0	0.00	0.132573	-14.14001	10.00	-14.14001
-1.422879	10.00	20.28669	0	0.00	0.09028833	-14.14001	10.00	-14.14001
-1.422879	10.00	20.39264	0	0.00	0.1059531	-14.14001	10.00	-14.14001
-1.422879	10.00	20.48173	0	0.00	0.08908509	-14.14001	10.00	-14.14001
-1.422879	10.00	20.58969	0	0.00	0.1079689	-14.14001	10.00	-14.14001
-1.422879	10.00	20.65509	0	0.00	0.06539541	-14.14001	10.00	-14.14001
-1.422879	10.00	20.78975	0	0.00	0.1346553	-14.14001	10.00	-14.14001
-1.422879	10.00	20.86518	0	0.00	0.07543185	-14.14001	10.00	-14.14001
-1.422879	10.00	20.98792	0	0.00	0.1227475	-14.14001	10.00	-14.14001
-1.422879	10.00	21.06577	0	0.00	0.07784966	-14.14001	10.00	-14.14001
-1.422879	10.00	21.18671	0	0.00	0.1209327	-14.14001	10.00	-14.14001
-1.422879	10.00	21.24989	0	0.00	0.06318003	-14.14001	10.00	-14.14001
-1.422879	10.00	21.31787	0	0.00	0.06798308	-14.14001	10.00	-14.14001
-1.422879	10.00	21.45118	0	0.00	0.1333105	-14.14001	10.00	-14.14001
-1.422879	10.00	21.51601	0	0.00	0.06482493	-14.14001	10.00	-14.14001
-1.422879	10.00	21.5801	0	0.00	0.06409732	-14.14001	10.00	-14.14001
-1.422879	10.00	21.71386	0	0.00	0.1337593	-14.14001	10.00	-14.14001
-1.422879	10.00	21.77816	0	0.00	0.06430117	-14.14001	10.00	-14.14001
-1.422879	10.00	21.9133	0	0.00	0.1351324	-14.14001	10.00	-14.14001
-1.422879	10.00	21.97858	0	0.00	0.06527933	-14.14001	10.00	-14.14001
-1.422879	10.00	22.04281	0	0.00	0.06423464	-14.14001	10.00	-14.14001
-1.422879	10.00	22.17673	0	0.00	0.1339192	-14.14001	10.00	-14.14001
-1.422879	10.00	22.24446	0	0.00	0.0677297	-14.14001	10.00	-14.14001
-1.422879	10.00	22.37505	0	0.00	0.1305926	-14.14001	10.00	-14.14001
-1.422879	10.00	22.44081	0	0.00	0.06576346	-14.14001	10.00	-14.14001
-1.422879	10.00	22.57356	0	0.00	0.1327443	-14.14001	10.00	-14.14001
-1.422879	10.00	22.63815	0	0.00	0.06459278	-14.14001	10.00	-14.14001
-1.422879	10.00	22.77123	0	0.00	0.1330812	-14.14001	10.00	-14.14001
-1.422879	10.00	22.83674	0	0.00	0.06550866	-14.14001	10.00	-14.14001
-1.422879	10.00	22.97005	0	0.00	0.1333091	-14.14001	10.00	-14.14001
-1.422879	10.00	23.03786	0	0.00	0.06781179	-14.14001	10.00	-14.14001
-1.422879	10.00	23.16823	0	0.00	0.130369	-14.14001	10.00	-14.14001
-1.422879	10.00	23.23192	0	0.00	0.06369247	-14.14001	10.00	-14.14001
-1.422879	10.00	23.36666	0	0.00	0.1347332	-14.14001	10.00	-14.14001
-1.422879	10.00	23.43054	0	0.00	0.06388074	-14.14001	10.00	-14.14001
-1.422879	10.00	23.56582	0	0.00	0.1352867	-14.14001	10.00	-14.14001
-1.422879	10.00	23.62935	0	0.00	0.06352685	-14.14001	10.00	-14.14001
-1.422879	10.00	23.76313	0	0.00	0.1337734	-14.14001	10.00	-14.14001
-1.422879	10.00	23.82822	0	0.00	0.06509531	-14.14001	10.00	-14.14001
-1.422879	10.00	23.96142	0	0.00	0.1331987	-14.14001	10.00	-14.14001
-1.422879	10.00	24.02742	0	0.00	0.0660041	-14.14001	10.00	-14.14001
-1.422879	10.00	24.15954	0	0.00	0.132113	-14.14001	10.00	-14.14001
-1.422879	10.00	24.22519	0	0.00	0.06565163	-14.14001	10.00	-14.14001
-1.422879	10.00	24.35875	0	0.00	0.1335611	-14.14001	10.00	-14.14001
-1.422879	10.00	24.42438	0	0.00	0.06562756	-14.14001	10.00	-14.14001
-1.422879	10.00	24.49032	0	0.00	0.06594606	-14.14001	10.00	-14.14001
-1.419878	10.00	24.62658	0.003001626	0.00	0.1362606	-14.14001	10.00	-14.14001
-1.416702	10.00	24.68876	0.003175508	0.00	0.06217073	-14.14001	10.00	-14.14001
-1.409762	10.00	24.75851	0.006939798	0.00	0.06975255	-14.14001	10.00	-14.14001
-1.393019	10.00	24.88876	0.01674329	0.00	0.1302571	-14.14001	10.00	-14.14001
-1.383146	10.00	24.96557	0.009872716	0.00	0.07680637	-14.14001	10.00	-14.14001
-1.365205	10.00	25.08687	0.01794154	0.00	0.1213036	-14.14001	10.00	-14.14001
-1.347198	10.00	25.20862	0.01800666	0.00	0.1217439	-14.14001	10.00	-14.14001
-1.336129	10.00	25.28345	0.01106868	0.00	0.07483589	-14.14001	10.00	-14.14001
-1.313866	10.00	25.41655	0.02226287	0.00	0.133094	-14.14001	10.00	-14.14001
-1.276765	10.00	25.61534	0.03710186	0.00	0.1987909	-14.14001	10.00	-14.14001
-1.250655	10.00	25.74833	0.02610962	0.00	0.1329949	-14.14001	10.00	-14.14001
-1.236058	10.00	25.81601	0.01459676	0.00	0.0676759	-14.14001	10.00	-14.14001
-1.204369	10.00	25.94549	0.03168932	0.00	0.1294842	-14.14001	10.00	-14.14001
-1.188905	10.00	26.00868	0.01546375	0.00	0.06318569	-14.14001	10.00	-14.14001
-1.172806	10.00	26.07446	0.01609877	0.00	0.06578045	-14.14001	10.00	-14.14001
-1.13983	10.00	26.2092	0.032976	0.00	0.1347417	-14.14001	10.00	-14.14001
-1.121799	10.00	26.27281	0.01803101	0.00	0.06360895	-14.14001	10.00	-14.14001
-1.078506	10.00	26.40718	0.0432931	0.00	0.134368	-14.14001	10.00	-14.14001
-1.058056	10.00	26.47065	0.02045044	0.00	0.06347164	-14.14001	10.00	-14.14001
-1.014585	10.00	26.60557	0.04347098	0.00	0.1349201	-14.14001	10.00	-14.14001
-0.9938803	10.00	26.66983	0.02070448	0.00	0.06426012	-14.14001	10.00	-14.14001
22.83636
