0.008616291	10.00	-49.93297	0.008616291	0.00	0.06703182	28.28	10.00	-28.28
0.02564526	10.00	-49.80049	0.01702897	0.00	0.1324796	28.27807	10.00	-28.27796
0.03110348	10.00	-49.75803	0.005458215	0.00	0.04246306	28.27248	10.00	-28.27213
0.04297228	10.00	-49.66569	0.0118688	0.00	0.09233525	28.26665	10.00	-28.26619
0.05097955	10.00	-49.6034	0.008007275	0.00	0.06229388	28.25896	10.00	-28.25848
0.0594783	10.00	-49.53728	0.008498746	0.00	0.06611735	28.24977	10.00	-28.24925
0.06794156	10.00	-49.47144	0.008463264	0.00	0.06584132	28.23898	10.00	-28.23842
0.07646032	10.00	-49.40516	0.008518761	0.00	0.06627306	28.22649	10.00	-28.2259
0.08507461	10.00	-49.33815	0.00861429	0.00	0.06701624	28.21271	10.00	-28.2121
0.0935095	10.00	-49.27253	0.008434878	0.00	0.06562048	28.19741	10.00	-28.19677
0.1019422	10.00	-49.20692	0.008432695	0.00	0.06560349	28.18046	10.00	-28.1798
0.1104337	10.00	-49.14087	0.008491468	0.00	0.06606073	28.16199	10.00	-28.1613
0.1189202	10.00	-49.07484	0.008486554	0.00	0.06602251	28.14199	10.00	-28.14128
0.1273997	10.00	-49.00887	0.008479458	0.00	0.0659673	28.12034	10.00	-28.11961
0.1359228	10.00	-48.94257	0.008523128	0.00	0.06630704	28.09724	10.00	-28.09649
0.1444077	10.00	-48.87656	0.008484917	0.00	0.06600977	28.07229	10.00	-28.07153
0.1529974	10.00	-48.80973	0.008589726	0.00	0.06682514	28.04616	10.00	-28.04539
0.1614574	10.00	-48.74392	0.008459989	0.00	0.06581584	28.01847	10.00	-28.0177
0.1699263	10.00	-48.67803	0.008468905	0.00	0.0658852	27.98883	10.00	-27.98805
0.1772196	10.00	-48.61123	0.007293287	0.00	0.06680391	27.95844	10.00	-27.95765
0.1836913	10.00	-48.54933	0.006471652	0.00	0.06189796	27.92585	10.00	-27.92506
0.1877309	10.00	-48.49636	0.004039661	0.00	0.05296622	27.89113	10.00	-27.89035
0.1898737	10.00	-48.4458	0.002142735	0.00	0.05055872	27.85706	10.00	-27.85627
0.1898737	10.00	-48.40582	0	0.00	0.03999076	27.82211	10.00	-27.82132
0.1898737	10.00	-48.37884	0	0.00	0.02697493	27.78698	10.00	-27.7862
0.1898737	10.00	-48.35686	0	0.00	0.02198255	27.75191	10.00	-27.75113
0.1898737	10.00	-48.34387	0	0.00	0.01298353	27.71682	10.00	-27.71603
0.1898737	10.00	-48.33665	0	0.00	0.007224051	27.68161	10.00	-27.68082
0.1898737	10.00	-48.33665	0	0.00	0	27.64663	10.00	-27.64585
0.1898737	10.00	-48.33665	0	0.00	0	27.61155	10.00	-27.61076
0.1898737	10.00	-48.33665	0	0.00	0	27.5764	10.00	-27.57561
0.1898737	10.00	-48.33665	0	0.00	0	27.54151	10.00	-27.54072
0.1898737	10.00	-48.33665	0	0.00	0	27.50652	10.00	-27.50574
0.1898737	10.00	-48.33665	0	0.00	0	27.47145	10.00	-27.47066
0.1898737	10.00	-48.33665	0	0.00	0	27.43644	10.00	-27.43566
0.1898737	10.00	-48.33665	0	0.00	0	27.39985	10.00	-27.39907
0.1898737	10.00	-48.33665	0	0.00	0	27.36587	10.00	-27.36509
0.1898737	10.00	-48.33665	0	0.00	0	27.33068	10.00	-27.3299
0.1898737	10.00	-48.33665	0	0.00	0	27.29488	10.00	-27.2941
0.1898737	10.00	-48.33665	0	0.00	0	27.26078	10.00	-27.26
0.1898737	10.00	-48.33665	0	0.00	0	27.22587	10.00	-27.2251
0.1898737	10.00	-48.33665	0	0.00	0	27.1894	10.00	-27.18863
0.1898737	10.00	-48.33665	0	0.00	0	27.15593	10.00	-27.15515
0.1898737	10.00	-48.33665	0	0.00	0	27.1209	10.00	-27.12012
0.1898737	10.00	-48.33665	0	0.00	0	27.08479	10.00	-27.08402
0.1898737	10.00	-48.33665	0	0.00	0	27.05068	10.00	-27.04991
0.1898737	10.00	-48.33665	0	0.00	0	27.0156	10.00	-27.01483
0.1898737	10.00	-48.33665	0	0.00	0	26.97933	10.00	-26.97855
0.1898737	10.00	-48.33665	0	0.00	0	26.94545	10.00	-26.94468
0.1898737	10.00	-48.33665	0	0.00	0	26.91079	10.00	-26.91002
0.1898737	10.00	-48.33665	0	0.00	0	26.87364	10.00	-26.87287
0.1898737	10.00	-48.33665	0	0.00	0	26.84062	10.00	-26.83985
0.1898737	10.00	-48.33665	0	0.00	0	26.80527	10.00	-26.8045
0.1898737	10.00	-48.33665	0	0.00	0	26.77045	10.00	-26.76968
0.1898737	10.00	-48.33665	0	0.00	0	26.7351	10.00	-26.73433
0.1898737	10.00	-48.33665	0	0.00	0	26.70015	10.00	-26.69939
0.1898737	10.00	-48.33665	0	0.00	0	26.66536	10.00	-26.6646
0.1898737	10.00	-48.33665	0	0.00	0	26.63011	10.00	-26.62935
0.1898737	10.00	-48.33665	0	0.00	0	26.5935	10.00	-26.59273
0.1898737	10.00	-48.33665	0	0.00	0	26.5601	10.00	-26.55933
0.1898737	10.00	-48.33665	0	0.00	0	26.52502	10.00	-26.52426
0.1898737	10.00	-48.33665	0	0.00	0	26.48952	10.00	-26.48877
0.1898737	10.00	-48.33665	0	0.00	0	26.45496	10.00	-26.4542
0.1898737	10.00	-48.33665	0	0.00	0	26.41981	10.00	-26.41904
0.1898737	10.00	-48.33665	0	0.00	0	26.38429	10.00	-26.38353
0.1898737	10.00	-48.33665	0	0.00	0	26.34977	10.00	-26.349
0.1898737	10.00	-48.33665	0	0.00	0	26.31431	10.00	-26.31356
0.1898737	10.00	-48.33665	0	0.00	0	26.27919	10.00	-26.27843
0.1898737	10.00	-48.33665	0	0.00	0	26.24479	10.00	-26.24403
0.1898737	10.00	-48.33665	0	0.00	0	26.2096	10.00	-26.20884
0.1898737	10.00	-48.33665	0	0.00	0	26.17372	10.00	-26.17296
0.1898737	10.00	-48.33665	0	0.00	0	26.13933	10.00	-26.13858
0.1898737	10.00	-48.33665	0	0.00	0	26.10423	10.00	-26.10347
0.1898737	10.00	-48.33665	0	0.00	0	26.06932	10.00	-26.06857
0.1898737	10.00	-48.33665	0	0.00	0	26.03424	10.00	-26.03349
0.1898737	10.00	-48.33665	0	0.00	0	25.99931	10.00	-25.99855
0.1898737	10.00	-48.33665	0	0.00	0	25.96423	10.00	-25.96347
0.1898737	10.00	-48.33665	0	0.00	0	25.92931	10.00	-25.92855
0.1898737	10.00	-48.33665	0	0.00	0	25.89386	10.00	-25.89312
0.1898737	10.00	-48.33665	0	0.00	0	25.85913	10.00	-25.85839
0.1898737	10.00	-48.33665	0	0.00	0	25.82366	10.00	-25.82291
0.1898737	10.00	-48.33665	0	0.00	0	25.78867	10.00	-25.78792
0.1898737	10.00	-48.33665	0	0.00	0.0001756992	25.75381	10.00	-25.75307
0.1898737	10.00	-48.33266	0	0.00	0.003992785	25.71891	10.00	-25.71817
0.1898737	10.00	-48.32356	0	0.00	0.009097275	25.68365	10.00	-25.68291
0.1898737	10.00	-48.31372	0	0.00	0.00983255	25.64888	10.00	-25.64814
0.1898737	10.00	-48.29895	0	0.00	0.01477607	25.61385	10.00	-25.6131
0.1898737	10.00	-48.28278	0	0.00	0.01616875	25.57835	10.00	-25.57761
0.1898737	10.00	-48.26575	0	0.00	0.0170296	25.54371	10.00	-25.54296
0.1898737	10.00	-48.24913	0	0.00	0.01661831	25.50862	10.00	-25.50787
0.1898737	10.00	-48.2323	0	0.00	0.01683476	25.47155	10.00	-25.4708
0.1898737	10.00	-48.21248	0	0.00	0.01981625	25.43845	10.00	-25.43771
0.1898737	10.00	-48.19479	0	0.00	0.01768712	25.40343	10.00	-25.40268
0.1898737	10.00	-48.17607	0	0.00	0.01872159	25.36745	10.00	-25.36671
0.1898737	10.00	-48.15684	0	0.00	0.0192316	25.33336	10.00	-25.33263
0.1898737	10.00	-48.13863	0	0.00	0.01821639	25.29837	10.00	-25.29763
0.1898737	10.00	-48.11992	0	0.00	0.01870233	25.26317	10.00	-25.26243
0.1898737	10.00	-48.1011	0	0.00	0.0188199	25.22823	10.00	-25.22749
0.1898737	10.00	-48.07988	0	0.00	0.02122717	25.19324	10.00	-25.1925
0.1898737	10.00	-48.05734	0	0.00	0.02253301	25.15793	10.00	-25.15719
0.1898737	10.00	-48.0288	0	0.00	0.02853936	25.1232	10.00	-25.12246
0.1898737	10.00	-47.99502	0	0.00	0.03378425	25.08793	10.00	-25.08719
0.1898737	10.00	-47.95298	0	0.00	0.04203913	25.05273	10.00	-25.05199
0.1898737	10.00	-47.89817	0	0.00	0.05480636	25.01774	10.00	-25.01701
0.1898737	10.00	-47.83796	0	0.00	0.06021722	24.98289	10.00	-24.98216
0.1898737	10.00	-47.77351	0	0.00	0.06444131	24.94782	10.00	-24.94709
0.1898737	10.00	-47.70739	0	0.00	0.06612585	24.91271	10.00	-24.91198
0.1898737	10.00	-47.64119	0	0.00	0.0662037	24.87681	10.00	-24.87608
0.1898737	10.00	-47.57348	0	0.00	0.06770138	24.8427	10.00	-24.84197
0.1898737	10.00	-47.50917	0	0.00	0.06431815	24.80707	10.00	-24.80634
0.1898737	10.00	-47.44199	0	0.00	0.06718186	24.77133	10.00	-24.7706
0.1898737	10.00	-47.3746	0	0.00	0.06738996	24.7373	10.00	-24.73658
0.1898737	10.00	-47.31044	0	0.00	0.06415819	24.70238	10.00	-24.70165
0.1898737	10.00	-47.24459	0	0.00	0.06584981	24.66589	10.00	-24.66516
0.1898737	10.00	-47.17577	0	0.00	0.06881827	24.63231	10.00	-24.63158
0.1898737	10.00	-47.11246	0	0.00	0.06331027	24.59727	10.00	-24.59655
0.1898737	10.00	-47.04639	0	0.00	0.06606356	24.56048	10.00	-24.55976
0.1898737	10.00	-46.97702	0	0.00	0.06937742	24.52705	10.00	-24.52633
0.1898737	10.00	-46.91398	0	0.00	0.06303848	24.49206	10.00	-24.49133
0.1898737	10.00	-46.848	0	0.00	0.06598287	24.45675	10.00	-24.45603
0.1898737	10.00	-46.78142	0	0.00	0.066576	24.42194	10.00	-24.42122
0.1898737	10.00	-46.71578	0	0.00	0.06563888	24.38684	10.00	-24.38613
0.1898737	10.00	-46.64962	0	0.00	0.06616548	24.35126	10.00	-24.35054
0.1898737	10.00	-46.58252	0	0.00	0.06709693	24.31704	10.00	-24.31631
0.1898737	10.00	-46.51797	0	0.00	0.06454606	24.2818	10.00	-24.28109
0.1898737	10.00	-46.45154	0	0.00	0.06642878	24.24654	10.00	-24.24582
0.1898737	10.00	-46.38506	0	0.00	0.06648824	24.21172	10.00	-24.21101
0.1898737	10.00	-46.3194	0	0.00	0.06565446	24.17652	10.00	-24.17581
0.1898737	10.00	-46.25303	0	0.00	0.06637357	24.14157	10.00	-24.14086
0.1898737	10.00	-46.18713	0	0.00	0.06590077	24.10654	10.00	-24.10583
0.1898737	10.00	-46.12107	0	0.00	0.06605648	24.07162	10.00	-24.0709
0.1898737	10.00	-46.05522	0	0.00	0.0658484	24.03617	10.00	-24.03546
0.1898737	10.00	-45.98838	0	0.00	0.06683929	24.00143	10.00	-24.00072
0.1898737	10.00	-45.92287	0	0.00	0.06550724	23.96571	10.00	-23.96499
0.1898737	10.00	-45.85551	0	0.00	0.06736448	23.93103	10.00	-23.93032
0.1898737	10.00	-45.79013	0	0.00	0.06538267	23.8847	10.00	-23.88399
0.1898737	10.00	-45.70277	0	0.00	0.08735667	23.86027	10.00	-23.85956
0.1898737	10.00	-45.6567	0	0.00	0.04606853	23.82599	10.00	-23.82528
0.1898737	10.00	-45.59206	0	0.00	0.06464373	23.79113	10.00	-23.79042
0.1898737	10.00	-45.52633	0	0.00	0.06572524	23.75586	10.00	-23.75515
0.1898737	10.00	-45.45982	0	0.00	0.06650805	23.72069	10.00	-23.71998
0.1898737	10.00	-45.39352	0	0.00	0.06630845	23.68602	10.00	-23.68532
0.1898737	10.00	-45.32814	0	0.00	0.06537559	23.65005	10.00	-23.64935
0.1898737	10.00	-45.26032	0	0.00	0.06782454	23.61581	10.00	-23.61511
0.1898737	10.00	-45.19576	0	0.00	0.06456164	23.58072	10.00	-23.58002
0.1898737	10.00	-45.12958	0	0.00	0.06617256	23.54572	10.00	-23.54501
0.1898737	10.00	-45.06358	0	0.00	0.06599844	23.51072	10.00	-23.51002
0.1898737	10.00	-44.99759	0	0.00	0.06599278	23.47569	10.00	-23.47498
0.1898737	10.00	-44.93153	0	0.00	0.06606639	23.44067	10.00	-23.43997
0.1898737	10.00	-44.86551	0	0.00	0.06601826	23.40562	10.00	-23.40491
0.1898737	10.00	-44.7994	0	0.00	0.06610603	23.37027	10.00	-23.36956
0.1898737	10.00	-44.73274	0	0.00	0.06665669	23.33549	10.00	-23.33479
0.1898737	10.00	-44.66717	0	0.00	0.06557235	23.30035	10.00	-23.29965
0.1898737	10.00	-44.60091	0	0.00	0.06626315	23.26545	10.00	-23.26474
0.1898737	10.00	-44.5351	0	0.00	0.06580876	23.23034	10.00	-23.22964
0.1898737	10.00	-44.46891	0	0.00	0.0661938	23.19539	10.00	-23.19469
0.1898737	10.00	-44.403	0	0.00	0.06590643	23.16011	10.00	-23.15941
0.1898737	10.00	-44.33648	0	0.00	0.06651937	23.12502	10.00	-23.12432
0.1898737	10.00	-44.27032	0	0.00	0.06616407	23.0902	10.00	-23.0895
0.1898737	10.00	-44.20465	0	0.00	0.06566437	23.05456	10.00	-23.05386
0.1898737	10.00	-44.13744	0	0.00	0.06721018	23.02008	10.00	-23.01938
0.1898737	10.00	-44.07243	0	0.00	0.06500895	22.98499	10.00	-22.9843
0.1898737	10.00	-44.00628	0	0.00	0.06615841	22.94899	10.00	-22.94829
0.1898737	10.00	-43.93838	0	0.00	0.06789248	22.9148	10.00	-22.91411
0.1898737	10.00	-43.87393	0	0.00	0.06445405	22.87949	10.00	-22.8788
0.1898737	10.00	-43.80735	0	0.00	0.06658166	22.84473	10.00	-22.84404
0.1898737	10.00	-43.74307	0	0.00	0.06427196	22.80975	10.00	-22.80906
0.1898737	10.00	-43.67902	0	0.00	0.06405516	22.77474	10.00	-22.77405
0.1898737	10.00	-43.61492	0	0.00	0.06409777	22.73952	10.00	-22.73883
0.1898737	10.00	-43.55045	0	0.00	0.06447025	22.70458	10.00	-22.70389
0.1898737	10.00	-43.48648	0	0.00	0.06397544	22.66919	10.00	-22.66851
0.1898737	10.00	-43.42169	0	0.00	0.06478637	22.63413	10.00	-22.63344
0.1898737	10.00	-43.35749	0	0.00	0.06419536	22.59946	10.00	-22.59878
0.1898737	10.00	-43.29403	0	0.00	0.06346827	22.56419	10.00	-22.5635
0.1898737	10.00	-43.22943	0	0.00	0.06458982	22.52942	10.00	-22.52873
0.1898737	10.00	-43.16578	0	0.00	0.06365245	22.49421	10.00	-22.49352
0.1898737	10.00	-43.10131	0	0.00	0.0644675	22.45932	10.00	-22.45864
0.1898737	10.00	-43.03873	0	0.00	0.06259034	22.42416	10.00	-22.42347
0.1898737	10.00	-42.97627	0	0.00	0.06245745	22.38916	10.00	-22.38848
0.1898737	10.00	-42.9154	0	0.00	0.06087033	22.3536	10.00	-22.35292
0.1898737	10.00	-42.85418	0	0.00	0.06121611	22.31869	10.00	-22.31801
0.1898737	10.00	-42.79728	0	0.00	0.05689994	22.28393	10.00	-22.28325
0.1898737	10.00	-42.7476	0	0.00	0.04968195	22.24746	10.00	-22.24678
0.1898737	10.00	-42.69947	0	0.00	0.04812745	22.21384	10.00	-22.21316
0.1898737	10.00	-42.65818	0	0.00	0.04129389	22.17872	10.00	-22.17804
0.1898737	10.00	-42.62146	0	0.00	0.03672201	22.14247	10.00	-22.14179
0.1898737	10.00	-42.58884	0	0.00	0.03261941	22.10858	10.00	-22.1079
0.1898737	10.00	-42.55897	0	0.00	0.02986844	22.07354	10.00	-22.07286
0.1898737	10.00	-42.52872	0	0.00	0.03024439	22.0375	10.00	-22.03683
0.1898737	10.00	-42.49762	0	0.00	0.03110363	22.00343	10.00	-22.00275
0.1898737	10.00	-42.46821	0	0.00	0.02941237	21.96849	10.00	-21.96782
0.1898737	10.00	-42.43805	0	0.00	0.03015562	21.93332	10.00	-21.93264
0.1898737	10.00	-42.40769	0	0.00	0.03036038	21.89834	10.00	-21.89767
0.1898737	10.00	-42.37239	0	0.00	0.03530182	21.86311	10.00	-21.86243
0.1864807	10.00	-42.33233	-0.003392998	0.00	0.04005667	21.82814	10.00	-21.82747
0.1754526	10.00	-42.28556	-0.01102808	0.00	0.04677757	21.79331	10.00	-21.79263
0.1581046	10.00	-42.23259	-0.01734799	0.00	0.05296622	21.75823	10.00	-21.75756
0.1252667	10.00	-42.16837	-0.03283785	0.00	0.06421872	21.72318	10.00	-21.72251
0.08797308	10.00	-42.10292	-0.03729367	0.00	0.06545191	21.68787	10.00	-21.68719
0.04523814	10.00	-42.03633	-0.04273493	0.00	0.06659298	21.65177	10.00	-21.6511
0.0009049179	10.00	-41.96827	-0.04433323	0.00	0.0680567	21.61802	10.00	-21.61735
-0.04116562	10.00	-41.90463	-0.04207053	0.00	0.06363726	21.58281	10.00	-21.58213
-0.08506384	10.00	-41.83823	-0.04389822	0.00	0.06640188	21.54761	10.00	-21.54694
-0.1289387	10.00	-41.77186	-0.04387482	0.00	0.06636649	21.51291	10.00	-21.51224
-0.1721986	10.00	-41.70643	-0.04325998	0.00	0.06543646	21.47754	10.00	-21.47687
-0.2162868	10.00	-41.63974	-0.0440882	0.00	0.06668925	21.4422	10.00	-21.44153
-0.2603488	10.00	-41.57309	-0.04406199	0.00	0.06664961	21.40741	10.00	-21.40674
-0.3037061	10.00	-41.5075	-0.04335731	0.00	0.06558368	21.37264	10.00	-21.37198
-0.3457806	10.00	-41.44194	-0.04207451	0.00	0.06556387	21.33758	10.00	-21.33692
-0.3830823	10.00	-41.37584	-0.03730166	0.00	0.06610603	21.30258	10.00	-21.30192
-0.4184038	10.00	-41.30984	-0.03532152	0.00	0.0659942	21.26758	10.00	-21.26691
-0.4524546	10.00	-41.24383	-0.03405079	0.00	0.06600835	21.23144	10.00	-21.23078
-0.4823286	10.00	-41.17569	-0.02987403	0.00	0.06814446	21.19717	10.00	-21.19651
-0.5025215	10.00	-41.11107	-0.02019286	0.00	0.06461401	21.16244	10.00	-21.16178
-0.5204501	10.00	-41.04559	-0.01792861	0.00	0.06548459	21.12719	10.00	-21.12653
-0.5334998	10.00	-40.97912	-0.01304967	0.00	0.06647125	21.0923	10.00	-21.09164
-0.5394087	10.00	-40.91332	-0.005908933	0.00	0.0657946	21.05726	10.00	-21.0566
-0.5415037	10.00	-40.84726	-0.002095017	0.00	0.06606498	21.02208	10.00	-21.02142
-0.5415037	10.00	-40.78091	0	0.00	0.06634668	20.98714	10.00	-20.98649
-0.5415037	10.00	-40.71505	0	0.00	0.06586255	20.95205	10.00	-20.9514
-0.5415037	10.00	-40.64888	0	0.00	0.06616407	20.91714	10.00	-20.91648
-0.5415037	10.00	-40.58304	0	0.00	0.06584273	20.88193	10.00	-20.88128
-0.5415037	10.00	-40.51666	0	0.00	0.0663849	20.84686	10.00	-20.84621
-0.5415037	10.00	-40.45053	0	0.00	0.06612302	20.81194	10.00	-20.81128
-0.5415037	10.00	-40.38468	0	0.00	0.0658583	20.77683	10.00	-20.77618
-0.5415037	10.00	-40.31848	0	0.00	0.06619521	20.74051	10.00	-20.73985
-0.5415037	10.00	-40.24998	0	0.00	0.06849552	20.70662	10.00	-20.70597
-0.5415037	10.00	-40.18609	0	0.00	0.06389631	20.67174	10.00	-20.67109
-0.5415037	10.00	-40.12032	0	0.00	0.06577337	20.63609	10.00	-20.63543
-0.5415037	10.00	-40.05309	0	0.00	0.06723141	20.60165	10.00	-20.601
-0.5415037	10.00	-39.98816	0	0.00	0.06491978	20.56637	10.00	-20.56572
-0.5415037	10.00	-39.92164	0	0.00	0.06652503	20.53046	10.00	-20.52981
-0.5415037	10.00	-39.85392	0	0.00	0.06771979	20.4963	10.00	-20.49565
-0.5415037	10.00	-39.7895	0	0.00	0.06441866	20.46138	10.00	-20.46073
-0.5415037	10.00	-39.72366	0	0.00	0.06584415	20.4264	10.00	-20.42576
-0.5415037	10.00	-39.65772	0	0.00	0.06593899	20.39108	10.00	-20.39043
-0.5415037	10.00	-39.59111	0	0.00	0.0666128	20.35619	10.00	-20.35554
-0.5415037	10.00	-39.52532	0	0.00	0.06578469	20.32106	10.00	-20.32041
-0.5415037	10.00	-39.45908	0	0.00	0.0662405	20.28615	10.00	-20.28551
-0.5415037	10.00	-39.39326	0	0.00	0.0658215	20.25108	10.00	-20.25043
-0.5415037	10.00	-39.32711	0	0.00	0.06614425	20.21461	10.00	-20.21397
-0.5415037	10.00	-39.25835	0	0.00	0.06876023	20.18103	10.00	-20.18039
-0.5415037	10.00	-39.19503	0	0.00	0.06331876	20.14513	10.00	-20.14449
-0.5415037	10.00	-39.12734	0	0.00	0.06769572	20.11087	10.00	-20.11023
-0.5415037	10.00	-39.06274	0	0.00	0.06459561	20.07574	10.00	-20.0751
-0.5415037	10.00	-38.9965	0	0.00	0.06624617	20.03866	10.00	-20.03802
-0.5415037	10.00	-38.92659	0	0.00	0.0699111	20.00578	10.00	-20.00515
-0.5415037	10.00	-38.86459	0	0.00	0.06199519	19.97059	10.00	-19.96995
-0.5415037	10.00	-38.79823	0	0.00	0.06635658	19.93512	10.00	-19.93448
-0.5415037	10.00	-38.73134	0	0.00	0.0668945	19.90046	10.00	-19.89982
-0.5415037	10.00	-38.66599	0	0.00	0.06534728	19.86541	10.00	-19.86478
-0.5415037	10.00	-38.59991	0	0.00	0.06608196	19.83022	10.00	-19.82959
-0.5415037	10.00	-38.53356	0	0.00	0.06634951	19.79538	10.00	-19.79475
-0.5415037	10.00	-38.46786	0	0.00	0.06569692	19.76035	10.00	-19.75972
-0.5415037	10.00	-38.40181	0	0.00	0.0660579	19.7238	10.00	-19.72317
-0.5415037	10.00	-38.33289	0	0.00	0.06891878	19.69023	10.00	-19.6896
-0.5415037	10.00	-38.26958	0	0.00	0.06330177	19.65511	10.00	-19.65447
-0.5415037	10.00	-38.20335	0	0.00	0.0662306	19.61891	10.00	-19.61828
-0.5415037	10.00	-38.13511	0	0.00	0.06825063	19.58471	10.00	-19.58408
-0.5415037	10.00	-38.07062	0	0.00	0.06448661	19.55	10.00	-19.54937
-0.5415037	10.00	-38.00516	0	0.00	0.06545911	19.51489	10.00	-19.51427
-0.5415037	10.00	-37.93897	0	0.00	0.06619097	19.4798	10.00	-19.47918
-0.5415037	10.00	-37.87281	0	0.00	0.06616124	19.44488	10.00	-19.44425
-0.5415037	10.00	-37.80695	0	0.00	0.06586114	19.40975	10.00	-19.40912
-0.5415037	10.00	-37.7407	0	0.00	0.06624192	19.37485	10.00	-19.37422
-0.5415037	10.00	-37.6749	0	0.00	0.06580734	19.33974	10.00	-19.33911
-0.5415037	10.00	-37.60869	0	0.00	0.06620653	19.30459	10.00	-19.30396
-0.5415037	10.00	-37.54242	0	0.00	0.06627023	19.26958	10.00	-19.26896
-0.5415037	10.00	-37.47641	0	0.00	0.06600552	19.23429	10.00	-19.23367
-0.5415037	10.00	-37.40987	0	0.00	0.06654344	19.19965	10.00	-19.19903
-0.5415037	10.00	-37.34455	0	0.00	0.0653218	19.16454	10.00	-19.16392
-0.5415037	10.00	-37.27834	0	0.00	0.06621219	19.12854	10.00	-19.12791
-0.5415037	10.00	-37.21045	0	0.00	0.06788824	19.09421	10.00	-19.09359
-0.5415037	10.00	-37.14573	0	0.00	0.06472018	19.05913	10.00	-19.05851
-0.5415037	10.00	-37.07958	0	0.00	0.06614567	19.02352	10.00	-19.0229
-0.5415037	10.00	-37.01243	0	0.00	0.06715638	18.98905	10.00	-18.98843
-0.5415037	10.00	-36.94743	0	0.00	0.06499197	18.95389	10.00	-18.95328
-0.5415037	10.00	-36.88115	0	0.00	0.06628722	18.91799	10.00	-18.91737
-0.5415037	10.00	-36.81344	0	0.00	0.06770563	18.88405	10.00	-18.88343
-0.5415037	10.00	-36.74945	0	0.00	0.06399681	18.84876	10.00	-18.84814
-0.5415037	10.00	-36.6829	0	0.00	0.06654061	18.813	10.00	-18.81239
-0.5415037	10.00	-36.61549	0	0.00	0.06741969	18.77892	10.00	-18.7783
-0.5415037	10.00	-36.55122	0	0.00	0.0642672	18.74351	10.00	-18.7429
-0.5415037	10.00	-36.48445	0	0.00	0.06677135	18.70731	10.00	-18.7067
-0.5415037	10.00	-36.4162	0	0.00	0.06824638	18.67326	10.00	-18.67265
-0.5415037	10.00	-36.35198	0	0.00	0.06421907	18.63811	10.00	-18.6375
-0.5415037	10.00	-36.28571	0	0.00	0.06627306	18.60318	10.00	-18.60257
-0.5415037	10.00	-36.21984	0	0.00	0.06586255	18.56855	10.00	-18.56793
-0.5415037	10.00	-36.15453	0	0.00	0.06531047	18.53342	10.00	-18.53281
-0.5415037	10.00	-36.08831	0	0.00	0.06622776	18.49854	10.00	-18.49793
-0.5415037	10.00	-36.02254	0	0.00	0.06576629	18.4635	10.00	-18.46289
-0.5415037	10.00	-35.95647	0	0.00	0.06606781	18.42637	10.00	-18.42576
-0.5415037	10.00	-35.88645	0	0.00	0.07002576	18.39334	10.00	-18.39273
-0.5415037	10.00	-35.82418	0	0.00	0.06227123	18.35802	10.00	-18.35741
-0.5415037	10.00	-35.75757	0	0.00	0.06660431	18.32222	10.00	-18.32161
-0.5415037	10.00	-35.69006	0	0.00	0.06751169	18.2882	10.00	-18.2876
-0.5415037	10.00	-35.62592	0	0.00	0.06413696	18.25302	10.00	-18.25241
-0.5415037	10.00	-35.55958	0	0.00	0.06634384	18.21782	10.00	-18.21722
-0.5415037	10.00	-35.49321	0	0.00	0.06636366	18.18296	10.00	-18.18236
-0.5415037	10.00	-35.42747	0	0.00	0.06573939	18.14808	10.00	-18.14747
-0.5415037	10.00	-35.36169	0	0.00	0.06578045	18.11257	10.00	-18.11197
-0.5415037	10.00	-35.29475	0	0.00	0.06694546	18.07802	10.00	-18.07742
-0.5415037	10.00	-35.2296	0	0.00	0.0651491	18.0428	10.00	-18.04219
-0.5415037	10.00	-35.16318	0	0.00	0.06642029	18.00653	10.00	-18.00593
-0.5415037	10.00	-35.0948	0	0.00	0.06838369	17.97266	10.00	-17.97205
-0.5415037	10.00	-35.03092	0	0.00	0.06387366	17.93763	10.00	-17.93703
-0.5415037	10.00	-34.96487	0	0.00	0.06604799	17.90259	10.00	-17.90199
-0.5415037	10.00	-34.89882	0	0.00	0.06605931	17.86762	10.00	-17.86703
-0.5415037	10.00	-34.83288	0	0.00	0.06593474	17.83257	10.00	-17.83197
-0.5415037	10.00	-34.76677	0	0.00	0.06610744	17.79731	10.00	-17.79671
-0.5415037	10.00	-34.70029	0	0.00	0.06647974	17.7624	10.00	-17.7618
-0.5415037	10.00	-34.63448	0	0.00	0.06582008	17.72741	10.00	-17.72681
-0.5415037	10.00	-34.56849	0	0.00	0.06598004	17.69232	10.00	-17.69172
-0.5415037	10.00	-34.50232	0	0.00	0.06617681	17.65736	10.00	-17.65676
-0.5415037	10.00	-34.4364	0	0.00	0.06591634	17.62029	10.00	-17.61969
-0.5415037	10.00	-34.3665	0	0.00	0.06990261	17.58723	10.00	-17.58663
-0.5415037	10.00	-34.30415	0	0.00	0.06234342	17.55213	10.00	-17.55153
-0.5415037	10.00	-34.23798	0	0.00	0.06617539	17.51686	10.00	-17.51626
-0.5415037	10.00	-34.17147	0	0.00	0.06650522	17.48153	10.00	-17.48093
-0.5415037	10.00	-34.10485	0	0.00	0.06662413	17.44691	10.00	-17.44632
-0.5415037	10.00	-34.03957	0	0.00	0.06527508	17.41076	10.00	-17.41017
-0.5415037	10.00	-33.97142	0	0.00	0.06815153	17.37647	10.00	-17.37588
-0.5415037	10.00	-33.90675	0	0.00	0.06467205	17.34146	10.00	-17.34086
-0.5415037	10.00	-33.84073	0	0.00	0.06601826	17.29971	10.00	-17.29912
-0.5415037	10.00	-33.76201	0	0.00	0.07872307	17.2714	10.00	-17.27081
-0.5415037	10.00	-33.70864	0	0.00	0.05336867	17.23653	10.00	-17.23594
-0.5415037	10.00	-33.64288	0	0.00	0.0657578	17.20058	10.00	-17.2
-0.5415037	10.00	-33.57511	0	0.00	0.06777783	17.16655	10.00	-17.16596
-0.5415037	10.00	-33.51093	0	0.00	0.06417377	17.13113	10.00	-17.13055
-0.5415037	10.00	-33.44415	0	0.00	0.06678126	17.09644	10.00	-17.09586
-0.5415037	10.00	-33.37874	0	0.00	0.06541098	17.0611	10.00	-17.06051
-0.5415037	10.00	-33.31209	0	0.00	0.06665102	17.02616	10.00	-17.02558
-0.5415037	10.00	-33.24621	0	0.00	0.06587529	16.99178	10.00	-16.9912
-0.5415037	10.00	-33.1814	0	0.00	0.06481785	16.95626	10.00	-16.95568
-0.5415037	10.00	-33.11442	0	0.00	0.06697661	16.92162	10.00	-16.92104
-0.5415037	10.00	-33.04909	0	0.00	0.06532887	16.88622	10.00	-16.88564
-0.5415037	10.00	-32.98235	0	0.00	0.06674162	16.85154	10.00	-16.85096
-0.5415037	10.00	-32.91695	0	0.00	0.06539824	16.81636	10.00	-16.81579
-0.5415037	10.00	-32.85062	0	0.00	0.06632686	16.78152	10.00	-16.78095
-0.5415037	10.00	-32.78493	0	0.00	0.06569692	16.74628	10.00	-16.7457
-0.5415037	10.00	-32.71847	0	0.00	0.06645568	16.70981	10.00	-16.70923
-0.5415037	10.00	-32.6497	0	0.00	0.06876589	16.67611	10.00	-16.67553
-0.5415037	10.00	-32.58615	0	0.00	0.06355374	16.6409	10.00	-16.64032
-0.5415037	10.00	-32.51977	0	0.00	0.06638207	16.60509	10.00	-16.60452
-0.5415037	10.00	-32.45225	0	0.00	0.06751877	16.56959	10.00	-16.56901
-0.5415037	10.00	-32.3853	0	0.00	0.06695537	16.5357	10.00	-16.53513
-0.5415037	10.00	-32.3214	0	0.00	0.0638949	16.50031	10.00	-16.49974
-0.5415037	10.00	-32.25468	0	0.00	0.06672322	16.46501	10.00	-16.46444
-0.5415037	10.00	-32.1881	0	0.00	0.06657458	16.4299	10.00	-16.42932
-0.5415037	10.00	-32.12189	0	0.00	0.06620795	16.39395	10.00	-16.39338
-0.5415037	10.00	-32.05412	0	0.00	0.06777783	16.36076	10.00	-16.36019
-0.5415037	10.00	-31.99154	0	0.00	0.06257841	16.32384	10.00	-16.32327
-0.5415037	10.00	-31.92193	0	0.00	0.06961241	16.29077	10.00	-16.2902
-0.5415037	10.00	-31.85956	0	0.00	0.06236749	16.25383	10.00	-16.25326
-0.5415037	10.00	-31.7899	0	0.00	0.06965913	16.21959	10.00	-16.21903
-0.5415037	10.00	-31.72535	0	0.00	0.06454606	16.18385	10.00	-16.18328
-0.5415037	10.00	-31.65794	0	0.00	0.06740836	16.14971	10.00	-16.14914
-0.5415037	10.00	-31.59357	0	0.00	0.06437194	16.11427	10.00	-16.11371
-0.5415037	10.00	-31.52676	0	0.00	0.0668124	16.07991	10.00	-16.07935
-0.5415037	10.00	-31.46197	0	0.00	0.06479379	16.04454	10.00	-16.04397
-0.5415037	10.00	-31.39527	0	0.00	0.06669774	16.00804	10.00	-16.00747
-0.5415037	10.00	-31.32644	0	0.00	0.06883101	15.97432	10.00	-15.97375
-0.5415037	10.00	-31.26286	0	0.00	0.06357781	15.9393	10.00	-15.93874
-0.5415037	10.00	-31.19683	0	0.00	0.06603242	15.90427	10.00	-15.90371
-0.5415037	10.00	-31.13078	0	0.00	0.06605082	15.86927	10.00	-15.86871
-0.5415037	10.00	-31.06479	0	0.00	0.06599136	15.83333	10.00	-15.83277
-0.5415037	10.00	-30.99701	0	0.00	0.067775	15.7977	10.00	-15.79714
-0.5415037	10.00	-30.92984	0	0.00	0.06717195	15.76336	10.00	-15.7628
-0.5415037	10.00	-30.86508	0	0.00	0.06476123	15.72907	10.00	-15.72851
-0.5415037	10.00	-30.80042	0	0.00	0.06466214	15.69379	10.00	-15.69323
-0.5415037	10.00	-30.73389	0	0.00	0.06652362	15.6593	10.00	-15.65875
-0.5415037	10.00	-30.66886	0	0.00	0.06503019	15.62425	10.00	-15.6237
-0.5415037	10.00	-30.60277	0	0.00	0.06608763	15.58843	10.00	-15.58788
-0.5415037	10.00	-30.53523	0	0.00	0.06754142	15.55431	10.00	-15.55375
-0.5415037	10.00	-30.47088	0	0.00	0.06434929	15.51917	10.00	-15.51861
-0.5415037	10.00	-30.40463	0	0.00	0.06625466	15.48418	10.00	-15.48362
-0.5415037	10.00	-30.33865	0	0.00	0.06598146	15.44913	10.00	-15.44857
-0.5415037	10.00	-30.27255	0	0.00	0.06609329	15.41409	10.00	-15.41354
-0.5415037	10.00	-30.20649	0	0.00	0.06606639	15.37893	10.00	-15.37837
-0.5415037	10.00	-30.14019	0	0.00	0.06629854	15.34397	10.00	-15.34341
-0.5415037	10.00	-30.07427	0	0.00	0.06592058	15.30887	10.00	-15.30832
-0.5415037	10.00	-30.00808	0	0.00	0.0661853	15.27368	10.00	-15.27314
-0.5415037	10.00	-29.94175	0	0.00	0.06633535	15.23884	10.00	-15.23829
-0.5415037	10.00	-29.87604	0	0.00	0.06570542	15.20189	10.00	-15.20135
-0.5415037	10.00	-29.80638	0	0.00	0.06966338	15.16868	10.00	-15.16813
-0.5415037	10.00	-29.74374	0	0.00	0.06263787	15.1335	10.00	-15.13295
-0.5415037	10.00	-29.67741	0	0.00	0.06632969	15.09834	10.00	-15.0978
-0.5415037	10.00	-29.61112	0	0.00	0.06628722	15.06349	10.00	-15.06295
-0.5415037	10.00	-29.5454	0	0.00	0.06571957	15.02827	10.00	-15.02773
-0.5415037	10.00	-29.47899	0	0.00	0.06641321	14.99313	10.00	-14.99258
-0.5415037	10.00	-29.41273	0	0.00	0.06626315	14.95817	10.00	-14.95762
-0.5415037	10.00	-29.3468	0	0.00	0.06592483	14.92325	10.00	-14.9227
-0.5415037	10.00	-29.28096	0	0.00	0.06584698	14.88777	10.00	-14.88723
-0.5415037	10.00	-29.21406	0	0.00	0.0668945	14.85297	10.00	-14.85243
-0.5415037	10.00	-29.14845	0	0.00	0.06561624	14.81808	10.00	-14.81754
-0.5415037	10.00	-29.08265	0	0.00	0.06579602	14.78309	10.00	-14.78255
-0.5415037	10.00	-29.01667	0	0.00	0.06597438	14.74798	10.00	-14.74744
-0.5415037	10.00	-28.95048	0	0.00	0.06619946	14.71305	10.00	-14.71251
-0.5415037	10.00	-28.88462	0	0.00	0.06585406	14.67796	10.00	-14.67742
-0.5415037	10.00	-28.81845	0	0.00	0.06617256	14.64282	10.00	-14.64228
-0.5415037	10.00	-28.75219	0	0.00	0.06626174	14.60768	10.00	-14.60714
-0.5415037	10.00	-28.68592	0	0.00	0.06626882	14.57273	10.00	-14.57219
-0.5415037	10.00	-28.62002	0	0.00	0.06589935	14.53773	10.00	-14.53719
-0.5415037	10.00	-28.55403	0	0.00	0.06598995	14.50276	10.00	-14.50222
-0.5415037	10.00	-28.48808	0	0.00	0.06594606	14.46717	10.00	-14.46663
-0.5415037	10.00	-28.42098	0	0.00	0.06710543	14.43251	10.00	-14.43197
-0.5415037	10.00	-28.35562	0	0.00	0.0653586	14.39752	10.00	-14.39698
-0.5415037	10.00	-28.28964	0	0.00	0.06597721	14.36259	10.00	-14.36205
-0.5415037	10.00	-28.22377	0	0.00	0.06586821	14.32742	10.00	-14.32688
-0.5415037	10.00	-28.15746	0	0.00	0.06631128	14.29219	10.00	-14.29166
-0.5415037	10.00	-28.09104	0	0.00	0.06641887	14.2573	10.00	-14.25677
-0.5415037	10.00	-28.02525	0	0.00	0.06579036	14.22216	10.00	-14.22163
-0.5415037	10.00	-27.95899	0	0.00	0.06626315	14.18548	10.00	-14.18495
-0.5415037	10.00	-27.88984	0	0.00	0.06915518	14.15189	10.00	-14.15136
-0.5415037	10.00	-27.82649	0	0.00	0.06334849	14.11705	10.00	-14.11652
-0.5415037	10.00	-27.76079	0	0.00	0.06569692	14.0816	10.00	-14.08107
-0.5415037	10.00	-27.69395	0	0.00	0.06684212	14.04667	10.00	-14.04615
-0.5415037	10.00	-27.62809	0	0.00	0.06585689	14.0117	10.00	-14.01118
-0.5415037	10.00	-27.56215	0	0.00	0.0659404	13.97643	10.00	-13.97591
-0.5415037	10.00	-27.49565	0	0.00	0.06650239	13.94237	10.00	-13.94185
-0.5415037	10.00	-27.43143	0	0.00	0.06422048	13.90739	10.00	-13.90687
-0.5415037	10.00	-27.36546	0	0.00	0.0659673	13.87229	10.00	-13.87176
-0.5415037	10.00	-27.29927	0	0.00	0.06619097	13.83661	10.00	-13.83609
-0.5415037	10.00	-27.232	0	0.00	0.06727105	13.80228	10.00	-13.80175
-0.5415037	10.00	-27.16726	0	0.00	0.06474283	13.76694	10.00	-13.76642
-0.5415037	10.00	-27.10064	0	0.00	0.06661988	13.73193	10.00	-13.73141
-0.5415037	10.00	-27.03461	0	0.00	0.06602959	13.69712	10.00	-13.6966
-0.5415037	10.00	-26.96897	0	0.00	0.06563605	13.66105	10.00	-13.66053
-0.5415037	10.00	-26.90096	0	0.00	0.06801423	13.62701	10.00	-13.6265
-0.5415037	10.00	-26.83678	0	0.00	0.06417235	13.59136	10.00	-13.59084
-0.5415037	10.00	-26.76955	0	0.00	0.06723282	13.55609	10.00	-13.55557
-0.5415037	10.00	-26.70304	0	0.00	0.06650664	13.52128	10.00	-13.52076
-0.5415037	10.00	-26.63741	0	0.00	0.06563605	13.48596	10.00	-13.48544
-0.5415037	10.00	-26.5708	0	0.00	0.06660289	13.45135	10.00	-13.45083
-0.5415037	10.00	-26.50555	0	0.00	0.06525385	13.4162	10.00	-13.41569
-0.5415037	10.00	-26.43927	0	0.00	0.06627731	13.37932	10.00	-13.37881
-0.5415037	10.00	-26.36973	0	0.00	0.06954305	13.346	10.00	-13.34549
-0.5415037	10.00	-26.30691	0	0.00	0.06282472	13.31098	10.00	-13.31046
-0.5415037	10.00	-26.24086	0	0.00	0.06604374	13.27598	10.00	-13.27547
-0.5415037	10.00	-26.17487	0	0.00	0.06599278	13.241	10.00	-13.24049
-0.5415037	10.00	-26.10892	0	0.00	0.06595173	13.20587	10.00	-13.20536
-0.5415037	10.00	-26.04267	0	0.00	0.06624334	13.16956	10.00	-13.16905
-0.5415037	10.00	-25.9742	0	0.00	0.06847429	13.13578	10.00	-13.13527
-0.5415037	10.00	-25.91052	0	0.00	0.06367972	13.10062	10.00	-13.10011
-0.5415037	10.00	-25.84422	0	0.00	0.06630421	13.06562	10.00	-13.06511
-0.5415037	10.00	-25.77821	0	0.00	0.06600694	13.03062	10.00	-13.03011
-0.5415037	10.00	-25.71221	0	0.00	0.06599561	12.99554	10.00	-12.99503
-0.5415037	10.00	-25.64608	0	0.00	0.06613717	12.96038	10.00	-12.95987
-0.5415037	10.00	-25.57977	0	0.00	0.06630987	12.92554	10.00	-12.92503
-0.5415037	10.00	-25.51408	0	0.00	0.06568418	12.89043	10.00	-12.88992
-0.5415037	10.00	-25.44788	0	0.00	0.06620653	12.85534	10.00	-12.85484
-0.5415037	10.00	-25.38171	0	0.00	0.06616124	12.82025	10.00	-12.81974
-0.5415037	10.00	-25.31554	0	0.00	0.06617539	12.78525	10.00	-12.78474
-0.5415037	10.00	-25.24954	0	0.00	0.06599561	12.75003	10.00	-12.74953
-0.5415037	10.00	-25.18314	0	0.00	0.06640613	12.71478	10.00	-12.71427
-0.5415037	10.00	-25.11666	0	0.00	0.06647266	12.67941	10.00	-12.6789
-0.5415037	10.00	-25.04997	0	0.00	0.06669208	12.64501	10.00	-12.64451
-0.5415037	10.00	-24.98511	0	0.00	0.06486315	12.6101	10.00	-12.60959
-0.5415037	10.00	-24.91928	0	0.00	0.06582858	12.57439	10.00	-12.57389
-0.5415037	10.00	-24.85195	0	0.00	0.06732767	12.53983	10.00	-12.53933
-0.5415037	10.00	-24.78679	0	0.00	0.06516184	12.50467	10.00	-12.50417
-0.5415037	10.00	-24.72048	0	0.00	0.06630987	12.4695	10.00	-12.469
-0.5415037	10.00	-24.65418	0	0.00	0.06630279	12.43464	10.00	-12.43414
-0.5415037	10.00	-24.58843	0	0.00	0.06574647	12.3998	10.00	-12.3993
-0.5415037	10.00	-24.52275	0	0.00	0.0656856	12.36401	10.00	-12.36352
-0.5415037	10.00	-24.45527	0	0.00	0.0674763	12.32957	10.00	-12.32908
-0.5415037	10.00	-24.39033	0	0.00	0.06494242	12.29458	10.00	-12.29409
-0.5415037	10.00	-24.32435	0	0.00	0.06597862	12.25849	10.00	-12.258
-0.5415037	10.00	-24.25629	0	0.00	0.0680567	12.22445	10.00	-12.22396
-0.5415037	10.00	-24.19211	0	0.00	0.06418367	12.18941	10.00	-12.18892
-0.5415037	10.00	-24.12604	0	0.00	0.06606922	12.15393	10.00	-12.15344
-0.5415037	10.00	-24.05914	0	0.00	0.06689733	12.11903	10.00	-12.11854
-0.5415037	10.00	-23.99333	0	0.00	0.06580734	12.0843	10.00	-12.08381
-0.5415037	10.00	-23.92783	0	0.00	0.06550016	12.04916	10.00	-12.04867
-0.5415037	10.00	-23.86158	0	0.00	0.06625891	12.01422	10.00	-12.01373
-0.5415037	10.00	-23.79569	0	0.00	0.06588662	11.9793	10.00	-11.97881
-0.5415037	10.00	-23.72985	0	0.00	0.06583707	11.94402	10.00	-11.94353
-0.5415037	10.00	-23.66333	0	0.00	0.0665222	11.90882	10.00	-11.90833
-0.5415037	10.00	-23.59695	0	0.00	0.0663764	11.87356	10.00	-11.87307
-0.5415037	10.00	-23.53047	0	0.00	0.0664854	11.83853	10.00	-11.83805
-0.5415037	10.00	-23.46442	0	0.00	0.06604657	11.8037	10.00	-11.80321
-0.5415037	10.00	-23.39874	0	0.00	0.0656856	11.76768	10.00	-11.7672
-0.5415037	10.00	-23.33083	0	0.00	0.06790522	11.7337	10.00	-11.73322
-0.5415037	10.00	-23.26675	0	0.00	0.0640775	11.69834	10.00	-11.69786
-0.5415037	10.00	-23.20008	0	0.00	0.06667226	11.6621	10.00	-11.66161
-0.5415037	10.00	-23.13173	0	0.00	0.06834689	11.62858	10.00	-11.6281
-0.5415037	10.00	-23.06854	0	0.00	0.06319277	11.59344	10.00	-11.59295
-0.5415037	10.00	-23.00227	0	0.00	0.06627448	11.55743	10.00	-11.55695
-0.5415037	10.00	-22.93438	0	0.00	0.06788965	11.52336	10.00	-11.52288
-0.5415037	10.00	-22.87013	0	0.00	0.06425021	11.48804	10.00	-11.48756
-0.5415037	10.00	-22.80353	0	0.00	0.06659582	11.45371	10.00	-11.45323
-0.5415037	10.00	-22.7388	0	0.00	0.06473433	11.41891	10.00	-11.41843
-0.5415037	10.00	-22.67318	0	0.00	0.06561482	11.38377	10.00	-11.38329
-0.5415037	10.00	-22.60692	0	0.00	0.06626599	11.34883	10.00	-11.34835
-0.5415037	10.00	-22.54103	0	0.00	0.06588662	11.31374	10.00	-11.31326
-0.5415037	10.00	-22.47486	0	0.00	0.06616548	11.27843	10.00	-11.27795
-0.5415037	10.00	-22.40829	0	0.00	0.066576	11.24354	10.00	-11.24307
-0.5415037	10.00	-22.34251	0	0.00	0.0657762	11.20832	10.00	-11.20785
-0.5415037	10.00	-22.27609	0	0.00	0.06642029	11.17358	10.00	-11.17311
-0.5415037	10.00	-22.2106	0	0.00	0.06549308	11.13831	10.00	-11.13784
-0.5415037	10.00	-22.14409	0	0.00	0.06650947	11.10352	10.00	-11.10305
-0.5415037	10.00	-22.07848	0	0.00	0.06560774	11.06799	10.00	-11.06752
-0.5415037	10.00	-22.01148	0	0.00	0.06700067	11.03237	10.00	-11.03191
-0.5415037	10.00	-21.94433	0	0.00	0.06714931	10.99732	10.00	-10.99685
-0.5415037	10.00	-21.87822	0	0.00	0.06610744	10.96196	10.00	-10.96149
-0.5415037	10.00	-21.81155	0	0.00	0.06667367	10.9276	10.00	-10.92713
-0.5415037	10.00	-21.74677	0	0.00	0.06478246	10.89256	10.00	-10.89209
-0.5415037	10.00	-21.68069	0	0.00	0.06607347	10.85744	10.00	-10.85697
-0.5415037	10.00	-21.61447	0	0.00	0.06622635	10.82242	10.00	-10.82196
-0.5415037	10.00	-21.54845	0	0.00	0.06602109	10.78714	10.00	-10.78667
-0.5415037	10.00	-21.48191	0	0.00	0.06653494	10.75237	10.00	-10.75191
-0.5415037	10.00	-21.41636	0	0.00	0.06555396	10.71718	10.00	-10.71671
-0.5415037	10.00	-21.34999	0	0.00	0.06636366	10.68225	10.00	-10.68179
-0.5415037	10.00	-21.28414	0	0.00	0.06585689	10.64709	10.00	-10.64663
-0.5415037	10.00	-21.21784	0	0.00	0.06629996	10.61192	10.00	-10.61146
-0.5415037	10.00	-21.15152	0	0.00	0.06631553	10.57697	10.00	-10.5765
-0.5415037	10.00	-21.08561	0	0.00	0.06590926	10.54143	10.00	-10.54097
-0.5415037	10.00	-21.01861	0	0.00	0.06700492	10.50644	10.00	-10.50599
-0.5415037	10.00	-20.95264	0	0.00	0.06596588	10.47169	10.00	-10.47123
-0.5415037	10.00	-20.88711	0	0.00	0.06553272	10.43677	10.00	-10.43631
-0.5415037	10.00	-20.82126	0	0.00	0.06584981	10.40174	10.00	-10.40128
-0.5415037	10.00	-20.75521	0	0.00	0.06604799	10.36661	10.00	-10.36615
-0.5415037	10.00	-20.68896	0	0.00	0.06625183	10.33142	10.00	-10.33096
-0.5415037	10.00	-20.62261	0	0.00	0.06634809	10.24835	10.00	-10.24789
-0.5415037	10.00	-20.46597	0	0.00	0.1566392	10.19133	10.00	-10.19088
-0.5415037	10.00	-20.35847	0	0.00	0.107506	10.15496	10.00	-10.15451
-0.5415037	10.00	-20.28988	0	0.00	0.0685847	10.12141	10.00	-10.12096
-0.5415037	10.00	-20.22661	0	0.00	0.0632678	10.0864	10.00	-10.08595
-0.5415037	10.00	-20.1606	0	0.00	0.0660126	10.04901	10.00	-10.04856
-0.5415037	10.00	-20.0901	0	0.00	0.07050564	10.01585	10.00	-10.0154
-0.5415037	10.00	-20.02756	0	0.00	0.06253169	9.981009	10.00	-9.980559
-0.5415037	10.00	-19.96188	0	0.00	0.06568702	9.945924	10.00	-9.945475
-0.5415037	10.00	-19.89572	0	0.00	0.06615558	9.910609	10.00	-9.91016
-0.5415037	10.00	-19.82913	0	0.00	0.06659015	9.875955	10.00	-9.875505
-0.5415037	10.00	-19.76379	0	0.00	0.06534445	9.840768	10.00	-9.840319
-0.5415037	10.00	-19.69744	0	0.00	0.06634809	9.805896	10.00	-9.805449
-0.5415037	10.00	-19.63168	0	0.00	0.06575496	9.770206	10.00	-9.769759
-0.5415037	10.00	-19.56439	0	0.00	0.06729653	9.735659	10.00	-9.735212
-0.5415037	10.00	-19.49924	0	0.00	0.06514344	9.700696	10.00	-9.700251
-0.5415037	10.00	-19.43332	0	0.00	0.06592483	9.664988	10.00	-9.664542
-0.5415037	10.00	-19.36599	0	0.00	0.06733192	9.6307	10.00	-9.630255
-0.5415037	10.00	-19.30133	0	0.00	0.06465506	9.595588	10.00	-9.595144
-0.5415037	10.00	-19.23513	0	0.00	0.06620511	9.560263	10.00	-9.559819
-0.5415037	10.00	-19.16851	0	0.00	0.06661139	9.525345	10.00	-9.524903
-0.5415037	10.00	-19.10267	0	0.00	0.0658399	9.49047	10.00	-9.490029
-0.5415037	10.00	-19.03691	0	0.00	0.06576063	9.455389	10.00	-9.454949
-0.5415037	10.00	-18.97077	0	0.00	0.0661485	9.42041	10.00	-9.41997
-0.5415037	10.00	-18.90481	0	0.00	0.06595456	9.384146	10.00	-9.383706
-0.5415037	10.00	-18.83643	0	0.00	0.06838086	9.34994	10.00	-9.349503
-0.5415037	10.00	-18.77193	0	0.00	0.06449793	9.31436	10.00	-9.31392
-0.5415037	10.00	-18.70484	0	0.00	0.06709269	9.279762	10.00	-9.279325
-0.5415037	10.00	-18.6396	0	0.00	0.06523545	9.244455	10.00	-9.24402
-0.5415037	10.00	-18.57303	0	0.00	0.06657458	9.209612	10.00	-9.209176
-0.5415037	10.00	-18.50733	0	0.00	0.06569976	9.17431	10.00	-9.173875
-0.5415037	10.00	-18.44076	0	0.00	0.0665675	9.13938	10.00	-9.138946
-0.5415037	10.00	-18.3749	0	0.00	0.06586114	9.104912	10.00	-9.104478
-0.5415037	10.00	-18.30991	0	0.00	0.0649948	9.069818	10.00	-9.069386
-0.5415037	10.00	-18.24502	0	0.00	0.06488969	9.034548	10.00	-9.034116
-0.5415037	10.00	-18.19203	0	0.00	0.05298314	8.999419	10.00	-8.998987
-0.5415037	10.00	-18.15337	0	0.00	0.03865951	8.964411	10.00	-8.96398
-0.5415037	10.00	-18.12124	0	0.00	0.03213471	8.928336	10.00	-8.927906
-0.5415037	10.00	-18.09603	0	0.00	0.02521007	8.893666	10.00	-8.893236
-0.5415037	10.00	-18.0756	0	0.00	0.02043042	8.858754	10.00	-8.858325
-0.5415037	10.00	-18.05758	0	0.00	0.01802317	8.823768	10.00	-8.823339
-0.5415037	10.00	-18.04143	0	0.00	0.0161452	8.789443	10.00	-8.789016
-0.5415037	10.00	-18.0281	0	0.00	0.01333287	8.754548	10.00	-8.754121
-0.5415037	10.00	-18.01518	0	0.00	0.01291766	8.71926	10.00	-8.718835
-0.5415037	10.00	-18.00212	0	0.00	0.01306273	8.684202	10.00	-8.683776
-0.5415037	10.00	-17.98914	0	0.00	0.01297825	8.6492	10.00	-8.648775
-0.5415037	10.00	-17.97618	0	0.00	0.01295685	8.614309	10.00	-8.613886
-0.5415037	10.00	-17.96327	0	0.00	0.01291572	8.579241	10.00	-8.578817
-0.5415037	10.00	-17.95028	0	0.00	0.01298214	8.543701	10.00	-8.54328
-0.5415037	10.00	-17.93908	0	0.00	0.01120922	8.509014	10.00	-8.508592
-0.5415037	10.00	-17.92813	0	0.00	0.01094118	8.47403	10.00	-8.473609
-0.5415037	10.00	-17.9171	0	0.00	0.011034	8.438366	10.00	-8.437944
-0.5415037	10.00	-17.9039	0	0.00	0.01320224	8.403874	10.00	-8.403453
-0.5415037	10.00	-17.88798	0	0.00	0.01591689	8.368885	10.00	-8.368464
-0.5415037	10.00	-17.86417	0	0.00	0.02381312	8.333874	10.00	-8.333455
-0.5415037	10.00	-17.8397	0	0.00	0.02446614	8.298889	10.00	-8.29847
-0.5415037	10.00	-17.81014	0	0.00	0.02955833	8.263741	10.00	-8.263323
-0.5415037	10.00	-17.77596	0	0.00	0.03418807	8.228743	10.00	-8.228325
-0.5415037	10.00	-17.73424	0	0.00	0.04171166	8.193658	10.00	-8.193243
-0.5415037	10.00	-17.68987	0	0.00	0.04437501	8.158378	10.00	-8.157961
-0.5415037	10.00	-17.63236	0	0.00	0.0575081	8.123383	10.00	-8.122969
-0.5415037	10.00	-17.56829	0	0.00	0.06406891	8.087958	10.00	-8.087545
-0.5415037	10.00	-17.50214	0	0.00	0.06614865	8.053224	10.00	-8.05281
-0.5415037	10.00	-17.43665	0	0.00	0.06549733	8.018408	10.00	-8.017995
-0.5415037	10.00	-17.371	0	0.00	0.06564879	7.98318	10.00	-7.982767
-0.5415037	10.00	-17.30457	0	0.00	0.06642595	7.948202	10.00	-7.94779
-0.5415037	10.00	-17.23862	0	0.00	0.06595314	7.913168	10.00	-7.912756
-0.5416796	10.00	-17.17256	-0.0001759066	0.00	0.06606073	7.878192	10.00	-7.877782
-0.5418552	10.00	-17.10661	-0.0001756088	0.00	0.0659489	7.842797	10.00	-7.842387
-0.5433255	10.00	-17.03987	-0.001470223	0.00	0.06674162	7.807994	10.00	-7.807585
-0.546042	10.00	-16.97424	-0.002716492	0.00	0.06562473	7.772928	10.00	-7.772519
-0.548779	10.00	-16.90812	-0.00273706	0.00	0.0661216	7.736475	10.00	-7.736068
-0.5516242	10.00	-16.83939	-0.00284523	0.00	0.06873475	7.702861	10.00	-7.702454
-0.554248	10.00	-16.776	-0.002623734	0.00	0.06338387	7.667773	10.00	-7.667368
-0.5569866	10.00	-16.70984	-0.002738642	0.00	0.06615982	7.630714	10.00	-7.630309
-0.5598792	10.00	-16.63996	-0.002892635	0.00	0.06987996	7.597586	10.00	-7.597182
-0.562465	10.00	-16.5775	-0.002585704	0.00	0.06246516	7.562663	10.00	-7.562258
-0.5651909	10.00	-16.51164	-0.002725985	0.00	0.06585406	7.527702	10.00	-7.527298
-0.5679196	10.00	-16.44572	-0.002728681	0.00	0.06591917	7.492603	10.00	-7.4922
-0.5706593	10.00	-16.37954	-0.002739639	0.00	0.06618389	7.457588	10.00	-7.457184
-0.5733923	10.00	-16.31351	-0.002733017	0.00	0.06602392	7.4213	10.00	-7.420899
-0.5782122	10.00	-16.24509	-0.004819944	0.00	0.06842332	7.387353	10.00	-7.386952
-0.5833412	10.00	-16.18108	-0.005128936	0.00	0.06401097	7.352437	10.00	-7.352036
-0.5886165	10.00	-16.11524	-0.005275368	0.00	0.06583849	7.317266	10.00	-7.316867
-0.5939302	10.00	-16.04893	-0.005313705	0.00	0.06631695	7.282117	10.00	-7.281718
-0.5992409	10.00	-15.98265	-0.005310643	0.00	0.06627873	7.247157	10.00	-7.246758
-0.6045227	10.00	-15.91673	-0.005281833	0.00	0.06591917	7.212275	10.00	-7.211876
-0.6097929	10.00	-15.85095	-0.005270264	0.00	0.06577478	7.177133	10.00	-7.176734
-0.6151025	10.00	-15.78469	-0.005309508	0.00	0.06626457	7.142032	10.00	-7.141635
-0.6204056	10.00	-15.7185	-0.005303157	0.00	0.0661853	7.107073	10.00	-7.106676
-0.6256876	10.00	-15.65258	-0.005281946	0.00	0.06592058	7.071947	10.00	-7.071552
-0.6309945	10.00	-15.58635	-0.0053069	0.00	0.06623201	7.036768	10.00	-7.036374
-0.6363094	10.00	-15.52002	-0.005314953	0.00	0.06633252	7.001902	10.00	-7.001508
-0.6415772	10.00	-15.45427	-0.005267768	0.00	0.06574364	6.966903	10.00	-6.966509
-0.6468651	10.00	-15.38828	-0.005287844	0.00	0.0659942	6.930317	10.00	-6.929924
-0.6543967	10.00	-15.31929	-0.007531595	0.00	0.06898673	6.896667	10.00	-6.896274
-0.6619384	10.00	-15.25584	-0.007541721	0.00	0.06345182	6.861626	10.00	-6.861233
-0.6723508	10.00	-15.18977	-0.01041245	0.00	0.06607347	6.826006	10.00	-6.825615
-0.684886	10.00	-15.1226	-0.01253523	0.00	0.06716346	6.791549	10.00	-6.791159
-0.7014161	10.00	-15.05763	-0.01653007	0.00	0.06497215	6.75651	10.00	-6.75612
-0.723983	10.00	-14.99156	-0.02256685	0.00	0.06606922	6.721454	10.00	-6.721066
-0.7497607	10.00	-14.92546	-0.02577771	0.00	0.06610037	6.686115	10.00	-6.685728
-0.7789738	10.00	-14.85883	-0.02921311	0.00	0.06663687	6.651246	10.00	-6.650859
-0.8090704	10.00	-14.79308	-0.03009665	0.00	0.06574789	6.616149	10.00	-6.615761
-0.8425695	10.00	-14.7269	-0.03349906	0.00	0.06618106	6.581248	10.00	-6.580863
-0.8803398	10.00	-14.66109	-0.03777033	0.00	0.06580734	6.546252	10.00	-6.545867
-0.921409	10.00	-14.5951	-0.04106912	0.00	0.06598853	6.510945	10.00	-6.510559
-0.9680009	10.00	-14.52853	-0.04659192	0.00	0.066576	6.475984	10.00	-6.475599
-1.015413	10.00	-14.4626	-0.04741188	0.00	0.06592342	6.44092	10.00	-6.440536
-1.064243	10.00	-14.39649	-0.04883073	0.00	0.06611594	6.405919	10.00	-6.405537
-1.114905	10.00	-14.33049	-0.05066112	0.00	0.06599844	6.370661	10.00	-6.370279
-1.16658	10.00	-14.26401	-0.05167538	0.00	0.06648116	6.335483	10.00	-6.335101
-1.221994	10.00	-14.19767	-0.05541359	0.00	0.06633252	6.300697	10.00	-6.300316
-1.277423	10.00	-14.13208	-0.05542903	0.00	0.06559075	6.265701	10.00	-6.265321
-1.335745	10.00	-14.06609	-0.05832227	0.00	0.06598995	6.23024	10.00	-6.22986
-1.395489	10.00	-13.99923	-0.05974416	0.00	0.06686619	6.195518	10.00	-6.195139
-1.453987	10.00	-13.93375	-0.05849833	0.00	0.06547185	6.160481	10.00	-6.160103
-1.513014	10.00	-13.86769	-0.05902702	0.00	0.06606356	6.120334	10.00	-6.119957
-1.580652	10.00	-13.79199	-0.06763778	0.00	0.0757008	6.055473	10.00	-6.055095
-1.692298	10.00	-13.66969	-0.1116461	0.00	0.1223044	6.020325	10.00	-6.01995
-1.754079	10.00	-13.60341	-0.06178106	0.00	0.06627306	5.98542	10.00	-5.985045
-1.815435	10.00	-13.5376	-0.06135615	0.00	0.06581725	5.950301	10.00	-5.949926
-1.877169	10.00	-13.47137	-0.06173356	0.00	0.0662221	5.913869	10.00	-5.913496
-1.941208	10.00	-13.40268	-0.06403895	0.00	0.06869512	5.880234	10.00	-5.87986
-2.000331	10.00	-13.33926	-0.05912333	0.00	0.06342209	5.845119	10.00	-5.844747
-2.062057	10.00	-13.27304	-0.06172564	0.00	0.06621361	5.809702	10.00	-5.809331
-2.124312	10.00	-13.20626	-0.06225481	0.00	0.06678126	5.774727	10.00	-5.774355
-2.185792	10.00	-13.14031	-0.06148019	0.00	0.06595031	5.740118	10.00	-5.739747
-2.246627	10.00	-13.07505	-0.06083489	0.00	0.06525809	5.704836	10.00	-5.704466
-2.308645	10.00	-13.00852	-0.0620186	0.00	0.06652787	5.669819	10.00	-5.66945
-2.370197	10.00	-12.9425	-0.06155145	0.00	0.06602675	5.634931	10.00	-5.634563
-2.431524	10.00	-12.87671	-0.06132711	0.00	0.06578611	5.59997	10.00	-5.599602
-2.490423	10.00	-12.81079	-0.05889927	0.00	0.06592058	5.564818	10.00	-5.564451
-2.545797	10.00	-12.74451	-0.05537338	0.00	0.06628439	5.529762	10.00	-5.529394
-2.600377	10.00	-12.67841	-0.05458078	0.00	0.06610178	5.494672	10.00	-5.494306
-2.655011	10.00	-12.61224	-0.05463338	0.00	0.06616548	5.459394	10.00	-5.459028
-2.709938	10.00	-12.54572	-0.05492675	0.00	0.06652079	5.424717	10.00	-5.424352
-2.763927	10.00	-12.48033	-0.05398934	0.00	0.0653855	5.389527	10.00	-5.389163
-2.818717	10.00	-12.41398	-0.05479	0.00	0.06635517	5.354242	10.00	-5.353878
-2.873654	10.00	-12.34745	-0.05493727	0.00	0.06653353	5.319602	10.00	-5.31924
-2.927587	10.00	-12.28213	-0.05393323	0.00	0.06531755	5.284328	10.00	-5.283966
-2.982508	10.00	-12.21561	-0.05492092	0.00	0.06651372	5.249369	10.00	-5.249008
-3.036937	10.00	-12.1497	-0.05442882	0.00	0.06591775	5.214047	10.00	-5.213685
-3.091932	10.00	-12.08309	-0.05499455	0.00	0.06660289	5.179312	10.00	-5.178952
-3.146012	10.00	-12.0176	-0.05408051	0.00	0.06549592	5.144152	10.00	-5.143792
-3.200755	10.00	-11.9513	-0.05474325	0.00	0.06629854	5.108886	10.00	-5.108526
-3.255663	10.00	-11.8848	-0.05490806	0.00	0.06649815	5.074075	10.00	-5.073716
-3.309862	10.00	-11.81916	-0.05419856	0.00	0.06563888	5.03896	10.00	-5.038602
-3.364535	10.00	-11.75295	-0.05467311	0.00	0.06621361	5.003799	10.00	-5.003443
-3.419277	10.00	-11.68665	-0.05474208	0.00	0.06629713	4.968871	10.00	-4.968514
-3.473659	10.00	-11.62079	-0.05438207	0.00	0.06586114	4.933314	10.00	-4.932958
-3.529021	10.00	-11.55374	-0.05536157	0.00	0.06704739	4.898542	10.00	-4.898187
-3.583159	10.00	-11.48818	-0.05413778	0.00	0.06556528	4.863728	10.00	-4.863373
-3.637363	10.00	-11.42253	-0.0542044	0.00	0.06564596	4.828759	10.00	-4.828406
-3.691807	10.00	-11.3566	-0.05444402	0.00	0.06593616	4.793866	10.00	-4.793512
-3.746135	10.00	-11.2908	-0.0543283	0.00	0.06579602	4.758687	10.00	-4.758334
-3.800907	10.00	-11.22447	-0.0547713	0.00	0.06633252	4.723446	10.00	-4.723094
-3.855775	10.00	-11.15802	-0.05486831	0.00	0.06645001	4.68845	10.00	-4.688099
-3.910262	10.00	-11.09203	-0.05448727	0.00	0.06598853	4.653525	10.00	-4.653174
-3.96464	10.00	-11.02617	-0.0543774	0.00	0.06585547	4.618248	10.00	-4.617898
-4.018275	10.00	-10.95966	-0.05363511	0.00	0.06651655	4.583245	10.00	-4.582896
-4.070217	10.00	-10.89365	-0.05194257	0.00	0.06600269	4.548137	10.00	-4.547789
-4.122315	10.00	-10.82745	-0.05209742	0.00	0.06619946	4.51195	10.00	-4.511603
-4.176013	10.00	-10.75922	-0.05369827	0.00	0.06823364	4.478148	10.00	-4.4778
-4.226174	10.00	-10.69548	-0.05016124	0.00	0.06373918	4.443157	10.00	-4.44281
-4.278098	10.00	-10.6295	-0.05192363	0.00	0.06597862	4.406122	10.00	-4.405777
-4.333054	10.00	-10.55967	-0.05495601	0.00	0.06983183	4.373103	10.00	-4.372758
-4.382052	10.00	-10.49741	-0.0489982	0.00	0.06226132	4.337957	10.00	-4.337613
-4.434206	10.00	-10.43114	-0.05215423	0.00	0.06627165	4.302502	10.00	-4.302159
-4.486818	10.00	-10.36428	-0.05261209	0.00	0.06685345	4.267894	10.00	-4.26755
-4.536911	10.00	-10.29903	-0.05009282	0.00	0.06525809	4.232771	10.00	-4.232429
-4.586465	10.00	-10.2328	-0.04955354	0.00	0.06622635	4.197273	10.00	-4.196931
-4.636549	10.00	-10.16586	-0.05008419	0.00	0.06693555	4.162751	10.00	-4.16241
-4.685255	10.00	-10.10077	-0.04870618	0.00	0.06509389	4.12767	10.00	-4.12733
-4.73475	10.00	-10.03462	-0.04949528	0.00	0.0661485	4.092474	10.00	-4.092133
-4.78441	10.00	-9.968254	-0.04965946	0.00	0.06636791	4.057557	10.00	-4.057217
-4.833673	10.00	-9.902415	-0.04926332	0.00	0.06583849	4.022215	10.00	-4.021876
-4.880311	10.00	-9.835774	-0.04663749	0.00	0.06664111	3.987053	10.00	-3.986715
-4.923501	10.00	-9.769473	-0.04318979	0.00	0.06630138	3.952265	10.00	-3.951927
-4.964325	10.00	-9.703876	-0.04082508	0.00	0.06559642	3.91722	10.00	-3.916884
-5.000333	10.00	-9.637796	-0.03600758	0.00	0.06608055	3.837035	10.00	-3.8367
-5.072473	10.00	-9.4866	-0.07213944	0.00	0.1511964	3.777154	10.00	-3.77682
-5.126346	10.00	-9.373688	-0.05387309	0.00	0.1129121	3.742279	10.00	-3.741946
-5.154538	10.00	-9.307927	-0.02819223	0.00	0.06576063	3.705923	10.00	-3.70559
-5.182599	10.00	-9.239375	-0.02806141	0.00	0.06855214	3.67178	10.00	-3.671448
-5.207083	10.00	-9.174994	-0.02448358	0.00	0.06438044	3.636934	10.00	-3.636603
-5.227617	10.00	-9.109289	-0.02053394	0.00	0.06570542	3.600415	10.00	-3.600085
-5.241136	10.00	-9.040428	-0.01351878	0.00	0.06886074	3.566856	10.00	-3.566527
-5.252333	10.00	-8.977151	-0.01119729	0.00	0.06327771	3.531836	10.00	-3.531506
-5.26146	10.00	-8.911116	-0.009127604	0.00	0.06603525	3.495861	10.00	-3.495532
-5.264925	10.00	-8.843281	-0.003464795	0.00	0.06783444	3.461867	10.00	-3.461539
-5.264925	10.00	-8.779183	0	0.00	0.06409732	3.426773	10.00	-3.426445
-5.264925	10.00	-8.713008	0	0.00	0.06617539	3.391408	10.00	-3.391081
-5.264925	10.00	-8.646324	0	0.00	0.06668358	3.356311	10.00	-3.355985
-5.264925	10.00	-8.580146	0	0.00	0.06617822	3.322096	10.00	-3.32177
-5.264925	10.00	-8.51563	0	0.00	0.06451634	3.286928	10.00	-3.286603
-5.264925	10.00	-8.449317	0	0.00	0.0663127	3.251982	10.00	-3.251658
-5.264925	10.00	-8.383424	0	0.00	0.06589369	3.21703	10.00	-3.216706
-5.264925	10.00	-8.317517	0	0.00	0.06590643	3.181824	10.00	-3.181501
-5.264925	10.00	-8.251134	0	0.00	0.06638348	3.145837	10.00	-3.145515
-5.264925	10.00	-8.183276	0	0.00	0.06785709	3.111805	10.00	-3.111483
-5.264925	10.00	-8.119105	0	0.00	0.06417093	3.076792	10.00	-3.076471
-5.264925	10.00	-8.053084	0	0.00	0.06602109	3.041685	10.00	-3.041364
-5.264925	10.00	-7.986887	0	0.00	0.06619804	3.006789	10.00	-3.00647
-5.264925	10.00	-7.921088	0	0.00	0.06579885	2.970991	10.00	-2.970673
-5.264925	10.00	-7.853587	0	0.00	0.06750037	2.935563	10.00	-2.935244
-5.264925	10.00	-7.786783	0	0.00	0.06680391	2.900759	10.00	-2.90044
-5.264925	10.00	-7.721156	0	0.00	0.06562756	2.865889	10.00	-2.865572
-5.264925	10.00	-7.655406	0	0.00	0.0657493	2.830925	10.00	-2.830608
-5.264925	10.00	-7.589478	0	0.00	0.06592908	2.795573	10.00	-2.795257
-5.264925	10.00	-7.522818	0	0.00	0.06665952	2.760717	10.00	-2.760402
-5.264925	10.00	-7.457094	0	0.00	0.06572382	2.725652	10.00	-2.725337
-5.264925	10.00	-7.390975	0	0.00	0.06611877	2.690547	10.00	-2.690233
-5.264925	10.00	-7.324781	0	0.00	0.0661938	2.655558	10.00	-2.655245
-5.264925	10.00	-7.258806	0	0.00	0.06597579	2.620509	10.00	-2.620196
-5.264925	10.00	-7.192717	0	0.00	0.06608904	2.585311	10.00	-2.584999
-5.264925	10.00	-7.126348	0	0.00	0.06636791	2.550209	10.00	-2.549898
-5.264925	10.00	-7.060161	0	0.00	0.06618813	2.515513	10.00	-2.515203
-5.264925	10.00	-6.994737	0	0.00	0.06542372	2.479094	10.00	-2.478784
-5.264925	10.00	-6.926064	0	0.00	0.06867247	2.445259	10.00	-2.444949
-5.264925	10.00	-6.862266	0	0.00	0.06379864	2.410207	10.00	-2.409899
-5.264925	10.00	-6.796173	0	0.00	0.06609329	2.375226	10.00	-2.374918
-5.264925	10.00	-6.730211	0	0.00	0.06596164	2.34025	10.00	-2.339943
-5.264925	10.00	-6.664262	0	0.00	0.0659489	2.305018	10.00	-2.304712
-5.264925	10.00	-6.597827	0	0.00	0.06643444	2.269952	10.00	-2.269647
-5.264925	10.00	-6.531707	0	0.00	0.06612018	2.234949	10.00	-2.234644
-5.264925	10.00	-6.465706	0	0.00	0.06600127	2.199682	10.00	-2.199378
-5.264925	10.00	-6.399207	0	0.00	0.06649956	2.164828	10.00	-2.164524
-5.264925	10.00	-6.333486	0	0.00	0.06572099	2.129552	10.00	-2.129249
-5.264925	10.00	-6.266969	0	0.00	0.06651655	2.094629	10.00	-2.094326
-5.264925	10.00	-6.201118	0	0.00	0.06585123	2.059609	10.00	-2.059307
-5.264925	10.00	-6.135084	0	0.00	0.06603383	2.024588	10.00	-2.024287
-5.264925	10.00	-6.069048	0	0.00	0.06603525	1.988403	10.00	-1.988103
-5.264925	10.00	-6.000818	0	0.00	0.06823081	1.95451	10.00	-1.954209
-5.264925	10.00	-5.936909	0	0.00	0.06390905	1.919332	10.00	-1.919033
-5.264925	10.00	-5.870578	0	0.00	0.0663311	1.883557	10.00	-1.883258
-5.264925	10.00	-5.80312	0	0.00	0.06745791	1.849317	10.00	-1.849019
-5.264925	10.00	-5.738558	0	0.00	0.06456164	1.814366	10.00	-1.814068
-5.264925	10.00	-5.672653	0	0.00	0.06590501	1.778509	10.00	-1.778212
-5.264925	10.00	-5.605042	0	0.00	0.06761079	1.744076	10.00	-1.743779
-5.264925	10.00	-5.540114	0	0.00	0.06492827	1.709261	10.00	-1.708966
-5.264925	10.00	-5.474468	0	0.00	0.06564596	1.672917	10.00	-1.672622
-5.264925	10.00	-5.405937	0	0.00	0.06853091	1.639023	10.00	-1.638729
-5.264925	10.00	-5.342027	0	0.00	0.06391047	1.604094	10.00	-1.6038
-5.264925	10.00	-5.276164	0	0.00	0.06586255	1.568868	10.00	-1.568575
-5.264925	10.00	-5.209743	0	0.00	0.0664217	1.53399	10.00	-1.533698
-5.264925	10.00	-5.143976	0	0.00	0.06576629	1.498903	10.00	-1.498611
-5.264925	10.00	-5.077816	0	0.00	0.06615982	1.463917	10.00	-1.463626
-5.264925	10.00	-5.011846	0	0.00	0.06597013	1.428628	10.00	-1.428338
-5.264925	10.00	-4.945306	0	0.00	0.06654061	1.393363	10.00	-1.393073
-5.264925	10.00	-4.87881	0	0.00	0.06649531	1.358324	10.00	-1.358035
-5.264925	10.00	-4.81274	0	0.00	0.06607064	1.323496	10.00	-1.323207
-5.264925	10.00	-4.747068	0	0.00	0.06567144	1.288213	10.00	-1.287926
-5.264925	10.00	-4.680541	0	0.00	0.06652787	1.253439	10.00	-1.253152
-5.264925	10.00	-4.614969	0	0.00	0.06557094	1.218447	10.00	-1.218161
-5.264925	10.00	-4.548989	0	0.00	0.06598004	1.160358	10.00	-1.160073
-5.264925	10.00	-4.439456	0	0.00	0.1095331	1.113158	10.00	-1.112874
-5.264925	10.00	-4.350456	0	0.00	0.08900015	1.077153	10.00	-1.076817
-5.264925	10.00	-4.282508	0	0.00	0.06794769	1.042966	10.00	-1.042448
-5.264925	10.00	-4.217781	0	0.00	0.06472725	1.008368	10.00	-1.007508
-5.264925	10.00	-4.152148	0	0.00	0.06563322	0.9725921	10.00	-0.9712715
-5.264925	10.00	-4.08423	0	0.00	0.06791797	0.939038	10.00	-0.9372669
-5.264925	10.00	-4.02029	0	0.00	0.0639402	0.9044056	10.00	-0.9020587
-5.264925	10.00	-3.954168	0	0.00	0.0661216	0.8668824	10.00	-0.8637984
-5.264925	10.00	-3.882472	0	0.00	0.07169614	0.8354808	10.00	-0.8316066
-5.264925	10.00	-3.82218	0	0.00	0.06029225	0.8012629	10.00	-0.7964458
-5.264925	10.00	-3.756438	0	0.00	0.06574222	0.7669481	10.00	-0.761187
-5.264925	10.00	-3.690511	0	0.00	0.06592625	0.7317148	10.00	-0.7247947
-5.264925	10.00	-3.622784	0	0.00	0.06772687	0.6985764	10.00	-0.6905435
-5.264925	10.00	-3.558926	0	0.00	0.06385809	0.6642911	10.00	-0.6550035
-5.264925	10.00	-3.492809	0	0.00	0.06611735	0.630038	10.00	-0.6194171
-5.264925	10.00	-3.42662	0	0.00	0.06618955	0.5951333	10.00	-0.5830784
-5.264925	10.00	-3.359011	0	0.00	0.06760795	0.5613221	10.00	-0.5478216
-5.264925	10.00	-3.293456	0	0.00	0.06555537	0.5278887	10.00	-0.5129375
-5.264925	10.00	-3.228393	0	0.00	0.06506275	0.4940543	10.00	-0.4776556
-5.264925	10.00	-3.162375	0	0.00	0.06601826	0.4595597	10.00	-0.4416261
-5.264925	10.00	-3.094825	0	0.00	0.06754991	0.4258506	10.00	-0.406277
-5.264925	10.00	-3.028857	0	0.00	0.06596871	0.3920264	10.00	-0.3706956
-5.264925	10.00	-2.962712	0	0.00	0.06614425	0.3584089	10.00	-0.3353262
-5.264925	10.00	-2.896741	0	0.00	0.06597155	0.3239906	10.00	-0.2991175
-5.264925	10.00	-2.829172	0	0.00	0.06756832	0.2904714	10.00	-0.2637431
-5.264925	10.00	-2.763368	0	0.00	0.06580451	0.2577019	10.00	-0.2290397
-5.264925	10.00	-2.698772	0	0.00	0.06459561	0.2240007	10.00	-0.1933534
-5.264925	10.00	-2.632345	0	0.00	0.06642736	0.1905736	10.00	-0.1579616
-5.264925	10.00	-2.566464	0	0.00	0.06588095	0.1566042	10.00	-0.122066
-5.264925	10.00	-2.499363	0	0.00	0.06710118	0.1232951	10.00	-0.08679517
-5.264925	10.00	-2.433456	0	0.00	0.06590643	0.09016253	10.00	-0.05160057
-5.264925	10.00	-2.3679	0	0.00	0.06555679	0.05684625	10.00	-0.01621978
-5.264925	10.00	-2.301837	0	0.00	0.06606214	0.02364324	10.00	0.01903313
-5.264925	10.00	-2.235856	0	0.00	0.06598146	-0.009750953	10.00	0.05435188
-5.264925	10.00	-2.169542	0	0.00	0.06631412	-0.04336412	10.00	0.08968557
-5.264925	10.00	-2.102923	0	0.00	0.06661846	-0.07624388	10.00	0.1242494
-5.264925	10.00	-2.037652	0	0.00	0.06527083	-0.1096207	10.00	0.1591252
-5.264925	10.00	-1.971494	0	0.00	0.06615841	-0.1429242	10.00	0.1937296
-5.264925	10.00	-1.905558	0	0.00	0.06593616	-0.1768005	10.00	0.2285809
-5.264925	10.00	-1.838849	0	0.00	0.06670906	-0.2100226	10.00	0.2628494
-5.264925	10.00	-1.773125	0	0.00	0.06572382	-0.2432766	10.00	0.297241
-5.264925	10.00	-1.707036	0	0.00	0.06608904	-0.2776292	10.00	0.3325289
-5.264086	10.00	-1.639064	0.000839158	0.00	0.06797176	-0.3100607	10.00	0.3656184
-5.259587	10.00	-1.575195	0.004499153	0.00	0.06386942	-0.3439238	10.00	0.3999483
-5.251695	10.00	-1.508796	0.007892021	0.00	0.06639905	-0.3780783	10.00	0.434338
-5.242478	10.00	-1.442112	0.009217218	0.00	0.06668358	-0.4117353	10.00	0.4680261
-5.230906	10.00	-1.37672	0.01157153	0.00	0.06539258	-0.4459437	10.00	0.5020478
-5.217276	10.00	-1.310554	0.01363031	0.00	0.06616548	-0.4809877	10.00	0.5367108
-5.200115	10.00	-1.243102	0.01716105	0.00	0.06745224	-0.5145664	10.00	0.5696962
-5.181248	10.00	-1.178743	0.01886686	0.00	0.0643592	-0.5492823	10.00	0.6037072
-5.161187	10.00	-1.112498	0.02006105	0.00	0.06624475	-0.5846429	10.00	0.6382393
-5.142148	10.00	-1.045334	0.01903859	0.00	0.06716346	-0.6189933	10.00	0.6717741
-5.123721	10.00	-0.9803284	0.01842706	0.00	0.06500612	-0.6539646	10.00	0.7059523
-5.105653	10.00	-0.9143328	0.01806851	0.00	0.06599561	-0.689471	10.00	0.7407252
-5.087349	10.00	-0.8474779	0.01830376	0.00	0.06685486	-0.7248231	10.00	0.7754288
-5.069163	10.00	-0.781052	0.01818633	0.00	0.06642595	-0.7596823	10.00	0.8098552
-5.051206	10.00	-0.7154655	0.01795651	0.00	0.06558651	-0.7947783	10.00	0.8446903
-5.033119	10.00	-0.6494033	0.01808673	0.00	0.06606214	-0.8298231	10.00	0.8796069
-5.01506	10.00	-0.5834417	0.01805921	0.00	0.06596164	-0.8650265	10.00	0.914682
-4.996919	10.00	-0.5171813	0.01814099	0.00	0.06626032	-0.8998175	10.00	0.9495319
-4.978917	10.00	-0.4514278	0.01800224	0.00	0.06575355	-0.9352465	10.00	0.985021
-4.960585	10.00	-0.3844682	0.01833245	0.00	0.06695962	-0.969835	10.00	1.019823
-4.942653	10.00	-0.3189737	0.01793132	0.00	0.0654945	-1.004353	10.00	1.054554
-4.923493	10.00	-0.2536137	0.01916025	0.00	0.06536002	-1.039744	10.00	1.090162
-4.903199	10.00	-0.1866003	0.02029382	0.00	0.06701341	-1.075494	10.00	1.12624
-4.882684	10.00	-0.118855	0.02051545	0.00	0.06774527	-1.109136	10.00	1.160207
-4.863306	10.00	-0.05486666	0.01937773	0.00	0.06398833	-1.143782	10.00	1.195285
-4.84336	10.00	0.01099589	0.0199453	0.00	0.06586255	-1.17871	10.00	1.230767
-4.823188	10.00	0.07761011	0.02017293	0.00	0.06661422	-1.213193	10.00	1.265796
-4.803272	10.00	0.1433736	0.0199153	0.00	0.06576346	-1.247901	10.00	1.301241
-4.783131	10.00	0.2098844	0.02014164	0.00	0.06651089	-1.282997	10.00	1.337059
-4.762775	10.00	0.2771017	0.02035555	0.00	0.06721725	-1.318181	10.00	1.373074
-4.742344	10.00	0.3445695	0.02043143	0.00	0.06746781	-1.351173	10.00	1.406843
-4.723186	10.00	0.4078302	0.01915739	0.00	0.06326072	-1.387224	10.00	1.443795
-4.7029	10.00	0.4770321	0.02028649	0.00	0.06920189	-1.420296	10.00	1.477832
-4.6843	10.00	0.5404797	0.01859961	0.00	0.06344757	-1.45457	10.00	1.513117
-4.667531	10.00	0.6063918	0.01676921	0.00	0.06591209	-1.489143	10.00	1.548813
-4.655113	10.00	0.6729282	0.01241819	0.00	0.06653636	-1.523054	10.00	1.583827
-4.64924	10.00	0.7383179	0.005872574	0.00	0.06538974	-1.557532	10.00	1.619501
-4.647132	10.00	0.8048019	0.002108304	0.00	0.06648399	-1.591668	10.00	1.654894
-4.646956	10.00	0.8707805	0.0001756879	0.00	0.06597862	-1.626	10.00	1.690487
-4.646956	10.00	0.9371343	0	0.00	0.06635375	-1.659898	10.00	1.725626
-4.646956	10.00	1.002643	0	0.00	0.06550866	-1.694399	10.00	1.761448
-4.646956	10.00	1.069385	0	0.00	0.06674162	-1.728163	10.00	1.796503
-4.646956	10.00	1.134824	0	0.00	0.06543929	-1.76237	10.00	1.832042
-4.646956	10.00	1.201285	0	0.00	0.06646134	-1.796232	10.00	1.867198
-4.646956	10.00	1.267204	0	0.00	0.06591917	-1.829979	10.00	1.902291
-4.646956	10.00	1.333133	0	0.00	0.06592908	-1.864025	10.00	1.937457
-4.646956	10.00	1.399368	0	0.00	0.06623484	-1.897978	10.00	1.972296
-4.646956	10.00	1.465139	0	0.00	0.06577054	-1.932276	10.00	2.007255
-4.646956	10.00	1.531301	0	0.00	0.06616265	-1.968438	10.00	2.043862
-4.646956	10.00	1.600791	0	0.00	0.06948926	-2.001259	10.00	2.07686
-4.646956	10.00	1.663574	0	0.00	0.06278367	-2.035942	10.00	2.111512
-4.646956	10.00	1.729651	0	0.00	0.0660763	-2.071127	10.00	2.146445
-4.646956	10.00	1.796384	0	0.00	0.06673313	-2.105657	10.00	2.180521
-4.646956	10.00	1.861571	0	0.00	0.06518732	-2.140818	10.00	2.215018
-4.646956	10.00	1.927647	0	0.00	0.0660763	-2.176394	10.00	2.249768
-4.646956	10.00	1.99419	0	0.00	0.06654202	-2.211596	10.00	2.284158
-4.646956	10.00	2.060086	0	0.00	0.06589652	-2.246748	10.00	2.318584
-4.646956	10.00	2.126028	0	0.00	0.06594182	-2.282152	10.00	2.353256
-4.646956	10.00	2.192441	0	0.00	0.06641321	-2.317404	10.00	2.387874
-4.646956	10.00	2.258451	0	0.00	0.06600977	-2.352604	10.00	2.422453
-4.646956	10.00	2.324344	0	0.00	0.06589369	-2.388104	10.00	2.457435
-4.646956	10.00	2.390821	0	0.00	0.06647691	-2.423271	10.00	2.49202
-4.646956	10.00	2.456663	0	0.00	0.06584132	-2.458444	10.00	2.526768
-4.646956	10.00	2.522684	0	0.00	0.06602109	-2.493465	10.00	2.561456
-4.646956	10.00	2.588537	0	0.00	0.06585264	-2.528701	10.00	2.596356
-4.646956	10.00	2.65479	0	0.00	0.06625324	-2.563781	10.00	2.631235
-4.646956	10.00	2.72075	0	0.00	0.06596022	-2.599523	10.00	2.666774
-4.646956	10.00	2.787957	0	0.00	0.06720734	-2.634073	10.00	2.701126
-4.646956	10.00	2.852919	0	0.00	0.06496224	-2.669578	10.00	2.736429
-4.646956	10.00	2.919679	0	0.00	0.06676003	-2.704657	10.00	2.771308
-4.646956	10.00	2.98564	0	0.00	0.06596022	-2.7396	10.00	2.806051
-4.646956	10.00	3.051341	0	0.00	0.06570117	-2.7765	10.00	2.842938
-4.646956	10.00	3.12101	0	0.00	0.06966904	-2.809606	10.00	2.87618
-4.646956	10.00	3.183634	0	0.00	0.06262371	-2.844565	10.00	2.911411
-4.646956	10.00	3.24988	0	0.00	0.06624617	-2.879829	10.00	2.947141
-4.646956	10.00	3.317029	0	0.00	0.06714931	-2.913626	10.00	2.98157
-4.646956	10.00	3.381698	0	0.00	0.06466921	-2.948867	10.00	3.017576
-4.646956	10.00	3.449214	0	0.00	0.06751594	-2.983053	10.00	3.052693
-4.646956	10.00	3.514743	0	0.00	0.06552847	-3.017536	10.00	3.088239
-4.646956	10.00	3.581057	0	0.00	0.06631412	-3.051461	10.00	3.123287
-4.646956	10.00	3.646428	0	0.00	0.06537134	-3.086621	10.00	3.159743
-4.646956	10.00	3.714272	0	0.00	0.06784435	-3.120112	10.00	3.19447
-4.646956	10.00	3.779127	0	0.00	0.06485466	-3.153898	10.00	3.229624
-4.647768	10.00	3.844858	-0.000811493	0.00	0.0657309	-3.187669	10.00	3.264839
-4.653687	10.00	3.910762	-0.005918722	0.00	0.0659036	-3.221431	10.00	3.300163
-4.665383	10.00	3.976862	-0.01169677	0.00	0.06610037	-3.255263	10.00	3.335557
-4.677745	10.00	4.043094	-0.01236138	0.00	0.06623201	-3.289012	10.00	3.370753
-4.696456	10.00	4.109105	-0.01871196	0.00	0.06601118	-3.322781	10.00	3.405941
-4.718404	10.00	4.175235	-0.02194731	0.00	0.06613009	-3.356426	10.00	3.440996
-4.742821	10.00	4.241118	-0.02441683	0.00	0.06588237	-3.390085	10.00	3.476061
-4.768522	10.00	4.307021	-0.02570097	0.00	0.0659036	-3.423868	10.00	3.511251
-4.794315	10.00	4.373163	-0.02579372	0.00	0.06614142	-3.457732	10.00	3.54652
-4.820169	10.00	4.439457	-0.02585333	0.00	0.0662943	-3.4916	10.00	3.581791
-4.847307	10.00	4.505754	-0.02713833	0.00	0.06629713	-3.525191	10.00	3.616766
-4.876766	10.00	4.571499	-0.02945875	0.00	0.06574506	-3.558966	10.00	3.651931
-4.907025	10.00	4.637602	-0.0302593	0.00	0.0661032	-3.59275	10.00	3.687099
-4.937929	10.00	4.703715	-0.030904	0.00	0.06611311	-3.626479	10.00	3.722208
-4.968781	10.00	4.769718	-0.03085238	0.00	0.06600269	-3.661002	10.00	3.758136
-5.000356	10.00	4.837265	-0.0315743	0.00	0.06754708	-3.694025	10.00	3.7925
-5.030557	10.00	4.901874	-0.03020061	0.00	0.06460835	-3.727854	10.00	3.827698
-5.061491	10.00	4.968052	-0.03093444	0.00	0.06617822	-3.762161	10.00	3.863388
-5.092859	10.00	5.035159	-0.03136851	0.00	0.06710684	-3.79547	10.00	3.898037
-5.123314	10.00	5.100311	-0.0304547	0.00	0.06515193	-3.829348	10.00	3.933272
-5.154285	10.00	5.166568	-0.03097149	0.00	0.06625749	-3.863302	10.00	3.968582
-5.185323	10.00	5.232967	-0.03103766	0.00	0.06639905	-3.897126	10.00	4.003752
-5.21624	10.00	5.299107	-0.03091657	0.00	0.06614	-3.930737	10.00	4.038697
-5.246959	10.00	5.364825	-0.03071938	0.00	0.06571816	-3.964666	10.00	4.073967
-5.277966	10.00	5.431158	-0.03100656	0.00	0.06633252	-3.998358	10.00	4.108985
-5.308753	10.00	5.49702	-0.03078688	0.00	0.06586255	-4.032033	10.00	4.143982
-5.339522	10.00	5.562846	-0.03076967	0.00	0.06582575	-4.066043	10.00	4.179324
-5.370595	10.00	5.62932	-0.03107273	0.00	0.06647408	-4.099921	10.00	4.214522
-5.401544	10.00	5.695529	-0.03094899	0.00	0.06620936	-4.133909	10.00	4.249831
-5.432591	10.00	5.761949	-0.03104693	0.00	0.06641887	-4.167531	10.00	4.284753
-5.462028	10.00	5.827644	-0.02943655	0.00	0.06569551	-4.201278	10.00	4.319803
-5.480719	10.00	5.893581	-0.01869109	0.00	0.06593757	-4.23529	10.00	4.355122
-5.480719	10.00	5.960029	0	0.00	0.06644718	-4.268825	10.00	4.389982
-5.480719	10.00	6.025804	0	0.00	0.06577478	-4.302755	10.00	4.425485
-5.480719	10.00	6.092514	0	0.00	0.06671048	-4.336229	10.00	4.46062
-5.480719	10.00	6.158531	0	0.00	0.06601685	-4.369775	10.00	4.495913
-5.480719	10.00	6.224989	0	0.00	0.06645851	-4.404002	10.00	4.531923
-5.480719	10.00	6.292865	0	0.00	0.0678755	-4.438138	10.00	4.56786
-5.480719	10.00	6.360665	0	0.00	0.06780047	-4.469258	10.00	4.600481
-5.480719	10.00	6.42237	0	0.00	0.061705	-4.502366	10.00	4.635085
-5.480719	10.00	6.488093	0	0.00	0.06572241	-4.537208	10.00	4.671271
-5.480719	10.00	6.557126	0	0.00	0.06903344	-4.569112	10.00	4.704185
-5.480719	10.00	6.620213	0	0.00	0.0630866	-4.602888	10.00	4.738777
-5.480719	10.00	6.686653	0	0.00	0.06644011	-4.636513	10.00	4.773255
-5.4799	10.00	6.752924	0.0008181689	0.00	0.06627165	-4.669754	10.00	4.807292
-5.478457	10.00	6.81844	0.001443218	0.00	0.06551573	-4.703712	10.00	4.841642
-5.476353	10.00	6.884804	0.002104488	0.00	0.06636366	-4.737729	10.00	4.875813
-5.474254	10.00	6.951001	0.002099191	0.00	0.06619663	-4.771816	10.00	4.909823
-5.472158	10.00	7.017066	0.002095017	0.00	0.06606498	-4.806032	10.00	4.943742
-5.468787	10.00	7.083078	0.00337174	0.00	0.0660126	-4.8404	10.00	4.977602
-5.465416	10.00	7.149076	0.003371017	0.00	0.06599844	-4.87499	10.00	5.011457
-5.460757	10.00	7.215212	0.004658801	0.00	0.06613576	-4.909704	10.00	5.04524
-5.455464	10.00	7.281273	0.005293175	0.00	0.06606073	-4.944848	10.00	5.079231
-5.45013	10.00	7.347845	0.005334121	0.00	0.06657175	-4.979695	10.00	5.112844
-5.444865	10.00	7.413556	0.00526516	0.00	0.06571108	-5.014835	10.00	5.146724
-5.439574	10.00	7.47958	0.005290226	0.00	0.06602392	-5.050044	10.00	5.180679
-5.433014	10.00	7.545515	0.006559957	0.00	0.06593474	-5.085517	10.00	5.214981
-5.425133	10.00	7.61182	0.007880916	0.00	0.06630562	-5.120762	10.00	5.249186
-5.417304	10.00	7.677694	0.0078296	0.00	0.06587388	-5.156395	10.00	5.28382
-5.409386	10.00	7.744312	0.0079181	0.00	0.06661846	-5.191448	10.00	5.31805
-5.401594	10.00	7.809871	0.00779208	0.00	0.0655582	-5.226827	10.00	5.352757
-5.393709	10.00	7.876204	0.007884282	0.00	0.06633393	-5.262223	10.00	5.387729
-5.385151	10.00	7.942786	0.008558428	0.00	0.06658166	-5.296939	10.00	5.422154
-5.376127	10.00	8.008074	0.009024291	0.00	0.06528782	-5.333593	10.00	5.458667
-5.365911	10.00	8.07714	0.01021528	0.00	0.069066	-5.367311	10.00	5.492255
-5.355899	10.00	8.140674	0.01001225	0.00	0.06353392	-5.402531	10.00	5.527337
-5.344156	10.00	8.207035	0.01174286	0.00	0.06636083	-5.437558	10.00	5.562329
-5.33183	10.00	8.273082	0.01232678	0.00	0.06604657	-5.472483	10.00	5.597219
-5.319515	10.00	8.339062	0.01231436	0.00	0.06598004	-5.507393	10.00	5.63221
-5.30719	10.00	8.405098	0.01232493	0.00	0.06603666	-5.542069	10.00	5.666976
-5.294281	10.00	8.470852	0.01290877	0.00	0.06575355	-5.576905	10.00	5.702005
-5.281304	10.00	8.536955	0.01297741	0.00	0.0661032	-5.611705	10.00	5.736997
-5.268315	10.00	8.603116	0.01298881	0.00	0.06616124	-5.646343	10.00	5.771895
-5.255341	10.00	8.669203	0.01297408	0.00	0.06608621	-5.681023	10.00	5.806926
-5.242368	10.00	8.735284	0.01297325	0.00	0.06608196	-5.715623	10.00	5.84198
-5.229409	10.00	8.801294	0.01295907	0.00	0.06600977	-5.750269	10.00	5.877076
-5.216434	10.00	8.867385	0.01297491	0.00	0.06609046	-5.784945	10.00	5.912254
-5.203434	10.00	8.933605	0.01300048	0.00	0.06622069	-5.819697	10.00	5.947648
-5.191697	10.00	8.999929	0.01173635	0.00	0.06632403	-5.854194	10.00	5.982779
-5.180686	10.00	9.065761	0.01101174	0.00	0.06583141	-5.888664	10.00	6.017997
-5.170286	10.00	9.131751	0.01039929	0.00	0.06598995	-5.923315	10.00	6.053396
-5.159833	10.00	9.19808	0.01045283	0.00	0.06632969	-5.957852	10.00	6.088675
-5.149395	10.00	9.264317	0.0104381	0.00	0.06623626	-5.992321	10.00	6.123958
-5.138978	10.00	9.330421	0.01041736	0.00	0.06610461	-6.026844	10.00	6.159368
-5.12852	10.00	9.396782	0.01045774	0.00	0.06636083	-6.061	10.00	6.194452
-5.118184	10.00	9.46237	0.01033593	0.00	0.06558792	-6.095233	10.00	6.229728
-5.107804	10.00	9.528235	0.01037966	0.00	0.06586538	-6.129885	10.00	6.265379
-5.097272	10.00	9.595072	0.01053269	0.00	0.06683646	-6.163732	10.00	6.300157
-5.086956	10.00	9.660534	0.01031608	0.00	0.06546194	-6.198117	10.00	6.33525
-5.076514	10.00	9.726795	0.01044212	0.00	0.06626174	-6.232619	10.00	6.370224
-5.066078	10.00	9.793014	0.0104352	0.00	0.06621785	-6.267053	10.00	6.404891
-5.056979	10.00	9.858845	0.009099428	0.00	0.06583141	-6.3018	10.00	6.439638
-5.048469	10.00	9.925053	0.00851039	0.00	0.06620795	-6.336688	10.00	6.474301
-5.039962	10.00	9.991231	0.00850657	0.00	0.06617822	-6.371605	10.00	6.508765
-5.032761	10.00	10.05719	0.007201178	0.00	0.06596022	-6.406782	10.00	6.543271
-5.026179	10.00	10.12335	0.006581788	0.00	0.06615416	-6.442002	10.00	6.577596
-5.019617	10.00	10.1893	0.006562352	0.00	0.06595881	-6.477695	10.00	6.61218
-5.014286	10.00	10.25584	0.005331172	0.00	0.06653494	-6.513213	10.00	6.6465
-5.008986	10.00	10.32198	0.005299641	0.00	0.06614142	-6.54851	10.00	6.680572
-5.004997	10.00	10.38764	0.003989172	0.00	0.06565446	-6.584271	10.00	6.71521
-5.000957	10.00	10.45411	0.004038972	0.00	0.06647408	-6.619737	10.00	6.749564
-4.996952	10.00	10.52004	0.004005772	0.00	0.06592766	-6.655242	10.00	6.784065
-4.992935	10.00	10.58615	0.004017384	0.00	0.06611877	-6.690639	10.00	6.818461
-4.988929	10.00	10.65207	0.00400517	0.00	0.06591775	-6.7275	10.00	6.85432
-4.984758	10.00	10.72073	0.004171429	0.00	0.06865407	-6.761825	10.00	6.887863
-4.982105	10.00	10.78482	0.002652973	0.00	0.06409024	-6.796927	10.00	6.922256
-4.981294	10.00	10.85048	0.0008106017	0.00	0.0656587	-6.833436	10.00	6.958028
-4.981112	10.00	10.91877	0.0001818396	0.00	0.06828885	-6.867716	10.00	6.991729
-4.980942	10.00	10.98289	0.0001707538	0.00	0.06412563	-6.902924	10.00	7.026359
-4.980766	10.00	11.04874	0.0001753525	0.00	0.06585264	-6.939607	10.00	7.062441
-4.980584	10.00	11.11736	0.0001827103	0.00	0.06861585	-6.973816	10.00	7.096089
-4.980413	10.00	11.18134	0.0001703769	0.00	0.06398408	-7.008904	10.00	7.130601
-4.980238	10.00	11.24697	0.0001747569	0.00	0.06562898	-7.045047	10.00	7.166151
-4.980059	10.00	11.31457	0.0001800114	0.00	0.06760229	-7.080416	10.00	7.200941
-4.979882	10.00	11.38073	0.0001761591	0.00	0.06615558	-7.114912	10.00	7.235051
-4.97971	10.00	11.44551	0.0001725066	0.00	0.06478388	-7.149826	10.00	7.269732
-4.979535	10.00	11.51121	0.0001749378	0.00	0.06569692	-7.184766	10.00	7.304537
-4.979359	10.00	11.57725	0.0001758462	0.00	0.06603808	-7.219643	10.00	7.339514
-4.979183	10.00	11.64334	0.000175997	0.00	0.0660947	-7.25449	10.00	7.374677
-4.979007	10.00	11.70947	0.0001760686	0.00	0.0661216	-7.289752	10.00	7.410603
-4.978827	10.00	11.77691	0.000179593	0.00	0.06744517	-7.323677	10.00	7.445276
-4.978654	10.00	11.84202	0.000173366	0.00	0.06510663	-7.357632	10.00	7.480079
-4.97848	10.00	11.90741	0.0001741387	0.00	0.06539682	-7.392087	10.00	7.515577
-4.978303	10.00	11.9738	0.0001767848	0.00	0.06639056	-7.426143	10.00	7.550835
-4.978127	10.00	12.03979	0.0001757105	0.00	0.06598712	-7.460168	10.00	7.586192
-4.977951	10.00	12.10604	0.0001763928	0.00	0.06624334	-7.494524	10.00	7.622119
-4.977772	10.00	12.17316	0.0001787449	0.00	0.06712666	-7.528386	10.00	7.657527
-4.977595	10.00	12.23955	0.0001767811	0.00	0.06638914	-7.561266	10.00	7.692017
-4.977423	10.00	12.30432	0.0001724726	0.00	0.06477114	-7.595038	10.00	7.727327
-4.977246	10.00	12.37066	0.0001766454	0.00	0.06633818	-7.629686	10.00	7.763313
-4.977065	10.00	12.43867	0.0001810933	0.00	0.06800856	-7.663177	10.00	7.798134
-4.976891	10.00	12.50434	0.0001748775	0.00	0.06567428	-7.696689	10.00	7.832955
-4.976715	10.00	12.57042	0.0001759405	0.00	0.06607347	-7.729457	10.00	7.867308
-4.976542	10.00	12.63509	0.0001722125	0.00	0.06467346	-7.762687	10.00	7.902115
-4.976367	10.00	12.70075	0.0001748473	0.00	0.06566295	-7.796134	10.00	7.937274
-4.976191	10.00	12.76693	0.0001762081	0.00	0.06617398	-7.829912	10.00	7.972928
-4.976012	10.00	12.83406	0.0001787638	0.00	0.06713374	-7.863238	10.00	8.007944
-4.975836	10.00	12.90031	0.0001764192	0.00	0.06625324	-7.896001	10.00	8.042176
-4.975663	10.00	12.96548	0.000173513	0.00	0.06516184	-7.929181	10.00	8.076787
-4.975486	10.00	13.03163	0.0001761553	0.00	0.06615416	-7.962611	10.00	8.111604
-4.975308	10.00	13.09846	0.0001779533	0.00	0.06682939	-7.99512	10.00	8.145395
-4.975135	10.00	13.1636	0.0001734678	0.00	0.06514485	-8.028072	10.00	8.179506
-4.974959	10.00	13.2295	0.0001754693	0.00	0.06589652	-8.061726	10.00	8.214302
-4.97478	10.00	13.29686	0.0001793744	0.00	0.06736306	-8.094408	10.00	8.248286
-4.974606	10.00	13.36245	0.0001746438	0.00	0.06558651	-8.127106	10.00	8.282281
-4.974431	10.00	13.42806	0.0001746966	0.00	0.06560633	-8.159937	10.00	8.316278
-4.974255	10.00	13.49399	0.0001755598	0.00	0.06593049	-8.192849	10.00	8.350216
-4.970877	10.00	13.56012	0.003378031	0.00	0.06613576	-8.225597	10.00	8.383847
-4.964963	10.00	13.62597	0.005913764	0.00	0.0658484	-8.258442	10.00	8.41753
-4.957737	10.00	13.69216	0.00722606	0.00	0.06618813	-8.291205	10.00	8.450913
-4.949267	10.00	13.75806	0.008470359	0.00	0.06589652	-8.324195	10.00	8.484304
-4.940754	10.00	13.82428	0.008512574	0.00	0.06622493	-8.357263	10.00	8.517557
-4.932237	10.00	13.89054	0.008517487	0.00	0.06626315	-8.390456	10.00	8.550712
-4.923727	10.00	13.95675	0.00851039	0.00	0.06620795	-8.423573	10.00	8.583565
-4.915274	10.00	14.02251	0.008452528	0.00	0.0657578	-8.457088	10.00	8.616599
-4.906119	10.00	14.08874	0.0091548	0.00	0.06623201	-8.491527	10.00	8.650316
-4.896098	10.00	14.1565	0.01002119	0.00	0.06775376	-8.524448	10.00	8.682389
-4.886568	10.00	14.22093	0.009530634	0.00	0.06443706	-8.558418	10.00	8.715334
-4.876781	10.00	14.2871	0.009786907	0.00	0.06616973	-8.592894	10.00	8.748631
-4.864955	10.00	14.35393	0.01182503	0.00	0.06682514	-8.626554	10.00	8.781025
-4.852837	10.00	14.41886	0.01211885	0.00	0.06493252	-8.661136	10.00	8.814211
-4.838513	10.00	14.48527	0.01432381	0.00	0.06641038	-8.696701	10.00	8.848261
-4.822531	10.00	14.55326	0.01598156	0.00	0.06799158	-8.730701	10.00	8.880768
-4.806063	10.00	14.61799	0.01646849	0.00	0.06473009	-8.76529	10.00	8.913817
-4.788101	10.00	14.6836	0.01796194	0.00	0.06560633	-8.800442	10.00	8.94742
-4.769906	10.00	14.75006	0.01819525	0.00	0.06645851	-8.835194	10.00	8.980666
-4.751973	10.00	14.81556	0.01793287	0.00	0.06550016	-8.870386	10.00	9.014387
-4.733859	10.00	14.88172	0.01811386	0.00	0.06616124	-8.905635	10.00	9.048239
-4.715756	10.00	14.94784	0.01810301	0.00	0.0661216	-8.940911	10.00	9.082209
-4.697672	10.00	15.01389	0.01808402	0.00	0.06605224	-8.976501	10.00	9.116589
-4.679455	10.00	15.08043	0.01821695	0.00	0.06653778	-9.011649	10.00	9.150652
-4.66149	10.00	15.14605	0.01796465	0.00	0.06561624	-9.047238	10.00	9.185253
-4.643327	10.00	15.21239	0.01816347	0.00	0.06634243	-9.082707	10.00	9.219821
-4.625244	10.00	15.27844	0.01808324	0.00	0.0660494	-9.11834	10.00	9.254548
-4.607077	10.00	15.34479	0.01816618	0.00	0.06635234	-9.153792	10.00	9.289101
-4.589002	10.00	15.41081	0.0180751	0.00	0.06601968	-9.190603	10.00	9.324976
-4.570235	10.00	15.47936	0.01876729	0.00	0.0685479	-9.225067	10.00	9.358564
-4.552664	10.00	15.54354	0.01757089	0.00	0.06417801	-9.260234	10.00	9.392839
-4.534735	10.00	15.60902	0.01792938	0.00	0.06548742	-9.296863	10.00	9.428536
-4.51606	10.00	15.67723	0.01867427	0.00	0.06820816	-9.331183	10.00	9.461987
-4.497324	10.00	15.74114	0.01873573	0.00	0.06391189	-9.366706	10.00	9.496604
-4.477293	10.00	15.80729	0.02003104	0.00	0.06614567	-9.403449	10.00	9.532415
-4.45591	10.00	15.87571	0.02138332	0.00	0.06842332	-9.437661	10.00	9.565759
-4.436	10.00	15.93942	0.01990973	0.00	0.06370804	-9.473051	10.00	9.600249
-4.415406	10.00	16.00532	0.02059499	0.00	0.06590077	-9.510181	10.00	9.636437
-4.393796	10.00	16.07447	0.02160939	0.00	0.06914669	-9.544109	10.00	9.669504
-4.374052	10.00	16.13765	0.01974427	0.00	0.06317861	-9.579717	10.00	9.704206
-4.353331	10.00	16.20395	0.02072151	0.00	0.06630562	-9.615116	10.00	9.738706
-4.33273	10.00	16.26987	0.02060074	0.00	0.06591917	-9.650818	10.00	9.7735
-4.311953	10.00	16.33636	0.02077725	0.00	0.06648399	-9.686178	10.00	9.807962
-4.291375	10.00	16.4022	0.02057774	0.00	0.06584556	-9.721584	10.00	9.842469
-4.27077	10.00	16.46813	0.02060516	0.00	0.06593332	-9.75731	10.00	9.877289
-4.249979	10.00	16.53466	0.02079052	0.00	0.06652645	-9.792535	10.00	9.911617
-4.22948	10.00	16.60026	0.02049943	0.00	0.065595	-9.828268	10.00	9.946444
-4.208684	10.00	16.6668	0.02079539	0.00	0.06654202	-9.863713	10.00	9.980989
-4.188056	10.00	16.7328	0.02062772	0.00	0.06600552	-9.899919	10.00	10.01628
-4.166987	10.00	16.80022	0.02106967	0.00	0.06741969	-9.934574	10.00	10.05005
-4.146819	10.00	16.86476	0.02016808	0.00	0.06453474	-9.970013	10.00	10.08459
-4.126195	10.00	16.93075	0.02062374	0.00	0.06599278	-10.00776	10.00	10.12138
-4.104227	10.00	17.00105	0.02196817	0.00	0.07029472	-10.04094	10.00	10.15372
-4.084916	10.00	17.06284	0.01931073	0.00	0.06179135	-10.07644	10.00	10.18831
-4.06426	10.00	17.12893	0.02065648	0.00	0.06609754	-10.11246	10.00	10.22342
-4.043297	10.00	17.19601	0.02096261	0.00	0.06707712	-10.14746	10.00	10.25753
-4.022929	10.00	17.26118	0.02036804	0.00	0.06517458	-10.1832	10.00	10.29237
-4.002127	10.00	17.32775	0.02080202	0.00	0.06656326	-10.21945	10.00	10.32768
-3.981037	10.00	17.39523	0.02108958	0.00	0.06748338	-10.2539	10.00	10.36126
-3.960986	10.00	17.45939	0.02005129	0.00	0.06416102	-10.28935	10.00	10.39582
-3.940352	10.00	17.52542	0.02063348	0.00	0.06602392	-10.32539	10.00	10.43094
-3.919382	10.00	17.59252	0.02097013	0.00	0.06710118	-10.36049	10.00	10.46515
-3.898956	10.00	17.65788	0.02042688	0.00	0.06536285	-10.39588	10.00	10.49963
-3.878361	10.00	17.72378	0.02059454	0.00	0.06589935	-10.4324	10.00	10.53523
-3.857104	10.00	17.7918	0.0212568	0.00	0.06801847	-10.46671	10.00	10.56867
-3.83714	10.00	17.85568	0.01996458	0.00	0.06388357	-10.50238	10.00	10.60343
-3.81638	10.00	17.92211	0.02076	0.00	0.06642878	-10.53774	10.00	10.6379
-3.795801	10.00	17.98796	0.02057818	0.00	0.06584698	-10.57326	10.00	10.67251
-3.775131	10.00	18.0541	0.02067064	0.00	0.06614283	-10.60879	10.00	10.70714
-3.754453	10.00	18.12026	0.02067727	0.00	0.06616407	-10.64469	10.00	10.74213
-3.733559	10.00	18.18712	0.02089404	0.00	0.0668577	-10.6798	10.00	10.77634
-3.713132	10.00	18.25249	0.02042732	0.00	0.06536426	-10.71532	10.00	10.81096
-3.692461	10.00	18.31863	0.02067064	0.00	0.06614283	-10.75077	10.00	10.84551
-3.671831	10.00	18.38465	0.02063082	0.00	0.06601543	-10.78631	10.00	10.88015
-3.651147	10.00	18.45083	0.02068391	0.00	0.0661853	-10.82253	10.00	10.91545
-3.630067	10.00	18.51828	0.02107985	0.00	0.06745224	-10.85722	10.00	10.94926
-3.60988	10.00	18.58288	0.02018666	0.00	0.06459419	-10.89275	10.00	10.98389
-3.589201	10.00	18.64905	0.02067949	0.00	0.06617115	-10.92951	10.00	11.01972
-3.567807	10.00	18.7175	0.02139394	0.00	0.0684573	-10.96387	10.00	11.0532
-3.547815	10.00	18.78148	0.01999157	0.00	0.06396993	-10.99921	10.00	11.08765
-3.527246	10.00	18.84729	0.02056933	0.00	0.06581867	-11.03667	10.00	11.12415
-3.505446	10.00	18.91705	0.02180006	0.00	0.0697568	-11.07022	10.00	11.15685
-3.485922	10.00	18.97952	0.01952352	0.00	0.06247224	-11.10563	10.00	11.19136
-3.465313	10.00	19.04547	0.02060914	0.00	0.06594606	-11.14125	10.00	11.22608
-3.444586	10.00	19.1118	0.02072771	0.00	0.06632544	-11.17665	10.00	11.26058
-3.423985	10.00	19.17771	0.02060074	0.00	0.06591917	-11.21228	10.00	11.2953
-3.40325	10.00	19.24406	0.02073434	0.00	0.06634668	-11.24766	10.00	11.32978
-3.38266	10.00	19.30995	0.02059057	0.00	0.06588662	-11.28314	10.00	11.36436
-3.362013	10.00	19.37601	0.02064675	0.00	0.06606639	-11.31901	10.00	11.39932
-3.341136	10.00	19.44282	0.02087679	0.00	0.06680249	-11.35444	10.00	11.43385
-3.320518	10.00	19.50879	0.02061799	0.00	0.06597438	-11.38954	10.00	11.46806
-3.300091	10.00	19.57415	0.02042732	0.00	0.06536426	-11.42511	10.00	11.50272
-3.279393	10.00	19.64038	0.02069762	0.00	0.06622918	-11.46062	10.00	11.53733
-3.258728	10.00	19.70651	0.02066577	0.00	0.06612726	-11.49606	10.00	11.57187
-3.238103	10.00	19.77251	0.02062463	0.00	0.06599561	-11.53179	10.00	11.60669
-3.217313	10.00	19.83903	0.02079052	0.00	0.06652645	-11.56747	10.00	11.64147
-3.196544	10.00	19.90549	0.02076885	0.00	0.06645709	-11.60252	10.00	11.67563
-3.176145	10.00	19.97076	0.02039857	0.00	0.06527225	-11.64031	10.00	11.71246
-3.154156	10.00	20.04112	0.0219894	0.00	0.07036266	-11.67395	10.00	11.74525
-3.134576	10.00	20.10378	0.01957926	0.00	0.06265061	-11.70909	10.00	11.7795
-3.114126	10.00	20.16921	0.02045033	0.00	0.06543788	-11.74587	10.00	11.81533
-3.092727	10.00	20.23769	0.02139925	0.00	0.06847429	-11.78025	10.00	11.84884
-3.072718	10.00	20.30171	0.02000838	0.00	0.06402371	-11.81587	10.00	11.88356
-3.051986	10.00	20.36805	0.02073257	0.00	0.06634101	-11.85217	10.00	11.91893
-3.030864	10.00	20.43564	0.02112143	0.00	0.0675853	-11.88654	10.00	11.95243
-3.010861	10.00	20.49965	0.02000351	0.00	0.06400814	-11.92234	10.00	11.98732
-2.990027	10.00	20.56631	0.02083432	0.00	0.0666666	-11.95865	10.00	12.02272
-2.968893	10.00	20.63394	0.02113338	0.00	0.06762353	-11.99292	10.00	12.05611
-2.94895	10.00	20.69775	0.01994291	0.00	0.06381421	-12.02849	10.00	12.09078
-2.928251	10.00	20.76399	0.02069983	0.00	0.06623626	-12.06448	10.00	12.12585
-2.907307	10.00	20.831	0.02094315	0.00	0.06701483	-12.10062	10.00	12.16107
-2.886277	10.00	20.8983	0.02103074	0.00	0.06729511	-12.1351	10.00	12.19468
-2.866208	10.00	20.96251	0.02006854	0.00	0.06421623	-12.1703	10.00	12.22898
-2.845725	10.00	21.02806	0.02048306	0.00	0.06554263	-12.20617	10.00	12.26395
-2.824847	10.00	21.09486	0.02087768	0.00	0.06680533	-12.24225	10.00	12.29911
-2.803853	10.00	21.16204	0.02099446	0.00	0.06717903	-12.27701	10.00	12.33298
-2.783626	10.00	21.22676	0.02022736	0.00	0.06472442	-12.31238	10.00	12.36746
-2.763038	10.00	21.29264	0.02058703	0.00	0.06587529	-12.34793	10.00	12.4021
-2.742355	10.00	21.35882	0.02068347	0.00	0.06618389	-12.38348	10.00	12.43675
-2.721661	10.00	21.42504	0.02069408	0.00	0.06621785	-12.41901	10.00	12.47137
-2.70099	10.00	21.49119	0.02067108	0.00	0.06614425	-12.45466	10.00	12.50612
-2.680241	10.00	21.55758	0.02074894	0.00	0.06639339	-12.48986	10.00	12.54043
-2.659755	10.00	21.62313	0.02048572	0.00	0.06555112	-12.52583	10.00	12.57549
-2.638822	10.00	21.69011	0.02093342	0.00	0.06698368	-12.56112	10.00	12.60988
-2.618282	10.00	21.75584	0.02053969	0.00	0.06572382	-12.59701	10.00	12.64486
-2.597398	10.00	21.82266	0.02088387	0.00	0.06682514	-12.63192	10.00	12.67888
-2.577082	10.00	21.88767	0.02031584	0.00	0.06500754	-12.66741	10.00	12.71346
-2.556431	10.00	21.95375	0.02065117	0.00	0.06608055	-12.70285	10.00	12.74801
-2.535803	10.00	22.01976	0.02062861	0.00	0.06600835	-12.73835	10.00	12.7826
-2.515145	10.00	22.08586	0.02065737	0.00	0.06610037	-12.77402	10.00	12.81737
-2.494384	10.00	22.15229	0.02076133	0.00	0.06643303	-12.80946	10.00	12.85191
-2.473763	10.00	22.21828	0.02062109	0.00	0.06598429	-12.8448	10.00	12.88636
-2.453192	10.00	22.2841	0.02057021	0.00	0.0658215	-12.88086	10.00	12.92149
-2.432211	10.00	22.35123	0.02098119	0.00	0.06713657	-12.9158	10.00	12.95555
-2.411874	10.00	22.41631	0.02033752	0.00	0.0650769	-12.9513	10.00	12.99015
-2.391214	10.00	22.48242	0.02065958	0.00	0.06610744	-12.9868	10.00	13.02475
-2.370557	10.00	22.54852	0.02065737	0.00	0.06610037	-13.02224	10.00	13.05929
-2.349931	10.00	22.61452	0.02062595	0.00	0.06599986	-13.05772	10.00	13.09387
-2.329283	10.00	22.68059	0.02064852	0.00	0.06607205	-13.09344	10.00	13.12867
-2.3085	10.00	22.74709	0.02078301	0.00	0.06650239	-13.12886	10.00	13.16319
-2.287887	10.00	22.81305	0.02061268	0.00	0.06595739	-13.16437	10.00	13.19781
-2.267217	10.00	22.87919	0.02066975	0.00	0.06614	-13.19976	10.00	13.2323
-2.246625	10.00	22.94508	0.02059189	0.00	0.06589086	-13.23528	10.00	13.26691
-2.225952	10.00	23.01123	0.02067285	0.00	0.06614991	-13.27278	10.00	13.30346
-2.204133	10.00	23.08105	0.02181908	0.00	0.06981767	-13.30647	10.00	13.33629
-2.184524	10.00	23.1438	0.01960934	0.00	0.06274686	-13.34143	10.00	13.37036
-2.163921	10.00	23.20972	0.02060295	0.00	0.06592625	-13.37703	10.00	13.40503
-2.142612	10.00	23.27791	0.02130945	0.00	0.06818692	-13.40973	10.00	13.43686
-2.122723	10.00	23.34155	0.01988894	0.00	0.06364151	-13.44319	10.00	13.46942
-2.102055	10.00	23.40768	0.02066754	0.00	0.06613293	-13.47685	10.00	13.50216
-2.080829	10.00	23.47561	0.02122628	0.00	0.0679208	-13.50834	10.00	13.53277
-2.060546	10.00	23.54051	0.02028266	0.00	0.06490137	-13.53934	10.00	13.5629
-2.040144	10.00	23.60579	0.02040166	0.00	0.06528216	-13.57072	10.00	13.59338
-2.019046	10.00	23.6733	0.02109798	0.00	0.06751028	-13.60045	10.00	13.62224
-1.9986	10.00	23.73872	0.02044635	0.00	0.06542514	-13.62944	10.00	13.65037
-1.978199	10.00	23.804	0.02040078	0.00	0.06527933	-13.65819	10.00	13.67825
-1.957491	10.00	23.87027	0.02070824	0.00	0.06626315	-13.6864	10.00	13.7056
-1.936672	10.00	23.93688	0.02081884	0.00	0.06661705	-13.71344	10.00	13.73179
-1.91616	10.00	24.00252	0.02051182	0.00	0.06563464	-13.73985	10.00	13.75737
-1.895557	10.00	24.06844	0.02060295	0.00	0.06592625	-13.76563	10.00	13.7823
-1.874866	10.00	24.13465	0.02069143	0.00	0.06620936	-13.79074	10.00	13.80658
-1.854087	10.00	24.20115	0.02077946	0.00	0.06649107	-13.81478	10.00	13.82981
-1.833506	10.00	24.267	0.02058083	0.00	0.06585547	-13.83801	10.00	13.85224
-1.812912	10.00	24.3329	0.02059366	0.00	0.06589652	-13.86061	10.00	13.87405
-1.792138	10.00	24.39937	0.02077371	0.00	0.06647266	-13.88214	10.00	13.89482
-1.771572	10.00	24.46518	0.02056668	0.00	0.06581017	-13.90295	10.00	13.91488
-1.750898	10.00	24.53133	0.02067329	0.00	0.06615133	-13.9228	10.00	13.93401
-1.730265	10.00	24.59735	0.02063348	0.00	0.06602392	-13.9418	10.00	13.9523
-1.709567	10.00	24.66359	0.02069806	0.00	0.0662306	-13.95981	10.00	13.96963
-1.688955	10.00	24.72954	0.02061136	0.00	0.06595314	-13.97747	10.00	13.98662
-1.667649	10.00	24.79772	0.02130679	0.00	0.06817843	-13.99314	10.00	14.00166
-1.647647	10.00	24.86172	0.02000218	0.00	0.06400389	-14.0086	10.00	14.01651
-1.626731	10.00	24.92865	0.02091528	0.00	0.06692564	-14.02284	10.00	14.03017
-1.606199	10.00	24.99435	0.02053261	0.00	0.06570117	-14.03615	10.00	14.04291
-1.585688	10.00	25.05998	0.02051093	0.00	0.06563181	-14.04861	10.00	14.05484
-1.565009	10.00	25.12615	0.0206786	0.00	0.06616832	-14.06038	10.00	14.06607
-1.543881	10.00	25.19376	0.02112851	0.00	0.06760795	-14.07069	10.00	14.0759
-1.523621	10.00	25.25858	0.02025966	0.00	0.06482776	-14.08019	10.00	14.08493
-1.503082	10.00	25.3243	0.02053881	0.00	0.06572099	-14.08873	10.00	14.09303
-1.482457	10.00	25.3903	0.02062507	0.00	0.06599703	-14.09625	10.00	14.10012
-1.461808	10.00	25.45638	0.0206494	0.00	0.06607489	-14.10223	10.00	14.1057
-1.441103	10.00	25.52263	0.02070426	0.00	0.06625041	-14.10688	10.00	14.10997
-1.420326	10.00	25.58911	0.02077725	0.00	0.06648399	-14.11107	10.00	14.11382
-1.399757	10.00	25.65493	0.02056933	0.00	0.06581867	-14.11483	10.00	14.11726
-1.378514	10.00	25.7229	0.02124265	0.00	0.06797317	-14.11807	10.00	14.12021
-1.357882	10.00	25.78892	0.02063171	0.00	0.06601826	-14.12109	10.00	14.12295
-1.337239	10.00	25.85498	0.02064321	0.00	0.06605507	-14.12387	10.00	14.12547
-1.316663	10.00	25.92082	0.02057641	0.00	0.06584132	-14.12644	10.00	14.1278
-1.295907	10.00	25.98723	0.02075558	0.00	0.06641462	-14.12876	10.00	14.1299
-1.275296	10.00	26.05318	0.02061136	0.00	0.06595314	-14.13084	10.00	14.13179
-1.254712	10.00	26.11905	0.02058349	0.00	0.06586397	-14.13268	10.00	14.13345
-1.23399	10.00	26.18536	0.02072239	0.00	0.06630845	-14.1341	10.00	14.13472
-1.213891	10.00	26.24967	0.02009951	0.00	0.06431532	-14.13542	10.00	14.13591
-1.192942	10.00	26.3167	0.02094846	0.00	0.06703182	-14.13655	10.00	14.13692
-1.17251	10.00	26.38208	0.02043219	0.00	0.06537984	-14.13752	10.00	14.13779
-1.151934	10.00	26.44792	0.02057552	0.00	0.06583849	-14.13827	10.00	14.13846
-1.130865	10.00	26.51534	0.02106923	0.00	0.06741827	-14.13879	10.00	14.13893
-1.110645	10.00	26.58004	0.02021984	0.00	0.06470036	-14.13925	10.00	14.13933
-1.089996	10.00	26.64611	0.02064896	0.00	0.06607347	-14.13962	10.00	14.13966
-1.069047	10.00	26.71315	0.0209489	0.00	0.06703323	-14.13989	10.00	14.13991
20.78554
