0.0595816	10.00	-49.91853	0.0595816	0.00	0.08147004	40	10.00	0
0.154602	10.00	-49.7886	0.09502039	0.00	0.1299279	39.9966	10.00	0.001284074
0.1856484	10.00	-49.74615	0.03104637	0.00	0.04245184	39.98777	10.00	0.003487227
0.2360201	10.00	-49.67727	0.05037178	0.00	0.0688768	39.97891	10.00	0.005092256
0.2658563	10.00	-49.63557	0.02983618	0.00	0.04169816	39.96783	10.00	0.006483734
0.2957763	10.00	-49.59376	0.02991995	0.00	0.04181524	39.95524	10.00	0.007752553
0.3240449	10.00	-49.55425	0.02826859	0.00	0.03950735	39.9404	10.00	0.009036285
0.3527491	10.00	-49.5154	0.02870424	0.00	0.0388482	39.9233	10.00	0.01031107
0.3817506	10.00	-49.47935	0.0290015	0.00	0.03604769	39.90459	10.00	0.01158027
0.4055809	10.00	-49.44868	0.02383029	0.00	0.03067897	39.88237	10.00	0.01302282
0.4271093	10.00	-49.41981	0.02152843	0.00	0.02886577	39.85884	10.00	0.01440655
0.4381452	10.00	-49.39536	0.01103589	0.00	0.02445145	39.83369	10.00	0.01576735
0.4439491	10.00	-49.37391	0.005803922	0.00	0.02144791	39.80496	10.00	0.01713066
0.4439491	10.00	-49.37391	0	0.00	0	39.77594	10.00	0.01834418
0.4439491	10.00	-49.37391	0	0.00	0	39.74234	10.00	0.01950068
0.4439491	10.00	-49.37391	0	0.00	0	39.71049	10.00	0.02044182
0.4439491	10.00	-49.37391	0	0.00	0	39.67232	10.00	0.02132974
0.4439491	10.00	-49.37391	0	0.00	0	39.63456	10.00	0.02199538
0.4439491	10.00	-49.37391	0	0.00	0	39.5924	10.00	0.02254952
0.4439491	10.00	-49.37391	0	0.00	0	39.55167	10.00	0.02289316
0.4439491	10.00	-49.37391	0	0.00	0	39.50471	10.00	0.02313748
0.4439491	10.00	-49.37391	0	0.00	0	39.45824	10.00	0.02324278
0.4439491	10.00	-49.37391	0	0.00	0	39.4128	10.00	0.0232785
0.4439491	10.00	-49.37391	0	0.00	0	39.36348	10.00	0.02325377
0.4439491	10.00	-49.37391	0	0.00	0	39.31186	10.00	0.02316356
0.4439491	10.00	-49.37391	0	0.00	0	39.26453	10.00	0.02303994
0.4439491	10.00	-49.37391	0	0.00	0	39.21296	10.00	0.02290156
0.4439491	10.00	-49.37391	0	0.00	0	39.16381	10.00	0.02276974
0.4439491	10.00	-49.37391	0	0.00	0	39.11396	10.00	0.02263591
0.4439491	10.00	-49.37391	0	0.00	0	39.06592	10.00	0.02250705
0.4439491	10.00	-49.37391	0	0.00	0	39.01754	10.00	0.02237707
0.4439491	10.00	-49.37391	0	0.00	0	38.96229	10.00	0.02222893
0.4439491	10.00	-49.37391	0	0.00	0	38.9134	10.00	0.02209769
0.4439491	10.00	-49.37391	0	0.00	0	38.81563	10.00	0.02183524
0.4439491	10.00	-49.37391	0	0.00	0	38.76232	10.00	0.02169215
0.4439491	10.00	-49.37391	0	0.00	0	38.6678	10.00	0.02143854
0.4439491	10.00	-49.37391	0	0.00	0	38.60817	10.00	0.02138062
0.4439491	10.00	-49.37391	0	0.00	0	38.51931	10.00	0.02131053
0.4439491	10.00	-49.37391	0	0.00	0	38.46903	10.00	0.0212709
0.4439491	10.00	-49.37391	0	0.00	0	38.41505	10.00	0.02122834
0.4439491	10.00	-49.37391	0	0.00	0	38.3208	10.00	0.02115402
0.4439491	10.00	-49.37391	0	0.00	0	38.27134	10.00	0.02111496
0.4439491	10.00	-49.37391	0	0.00	0	38.17185	10.00	0.0210365
0.4439491	10.00	-49.37391	0	0.00	0	38.12273	10.00	0.02099779
0.4439491	10.00	-49.37391	0	0.00	0	38.02373	10.00	0.02091975
0.4439491	10.00	-49.37391	0	0.00	0	37.97361	10.00	0.02088017
0.4439491	10.00	-49.37391	0	0.00	0	37.92207	10.00	0.02083955
0.4439491	10.00	-49.37391	0	0.00	0	37.82421	10.00	0.02076234
0.4439491	10.00	-49.37391	0	0.00	0	37.77199	10.00	0.0207212
0.4439491	10.00	-49.37391	0	0.00	0	37.6735	10.00	0.0206434
0.4439491	10.00	-49.37391	0	0.00	0	37.54773	10.00	0.02054428
0.4439491	10.00	-49.37391	0	0.00	0	37.4946	10.00	0.02050245
0.4439491	10.00	-49.37391	0	0.00	0	37.44713	10.00	0.02046499
0.4439491	10.00	-49.37391	0	0.00	0	37.32505	10.00	0.02036879
0.4439491	10.00	-49.37391	0	0.00	0	37.16884	10.00	0.02024562
0.4439491	10.00	-49.37391	0	0.00	0	37.08135	10.00	0.02017656
0.4439491	10.00	-49.37391	0	0.00	0	37.03228	10.00	0.02013787
0.4439491	10.00	-49.37391	0	0.00	0	36.96402	10.00	0.020084
0.4439491	10.00	-49.37391	0	0.00	0	36.88169	10.00	0.02001906
0.4439491	10.00	-49.37391	0	0.00	0	36.82662	10.00	0.01997567
0.4439491	10.00	-49.37391	0	0.00	0	36.73426	10.00	0.01990282
0.4439491	10.00	-49.37391	0	0.00	0	36.6834	10.00	0.01986273
0.4439491	10.00	-49.37391	0	0.00	0	36.63591	10.00	0.01982527
0.4439491	10.00	-49.37391	0	0.00	0	36.58639	10.00	0.01978617
0.4439491	10.00	-49.37391	0	0.00	0	36.53634	10.00	0.01974677
0.4439491	10.00	-49.37391	0	0.00	0	36.48719	10.00	0.01970804
0.4439491	10.00	-49.37391	0	0.00	0	36.4373	10.00	0.01966868
0.4439491	10.00	-49.37391	0	0.00	0	36.38826	10.00	0.01962995
0.4439491	10.00	-49.37184	0	0.00	0.002073918	36.28917	10.00	0.01955188
0.4439491	10.00	-49.33438	0	0.00	0.03745442	36.23814	10.00	0.01951166
0.4439491	10.00	-49.30785	0	0.00	0.0265318	36.18921	10.00	0.01947302
0.4439491	10.00	-49.2761	0	0.00	0.03175708	36.14045	10.00	0.01943458
0.4439491	10.00	-49.22997	0	0.00	0.04612473	36.09074	10.00	0.01939536
0.4439491	10.00	-49.17331	0	0.00	0.05666187	36.04037	10.00	0.01935571
0.4439491	10.00	-49.10811	0	0.00	0.06519871	35.94218	10.00	0.0192783
0.4439491	10.00	-48.97719	0	0.00	0.1309239	35.88999	10.00	0.01923704
0.4439491	10.00	-48.9076	0	0.00	0.06958835	35.84314	10.00	0.01920012
0.4439491	10.00	-48.84513	0	0.00	0.06247083	35.79341	10.00	0.01916088
0.4439491	10.00	-48.77883	0	0.00	0.06629854	35.7429	10.00	0.01912107
0.4439491	10.00	-48.71148	0	0.00	0.06735032	35.69432	10.00	0.01908274
0.4439491	10.00	-48.64671	0	0.00	0.06477255	35.64323	10.00	0.01904252
0.4439491	10.00	-48.57859	0	0.00	0.06811331	35.54437	10.00	0.01896456
0.4439491	10.00	-48.44678	0	0.00	0.1318086	35.49007	10.00	0.01892175
0.4439491	10.00	-48.37438	0	0.00	0.07240535	35.39711	10.00	0.01884841
0.4439491	10.00	-48.25042	0	0.00	0.1239564	35.34471	10.00	0.01882827
0.4439491	10.00	-48.18055	0	0.00	0.06987005	35.29599	10.00	0.01880959
0.4439491	10.00	-48.1156	0	0.00	0.06495091	35.24696	10.00	0.01879092
0.4439491	10.00	-48.05023	0	0.00	0.06537276	35.19881	10.00	0.01877247
0.4439491	10.00	-47.98603	0	0.00	0.06419217	35.14874	10.00	0.01875322
0.4439491	10.00	-47.91927	0	0.00	0.0667671	35.09933	10.00	0.01873433
0.4439491	10.00	-47.85339	0	0.00	0.06587812	35.04961	10.00	0.01871529
0.4439491	10.00	-47.78711	0	0.00	0.06627731	35.00037	10.00	0.01869636
0.4439491	10.00	-47.72145	0	0.00	0.0656672	34.95049	10.00	0.0186773
0.4439491	10.00	-47.65495	0	0.00	0.06650239	34.85163	10.00	0.01863946
0.4439491	10.00	-47.52313	0	0.00	0.13181	34.80046	10.00	0.01861993
0.4439491	10.00	-47.4549	0	0.00	0.06823505	34.75256	10.00	0.01860153
0.4439491	10.00	-47.39103	0	0.00	0.06387083	34.70175	10.00	0.01858213
0.4439491	10.00	-47.32329	0	0.00	0.06774102	34.64955	10.00	0.01856209
0.4439491	10.00	-47.25368	0	0.00	0.06960817	34.55306	10.00	0.01852509
0.4439491	10.00	-47.12503	0	0.00	0.1286448	34.50369	10.00	0.01850621
0.4439491	10.00	-47.05921	0	0.00	0.0658215	34.45468	10.00	0.0184874
0.4439491	10.00	-46.99387	0	0.00	0.06534728	34.40543	10.00	0.01846861
0.4439491	10.00	-46.9282	0	0.00	0.06566012	34.35505	10.00	0.01844924
0.4439491	10.00	-46.86103	0	0.00	0.06717337	34.30634	10.00	0.01843066
0.4439491	10.00	-46.79608	0	0.00	0.06495374	34.25638	10.00	0.0184115
0.4439491	10.00	-46.72946	0	0.00	0.06661705	34.15695	10.00	0.01837338
0.4439491	10.00	-46.59689	0	0.00	0.1325716	34.10539	10.00	0.0183537
0.4439491	10.00	-46.52814	0	0.00	0.06874608	34.05878	10.00	0.01833586
0.4439491	10.00	-46.46601	0	0.00	0.06213675	34.00866	10.00	0.01831674
0.4439491	10.00	-46.39916	0	0.00	0.06684779	33.95897	10.00	0.0182976
0.4439491	10.00	-46.33292	0	0.00	0.0662405	33.86014	10.00	0.01825982
0.4439491	10.00	-46.20115	0	0.00	0.1317732	33.80889	10.00	0.01824025
0.4439491	10.00	-46.13282	0	0.00	0.0683299	33.76119	10.00	0.0182219
0.4439491	10.00	-46.06921	0	0.00	0.06360187	33.71137	10.00	0.0182029
0.4439491	10.00	-46.00279	0	0.00	0.06642312	33.65977	10.00	0.01818311
0.4439491	10.00	-45.93398	0	0.00	0.06880978	33.60877	10.00	0.01816359
0.4439491	10.00	-45.86599	0	0.00	0.06799582	33.51263	10.00	0.01812669
0.4439491	10.00	-45.7378	0	0.00	0.1281833	33.46206	10.00	0.01810745
0.4439491	10.00	-45.67036	0	0.00	0.0674395	33.41271	10.00	0.01808851
0.4439491	10.00	-45.60457	0	0.00	0.06579036	33.33694	10.00	0.01805947
0.4439491	10.00	-45.50355	0	0.00	0.1010226	33.26403	10.00	0.01803155
0.4439491	10.00	-45.40633	0	0.00	0.09721899	33.20358	10.00	0.01800838
0.4439491	10.00	-45.32573	0	0.00	0.0805987	33.11525	10.00	0.01797454
0.4439491	10.00	-45.20795	0	0.00	0.1177817	33.06582	10.00	0.01795563
0.4439491	10.00	-45.14206	0	0.00	0.06589369	32.96735	10.00	0.01791795
0.4439491	10.00	-45.01077	0	0.00	0.1312848	32.91942	10.00	0.0178996
0.4439491	10.00	-44.94687	0	0.00	0.06390764	32.86786	10.00	0.01787982
0.4439491	10.00	-44.87811	0	0.00	0.06875457	32.8184	10.00	0.01786089
0.4439491	10.00	-44.81215	0	0.00	0.06595456	32.76855	10.00	0.0178418
0.4439491	10.00	-44.7457	0	0.00	0.06645568	32.71926	10.00	0.01782285
0.4439491	10.00	-44.67998	0	0.00	0.06572241	32.66933	10.00	0.01780376
0.4439491	10.00	-44.6134	0	0.00	0.06657883	32.62025	10.00	0.017785
0.4439491	10.00	-44.54795	0	0.00	0.06544071	32.57021	10.00	0.01776587
0.4439491	10.00	-44.48124	0	0.00	0.06671614	32.52114	10.00	0.017747
0.4439491	10.00	-44.41581	0	0.00	0.06543363	32.4705	10.00	0.01772769
0.4439491	10.00	-44.34829	0	0.00	0.06751736	32.42123	10.00	0.01770884
0.4439491	10.00	-44.28261	0	0.00	0.06568277	32.37084	10.00	0.01768945
0.4439491	10.00	-44.21542	0	0.00	0.06718894	32.32265	10.00	0.01767098
0.4439491	10.00	-44.15117	0	0.00	0.06425304	32.27292	10.00	0.01765197
0.4439491	10.00	-44.08486	0	0.00	0.06630421	32.22152	10.00	0.01763233
0.4439491	10.00	-44.01633	0	0.00	0.06853091	32.12582	10.00	0.01759566
0.4436094	10.00	-43.88873	-0.0003397699	0.00	0.1275987	32.0747	10.00	0.01757612
0.4421078	10.00	-43.82056	-0.001501593	0.00	0.06816569	32.02538	10.00	0.01755723
0.4374752	10.00	-43.7548	-0.004632575	0.00	0.06576346	31.97596	10.00	0.01753829
0.4309189	10.00	-43.6889	-0.006556296	0.00	0.06589793	31.92566	10.00	0.01751904
0.4235981	10.00	-43.62185	-0.007320796	0.00	0.06705588	31.87709	10.00	0.01750041
0.4133911	10.00	-43.55708	-0.01020699	0.00	0.06476972	31.8271	10.00	0.0174813
0.4015989	10.00	-43.49044	-0.01179221	0.00	0.0666397	31.77881	10.00	0.01746281
0.3820981	10.00	-43.42604	-0.01950076	0.00	0.06439459	31.72943	10.00	0.01744389
0.3570611	10.00	-43.36021	-0.02503699	0.00	0.06583565	31.68008	10.00	0.01742497
0.3294908	10.00	-43.29441	-0.0275703	0.00	0.06579602	31.63028	10.00	0.01740599
0.2990935	10.00	-43.22801	-0.03039732	0.00	0.06640472	31.58033	10.00	0.01738689
0.2679599	10.00	-43.1614	-0.03113361	0.00	0.06660431	31.53119	10.00	0.01736802
0.2373365	10.00	-43.09589	-0.03062344	0.00	0.0655129	31.48174	10.00	0.01734907
0.2039571	10.00	-43.02995	-0.03337939	0.00	0.06594465	31.43048	10.00	0.01732946
0.1660567	10.00	-42.96161	-0.03790039	0.00	0.06833981	31.38172	10.00	0.0173108
0.1274773	10.00	-42.89658	-0.03857943	0.00	0.06502311	31.33272	10.00	0.01729199
0.08682135	10.00	-42.83126	-0.04065593	0.00	0.06532463	31.28355	10.00	0.01727315
0.04474774	10.00	-42.76569	-0.0420736	0.00	0.06556245	31.23386	10.00	0.01725418
0.00159023	10.00	-42.69944	-0.04315751	0.00	0.06625183	31.18444	10.00	0.01723518
-0.04388419	10.00	-42.63355	-0.04547442	0.00	0.06589086	31.13464	10.00	0.01721616
-0.09036219	10.00	-42.56714	-0.046478	0.00	0.06641321	31.08506	10.00	0.01719718
-0.1379013	10.00	-42.50104	-0.04753914	0.00	0.06610037	31.03475	10.00	0.01717791
-0.1880883	10.00	-42.43397	-0.05018694	0.00	0.06707287	30.98611	10.00	0.01715931
-0.2384961	10.00	-42.36912	-0.05040781	0.00	0.06485041	30.93532	10.00	0.01713987
-0.2911419	10.00	-42.30139	-0.05264586	0.00	0.0677297	30.88664	10.00	0.01712118
-0.3415927	10.00	-42.23648	-0.05045072	0.00	0.06490562	30.83693	10.00	0.01710217
-0.3931107	10.00	-42.1702	-0.05151803	0.00	0.06627873	30.78677	10.00	0.01708296
-0.445092	10.00	-42.10333	-0.05198126	0.00	0.06687468	30.73782	10.00	0.01706418
-0.4958255	10.00	-42.03806	-0.0507335	0.00	0.06526942	30.68834	10.00	0.01704523
-0.5471124	10.00	-41.97208	-0.05128697	0.00	0.06598146	30.6384	10.00	0.01702615
-0.598867	10.00	-41.90549	-0.0517546	0.00	0.06658307	30.58922	10.00	0.01700735
-0.6517419	10.00	-41.83992	-0.0528749	0.00	0.06557377	30.5396	10.00	0.01698831
-0.7057254	10.00	-41.77377	-0.05398346	0.00	0.06615416	30.49007	10.00	0.01696929
-0.759621	10.00	-41.70772	-0.05389567	0.00	0.06604657	30.43963	10.00	0.01695004
-0.8144928	10.00	-41.64048	-0.05487176	0.00	0.06724273	30.39089	10.00	0.01693139
-0.8675314	10.00	-41.57548	-0.05303855	0.00	0.06499621	30.34026	10.00	0.01691189
-0.9226122	10.00	-41.50798	-0.05508085	0.00	0.06749895	30.24138	10.00	0.01687412
-1.030191	10.00	-41.37615	-0.1075788	0.00	0.1318327	30.19219	10.00	0.0168553
-1.08372	10.00	-41.31055	-0.05352948	0.00	0.06559783	30.14061	10.00	0.01683556
-1.139856	10.00	-41.24176	-0.05613549	0.00	0.06879137	30.09162	10.00	0.01681677
-1.19315	10.00	-41.17645	-0.05329384	0.00	0.06530906	30.0417	10.00	0.01679759
-1.247458	10.00	-41.1099	-0.05430805	0.00	0.06655193	29.98919	10.00	0.0167775
-1.304589	10.00	-41.03989	-0.05713123	0.00	0.0700116	29.9445	10.00	0.01676043
-1.353206	10.00	-40.98031	-0.04861665	0.00	0.05957739	29.89323	10.00	0.01674077
-1.408997	10.00	-40.91194	-0.05579127	0.00	0.06836954	29.84561	10.00	0.0167226
-1.460812	10.00	-40.84844	-0.05181525	0.00	0.06349712	29.79546	10.00	0.0167033
-1.515381	10.00	-40.78157	-0.05456912	0.00	0.06687185	29.73729	10.00	0.01668107
-1.578668	10.00	-40.70401	-0.06328701	0.00	0.07755522	29.64567	10.00	0.01664592
-1.678359	10.00	-40.58185	-0.09969029	0.00	0.1221657	29.59433	10.00	0.01662625
-1.734217	10.00	-40.5134	-0.05585826	0.00	0.06845164	29.49635	10.00	0.01658874
-1.840816	10.00	-40.38277	-0.1065992	0.00	0.1306323	29.44455	10.00	0.01656896
-1.897188	10.00	-40.31368	-0.0563723	0.00	0.06908157	29.34839	10.00	0.01653217
-2.001806	10.00	-40.18548	-0.104617	0.00	0.1282031	29.29962	10.00	0.01651349
-2.054862	10.00	-40.12046	-0.05305703	0.00	0.06501886	29.24973	10.00	0.01649431
-2.10916	10.00	-40.05392	-0.05429766	0.00	0.06653919	29.19931	10.00	0.016475
-2.164013	10.00	-39.9867	-0.05485328	0.00	0.06722008	29.15096	10.00	0.01645641
-2.21662	10.00	-39.92224	-0.05260652	0.00	0.06446679	29.10019	10.00	0.01643703
-2.271859	10.00	-39.85454	-0.0552391	0.00	0.06769289	29.05163	10.00	0.01641851
-2.324692	10.00	-39.7898	-0.05283293	0.00	0.06474424	28.95194	10.00	0.01638033
-2.433153	10.00	-39.65688	-0.1084613	0.00	0.1329142	28.90335	10.00	0.01636172
-2.486031	10.00	-39.59209	-0.05287798	0.00	0.06479945	28.85414	10.00	0.01634297
-2.539575	10.00	-39.52647	-0.05354335	0.00	0.06561482	28.80283	10.00	0.0163232
-2.595398	10.00	-39.45806	-0.05582361	0.00	0.06840917	28.75448	10.00	0.01630484
-2.648002	10.00	-39.3936	-0.05260421	0.00	0.06446396	28.70573	10.00	0.0162861
-2.701032	10.00	-39.32861	-0.05302931	0.00	0.06498489	28.65637	10.00	0.01626714
-2.754752	10.00	-39.26278	-0.05372009	0.00	0.06583141	28.6064	10.00	0.01624806
-2.809114	10.00	-39.19616	-0.05436235	0.00	0.06661846	28.5572	10.00	0.01622927
-2.862647	10.00	-39.13056	-0.05353295	0.00	0.06560208	28.50719	10.00	0.01621011
-2.917059	10.00	-39.06388	-0.05441202	0.00	0.06667934	28.45724	10.00	0.01619095
-2.971415	10.00	-38.99727	-0.05435542	0.00	0.06660997	28.40797	10.00	0.01617218
-3.02502	10.00	-38.93158	-0.05360572	0.00	0.06569126	28.35864	10.00	0.01615321
-3.078692	10.00	-38.86581	-0.05367157	0.00	0.06577195	28.30826	10.00	0.01613393
-3.133508	10.00	-38.79863	-0.05481632	0.00	0.06717478	28.25929	10.00	0.0161152
-3.186782	10.00	-38.73335	-0.0532742	0.00	0.06528499	28.20914	10.00	0.01609603
-3.241352	10.00	-38.66648	-0.05456912	0.00	0.06687185	28.15936	10.00	0.01607695
-3.295508	10.00	-38.60011	-0.05415673	0.00	0.06636649	28.11029	10.00	0.01605816
-3.348892	10.00	-38.53469	-0.05338394	0.00	0.06541947	28.01097	10.00	0.01602012
-3.456959	10.00	-38.40226	-0.1080663	0.00	0.13243	27.96188	10.00	0.01600133
-3.510379	10.00	-38.3368	-0.05342091	0.00	0.06546477	27.91101	10.00	0.01598186
-3.565729	10.00	-38.26897	-0.05534999	0.00	0.06782878	27.86252	10.00	0.0159633
-3.618484	10.00	-38.20432	-0.05275438	0.00	0.06464798	27.8134	10.00	0.01594452
-3.671917	10.00	-38.13884	-0.05343361	0.00	0.06548034	27.7637	10.00	0.01592545
-3.726007	10.00	-38.07256	-0.05408973	0.00	0.06628439	27.71411	10.00	0.0159064
-3.779959	10.00	-38.00644	-0.05395227	0.00	0.06611594	27.6643	10.00	0.01588737
-3.834151	10.00	-37.94003	-0.05419139	0.00	0.06640896	27.61481	10.00	0.01586843
-3.887999	10.00	-37.87404	-0.05384831	0.00	0.06598853	27.56504	10.00	0.01584935
-3.942158	10.00	-37.80767	-0.05415904	0.00	0.06636932	27.46539	10.00	0.01581125
-4.050565	10.00	-37.67482	-0.108407	0.00	0.1328477	27.41625	10.00	0.01579246
-4.10404	10.00	-37.60929	-0.0534752	0.00	0.06553131	27.36489	10.00	0.01577281
-4.159924	10.00	-37.54081	-0.05588367	0.00	0.06848278	27.31559	10.00	0.01575388
-4.213554	10.00	-37.47509	-0.05362998	0.00	0.06572099	27.26739	10.00	0.01573546
-4.265999	10.00	-37.41082	-0.0524448	0.00	0.06426861	27.2178	10.00	0.01571648
-4.319964	10.00	-37.34469	-0.05396498	0.00	0.06613151	27.1691	10.00	0.01569778
-4.37295	10.00	-37.27975	-0.05298657	0.00	0.06493252	27.11942	10.00	0.01567876
-4.427007	10.00	-37.21351	-0.05405623	0.00	0.06624334	27.07009	10.00	0.01565985
-4.480676	10.00	-37.14774	-0.05366926	0.00	0.06576912	27.02016	10.00	0.01564079
-4.535012	10.00	-37.08116	-0.05433578	0.00	0.06658591	26.97044	10.00	0.01562176
-4.589093	10.00	-37.01488	-0.05408164	0.00	0.06627448	26.92112	10.00	0.01560282
-4.642768	10.00	-36.94911	-0.05367504	0.00	0.0657762	26.87101	10.00	0.01558363
-4.697279	10.00	-36.88231	-0.05451136	0.00	0.06680108	26.77085	10.00	0.0155453
-4.806256	10.00	-36.74876	-0.1089765	0.00	0.1335455	26.72196	10.00	0.0155265
-4.859451	10.00	-36.68357	-0.0531945	0.00	0.06518732	26.67158	10.00	0.01550732
-4.912961	10.00	-36.61641	-0.05350979	0.00	0.06716771	26.62182	10.00	0.01548823
-4.96197	10.00	-36.55005	-0.04900951	0.00	0.066358	26.57334	10.00	0.01546968
-5.000321	10.00	-36.48541	-0.03835098	0.00	0.06463807	26.52452	10.00	0.01545101
-5.035158	10.00	-36.42032	-0.03483662	0.00	0.06508823	26.47484	10.00	0.01543199
-5.059066	10.00	-36.35408	-0.02390867	0.00	0.06624192	26.4257	10.00	0.01541318
-5.070661	10.00	-36.28856	-0.01159482	0.00	0.06552423	26.37493	10.00	0.01539376
-5.073463	10.00	-36.22087	-0.002801868	0.00	0.06768723	26.3256	10.00	0.01537483
-5.073463	10.00	-36.15508	0	0.00	0.06578469	26.2723	10.00	0.01535445
-5.073463	10.00	-36.08403	0	0.00	0.0710563	26.17587	10.00	0.01531753
-5.073463	10.00	-35.95545	0	0.00	0.1285754	26.12376	10.00	0.01529756
-5.073463	10.00	-35.88598	0	0.00	0.06947368	26.0683	10.00	0.01527631
-5.073463	10.00	-35.81204	0	0.00	0.07393841	25.97764	10.00	0.01524157
-5.073463	10.00	-35.69114	0	0.00	0.1208959	25.91204	10.00	0.01521646
-5.073463	10.00	-35.60368	0	0.00	0.08746708	25.8289	10.00	0.01518466
-5.073463	10.00	-35.49282	0	0.00	0.110851	25.7811	10.00	0.01516641
-5.073463	10.00	-35.4291	0	0.00	0.06373069	25.73091	10.00	0.01514716
-5.073463	10.00	-35.36218	0	0.00	0.06691715	25.68131	10.00	0.01512811
-5.073463	10.00	-35.29603	0	0.00	0.06614708	25.63124	10.00	0.01510895
-5.073463	10.00	-35.22927	0	0.00	0.06675861	25.58215	10.00	0.01509014
-5.073463	10.00	-35.16382	0	0.00	0.0654492	25.53214	10.00	0.01507104
-5.073463	10.00	-35.09714	0	0.00	0.06668075	25.48392	10.00	0.01505256
-5.073463	10.00	-35.03284	0	0.00	0.06429975	25.43462	10.00	0.01503364
-5.073463	10.00	-34.96712	0	0.00	0.06571957	25.38467	10.00	0.0150146
-5.073463	10.00	-34.90052	0	0.00	0.06660431	25.33533	10.00	0.01499568
-5.073463	10.00	-34.83473	0	0.00	0.06578894	25.28574	10.00	0.01497664
-5.073463	10.00	-34.76862	0	0.00	0.06610744	25.23599	10.00	0.01495764
-5.073463	10.00	-34.70227	0	0.00	0.06634668	25.18673	10.00	0.01493875
-5.073463	10.00	-34.63661	0	0.00	0.06566861	25.13673	10.00	0.01491965
-5.073463	10.00	-34.56993	0	0.00	0.06667934	25.08719	10.00	0.01490059
-5.073463	10.00	-34.50388	0	0.00	0.06604516	25.03704	10.00	0.01488138
-5.073463	10.00	-34.43702	0	0.00	0.06686336	24.98756	10.00	0.01486249
-5.073463	10.00	-34.37104	0	0.00	0.06598004	24.93889	10.00	0.01484376
-5.073463	10.00	-34.30615	0	0.00	0.06489147	24.83942	10.00	0.0148057
-5.073463	10.00	-34.17352	0	0.00	0.1326254	24.79024	10.00	0.01478691
-5.073463	10.00	-34.10794	0	0.00	0.0655766	24.74033	10.00	0.01476774
-5.073463	10.00	-34.0414	0	0.00	0.06653919	24.68998	10.00	0.01474854
-5.073463	10.00	-33.97426	0	0.00	0.06714506	24.64066	10.00	0.01472963
-5.073463	10.00	-33.90851	0	0.00	0.06575072	24.59005	10.00	0.0147103
-5.073463	10.00	-33.84102	0	0.00	0.06748763	24.54166	10.00	0.01469177
-5.073463	10.00	-33.7765	0	0.00	0.06451775	24.49234	10.00	0.01467286
-5.073463	10.00	-33.71074	0	0.00	0.06576346	24.44339	10.00	0.01465411
-5.073463	10.00	-33.64547	0	0.00	0.06527508	24.39371	10.00	0.01463506
-5.073463	10.00	-33.57924	0	0.00	0.0662221	24.34424	10.00	0.01461611
-5.073463	10.00	-33.51328	0	0.00	0.06597013	24.294	10.00	0.01459691
-5.073463	10.00	-33.44629	0	0.00	0.06698227	24.24477	10.00	0.01457804
-5.073463	10.00	-33.38065	0	0.00	0.06564455	24.19481	10.00	0.01455895
-5.073463	10.00	-33.31404	0	0.00	0.06660856	24.09574	10.00	0.01452102
-5.073463	10.00	-33.18195	0	0.00	0.1320903	24.04668	10.00	0.01450223
-5.073463	10.00	-33.11653	0	0.00	0.06542089	23.99634	10.00	0.01448297
-5.073463	10.00	-33.0494	0	0.00	0.06712383	23.94162	10.00	0.01446201
-5.073463	10.00	-32.97645	0	0.00	0.07295317	23.84443	10.00	0.0144248
-5.073463	10.00	-32.84686	0	0.00	0.1295961	23.79718	10.00	0.01440665
-5.073463	10.00	-32.78386	0	0.00	0.06299035	23.74373	10.00	0.01438619
-5.071893	10.00	-32.7126	0.001569821	0.00	0.07126297	23.64277	10.00	0.01434756
-5.057197	10.00	-32.57799	0.01469615	0.00	0.1346115	23.59756	10.00	0.01433018
-5.048864	10.00	-32.5177	0.008332614	0.00	0.06028376	23.54327	10.00	0.01430942
-5.037457	10.00	-32.44532	0.01140738	0.00	0.07238694	23.44864	10.00	0.01427326
-5.010242	10.00	-32.31914	0.02721536	0.00	0.1261803	23.39908	10.00	0.01425424
-4.99471	10.00	-32.25306	0.01553104	0.00	0.06607489	23.29871	10.00	0.01421582
-4.963255	10.00	-32.11924	0.0314557	0.00	0.1338244	23.25109	10.00	0.01419753
-4.948329	10.00	-32.05574	0.01492579	0.00	0.06349995	23.15027	10.00	0.01415898
-4.916731	10.00	-31.92131	0.03159744	0.00	0.1344274	23.10131	10.00	0.01414021
-4.901388	10.00	-31.85604	0.01534337	0.00	0.0652765	23.05106	10.00	0.01412093
-4.885642	10.00	-31.78905	0.01574632	0.00	0.06699076	22.95115	10.00	0.0140827
-4.854328	10.00	-31.65582	0.03131395	0.00	0.1332214	22.9051	10.00	0.01406508
-4.839895	10.00	-31.59442	0.01443301	0.00	0.06140348	22.80264	10.00	0.01402584
-4.807787	10.00	-31.45782	0.03210819	0.00	0.1366003	22.71151	10.00	0.01399098
-4.780401	10.00	-31.33631	0.02738531	0.00	0.1215131	22.62182	10.00	0.01395661
-4.754608	10.00	-31.21672	0.02579379	0.00	0.1195894	22.55478	10.00	0.01393098
-4.73533	10.00	-31.12734	0.01927794	0.00	0.08937953	22.50069	10.00	0.01391022
-4.719773	10.00	-31.05521	0.015557	0.00	0.07212789	22.40711	10.00	0.01387438
-4.692861	10.00	-30.93044	0.02691156	0.00	0.1247718	22.34757	10.00	0.01385161
-4.675739	10.00	-30.85106	0.01712177	0.00	0.07938273	22.25857	10.00	0.01381748
-4.650143	10.00	-30.73238	0.02559624	0.00	0.1186735	22.19181	10.00	0.013792
-4.629222	10.00	-30.64337	0.02092133	0.00	0.08900723	22.11147	10.00	0.01376124
-4.598853	10.00	-30.53624	0.03036921	0.00	0.1071351	22.06217	10.00	0.01374236
-4.581498	10.00	-30.47053	0.01735509	0.00	0.06571391	22.01248	10.00	0.01372327
-4.563999	10.00	-30.40427	0.01749902	0.00	0.06625891	21.96262	10.00	0.01370425
-4.546441	10.00	-30.33779	0.01755735	0.00	0.06647974	21.86236	10.00	0.01366582
-4.508547	10.00	-30.20411	0.0378938	0.00	0.13368	21.81206	10.00	0.01364659
-4.488238	10.00	-30.13704	0.02030883	0.00	0.06706296	21.76571	10.00	0.01362883
-4.468924	10.00	-30.07524	0.01931427	0.00	0.06180267	21.71507	10.00	0.01360944
-4.447824	10.00	-30.00772	0.02109975	0.00	0.06751594	21.61639	10.00	0.01357164
-4.402881	10.00	-29.87996	0.04494369	0.00	0.1277598	21.56508	10.00	0.01355206
-4.379512	10.00	-29.81552	0.02336851	0.00	0.06444144	21.51726	10.00	0.01353376
-4.357734	10.00	-29.7567	0.02177873	0.00	0.05882264	21.46716	10.00	0.01351453
-4.334269	10.00	-29.69637	0.02346515	0.00	0.06033664	21.36803	10.00	0.01347657
-4.286565	10.00	-29.58084	0.04770289	0.00	0.1155299	21.31717	10.00	0.01345706
-4.262087	10.00	-29.52155	0.02447835	0.00	0.05928324	21.26937	10.00	0.01343875
-4.239087	10.00	-29.46585	0.02300024	0.00	0.05570348	21.21981	10.00	0.01341986
-4.215235	10.00	-29.40808	0.02385196	0.00	0.05776621	21.11948	10.00	0.01338143
-4.166954	10.00	-29.29115	0.04828125	0.00	0.1169307	21.06927	10.00	0.01336219
-4.14279	10.00	-29.23263	0.02416362	0.00	0.05852101	21.02182	10.00	0.01334401
-4.119952	10.00	-29.17732	0.02283777	0.00	0.05530999	20.97177	10.00	0.01332486
-4.095871	10.00	-29.119	0.02408085	0.00	0.05832056	20.87264	10.00	0.01328688
-4.045605	10.00	-29.01882	0.05026617	0.00	0.1001804	20.82135	10.00	0.01326727
-4.018934	10.00	-28.96897	0.02667091	0.00	0.04984861	20.77344	10.00	0.01324896
-3.99217	10.00	-28.92489	0.02676419	0.00	0.04408129	20.72427	10.00	0.01323018
-3.964061	10.00	-28.88218	0.02810908	0.00	0.0427112	20.6241	10.00	0.01319173
-3.899042	10.00	-28.82621	0.06501918	0.00	0.05596629	20.57375	10.00	0.01317245
-3.865713	10.00	-28.80133	0.03332912	0.00	0.02487903	20.52532	10.00	0.01315398
-3.833656	10.00	-28.78491	0.03205702	0.00	0.01642707	20.47618	10.00	0.01313517
-3.801122	10.00	-28.77141	0.03253353	0.00	0.0134988	20.37699	10.00	0.01309713
-3.735462	10.00	-28.77141	0.06566024	0.00	0	20.32689	10.00	0.01307799
-3.7023	10.00	-28.77141	0.03316185	0.00	0	20.27836	10.00	0.01305939
-3.670168	10.00	-28.77141	0.03213222	0.00	0	20.22864	10.00	0.01304039
-3.637251	10.00	-28.77141	0.03291726	0.00	0	20.12912	10.00	0.01300235
-3.572661	10.00	-28.77141	0.06458987	0.00	0	20.08001	10.00	0.01298348
-3.539511	10.00	-28.77141	0.03314939	0.00	0	20.03044	10.00	0.01296443
-3.506058	10.00	-28.77141	0.0334532	0.00	0	19.9807	10.00	0.0129455
-3.47185	10.00	-28.77141	0.03420779	0.00	0	19.88035	10.00	0.01290701
-3.393756	10.00	-28.77141	0.07809398	0.00	0	19.83052	10.00	0.01288794
-3.353047	10.00	-28.77141	0.04070943	0.00	0	19.78273	10.00	0.01286966
-3.31339	10.00	-28.77141	0.03965686	0.00	0	19.73298	10.00	0.01285062
-3.272109	10.00	-28.77141	0.04128144	0.00	0	19.63216	10.00	0.01281199
-3.188444	10.00	-28.77141	0.08366503	0.00	0	19.58134	10.00	0.01279256
-3.14628	10.00	-28.77141	0.04216421	0.00	0	19.52679	10.00	0.01277161
-3.101008	10.00	-28.77141	0.04527153	0.00	0	19.47403	10.00	0.01275148
-3.057231	10.00	-28.77141	0.04377734	0.00	0	19.38531	10.00	0.01271756
-2.983606	10.00	-28.77141	0.07362505	0.00	0	19.33457	10.00	0.01269795
-2.941498	10.00	-28.77141	0.04210783	0.00	0	19.2868	10.00	0.01267977
-2.901858	10.00	-28.77141	0.03964012	0.00	0	19.23721	10.00	0.01266077
-2.860708	10.00	-28.77141	0.04115018	0.00	0	19.13684	10.00	0.0126224
-2.77742	10.00	-28.77141	0.08328795	0.00	0	19.08669	10.00	0.01260314
-2.735802	10.00	-28.77141	0.04161711	0.00	0	19.0278	10.00	0.01258055
-2.686933	10.00	-28.77141	0.04886958	0.00	0	18.93803	10.00	0.01254622
-2.612442	10.00	-28.77141	0.07449108	0.00	0	18.88973	10.00	0.01252776
-2.57236	10.00	-28.77141	0.04008151	0.00	0	18.84062	10.00	0.0125089
-2.531611	10.00	-28.77141	0.04074932	0.00	0	18.74075	10.00	0.0124707
-2.448729	10.00	-28.77141	0.08288181	0.00	0	18.67994	10.00	0.01244737
-2.398269	10.00	-28.77141	0.05045979	0.00	0	18.59186	10.00	0.01241357
-2.325179	10.00	-28.76996	0.07309027	0.00	0.001449866	18.53658	10.00	0.01239242
-2.279309	10.00	-28.76833	0.04586974	0.00	0.00162355	18.44294	10.00	0.01235658
-2.201607	10.00	-28.75833	0.07770236	0.00	0.01000369	18.39301	10.00	0.01233754
-2.160171	10.00	-28.75235	0.04143562	0.00	0.005979237	18.29515	10.00	0.01230004
-2.07897	10.00	-28.73305	0.08120085	0.00	0.01929744	18.24273	10.00	0.01227998
-2.035463	10.00	-28.72204	0.04350775	0.00	0.01101655	18.1967	10.00	0.01226233
-1.997272	10.00	-28.71237	0.03819086	0.00	0.009670266	18.14663	10.00	0.0122432
-1.955722	10.00	-28.70185	0.04155015	0.00	0.01052087	18.09579	10.00	0.01222371
-1.91484	10.00	-28.69116	0.04088209	0.00	0.01068416	17.99699	10.00	0.01218592
-1.835408	10.00	-28.6704	0.07943132	0.00	0.02075865	17.94834	10.00	0.01216727
-1.796295	10.00	-28.66018	0.03911345	0.00	0.01022194	17.89893	10.00	0.01214838
-1.756569	10.00	-28.6498	0.03972548	0.00	0.01038189	17.84961	10.00	0.01212947
-1.716913	10.00	-28.63943	0.03965633	0.00	0.01036382	17.74792	10.00	0.01209047
-1.635158	10.00	-28.601	0.0817548	0.00	0.0384323	17.70034	10.00	0.01207229
-1.596901	10.00	-28.58179	0.03825729	0.00	0.01921311	17.65124	10.00	0.01205352
-1.557423	10.00	-28.56006	0.03947793	0.00	0.02172792	17.60176	10.00	0.01203457
-1.518281	10.00	-28.53753	0.03914216	0.00	0.02253349	17.55042	10.00	0.01201483
-1.477661	10.00	-28.51149	0.04062036	0.00	0.02603615	17.45245	10.00	0.01197735
-1.400161	10.00	-28.45423	0.07749987	0.00	0.05726326	17.40136	10.00	0.01195779
-1.359747	10.00	-28.42239	0.04041375	0.00	0.03183964	17.35366	10.00	0.0119395
-1.323856	10.00	-28.38958	0.03589104	0.00	0.03281158	17.30378	10.00	0.01192046
-1.286331	10.00	-28.35334	0.03752452	0.00	0.03623668	17.2037	10.00	0.01188216
-1.211032	10.00	-28.28063	0.07529905	0.00	0.07271478	17.15362	10.00	0.01186291
-1.173357	10.00	-28.24424	0.03767549	0.00	0.03638246	17.10488	10.00	0.01184431
-1.137311	10.00	-28.20883	0.03604607	0.00	0.03541672	17.05558	10.00	0.01182537
-1.100862	10.00	-28.17301	0.03644881	0.00	0.03581243	16.95374	10.00	0.01178641
-1.025554	10.00	-28.09508	0.07530776	0.00	0.07793745	16.90546	10.00	0.01176795
-0.9898559	10.00	-28.05688	0.03569829	0.00	0.0381914	16.85802	10.00	0.01174968
-0.9553902	10.00	-28.01568	0.03446564	0.00	0.0412026	16.80838	10.00	0.01173071
-0.9206058	10.00	-27.97193	0.03478442	0.00	0.04375691	16.70869	10.00	0.01169264
-0.8636199	10.00	-27.85573	0.05698586	0.00	0.1161919	16.65986	10.00	0.01167385
-0.8363403	10.00	-27.79694	0.02727965	0.00	0.05879859	16.61005	10.00	0.01165486
-0.8110804	10.00	-27.7318	0.02525986	0.00	0.0651354	16.56035	10.00	0.01163577
-0.7865224	10.00	-27.66618	0.02455795	0.00	0.06562153	16.45988	10.00	0.01159733
-0.7381748	10.00	-27.53222	0.04834767	0.00	0.1339532	16.40837	10.00	0.01157759
-0.7133858	10.00	-27.46354	0.02478899	0.00	0.06868096	16.35073	10.00	0.01155554
-0.6856442	10.00	-27.38668	0.02774162	0.00	0.07686158	16.2978	10.00	0.01153523
-0.6601716	10.00	-27.31611	0.02547261	0.00	0.07057501	16.21228	10.00	0.01150253
-0.6190183	10.00	-27.20209	0.04115336	0.00	0.1140205	16.16429	10.00	0.01148412
-0.5959225	10.00	-27.1381	0.02309579	0.00	0.06398974	16.11407	10.00	0.01146493
-0.5717532	10.00	-27.07113	0.02416924	0.00	0.06696387	16.06455	10.00	0.01144593
-0.5479252	10.00	-27.00512	0.02382794	0.00	0.06601826	15.9643	10.00	0.01140753
-0.4996762	10.00	-26.87144	0.04824906	0.00	0.13368	15.91413	10.00	0.01138829
-0.475533	10.00	-26.80454	0.02414318	0.00	0.06689167	15.86507	10.00	0.0113695
-0.4519243	10.00	-26.73913	0.02360876	0.00	0.06541098	15.76612	10.00	0.01133161
-0.4081372	10.00	-26.6072	0.04378704	0.00	0.131936	15.71737	10.00	0.01131298
-0.3865648	10.00	-26.5422	0.02157241	0.00	0.06500046	15.66771	10.00	0.01129398
-0.3645931	10.00	-26.47599	0.02197174	0.00	0.0662037	15.56752	10.00	0.01125561
-0.3215481	10.00	-26.34239	0.04304498	0.00	0.1335979	15.51818	10.00	0.0112367
-0.3009898	10.00	-26.27661	0.02055827	0.00	0.06578328	15.46953	10.00	0.01121806
-0.2807209	10.00	-26.21175	0.02026895	0.00	0.06485749	15.42021	10.00	0.01119918
-0.2601679	10.00	-26.14599	0.02055296	0.00	0.06576629	15.31942	10.00	0.01116061
-0.2181715	10.00	-26.01161	0.04199645	0.00	0.1343821	15.25991	10.00	0.01113782
-0.1933716	10.00	-25.93225	0.0247999	0.00	0.07935583	15.17135	10.00	0.01110391
-0.1564714	10.00	-25.81417	0.03690013	0.00	0.1180747	15.09873	10.00	0.01107617
-0.1290247	10.00	-25.71735	0.02744677	0.00	0.09682547	15.02225	10.00	0.01104683
-0.1020933	10.00	-25.61538	0.02693138	0.00	0.1019739	14.96896	10.00	0.01102649
-0.08401456	10.00	-25.54432	0.01807871	0.00	0.07105913	14.91294	10.00	0.01100502
-0.06501316	10.00	-25.46963	0.01900141	0.00	0.07468584	14.82175	10.00	0.01097017
-0.03407824	10.00	-25.34804	0.03093491	0.00	0.121591	14.76947	10.00	0.01095014
-0.01634455	10.00	-25.27834	0.01773369	0.00	0.06970301	14.67573	10.00	0.01091423
0.01545327	10.00	-25.15335	0.03179783	0.00	0.1249827	14.62786	10.00	0.01089585
0.03169271	10.00	-25.08952	0.01623943	0.00	0.06382978	14.57752	10.00	0.01087668
0.04877129	10.00	-25.0224	0.01707858	0.00	0.06712808	14.5283	10.00	0.01085783
0.06546703	10.00	-24.95677	0.01669574	0.00	0.06562331	14.4268	10.00	0.01081895
0.09989826	10.00	-24.82144	0.03443123	0.00	0.1353334	14.37868	10.00	0.01080047
0.1162209	10.00	-24.75728	0.01632263	0.00	0.06415678	14.32979	10.00	0.01078182
0.1328046	10.00	-24.6921	0.01658374	0.00	0.06518307	14.28041	10.00	0.01076288
0.1495569	10.00	-24.62625	0.01675229	0.00	0.06584556	14.17922	10.00	0.01072416
0.1838808	10.00	-24.49134	0.03432391	0.00	0.1349116	14.13011	10.00	0.01070533
0.2005413	10.00	-24.42586	0.01666045	0.00	0.06548459	14.08224	10.00	0.010687
0.2167814	10.00	-24.36202	0.01624016	0.00	0.06383261	14.03263	10.00	0.01066798
0.2336075	10.00	-24.29589	0.01682612	0.00	0.06613576	13.98275	10.00	0.01064895
0.2505287	10.00	-24.22938	0.0169212	0.00	0.06650947	13.8827	10.00	0.01061061
0.2844698	10.00	-24.09597	0.03394107	0.00	0.1334068	13.83137	10.00	0.01059095
0.3018833	10.00	-24.02753	0.01741352	0.00	0.06844456	13.78472	10.00	0.0105731
0.3177064	10.00	-23.96534	0.0158231	0.00	0.06219337	13.73492	10.00	0.01055406
0.3346002	10.00	-23.89893	0.01689382	0.00	0.06640188	13.63576	10.00	0.01051608
0.3695191	10.00	-23.76672	0.03491879	0.00	0.1322177	13.58417	10.00	0.0104964
0.3876835	10.00	-23.69794	0.01816449	0.00	0.06877863	13.53701	10.00	0.01047836
0.4042905	10.00	-23.63506	0.01660701	0.00	0.06288134	13.43572	10.00	0.01043957
0.4399563	10.00	-23.50001	0.03566575	0.00	0.135046	13.38691	10.00	0.01042087
0.4571476	10.00	-23.43492	0.01719134	0.00	0.06509389	13.33836	10.00	0.01040231
0.4742403	10.00	-23.3702	0.01709264	0.00	0.06472018	13.23856	10.00	0.01036407
0.5106742	10.00	-23.23712	0.0364339	0.00	0.1330756	13.18894	10.00	0.01034505
0.5287869	10.00	-23.17096	0.0181127	0.00	0.06615699	13.13112	10.00	0.01032298
0.5498939	10.00	-23.09387	0.021107	0.00	0.07709374	13.03926	10.00	0.01028779
0.5834288	10.00	-22.97138	0.03353494	0.00	0.122487	12.98956	10.00	0.0102687
0.6015686	10.00	-22.90513	0.01813983	0.00	0.06625608	12.94222	10.00	0.01025056
0.6188504	10.00	-22.842	0.01728177	0.00	0.06312199	12.89248	10.00	0.01023163
0.6370088	10.00	-22.77568	0.01815843	0.00	0.06632403	12.84229	10.00	0.0102124
0.6566243	10.00	-22.70877	0.01961548	0.00	0.0669129	12.74343	10.00	0.01017447
0.6965432	10.00	-22.57695	0.0399189	0.00	0.1318185	12.69312	10.00	0.01015527
0.7168572	10.00	-22.50987	0.02031397	0.00	0.06707995	12.64371	10.00	0.01013633
0.7368072	10.00	-22.44399	0.01995002	0.00	0.06587812	12.54415	10.00	0.01009809
0.778294	10.00	-22.31124	0.04148682	0.00	0.1327514	12.49539	10.00	0.01007948
0.7986107	10.00	-22.24623	0.02031672	0.00	0.06501037	12.43543	10.00	0.01005651
0.824371	10.00	-22.16783	0.02576031	0.00	0.07840346	12.34678	10.00	0.01002254
0.8658866	10.00	-22.05306	0.04151561	0.00	0.1147616	12.29591	10.00	0.01000309
0.8897103	10.00	-21.99049	0.02382364	0.00	0.06257194	12.2481	10.00	0.009984776
0.9121004	10.00	-21.93292	0.02239016	0.00	0.0575725	12.19846	10.00	0.009965768
0.9353508	10.00	-21.87313	0.02325035	0.00	0.05978433	12.09872	10.00	0.009927609
0.9820608	10.00	-21.75303	0.04671003	0.00	0.1201069	12.04956	10.00	0.009908774
1.005085	10.00	-21.69383	0.02302362	0.00	0.05920133	12.00032	10.00	0.009889909
1.028143	10.00	-21.63454	0.02305842	0.00	0.05929082	11.9505	10.00	0.009870825
1.051476	10.00	-21.57454	0.02333289	0.00	0.05999656	11.85027	10.00	0.009832512
1.098416	10.00	-21.45384	0.04694024	0.00	0.1206989	11.79975	10.00	0.009813131
1.122079	10.00	-21.393	0.02366304	0.00	0.06084549	11.75251	10.00	0.009794977
1.144203	10.00	-21.33611	0.02212366	0.00	0.05688722	11.69203	10.00	0.009771841
1.172524	10.00	-21.26328	0.02832146	0.00	0.07282383	11.60259	10.00	0.009737558
1.214413	10.00	-21.15557	0.04188902	0.00	0.1077105	11.55296	10.00	0.009718626
1.237656	10.00	-21.09581	0.02324289	0.00	0.05976515	11.50365	10.00	0.00969977
1.260748	10.00	-21.03643	0.02309174	0.00	0.05937648	11.40316	10.00	0.009661236
1.311702	10.00	-20.9271	0.05095416	0.00	0.1093358	11.34845	10.00	0.009640307
1.339448	10.00	-20.87038	0.02774644	0.00	0.05671154	11.25413	10.00	0.009604168
1.387273	10.00	-20.77263	0.04782481	0.00	0.09775013	11.19374	10.00	0.009581062
1.417893	10.00	-20.71005	0.03061955	0.00	0.06258394	11.10652	10.00	0.009547638
1.46212	10.00	-20.61965	0.04422764	0.00	0.0903978	11.05885	10.00	0.009529433
1.48629	10.00	-20.57025	0.02416973	0.00	0.04940102	11.0087	10.00	0.009510167
1.511721	10.00	-20.51827	0.02543052	0.00	0.05197796	10.90944	10.00	0.009472168
1.565897	10.00	-20.42437	0.05417642	0.00	0.09390365	10.85831	10.00	0.009452664
1.594462	10.00	-20.376	0.02856504	0.00	0.04836749	10.8109	10.00	0.009434457
1.620947	10.00	-20.33116	0.02648481	0.00	0.04484516	10.7608	10.00	0.00941526
1.64894	10.00	-20.28376	0.02799323	0.00	0.04739928	10.7106	10.00	0.009396041
1.677637	10.00	-20.23756	0.02869714	0.00	0.04619737	10.61161	10.00	0.009358127
1.738055	10.00	-20.15542	0.06041816	0.00	0.0821444	10.56239	10.00	0.00933931
1.769365	10.00	-20.11712	0.03130979	0.00	0.0382993	10.51235	10.00	0.009320176
1.801202	10.00	-20.07817	0.03183661	0.00	0.03894372	10.41302	10.00	0.009282167
1.864392	10.00	-20.00088	0.06318963	0.00	0.07729589	10.36167	10.00	0.009262457
1.897056	10.00	-19.96225	0.03266399	0.00	0.03863001	10.31532	10.00	0.00924477
1.926545	10.00	-19.92797	0.02948958	0.00	0.03427733	10.26475	10.00	0.009225388
1.958713	10.00	-19.89189	0.03216824	0.00	0.03608523	10.21589	10.00	0.009206745
1.991062	10.00	-19.85891	0.03234868	0.00	0.03297957	10.11457	10.00	0.009167878
2.059442	10.00	-19.79707	0.06837957	0.00	0.0618392	10.05455	10.00	0.009144877
2.099942	10.00	-19.76044	0.04050095	0.00	0.03662712	9.96564	10.00	0.009110763
2.159952	10.00	-19.70617	0.06000911	0.00	0.05426936	9.917138	10.00	0.009092298
2.192684	10.00	-19.67657	0.03273237	0.00	0.02960158	9.868696	10.00	0.009073756
2.225379	10.00	-19.64888	0.0326944	0.00	0.02769095	9.819286	10.00	0.009054831
2.258724	10.00	-19.62127	0.03334572	0.00	0.02760471	9.718125	10.00	0.009016125
2.326998	10.00	-19.56475	0.06827424	0.00	0.05651971	9.669056	10.00	0.008997316
2.360115	10.00	-19.53734	0.03311643	0.00	0.02741489	9.619721	10.00	0.008978412
2.393411	10.00	-19.50977	0.03329628	0.00	0.02756378	9.52059	10.00	0.008940462
2.460313	10.00	-19.45439	0.06690209	0.00	0.0553838	9.470193	10.00	0.008921203
2.494326	10.00	-19.42623	0.0340128	0.00	0.02815694	9.422639	10.00	0.008902946
2.526421	10.00	-19.39966	0.03209538	0.00	0.02656963	9.36659	10.00	0.008881509
2.564248	10.00	-19.36835	0.03782616	0.00	0.03131377	9.273165	10.00	0.008845729
2.627301	10.00	-19.31615	0.06305363	0.00	0.05219791	9.224177	10.00	0.00882691
2.660362	10.00	-19.28878	0.03306054	0.00	0.02736862	9.173715	10.00	0.008807666
2.694418	10.00	-19.26059	0.03405651	0.00	0.02819312	9.074407	10.00	0.008769666
2.761442	10.00	-19.2051	0.0670239	0.00	0.05548463	9.025607	10.00	0.00875093
2.794377	10.00	-19.17784	0.03293443	0.00	0.02726423	8.976526	10.00	0.00873214
2.8275	10.00	-19.15042	0.03312359	0.00	0.02742082	8.926045	10.00	0.008712818
2.86157	10.00	-19.12222	0.03407013	0.00	0.02820439	8.826642	10.00	0.008674778
2.928657	10.00	-19.06668	0.06708696	0.00	0.05553684	8.776548	10.00	0.008655596
2.962465	10.00	-19.03869	0.03380788	0.00	0.0279873	8.728351	10.00	0.008637157
2.994994	10.00	-19.01176	0.03252888	0.00	0.0269285	8.679085	10.00	0.008618273
3.028242	10.00	-18.98551	0.03324827	0.00	0.02625198	8.578638	10.00	0.008579856
3.099923	10.00	-18.93717	0.07168101	0.00	0.04833848	8.529074	10.00	0.008560788
3.135296	10.00	-18.91332	0.03537228	0.00	0.02385349	8.48105	10.00	0.008542459
3.169567	10.00	-18.89021	0.03427142	0.00	0.02311111	8.430636	10.00	0.008523239
3.205544	10.00	-18.86595	0.03597688	0.00	0.0242612	8.331011	10.00	0.008484999
3.277925	10.00	-18.82315	0.07238156	0.00	0.04279869	8.281684	10.00	0.008466133
3.313762	10.00	-18.80196	0.03583711	0.00	0.02119023	8.232614	10.00	0.008447294
3.349413	10.00	-18.78088	0.03565044	0.00	0.02107985	8.182553	10.00	0.008428189
3.385785	10.00	-18.75937	0.03637166	0.00	0.0215063	8.082521	10.00	0.008389853
3.459755	10.00	-18.72285	0.07397002	0.00	0.03651684	8.032334	10.00	0.008370635
3.496865	10.00	-18.70518	0.03711062	0.00	0.01767249	7.982257	10.00	0.008351462
3.533894	10.00	-18.68755	0.03702897	0.00	0.01763361	7.884917	10.00	0.008314257
3.605872	10.00	-18.6583	0.07197753	0.00	0.02924971	7.810775	10.00	0.00828587
3.660697	10.00	-18.63889	0.05482552	0.00	0.0194079	7.736989	10.00	0.008257524
3.71621	10.00	-18.61958	0.05551277	0.00	0.01931397	7.677572	10.00	0.008234887
3.763215	10.00	-18.61016	0.0470052	0.00	0.009416383	7.587579	10.00	0.008200356
3.834407	10.00	-18.60287	0.07119146	0.00	0.007290517	7.535311	10.00	0.0081804
3.875756	10.00	-18.60269	0.04134938	0.00	0.0001855751	7.438224	10.00	0.008143184
3.955067	10.00	-18.60269	0.07931132	0.00	0	7.388405	10.00	0.008124158
3.995765	10.00	-18.60269	0.04069729	0.00	0	7.340868	10.00	0.008105862
4.0346	10.00	-18.60269	0.03883519	0.00	0	7.291081	10.00	0.008086876
4.07527	10.00	-18.60269	0.0406704	0.00	0	7.191124	10.00	0.008048599
4.156927	10.00	-18.60269	0.0816565	0.00	0	7.140542	10.00	0.008029236
4.197594	10.00	-18.60269	0.04066699	0.00	0	7.091692	10.00	0.008010536
4.236869	10.00	-18.60269	0.03927563	0.00	0	6.992533	10.00	0.007972547
4.316594	10.00	-18.60269	0.07972495	0.00	0	6.943746	10.00	0.00795389
4.35582	10.00	-18.60269	0.03922527	0.00	0	6.882717	10.00	0.007930564
4.404887	10.00	-18.60269	0.04906722	0.00	0	6.794989	10.00	0.007896961
4.475421	10.00	-18.60269	0.07053429	0.00	0	6.744409	10.00	0.007877531
4.516087	10.00	-18.60269	0.04066614	0.00	0	6.696403	10.00	0.007859133
4.554684	10.00	-18.60269	0.03859702	0.00	0	6.64669	10.00	0.007840123
4.594654	10.00	-18.60269	0.0399696	0.00	0	6.546882	10.00	0.007801876
4.6749	10.00	-18.60269	0.08024564	0.00	0	6.497321	10.00	0.007782917
4.714746	10.00	-18.60269	0.03984668	0.00	0	6.448625	10.00	0.007764241
4.753898	10.00	-18.60269	0.03915186	0.00	0	6.39869	10.00	0.007745157
4.794046	10.00	-18.60269	0.040148	0.00	0	6.299109	10.00	0.007707004
4.87411	10.00	-18.60269	0.08006383	0.00	0	6.247945	10.00	0.007687471
4.915245	10.00	-18.60269	0.04113476	0.00	0	6.200692	10.00	0.007669299
4.953237	10.00	-18.60269	0.03799182	0.00	0	6.149575	10.00	0.007649728
4.994335	10.00	-18.60269	0.04109805	0.00	0	6.050704	10.00	0.007611883
5.073827	10.00	-18.60269	0.07949277	0.00	0	6.002211	10.00	0.00759335
5.112816	10.00	-18.60269	0.03898882	0.00	0	5.951992	10.00	0.00757711
5.153193	10.00	-18.60269	0.04037676	0.00	0	5.851831	10.00	0.007544869
5.233722	10.00	-18.60269	0.08052904	0.00	0	5.801928	10.00	0.007528704
5.273843	10.00	-18.60269	0.04012154	0.00	0	5.754586	10.00	0.007513456
5.311907	10.00	-18.60269	0.03806352	0.00	0	5.704648	10.00	0.0074973
5.352057	10.00	-18.60269	0.04015056	0.00	0	5.654219	10.00	0.007481073
5.392602	10.00	-18.60269	0.04054492	0.00	0	5.554755	10.00	0.007448974
5.472571	10.00	-18.60269	0.07996908	0.00	0	5.504632	10.00	0.007432763
5.512871	10.00	-18.60269	0.04029909	0.00	0	5.457065	10.00	0.007417425
5.551114	10.00	-18.60067	0.03824363	0.00	0.002011207	5.355579	10.00	0.007384629
5.63271	10.00	-18.56494	0.08159517	0.00	0.03573679	5.307003	10.00	0.00736901
5.671765	10.00	-18.54281	0.0390554	0.00	0.02212251	5.258626	10.00	0.007353378
5.703165	10.00	-18.4958	0.03140012	0.00	0.0470143	5.209066	10.00	0.007337445
5.730855	10.00	-18.43868	0.02768953	0.00	0.05712264	5.108916	10.00	0.007305088
5.772585	10.00	-18.30644	0.04173102	0.00	0.1322398	5.060522	10.00	0.007289485
5.790876	10.00	-18.24191	0.01829103	0.00	0.06452624	5.0107	10.00	0.007273379
5.809063	10.00	-18.17548	0.01818711	0.00	0.06642878	4.961427	10.00	0.007257433
5.82705	10.00	-18.10979	0.01798674	0.00	0.06569692	4.861089	10.00	0.007225133
5.861088	10.00	-17.976	0.03403723	0.00	0.1337848	4.813142	10.00	0.007209655
5.876114	10.00	-17.91207	0.01502661	0.00	0.06392887	4.762805	10.00	0.007193355
5.89189	10.00	-17.84496	0.0157756	0.00	0.06711534	4.713112	10.00	0.007177392
5.906181	10.00	-17.7787	0.01429114	0.00	0.06625891	4.612372	10.00	0.007144845
5.929949	10.00	-17.64438	0.02376853	0.00	0.1343198	4.563625	10.00	0.007129059
5.940192	10.00	-17.57938	0.01024269	0.00	0.06499621	4.514996	10.00	0.007113439
5.95041	10.00	-17.51454	0.01021793	0.00	0.06483909	4.464474	10.00	0.007097163
5.95646	10.00	-17.44718	0.006049795	0.00	0.06736306	4.363019	10.00	0.007064444
5.967299	10.00	-17.31191	0.01083883	0.00	0.1352725	4.303905	10.00	0.007045338
5.972088	10.00	-17.23309	0.004788985	0.00	0.07881791	4.214046	10.00	0.00701634
5.977047	10.00	-17.11328	0.004959581	0.00	0.119813	4.156715	10.00	0.006997734
5.980212	10.00	-17.03683	0.003164231	0.00	0.07644115	4.067024	10.00	0.006968903
5.981688	10.00	-16.91725	0.001476395	0.00	0.1195879	4.010324	10.00	0.006950517
5.982621	10.00	-16.84165	0.0009333201	0.00	0.07559889	3.918506	10.00	0.006921026
5.984133	10.00	-16.71922	0.001511418	0.00	0.1224248	3.87054	10.00	0.006905568
5.984922	10.00	-16.65527	0.0007895603	0.00	0.06395435	3.820569	10.00	0.006889383
5.985745	10.00	-16.58864	0.000822573	0.00	0.06662837	3.764739	10.00	0.006871423
5.986664	10.00	-16.5142	0.000919007	0.00	0.07443953	3.671259	10.00	0.006841276
5.988203	10.00	-16.38956	0.001538768	0.00	0.1246401	3.621961	10.00	0.006825398
5.989014	10.00	-16.32383	0.000811493	0.00	0.0657309	3.572338	10.00	0.00680923
5.989831	10.00	-16.25767	0.0008168408	0.00	0.06616407	3.523939	10.00	0.006793618
5.990628	10.00	-16.19313	0.0007966906	0.00	0.06453191	3.422147	10.00	0.006760804
5.992303	10.00	-16.05741	0.00167559	0.00	0.1357227	3.373925	10.00	0.006745252
5.993097	10.00	-15.99312	0.0007937721	0.00	0.06429551	3.323502	10.00	0.006729015
5.993927	10.00	-15.92589	0.0008300178	0.00	0.06723141	3.224827	10.00	0.006697151
5.995551	10.00	-15.79432	0.001624279	0.00	0.1315666	3.175264	10.00	0.006681081
5.996367	10.00	-15.72824	0.0008158446	0.00	0.06608338	3.127753	10.00	0.006665754
5.997149	10.00	-15.66489	0.0007820805	0.00	0.06334849	3.077667	10.00	0.006649587
5.997973	10.00	-15.59811	0.0008244605	0.00	0.06678126	2.977783	10.00	0.006617334
5.999618	10.00	-15.46493	0.001644185	0.00	0.1331789	2.929209	10.00	0.006601627
6.000417	10.00	-15.40016	0.0007995742	0.00	0.06476548	2.876074	10.00	0.006584521
6.001292	10.00	-15.32931	0.0008746523	0.00	0.0708468	2.779324	10.00	0.006553384
6.002885	10.00	-15.20031	0.001592595	0.00	0.1290001	2.729512	10.00	0.006537278
6.003705	10.00	-15.1339	0.0008199515	0.00	0.06641604	2.681479	10.00	0.006521829
6.004495	10.00	-15.06985	0.0007906788	0.00	0.06404494	2.6316	10.00	0.006505664
6.005316	10.00	-15.00335	0.0008210351	0.00	0.06650381	2.530218	10.00	0.006472986
6.006985	10.00	-14.86817	0.001668844	0.00	0.1351763	2.481633	10.00	0.00645873
6.007785	10.00	-14.80339	0.000799749	0.00	0.06477963	2.433049	10.00	0.006444454
6.008584	10.00	-14.73861	0.000799749	0.00	0.06477963	2.383915	10.00	0.006429964
6.009393	10.00	-14.6731	0.0008087842	0.00	0.06551149	2.283057	10.00	0.006400267
6.011054	10.00	-14.53862	0.00166021	0.00	0.134477	2.232982	10.00	0.00638558
6.011878	10.00	-14.47186	0.0008242857	0.00	0.0667671	2.185567	10.00	0.006371556
6.012659	10.00	-14.40864	0.0007804901	0.00	0.06321967	2.135345	10.00	0.006356795
6.013485	10.00	-14.34168	0.0008266974	0.00	0.06696245	2.035736	10.00	0.006327498
6.015125	10.00	-14.20886	0.001639658	0.00	0.1328123	1.985867	10.00	0.006312793
6.015945	10.00	-14.14237	0.0008208953	0.00	0.06649248	1.937893	10.00	0.006298707
6.016736	10.00	-14.07841	0.0007897001	0.00	0.06396568	1.888143	10.00	0.006284018
6.017554	10.00	-14.01207	0.0008189204	0.00	0.06633252	1.786886	10.00	0.006254313
6.019221	10.00	-13.87706	0.001666781	0.00	0.1350092	1.738301	10.00	0.006239959
6.020021	10.00	-13.81228	0.0007997665	0.00	0.06478105	1.688945	10.00	0.006225453
6.020833	10.00	-13.74648	0.0008124367	0.00	0.06580734	1.640354	10.00	0.006211216
6.021633	10.00	-13.68169	0.0007998538	0.00	0.06478813	1.539238	10.00	0.006181366
6.023298	10.00	-13.54687	0.001664457	0.00	0.134821	1.489876	10.00	0.00616685
6.02411	10.00	-13.48105	0.0008125416	0.00	0.06581584	1.442206	10.00	0.00615283
6.024895	10.00	-13.41749	0.0007847019	0.00	0.06356082	1.392521	10.00	0.006138229
6.025712	10.00	-13.35124	0.0008178544	0.00	0.06624617	1.342715	10.00	0.006123543
6.026533	10.00	-13.28483	0.0008198642	0.00	0.06640896	1.242294	10.00	0.006093972
6.028185	10.00	-13.15094	0.00165301	0.00	0.1338938	1.192488	10.00	0.006079326
6.029006	10.00	-13.08453	0.0008198642	0.00	0.06640896	1.144409	10.00	0.006065161
6.029797	10.00	-13.02043	0.0007914128	0.00	0.0641044	1.09458	10.00	0.006050535
6.030617	10.00	-12.95399	0.0008202487	0.00	0.06644011	0.9948779	10.00	0.006021217
6.032258	10.00	-12.82105	0.001641179	0.00	0.1329354	0.9462969	10.00	0.006006863
6.032258	10.00	-12.75628	0	0.00	0.06477397	0.8941449	10.00	0.005991434
6.032258	10.00	-12.68674	0	0.00	0.06953597	0.7953107	10.00	0.005962455
6.032258	10.00	-12.55496	0	0.00	0.1317789	0.739023	10.00	0.005945916
6.032258	10.00	-12.47991	0	0.00	0.07505106	0.6459653	10.00	0.005918576
6.032258	10.00	-12.35583	0	0.00	0.1240767	0.5939382	10.00	0.005903167
6.032258	10.00	-12.28647	0	0.00	0.06936893	0.4970367	10.00	0.005874622
6.032258	10.00	-12.15726	0	0.00	0.1292025	0.44167	10.00	0.005858407
6.032258	10.00	-12.08344	0	0.00	0.07382233	0.3491468	10.00	0.005831173
6.032258	10.00	-11.96008	0	0.00	0.1233647	0.3014443	10.00	0.005817113
6.032258	10.00	-11.89647	0	0.00	0.06360329	0.2509322	10.00	0.005802325
6.032258	10.00	-11.82912	0	0.00	0.0673489	0.1528412	10.00	0.005773308
6.032258	10.00	-11.69834	0	0.00	0.130788	0.1028914	10.00	0.005758719
6.032258	10.00	-11.63174	0	0.00	0.06660006	0.05369381	10.00	0.005744244
6.032258	10.00	-11.56614	0	0.00	0.06559642	0.002263283	10.00	0.005729141
6.032258	10.00	-11.49757	0	0.00	0.06857338	-0.09520689	10.00	0.005700392
6.032258	10.00	-11.36761	0	0.00	0.1299613	-0.1444319	10.00	0.005685936
6.032258	10.00	-11.30197	0	0.00	0.06563322	-0.1945985	10.00	0.005671145
6.032258	10.00	-11.23508	0	0.00	0.06688884	-0.25122	10.00	0.005654492
6.032258	10.00	-11.15959	0	0.00	0.07549555	-0.3437149	10.00	0.00562721
6.032258	10.00	-11.03626	0	0.00	0.1233265	-0.3939781	10.00	0.005612467
6.032258	10.00	-10.96924	0	0.00	0.06701766	-0.44113	10.00	0.005598675
6.032258	10.00	-10.90637	0	0.00	0.0628686	-0.4911498	10.00	0.005583862
6.032258	10.00	-10.83968	0	0.00	0.06669349	-0.5936114	10.00	0.00555371
6.032258	10.00	-10.70307	0	0.00	0.1366145	-0.6417578	10.00	0.005539524
6.032258	10.00	-10.63887	0	0.00	0.06419642	-0.6894897	10.00	0.005525543
6.032258	10.00	-10.57523	0	0.00	0.06364151	-0.7393404	10.00	0.005510789
6.032258	10.00	-10.50876	0	0.00	0.06646842	-0.8395236	10.00	0.005481351
6.032258	10.00	-10.37518	0	0.00	0.1335781	-0.8893638	10.00	0.005466685
6.032258	10.00	-10.30873	0	0.00	0.06645285	-0.9370518	10.00	0.005452665
6.032258	10.00	-10.24514	0	0.00	0.06358489	-0.9868627	10.00	0.005438048
6.032258	10.00	-10.17873	0	0.00	0.06641462	-1.036384	10.00	0.005423428
6.032258	10.00	-10.1127	0	0.00	0.06602817	-1.137715	10.00	0.005393621
6.032258	10.00	-9.977593	0	0.00	0.1351083	-1.186432	10.00	0.005379236
6.032258	10.00	-9.912637	0	0.00	0.06495658	-1.234987	10.00	0.005364932
6.032258	10.00	-9.847898	0	0.00	0.06473999	-1.284447	10.00	0.005350386
6.032258	10.00	-9.781951	0	0.00	0.06594606	-1.385377	10.00	0.005320631
6.032258	10.00	-9.647378	0	0.00	0.1345732	-1.432944	10.00	0.005306625
6.032258	10.00	-9.583956	0	0.00	0.06342209	-1.482397	10.00	0.005292031
6.032258	10.00	-9.518018	0	0.00	0.06593757	-1.531958	10.00	0.005277499
6.032258	10.00	-9.451938	0	0.00	0.06608055	-1.633007	10.00	0.005247737
6.032258	10.00	-9.317204	0	0.00	0.1347332	-1.682454	10.00	0.005233113
6.032258	10.00	-9.251275	0	0.00	0.06592908	-1.730635	10.00	0.005218948
6.032258	10.00	-9.187035	0	0.00	0.0642403	-1.779665	10.00	0.005204527
6.032258	10.00	-9.121659	0	0.00	0.06537559	-1.880364	10.00	0.005174852
6.032258	10.00	-8.987393	0	0.00	0.1342661	-1.928024	10.00	0.00516088
6.032258	10.00	-8.923848	0	0.00	0.06354525	-1.978501	10.00	0.005146023
6.032258	10.00	-8.856545	0	0.00	0.06730219	-2.02765	10.00	0.005131592
6.032258	10.00	-8.791013	0	0.00	0.06553272	-2.128639	10.00	0.005101836
6.032258	10.00	-8.656361	0	0.00	0.1346525	-2.178064	10.00	0.005087261
6.032258	10.00	-8.59046	0	0.00	0.06590077	-2.226208	10.00	0.005073116
6.032258	10.00	-8.526269	0	0.00	0.06419075	-2.276643	10.00	0.005058172
6.032258	10.00	-8.459023	0	0.00	0.06724557	-2.376045	10.00	0.00502893
6.032258	10.00	-8.326488	0	0.00	0.1325362	-2.424276	10.00	0.005014837
6.032258	10.00	-8.262179	0	0.00	0.06430824	-2.474146	10.00	0.005000133
6.032258	10.00	-8.195683	0	0.00	0.06649531	-2.523307	10.00	0.004985647
6.032258	10.00	-8.130136	0	0.00	0.06554688	-2.625135	10.00	0.004955675
6.032258	10.00	-7.994368	0	0.00	0.1357694	-2.679467	10.00	0.004939785
6.032258	10.00	-7.921923	0	0.00	0.07244498	-2.77126	10.00	0.004912747
6.032258	10.00	-7.799533	0	0.00	0.1223894	-2.821963	10.00	0.004897821
6.032258	10.00	-7.731928	0	0.00	0.06760512	-2.922906	10.00	0.004868016
6.032258	10.00	-7.597338	0	0.00	0.1345902	-2.977213	10.00	0.004852107
6.032258	10.00	-7.524928	0	0.00	0.07240959	-3.070366	10.00	0.004824673
6.032258	10.00	-7.400724	0	0.00	0.1242041	-3.124861	10.00	0.004808636
6.032258	10.00	-7.328067	0	0.00	0.07265732	-3.21914	10.00	0.004780886
6.032258	10.00	-7.202359	0	0.00	0.1257075	-3.266744	10.00	0.004766827
6.032258	10.00	-7.138886	0	0.00	0.06347305	-3.328621	10.00	0.004748667
6.032258	10.00	-7.056384	0	0.00	0.08250266	-3.419225	10.00	0.004721954
6.032258	10.00	-6.935578	0	0.00	0.1208053	-3.466672	10.00	0.00470798
6.032258	10.00	-6.872317	0	0.00	0.06326072	-3.514353	10.00	0.00469392
6.032258	10.00	-6.808741	0	0.00	0.06357639	-3.565308	10.00	0.004678987
6.032258	10.00	-6.740802	0	0.00	0.0679392	-3.663216	10.00	0.004650147
6.032258	10.00	-6.610258	0	0.00	0.1305445	-3.714449	10.00	0.004635099
6.032258	10.00	-6.541947	0	0.00	0.06831008	-3.763268	10.00	0.004620724
6.032258	10.00	-6.476855	0	0.00	0.06509247	-3.813829	10.00	0.004605878
6.032258	10.00	-6.409441	0	0.00	0.06741402	-3.860772	10.00	0.004592062
6.032258	10.00	-6.34685	0	0.00	0.06259115	-3.910682	10.00	0.004577328
6.032258	10.00	-6.280302	0	0.00	0.06654768	-3.96005	10.00	0.004562783
6.032258	10.00	-6.214479	0	0.00	0.06582291	-4.00974	10.00	0.004548162
6.032258	10.00	-6.148224	0	0.00	0.06625466	-4.059357	10.00	0.004533581
6.032258	10.00	-6.08207	0	0.00	0.06615416	-4.160239	10.00	0.004503903
6.032258	10.00	-5.947559	0	0.00	0.1345109	-4.209232	10.00	0.004489493
6.032258	10.00	-5.882236	0	0.00	0.06532321	-4.259438	10.00	0.0044748
6.032258	10.00	-5.815295	0	0.00	0.06694122	-4.307732	10.00	0.004460716
6.032258	10.00	-5.750902	0	0.00	0.06439318	-4.356693	10.00	0.004446558
6.032258	10.00	-5.685621	0	0.00	0.06528074	-4.405953	10.00	0.004432208
6.032258	10.00	-5.61994	0	0.00	0.06568135	-4.456148	10.00	0.004417594
6.032258	10.00	-5.553015	0	0.00	0.06692423	-4.505451	10.00	0.004403234
6.032258	10.00	-5.487278	0	0.00	0.06573798	-4.555487	10.00	0.004388634
6.032258	10.00	-5.420563	0	0.00	0.06671473	-4.654564	10.00	0.004359925
6.032258	10.00	-5.28846	0	0.00	0.1321031	-4.705629	10.00	0.004345113
6.032258	10.00	-5.220373	0	0.00	0.06808642	-4.753811	10.00	0.004331113
6.032258	10.00	-5.15613	0	0.00	0.06424313	-4.802841	10.00	0.004316838
6.032258	10.00	-5.090759	0	0.00	0.06537134	-4.85217	10.00	0.004302469
6.032258	10.00	-5.024985	0	0.00	0.06577337	-4.90236	10.00	0.004287912
6.032258	10.00	-4.958064	0	0.00	0.0669214	-4.951633	10.00	0.004273591
6.032258	10.00	-4.892368	0	0.00	0.06569551	-5.002321	10.00	0.00425887
6.032258	10.00	-4.824785	0	0.00	0.06758389	-5.100711	10.00	0.004230196
6.032258	10.00	-4.693597	0	0.00	0.1311872	-5.151159	10.00	0.004215505
6.032258	10.00	-4.626332	0	0.00	0.06726538	-5.200656	10.00	0.004201149
6.032258	10.00	-4.560337	0	0.00	0.06599561	-5.25098	10.00	0.00418662
6.03208	10.00	-4.493239	-0.0001786658	0.00	0.06709693	-5.298419	10.00	0.004172772
6.030074	10.00	-4.429987	-0.00200582	0.00	0.06325223	-5.348176	10.00	0.004158297
6.024758	10.00	-4.363645	-0.005315747	0.00	0.06634243	-5.397587	10.00	0.004143985
6.015014	10.00	-4.297762	-0.009744404	0.00	0.06588237	-5.447544	10.00	0.004129405
6.004517	10.00	-4.231154	-0.01049677	0.00	0.06660856	-5.546783	10.00	0.004100583
5.970853	10.00	-4.098835	-0.03366412	0.00	0.1323182	-5.597211	10.00	0.004085903
5.95049	10.00	-4.031596	-0.02036241	0.00	0.0672399	-5.64685	10.00	0.004071448
5.925962	10.00	-3.965412	-0.02452857	0.00	0.06618389	-5.695408	10.00	0.004057357
5.898831	10.00	-3.900666	-0.02713017	0.00	0.06474566	-5.744648	10.00	0.004043027
5.868779	10.00	-3.835015	-0.03005259	0.00	0.06565163	-5.79646	10.00	0.004028004
5.836487	10.00	-3.765933	-0.03229158	0.00	0.06908157	-5.854839	10.00	0.004011083
5.795579	10.00	-3.688093	-0.04090779	0.00	0.07783975	-5.943585	10.00	0.003985282
5.724227	10.00	-3.569765	-0.07135203	0.00	0.1183281	-5.993731	10.00	0.003970667
5.680025	10.00	-3.502903	-0.04420236	0.00	0.06686194	-6.043923	10.00	0.003956071
5.634487	10.00	-3.435981	-0.04553862	0.00	0.06692281	-6.091225	10.00	0.003942273
5.589127	10.00	-3.372911	-0.04535943	0.00	0.06306961	-6.141221	10.00	0.003927839
5.539895	10.00	-3.306251	-0.04923219	0.00	0.06665952	-6.190913	10.00	0.003913364
5.489034	10.00	-3.239992	-0.05086105	0.00	0.06625891	-6.241386	10.00	0.003898713
5.436723	10.00	-3.172693	-0.05231136	0.00	0.06729936	-6.290027	10.00	0.003884504
5.385058	10.00	-3.107841	-0.05166482	0.00	0.06485183	-6.389801	10.00	0.00385561
5.272636	10.00	-2.97481	-0.1124216	0.00	0.1330317	-6.441418	10.00	0.003840594
5.213809	10.00	-2.905987	-0.05882651	0.00	0.06882252	-6.490099	10.00	0.003826366
5.157072	10.00	-2.841079	-0.05673794	0.00	0.06490845	-6.537301	10.00	0.003812719
5.098401	10.00	-2.778142	-0.0586707	0.00	0.06293655	-6.587475	10.00	0.003798152
5.034741	10.00	-2.711243	-0.06365988	0.00	0.06689875	-6.639464	10.00	0.003782973
4.967435	10.00	-2.641924	-0.06730575	0.00	0.06931939	-6.696209	10.00	0.003766581
4.893973	10.00	-2.566264	-0.07346194	0.00	0.07565976	-6.786705	10.00	0.003740283
4.773311	10.00	-2.445602	-0.1206624	0.00	0.1206624	-6.83654	10.00	0.003725763
4.706865	10.00	-2.379156	-0.06644577	0.00	0.06644577	-6.885283	10.00	0.003711544
4.641875	10.00	-2.314166	-0.06499055	0.00	0.06499055	-6.935372	10.00	0.003697061
4.575089	10.00	-2.24738	-0.06678551	0.00	0.06678551	-7.033938	10.00	0.003668381
4.443668	10.00	-2.115959	-0.1314207	0.00	0.1314207	-7.085056	10.00	0.003653608
4.375511	10.00	-2.047802	-0.0681572	0.00	0.0681572	-7.134525	10.00	0.00363912
4.309553	10.00	-1.981843	-0.06595881	0.00	0.06595881	-7.183349	10.00	0.003624939
4.244453	10.00	-1.916744	-0.06509955	0.00	0.06509955	-7.231375	10.00	0.003611028
4.180418	10.00	-1.852709	-0.06403504	0.00	0.06403504	-7.281271	10.00	0.003596478
4.113892	10.00	-1.786182	-0.06652645	0.00	0.06652645	-7.330774	10.00	0.003582141
4.047884	10.00	-1.720175	-0.06600694	0.00	0.06600694	-7.380763	10.00	0.003567591
3.981232	10.00	-1.653523	-0.06665244	0.00	0.06665244	-7.480429	10.00	0.003538556
3.848348	10.00	-1.520638	-0.1328845	0.00	0.1328845	-7.529102	10.00	0.003524503
3.783451	10.00	-1.455741	-0.06489713	0.00	0.06489713	-7.57999	10.00	0.003509659
3.715598	10.00	-1.387888	-0.06785285	0.00	0.06785285	-7.630042	10.00	0.003495147
3.648863	10.00	-1.321154	-0.06673454	0.00	0.06673454	-7.678186	10.00	0.003481176
3.584667	10.00	-1.256957	-0.06419642	0.00	0.06419642	-7.727333	10.00	0.003466881
3.519141	10.00	-1.191432	-0.06552564	0.00	0.06552564	-7.776859	10.00	0.003452446
3.453106	10.00	-1.125396	-0.06603525	0.00	0.06603525	-7.826721	10.00	0.003438014
3.388554	10.00	-1.058914	-0.06455135	0.00	0.06648257	-7.876282	10.00	0.003423838
3.329511	10.00	-0.992832	-0.05904346	0.00	0.06608196	-7.976463	10.00	0.003395582
3.21663	10.00	-0.8592567	-0.112881	0.00	0.1335753	-8.026196	10.00	0.003381544
3.163805	10.00	-0.7929482	-0.05282525	0.00	0.06630845	-8.076123	10.00	0.00336754
3.111415	10.00	-0.726378	-0.05238929	0.00	0.06657033	-8.126049	10.00	0.003353351
3.059028	10.00	-0.6598104	-0.05238706	0.00	0.0665675	-8.173607	10.00	0.00333997
3.010353	10.00	-0.5963982	-0.04867588	0.00	0.06341218	-8.22338	10.00	0.003325923
2.960054	10.00	-0.5300346	-0.05029887	0.00	0.06636366	-8.272834	10.00	0.003311832
2.910717	10.00	-0.4640984	-0.0493364	0.00	0.06593616	-8.32237	10.00	0.003297891
2.861297	10.00	-0.3980505	-0.04942008	0.00	0.06604799	-8.372399	10.00	0.003283731
2.811383	10.00	-0.3313414	-0.04991473	0.00	0.06670906	-8.471488	10.00	0.003255719
2.716363	10.00	-0.1992228	-0.09501923	0.00	0.1321186	-8.521937	10.00	0.003241432
2.669939	10.00	-0.131956	-0.04642403	0.00	0.0672668	-8.572432	10.00	0.003227224
2.626736	10.00	-0.06463395	-0.04320277	0.00	0.06732201	-8.620294	10.00	0.003213692
2.5864	10.00	-0.0008154931	-0.04033648	0.00	0.06381845	-8.669066	10.00	0.003199844
2.547816	10.00	0.06421611	-0.03858447	0.00	0.0650316	-8.719049	10.00	0.003185675
2.512146	10.00	0.1308601	-0.03566927	0.00	0.06664395	-8.76841	10.00	0.003171817
2.47756	10.00	0.1966716	-0.03458653	0.00	0.06581159	-8.818127	10.00	0.003157701
2.443364	10.00	0.2629603	-0.03419537	0.00	0.06628864	-8.867643	10.00	0.003143722
2.409306	10.00	0.3289842	-0.03405882	0.00	0.06602392	-8.91819	10.00	0.003129407
2.374539	10.00	0.3963798	-0.03476642	0.00	0.06739562	-9.016859	10.00	0.003101486
2.309222	10.00	0.5279365	-0.06531656	0.00	0.1315566	-9.066882	10.00	0.003087376
2.279336	10.00	0.594637	-0.0298869	0.00	0.06670057	-9.117011	10.00	0.003073104
2.25327	10.00	0.6614749	-0.02606532	0.00	0.06683788	-9.166277	10.00	0.003059207
2.232742	10.00	0.7271634	-0.02052863	0.00	0.06568843	-9.214217	10.00	0.00304571
2.215241	10.00	0.7910838	-0.01750035	0.00	0.06392038	-9.264729	10.00	0.003031414
2.200063	10.00	0.858434	-0.01517869	0.00	0.06735032	-9.31447	10.00	0.003017298
2.187042	10.00	0.9247552	-0.01302021	0.00	0.06632119	-9.413476	10.00	0.002989383
2.167518	10.00	1.056763	-0.01952482	0.00	0.1320082	-9.463315	10.00	0.00297532
2.158333	10.00	1.123215	-0.00918513	0.00	0.06645143	-9.513725	10.00	0.002961029
2.151645	10.00	1.190429	-0.006687275	0.00	0.06721442	-9.561578	10.00	0.002947576
2.145915	10.00	1.254234	-0.005730187	0.00	0.0638043	-9.611812	10.00	0.002933352
2.143791	10.00	1.32121	-0.002123926	0.00	0.06697661	-9.661096	10.00	0.002919417
2.143791	10.00	1.386924	0	0.00	0.06571391	-9.710639	10.00	0.002905379
2.143791	10.00	1.452976	0	0.00	0.06605224	-9.760118	10.00	0.00289139
2.143791	10.00	1.518952	0	0.00	0.06597579	-9.809521	10.00	0.002877376
2.143791	10.00	1.58482	0	0.00	0.06586821	-9.910217	10.00	0.002848877
2.143791	10.00	1.719085	0	0.00	0.1342646	-9.9587	10.00	0.002835219
2.143791	10.00	1.783727	0	0.00	0.06464232	-10.00922	10.00	0.002820971
2.143791	10.00	1.851082	0	0.00	0.06735457	-10.05828	10.00	0.002807109
2.143791	10.00	1.916499	0	0.00	0.06541664	-10.10715	10.00	0.002793217
2.143791	10.00	1.981659	0	0.00	0.06516042	-10.16029	10.00	0.002778298
2.143791	10.00	2.05251	0	0.00	0.07085104	-10.25598	10.00	0.002751288
2.143791	10.00	2.180102	0	0.00	0.1275916	-10.30546	10.00	0.00273727
2.143791	10.00	2.24607	0	0.00	0.06596871	-10.3604	10.00	0.002721727
2.143791	10.00	2.319331	0	0.00	0.07326035	-10.45476	10.00	0.002694946
2.143791	10.00	2.445133	0	0.00	0.1258023	-10.50344	10.00	0.002681274
2.143791	10.00	2.51004	0	0.00	0.06490704	-10.55304	10.00	0.002667236
2.143791	10.00	2.576187	0	0.00	0.06614708	-10.6021	10.00	0.002653392
2.143791	10.00	2.641597	0	0.00	0.06540956	-10.65222	10.00	0.002639209
2.143791	10.00	2.708421	0	0.00	0.06682373	-10.70144	10.00	0.002625283
2.143791	10.00	2.774047	0	0.00	0.06562614	-10.75166	10.00	0.00261106
2.143791	10.00	2.841006	0	0.00	0.06695962	-10.85068	10.00	0.002583154
2.131933	10.00	2.973037	-0.01185753	0.00	0.1320309	-10.90094	10.00	0.002568922
2.121374	10.00	3.040042	-0.01055924	0.00	0.06700492	-10.94979	10.00	0.002555127
2.109847	10.00	3.105187	-0.01152769	0.00	0.06514485	-10.99888	10.00	0.002541245
2.094463	10.00	3.170633	-0.0153833	0.00	0.06544637	-11.04905	10.00	0.002527042
2.076149	10.00	3.237525	-0.01831384	0.00	0.06689167	-11.09832	10.00	0.002513106
2.053711	10.00	3.303217	-0.02243824	0.00	0.06569268	-11.14763	10.00	0.002499141
2.026796	10.00	3.36897	-0.02691524	0.00	0.06575213	-11.19751	10.00	0.00248504
1.998931	10.00	3.435469	-0.02786511	0.00	0.06649956	-11.29739	10.00	0.002456847
1.936674	10.00	3.568655	-0.06225662	0.00	0.133186	-11.34675	10.00	0.002442834
1.905912	10.00	3.634465	-0.03076239	0.00	0.06581017	-11.3967	10.00	0.002428801
1.87478	10.00	3.701067	-0.03113228	0.00	0.06660148	-11.44562	10.00	0.002414948
1.844292	10.00	3.766289	-0.03048779	0.00	0.06522271	-11.49433	10.00	0.002401129
1.813934	10.00	3.831235	-0.03035809	0.00	0.06494525	-11.54554	10.00	0.002386658
1.780037	10.00	3.899508	-0.033897	0.00	0.06827328	-11.59359	10.00	0.002373131
1.746359	10.00	3.96359	-0.03367744	0.00	0.06408175	-11.64362	10.00	0.002359039
1.710663	10.00	4.030285	-0.03569655	0.00	0.06669491	-11.74349	10.00	0.002330769
1.635521	10.00	4.163451	-0.07514169	0.00	0.1331661	-11.7921	10.00	0.002317028
1.597698	10.00	4.228257	-0.03782342	0.00	0.06480653	-11.84319	10.00	0.002302644
1.55596	10.00	4.296381	-0.04173805	0.00	0.06812322	-11.89348	10.00	0.002288372
1.514225	10.00	4.363438	-0.04173428	0.00	0.0670573	-11.94119	10.00	0.002274958
1.474633	10.00	4.427054	-0.03959255	0.00	0.06361603	-11.99016	10.00	0.002261076
1.434001	10.00	4.492339	-0.04063126	0.00	0.06528499	-12.04022	10.00	0.002246935
1.391168	10.00	4.559085	-0.04283304	0.00	0.06674587	-12.09427	10.00	0.00223169
1.343523	10.00	4.631155	-0.04764531	0.00	0.07206985	-12.18896	10.00	0.00220488
1.257616	10.00	4.757403	-0.08590747	0.00	0.1262482	-12.23912	10.00	0.002190696
1.210808	10.00	4.824287	-0.04680789	0.00	0.06688459	-12.2892	10.00	0.002176624
1.164082	10.00	4.891055	-0.04672566	0.00	0.0667671	-12.33855	10.00	0.00216263
1.118027	10.00	4.956863	-0.04605498	0.00	0.06580876	-12.38661	10.00	0.002149084
1.073188	10.00	5.020935	-0.04483943	0.00	0.06407184	-12.43641	10.00	0.002135022
1.026717	10.00	5.087338	-0.04647106	0.00	0.0664033	-12.48583	10.00	0.002121037
0.9806022	10.00	5.153232	-0.04611442	0.00	0.06589369	-12.53651	10.00	0.002106693
0.9333089	10.00	5.22081	-0.04729331	0.00	0.06757823	-12.58527	10.00	0.002092854
0.8878127	10.00	5.285821	-0.04549624	0.00	0.06501037	-12.68537	10.00	0.002064647
0.7944079	10.00	5.419289	-0.09340476	0.00	0.1334677	-12.73487	10.00	0.002050638
0.7482162	10.00	5.485292	-0.04619169	0.00	0.0660041	-12.78531	10.00	0.002036352
0.7011517	10.00	5.552544	-0.04706447	0.00	0.06725123	-12.83422	10.00	0.002022548
0.6555148	10.00	5.617755	-0.04563692	0.00	0.06521139	-12.88326	10.00	0.002008782
0.6097521	10.00	5.683146	-0.04576274	0.00	0.06539116	-12.93324	10.00	0.001994584
0.5631225	10.00	5.749776	-0.04662957	0.00	0.06662979	-12.98208	10.00	0.001980794
0.51755	10.00	5.814896	-0.04557253	0.00	0.06511937	-13.03137	10.00	0.001966859
0.4715535	10.00	5.880621	-0.04599653	0.00	0.06572524	-13.08139	10.00	0.001952728
0.4248813	10.00	5.947311	-0.04667217	0.00	0.06669066	-13.18043	10.00	0.001924793
0.3324672	10.00	6.079363	-0.0924141	0.00	0.1320521	-13.23081	10.00	0.001910512
0.2854542	10.00	6.146541	-0.04701295	0.00	0.06717762	-13.28053	10.00	0.001896464
0.2390565	10.00	6.21284	-0.04639775	0.00	0.06629854	-13.33084	10.00	0.001882261
0.1921188	10.00	6.27991	-0.04693766	0.00	0.06707004	-13.37858	10.00	0.001868856
0.1475726	10.00	6.343563	-0.0445462	0.00	0.06365284	-13.42774	10.00	0.00185492
0.101696	10.00	6.409116	-0.04587666	0.00	0.06555396	-13.47712	10.00	0.001840994
0.05561622	10.00	6.474961	-0.04607975	0.00	0.06584415	-13.52809	10.00	0.001826431
0.008062364	10.00	6.542911	-0.04755386	0.00	0.06795052	-13.57685	10.00	0.001812748
-0.03744478	10.00	6.607937	-0.04550714	0.00	0.06502594	-13.62704	10.00	0.001798525
-0.08427247	10.00	6.67485	-0.0468277	0.00	0.0669129	-13.67936	10.00	0.001783791
-0.1330934	10.00	6.744611	-0.04882091	0.00	0.06976105	-13.7775	10.00	0.001756027
-0.2246674	10.00	6.875463	-0.09157401	0.00	0.1308517	-13.82678	10.00	0.001742091
-0.2706501	10.00	6.941168	-0.04598266	0.00	0.06570542	-13.87663	10.00	0.001727999
-0.3171647	10.00	7.007634	-0.04651465	0.00	0.06646559	-13.92561	10.00	0.001714156
-0.362872	10.00	7.072946	-0.04570726	0.00	0.06531189	-14.02383	10.00	0.001686426
-0.4545213	10.00	7.203905	-0.09164931	0.00	0.1309593	-14.07437	10.00	0.001672101
-0.5016769	10.00	7.271286	-0.04715561	0.00	0.06738146	-14.1255	10.00	0.001657678
-0.5493873	10.00	7.33946	-0.04771038	0.00	0.06817418	-14.17099	10.00	0.001644863
-0.5918402	10.00	7.400122	-0.04245293	0.00	0.06066172	-14.22095	10.00	0.001630693
-0.6384579	10.00	7.466735	-0.04661768	0.00	0.0666128	-14.27045	10.00	0.001616753
-0.6846436	10.00	7.532731	-0.04618575	0.00	0.06599561	-14.32043	10.00	0.001602671
-0.7312751	10.00	7.599363	-0.04663154	0.00	0.06663262	-14.42005	10.00	0.001574571
-0.8242381	10.00	7.7322	-0.09296293	0.00	0.1328363	-14.47121	10.00	0.001560012
-0.8719762	10.00	7.800414	-0.04773812	0.00	0.06821382	-14.51892	10.00	0.001546539
-0.9164907	10.00	7.864021	-0.0445145	0.00	0.06360754	-14.56787	10.00	0.001532715
-0.9621722	10.00	7.929296	-0.0456815	0.00	0.06527508	-14.6172	10.00	0.001518838
-1.008201	10.00	7.995068	-0.04602922	0.00	0.06577195	-14.6673	10.00	0.00150461
-1.054952	10.00	8.061871	-0.04675043	0.00	0.06680249	-14.71671	10.00	0.001490635
-1.101055	10.00	8.127748	-0.04610353	0.00	0.06587812	-14.81639	10.00	0.001462496
-1.194061	10.00	8.260646	-0.09300552	0.00	0.1328972	-14.86606	10.00	0.001448448
-1.240415	10.00	8.326882	-0.04635416	0.00	0.06623626	-14.91654	10.00	0.00143423
-1.287517	10.00	8.394187	-0.04710211	0.00	0.06730502	-14.96485	10.00	0.001420504
-1.332593	10.00	8.458597	-0.0450762	0.00	0.06441016	-15.01416	10.00	0.001406646
-1.378605	10.00	8.524343	-0.04601139	0.00	0.06574647	-15.06371	10.00	0.00139254
-1.424841	10.00	8.590411	-0.04623627	0.00	0.06606781	-15.1145	10.00	0.001378298
-1.472239	10.00	8.65814	-0.04739832	0.00	0.06772828	-15.21342	10.00	0.001350266
-1.564539	10.00	8.790028	-0.09229918	0.00	0.1318879	-15.2652	10.00	0.001335697
-1.612852	10.00	8.859064	-0.0483137	0.00	0.06903628	-15.31158	10.00	0.001322545
-1.656132	10.00	8.920908	-0.04328013	0.00	0.06184373	-15.41122	10.00	0.001294435
-1.749099	10.00	9.05375	-0.09296688	0.00	0.132842	-15.46044	10.00	0.00128049
-1.795034	10.00	9.119388	-0.04593511	0.00	0.06563747	-15.51175	10.00	0.001265999
-1.839595	10.00	9.187794	-0.04456099	0.00	0.06840634	-15.5605	10.00	0.00125218
-1.878792	10.00	9.252797	-0.03919709	0.00	0.06500329	-15.61024	10.00	0.001238142
-1.914287	10.00	9.319114	-0.03549426	0.00	0.06631695	-15.65809	10.00	0.00122463
-1.94535	10.00	9.382924	-0.03106314	0.00	0.06380996	-15.70793	10.00	0.001210519
-1.962901	10.00	9.449378	-0.01755062	0.00	0.06645426	-15.75757	10.00	0.00119653
-1.973329	10.00	9.515553	-0.01042851	0.00	0.06617539	-15.80727	10.00	0.001182414
-1.973329	10.00	9.581826	0	0.00	0.06627306	-15.85683	10.00	0.001168406
-1.973329	10.00	9.647907	0	0.00	0.06608055	-15.95642	10.00	0.001140276
-1.973329	10.00	9.780694	0	0.00	0.1327868	-16.00702	10.00	0.001125902
-1.973329	10.00	9.848165	0	0.00	0.06747064	-16.05579	10.00	0.001112171
-1.973329	10.00	9.913179	0	0.00	0.06501462	-16.10545	10.00	0.001098162
-1.973329	10.00	9.979391	0	0.00	0.06621219	-16.15394	10.00	0.001084417
-1.973329	10.00	10.04405	0	0.00	0.06465506	-16.20385	10.00	0.001070354
-1.973329	10.00	10.1106	0	0.00	0.06655335	-16.2541	10.00	0.001056219
-1.973329	10.00	10.1776	0	0.00	0.06700067	-16.30288	10.00	0.001042351
-1.973329	10.00	10.24264	0	0.00	0.06504151	-16.40257	10.00	0.001014203
-1.973329	10.00	10.37556	0	0.00	0.1329156	-16.45271	10.00	0.001000058
-1.973329	10.00	10.4424	0	0.00	0.06684496	-16.50311	10.00	0.0009858443
-1.973329	10.00	10.50961	0	0.00	0.06720876	-16.55091	10.00	0.000972303
-1.973329	10.00	10.57334	0	0.00	0.06372644	-16.60021	10.00	0.0009583381
-1.973329	10.00	10.63908	0	0.00	0.06574364	-16.64957	10.00	0.0009444414
-1.973329	10.00	10.70489	0	0.00	0.06581159	-16.69957	10.00	0.0009303401
-1.973329	10.00	10.77155	0	0.00	0.06666235	-16.7493	10.00	0.0009161854
-1.973329	10.00	10.83786	0	0.00	0.06630279	-16.84867	10.00	0.0008881971
-1.973329	10.00	10.97036	0	0.00	0.1325008	-16.89898	10.00	0.0008739547
-1.973329	10.00	11.03745	0	0.00	0.06708702	-16.94933	10.00	0.000859761
-1.973329	10.00	11.10457	0	0.00	0.067121	-16.9973	10.00	0.0008462051
-1.973329	10.00	11.16854	0	0.00	0.06397134	-17.04692	10.00	0.0008321574
-1.973329	10.00	11.2347	0	0.00	0.06616124	-17.09555	10.00	0.0008184846
-1.973329	10.00	11.29953	0	0.00	0.06483484	-17.1467	10.00	0.0008040231
-1.973329	10.00	11.36773	0	0.00	0.06819542	-17.19565	10.00	0.0007902188
-1.973329	10.00	11.433	0	0.00	0.06527083	-17.25052	10.00	0.0007746763
-1.973329	10.00	11.50615	0	0.00	0.07315277	-17.34533	10.00	0.0007478178
-1.973329	10.00	11.63256	0	0.00	0.1264096	-17.39607	10.00	0.0007334781
-1.973329	10.00	11.70022	0	0.00	0.06765608	-17.49554	10.00	0.0007053388
-1.973329	10.00	11.83285	0	0.00	0.1326311	-17.54342	10.00	0.0006918462
-1.973329	10.00	11.89669	0	0.00	0.06383544	-17.5982	10.00	0.0006762892
-1.973329	10.00	11.96973	0	0.00	0.07304094	-17.69243	10.00	0.0006497033
-1.973329	10.00	12.09537	0	0.00	0.1256409	-17.74069	10.00	0.0006361133
-1.973329	10.00	12.15972	0	0.00	0.06435354	-17.79162	10.00	0.0006216762
-1.973329	10.00	12.22762	0	0.00	0.06789673	-17.84042	10.00	0.0006078476
-1.973329	10.00	12.29268	0	0.00	0.06506416	-17.89039	10.00	0.0005938339
-1.973329	10.00	12.35932	0	0.00	0.06663828	-17.93896	10.00	0.0005800444
-1.973329	10.00	12.42408	0	0.00	0.06475557	-17.98815	10.00	0.0005661768
-1.973329	10.00	12.48966	0	0.00	0.06558509	-18.03838	10.00	0.0005519734
-1.973329	10.00	12.55664	0	0.00	0.06697802	-18.08871	10.00	0.0005377991
-1.973329	10.00	12.62375	0	0.00	0.06711109	-18.13687	10.00	0.0005240972
-1.973329	10.00	12.68795	0	0.00	0.06419783	-18.23639	10.00	0.0004960067
-1.973329	10.00	12.82066	0	0.00	0.1327089	-18.28748	10.00	0.000481623
-1.973329	10.00	12.88877	0	0.00	0.0681119	-18.33906	10.00	0.0004669716
-1.973329	10.00	12.95754	0	0.00	0.06877297	-18.39219	10.00	0.0004520231
-1.973329	10.00	13.02838	0	0.00	0.07084255	-18.48439	10.00	0.0004259923
-1.973329	10.00	13.15132	0	0.00	0.1229372	-18.53441	10.00	0.0004118034
-1.973329	10.00	13.21801	0	0.00	0.06668925	-18.58458	10.00	0.0003976584
-1.973329	10.00	13.2849	0	0.00	0.06689167	-18.63211	10.00	0.0003842193
-1.973329	10.00	13.34828	0	0.00	0.06337679	-18.68259	10.00	0.0003699915
-1.971846	10.00	13.41558	0.001482478	0.00	0.06729794	-18.7317	10.00	0.000356051
-1.968502	10.00	13.48105	0.003344265	0.00	0.06547468	-18.78152	10.00	0.0003419789
-1.963822	10.00	13.54749	0.00468024	0.00	0.06644011	-18.88067	10.00	0.0003140102
-1.95323	10.00	13.67968	0.01059191	0.00	0.1321908	-18.93175	10.00	0.0002996168
-1.947772	10.00	13.7478	0.005457867	0.00	0.06811614	-18.9798	10.00	0.0002860317
-1.942639	10.00	13.81186	0.00513302	0.00	0.06406193	-19.02853	10.00	0.0002723539
-1.936754	10.00	13.87739	0.005885032	0.00	0.06552847	-19.07732	10.00	0.0002587393
-1.930784	10.00	13.94386	0.005969702	0.00	0.06647125	-19.12551	10.00	0.0002452609
-1.92352	10.00	14.0104	0.00726485	0.00	0.06654344	-19.17257	10.00	0.0002322836
-1.916271	10.00	14.0768	0.007248623	0.00	0.06639481	-19.21782	10.00	0.0002195985
-1.90849	10.00	14.14226	0.007781143	0.00	0.06546619	-19.3067	10.00	0.0001949389
-1.888927	10.00	14.27453	0.01956251	0.00	0.132263	-19.35002	10.00	0.0001828477
-1.878819	10.00	14.34287	0.01010871	0.00	0.06834547	-19.39058	10.00	0.0001715308
-1.869047	10.00	14.40894	0.009771831	0.00	0.06606781	-19.42996	10.00	0.0001605839
-1.858612	10.00	14.47516	0.01043476	0.00	0.06621502	-19.46652	10.00	0.0001503139
-1.847982	10.00	14.53871	0.01063004	0.00	0.0635495	-19.50318	10.00	0.0001401267
-1.836974	10.00	14.60452	0.01100843	0.00	0.06581159	-19.53883	10.00	0.0001302169
-1.82588	10.00	14.67084	0.0110932	0.00	0.06631836	-19.5733	10.00	0.000120687
-1.814758	10.00	14.73733	0.0111228	0.00	0.06649531	-19.63917	10.00	0.0001021386
-1.790116	10.00	14.86936	0.02464193	0.00	0.1320309	-19.67079	10.00	9.341206E-05
-1.776629	10.00	14.93806	0.01348654	0.00	0.06869654	-19.69933	10.00	8.534305E-05
-1.763892	10.00	15.00294	0.0127373	0.00	0.06488014	-19.72754	10.00	7.741521E-05
-1.749431	10.00	15.06998	0.01446059	0.00	0.06704456	-19.75315	10.00	7.023725E-05
-1.735033	10.00	15.13387	0.01439803	0.00	0.0638864	-19.77811	10.00	6.332215E-05
-1.720303	10.00	15.19923	0.01472981	0.00	0.0653586	-19.80206	10.00	5.658728E-05
-1.706051	10.00	15.26531	0.01425206	0.00	0.06607772	-19.82521	10.00	5.009098E-05
-1.691484	10.00	15.33285	0.01456776	0.00	0.06754142	-19.84616	10.00	4.423258E-05
-1.676211	10.00	15.39782	0.01527283	0.00	0.06497639	-19.88684	10.00	3.271059E-05
-1.64074	10.00	15.53213	0.03547097	0.00	0.1343085	-19.90365	10.00	2.799162E-05
-1.623813	10.00	15.59622	0.01692665	0.00	0.06409166	-19.92016	10.00	2.326293E-05
-1.605827	10.00	15.66433	0.01798653	0.00	0.06810482	-19.93445	10.00	1.921106E-05
-1.588746	10.00	15.729	0.01708068	0.00	0.06467488	-19.94766	10.00	1.54708E-05
-1.571365	10.00	15.79482	0.01738089	0.00	0.06581159	-19.95936	10.00	1.207146E-05
-1.554179	10.00	15.85989	0.01718573	0.00	0.06507266	-19.96996	10.00	8.978851E-06
-1.535872	10.00	15.92675	0.01830725	0.00	0.0668676	-19.97895	10.00	6.412068E-06
-1.517828	10.00	15.99266	0.01804371	0.00	0.06590501	-19.98653	10.00	4.195855E-06
-1.499399	10.00	16.05997	0.01842972	0.00	0.06731493	-19.99196	10.00	2.364384E-06
-1.481394	10.00	16.12574	0.01800496	0.00	0.06576346	-19.99899	10.00	5.071758E-07
-1.445004	10.00	16.25865	0.03638934	0.00	0.1329128	-19.99995	10.00	-1.946274E-08
-1.42547	10.00	16.33	0.01953427	0.00	0.07134932	-20	10.00	0
-1.393125	10.00	16.45713	0.03234525	0.00	0.1271344	-20	10.00	0
-1.37529	10.00	16.52466	0.01783437	0.00	0.06752868	-20	10.00	0
-1.357265	10.00	16.59292	0.01802579	0.00	0.06825346	-20	10.00	0
-1.323363	10.00	16.72128	0.03390153	0.00	0.1283659	-20	10.00	0
-1.305484	10.00	16.78898	0.01787923	0.00	0.06769855	-20	10.00	0
-1.288987	10.00	16.85145	0.01649709	0.00	0.06246516	-20	10.00	0
-1.27155	10.00	16.91747	0.01743696	0.00	0.06602392	-20	10.00	0
-1.254059	10.00	16.9837	0.0174908	0.00	0.06622776	-20	10.00	0
-1.236186	10.00	17.05137	0.01787288	0.00	0.06767449	-20	10.00	0
-1.219071	10.00	17.11618	0.0171147	0.00	0.0648037	-20	10.00	0
-1.201417	10.00	17.18302	0.01765417	0.00	0.06684637	-20	10.00	0
-1.16631	10.00	17.31595	0.03510684	0.00	0.1329298	-20	10.00	0
-1.149189	10.00	17.38078	0.01712106	0.00	0.06482776	-20	10.00	0
-1.131316	10.00	17.44846	0.01787325	0.00	0.0676759	-20	10.00	0
-1.113559	10.00	17.51569	0.01775661	0.00	0.06723424	-20	10.00	0
-1.097044	10.00	17.57823	0.01651541	0.00	0.06253453	-20	10.00	0
-1.079487	10.00	17.6447	0.01755697	0.00	0.06647833	-20	10.00	0
-1.06197	10.00	17.71103	0.01751734	0.00	0.06632827	-20	10.00	0
-1.044446	10.00	17.77738	0.01752332	0.00	0.06635092	-20	10.00	0
-1.009189	10.00	17.91088	0.03525713	0.00	0.1334988	-20	10.00	0
-0.9919471	10.00	17.97617	0.01724219	0.00	0.06528641	-20	10.00	0
-0.9743419	10.00	18.04283	0.0176052	0.00	0.06666093	-20	10.00	0
-0.9566863	10.00	18.10968	0.01765567	0.00	0.06685203	-20	10.00	0
-0.939887	10.00	18.17329	0.01679917	0.00	0.06360895	-20	10.00	0
-0.9221645	10.00	18.24039	0.01772259	0.00	0.06710543	-20	10.00	0
-0.9047866	10.00	18.3062	0.0173779	0.00	0.06580026	-20	10.00	0
-0.8873474	10.00	18.37223	0.01743921	0.00	0.06603242	-20	10.00	0
-0.852426	10.00	18.50446	0.03492141	0.00	0.1322276	-20	10.00	0
-0.8347822	10.00	18.57126	0.01764371	0.00	0.06680674	-20	10.00	0
-0.8169464	10.00	18.6388	0.01783587	0.00	0.06753434	-20	10.00	0
-0.799484	10.00	18.70492	0.01746239	0.00	0.06612018	-20	10.00	0
-0.782536	10.00	18.76909	0.01694796	0.00	0.06417235	-20	10.00	0
-0.7652333	10.00	18.8346	0.01730275	0.00	0.06551573	-20	10.00	0
-0.7479376	10.00	18.90009	0.01729565	0.00	0.06548884	-20	10.00	0
-0.7303642	10.00	18.96663	0.01757342	0.00	0.06654061	-20	10.00	0
-0.7128061	10.00	19.03312	0.01755809	0.00	0.06648257	-20	10.00	0
-0.6953565	10.00	19.09919	0.01744968	0.00	0.06607205	-20	10.00	0
-0.6604119	10.00	19.2315	0.03494459	0.00	0.1323154	-20	10.00	0
-0.6427752	10.00	19.29828	0.0176366	0.00	0.06677984	-20	10.00	0
-0.6251001	10.00	19.36521	0.01767511	0.00	0.06692564	-20	10.00	0
-0.6074456	10.00	19.43206	0.01765455	0.00	0.06684779	-20	10.00	0
-0.5899459	10.00	19.49832	0.01749977	0.00	0.06626174	-20	10.00	0
-0.5733029	10.00	19.56134	0.0166429	0.00	0.06301724	-20	10.00	0
-0.5559161	10.00	19.62717	0.01738687	0.00	0.06583424	-20	10.00	0
-0.5380245	10.00	19.69492	0.01789157	0.00	0.06774527	-20	10.00	0
-0.5209045	10.00	19.75974	0.01711994	0.00	0.06482352	-20	10.00	0
-0.4854228	10.00	19.89409	0.03548181	0.00	0.1343496	-20	10.00	0
-0.4681701	10.00	19.95942	0.01725265	0.00	0.06532604	-20	10.00	0
-0.4504961	10.00	20.02634	0.01767399	0.00	0.0669214	-20	10.00	0
-0.432412	10.00	20.09481	0.01808411	0.00	0.06847429	-20	10.00	0
-0.416236	10.00	20.15606	0.01617595	0.00	0.06124918	-20	10.00	0
-0.3988361	10.00	20.22194	0.01739995	0.00	0.06588379	-20	10.00	0
-0.3808997	10.00	20.28986	0.01793643	0.00	0.06791513	-20	10.00	0
-0.3638156	10.00	20.35455	0.01708405	0.00	0.06468762	-20	10.00	0
-0.3462336	10.00	20.42112	0.01758202	0.00	0.06657317	-20	10.00	0
-0.3109066	10.00	20.55488	0.03532704	0.00	0.1337635	-20	10.00	0
-0.2940292	10.00	20.61879	0.0168773	0.00	0.06390481	-20	10.00	0
-0.2760244	10.00	20.68696	0.01800485	0.00	0.06817418	-20	10.00	0
-0.25823	10.00	20.75434	0.01779437	0.00	0.06737722	-20	10.00	0
-0.2400121	10.00	20.82332	0.01821795	0.00	0.06898107	-20	10.00	0
-0.2072401	10.00	20.95213	0.03277203	0.00	0.1288118	-20	10.00	0
-0.1904554	10.00	21.0181	0.0167847	0.00	0.06597296	-20	10.00	0
-0.1728049	10.00	21.08748	0.01765049	0.00	0.06937601	-20	10.00	0
-0.1404863	10.00	21.21451	0.0323186	0.00	0.1270296	-20	10.00	0
-0.1231671	10.00	21.28259	0.01731916	0.00	0.06807368	-20	10.00	0
-0.1035311	10.00	21.35976	0.01963599	0.00	0.07718009	-20	10.00	0
-0.07265958	10.00	21.48111	0.03087153	0.00	0.1213418	-20	10.00	0
-0.05662291	10.00	21.54414	0.01603667	0.00	0.06303281	-20	10.00	0
-0.03890742	10.00	21.61122	0.01771549	0.00	0.06707853	-20	10.00	0
-0.02193364	10.00	21.67793	0.01697378	0.00	0.06671614	-20	10.00	0
-0.004973553	10.00	21.7446	0.01696009	0.00	0.06666235	-20	10.00	0
0.01194787	10.00	21.80867	0.01692142	0.00	0.06407184	-20	10.00	0
0.02997569	10.00	21.87452	0.01802782	0.00	0.06584698	-20	10.00	0
0.04496679	10.00	21.94103	0.0149911	0.00	0.06651796	-20	10.00	0
0.05679382	10.00	22.00787	0.01182703	0.00	0.06683646	-20	10.00	0
0.07369705	10.00	22.13937	0.01690324	0.00	0.1315014	-20	10.00	0
0.08111243	10.00	22.20729	0.007415377	0.00	0.06792221	-20	10.00	0
0.08638054	10.00	22.27304	0.005268109	0.00	0.06574789	-20	10.00	0
0.09049064	10.00	22.34069	0.004110103	0.00	0.06764476	-20	10.00	0
0.09049064	10.00	22.40501	0	0.00	0.06432664	-20	10.00	0
0.09049064	10.00	22.46946	0	0.00	0.06444697	-20	10.00	0
0.09049064	10.00	22.53584	0	0.00	0.06637782	-20	10.00	0
0.09049064	10.00	22.60175	0	0.00	0.06591209	-20	10.00	0
0.09049064	10.00	22.66801	0	0.00	0.06626315	-20	10.00	0
0.09049064	10.00	22.80078	0	0.00	0.1327698	-20	10.00	0
0.09049064	10.00	22.86764	0	0.00	0.06685486	-20	10.00	0
0.09049064	10.00	22.93534	0	0.00	0.0677028	-20	10.00	0
0.09049064	10.00	22.99945	0	0.00	0.06410723	-20	10.00	0
0.09049064	10.00	23.06465	0	0.00	0.06520006	-20	10.00	0
0.09049064	10.00	23.12973	0	0.00	0.06508398	-20	10.00	0
0.09049064	10.00	23.1969	0	0.00	0.06717054	-20	10.00	0
0.09049064	10.00	23.2626	0	0.00	0.06569834	-20	10.00	0
0.09049064	10.00	23.32998	0	0.00	0.06737722	-20	10.00	0
0.09049064	10.00	23.46117	0	0.00	0.1311914	-20	10.00	0
0.09049064	10.00	23.52746	0	0.00	0.06628864	-20	10.00	0
0.09049064	10.00	23.59466	0	0.00	0.06720027	-20	10.00	0
0.09049064	10.00	23.66132	0	0.00	0.06666518	-20	10.00	0
0.09049064	10.00	23.72542	0	0.00	0.06409308	-20	10.00	0
0.09049064	10.00	23.79129	0	0.00	0.06587671	-20	10.00	0
0.09049064	10.00	23.85693	0	0.00	0.06563605	-20	10.00	0
0.09049064	10.00	23.92376	0	0.00	0.06682798	-20	10.00	0
0.09049064	10.00	23.98948	0	0.00	0.06571816	-20	10.00	0
0.09049064	10.00	24.05685	0	0.00	0.06737155	-20	10.00	0
0.09049064	10.00	24.18824	0	0.00	0.131391	-20	10.00	0
0.09049064	10.00	24.25751	0	0.00	0.06926984	-20	10.00	0
0.09049064	10.00	24.32145	0	0.00	0.06393878	-20	10.00	0
0.09049064	10.00	24.3871	0	0.00	0.06565163	-20	10.00	0
0.09049064	10.00	24.45177	0	0.00	0.0646678	-20	10.00	0
0.09049064	10.00	24.51904	0	0.00	0.06727529	-20	10.00	0
0.09049064	10.00	24.58534	0	0.00	0.06629854	-20	10.00	0
0.09049064	10.00	24.65106	0	0.00	0.06572524	-20	10.00	0
0.09049064	10.00	24.71684	0	0.00	0.0657762	-20	10.00	0
0.09049064	10.00	24.85396	0	0.00	0.1371184	-20	10.00	0
0.09049064	10.00	24.91466	0	0.00	0.06070136	-20	10.00	0
0.09049064	10.00	24.98354	0	0.00	0.06888056	-20	10.00	0
0.09049064	10.00	25.04938	0	0.00	0.06584132	-20	10.00	0
0.09049064	10.00	25.11375	0	0.00	0.06437053	-20	10.00	0
0.09049064	10.00	25.17897	0	0.00	0.06522129	-20	10.00	0
0.09049064	10.00	25.24565	0	0.00	0.06667509	-20	10.00	0
0.09049064	10.00	25.31152	0	0.00	0.06586821	-20	10.00	0
0.09049064	10.00	25.37884	0	0.00	0.06732342	-20	10.00	0
0.09049064	10.00	25.5107	0	0.00	0.1318596	-20	10.00	0
0.09049064	10.00	25.59361	0	0.00	0.08290468	-20	10.00	0
0.09049064	10.00	25.70777	0	0.00	0.1141606	-20	10.00	0
0.09049064	10.00	25.79539	0	0.00	0.08762705	-20	10.00	0
0.09049064	10.00	25.90736	0	0.00	0.1119707	-20	10.00	0
0.09049064	10.00	25.97788	0	0.00	0.07051555	-20	10.00	0
0.09049064	10.00	26.03919	0	0.00	0.06130864	-20	10.00	0
0.09049064	10.00	26.1056	0	0.00	0.06641462	-20	10.00	0
0.09049064	10.00	26.1707	0	0.00	0.06509955	-20	10.00	0
0.09049064	10.00	26.23721	0	0.00	0.06650805	-20	10.00	0
0.09049064	10.00	26.36922	0	0.00	0.1320096	-20	10.00	0
0.09049064	10.00	26.43642	0	0.00	0.06720168	-20	10.00	0
0.09049064	10.00	26.50278	0	0.00	0.06636083	-20	10.00	0
23.0831
