0.01199283	10.00	-49.93574	0.01199283	0.00	0.06425729	-40	10.00	0
0.06704393	10.00	-49.64573	0.05505111	0.00	0.2900161	-39.99647	10.00	-0.002058185
0.07771561	10.00	-49.5944	0.01067167	0.00	0.05132564	-39.99004	10.00	-0.004488079
0.0867367	10.00	-49.55338	0.0090211	0.00	0.041025	-39.98235	10.00	-0.007042846
0.09219468	10.00	-49.53341	0.005457981	0.00	0.01996862	-39.97283	10.00	-0.008852151
0.09632009	10.00	-49.52008	0.004125413	0.00	0.01332952	-39.96226	10.00	-0.01078182
0.09768879	10.00	-49.52008	0.00136869	0.00	0	-39.94914	10.00	-0.01269484
0.09768879	10.00	-49.52008	0.0001769658	0.00	0	-39.93381	10.00	-0.01437776
0.09768879	10.00	-49.52008	0	0.00	0	-39.91675	10.00	-0.01589541
0.09768879	10.00	-49.52008	0	0.00	0	-39.89759	10.00	-0.01731904
0.09768879	10.00	-49.52008	0	0.00	0	-39.85418	10.00	-0.01997415
0.09768879	10.00	-49.52008	0	0.00	0	-39.82873	10.00	-0.02118205
0.09768879	10.00	-49.52008	0	0.00	0	-39.7967	10.00	-0.02262459
0.09768879	10.00	-49.52008	0	0.00	0	-39.73965	10.00	-0.02506192
0.09768879	10.00	-49.52008	0	0.00	0	-39.70117	10.00	-0.02637482
0.09768879	10.00	-49.52008	0	0.00	0	-39.63316	10.00	-0.0282496
0.09768879	10.00	-49.52008	0	0.00	0	-39.59335	10.00	-0.02895021
0.09768879	10.00	-49.52008	0	0.00	0	-39.55081	10.00	-0.02942629
0.09768879	10.00	-49.52008	0	0.00	0	-39.50607	10.00	-0.02980262
0.09768879	10.00	-49.52008	0	0.00	0	-39.45993	10.00	-0.03012348
0.09768879	10.00	-49.52008	0	0.00	0	-39.3638	10.00	-0.03060094
0.09768879	10.00	-49.52008	0	0.00	0	-39.31352	10.00	-0.03059751
0.09768879	10.00	-49.52008	0	0.00	0	-39.26428	10.00	-0.03058608
0.09768879	10.00	-49.52008	0	0.00	0	-39.21608	10.00	-0.03057492
0.09768879	10.00	-49.52008	0	0.00	0	-39.16509	10.00	-0.03056306
0.09768879	10.00	-49.52008	0	0.00	0	-39.11654	10.00	-0.03055174
0.09768879	10.00	-49.52008	0	0.00	0	-39.06628	10.00	-0.03054013
0.09768879	10.00	-49.52008	0	0.00	0	-39.01696	10.00	-0.03052866
0.09768879	10.00	-49.52008	0	0.00	0	-38.91775	10.00	-0.03050569
0.09768879	10.00	-49.52008	0	0.00	0	-38.86752	10.00	-0.03049398
0.09768879	10.00	-49.52008	0	0.00	0	-38.81673	10.00	-0.03048221
0.09768879	10.00	-49.52008	0	0.00	0	-38.7682	10.00	-0.03047093
0.09768879	10.00	-49.52008	0	0.00	0	-38.71727	10.00	-0.03045913
0.09768879	10.00	-49.52008	0	0.00	0	-38.67075	10.00	-0.03043519
0.09768879	10.00	-49.52008	0	0.00	0.0001651374	-38.62109	10.00	-0.03040982
0.09768879	10.00	-49.4981	0	0.00	0.0219802	-38.57071	10.00	-0.03038392
0.09768879	10.00	-49.44199	0	0.00	0.05610775	-38.52171	10.00	-0.03035884
0.09768879	10.00	-49.37919	0	0.00	0.06280131	-38.47221	10.00	-0.03033345
0.09768879	10.00	-49.31446	0	0.00	0.06472866	-38.37249	10.00	-0.03028228
0.09768879	10.00	-49.18151	0	0.00	0.1329496	-38.32289	10.00	-0.03025688
0.09768879	10.00	-49.11538	0	0.00	0.06613576	-38.27281	10.00	-0.03023122
0.09768879	10.00	-49.0486	0	0.00	0.06677984	-38.22472	10.00	-0.03020663
0.09768879	10.00	-48.98447	0	0.00	0.0641228	-38.17509	10.00	-0.03018114
0.09768879	10.00	-48.9183	0	0.00	0.06617681	-38.12525	10.00	-0.03015565
0.09768879	10.00	-48.85185	0	0.00	0.06644435	-38.07537	10.00	-0.03013005
0.09768879	10.00	-48.78534	0	0.00	0.06651372	-38.02554	10.00	-0.03010456
0.09768879	10.00	-48.71891	0	0.00	0.06643161	-37.92537	10.00	-0.03005323
0.09768879	10.00	-48.58534	0	0.00	0.1335668	-37.87682	10.00	-0.03002841
0.09768879	10.00	-48.52061	0	0.00	0.0647315	-37.82616	10.00	-0.03000252
0.09768879	10.00	-48.45306	0	0.00	0.06754708	-37.77761	10.00	-0.02997752
0.09768879	10.00	-48.38832	0	0.00	0.06473433	-37.72482	10.00	-0.02995048
0.09768879	10.00	-48.31794	0	0.00	0.07038815	-37.67281	10.00	-0.02992379
0.09768879	10.00	-48.2486	0	0.00	0.06933496	-37.57723	10.00	-0.02987476
0.09768879	10.00	-48.12115	0	0.00	0.1274486	-37.52975	10.00	-0.02985043
0.09768879	10.00	-48.05785	0	0.00	0.06330885	-37.48104	10.00	-0.02982547
0.09768879	10.00	-47.99289	0	0.00	0.06495091	-37.43148	10.00	-0.02980004
0.09768879	10.00	-47.92683	0	0.00	0.06606498	-37.3814	10.00	-0.02977432
0.09768879	10.00	-47.86004	0	0.00	0.06679117	-37.33224	10.00	-0.02974914
0.09768879	10.00	-47.79452	0	0.00	0.0655214	-37.28168	10.00	-0.02972328
0.09768879	10.00	-47.72709	0	0.00	0.06742818	-37.23249	10.00	-0.02969809
0.09768879	10.00	-47.66151	0	0.00	0.06558368	-37.18283	10.00	-0.02967266
0.09768879	10.00	-47.59529	0	0.00	0.06621927	-37.0841	10.00	-0.02962198
0.09768879	10.00	-47.46365	0	0.00	0.1316303	-37.03339	10.00	-0.02959596
0.09768879	10.00	-47.39603	0	0.00	0.06762777	-36.98391	10.00	-0.02957063
0.09768879	10.00	-47.33006	0	0.00	0.0659673	-36.93447	10.00	-0.02954532
0.09768879	10.00	-47.26415	0	0.00	0.06590643	-36.88647	10.00	-0.0295206
0.09768879	10.00	-47.20015	0	0.00	0.06400389	-36.83649	10.00	-0.02949502
0.09768879	10.00	-47.1335	0	0.00	0.06665244	-36.78634	10.00	-0.02946931
0.09768879	10.00	-47.06664	0	0.00	0.0668577	-36.73625	10.00	-0.02944362
0.09768879	10.00	-46.99984	0	0.00	0.06679542	-36.6379	10.00	-0.02939333
0.09768879	10.00	-46.86872	0	0.00	0.1311249	-36.58315	10.00	-0.02936524
0.09768879	10.00	-46.79572	0	0.00	0.07300555	-36.51968	10.00	-0.02933265
0.09768879	10.00	-46.71109	0	0.00	0.08462885	-36.43337	10.00	-0.02928841
0.09768879	10.00	-46.596	0	0.00	0.1150807	-36.36092	10.00	-0.02925128
0.09768879	10.00	-46.49942	0	0.00	0.0965834	-36.28902	10.00	-0.02921444
0.09768879	10.00	-46.40355	0	0.00	0.09587561	-36.22052	10.00	-0.02917931
0.09768879	10.00	-46.31222	0	0.00	0.09132736	-36.13908	10.00	-0.02913756
0.09768879	10.00	-46.20361	0	0.00	0.1086031	-36.08257	10.00	-0.02910866
0.09768879	10.00	-46.12828	0	0.00	0.07533559	-35.99095	10.00	-0.02906158
0.09768879	10.00	-46.00612	0	0.00	0.12216	-35.93302	10.00	-0.02903197
0.09768879	10.00	-45.92887	0	0.00	0.07724521	-35.84022	10.00	-0.02898432
0.09768879	10.00	-45.80515	0	0.00	0.1237243	-35.79327	10.00	-0.02896027
0.09768879	10.00	-45.74256	0	0.00	0.06259257	-35.69152	10.00	-0.02890811
0.09768879	10.00	-45.60689	0	0.00	0.1356661	-35.64492	10.00	-0.02888423
0.09768879	10.00	-45.54475	0	0.00	0.06213958	-35.54285	10.00	-0.02883185
0.09768879	10.00	-45.40866	0	0.00	0.1360936	-35.49615	10.00	-0.02880793
0.09768879	10.00	-45.34638	0	0.00	0.06227406	-35.39437	10.00	-0.02875574
0.09768879	10.00	-45.21068	0	0.00	0.1357029	-35.34722	10.00	-0.02873161
0.09768879	10.00	-45.14781	0	0.00	0.0628686	-35.24545	10.00	-0.02867942
0.09768879	10.00	-45.01212	0	0.00	0.1356887	-35.19894	10.00	-0.02865555
0.09768879	10.00	-44.95011	0	0.00	0.06201501	-35.09802	10.00	-0.02860386
0.09768879	10.00	-44.81554	0	0.00	0.1345732	-35.05067	10.00	-0.02857962
0.09768879	10.00	-44.75241	0	0.00	0.06312482	-34.94812	10.00	-0.02852698
0.09768879	10.00	-44.61569	0	0.00	0.1367221	-34.90066	10.00	-0.02850266
0.09768879	10.00	-44.5524	0	0.00	0.06329045	-34.79929	10.00	-0.02845072
0.09768879	10.00	-44.41723	0	0.00	0.1351664	-34.75201	10.00	-0.02842642
0.09768879	10.00	-44.35418	0	0.00	0.06304979	-34.651	10.00	-0.02837472
0.09768879	10.00	-44.21952	0	0.00	0.1346638	-34.60284	10.00	-0.02834999
0.09768879	10.00	-44.1553	0	0.00	0.0642219	-34.50115	10.00	-0.02829781
0.09768879	10.00	-44.01972	0	0.00	0.1355755	-34.44015	10.00	-0.02826656
0.09768879	10.00	-43.93838	0	0.00	0.08134189	-34.35448	10.00	-0.02822269
0.09768879	10.00	-43.82416	0	0.00	0.1142187	-34.3063	10.00	-0.02819799
0.09768879	10.00	-43.75991	0	0.00	0.06424879	-34.20439	10.00	-0.02814573
0.09768879	10.00	-43.62403	0	0.00	0.1358841	-34.1426	10.00	-0.02811407
0.09768879	10.00	-43.54165	0	0.00	0.08238233	-34.0571	10.00	-0.02807024
0.09768879	10.00	-43.42765	0	0.00	0.1139964	-34.00736	10.00	-0.02804474
0.09768879	10.00	-43.36132	0	0.00	0.06632403	-33.90839	10.00	-0.027994
0.09768879	10.00	-43.22937	0	0.00	0.1319572	-33.86095	10.00	-0.02796967
0.09768879	10.00	-43.16611	0	0.00	0.06325647	-33.75803	10.00	-0.02791695
0.09768879	10.00	-43.0289	0	0.00	0.1372147	-33.70816	10.00	-0.02789136
0.09768879	10.00	-42.96239	0	0.00	0.06650805	-33.61031	10.00	-0.02784119
0.09768879	10.00	-42.83193	0	0.00	0.130461	-33.56263	10.00	-0.02781682
0.09768879	10.00	-42.76836	0	0.00	0.06356648	-33.4623	10.00	-0.02776526
0.09768879	10.00	-42.63458	0	0.00	0.1337777	-33.41475	10.00	-0.02774088
0.09768879	10.00	-42.57119	0	0.00	0.06339661	-33.31347	10.00	-0.02768896
0.09768879	10.00	-42.43614	0	0.00	0.1350475	-33.26598	10.00	-0.02766468
0.09768879	10.00	-42.37283	0	0.00	0.06331451	-33.1646	10.00	-0.0276127
0.09768879	10.00	-42.23764	0	0.00	0.1351833	-33.11731	10.00	-0.02758838
0.09768879	10.00	-42.17459	0	0.00	0.06304696	-33.01512	10.00	-0.02753605
0.09768879	10.00	-42.03834	0	0.00	0.1362564	-32.96736	10.00	-0.02751148
0.09768879	10.00	-41.97467	0	0.00	0.06366982	-32.86574	10.00	-0.02745937
0.09768879	10.00	-41.83917	0	0.00	0.1354962	-32.77673	10.00	-0.0274138
0.09768879	10.00	-41.72049	0	0.00	0.1186806	-32.71305	10.00	-0.02738122
0.09768879	10.00	-41.63558	0	0.00	0.08490913	-32.61871	10.00	-0.02733286
0.09768879	10.00	-41.50981	0	0.00	0.1257712	-32.55346	10.00	-0.02729937
0.09768879	10.00	-41.42279	0	0.00	0.08701976	-32.47203	10.00	-0.0272576
0.09768879	10.00	-41.31423	0	0.00	0.1085592	-32.40635	10.00	-0.02722393
0.09768879	10.00	-41.22665	0	0.00	0.0875775	-32.32293	10.00	-0.02718122
0.09768879	10.00	-41.11543	0	0.00	0.1112219	-32.27229	10.00	-0.02715523
0.09768879	10.00	-41.04791	0	0.00	0.06751877	-32.22631	10.00	-0.0271317
0.09768879	10.00	-40.98659	0	0.00	0.06132138	-32.17604	10.00	-0.02710595
0.09768879	10.00	-40.91958	0	0.00	0.06701058	-32.07561	10.00	-0.02705439
0.09768879	10.00	-40.78568	0	0.00	0.1339023	-32.02462	10.00	-0.02702828
0.09768879	10.00	-40.71769	0	0.00	0.06799299	-31.97845	10.00	-0.02700455
0.09768879	10.00	-40.65612	0	0.00	0.06156627	-31.92717	10.00	-0.02697832
0.09768879	10.00	-40.58776	0	0.00	0.06836246	-31.87826	10.00	-0.02695334
0.09768879	10.00	-40.52253	0	0.00	0.06522271	-31.77586	10.00	-0.02690087
0.09768879	10.00	-40.38599	0	0.00	0.1365395	-31.72923	10.00	-0.02687687
0.09768879	10.00	-40.32383	0	0.00	0.06216365	-31.62707	10.00	-0.0268245
0.09768879	10.00	-40.18761	0	0.00	0.136221	-31.58074	10.00	-0.02680088
0.09768879	10.00	-40.12584	0	0.00	0.06177012	-31.47789	10.00	-0.02674813
0.09768879	10.00	-39.9887	0	0.00	0.1371368	-31.42793	10.00	-0.02672258
0.09768879	10.00	-39.9221	0	0.00	0.06660289	-31.3291	10.00	-0.02667188
0.09768879	10.00	-39.79032	0	0.00	0.1317789	-31.27694	10.00	-0.02664513
0.09768879	10.00	-39.72078	0	0.00	0.06954446	-31.18206	10.00	-0.02659649
0.09768879	10.00	-39.59428	0	0.00	0.1264974	-31.13336	10.00	-0.02657151
0.09768879	10.00	-39.52933	0	0.00	0.06494808	-31.03137	10.00	-0.02651923
0.09768879	10.00	-39.39334	0	0.00	0.1359902	-30.98355	10.00	-0.02649462
0.09768879	10.00	-39.32959	0	0.00	0.06375192	-30.88312	10.00	-0.02644316
0.09768879	10.00	-39.19569	0	0.00	0.1339023	-30.83651	10.00	-0.02641922
0.09768879	10.00	-39.13353	0	0.00	0.06215515	-30.73445	10.00	-0.02636697
0.09768879	10.00	-38.99745	0	0.00	0.1360808	-30.68863	10.00	-0.02634348
0.09768879	10.00	-38.93635	0	0.00	0.06110196	-30.58487	10.00	-0.02629038
0.09768879	10.00	-38.79802	0	0.00	0.138333	-30.54018	10.00	-0.02626734
0.09768879	10.00	-38.73842	0	0.00	0.05959862	-30.43714	10.00	-0.02621457
0.09768879	10.00	-38.60104	0	0.00	0.1373803	-30.38428	10.00	-0.02618742
0.09768879	10.00	-38.53056	0	0.00	0.07047733	-30.28869	10.00	-0.02613845
0.09768879	10.00	-38.4031	0	0.00	0.12746	-30.24181	10.00	-0.02611446
0.09768879	10.00	-38.3406	0	0.00	0.06250197	-30.1398	10.00	-0.02606214
0.09768879	10.00	-38.20458	0	0.00	0.1360157	-30.09283	10.00	-0.02603806
0.09768879	10.00	-38.14196	0	0.00	0.06262371	-29.99154	10.00	-0.02598614
0.09768879	10.00	-38.00692	0	0.00	0.1350432	-29.94234	10.00	-0.0259609
0.09768879	10.00	-37.9413	0	0.00	0.0656134	-29.89148	10.00	-0.02593479
0.09768879	10.00	-37.87349	0	0.00	0.06781321	-29.79362	10.00	-0.02588465
0.09768879	10.00	-37.74302	0	0.00	0.1304709	-29.74461	10.00	-0.02585956
0.09768879	10.00	-37.67767	0	0.00	0.06535011	-29.69239	10.00	-0.02583283
0.09768879	10.00	-37.60804	0	0.00	0.06963082	-29.5946	10.00	-0.0257826
0.09768879	10.00	-37.47765	0	0.00	0.1303916	-29.54716	10.00	-0.02575832
0.09768879	10.00	-37.41439	0	0.00	0.06325081	-29.49526	10.00	-0.02573171
0.09768879	10.00	-37.34519	0	0.00	0.06920473	-29.3972	10.00	-0.02568148
0.09768879	10.00	-37.21445	0	0.00	0.1307427	-29.3487	10.00	-0.02565661
0.09768879	10.00	-37.14979	0	0.00	0.06466072	-29.29133	10.00	-0.02562715
0.09768879	10.00	-37.07329	0	0.00	0.07649495	-29.19646	10.00	-0.02557851
0.09768879	10.00	-36.94679	0	0.00	0.1265045	-29.14049	10.00	-0.02554983
0.09768879	10.00	-36.87217	0	0.00	0.07462072	-29.04741	10.00	-0.02550216
0.09768879	10.00	-36.74807	0	0.00	0.1241022	-28.99438	10.00	-0.0254749
0.09768879	10.00	-36.67736	0	0.00	0.07070524	-28.89989	10.00	-0.02542645
0.09768879	10.00	-36.55136	0	0.00	0.1259948	-28.84346	10.00	-0.02539763
0.09768879	10.00	-36.47613	0	0.00	0.07523508	-28.75117	10.00	-0.0253503
0.09768879	10.00	-36.35308	0	0.00	0.1230519	-28.69695	10.00	-0.02532251
0.09768879	10.00	-36.28078	0	0.00	0.07229351	-28.60301	10.00	-0.02527436
0.09768879	10.00	-36.15553	0	0.00	0.1252517	-28.55433	10.00	-0.0252494
0.09768879	10.00	-36.09062	0	0.00	0.06491553	-28.50371	10.00	-0.02522349
0.09768879	10.00	-36.02313	0	0.00	0.06748621	-28.40579	10.00	-0.02517332
0.09768879	10.00	-35.89257	0	0.00	0.1305615	-28.3564	10.00	-0.02514795
0.09768879	10.00	-35.82671	0	0.00	0.06585406	-28.3045	10.00	-0.02512134
0.09768879	10.00	-35.75752	0	0.00	0.06919623	-28.20518	10.00	-0.0250704
0.09768879	10.00	-35.62509	0	0.00	0.1324286	-28.15209	10.00	-0.02504322
0.09768879	10.00	-35.5543	0	0.00	0.070793	-28.05914	10.00	-0.02499559
0.09768879	10.00	-35.43038	0	0.00	0.123921	-28.00661	10.00	-0.02496856
0.09768879	10.00	-35.36032	0	0.00	0.07005548	-27.91074	10.00	-0.02491947
0.09768879	10.00	-35.2325	0	0.00	0.1278181	-27.8626	10.00	-0.02489484
0.09768879	10.00	-35.16831	0	0.00	0.06419358	-27.76196	10.00	-0.02484328
0.09768879	10.00	-35.03413	0	0.00	0.1341755	-27.71362	10.00	-0.02481847
0.09768879	10.00	-34.96969	0	0.00	0.06444556	-27.6113	10.00	-0.02476605
0.09768879	10.00	-34.83325	0	0.00	0.1364376	-27.56134	10.00	-0.02474039
0.09768879	10.00	-34.76665	0	0.00	0.06660289	-27.46398	10.00	-0.02469057
0.09768879	10.00	-34.63682	0	0.00	0.1298268	-27.41527	10.00	-0.02466553
0.09768879	10.00	-34.57187	0	0.00	0.06495233	-27.31448	10.00	-0.02461392
0.09768879	10.00	-34.43749	0	0.00	0.1343751	-27.26869	10.00	-0.02459044
0.09768879	10.00	-34.37643	0	0.00	0.06106658	-27.21598	10.00	-0.02456339
0.09768879	10.00	-34.30615	0	0.00	0.07027349	-27.11661	10.00	-0.02451244
0.09768879	10.00	-34.17367	0	0.00	0.1324867	-27.06829	10.00	-0.0244877
0.09768879	10.00	-34.10923	0	0.00	0.06443565	-26.96829	10.00	-0.02443644
0.09768879	10.00	-33.97591	0	0.00	0.1333261	-26.92152	10.00	-0.02441244
0.09768879	10.00	-33.91354	0	0.00	0.06236041	-26.86775	10.00	-0.02438493
0.09768879	10.00	-33.84185	0	0.00	0.07169189	-26.77001	10.00	-0.02433475
0.09768879	10.00	-33.71152	0	0.00	0.1303336	-26.72193	10.00	-0.02431015
0.09768879	10.00	-33.64742	0	0.00	0.06410298	-26.62036	10.00	-0.0242581
0.09768879	10.00	-33.51199	0	0.00	0.135424	-26.57216	10.00	-0.0242334
0.09768879	10.00	-33.44772	0	0.00	0.06426861	-26.47112	10.00	-0.02418158
0.09768879	10.00	-33.31301	0	0.00	0.1347162	-26.42287	10.00	-0.02415686
0.09768879	10.00	-33.24867	0	0.00	0.06433938	-26.32291	10.00	-0.02410564
0.09768879	10.00	-33.11539	0	0.00	0.1332737	-26.27654	10.00	-0.02408188
0.09768879	10.00	-33.05356	0	0.00	0.0618324	-26.22081	10.00	-0.02405328
0.09768879	10.00	-32.97924	0	0.00	0.07431637	-26.12584	10.00	-0.02400463
0.09768879	10.00	-32.85263	0	0.00	0.1266205	-26.07856	10.00	-0.02398041
0.09768879	10.00	-32.7896	0	0.00	0.06302857	-25.97695	10.00	-0.0239283
0.09768879	10.00	-32.65411	0	0.00	0.135492	-25.92973	10.00	-0.02390408
0.09768879	10.00	-32.59116	0	0.00	0.06294788	-25.82835	10.00	-0.02385215
0.09768879	10.00	-32.45597	0	0.00	0.1351805	-25.78106	10.00	-0.02382796
0.09768879	10.00	-32.39292	0	0.00	0.06305404	-25.68081	10.00	-0.02377658
0.09768879	10.00	-32.25926	0	0.00	0.1336616	-25.62824	10.00	-0.02374958
0.09768879	10.00	-32.18917	0	0.00	0.07009088	-25.52905	10.00	-0.02369877
0.09768879	10.00	-32.0569	0	0.00	0.1322715	-25.46506	10.00	-0.02366594
0.09768879	10.00	-31.97159	0	0.00	0.0853055	-25.38439	10.00	-0.02362456
0.09768879	10.00	-31.86402	0	0.00	0.1075725	-25.32237	10.00	-0.02359276
0.09768879	10.00	-31.78134	0	0.00	0.08268385	-25.2326	10.00	-0.02354673
0.09768879	10.00	-31.66164	0	0.00	0.1196969	-25.17038	10.00	-0.02351491
0.09768879	10.00	-31.57867	0	0.00	0.08296555	-25.08339	10.00	-0.02347021
0.09768879	10.00	-31.4627	0	0.00	0.1159768	-25.01692	10.00	-0.02343616
0.09768879	10.00	-31.37407	0	0.00	0.08862503	-24.93634	10.00	-0.02339481
0.09768879	10.00	-31.26663	0	0.00	0.107438	-24.82429	10.00	-0.02333747
0.09768879	10.00	-31.11723	0	0.00	0.1494028	-24.73698	10.00	-0.02329256
0.09768879	10.00	-31.00081	0	0.00	0.1164171	-24.69042	10.00	-0.02326878
0.09768879	10.00	-30.93873	0	0.00	0.06208296	-24.58817	10.00	-0.02321636
0.09768879	10.00	-30.8024	0	0.00	0.1363314	-24.54163	10.00	-0.02319249
0.09768879	10.00	-30.74035	0	0.00	0.06205465	-24.44164	10.00	-0.02314116
0.09768879	10.00	-30.60703	0	0.00	0.1333134	-24.38334	10.00	-0.02311135
0.09768879	10.00	-30.52929	0	0.00	0.07773641	-24.2929	10.00	-0.02306502
0.09768879	10.00	-30.40872	0	0.00	0.1205788	-24.24422	10.00	-0.02304
0.09768879	10.00	-30.3438	0	0.00	0.06491411	-24.1442	10.00	-0.02298874
0.09768879	10.00	-30.21044	0	0.00	0.1333629	-24.09398	10.00	-0.02296299
0.09786709	10.00	-30.14348	0.0001783001	0.00	0.06695962	-23.99508	10.00	-0.02291228
0.09949507	10.00	-30.01161	0.001627984	0.00	0.1318666	-23.9468	10.00	-0.02288759
0.1002897	10.00	-29.94725	0.0007946284	0.00	0.06436487	-23.84649	10.00	-0.02283613
0.101941	10.00	-29.8135	0.001651263	0.00	0.1337522	-23.79727	10.00	-0.02281095
0.1040223	10.00	-29.74786	0.00208137	0.00	0.06563464	-23.69702	10.00	-0.02275953
0.1173197	10.00	-29.61421	0.01329737	0.00	0.1336531	-23.64852	10.00	-0.02273473
0.1268847	10.00	-29.54954	0.009564971	0.00	0.06466921	-23.5494	10.00	-0.02268383
0.1515498	10.00	-29.41738	0.02466518	0.00	0.1321554	-23.50122	10.00	-0.0226592
0.1647836	10.00	-29.35314	0.01323372	0.00	0.0642403	-23.40061	10.00	-0.02260765
0.1963165	10.00	-29.21899	0.03153289	0.00	0.1341528	-23.34883	10.00	-0.02258106
0.2138823	10.00	-29.14995	0.01756586	0.00	0.06904335	-23.25182	10.00	-0.02253128
0.2480422	10.00	-29.0206	0.03415987	0.00	0.1293441	-23.2028	10.00	-0.02250614
0.2653053	10.00	-28.95524	0.01726312	0.00	0.06536568	-23.10284	10.00	-0.02245498
0.3005019	10.00	-28.82197	0.03519657	0.00	0.1332695	-23.05508	10.00	-0.02243047
0.317322	10.00	-28.75828	0.0168201	0.00	0.06368822	-22.95451	10.00	-0.02237888
0.3527365	10.00	-28.62419	0.03541452	0.00	0.1340948	-22.90582	10.00	-0.02235394
0.3698785	10.00	-28.55928	0.01714199	0.00	0.06490704	-22.80586	10.00	-0.02230273
0.4050773	10.00	-28.426	0.03519881	0.00	0.133278	-22.75638	10.00	-0.02227729
0.4225045	10.00	-28.36001	0.01742724	0.00	0.06598712	-22.65699	10.00	-0.0222264
0.4575026	10.00	-28.2275	0.03499805	0.00	0.1325178	-22.6062	10.00	-0.02220031
0.4753889	10.00	-28.15977	0.01788634	0.00	0.06772545	-22.50794	10.00	-0.02214997
0.5099885	10.00	-28.02876	0.03459952	0.00	0.1310088	-22.45813	10.00	-0.02212437
0.5275282	10.00	-27.96235	0.01753977	0.00	0.06641321	-22.35954	10.00	-0.02207396
0.5622459	10.00	-27.83089	0.03471766	0.00	0.1314561	-22.30919	10.00	-0.0220481
0.5799756	10.00	-27.76376	0.01772969	0.00	0.06713232	-22.21085	10.00	-0.02199768
0.6146043	10.00	-27.63264	0.03462868	0.00	0.1311192	-22.15783	10.00	-0.02197054
0.6332727	10.00	-27.56195	0.01866844	0.00	0.07068683	-22.06228	10.00	-0.02192159
0.6669219	10.00	-27.43454	0.03364918	0.00	0.1274104	-22.0136	10.00	-0.02189662
0.684062	10.00	-27.36964	0.01714012	0.00	0.06489996	-21.91135	10.00	-0.02184425
0.7200672	10.00	-27.23331	0.03600521	0.00	0.1363314	-21.85973	10.00	-0.02181767
0.7382474	10.00	-27.16447	0.01818019	0.00	0.06883809	-21.76074	10.00	-0.02176696
0.7731026	10.00	-27.0325	0.03485524	0.00	0.1319771	-21.67402	10.00	-0.02172253
0.8036373	10.00	-26.91688	0.0305346	0.00	0.1156172	-21.60906	10.00	-0.02168924
0.8265149	10.00	-26.83025	0.02287767	0.00	0.08662482	-21.5134	10.00	-0.02164014
0.8589639	10.00	-26.70271	0.03244898	0.00	0.1275421	-21.45598	10.00	-0.02161075
0.878441	10.00	-26.62616	0.01947717	0.00	0.07655582	-21.36903	10.00	-0.02156612
0.9079375	10.00	-26.51022	0.02949648	0.00	0.1159372	-21.29845	10.00	-0.02153002
0.9318816	10.00	-26.41611	0.02394408	0.00	0.09411322	-21.21853	10.00	-0.02148907
0.9589918	10.00	-26.30955	0.02711014	0.00	0.1065576	-21.15319	10.00	-0.02145558
0.9803104	10.00	-26.22244	0.0213186	0.00	0.08710894	-21.0698	10.00	-0.02141282
1.007524	10.00	-26.11124	0.02721364	0.00	0.1111964	-21.02124	10.00	-0.02138794
1.023368	10.00	-26.0465	0.01584414	0.00	0.06473999	-20.92244	10.00	-0.02133733
1.055608	10.00	-25.91477	0.03224016	0.00	0.131735	-20.87255	10.00	-0.02131173
1.07189	10.00	-25.84824	0.01628169	0.00	0.06652787	-20.82349	10.00	-0.02128654
1.086631	10.00	-25.78283	0.01474098	0.00	0.06540815	-20.77474	10.00	-0.02126168
1.100652	10.00	-25.71783	0.01402062	0.00	0.06500471	-20.72499	10.00	-0.02123604
1.114316	10.00	-25.6515	0.01366414	0.00	0.06632969	-20.62442	10.00	-0.02118453
1.14064	10.00	-25.51741	0.02632472	0.00	0.1340905	-20.57647	10.00	-0.0211599
1.15319	10.00	-25.45348	0.01254999	0.00	0.06392604	-20.52701	10.00	-0.02113456
1.162945	10.00	-25.38753	0.009754453	0.00	0.06595031	-20.42639	10.00	-0.02108298
1.174994	10.00	-25.25337	0.01204912	0.00	0.1341641	-20.37524	10.00	-0.02105673
1.179138	10.00	-25.18517	0.004143647	0.00	0.06819683	-20.32585	10.00	-0.02103141
1.182501	10.00	-25.11932	0.003363642	0.00	0.06585406	-20.22671	10.00	-0.02098056
1.182501	10.00	-24.98712	0	0.00	0.1321951	-20.17911	10.00	-0.02095617
1.182501	10.00	-24.92366	0	0.00	0.06346173	-20.07939	10.00	-0.02090508
1.182501	10.00	-24.7907	0	0.00	0.1329567	-20.02999	10.00	-0.02087975
1.182501	10.00	-24.72483	0	0.00	0.06587104	-19.92984	10.00	-0.02082847
1.182501	10.00	-24.59129	0	0.00	0.1335385	-19.88158	10.00	-0.0208037
1.182501	10.00	-24.52696	0	0.00	0.06433231	-19.78217	10.00	-0.02075283
1.182501	10.00	-24.3944	0	0.00	0.1325575	-19.73345	10.00	-0.02072772
1.182501	10.00	-24.32944	0	0.00	0.06496648	-19.63215	10.00	-0.02067587
1.182501	10.00	-24.19438	0	0.00	0.1350545	-19.58424	10.00	-0.02065117
1.182501	10.00	-24.1305	0	0.00	0.06388216	-19.48264	10.00	-0.02059916
1.182501	10.00	-23.99503	0	0.00	0.1354679	-19.43655	10.00	-0.02057549
1.182501	10.00	-23.93358	0	0.00	0.06145444	-19.33436	10.00	-0.02052321
1.182501	10.00	-23.79733	0	0.00	0.1362493	-19.2863	10.00	-0.02049854
1.182501	10.00	-23.73325	0	0.00	0.06408034	-19.18703	10.00	-0.0204476
1.182501	10.00	-23.60088	0	0.00	0.1323678	-19.13805	10.00	-0.02042262
1.182501	10.00	-23.53558	0	0.00	0.06530339	-19.03715	10.00	-0.02037086
1.182501	10.00	-23.40104	0	0.00	0.134535	-18.98916	10.00	-0.02034628
1.182501	10.00	-23.33705	0	0.00	0.06399116	-18.88826	10.00	-0.02029444
1.182501	10.00	-23.20252	0	0.00	0.1345294	-18.84175	10.00	-0.02027062
1.182501	10.00	-23.1405	0	0.00	0.06201926	-18.73935	10.00	-0.02021809
1.182501	10.00	-23.00396	0	0.00	0.1365381	-18.68646	10.00	-0.02019107
1.182501	10.00	-22.93346	0	0.00	0.07049998	-18.5815	10.00	-0.02013721
1.182501	10.00	-22.7935	0	0.00	0.1399581	-18.49101	10.00	-0.02009082
1.182501	10.00	-22.67286	0	0.00	0.1206482	-18.44403	10.00	-0.02006674
1.182501	10.00	-22.61022	0	0.00	0.06263503	-18.3439	10.00	-0.02001546
1.182501	10.00	-22.4767	0	0.00	0.1335215	-18.29294	10.00	-0.01998931
1.182501	10.00	-22.40876	0	0.00	0.06794486	-18.1939	10.00	-0.01993855
1.182501	10.00	-22.27671	0	0.00	0.1320408	-18.14751	10.00	-0.01991471
1.182501	10.00	-22.21485	0	0.00	0.0618692	-18.04488	10.00	-0.01986219
1.182501	10.00	-22.07801	0	0.00	0.1368325	-17.98538	10.00	-0.0198317
1.182501	10.00	-21.99869	0	0.00	0.07932327	-17.89552	10.00	-0.01978558
1.182501	10.00	-21.87887	0	0.00	0.1198173	-17.83945	10.00	-0.01975684
1.182501	10.00	-21.8041	0	0.00	0.07477077	-17.74657	10.00	-0.0197092
1.182501	10.00	-21.68027	0	0.00	0.1238375	-17.68384	10.00	-0.01967694
1.182501	10.00	-21.59664	0	0.00	0.08362662	-17.59706	10.00	-0.01963254
1.182501	10.00	-21.48092	0	0.00	0.1157192	-17.52087	10.00	-0.01959355
1.182501	10.00	-21.37935	0	0.00	0.1015719	-17.44956	10.00	-0.01955694
1.182501	10.00	-21.28426	0	0.00	0.09508996	-17.39385	10.00	-0.01952828
1.182501	10.00	-21.20998	0	0.00	0.07428098	-17.30364	10.00	-0.01948211
1.182501	10.00	-21.08969	0	0.00	0.120283	-17.25372	10.00	-0.01945652
1.182501	10.00	-21.02313	0	0.00	0.06656184	-17.2067	10.00	-0.01943244
1.182501	10.00	-20.96044	0	0.00	0.06268883	-17.15677	10.00	-0.01940686
1.182501	10.00	-20.89387	0	0.00	0.06657741	-17.05668	10.00	-0.0193556
1.182501	10.00	-20.76041	0	0.00	0.1334535	-17.0059	10.00	-0.01932951
1.182501	10.00	-20.69271	0	0.00	0.06770705	-16.95808	10.00	-0.01930493
1.182501	10.00	-20.62895	0	0.00	0.06375617	-16.90822	10.00	-0.0192794
1.182501	10.00	-20.56247	0	0.00	0.06648257	-16.85949	10.00	-0.01925447
1.182501	10.00	-20.49749	0	0.00	0.06497356	-16.75736	10.00	-0.01920212
1.182501	10.00	-20.36132	0	0.00	0.1361728	-16.70775	10.00	-0.01917662
1.182501	10.00	-20.29518	0	0.00	0.06613859	-16.65166	10.00	-0.0191479
1.182501	10.00	-20.22038	0	0.00	0.0748005	-16.55795	10.00	-0.01909987
1.182501	10.00	-20.09543	0	0.00	0.1249473	-16.5103	10.00	-0.0190754
1.182501	10.00	-20.0319	0	0.00	0.06353251	-16.45799	10.00	-0.01904863
1.182501	10.00	-19.96216	0	0.00	0.06974264	-16.36093	10.00	-0.01899888
1.182501	10.00	-19.83274	0	0.00	0.1294149	-16.31072	10.00	-0.0189731
1.182501	10.00	-19.7658	0	0.00	0.06694122	-16.25686	10.00	-0.01894546
1.182501	10.00	-19.69399	0	0.00	0.07181222	-16.16142	10.00	-0.01889656
1.182501	10.00	-19.56674	0	0.00	0.1272533	-16.11443	10.00	-0.01887248
1.182501	10.00	-19.50408	0	0.00	0.06265768	-16.01287	10.00	-0.01882039
1.182501	10.00	-19.36866	0	0.00	0.1354169	-15.96613	10.00	-0.01879643
1.182501	10.00	-19.30635	0	0.00	0.06230662	-15.86506	10.00	-0.01874455
1.182501	10.00	-19.17159	0	0.00	0.1347643	-15.8173	10.00	-0.0187201
1.182501	10.00	-19.1079	0	0.00	0.06368963	-15.71641	10.00	-0.01866839
1.182501	10.00	-18.97339	0	0.00	0.1345138	-15.66884	10.00	-0.01864391
1.182501	10.00	-18.90997	0	0.00	0.06342209	-15.56583	10.00	-0.01859115
1.182501	10.00	-18.77261	0	0.00	0.137352	-15.50949	10.00	-0.01856224
1.182501	10.00	-18.69748	0	0.00	0.07513033	-15.40386	10.00	-0.0185081
1.182501	10.00	-18.55666	0	0.00	0.140823	-15.31915	10.00	-0.01846471
1.182501	10.00	-18.44372	0	0.00	0.1129432	-15.27243	10.00	-0.01844076
1.182501	10.00	-18.38141	0	0.00	0.06230945	-15.17236	10.00	-0.01838948
1.182501	10.00	-18.24799	0	0.00	0.1334153	-15.12424	10.00	-0.01836484
1.182501	10.00	-18.18382	0	0.00	0.06416669	-15.02356	10.00	-0.0183132
1.182501	10.00	-18.04959	0	0.00	0.1342321	-14.97365	10.00	-0.01828767
1.182501	10.00	-17.98304	0	0.00	0.06655193	-14.87491	10.00	-0.01823707
1.182501	10.00	-17.85138	0	0.00	0.1316586	-14.82626	10.00	-0.01821214
1.182501	10.00	-17.78651	0	0.00	0.06487165	-14.72608	10.00	-0.01816077
1.182501	10.00	-17.65295	0	0.00	0.1335639	-14.67621	10.00	-0.01813521
1.182501	10.00	-17.58646	0	0.00	0.06648824	-14.57724	10.00	-0.01808443
1.182501	10.00	-17.45449	0	0.00	0.1319657	-14.5288	10.00	-0.01805963
1.182501	10.00	-17.38991	0	0.00	0.06458004	-14.4288	10.00	-0.01800839
1.182501	10.00	-17.25657	0	0.00	0.1333459	-14.37945	10.00	-0.01798314
1.182501	10.00	-17.19077	0	0.00	0.06579885	-14.27848	10.00	-0.01793136
1.182501	10.00	-17.05615	0	0.00	0.13462	-14.21605	10.00	-0.01789933
1.182501	10.00	-16.9729	0	0.00	0.08324442	-14.13238	10.00	-0.01785646
1.182501	10.00	-16.86134	0	0.00	0.1115602	-14.06737	10.00	-0.01782306
1.182501	10.00	-16.77467	0	0.00	0.08667861	-13.9829	10.00	-0.01777977
1.182501	10.00	-16.66204	0	0.00	0.1126219	-13.91589	10.00	-0.01774537
1.182501	10.00	-16.57269	0	0.00	0.08935263	-13.83345	10.00	-0.01770319
1.182501	10.00	-16.46277	0	0.00	0.1099195	-13.77649	10.00	-0.01767401
1.182501	10.00	-16.38683	0	0.00	0.07594004	-13.68396	10.00	-0.01762659
1.182501	10.00	-16.26346	0	0.00	0.1233746	-13.63609	10.00	-0.017602
1.182501	10.00	-16.19962	0	0.00	0.06383403	-13.53646	10.00	-0.01755095
1.182501	10.00	-16.06679	0	0.00	0.1328335	-13.48729	10.00	-0.01752571
1.182501	10.00	-16.00122	0	0.00	0.06556528	-13.38601	10.00	-0.01747387
1.182501	10.00	-15.86618	0	0.00	0.1350446	-13.33865	10.00	-0.01744949
1.182501	10.00	-15.80304	0	0.00	0.06314181	-13.23785	10.00	-0.01739784
1.182501	10.00	-15.66864	0	0.00	0.1343977	-13.18615	10.00	-0.01737133
1.182501	10.00	-15.5997	0	0.00	0.06893435	-13.14033	10.00	-0.01734788
1.182501	10.00	-15.53862	0	0.00	0.06108922	-13.03866	10.00	-0.01729574
1.182501	10.00	-15.40305	0	0.00	0.1355641	-12.99157	10.00	-0.01727158
1.182501	10.00	-15.34027	0	0.00	0.06277942	-12.8897	10.00	-0.01721932
1.182501	10.00	-15.20443	0	0.00	0.1358416	-12.84156	10.00	-0.01719471
1.182501	10.00	-15.14025	0	0.00	0.06417801	-12.74132	10.00	-0.01714338
1.182501	10.00	-15.0066	0	0.00	0.133656	-12.69481	10.00	-0.01711944
1.182501	10.00	-14.94458	0	0.00	0.06201642	-12.58854	10.00	-0.01706502
1.182501	10.00	-14.80289	0	0.00	0.1416922	-12.5402	10.00	-0.01704021
1.182501	10.00	-14.73843	0	0.00	0.06445405	-12.44375	10.00	-0.01699079
1.182501	10.00	-14.60984	0	0.00	0.1285967	-12.39074	10.00	-0.01696361
1.182501	10.00	-14.53915	0	0.00	0.070684	-12.29173	10.00	-0.01691283
1.182501	10.00	-14.40713	0	0.00	0.1320195	-12.23652	10.00	-0.01688452
1.182501	10.00	-14.33353	0	0.00	0.07360292	-12.14789	10.00	-0.0168391
1.182501	10.00	-14.21536	0	0.00	0.1181681	-12.10025	10.00	-0.01681462
1.182501	10.00	-14.15184	0	0.00	0.06352685	-11.9987	10.00	-0.01676266
1.182501	10.00	-14.01644	0	0.00	0.1353985	-11.95077	10.00	-0.0167381
1.182501	10.00	-13.95254	0	0.00	0.06390198	-11.85037	10.00	-0.01668662
1.182501	10.00	-13.86662	0	0.00	0.08591226	-11.8021	10.00	-0.01666181
1.182501	10.00	-13.83716	0	0.00	0.02946032	-11.70152	10.00	-0.01661026
1.182501	10.00	-13.83716	0	0.00	0	-11.65398	10.00	-0.01658593
1.182501	10.00	-13.83716	0	0.00	0	-11.55263	10.00	-0.01653391
1.182501	10.00	-13.83716	0	0.00	0	-11.50535	10.00	-0.01650968
1.182501	10.00	-13.83716	0	0.00	0	-11.40429	10.00	-0.01645793
1.182501	10.00	-13.76504	0	0.00	0.07211968	-11.35555	10.00	-0.01643296
1.182501	10.00	-13.7076	0	0.00	0.05744025	-11.25541	10.00	-0.01638161
1.182501	10.00	-13.57408	0	0.00	0.1335186	-11.20707	10.00	-0.01635679
1.182501	10.00	-13.50963	0	0.00	0.06445688	-11.10664	10.00	-0.01630536
1.182501	10.00	-13.37573	0	0.00	0.1339008	-11.05849	10.00	-0.01628067
1.182501	10.00	-13.31153	0	0.00	0.06419925	-10.95817	10.00	-0.01622924
1.182501	10.00	-13.17777	0	0.00	0.1337593	-10.91062	10.00	-0.01620483
1.182501	10.00	-13.11437	0	0.00	0.06340086	-10.80927	10.00	-0.01615289
1.182501	10.00	-12.97924	0	0.00	0.1351296	-10.75985	10.00	-0.01612748
1.182501	10.00	-12.91333	0	0.00	0.06590643	-10.66012	10.00	-0.01607642
1.182501	10.00	-12.78036	0	0.00	0.1329722	-10.58423	10.00	-0.01603755
1.182501	10.00	-12.67918	0	0.00	0.1011812	-10.5103	10.00	-0.01599969
1.182501	10.00	-12.58061	0	0.00	0.09856521	-10.45255	10.00	-0.01597006
1.182501	10.00	-12.50362	0	0.00	0.07699747	-10.3587	10.00	-0.0159218
1.182501	10.00	-12.37848	0	0.00	0.1251356	-10.30411	10.00	-0.01589394
1.182501	10.00	-12.30569	0	0.00	0.07278755	-10.21246	10.00	-0.01584694
1.182501	10.00	-12.18348	0	0.00	0.1222082	-10.14827	10.00	-0.01581405
1.182501	10.00	-12.0979	0	0.00	0.08558153	-10.06587	10.00	-0.01577174
1.182501	10.00	-11.98803	0	0.00	0.1098742	-10.01426	10.00	-0.01574529
1.182501	10.00	-11.91923	0	0.00	0.0688027	-9.916103	10.00	-0.01569495
1.182501	10.00	-11.79722	0	0.00	0.1220076	-9.869091	10.00	-0.01567079
1.182501	10.00	-11.76306	0	0.00	0.0341571	-9.766957	10.00	-0.01561848
1.182501	10.00	-11.76306	0	0.00	0	-9.715272	10.00	-0.01559196
1.182501	10.00	-11.76306	0	0.00	0	-9.6664	10.00	-0.01556699
1.182501	10.00	-11.76306	0	0.00	0	-9.569456	10.00	-0.01551734
1.182501	10.00	-11.76306	0	0.00	0	-9.521012	10.00	-0.01549244
1.182501	10.00	-11.76306	0	0.00	0	-9.469137	10.00	-0.01546586
1.182501	10.00	-11.76306	0	0.00	0	-9.371659	10.00	-0.01541595
1.182501	10.00	-11.76306	0	0.00	0	-9.322502	10.00	-0.0153907
1.182501	10.00	-11.76306	0	0.00	0	-9.221639	10.00	-0.01533896
1.182501	10.00	-11.76306	0	0.00	0	-9.16599	10.00	-0.01531039
1.182501	10.00	-11.76306	0	0.00	0	-9.072652	10.00	-0.01526265
1.182501	10.00	-11.76306	0	0.00	0	-9.019015	10.00	-0.01523509
1.182501	10.00	-11.76306	0	0.00	0	-8.924747	10.00	-0.01518675
1.182501	10.00	-11.76306	0	0.00	0	-8.874362	10.00	-0.01516101
1.175817	10.00	-11.76306	-0.006683895	0.00	0	-8.77577	10.00	-0.0151104
1.06982	10.00	-11.76306	-0.1059975	0.00	0	-8.727251	10.00	-0.01508549
1.008257	10.00	-11.76038	-0.06156254	0.00	0.002677994	-8.626376	10.00	-0.01503381
0.8737606	10.00	-11.76038	-0.1344968	0.00	0	-8.57685	10.00	-0.01500845
0.8077254	10.00	-11.76038	-0.06603525	0.00	0	-8.528659	10.00	-0.01498381
0.7434709	10.00	-11.76038	-0.06425446	0.00	0	-8.42966	10.00	-0.01493299
0.6114697	10.00	-11.76038	-0.1320011	0.00	0	-8.380205	10.00	-0.01490765
0.5455308	10.00	-11.76038	-0.06593899	0.00	0	-8.325568	10.00	-0.01487966
0.4726824	10.00	-11.76038	-0.07284842	0.00	0	-8.230518	10.00	-0.0148309
0.3459486	10.00	-11.76038	-0.1267338	0.00	0	-8.183639	10.00	-0.01480687
0.2834424	10.00	-11.76038	-0.06250621	0.00	0	-8.081594	10.00	-0.01475461
0.147387	10.00	-11.76038	-0.1360554	0.00	0	-8.034811	10.00	-0.01473052
0.08500822	10.00	-11.76038	-0.06237881	0.00	0	-7.983886	10.00	-0.01470095
0.01710016	10.00	-11.76038	-0.06790806	0.00	0	-7.88443	10.00	-0.01464311
-0.115521	10.00	-11.76038	-0.1326212	0.00	0	-7.83649	10.00	-0.01461847
-0.1794399	10.00	-11.76038	-0.06391896	0.00	0	-7.735857	10.00	-0.014567
-0.3136168	10.00	-11.76038	-0.1341769	0.00	0	-7.686633	10.00	-0.01454186
-0.3792529	10.00	-11.76038	-0.06563605	0.00	0	-7.632436	10.00	-0.01451406
-0.4515124	10.00	-11.76038	-0.07225954	0.00	0	-7.536745	10.00	-0.01446504
-0.5790998	10.00	-11.76038	-0.1275874	0.00	0	-7.490218	10.00	-0.01444115
-0.6411361	10.00	-11.76038	-0.06203624	0.00	0	-7.388075	10.00	-0.01438876
-0.7773273	10.00	-11.76038	-0.1361912	0.00	0	-7.339144	10.00	-0.01436379
-0.8425698	10.00	-11.76038	-0.06524253	0.00	0	-7.287785	10.00	-0.0143375
-0.9110484	10.00	-11.76038	-0.06847853	0.00	0	-7.191193	10.00	-0.01428795
-1.039837	10.00	-11.76038	-0.1287892	0.00	0	-7.142101	10.00	-0.01426291
-1.105292	10.00	-11.76038	-0.06545486	0.00	0	-7.043003	10.00	-0.01421216
-1.237422	10.00	-11.76038	-0.13213	0.00	0	-6.990408	10.00	-0.01418521
-1.307549	10.00	-11.76038	-0.07012627	0.00	0	-6.8923	10.00	-0.01413499
-1.438362	10.00	-11.75243	-0.1308135	0.00	0.00794824	-6.820028	10.00	-0.01409797
-1.534723	10.00	-11.74658	-0.09636115	0.00	0.005854914	-6.746374	10.00	-0.01406023
-1.632927	10.00	-11.74061	-0.09820423	0.00	0.0059669	-6.679923	10.00	-0.01402624
-1.72153	10.00	-11.73523	-0.08860238	0.00	0.00538349	-6.597723	10.00	-0.01398404
-1.831129	10.00	-11.72857	-0.1095996	0.00	0.006659286	-6.540423	10.00	-0.0139547
-1.90753	10.00	-11.72393	-0.0764001	0.00	0.004642079	-6.449247	10.00	-0.01390799
-2.029101	10.00	-11.71654	-0.1215712	0.00	0.007386677	-6.389814	10.00	-0.01387754
-2.108343	10.00	-11.71173	-0.07924258	0.00	0.004814788	-6.298769	10.00	-0.01383092
-2.229736	10.00	-11.7067	-0.1213928	0.00	0.005024975	-6.250555	10.00	-0.01380621
-2.293398	10.00	-11.7067	-0.06366172	0.00	0	-6.150859	10.00	-0.01375519
-2.338802	10.00	-11.7067	-0.04540399	0.00	0	-6.102598	10.00	-0.01373044
-2.338802	10.00	-11.7067	0	0.00	0	-5.998881	10.00	-0.01367731
-2.338802	10.00	-11.7067	0	0.00	0	-5.928732	10.00	-0.01364133
-2.338802	10.00	-11.7067	0	0.00	0	-5.851343	10.00	-0.01360164
-2.338802	10.00	-11.7067	0	0.00	0	-5.796935	10.00	-0.01357387
-2.338802	10.00	-11.7067	0	0.00	0	-5.704045	10.00	-0.01352623
-2.338802	10.00	-11.7067	0	0.00	0	-5.656336	10.00	-0.01350184
-2.338802	10.00	-11.7067	0	0.00	0	-5.554405	10.00	-0.01344958
-2.338802	10.00	-11.7067	0	0.00	0	-5.506433	10.00	-0.01342496
-2.338802	10.00	-11.7067	0	0.00	0	-5.453927	10.00	-0.01339813
-2.338802	10.00	-11.7067	0	0.00	0	-5.356559	10.00	-0.01334815
-2.338802	10.00	-11.7067	0	0.00	0	-5.305723	10.00	-0.01332218
-2.338802	10.00	-11.7067	0	0.00	0	-5.207548	10.00	-0.01327193
-2.338802	10.00	-11.7067	0	0.00	0	-5.159793	10.00	-0.0132473
-2.338802	10.00	-11.7067	0	0.00	0	-5.056965	10.00	-0.0131947
-2.365718	10.00	-11.70103	-0.02691638	0.00	0.005675342	-5.012013	10.00	-0.01317173
-2.401279	10.00	-11.67765	-0.03556088	0.00	0.02337355	-4.909141	10.00	-0.01311899
-2.531801	10.00	-11.57768	-0.1305217	0.00	0.09997477	-4.863691	10.00	-0.01309573
-2.591815	10.00	-11.53116	-0.06001405	0.00	0.04651786	-4.762163	10.00	-0.01304369
-2.727186	10.00	-11.42594	-0.1353716	0.00	0.1052235	-4.714504	10.00	-0.01301936
-2.79073	10.00	-11.37654	-0.06354383	0.00	0.04939222	-4.613344	10.00	-0.01296749
-2.925612	10.00	-11.2717	-0.1348818	0.00	0.1048428	-4.565528	10.00	-0.01294292
-2.989364	10.00	-11.22215	-0.06375192	0.00	0.04955396	-4.464717	10.00	-0.01289123
-3.12378	10.00	-11.11767	-0.1344161	0.00	0.1044808	-4.417098	10.00	-0.01286693
-3.187273	10.00	-11.06831	-0.06349287	0.00	0.0493526	-4.315418	10.00	-0.01281485
-3.322846	10.00	-10.96293	-0.1355726	0.00	0.1053797	-4.263886	10.00	-0.0127877
-3.391556	10.00	-10.90953	-0.06871069	0.00	0.05340838	-4.167019	10.00	-0.01273672
-3.520711	10.00	-10.80913	-0.1291544	0.00	0.1003909	-4.118892	10.00	-0.01271141
-3.58488	10.00	-10.75926	-0.06416952	0.00	0.04987856	-4.018338	10.00	-0.01265843
-3.718952	10.00	-10.65504	-0.1340721	0.00	0.1042134	-3.97086	10.00	-0.01263337
-3.782257	10.00	-10.60584	-0.0633046	0.00	0.04920626	-3.869061	10.00	-0.01257979
-3.917988	10.00	-10.50033	-0.1357312	0.00	0.105503	-3.822316	10.00	-0.01255517
-3.980315	10.00	-10.45189	-0.06232644	0.00	0.04844594	-3.719821	10.00	-0.01250122
-4.116974	10.00	-10.34566	-0.1366598	0.00	0.1062248	-3.674152	10.00	-0.0124772
-4.177867	10.00	-10.29833	-0.06089246	0.00	0.04733132	-3.62221	10.00	-0.01244989
-4.247124	10.00	-10.2445	-0.0692571	0.00	0.0538331	-3.523201	10.00	-0.01239771
-4.379134	10.00	-10.14189	-0.1320096	0.00	0.1026102	-3.474957	10.00	-0.01237234
-4.443462	10.00	-10.09189	-0.06432806	0.00	0.05000179	-3.374758	10.00	-0.01231956
-4.57706	10.00	-9.988042	-0.1335979	0.00	0.1038448	-3.326174	10.00	-0.01229396
-4.641839	10.00	-9.937689	-0.06477963	0.00	0.05035279	-3.221671	10.00	-0.012239
-4.781175	10.00	-9.829385	-0.1393352	0.00	0.1083044	-3.156446	10.00	-0.01220467
-4.868142	10.00	-9.761786	-0.08696739	0.00	0.06759919	-3.075943	10.00	-0.01216224
-4.975481	10.00	-9.678351	-0.107339	0.00	0.08343388	-3.008899	10.00	-0.01212695
-5.064872	10.00	-9.608869	-0.08939085	0.00	0.06948294	-2.928956	10.00	-0.0120848
-5.171463	10.00	-9.526015	-0.1065915	0.00	0.08285291	-2.850436	10.00	-0.0120435
-5.276155	10.00	-9.444639	-0.1046918	0.00	0.08137629	-2.777742	10.00	-0.01200518
-5.373081	10.00	-9.369299	-0.09692597	0.00	0.07533994	-2.658907	10.00	-0.01194266
-5.531528	10.00	-9.24614	-0.1584469	0.00	0.1231598	-2.582203	10.00	-0.01190221
-5.633798	10.00	-9.166646	-0.1022698	0.00	0.07949364	-2.519753	10.00	-0.01186935
-5.717065	10.00	-9.101923	-0.08326707	0.00	0.06472296	-2.434728	10.00	-0.01182461
-5.830431	10.00	-9.013803	-0.1133665	0.00	0.08811904	-2.384547	10.00	-0.01179815
-5.897341	10.00	-8.961795	-0.06691007	0.00	0.05200877	-2.33507	10.00	-0.01177212
-5.963311	10.00	-8.907323	-0.06597013	0.00	0.05447207	-2.234418	10.00	-0.01171914
-6.097512	10.00	-8.787416	-0.1342009	0.00	0.119907	-2.185025	10.00	-0.01169314
-6.163371	10.00	-8.727935	-0.0658583	0.00	0.05948132	-2.137211	10.00	-0.01166791
-6.227123	10.00	-8.670356	-0.06375192	0.00	0.0575789	-2.087523	10.00	-0.01164171
-6.293373	10.00	-8.61052	-0.06625041	0.00	0.05983546	-1.986862	10.00	-0.01158875
-6.427588	10.00	-8.489301	-0.1342151	0.00	0.1212192	-1.937674	10.00	-0.01156291
-6.493172	10.00	-8.430068	-0.06558368	0.00	0.05923328	-1.889113	10.00	-0.01153733
-6.55792	10.00	-8.371589	-0.06474849	0.00	0.05847897	-1.839514	10.00	-0.01151115
-6.624052	10.00	-8.311861	-0.06613151	0.00	0.05972807	-1.737205	10.00	-0.01145732
-6.760464	10.00	-8.188658	-0.1364121	0.00	0.1232034	-1.690235	10.00	-0.01143268
-6.823091	10.00	-8.132094	-0.06262654	0.00	0.05656248	-1.588336	10.00	-0.01137898
-6.958956	10.00	-8.009385	-0.1358657	0.00	0.1227099	-1.541889	10.00	-0.01135451
-7.020886	10.00	-7.953452	-0.06193008	0.00	0.05593346	-1.439586	10.00	-0.0113006
-7.15729	10.00	-7.827614	-0.1364036	0.00	0.1258373	-1.393516	10.00	-0.0112764
-7.218716	10.00	-7.770351	-0.06142613	0.00	0.05726266	-1.342589	10.00	-0.01124961
-7.285961	10.00	-7.703764	-0.0672449	0.00	0.06658741	-1.240691	10.00	-0.01119595
-7.382358	10.00	-7.5679	-0.0963975	0.00	0.1358642	-1.194092	10.00	-0.01117135
-7.417418	10.00	-7.505767	-0.03505952	0.00	0.0621325	-1.094327	10.00	-0.01111885
-7.430652	10.00	-7.372747	-0.01323442	0.00	0.1330204	-1.045543	10.00	-0.0110932
-7.430652	10.00	-7.307701	0	0.00	0.06504576	-0.9450911	10.00	-0.01104034
-7.430652	10.00	-7.173767	0	0.00	0.1339348	-0.8965717	10.00	-0.01101481
-7.430652	10.00	-7.109073	0	0.00	0.06469328	-0.8456998	10.00	-0.01098798
-7.430652	10.00	-7.041245	0	0.00	0.06782878	-0.7457955	10.00	-0.01093535
-7.436166	10.00	-6.908039	-0.005513966	0.00	0.1332058	-0.699288	10.00	-0.01091087
-7.439934	10.00	-6.846029	-0.003767695	0.00	0.06200935	-0.5969082	10.00	-0.01085705
-7.448228	10.00	-6.709522	-0.008294175	0.00	0.1365069	-0.5479992	10.00	-0.01083126
-7.45219	10.00	-6.64431	-0.003962337	0.00	0.0652128	-0.4488961	10.00	-0.01077909
-7.460219	10.00	-6.512172	-0.008028661	0.00	0.132137	-0.3985323	10.00	-0.01075255
-7.464299	10.00	-6.44502	-0.004080171	0.00	0.06715214	-0.3005771	10.00	-0.01070102
-7.464299	10.00	-6.314414	0	0.00	0.1306068	-0.2536452	10.00	-0.01067624
-7.464299	10.00	-6.251838	0	0.00	0.06257558	-0.1513239	10.00	-0.01062242
-7.464299	10.00	-6.115409	0	0.00	0.1364291	-0.1051737	10.00	-0.01059806
-7.464299	10.00	-6.053875	0	0.00	0.06153372	-0.05355326	10.00	-0.01057093
-7.464299	10.00	-5.985048	0	0.00	0.06882676	0.04591377	10.00	-0.01051855
-7.464299	10.00	-5.852426	0	0.00	0.1326226	0.0935757	10.00	-0.01049341
-7.464299	10.00	-5.788877	0	0.00	0.0635495	0.1943909	10.00	-0.01044035
-7.464299	10.00	-5.654456	0	0.00	0.1344204	0.2426198	10.00	-0.01041498
-7.464299	10.00	-5.59015	0	0.00	0.06430542	0.3453464	10.00	-0.01036081
-7.464299	10.00	-5.453182	0	0.00	0.1369684	0.4336836	10.00	-0.01031432
-7.464299	10.00	-5.335399	0	0.00	0.1177831	0.4973184	10.00	-0.01028075
-7.464299	10.00	-5.250552	0	0.00	0.08484685	0.5625432	10.00	-0.01024642
-7.464299	10.00	-5.163586	0	0.00	0.08696597	0.6409259	10.00	-0.0102052
-7.464299	10.00	-5.059076	0	0.00	0.1045106	0.7170942	10.00	-0.01016514
-7.464299	10.00	-4.957518	0	0.00	0.1015577	0.7923112	10.00	-0.01012551
-7.464299	10.00	-4.857229	0	0.00	0.1002894	0.8663735	10.00	-0.01008651
-7.464299	10.00	-4.758479	0	0.00	0.09874924	0.9368266	10.00	-0.01004951
-7.464299	10.00	-4.682734	0	0.00	0.07574593	0.9925241	10.00	-0.01002017
-7.464299	10.00	-4.649457	0	0.00	0.03327588	1.088009	10.00	-0.009969808
-7.464299	10.00	-4.649457	0	0.00	0	1.141853	10.00	-0.009941519
-7.464299	10.00	-4.649457	0	0.00	0	1.23528	10.00	-0.009892396
-7.464299	10.00	-4.649457	0	0.00	0	1.284789	10.00	-0.009866238
-7.464299	10.00	-4.649457	0	0.00	0	1.332453	10.00	-0.009841131
-7.464299	10.00	-4.649457	0	0.00	0	1.382605	10.00	-0.009814798
-7.464299	10.00	-4.649457	0	0.00	0	1.481324	10.00	-0.009762852
-7.464299	10.00	-4.622342	0	0.00	0.0271154	1.533303	10.00	-0.00973539
-7.464299	10.00	-4.589946	0	0.00	0.03239613	1.580185	10.00	-0.00971074
-7.464299	10.00	-4.535304	0	0.00	0.0546418	1.630277	10.00	-0.009684377
-7.464299	10.00	-4.472396	0	0.00	0.06290811	1.729301	10.00	-0.009632218
-7.464299	10.00	-4.340364	0	0.00	0.1320323	1.78117	10.00	-0.00960495
-7.464299	10.00	-4.271204	0	0.00	0.06915943	1.835211	10.00	-0.009576457
-7.464299	10.00	-4.19915	0	0.00	0.07205428	1.931148	10.00	-0.009525931
-7.451572	10.00	-4.071234	0.01272656	0.00	0.1279158	1.979258	10.00	-0.009500698
-7.44457	10.00	-4.007087	0.007003205	0.00	0.06414687	2.027971	10.00	-0.009474978
-7.437479	10.00	-3.942138	0.007090832	0.00	0.0649495	2.128635	10.00	-0.009422011
-7.424125	10.00	-3.807919	0.01335371	0.00	0.1342193	2.177045	10.00	-0.009396485
-7.417703	10.00	-3.743371	0.006421937	0.00	0.06454748	2.276824	10.00	-0.009343955
-7.404467	10.00	-3.610332	0.01323625	0.00	0.1330387	2.325595	10.00	-0.009318264
-7.397997	10.00	-3.545305	0.00646968	0.00	0.06502736	2.426031	10.00	-0.009265414
-7.384674	10.00	-3.41139	0.01332343	0.00	0.133915	2.476228	10.00	-0.009239041
-7.378015	10.00	-3.34446	0.006658967	0.00	0.06692989	2.526294	10.00	-0.009212601
-7.371373	10.00	-3.277706	0.006641503	0.00	0.06675436	2.624205	10.00	-0.009161063
-7.358385	10.00	-3.147158	0.01298837	0.00	0.1305473	2.67192	10.00	-0.009135966
-7.352055	10.00	-3.083538	0.006329688	0.00	0.06362028	2.773695	10.00	-0.009082327
-7.338554	10.00	-2.947838	0.01350102	0.00	0.1357	2.820792	10.00	-0.00905757
-7.329266	10.00	-2.885042	0.009287971	0.00	0.06279641	2.922783	10.00	-0.009003795
-7.303886	10.00	-2.749054	0.02538037	0.00	0.1359874	2.970855	10.00	-0.008978561
-7.289441	10.00	-2.684958	0.01444524	0.00	0.06409591	3.02011	10.00	-0.008952627
-7.274004	10.00	-2.619284	0.01543687	0.00	0.06567428	3.118708	10.00	-0.008900691
-7.238011	10.00	-2.487819	0.03599286	0.00	0.1314646	3.167198	10.00	-0.008875175
-7.218432	10.00	-2.423167	0.01957878	0.00	0.06465223	3.268426	10.00	-0.008821984
-7.172331	10.00	-2.288196	0.04610121	0.00	0.134971	3.316208	10.00	-0.008796751
-7.15057	10.00	-2.224488	0.02176036	0.00	0.06370804	3.417032	10.00	-0.008743666
-7.104653	10.00	-2.090055	0.04591748	0.00	0.1344331	3.46418	10.00	-0.008718812
-7.083181	10.00	-2.027191	0.02147219	0.00	0.06286436	3.566984	10.00	-0.008664628
-7.037689	10.00	-1.890118	0.04549196	0.00	0.1370731	3.620493	10.00	-0.008636553
-7.014701	10.00	-1.818773	0.02298724	0.00	0.07134508	3.715631	10.00	-0.008586416
-6.973831	10.00	-1.691923	0.04087077	0.00	0.1268498	3.764752	10.00	-0.00856055
-6.952728	10.00	-1.626427	0.02110266	0.00	0.06549592	3.816485	10.00	-0.00853339
-6.930504	10.00	-1.557451	0.02222374	0.00	0.0689754	3.914679	10.00	-0.008481629
-6.88832	10.00	-1.426526	0.04218387	0.00	0.1309253	3.960017	10.00	-0.00845769
-6.867087	10.00	-1.366074	0.02123364	0.00	0.06045221	4.062806	10.00	-0.008403623
-6.801697	10.00	-1.229023	0.06539011	0.00	0.1370505	4.109852	10.00	-0.008378759
-6.770553	10.00	-1.166295	0.03114405	0.00	0.06272846	4.160975	10.00	-0.008351842
-6.736709	10.00	-1.098129	0.03384358	0.00	0.06816569	4.260423	10.00	-0.008299458
-6.674728	10.00	-0.9719531	0.0619807	0.00	0.1261761	4.312763	10.00	-0.008271976
-6.643459	10.00	-0.9055452	0.03126964	0.00	0.06640785	4.409577	10.00	-0.008220964
-6.586869	10.00	-0.7827098	0.05658994	0.00	0.1228355	4.465881	10.00	-0.008191332
-6.553957	10.00	-0.7112721	0.03291114	0.00	0.07143771	4.55866	10.00	-0.008142539
-6.504517	10.00	-0.5935553	0.04944042	0.00	0.1177167	4.616371	10.00	-0.008112032
-6.473764	10.00	-0.5203328	0.03075309	0.00	0.07322254	4.706644	10.00	-0.008064484
-6.425659	10.00	-0.4057951	0.04810525	0.00	0.1145377	4.756281	10.00	-0.008038404
-6.399209	10.00	-0.3428168	0.02645056	0.00	0.06297829	4.856086	10.00	-0.007985806
-6.346025	10.00	-0.2161867	0.05318399	0.00	0.1266301	4.909527	10.00	-0.007957692
-6.319616	10.00	-0.1497606	0.02640832	0.00	0.06642616	5.004438	10.00	-0.007907751
-6.276392	10.00	-0.03424171	0.04322385	0.00	0.1155189	5.051873	10.00	-0.00788277
-6.255402	10.00	0.02349317	0.02099033	0.00	0.05773488	5.150992	10.00	-0.007830532
-6.210261	10.00	0.1441357	0.04514096	0.00	0.1206425	5.200457	10.00	-0.007804549
-6.187734	10.00	0.2043412	0.0225272	0.00	0.06020559	5.301076	10.00	-0.007751504
-6.14191	10.00	0.3203132	0.04582368	0.00	0.1159719	5.348725	10.00	-0.007726484
-6.119595	10.00	0.3733864	0.02231509	0.00	0.0530733	5.449678	10.00	-0.007673234
-6.072316	10.00	0.4819237	0.04727934	0.00	0.1085372	5.497148	10.00	-0.007648254
-6.050084	10.00	0.5323468	0.02223155	0.00	0.05042319	5.599756	10.00	-0.007594216
-6.002029	10.00	0.6400141	0.04805451	0.00	0.1076673	5.646051	10.00	-0.007569917
-5.980348	10.00	0.6885923	0.02168163	0.00	0.04857821	5.746052	10.00	-0.007517172
-5.932224	10.00	0.7896492	0.04812389	0.00	0.1010569	5.795097	10.00	-0.007491443
-5.907355	10.00	0.8360472	0.02486903	0.00	0.04639792	5.894907	10.00	-0.007438815
-5.855457	10.00	0.9240261	0.05189823	0.00	0.08797892	5.943376	10.00	-0.007413358
-5.830254	10.00	0.9667498	0.02520247	0.00	0.04272374	6.043781	10.00	-0.007360458
-5.778046	10.00	1.055254	0.05220792	0.00	0.08850393	6.09184	10.00	-0.007335234
-5.753057	10.00	1.097617	0.02498994	0.00	0.04236345	6.193112	10.00	-0.007281926
-5.700398	10.00	1.186884	0.05265784	0.00	0.08926664	6.239925	10.00	-0.007257296
-5.676057	10.00	1.228148	0.02434129	0.00	0.04126384	6.340784	10.00	-0.007204124
-5.623614	10.00	1.317051	0.05244365	0.00	0.08890353	6.39094	10.00	-0.007177693
-5.597534	10.00	1.361262	0.02607967	0.00	0.04421079	6.491295	10.00	-0.007124871
-5.545352	10.00	1.449722	0.05218198	0.00	0.08845995	6.537274	10.00	-0.00710066
-5.521445	10.00	1.49025	0.02390738	0.00	0.04052827	6.639985	10.00	-0.007046583
-5.468037	10.00	1.580788	0.05340752	0.00	0.0905375	6.687753	10.00	-0.007021388
-5.4432	10.00	1.622892	0.02483702	0.00	0.04210422	6.789559	10.00	-0.006967788
-5.390264	10.00	1.712631	0.05293662	0.00	0.08973923	6.857588	10.00	-0.006931947
-5.35489	10.00	1.772597	0.03537334	0.00	0.0599656	6.949978	10.00	-0.006883271
-5.306849	10.00	1.854037	0.0480411	0.00	0.08144024	7.036345	10.00	-0.006837825
-5.261941	10.00	1.930165	0.0449077	0.00	0.07612843	7.086546	10.00	-0.006811405
-5.235838	10.00	1.974416	0.02610341	0.00	0.04425103	7.184	10.00	-0.00676013
-5.185166	10.00	2.060317	0.05067214	0.00	0.08590043	7.231594	10.00	-0.006735033
-5.160418	10.00	2.10227	0.02474814	0.00	0.04195355	7.333588	10.00	-0.006681238
-5.107383	10.00	2.192175	0.05303434	0.00	0.08990488	7.380136	10.00	-0.006656783
-5.08318	10.00	2.233204	0.02420272	0.00	0.04102894	7.48141	10.00	-0.006603504
-5.03052	10.00	2.322475	0.05266005	0.00	0.08927038	7.529445	10.00	-0.006578212
-5.005544	10.00	2.364816	0.02497669	0.00	0.04234099	7.631791	10.00	-0.006524358
-4.952326	10.00	2.455031	0.05321762	0.00	0.09021558	7.677516	10.00	-0.006500215
-4.928551	10.00	2.495336	0.02377544	0.00	0.04030461	7.780953	10.00	-0.006445807
-4.874767	10.00	2.579834	0.05378346	0.00	0.08449779	7.828721	10.00	-0.006420651
-4.849929	10.00	2.618857	0.02483868	0.00	0.03902339	7.92993	10.00	-0.006367314
-4.797303	10.00	2.701536	0.05262582	0.00	0.08267905	7.982172	10.00	-0.006339793
-4.770138	10.00	2.744213	0.02716444	0.00	0.04267734	8.078079	10.00	-0.006289307
-4.72027	10.00	2.82256	0.04986836	0.00	0.07834688	8.142023	10.00	-0.006255597
-4.68702	10.00	2.874798	0.03324962	0.00	0.05223761	8.224079	10.00	-0.006212439
-4.644353	10.00	2.941831	0.04266695	0.00	0.06703292	8.292648	10.00	-0.006176326
-4.6087	10.00	2.997845	0.03565323	0.00	0.05601384	8.372998	10.00	-0.006133955
-4.56692	10.00	3.070745	0.04177981	0.00	0.07290071	8.431026	10.00	-0.006103516
-4.536747	10.00	3.130136	0.03017308	0.00	0.05939096	8.521059	10.00	-0.006056095
-4.489933	10.00	3.223447	0.04681501	0.00	0.09331035	8.570468	10.00	-0.006030024
-4.464242	10.00	3.274653	0.02569104	0.00	0.05120664	8.619972	10.00	-0.006003944
-4.43914	10.00	3.328514	0.02510105	0.00	0.05386101	8.668179	10.00	-0.005978652
-4.415318	10.00	3.382833	0.02382189	0.00	0.0543189	8.770152	10.00	-0.005924916
-4.367562	10.00	3.50563	0.04775617	0.00	0.1227969	8.818606	10.00	-0.0058994
-4.344869	10.00	3.563982	0.02269347	0.00	0.0583524	8.866423	10.00	-0.005874196
-4.322475	10.00	3.621564	0.02239365	0.00	0.05758145	8.916083	10.00	-0.005847979
-4.3005	10.00	3.681365	0.02197456	0.00	0.05980094	8.965956	10.00	-0.005821841
-4.278431	10.00	3.742711	0.02206899	0.00	0.06134569	9.066189	10.00	-0.005769058
-4.234077	10.00	3.872474	0.04435457	0.00	0.1297638	9.116321	10.00	-0.005742696
-4.208011	10.00	3.938021	0.02606642	0.00	0.06554628	9.164303	10.00	-0.005717326
-4.180583	10.00	4.000759	0.02742757	0.00	0.06273804	9.214603	10.00	-0.005690925
-4.151181	10.00	4.067176	0.02940177	0.00	0.0664178	9.31473	10.00	-0.005638132
-4.093947	10.00	4.20068	0.05723407	0.00	0.1335031	9.362768	10.00	-0.005612899
-4.066489	10.00	4.264729	0.02745852	0.00	0.06404919	9.411627	10.00	-0.005587159
-4.03856	10.00	4.329875	0.02792884	0.00	0.06514627	9.462403	10.00	-0.005560408
-4.010846	10.00	4.397578	0.02771374	0.00	0.0677028	9.561891	10.00	-0.005507985
-3.957831	10.00	4.530227	0.05301483	0.00	0.1326495	9.612047	10.00	-0.005481672
-3.931104	10.00	4.597101	0.02672664	0.00	0.06687327	9.659209	10.00	-0.005456749
-3.905972	10.00	4.659986	0.02513293	0.00	0.06288559	9.709524	10.00	-0.005430309
-3.87916	10.00	4.727072	0.02681151	0.00	0.06708561	9.759545	10.00	-0.005403908
-3.852505	10.00	4.793766	0.02665536	0.00	0.06669491	9.860845	10.00	-0.005350629
-3.798524	10.00	4.928833	0.05398057	0.00	0.1350659	9.910692	10.00	-0.005324286
-3.771961	10.00	4.995295	0.02656258	0.00	0.06646276	9.989637	10.00	-0.005282811
-3.729893	10.00	5.100555	0.04206812	0.00	0.1052595	10.05895	10.00	-0.00524626
-3.692957	10.00	5.192975	0.03693676	0.00	0.09242019	10.10571	10.00	-0.005221639
-3.66804	10.00	5.25532	0.02491681	0.00	0.06234484	10.15761	10.00	-0.005194324
-3.64038	10.00	5.324527	0.02765957	0.00	0.06920756	10.25615	10.00	-0.005142465
-3.587876	10.00	5.455899	0.05250396	0.00	0.1313712	10.30395	10.00	-0.005117202
-3.563018	10.00	5.519642	0.02485855	0.00	0.06374343	10.35381	10.00	-0.005090996
-3.537094	10.00	5.586117	0.025924	0.00	0.0664755	10.40323	10.00	-0.005064945
-3.511396	10.00	5.652014	0.02569821	0.00	0.06589652	10.50331	10.00	-0.005012288
-3.459354	10.00	5.785462	0.05204176	0.00	0.1334479	10.55345	10.00	-0.004985965
-3.433284	10.00	5.852311	0.02606974	0.00	0.0668492	10.60269	10.00	-0.004959933
-3.40768	10.00	5.917967	0.02560436	0.00	0.06565587	10.65107	10.00	-0.004934554
-3.382525	10.00	5.982469	0.02515445	0.00	0.06450218	10.70061	10.00	-0.004908484
-3.35677	10.00	6.048513	0.02575562	0.00	0.06604374	10.8004	10.00	-0.004855847
-3.304883	10.00	6.181564	0.05188719	0.00	0.1330515	10.84921	10.00	-0.004830234
-3.279501	10.00	6.246648	0.02538134	0.00	0.06508398	10.89881	10.00	-0.004804115
-3.253709	10.00	6.312787	0.02579261	0.00	0.06613859	10.94876	10.00	-0.004777782
-3.227734	10.00	6.379393	0.02597478	0.00	0.06660572	11.0497	10.00	-0.004724619
-3.175253	10.00	6.513966	0.05248064	0.00	0.1345732	11.09937	10.00	-0.004698568
-3.149422	10.00	6.580202	0.0258307	0.00	0.06623626	11.14629	10.00	-0.004673763
-3.125029	10.00	6.642752	0.02439318	0.00	0.0625501	11.1966	10.00	-0.004647284
-3.098868	10.00	6.709836	0.02616138	0.00	0.06708419	11.24593	10.00	-0.004621321
-3.073214	10.00	6.775618	0.0256535	0.00	0.06578186	11.34786	10.00	-0.004567662
-3.020215	10.00	6.91152	0.052999	0.00	0.1359025	11.39623	10.00	-0.004542156
-2.995064	10.00	6.976015	0.02515114	0.00	0.06449369	11.44529	10.00	-0.00451628
-2.968923	10.00	7.041424	0.02614166	0.00	0.06540956	11.54744	10.00	-0.004462602
-2.910532	10.00	7.177625	0.05839077	0.00	0.1362011	11.60889	10.00	-0.004430206
-2.873821	10.00	7.259556	0.03671117	0.00	0.08193076	11.69322	10.00	-0.004385822
-2.827792	10.00	7.372001	0.04602866	0.00	0.1124449	11.75224	10.00	-0.004354769
-2.797865	10.00	7.450696	0.02992725	0.00	0.07869475	11.84282	10.00	-0.004307085
-2.753103	10.00	7.571473	0.04476147	0.00	0.120777	11.89896	10.00	-0.004277444
-2.726815	10.00	7.646316	0.02628834	0.00	0.07484297	11.99096	10.00	-0.004228991
-2.683727	10.00	7.768988	0.0430883	0.00	0.1226725	12.04078	10.00	-0.004202862
-2.660391	10.00	7.835424	0.02333537	0.00	0.06643586	12.08824	10.00	-0.004177833
-2.639392	10.00	7.898697	0.02099925	0.00	0.06327346	12.13733	10.00	-0.004152026
-2.618303	10.00	7.964151	0.02108897	0.00	0.06545345	12.188	10.00	-0.004125284
-2.596533	10.00	8.031717	0.02176992	0.00	0.0675669	12.2368	10.00	-0.004099671
-2.57557	10.00	8.096779	0.02096263	0.00	0.06506133	12.2868	10.00	-0.004073318
-2.554091	10.00	8.163445	0.02147939	0.00	0.06666518	12.38698	10.00	-0.004020564
-2.511056	10.00	8.297009	0.04303449	0.00	0.1335654	12.4348	10.00	-0.00399536
-2.491127	10.00	8.360782	0.01992963	0.00	0.06377174	12.48598	10.00	-0.003968433
-2.469801	10.00	8.429019	0.02132537	0.00	0.06823789	12.53541	10.00	-0.003942441
-2.449203	10.00	8.494933	0.02059897	0.00	0.06591351	12.58471	10.00	-0.00391639
-2.428664	10.00	8.560653	0.02053836	0.00	0.06571957	12.63266	10.00	-0.003891215
-2.408684	10.00	8.624585	0.01998007	0.00	0.06393312	12.6826	10.00	-0.003864989
-2.387875	10.00	8.691173	0.02080955	0.00	0.06658732	12.73204	10.00	-0.003838899
-2.367272	10.00	8.757099	0.02060295	0.00	0.06592625	12.78197	10.00	-0.003812605
-2.346468	10.00	8.823668	0.02080379	0.00	0.06656892	12.88191	10.00	-0.003759949
-2.304824	10.00	8.956923	0.04164431	0.00	0.1332553	12.93106	10.00	-0.003734141
-2.284344	10.00	9.022454	0.02047952	0.00	0.06553131	12.97993	10.00	-0.003708382
-2.263977	10.00	9.087625	0.02036672	0.00	0.06517033	13.03014	10.00	-0.003681952
-2.243704	10.00	9.154571	0.02027325	0.00	0.06694546	13.07999	10.00	-0.003655628
-2.224223	10.00	9.221024	0.01948061	0.00	0.06645285	13.13	10.00	-0.003629354
-2.20403	10.00	9.287706	0.02019394	0.00	0.06668358	13.22798	10.00	-0.003577816
-2.164468	10.00	9.418346	0.0395618	0.00	0.1306393	13.27937	10.00	-0.003550753
-2.143714	10.00	9.486877	0.02075337	0.00	0.06853091	13.32924	10.00	-0.003524479
-2.123581	10.00	9.55336	0.02013307	0.00	0.06648257	13.37689	10.00	-0.00349944
-2.103725	10.00	9.616898	0.01985664	0.00	0.06353817	13.42624	10.00	-0.003473408
-2.084435	10.00	9.682699	0.01928972	0.00	0.06580168	13.47604	10.00	-0.003447221
-2.065613	10.00	9.7491	0.01882231	0.00	0.06640047	13.57514	10.00	-0.003395003
-2.031994	10.00	9.881238	0.03361838	0.00	0.1321384	13.62564	10.00	-0.003368475
-2.015518	10.00	9.948562	0.01647639	0.00	0.06732342	13.67546	10.00	-0.003342229
-2.000548	10.00	10.01498	0.0149694	0.00	0.0664217	13.72538	10.00	-0.003316013
-1.986835	10.00	10.08155	0.01371371	0.00	0.06657033	13.77327	10.00	-0.003290692
-1.973679	10.00	10.14541	0.01315557	0.00	0.06386092	13.82268	10.00	-0.003264651
-1.960111	10.00	10.21128	0.01356791	0.00	0.06586255	13.87192	10.00	-0.003238814
-1.946585	10.00	10.27694	0.01352592	0.00	0.0656587	13.92217	10.00	-0.003212335
-1.933431	10.00	10.34394	0.01315388	0.00	0.06700209	13.97157	10.00	-0.003186255
-1.920499	10.00	10.40981	0.01293212	0.00	0.06587246	14.0215	10.00	-0.003160019
-1.908073	10.00	10.47639	0.01242585	0.00	0.06657741	14.12037	10.00	-0.003107898
-1.886024	10.00	10.60821	0.02204977	0.00	0.1318199	14.17195	10.00	-0.003080728
-1.874521	10.00	10.67697	0.01150236	0.00	0.06876448	14.22053	10.00	-0.003055154
-1.863684	10.00	10.74176	0.01083723	0.00	0.06478813	14.27062	10.00	-0.00302886
-1.853806	10.00	10.80854	0.009877564	0.00	0.06678268	14.32061	10.00	-0.003002517
-1.844594	10.00	10.87519	0.009212131	0.00	0.06664678	14.3686	10.00	-0.002977206
-1.835749	10.00	10.93918	0.008845063	0.00	0.06399116	14.41721	10.00	-0.002951651
-1.828673	10.00	11.00399	0.007075842	0.00	0.06481219	14.46703	10.00	-0.002925357
-1.822065	10.00	11.07042	0.006608829	0.00	0.06642595	14.51678	10.00	-0.00289917
-1.816107	10.00	11.13676	0.005958133	0.00	0.06634243	14.56652	10.00	-0.002873022
-1.810151	10.00	11.20308	0.005955717	0.00	0.06631553	14.66562	10.00	-0.002820862
-1.798284	10.00	11.33521	0.01186681	0.00	0.1321342	14.71511	10.00	-0.002794733
-1.792359	10.00	11.40119	0.00592546	0.00	0.06597862	14.76591	10.00	-0.00276804
-1.786275	10.00	11.46893	0.006083866	0.00	0.06774244	14.81547	10.00	-0.002741911
-1.78098	10.00	11.53501	0.00529465	0.00	0.06607913	14.86318	10.00	-0.002716794
-1.775884	10.00	11.59862	0.005096384	0.00	0.06360471	14.91296	10.00	-0.002690607
-1.770565	10.00	11.66499	0.005318469	0.00	0.0663764	14.96253	10.00	-0.00266442
-1.765269	10.00	11.73109	0.005296238	0.00	0.06609895	15.01261	10.00	-0.002638165
-1.761212	10.00	11.79786	0.004056949	0.00	0.06676994	15.063	10.00	-0.002611686
-1.75713	10.00	11.86504	0.004082063	0.00	0.06718328	15.11598	10.00	-0.002583727
-1.754206	10.00	11.93569	0.002924218	0.00	0.07064295	15.21238	10.00	-0.002532979
-1.748885	10.00	12.06421	0.005320304	0.00	0.1285273	15.26122	10.00	-0.00250719
-1.74619	10.00	12.12934	0.002695749	0.00	0.06512362	15.31478	10.00	-0.00247896
-1.743233	10.00	12.20076	0.00295633	0.00	0.07141869	15.41124	10.00	-0.002428211
-1.743233	10.00	12.32936	0	0.00	0.1286066	15.45965	10.00	-0.002402714
-1.743233	10.00	12.39391	0	0.00	0.06455031	15.50808	10.00	-0.002377306
-1.743233	10.00	12.45849	0	0.00	0.06457438	15.60749	10.00	-0.002324941
-1.743233	10.00	12.59104	0	0.00	0.132549	15.65789	10.00	-0.002298355
-1.743233	10.00	12.65824	0	0.00	0.0672031	15.7073	10.00	-0.002272382
-1.743233	10.00	12.72411	0	0.00	0.06587246	15.75895	10.00	-0.002245105
-1.743233	10.00	12.79298	0	0.00	0.06886782	15.80689	10.00	-0.002219833
-1.743233	10.00	12.85691	0	0.00	0.06392463	15.85679	10.00	-0.002193626
-1.743233	10.00	12.92343	0	0.00	0.06652362	15.90433	10.00	-0.002168636
-1.743233	10.00	12.98682	0	0.00	0.06339236	15.95403	10.00	-0.002142439
-1.743233	10.00	13.05309	0	0.00	0.06626599	16.00371	10.00	-0.00211631
-1.743233	10.00	13.11933	0	0.00	0.06624617	16.05339	10.00	-0.002090123
-1.741133	10.00	13.18558	0.002100628	0.00	0.06624192	16.10297	10.00	-0.002064004
-1.738397	10.00	13.25167	0.002735888	0.00	0.06609329	16.20378	10.00	-0.002010968
-1.732833	10.00	13.38608	0.00556389	0.00	0.1344119	16.2527	10.00	-0.001985248
-1.730133	10.00	13.45131	0.002699968	0.00	0.06522554	16.30183	10.00	-0.001959392
-1.727421	10.00	13.51682	0.002712098	0.00	0.06551857	16.40088	10.00	-0.001907105
-1.721954	10.00	13.64889	0.005466913	0.00	0.1320691	16.45224	10.00	-0.001880101
-1.719119	10.00	13.71737	0.002834565	0.00	0.06847712	16.50141	10.00	-0.001854196
-1.716406	10.00	13.78292	0.002713563	0.00	0.06555396	16.55	10.00	-0.001828651
-1.713723	10.00	13.84773	0.002682389	0.00	0.06480087	16.59982	10.00	-0.001802376
-1.710974	10.00	13.91414	0.002749131	0.00	0.06641321	16.64813	10.00	-0.001776968
-1.708308	10.00	13.97855	0.002666216	0.00	0.06441016	16.69779	10.00	-0.001750742
-1.705567	10.00	14.04477	0.002741279	0.00	0.06622352	16.74863	10.00	-0.001724039
-1.702761	10.00	14.11255	0.002805677	0.00	0.06777924	16.79703	10.00	-0.001698465
-1.70009	10.00	14.17709	0.002671373	0.00	0.06453474	16.89662	10.00	-0.001646168
-1.694593	10.00	14.30986	0.00549627	0.00	0.1327783	16.94653	10.00	-0.001619796
-1.691194	10.00	14.37642	0.003399505	0.00	0.06655618	16.99735	10.00	-0.001593123
-1.687077	10.00	14.44417	0.00411664	0.00	0.06775235	17.04465	10.00	-0.001568181
-1.682635	10.00	14.50724	0.004442613	0.00	0.06306678	17.09405	10.00	-0.001542072
-1.677995	10.00	14.57311	0.004640154	0.00	0.06587104	17.14377	10.00	-0.001515895
-1.673325	10.00	14.6394	0.004669869	0.00	0.06629288	17.19428	10.00	-0.001489357
-1.668581	10.00	14.70675	0.00474396	0.00	0.06734466	17.24312	10.00	-0.001463549
-1.663993	10.00	14.77188	0.004588101	0.00	0.06513211	17.34286	10.00	-0.001411068
-1.654625	10.00	14.90486	0.00936766	0.00	0.1329821	17.39207	10.00	-0.001385212
-1.650003	10.00	14.97048	0.004622204	0.00	0.06561624	17.443	10.00	-0.001358402
-1.64522	10.00	15.03838	0.004782849	0.00	0.06789673	17.49217	10.00	-0.001332468
-1.640601	10.00	15.10395	0.004619113	0.00	0.06557235	17.54144	10.00	-0.001306621
-1.635974	10.00	15.16963	0.004626891	0.00	0.06568277	17.59036	10.00	-0.001280833
-1.631379	10.00	15.23486	0.004595181	0.00	0.06523262	17.63946	10.00	-0.001254938
-1.626768	10.00	15.30032	0.004611236	0.00	0.06546053	17.68959	10.00	-0.001228547
-1.622059	10.00	15.36717	0.004708958	0.00	0.06684779	17.73894	10.00	-0.001202535
-1.617423	10.00	15.43297	0.004635267	0.00	0.06580168	17.7883	10.00	-0.001176591
-1.612787	10.00	15.49879	0.004635965	0.00	0.06581159	17.88947	10.00	-0.001123234
-1.603286	10.00	15.63367	0.009501681	0.00	0.1348847	17.93719	10.00	-0.001098195
-1.598804	10.00	15.6973	0.004482102	0.00	0.06362735	17.9882	10.00	-0.001071239
-1.594012	10.00	15.76531	0.004791226	0.00	0.06801564	18.03813	10.00	-0.001044916
-1.589322	10.00	15.83189	0.004689912	0.00	0.06657741	18.08723	10.00	-0.001019098
-1.584711	10.00	15.89736	0.004611834	0.00	0.06546902	18.13486	10.00	-0.0009940693
-1.580237	10.00	15.96086	0.004473326	0.00	0.06350278	18.18464	10.00	-0.0009679405
-1.575562	10.00	16.02724	0.004675753	0.00	0.0663764	18.2342	10.00	-0.0009417242
-1.570907	10.00	16.09331	0.004654413	0.00	0.06607347	18.28414	10.00	-0.0009154106
-1.566216	10.00	16.1599	0.004691009	0.00	0.06659298	18.33337	10.00	-0.0008893986
-1.561592	10.00	16.22554	0.0046237	0.00	0.06563747	18.43416	10.00	-0.0008363529
-1.552126	10.00	16.35993	0.00946648	0.00	0.134385	18.48289	10.00	-0.0008106816
-1.547548	10.00	16.42491	0.004577531	0.00	0.06498206	18.53267	10.00	-0.0007845334
-1.542873	10.00	16.49128	0.004675155	0.00	0.06636791	18.58235	10.00	-0.0007582684
-1.538207	10.00	16.55752	0.00466608	0.00	0.06623909	18.6341	10.00	-0.0007311081
-1.533347	10.00	16.62652	0.004860529	0.00	0.06899947	18.73224	10.00	-0.0006793859
-1.524129	10.00	16.75737	0.009217984	0.00	0.1308573	18.78193	10.00	-0.0006532377
-1.520103	10.00	16.82362	0.004025211	0.00	0.06624758	18.83624	10.00	-0.0006245204
-1.515703	10.00	16.89604	0.004400045	0.00	0.07241667	18.9296	10.00	-0.000575377
-1.506935	10.00	17.02052	0.008768757	0.00	0.1244802	18.97877	10.00	-0.0005495402
-1.501681	10.00	17.08608	0.00525325	0.00	0.06556245	19.02938	10.00	-0.0005228082
-1.495577	10.00	17.15405	0.006104461	0.00	0.06797176	19.07701	10.00	-0.0004975747
-1.48977	10.00	17.21871	0.005806719	0.00	0.06465647	19.12552	10.00	-0.0004717768
-1.483136	10.00	17.28539	0.006634461	0.00	0.06668358	19.1707	10.00	-0.0004477793
-1.475579	10.00	17.34897	0.007556359	0.00	0.06357498	19.21662	10.00	-0.0004233438
-1.466408	10.00	17.41532	0.009171433	0.00	0.06635234	19.26126	10.00	-0.000399609
-1.456599	10.00	17.48164	0.009809099	0.00	0.06631978	19.30497	10.00	-0.0003762829
-1.44606	10.00	17.54851	0.01053849	0.00	0.06687327	19.34832	10.00	-0.0003531903
-1.43529	10.00	17.61686	0.01077072	0.00	0.06834689	19.38716	10.00	-0.0003325209
-1.424716	10.00	17.68007	0.01057321	0.00	0.06320976	19.46685	10.00	-0.0002900046
-1.398471	10.00	17.81376	0.02624524	0.00	0.1336857	19.50311	10.00	-0.0002707365
-1.385064	10.00	17.87883	0.01340665	0.00	0.06507973	19.53872	10.00	-0.0002517019
-1.371431	10.00	17.94501	0.01363352	0.00	0.06618106	19.57307	10.00	-0.0002332901
-1.357789	10.00	18.01124	0.01364198	0.00	0.0662221	19.60539	10.00	-0.0002160656
-1.344456	10.00	18.07596	0.01333316	0.00	0.06472301	19.63745	10.00	-0.0001988314
-1.330704	10.00	18.14271	0.01375133	0.00	0.06675295	19.66767	10.00	-0.0001826286
-1.31719	10.00	18.20832	0.01351483	0.00	0.06560491	19.72646	10.00	-0.0001511671
-1.287165	10.00	18.34154	0.03002463	0.00	0.1332242	19.75282	10.00	-0.0001369593
-1.272383	10.00	18.40713	0.01478213	0.00	0.06559075	19.77883	10.00	-0.0001229656
-1.256396	10.00	18.47515	0.01598722	0.00	0.06801564	19.80234	10.00	-0.0001102759
-1.241126	10.00	18.54011	0.01526951	0.00	0.06496224	19.82455	10.00	-9.827711E-05
-1.22589	10.00	18.60493	0.0152359	0.00	0.06481927	19.84627	10.00	-8.661893E-05
-1.21008	10.00	18.67219	0.01580987	0.00	0.06726114	19.86606	10.00	-7.578792E-05
-1.194708	10.00	18.73759	0.01537266	0.00	0.06540107	19.88468	10.00	-6.567702E-05
-1.179235	10.00	18.80342	0.01547248	0.00	0.06582575	19.90247	10.00	-5.599431E-05
-1.163314	10.00	18.87115	0.01592167	0.00	0.06773677	19.93493	10.00	-3.827348E-05
-1.131766	10.00	19.00537	0.03154787	0.00	0.1342165	19.94772	10.00	-3.115012E-05
-1.116746	10.00	19.06927	0.01501996	0.00	0.06390056	19.97177	10.00	-1.773056E-05
-1.085205	10.00	19.20346	0.03154088	0.00	0.1341868	19.98012	10.00	-1.306923E-05
-1.069816	10.00	19.26893	0.01538863	0.00	0.06546902	19.99321	10.00	-5.070044E-06
-1.038603	10.00	19.40172	0.03121314	0.00	0.1327924	19.99708	10.00	-2.442574E-06
-1.0235	10.00	19.46597	0.01510314	0.00	0.06425446	20	10.00	0
-0.9917369	10.00	19.60111	0.03176314	0.00	0.1351324	20	10.00	0
-0.9768853	10.00	19.66429	0.01485159	0.00	0.06318428	20	10.00	0
-0.9603424	10.00	19.73467	0.01654288	0.00	0.07037965	20	10.00	0
-0.9295775	10.00	19.86556	0.03076494	0.00	0.1308857	20	10.00	0
-0.914811	10.00	19.92838	0.01476641	0.00	0.06282189	20	10.00	0
-0.8829627	10.00	20.06387	0.03184833	0.00	0.1354948	20	10.00	0
-0.8681583	10.00	20.12686	0.01480435	0.00	0.06298327	20	10.00	0
-0.8362698	10.00	20.26252	0.03188859	0.00	0.1356661	20	10.00	0
-0.8214954	10.00	20.32538	0.0147744	0.00	0.06285586	20	10.00	0
-0.7897595	10.00	20.4604	0.03173586	0.00	0.1350163	20	10.00	0
-0.7751252	10.00	20.52266	0.01463432	0.00	0.06225991	20	10.00	0
-0.7585816	10.00	20.59304	0.01654355	0.00	0.07038248	20	10.00	0
-0.7279062	10.00	20.72354	0.03067544	0.00	0.1305049	20	10.00	0
-0.7126377	10.00	20.7885	0.01526851	0.00	0.06495799	20	10.00	0
-0.6809983	10.00	20.92311	0.03163937	0.00	0.1346058	20	10.00	0
-0.6662362	10.00	20.98591	0.01476209	0.00	0.06280348	20	10.00	0
-0.6339158	10.00	21.12341	0.03232047	0.00	0.1375035	20	10.00	0
-0.6180413	10.00	21.19095	0.01587442	0.00	0.06753576	20	10.00	0
-0.587298	10.00	21.32174	0.03074331	0.00	0.1307936	20	10.00	0
-0.5717414	10.00	21.38793	0.01555666	0.00	0.06618389	20	10.00	0
-0.5407079	10.00	21.51995	0.03103346	0.00	0.132028	20	10.00	0
-0.5205901	10.00	21.60554	0.02011778	0.00	0.08558861	20	10.00	0
-0.4941524	10.00	21.71802	0.02643773	0.00	0.1124761	20	10.00	0
-0.4775084	10.00	21.78883	0.01664403	0.00	0.07080999	20	10.00	0
-0.4475374	10.00	21.91634	0.02997104	0.00	0.1275081	20	10.00	0
-0.4280711	10.00	21.99916	0.01946628	0.00	0.08281691	20	10.00	0
-0.4011888	10.00	22.11352	0.02688227	0.00	0.1143673	20	10.00	0
-0.3859496	10.00	22.17835	0.01523923	0.00	0.06483342	20	10.00	0
-0.3710221	10.00	22.24186	0.01492746	0.00	0.06350703	20	10.00	0
-0.3394962	10.00	22.37599	0.03152591	0.00	0.1341231	20	10.00	0
-0.3242526	10.00	22.44084	0.01524356	0.00	0.06485183	20	10.00	0
-0.3080967	10.00	22.50957	0.01615591	0.00	0.06873333	20	10.00	0
-0.2934032	10.00	22.57208	0.01469354	0.00	0.06251188	20	10.00	0
-0.2776712	10.00	22.63901	0.01573201	0.00	0.06692989	20	10.00	0
-0.246494	10.00	22.77165	0.0311772	0.00	0.1326396	20	10.00	0
-0.2304925	10.00	22.83973	0.01600152	0.00	0.06807651	20	10.00	0
-0.2154858	10.00	22.90357	0.01500665	0.00	0.06384394	20	10.00	0
-0.2000975	10.00	22.96904	0.01538829	0.00	0.0654676	20	10.00	0
-0.1845299	10.00	23.03527	0.01556764	0.00	0.0662306	20	10.00	0
-0.1530509	10.00	23.16919	0.03147899	0.00	0.1339235	20	10.00	0
-0.1377019	10.00	23.2345	0.01534903	0.00	0.06530056	20	10.00	0
-0.1219306	10.00	23.30159	0.01577127	0.00	0.06709693	20	10.00	0
-0.1070214	10.00	23.36502	0.01490916	0.00	0.06342917	20	10.00	0
-0.09135198	10.00	23.43168	0.01566945	0.00	0.06666376	20	10.00	0
-0.06001839	10.00	23.56499	0.03133358	0.00	0.1333049	20	10.00	0
-0.04422383	10.00	23.63218	0.01579456	0.00	0.06719602	20	10.00	0
-0.02899558	10.00	23.69697	0.01522825	0.00	0.06478671	20	10.00	0
-0.01375901	10.00	23.76179	0.01523657	0.00	0.0648221	20	10.00	0
0.001579368	10.00	23.82705	0.01533838	0.00	0.06525526	20	10.00	0
0.03337146	10.00	23.96231	0.03179209	0.00	0.1352555	20	10.00	0
0.04846828	10.00	24.02653	0.01509682	0.00	0.06422756	20	10.00	0
0.06346767	10.00	24.09309	0.01499939	0.00	0.06655476	20	10.00	0
0.07789824	10.00	24.15712	0.01443057	0.00	0.06403079	20	10.00	0
0.09296144	10.00	24.22396	0.0150632	0.00	0.06683788	20	10.00	0
0.1229219	10.00	24.3569	0.0299605	0.00	0.1329397	20	10.00	0
0.1382372	10.00	24.42485	0.01531523	0.00	0.06795619	20	10.00	0
0.1523541	10.00	24.48749	0.01411696	0.00	0.06263928	20	10.00	0
0.1678499	10.00	24.55625	0.0154958	0.00	0.0687574	20	10.00	0
0.182447	10.00	24.62102	0.0145971	0.00	0.06476972	20	10.00	0
0.2123275	10.00	24.7536	0.02988042	0.00	0.1325843	20	10.00	0
0.2268139	10.00	24.81788	0.0144864	0.00	0.06427852	20	10.00	0
0.2419453	10.00	24.88502	0.01513147	0.00	0.06714082	20	10.00	0
0.2570567	10.00	24.95207	0.01511137	0.00	0.06705163	20	10.00	0
0.2867167	10.00	25.08368	0.02965998	0.00	0.1316062	20	10.00	0
0.3022482	10.00	25.1526	0.01553153	0.00	0.06891595	20	10.00	0
0.3160966	10.00	25.2168	0.01384842	0.00	0.06420632	20	10.00	0
0.3317993	10.00	25.2896	0.01570264	0.00	0.07280312	20	10.00	0
0.3587765	10.00	25.41468	0.02697721	0.00	0.1250761	20	10.00	0
0.3732471	10.00	25.48177	0.01447067	0.00	0.06709127	20	10.00	0
0.3869282	10.00	25.5452	0.01368111	0.00	0.06343058	20	10.00	0
0.401235	10.00	25.61153	0.01430671	0.00	0.0663311	20	10.00	0
0.4157609	10.00	25.67888	0.01452593	0.00	0.06734749	20	10.00	0
0.4443795	10.00	25.81157	0.02861861	0.00	0.1326863	20	10.00	0
0.4588431	10.00	25.87863	0.01446365	0.00	0.06705871	20	10.00	0
0.4726314	10.00	25.94255	0.01378828	0.00	0.06392746	20	10.00	0
0.4889022	10.00	26.01799	0.01627084	0.00	0.07543751	20	10.00	0
0.5162327	10.00	26.1447	0.02733046	0.00	0.126714	20	10.00	0
0.5416409	10.00	26.26251	0.02540816	0.00	0.1178015	20	10.00	0
0.5593699	10.00	26.34471	0.01772905	0.00	0.08219831	20	10.00	0
0.5878908	10.00	26.47694	0.02852091	0.00	0.1322333	20	10.00	0
0.6032311	10.00	26.54806	0.01534022	0.00	0.07112283	20	10.00	0
22.32359
