0	10.00	-49.86871	0	0.00	0.1312891	40	10.00	0
0	10.00	-49.73371	0	0.00	0.134998	39.97045	10.00	-4.761594E-05
0	10.00	-49.73371	0	0.00	0	39.95382	10.00	-5.42965E-05
0	10.00	-49.73371	0	0.00	0	39.93723	10.00	-6.819981E-05
0	10.00	-49.73371	0	0.00	0	39.9163	10.00	-0.0001135308
0	10.00	-49.73371	0	0.00	0	39.89146	10.00	-9.443796E-05
0	10.00	-49.73371	0	0.00	0	39.86071	10.00	0.0001080315
0	10.00	-49.73371	0	0.00	0	39.82413	10.00	0.0004781152
0	10.00	-49.73371	0	0.00	0	39.77964	10.00	0.0009248704
0	10.00	-49.73371	0	0.00	0	39.72994	10.00	0.001464469
0	10.00	-49.73371	0	0.00	0	39.67488	10.00	0.001975835
0	10.00	-49.73371	0	0.00	0	39.61164	10.00	0.002510572
0	10.00	-49.73371	0	0.00	0	39.54467	10.00	0.003030357
0	10.00	-49.73371	0	0.00	0	39.47395	10.00	0.003552586
0	10.00	-49.73371	0	0.00	0	39.39861	10.00	0.004023301
0	10.00	-49.73371	0	0.00	0	39.32249	10.00	0.004586332
0	10.00	-49.73371	0	0.00	0	39.24377	10.00	0.005184854
0	10.00	-49.73371	0	0.00	0	39.16409	10.00	0.005888811
0	10.00	-49.73371	0	0.00	0	39.08133	10.00	0.006959363
0	10.00	-49.73371	0	0.00	0	38.99857	10.00	0.008103073
0	10.00	-49.6351	0	0.00	0.09861136	38.91521	10.00	0.009304079
0	10.00	-49.50817	0	0.00	0.1269352	38.82918	10.00	0.01043191
0	10.00	-49.37493	0	0.00	0.1332341	38.74283	10.00	0.01157608
0	10.00	-49.24228	0	0.00	0.1326537	38.66159	10.00	0.01249725
0	10.00	-49.11842	0	0.00	0.1238573	38.51765	10.00	0.01387343
0	10.00	-48.90016	0	0.00	0.2182636	38.43665	10.00	0.0146513
0	10.00	-48.77821	0	0.00	0.1219435	38.34489	10.00	0.01549094
0	10.00	-48.64098	0	0.00	0.1372317	38.26081	10.00	0.01633351
0	10.00	-48.51594	0	0.00	0.1250422	38.1706	10.00	0.01706375
0	10.00	-48.38252	0	0.00	0.1334195	38.08072	10.00	0.01772514
0	10.00	-48.25047	0	0.00	0.1320535	38.00554	10.00	0.01818397
0	10.00	-48.14109	0	0.00	0.1093816	37.93044	10.00	0.01865575
0	10.00	-48.03255	0	0.00	0.1085365	37.85306	10.00	0.01919844
0	10.00	-47.92108	0	0.00	0.1114668	37.7599	10.00	0.01982765
0	10.00	-47.78716	0	0.00	0.1339207	37.68311	10.00	0.02035243
0	10.00	-47.67713	0	0.00	0.1100328	37.57587	10.00	0.0211916
0	10.00	-47.52404	0	0.00	0.1530833	37.49932	10.00	0.02174437
0	10.00	-47.41502	0	0.00	0.1090277	37.41819	10.00	0.02235194
0	10.00	-47.29946	0	0.00	0.1155578	37.34366	10.00	0.0228648
0	10.00	-47.19322	0	0.00	0.1062391	37.2513	10.00	0.02350996
0	10.00	-47.06195	0	0.00	0.1312749	37.15625	10.00	0.02419998
0	10.00	-46.92727	0	0.00	0.1346794	37.076	10.00	0.02476293
0	10.00	-46.8138	0	0.00	0.1134712	36.99199	10.00	0.02541348
0	10.00	-46.6951	0	0.00	0.1187018	36.90819	10.00	0.0260818
0	10.00	-46.57691	0	0.00	0.1181865	36.82636	10.00	0.02670046
0	10.00	-46.46163	0	0.00	0.1152761	36.73605	10.00	0.02736157
0	10.00	-46.3348	0	0.00	0.1268357	36.64013	10.00	0.02799457
0	10.00	-46.2002	0	0.00	0.1345959	36.5648	10.00	0.02845117
0	10.00	-46.09468	0	0.00	0.1055185	36.48463	10.00	0.02892011
0	10.00	-45.98231	0	0.00	0.1123699	36.40596	10.00	0.02933919
0	10.00	-45.87189	0	0.00	0.1104221	36.31107	10.00	0.02988921
0	10.00	-45.73853	0	0.00	0.1333643	36.2236	10.00	0.03032973
0	10.00	-45.61563	0	0.00	0.1228891	36.12214	10.00	0.0308616
0	10.00	-45.47307	0	0.00	0.1425684	36.02874	10.00	0.0313636
0	10.00	-45.342	0	0.00	0.1310654	35.95118	10.00	0.03180351
0	10.00	-45.23341	0	0.00	0.1085974	35.87185	10.00	0.03223003
0	10.00	-45.12259	0	0.00	0.1108142	35.7929	10.00	0.03260602
0	10.00	-45.01223	0	0.00	0.1103626	35.69844	10.00	0.03305575
0	10.00	-44.87999	0	0.00	0.1322333	35.6029	10.00	0.03345812
0	10.00	-44.74597	0	0.00	0.1340212	35.52798	10.00	0.03378421
0	10.00	-44.64099	0	0.00	0.1049834	35.44413	10.00	0.03410988
0	10.00	-44.52332	0	0.00	0.1176755	35.35114	10.00	0.03444046
0	10.00	-44.39268	0	0.00	0.1306294	35.26349	10.00	0.03463196
0	10.00	-44.26961	0	0.00	0.1230745	35.16945	10.00	0.03480014
0	10.00	-44.13761	0	0.00	0.1320011	35.0869	10.00	0.03500119
0	10.00	-44.02184	0	0.00	0.1157701	34.99145	10.00	0.03518049
0	10.00	-43.88826	0	0.00	0.1335838	34.89656	10.00	0.0354213
0	10.00	-43.75579	0	0.00	0.1324654	34.80204	10.00	0.03565483
0	10.00	-43.62415	0	0.00	0.1316416	34.70735	10.00	0.03592898
0	10.00	-43.49239	0	0.00	0.1317548	34.61242	10.00	0.0362036
0	10.00	-43.36074	0	0.00	0.1316529	34.51535	10.00	0.03643839
0	10.00	-43.22657	0	0.00	0.134167	34.41951	10.00	0.03662409
0	10.00	-43.09464	0	0.00	0.1319332	34.32441	10.00	0.03692809
0	10.00	-42.96438	0	0.00	0.1302614	34.22651	10.00	0.03730727
0	10.00	-42.83082	0	0.00	0.1335625	34.12785	10.00	0.03770845
0	10.00	-42.69667	0	0.00	0.1341457	34.0461	10.00	0.03801185
0	10.00	-42.58567	0	0.00	0.1109954	33.93452	10.00	0.03844825
0	10.00	-42.43431	0	0.00	0.1513676	33.85237	10.00	0.03875714
0	10.00	-42.32304	0	0.00	0.11127	33.76997	10.00	0.03902594
0	10.00	-42.21145	0	0.00	0.1115885	33.68289	10.00	0.03931864
0	10.00	-42.09362	0	0.00	0.1178241	33.59283	10.00	0.03958452
0	10.00	-41.97181	0	0.00	0.1218104	33.49547	10.00	0.03987149
0	10.00	-41.84008	0	0.00	0.1317336	33.39616	10.00	0.0401518
0	10.00	-41.70576	0	0.00	0.1343156	33.30028	10.00	0.04041218
0	10.00	-41.57608	0	0.00	0.1296838	33.19795	10.00	0.04067758
0	10.00	-41.43762	0	0.00	0.1384618	33.10426	10.00	0.04090178
0	10.00	-41.31084	0	0.00	0.1267776	33.00624	10.00	0.04112185
0	10.00	-41.17812	0	0.00	0.1327217	32.9095	10.00	0.04136472
0	10.00	-41.04709	0	0.00	0.1310315	32.81016	10.00	0.04158979
0	10.00	-40.91245	0	0.00	0.1346426	32.72876	10.00	0.04178959
0	10.00	-40.80198	0	0.00	0.1104688	32.6166	10.00	0.04204075
0	10.00	-40.64944	0	0.00	0.1525327	32.5365	10.00	0.04225783
0	10.00	-40.54034	0	0.00	0.1091028	32.42258	10.00	0.04257057
0	10.00	-40.38522	0	0.00	0.1551232	32.33862	10.00	0.04280313
0	10.00	-40.27096	0	0.00	0.1142569	32.22798	10.00	0.04311734
0	10.00	-40.12034	0	0.00	0.1506202	32.13326	10.00	0.04338361
0	10.00	-39.99132	0	0.00	0.1290228	32.02808	10.00	0.04369894
0	10.00	-39.84797	0	0.00	0.1433498	31.93233	10.00	0.04396616
0	10.00	-39.71755	0	0.00	0.1304157	31.84134	10.00	0.04421646
0	10.00	-39.59366	0	0.00	0.1238927	31.74352	10.00	0.04448902
0	10.00	-39.46061	0	0.00	0.1330529	31.64451	10.00	0.04475899
0	10.00	-39.32603	0	0.00	0.1345747	31.54884	10.00	0.04501818
0	10.00	-39.19613	0	0.00	0.1299032	31.45014	10.00	0.04530273
0	10.00	-39.06216	0	0.00	0.1339674	31.35242	10.00	0.04556396
0	10.00	-38.92964	0	0.00	0.1325235	31.25575	10.00	0.04581864
0	10.00	-38.79861	0	0.00	0.1310315	31.15754	10.00	0.04605974
0	10.00	-38.66549	0	0.00	0.1331237	31.07108	10.00	0.04626628
0	10.00	-38.54832	0	0.00	0.1171673	30.96473	10.00	0.046503
0	10.00	-38.40414	0	0.00	0.1441709	30.87801	10.00	0.04669193
0	10.00	-38.28657	0	0.00	0.117575	30.76796	10.00	0.04692905
0	10.00	-38.13729	0	0.00	0.1492754	30.68901	10.00	0.04711431
0	10.00	-38.03022	0	0.00	0.1070785	30.57377	10.00	0.04739242
0	10.00	-37.87391	0	0.00	0.1563123	30.49097	10.00	0.04758851
0	10.00	-37.76161	0	0.00	0.1122949	30.37878	10.00	0.04780876
0	10.00	-37.60935	0	0.00	0.1522609	30.29452	10.00	0.04795964
0	10.00	-37.49489	0	0.00	0.1144607	30.18464	10.00	0.04816094
0	10.00	-37.34541	0	0.00	0.1494736	30.09976	10.00	0.04834263
0	10.00	-37.22991	0	0.00	0.1155012	29.99045	10.00	0.04856661
0	10.00	-37.08109	0	0.00	0.1488281	29.9129	10.00	0.0487234
0	10.00	-36.97552	0	0.00	0.1055624	29.82798	10.00	0.04889958
0	10.00	-36.85997	0	0.00	0.1155578	29.74172	10.00	0.04904575
0	10.00	-36.74266	0	0.00	0.1173103	29.65084	10.00	0.04919021
0	10.00	-36.61902	0	0.00	0.1236308	29.55223	10.00	0.04935409
0	10.00	-36.4849	0	0.00	0.1341259	29.45601	10.00	0.04953725
0	10.00	-36.35391	0	0.00	0.1309848	29.3588	10.00	0.04975207
0	10.00	-36.22152	0	0.00	0.1323933	29.26195	10.00	0.04993629
0	10.00	-36.08958	0	0.00	0.131936	29.16406	10.00	0.05010267
0	10.00	-35.95617	0	0.00	0.1334181	29.06819	10.00	0.05025353
0	10.00	-35.82547	0	0.00	0.130696	28.96968	10.00	0.05041341
0	10.00	-35.69113	0	0.00	0.1343411	28.87329	10.00	0.0505717
0	10.00	-35.55978	0	0.00	0.13135	28.76773	10.00	0.05074319
0	10.00	-35.416	0	0.00	0.1437816	28.66896	10.00	0.05090064
0	10.00	-35.28151	0	0.00	0.1344883	28.58248	10.00	0.05104044
0	10.00	-35.16388	0	0.00	0.117633	28.48557	10.00	0.05118729
0	10.00	-35.03215	0	0.00	0.1317237	28.38729	10.00	0.0513336
0	10.00	-34.89862	0	0.00	0.1335328	28.29093	10.00	0.05144819
0	10.00	-34.76785	0	0.00	0.1307724	28.19232	10.00	0.05153106
0	10.00	-34.63416	0	0.00	0.1336871	28.09686	10.00	0.05156316
0	10.00	-34.50486	0	0.00	0.1293059	27.99889	10.00	0.05159174
0	10.00	-34.37227	0	0.00	0.1325801	27.89992	10.00	0.05165332
0	10.00	-34.2384	0	0.00	0.1338768	27.80224	10.00	0.05169884
0	10.00	-34.10627	0	0.00	0.1321285	27.70587	10.00	0.05173717
0	10.00	-33.97595	0	0.00	0.1303166	27.60625	10.00	0.0517788
0	10.00	-33.84119	0	0.00	0.1347587	27.50934	10.00	0.05182336
0	10.00	-33.71016	0	0.00	0.1310315	27.41097	10.00	0.05185911
0	10.00	-33.57711	0	0.00	0.1330501	27.31359	10.00	0.05189253
0	10.00	-33.44548	0	0.00	0.1316288	27.21507	10.00	0.05192619
0	10.00	-33.31236	0	0.00	0.1331265	27.11846	10.00	0.05196555
0	10.00	-33.18195	0	0.00	0.1304072	27.01955	10.00	0.05202882
0	10.00	-33.0486	0	0.00	0.1333516	26.92193	10.00	0.05210798
0	10.00	-32.91705	0	0.00	0.131551	26.82268	10.00	0.05220107
0	10.00	-32.78328	0	0.00	0.1337635	26.72576	10.00	0.05227919
0	10.00	-32.65269	0	0.00	0.1305926	26.62723	10.00	0.05236909
0	10.00	-32.51994	0	0.00	0.1327556	26.5296	10.00	0.05245855
0	10.00	-32.38835	0	0.00	0.1315821	26.43191	10.00	0.05254608
0	10.00	-32.25671	0	0.00	0.1316416	26.33418	10.00	0.05263139
0	10.00	-32.12503	0	0.00	0.131677	26.23634	10.00	0.05271609
0	10.00	-31.99321	0	0.00	0.1318228	26.13742	10.00	0.05280101
0	10.00	-31.85993	0	0.00	0.133278	26.03911	10.00	0.05288455
0	10.00	-31.7275	0	0.00	0.1324357	25.94173	10.00	0.05297237
0	10.00	-31.59626	0	0.00	0.1312353	25.84332	10.00	0.05305924
0	10.00	-31.46354	0	0.00	0.1327188	25.74577	10.00	0.0531291
0	10.00	-31.33197	0	0.00	0.1315779	25.64325	10.00	0.05320423
0	10.00	-31.19373	0	0.00	0.138241	25.54652	10.00	0.05331148
0	10.00	-31.0632	0	0.00	0.1305204	25.45117	10.00	0.05342068
0	10.00	-30.93453	0	0.00	0.1286731	25.3524	10.00	0.05349815
0	10.00	-30.80129	0	0.00	0.1332383	25.25517	10.00	0.05360183
0	10.00	-30.67017	0	0.00	0.1311277	25.15745	10.00	0.05369058
0	10.00	-30.53846	0	0.00	0.1317053	25.05898	10.00	0.05377822
0	10.00	-30.40578	0	0.00	0.1326806	24.96174	10.00	0.05386664
0	10.00	-30.27473	0	0.00	0.1310442	24.8631	10.00	0.05395709
0	10.00	-30.14174	0	0.00	0.1330005	24.76483	10.00	0.05390044
0	10.00	-30.00931	0	0.00	0.1324244	24.66685	10.00	0.05382009
0	10.00	-29.87718	0	0.00	0.13213	24.56902	10.00	0.05378886
0	10.00	-29.74515	0	0.00	0.1320337	24.4712	10.00	0.05388853
0	10.00	-29.61312	0	0.00	0.1320294	24.37356	10.00	0.05399388
0	10.00	-29.48137	0	0.00	0.1317435	24.27537	10.00	0.05407303
0	10.00	-29.34886	0	0.00	0.1325136	24.17667	10.00	0.05414587
0	10.00	-29.2157	0	0.00	0.1331647	24.07913	10.00	0.05423243
0	10.00	-29.08409	0	0.00	0.1316034	23.98159	10.00	0.05431826
0	10.00	-28.95248	0	0.00	0.1316147	23.88235	10.00	0.0544007
0	10.00	-28.81865	0	0.00	0.1338301	23.7856	10.00	0.05448305
0	10.00	-28.68819	0	0.00	0.1304596	23.68716	10.00	0.05456729
0	10.00	-28.55546	0	0.00	0.1327259	23.58954	10.00	0.05450866
0	10.00	-28.42381	0	0.00	0.1316572	23.49101	10.00	0.05444252
0	10.00	-28.29092	0	0.00	0.1328887	23.39364	10.00	0.05433089
0	10.00	-28.15962	0	0.00	0.1312948	23.29507	10.00	0.05442366
0	10.00	-28.02672	0	0.00	0.1329043	23.19744	10.00	0.05451022
0	10.00	-27.89506	0	0.00	0.1316572	23.0986	10.00	0.05458833
0	10.00	-27.76192	0	0.00	0.1331378	23.00053	10.00	0.05449551
0	10.00	-27.62991	0	0.00	0.1320082	22.90214	10.00	0.05439332
0	10.00	-27.49752	0	0.00	0.1323904	22.80454	10.00	0.05429041
0	10.00	-27.3661	0	0.00	0.1314207	22.7059	10.00	0.05419038
0	10.00	-27.23316	0	0.00	0.1329411	22.60814	10.00	0.05408199
0	10.00	-27.10132	0	0.00	0.131844	22.5101	10.00	0.05399286
0	10.00	-26.96902	0	0.00	0.1322984	22.41265	10.00	0.05390903
0	10.00	-26.8375	0	0.00	0.1315241	22.31385	10.00	0.05382791
0	10.00	-26.70402	0	0.00	0.133479	22.21667	10.00	0.05369518
0	10.00	-26.57275	0	0.00	0.1312664	22.11186	10.00	0.05354075
0	10.00	-26.43127	0	0.00	0.1414756	22.02047	10.00	0.05340647
0	10.00	-26.30791	0	0.00	0.1233661	21.92333	10.00	0.05326245
0	10.00	-26.17679	0	0.00	0.1311164	21.82539	10.00	0.05313346
0	10.00	-26.04462	0	0.00	0.1321753	21.72635	10.00	0.05300486
0	10.00	-25.91091	0	0.00	0.1337027	21.62865	10.00	0.05290169
0	10.00	-25.77903	0	0.00	0.1318808	21.53029	10.00	0.05279394
0	10.00	-25.64636	0	0.00	0.1326764	21.43286	10.00	0.0526907
0	10.00	-25.51499	0	0.00	0.1313627	21.33482	10.00	0.05258839
0	10.00	-25.38289	0	0.00	0.1321059	21.23653	10.00	0.05248996
0	10.00	-25.25057	0	0.00	0.1323211	21.13777	10.00	0.05239714
0	10.00	-25.11768	0	0.00	0.1328887	21.04033	10.00	0.05230109
0	10.00	-24.98662	0	0.00	0.1310598	20.94088	10.00	0.05220499
0	10.00	-24.85286	0	0.00	0.1337607	20.84373	10.00	0.052109
0	10.00	-24.72217	0	0.00	0.1306861	20.74511	10.00	0.0520113
0	10.00	-24.5895	0	0.00	0.1326693	20.64841	10.00	0.05192
0	10.00	-24.45937	0	0.00	0.1301297	20.54811	10.00	0.0518319
0	10.00	-24.32442	0	0.00	0.1349526	20.45101	10.00	0.05173355
0	10.00	-24.19376	0	0.00	0.1306634	20.35221	10.00	0.05163661
0	10.00	-24.06081	0	0.00	0.1329482	20.2548	10.00	0.05154869
0	10.00	-23.92974	0	0.00	0.1310669	20.15626	10.00	0.05145179
0	10.00	-23.79716	0	0.00	0.1325773	20.05812	10.00	0.05134068
0	10.00	-23.66514	0	0.00	0.1320238	19.9587	10.00	0.05123896
0	10.00	-23.53135	0	0.00	0.1337947	19.86178	10.00	0.05117504
0	10.00	-23.40079	0	0.00	0.1305516	19.7633	10.00	0.05109198
0	10.00	-23.26806	0	0.00	0.1327302	19.66523	10.00	0.05100407
0	10.00	-23.13584	0	0.00	0.132222	19.56707	10.00	0.05092053
0	10.00	-23.00344	0	0.00	0.132406	19.46915	10.00	0.05084997
0	10.00	-22.87127	0	0.00	0.132171	19.37118	10.00	0.05076993
0	10.00	-22.73903	0	0.00	0.1322404	19.27398	10.00	0.05068115
0	10.00	-22.60771	0	0.00	0.1313117	19.17537	10.00	0.05058078
0	10.00	-22.4745	0	0.00	0.1332114	19.07795	10.00	0.05047447
0	10.00	-22.3428	0	0.00	0.1316996	18.97194	10.00	0.05038223
0	10.00	-22.19935	0	0.00	0.1434517	18.87489	10.00	0.0502784
0	10.00	-22.06794	0	0.00	0.1314094	18.77473	10.00	0.05015176
0	10.00	-21.9322	0	0.00	0.1357397	18.68546	10.00	0.05004277
0	10.00	-21.81122	0	0.00	0.1209795	18.59117	10.00	0.04997448
0	10.00	-21.68348	0	0.00	0.1277459	18.49359	10.00	0.04987379
0	10.00	-21.55142	0	0.00	0.1320549	18.39563	10.00	0.04978238
0	10.00	-21.41892	0	0.00	0.1325037	18.29756	10.00	0.04972291
0	10.00	-21.28637	0	0.00	0.1325447	18.19893	10.00	0.04968024
0	10.00	-21.15315	0	0.00	0.1332228	18.10145	10.00	0.04961066
0	10.00	-21.02166	0	0.00	0.1314929	18.00275	10.00	0.04954268
0	10.00	-20.88869	0	0.00	0.1329708	17.90523	10.00	0.04949864
0	10.00	-20.75742	0	0.00	0.131265	17.80686	10.00	0.04944614
0	10.00	-20.62507	0	0.00	0.132348	17.70872	10.00	0.04936751
0	10.00	-20.49308	0	0.00	0.1319969	17.60935	10.00	0.04926741
0	10.00	-20.35946	0	0.00	0.1336107	17.51215	10.00	0.04915939
0	10.00	-20.2288	0	0.00	0.1306691	17.41353	10.00	0.04903956
0	10.00	-20.09622	0	0.00	0.132573	17.31552	10.00	0.04891599
0	10.00	-19.9645	0	0.00	0.1317251	17.21646	10.00	0.04879557
0	10.00	-19.83137	0	0.00	0.1331279	17.11869	10.00	0.04867672
0	10.00	-19.69996	0	0.00	0.131408	17.02085	10.00	0.04855774
0	10.00	-19.56849	0	0.00	0.1314774	16.92196	10.00	0.04843696
0	10.00	-19.43559	0	0.00	0.1328958	16.82314	10.00	0.04831592
0	10.00	-19.30278	0	0.00	0.1328066	16.7252	10.00	0.04819954
0	10.00	-19.17118	0	0.00	0.1316048	16.62625	10.00	0.04808166
0	10.00	-19.03821	0	0.00	0.1329694	16.5284	10.00	0.04796527
0	10.00	-18.90673	0	0.00	0.1314788	16.42941	10.00	0.04784764
0	10.00	-18.7737	0	0.00	0.1330274	16.33175	10.00	0.04773163
0	10.00	-18.64249	0	0.00	0.1312155	16.23176	10.00	0.04761169
0	10.00	-18.50812	0	0.00	0.1343637	16.13485	10.00	0.04749536
0	10.00	-18.37793	0	0.00	0.1301934	16.0371	10.00	0.04737802
0	10.00	-18.2466	0	0.00	0.1313316	15.93819	10.00	0.04726041
0	10.00	-18.11757	0	0.00	0.1290312	15.83919	10.00	0.04714321
0	10.00	-17.99488	0	0.00	0.1226901	15.74148	10.00	0.04702747
0	10.00	-17.87504	0	0.00	0.11984	15.64026	10.00	0.04690756
0	10.00	-17.75088	0	0.00	0.1241573	15.54486	10.00	0.04679374
0	10.00	-17.6338	0	0.00	0.117076	15.44609	10.00	0.0466803
0	10.00	-17.51249	0	0.00	0.1213145	15.34842	10.00	0.04656263
0	10.00	-17.39244	0	0.00	0.120052	15.24959	10.00	0.04645546
0	10.00	-17.27094	0	0.00	0.1214992	15.15234	10.00	0.04635823
0	10.00	-17.15137	0	0.00	0.1195635	15.0536	10.00	0.04624763
0	10.00	-17.02995	0	0.00	0.1214269	14.9557	10.00	0.04612923
0	10.00	-16.90946	0	0.00	0.1204848	14.85824	10.00	0.04598779
0	10.00	-16.78949	0	0.00	0.1199718	14.75984	10.00	0.04581994
0	10.00	-16.66829	0	0.00	0.1211994	14.66068	10.00	0.04564675
0	10.00	-16.54598	0	0.00	0.1223082	14.56444	10.00	0.04544085
0	10.00	-16.42706	0	0.00	0.1189174	14.46639	10.00	0.04538238
0	10.00	-16.30568	0	0.00	0.1213816	14.36975	10.00	0.04533022
0	10.00	-16.18575	0	0.00	0.1199305	14.27209	10.00	0.04524251
0	10.00	-16.06446	0	0.00	0.1212912	14.17562	10.00	0.04513369
0	10.00	-15.93826	0	0.00	0.1262054	14.07745	10.00	0.04503825
0	10.00	-15.80471	0	0.00	0.1335427	13.98096	10.00	0.04497778
0	10.00	-15.67358	0	0.00	0.1311334	13.88303	10.00	0.04493345
0	10.00	-15.54065	0	0.00	0.1329283	13.78568	10.00	0.04494268
0	10.00	-15.40874	0	0.00	0.1319105	13.68785	10.00	0.04498107
0	10.00	-15.27638	0	0.00	0.1323593	13.59045	10.00	0.04501009
0	10.00	-15.18044	0	0.00	0.09594359	13.49208	10.00	0.04506144
0.005500899	10.00	-15.13376	0.005500899	0.00	0.04667721	13.39481	10.00	0.04510109
0.0122104	10.00	-15.10289	0.006709498	0.00	0.03087641	13.29634	10.00	0.04514087
0.01899885	10.00	-15.08065	0.006788454	0.00	0.02223138	13.19885	10.00	0.04517232
0.02571746	10.00	-15.05993	0.006718608	0.00	0.02072898	13.10047	10.00	0.04521973
0.02607108	10.00	-15.04285	0.0003536224	0.00	0.01707027	13.00312	10.00	0.04528133
0.02607108	10.00	-15.04285	0	0.00	0	12.90485	10.00	0.04533136
0.02607108	10.00	-15.04285	0	0.00	0	12.8072	10.00	0.04537553
0.02607108	10.00	-15.04285	0	0.00	0	12.7086	10.00	0.04540165
0.02607108	10.00	-15.04285	0	0.00	0	12.61115	10.00	0.04543551
0.02607108	10.00	-15.04285	0	0.00	0	12.51231	10.00	0.04545975
0.02607108	10.00	-15.04285	0	0.00	0	12.41139	10.00	0.04551086
0.02607108	10.00	-15.04285	0	0.00	0	12.31371	10.00	0.04553966
0.02607108	10.00	-15.04285	0	0.00	0	12.21904	10.00	0.04542257
0.02607108	10.00	-15.04285	0	0.00	0	12.12091	10.00	0.04528374
0.02607108	10.00	-15.04285	0	0.00	0	12.0233	10.00	0.04513942
0.02607108	10.00	-15.04285	0	0.00	0	11.92424	10.00	0.04498947
0.02607108	10.00	-15.04285	0	0.00	0	11.82743	10.00	0.04487105
0.02607108	10.00	-15.04285	0	0.00	0	11.72889	10.00	0.04480646
0.02607108	10.00	-15.04285	0	0.00	0	11.63179	10.00	0.04479586
0.02607108	10.00	-15.04285	0	0.00	0	11.53358	10.00	0.0449737
0.02607108	10.00	-15.03864	0	0.00	0.004211985	11.43681	10.00	0.04518066
0.02607108	10.00	-15.01548	0	0.00	0.0231676	11.3381	10.00	0.04536884
0.02607108	10.00	-14.98541	0	0.00	0.03006514	11.24079	10.00	0.04554465
0.02607108	10.00	-14.92143	0	0.00	0.06398069	11.14222	10.00	0.04571035
0.02607108	10.00	-14.84255	0	0.00	0.07888401	11.04552	10.00	0.04585796
0.02607108	10.00	-14.76395	0	0.00	0.07859223	10.9457	10.00	0.04598648
0.02607108	10.00	-14.68292	0	0.00	0.08103009	10.84829	10.00	0.04612911
0.02607108	10.00	-14.60005	0	0.00	0.08286949	10.74936	10.00	0.04624894
0.02607108	10.00	-14.51332	0	0.00	0.08673736	10.65169	10.00	0.0463605
0.02607108	10.00	-14.42772	0	0.00	0.08559299	10.55286	10.00	0.04647389
0.02607108	10.00	-14.34114	0	0.00	0.08658613	10.45519	10.00	0.0465854
0.02607108	10.00	-14.25558	0	0.00	0.08556164	10.35546	10.00	0.04656148
0.02607108	10.00	-14.1682	0	0.00	0.08737271	10.25854	10.00	0.04648495
0.02607108	10.00	-14.08329	0	0.00	0.08491155	10.15982	10.00	0.04637036
0.02607108	10.00	-13.99682	0	0.00	0.08647179	10.06202	10.00	0.04628046
0.02607108	10.00	-13.91114	0	0.00	0.08567783	9.963143	10.00	0.04618137
0.02607108	10.00	-13.82453	0	0.00	0.08661472	9.865438	10.00	0.04609096
0.02607108	10.00	-13.73894	0	0.00	0.08558838	9.76626	10.00	0.04600488
0.02607108	10.00	-13.64046	0	0.00	0.0984832	9.668585	10.00	0.04591473
0.02607108	10.00	-13.51804	0	0.00	0.1224114	9.569486	10.00	0.04582489
0.02607108	10.00	-13.3874	0	0.00	0.13064	9.473093	10.00	0.04573678
0.02607108	10.00	-13.26284	0	0.00	0.1245657	9.374412	10.00	0.04564591
0.02607108	10.00	-13.19441	0	0.00	0.06843237	9.275294	10.00	0.04555395
0.02607108	10.00	-13.19018	0	0.00	0.004225272	9.17512	10.00	0.04544973
0.02607108	10.00	-13.19018	0	0.00	0	9.077042	10.00	0.04535233
0.02607108	10.00	-13.19018	0	0.00	0	8.979437	10.00	0.04524414
0.02607108	10.00	-13.19018	0	0.00	0	8.882143	10.00	0.04513834
0.02607108	10.00	-13.19018	0	0.00	0	8.782904	10.00	0.04502967
0.02607108	10.00	-13.19018	0	0.00	0	8.685608	10.00	0.04492755
0.02607108	10.00	-13.19018	0	0.00	0	8.586956	10.00	0.04482119
0.02607108	10.00	-13.19018	0	0.00	0	8.488979	10.00	0.04471874
0.02607108	10.00	-13.19018	0	0.00	0	8.390414	10.00	0.04461581
0.02607108	10.00	-13.19018	0	0.00	0	8.292155	10.00	0.04470841
0.02607108	10.00	-13.19018	0	0.00	0	8.193394	10.00	0.04482542
0.02607108	10.00	-13.19018	0	0.00	0	8.096651	10.00	0.04494577
0.02607108	10.00	-13.19018	0	0.00	0	7.99735	10.00	0.04508488
0.02607108	10.00	-13.19018	0	0.00	0	7.90019	10.00	0.04522875
0.02607108	10.00	-13.19018	0	0.00	0	7.801861	10.00	0.04537099
0.02607108	10.00	-13.19018	0	0.00	0	7.704952	10.00	0.04553457
0.02607108	10.00	-13.19018	0	0.00	0	7.606628	10.00	0.0456924
0.02607108	10.00	-13.19018	0	0.00	0	7.509827	10.00	0.04583113
0.02607108	10.00	-13.15825	0	0.00	0.03192975	7.410088	10.00	0.04593373
0.02607108	10.00	-13.05774	0	0.00	0.1005094	7.312359	10.00	0.04604681
0.02607108	10.00	-12.92999	0	0.00	0.1277475	7.213695	10.00	0.04614007
0.02607108	10.00	-12.79724	0	0.00	0.1327556	7.117134	10.00	0.04620675
0.02607108	10.00	-12.66742	0	0.00	0.1298197	7.016931	10.00	0.04610812
0.02607108	10.00	-12.5328	0	0.00	0.1346185	6.91927	10.00	0.0459778
0.02607108	10.00	-12.40163	0	0.00	0.131173	6.820302	10.00	0.0458452
0.02607108	10.00	-12.2687	0	0.00	0.1329241	6.722267	10.00	0.04571413
0.02607108	10.00	-12.14979	0	0.00	0.1189141	6.62341	10.00	0.04558097
0.02607108	10.00	-12.08902	0	0.00	0.06077131	6.525465	10.00	0.04544839
0.02607108	10.00	-12.07211	0	0.00	0.01690633	6.425761	10.00	0.04531191
0.02607108	10.00	-12.07211	0	0.00	0	6.328771	10.00	0.04517833
0.02607108	10.00	-12.07211	0	0.00	0	6.230003	10.00	0.04502964
0.02607108	10.00	-12.07211	0	0.00	0	6.132087	10.00	0.04488777
0.02607108	10.00	-12.07211	0	0.00	0	6.032958	10.00	0.04476492
0.02607108	10.00	-12.07211	0	0.00	0	5.935191	10.00	0.04479428
0.02607108	10.00	-12.07211	0	0.00	0	5.834616	10.00	0.04484842
0.02607108	10.00	-12.07211	0	0.00	0	5.736971	10.00	0.04489445
0.02607108	10.00	-12.07211	0	0.00	0	5.639746	10.00	0.04493791
0.02607108	10.00	-12.07211	0	0.00	0	5.541794	10.00	0.04498877
0.02607108	10.00	-12.07211	0	0.00	0	5.442072	10.00	0.04503464
0.02607108	10.00	-12.07211	0	0.00	0	5.344734	10.00	0.04510831
0.02607108	10.00	-12.07211	0	0.00	0	5.245843	10.00	0.04517428
0.02607108	10.00	-12.07211	0	0.00	0	5.149236	10.00	0.04526626
0.02607108	10.00	-12.07211	0	0.00	0	5.049782	10.00	0.0453878
0.02607108	10.00	-12.07211	0	0.00	0	4.952622	10.00	0.04554441
0.02607108	10.00	-12.07211	0	0.00	0	4.854574	10.00	0.04577008
0.02607108	10.00	-12.07211	0	0.00	0	4.758071	10.00	0.04602502
0.02607108	10.00	-12.07211	0	0.00	0	4.660533	10.00	0.04628154
0.02607108	10.00	-12.07211	0	0.00	0	4.563967	10.00	0.04652183
0.02607108	10.00	-12.07211	0	0.00	0	4.466789	10.00	0.04676782
0.02607108	10.00	-12.07211	0	0.00	0	4.370433	10.00	0.0469496
0.02607108	10.00	-12.07211	0.000350475	0.00	0	4.273571	10.00	0.04707589
0.02607108	10.00	-12.07211	0.0003533774	0.00	0	4.177651	10.00	0.04723563
0.02607108	10.00	-12.07211	0.0003500792	0.00	0	4.079874	10.00	0.04739071
0.02607108	10.00	-12.07211	0.0003570413	0.00	0	3.984851	10.00	0.04743838
0.02607108	10.00	-12.07211	0.0003475725	0.00	0	3.888375	10.00	0.04740429
0.02607108	10.00	-12.07211	0.0003538561	0.00	0	3.793089	10.00	0.04730422
0.02607108	10.00	-12.07211	0.0003501131	0.00	0	3.696662	10.00	0.04719283
0.02607108	10.00	-12.07211	0.000355085	0.00	0	3.601783	10.00	0.04704133
0.02607108	10.00	-12.07211	0.0003491633	0.00	0	3.50598	10.00	0.04697018
0.02607108	10.00	-12.07211	0.0003523258	0.00	0	3.410441	10.00	0.04693511
0.02607108	10.00	-12.07211	0.0003512703	0.00	0	3.312073	10.00	0.0469445
0.02607108	10.00	-12.07211	0.0003609087	0.00	0	3.238431	10.00	0.04701477
0.02607108	10.00	-12.07211	0.0002696214	0.00	0	3.121365	10.00	0.04718992
0.02607108	10.00	-12.07211	0.0004273217	0.00	0	3.045074	10.00	0.04731466
0.02607108	10.00	-12.07211	0.0002773637	0.00	0	2.928483	10.00	0.04747577
0.02607108	10.00	-12.07211	0.000422904	0.00	0	2.846056	10.00	0.04756917
0.02607108	10.00	-12.07211	0.0002982462	0.00	0	2.730531	10.00	0.04766442
0.02607108	10.00	-12.07211	0.0004175628	0.00	0	2.651313	10.00	0.04773333
0.02607108	10.00	-12.07211	0.0002863386	0.00	0	2.535506	10.00	0.04780244
0.02607108	10.00	-12.07211	0	0.00	0	2.440072	10.00	0.04787532
0.02607108	10.00	-12.07211	0	0.00	0	2.343375	10.00	0.04798746
0.02607108	10.00	-12.07211	0	0.00	0	2.246366	10.00	0.04809718
0.02607108	10.00	-12.07211	0	0.00	0	2.149217	10.00	0.04823235
0.02607108	10.00	-12.07211	0	0.00	0	2.051673	10.00	0.04832194
0.02607108	10.00	-12.07211	0	0.00	0	1.953351	10.00	0.04837361
0.02607108	10.00	-12.07211	0	0.00	0	1.854656	10.00	0.04840017
0.02607108	10.00	-12.07211	0	0.00	0	1.75552	10.00	0.04844943
0.02607108	10.00	-12.07211	0	0.00	0	1.658241	10.00	0.04848947
0.02607108	10.00	-12.07211	0	0.00	0	1.559053	10.00	0.0485324
0.02607108	10.00	-12.07211	0	0.00	0	1.460699	10.00	0.04858748
0.02607108	10.00	-12.07211	0	0.00	0	1.363215	10.00	0.04863954
0.02607108	10.00	-12.07211	0	0.00	0	1.264461	10.00	0.04869079
0.02607108	10.00	-12.07211	0	0.00	0	1.16554	10.00	0.04874038
0.02607108	10.00	-12.07211	0	0.00	0	1.067597	10.00	0.04875704
0.02607108	10.00	-12.07211	0	0.00	0	0.9684253	10.00	0.04877236
0.02607108	10.00	-12.07211	0	0.00	0	0.8703585	10.00	0.04877275
0.02607108	10.00	-12.07211	0	0.00	0	0.7717409	10.00	0.04877152
0.02607108	10.00	-12.07211	0	0.00	0	0.6739147	10.00	0.04877626
0.02607108	10.00	-12.07211	0	0.00	0	0.5749577	10.00	0.04876528
0.02607108	10.00	-12.07211	0	0.00	0	0.4769863	10.00	0.04875614
0.02607108	10.00	-12.07211	0	0.00	0	0.3782632	10.00	0.0487622
0.02607108	10.00	-12.07211	0	0.00	0	0.2801141	10.00	0.04876442
0.02607108	10.00	-12.07211	0	0.00	0	0.1812413	10.00	0.04876497
0.02607108	10.00	-12.03833	0	0.00	0.03377936	0.08324425	10.00	0.04876379
0.03661524	10.00	-11.95516	0.01054416	0.00	0.08317459	-0.01490621	10.00	0.04877255
0.05355741	10.00	-11.85398	0.01694218	0.00	0.1011745	-0.1133702	10.00	0.04877031
0.0705529	10.00	-11.75121	0.01699549	0.00	0.1027731	-0.2133067	10.00	0.04876615
0.09040058	10.00	-11.64171	0.01984767	0.00	0.1095033	-0.3110119	10.00	0.04877295
0.1123435	10.00	-11.5245	0.02194297	0.00	0.1172091	-0.4095325	10.00	0.04876632
0.1357489	10.00	-11.40504	0.02340532	0.00	0.11946	-0.5071394	10.00	0.04876975
0.160213	10.00	-11.28665	0.02446412	0.00	0.118386	-0.6065618	10.00	0.04873879
0.1851297	10.00	-11.16607	0.0249167	0.00	0.1205761	-0.7046363	10.00	0.04868427
0.2097077	10.00	-11.04459	0.02457799	0.00	0.1214873	-0.803678	10.00	0.04864666
0.2345316	10.00	-10.91931	0.02482396	0.00	0.1252789	-0.9009398	10.00	0.04860592
0.2589123	10.00	-10.79627	0.02438063	0.00	0.1230415	-0.9987617	10.00	0.04859962
0.2847062	10.00	-10.68269	0.02579392	0.00	0.1135759	-1.09802	10.00	0.04860292
0.3147455	10.00	-10.62684	0.0300393	0.00	0.05585181	-1.196817	10.00	0.04859228
0.3407851	10.00	-10.62684	0.02603959	0.00	0	-1.294876	10.00	0.04855727
0.3487836	10.00	-10.62684	0.007998471	0.00	0	-1.392796	10.00	0.04851553
0.3487836	10.00	-10.62684	0	0.00	0	-1.491935	10.00	0.04848234
0.3487836	10.00	-10.62684	0	0.00	0	-1.590901	10.00	0.04844312
0.3487836	10.00	-10.62684	0	0.00	0	-1.688703	10.00	0.04839034
0.3487836	10.00	-10.62684	0	0.00	0	-1.787846	10.00	0.04834455
0.3487836	10.00	-10.62684	0	0.00	0	-1.885414	10.00	0.04827329
0.3487836	10.00	-10.62684	0	0.00	0	-1.984615	10.00	0.04821673
0.3487836	10.00	-10.62684	0	0.00	0	-2.082324	10.00	0.04818089
0.3487836	10.00	-10.62684	0	0.00	0	-2.181446	10.00	0.04812948
0.3487836	10.00	-10.62684	0	0.00	0	-2.279206	10.00	0.04808915
0.3487836	10.00	-10.62684	0	0.00	0	-2.378334	10.00	0.04805806
0.3487836	10.00	-10.62684	0	0.00	0	-2.476048	10.00	0.04798868
0.3487836	10.00	-10.62684	0	0.00	0	-2.575291	10.00	0.04791011
0.3487836	10.00	-10.62684	0	0.00	0	-2.672818	10.00	0.04782991
0.3487836	10.00	-10.62684	0	0.00	0	-2.771805	10.00	0.04774255
0.3542899	10.00	-10.62684	0.005506349	0.00	0	-2.868558	10.00	0.04763621
0.3722653	10.00	-10.62684	0.0179754	0.00	0	-2.967254	10.00	0.04748828
0.3931656	10.00	-10.62684	0.0209003	0.00	0	-3.066324	10.00	0.04734512
0.4180073	10.00	-10.62684	0.02484166	0.00	0	-3.164561	10.00	0.04720228
0.4477422	10.00	-10.62684	0.02973495	0.00	0	-3.263222	10.00	0.04706037
0.4814431	10.00	-10.62684	0.03370085	0.00	0	-3.362371	10.00	0.04691584
0.5282008	10.00	-10.62684	0.04675776	0.00	0	-3.460064	10.00	0.04677185
0.6123716	10.00	-10.62684	0.08417082	0.00	0	-3.559384	10.00	0.04662401
0.7134404	10.00	-10.62684	0.1010688	0.00	0	-3.657159	10.00	0.04648674
0.7747925	10.00	-10.62684	0.06135208	0.00	0	-3.75596	10.00	0.04634815
0.825233	10.00	-10.62684	0.05044059	0.00	0	-3.854857	10.00	0.04619123
0.8770082	10.00	-10.62684	0.05177512	0.00	0	-3.953786	10.00	0.04605173
0.9288027	10.00	-10.62684	0.05179445	0.00	0	-4.051334	10.00	0.04592066
0.9811431	10.00	-10.62395	0.05234046	0.00	0.002884908	-4.149562	10.00	0.0457872
1.037694	10.00	-10.61211	0.05655134	0.00	0.01184672	-4.247503	10.00	0.04564269
1.087742	10.00	-10.59009	0.05004761	0.00	0.0220133	-4.34638	10.00	0.04549565
1.152433	10.00	-10.56915	0.06469116	0.00	0.02094179	-4.444669	10.00	0.04534583
1.174536	10.00	-10.55729	0.02210328	0.00	0.01186732	-4.542929	10.00	0.04518225
1.174536	10.00	-10.55729	0	0.00	0	-4.639722	10.00	0.04501708
1.174536	10.00	-10.55729	0	0.00	0	-4.738623	10.00	0.04484227
1.174536	10.00	-10.55729	0	0.00	0	-4.837042	10.00	0.04467618
1.174536	10.00	-10.55729	0	0.00	0	-4.935501	10.00	0.04452171
1.174536	10.00	-10.55729	0	0.00	0	-5.033399	10.00	0.04436239
1.174536	10.00	-10.4855	0	0.00	0.07178453	-5.132165	10.00	0.04421773
1.174536	10.00	-10.36036	0	0.00	0.1251456	-5.229964	10.00	0.04406561
1.174536	10.00	-10.22885	0	0.00	0.1315029	-5.327903	10.00	0.0439121
1.174536	10.00	-10.09727	0	0.00	0.131585	-5.425856	10.00	0.04376712
1.174536	10.00	-9.96573	0	0.00	0.1315382	-5.525775	10.00	0.04362887
1.174536	10.00	-9.831584	0	0.00	0.1341457	-5.622747	10.00	0.04349316
1.174536	10.00	-9.701402	0	0.00	0.1301821	-5.722143	10.00	0.04335238
1.174536	10.00	-9.567955	0	0.00	0.1334464	-5.820719	10.00	0.04306606
1.174536	10.00	-9.467645	0	0.00	0.1003102	-5.919553	10.00	0.04275846
1.174536	10.00	-9.432593	0	0.00	0.03505114	-6.017413	10.00	0.04243631
1.174536	10.00	-9.432593	0	0.00	0	-6.116451	10.00	0.0421232
1.174536	10.00	-9.432593	0	0.00	0	-6.214436	10.00	0.04181946
1.174536	10.00	-9.432593	0	0.00	0	-6.313426	10.00	0.04151957
1.174536	10.00	-9.432593	0	0.00	0	-6.411693	10.00	0.04121719
1.174536	10.00	-9.432593	0	0.00	0	-6.510334	10.00	0.04091866
1.174536	10.00	-9.432593	0	0.00	0	-6.608159	10.00	0.04062077
1.174536	10.00	-9.432593	0	0.00	0	-6.707071	10.00	0.04032979
1.174536	10.00	-9.427097	0	0.00	0.005496563	-6.805064	10.00	0.04003365
1.174536	10.00	-9.416555	0	0.00	0.01054166	-6.904117	10.00	0.0397338
1.174536	10.00	-9.403324	0	0.00	0.01323118	-7.002146	10.00	0.03944293
1.174536	10.00	-9.385133	0	0.00	0.01819162	-7.1006	10.00	0.03915945
1.174536	10.00	-9.365584	0	0.00	0.01954806	-7.202711	10.00	0.03885153
1.174536	10.00	-9.337344	0	0.00	0.02824016	-7.298127	10.00	0.03856053
1.174536	10.00	-9.308475	0	0.00	0.02886847	-7.39631	10.00	0.03826451
1.174536	10.00	-9.263452	0	0.00	0.04502395	-7.494589	10.00	0.03797811
1.174536	10.00	-9.181326	0	0.00	0.0821259	-7.592572	10.00	0.03767471
1.174536	10.00	-9.070157	0	0.00	0.1111691	-7.691572	10.00	0.03735915
1.174536	10.00	-8.942389	0	0.00	0.1277676	-7.789673	10.00	0.03705503
1.174536	10.00	-8.813228	0	0.00	0.1291617	-7.888469	10.00	0.03676823
1.174536	10.00	-8.683148	0	0.00	0.1300792	-7.986166	10.00	0.03650787
1.174536	10.00	-8.554522	0	0.00	0.1286272	-8.086212	10.00	0.03603101
1.174536	10.00	-8.42281	0	0.00	0.1317117	-8.183488	10.00	0.03547714
1.174536	10.00	-8.294665	0	0.00	0.1281441	-8.282374	10.00	0.03489075
1.174536	10.00	-8.16309	0	0.00	0.1315753	-8.380331	10.00	0.03431447
1.174536	10.00	-8.031495	0	0.00	0.1315949	-8.479137	10.00	0.03374922
1.174536	10.00	-7.89874	0	0.00	0.1327556	-8.576132	10.00	0.03320896
1.174536	10.00	-7.768422	0	0.00	0.130318	-8.675985	10.00	0.03267055
1.174536	10.00	-7.634266	0	0.00	0.1341556	-8.773833	10.00	0.03211682
1.174536	10.00	-7.50279	0	0.00	0.131476	-8.935912	10.00	0.03120372
1.174536	10.00	-7.285035	0	0.00	0.2177554	-9.104108	10.00	0.03027889
1.174536	10.00	-7.059062	0	0.00	0.2259728	-9.265265	10.00	0.02945377
1.174536	10.00	-6.842545	0	0.00	0.2165167	-9.450198	10.00	0.02857884
1.174536	10.00	-6.594164	0	0.00	0.2483814	-9.63793	10.00	0.02778874
1.174536	10.00	-6.342027	0	0.00	0.2521369	-9.798864	10.00	0.02712256
1.174536	10.00	-6.125939	0	0.00	0.2160878	-9.9698	10.00	0.02643432
1.174536	10.00	-5.896283	0	0.00	0.2296561	-10.1425	10.00	0.02564393
1.174536	10.00	-5.66398	0	0.00	0.2323032	-10.31524	10.00	0.02484953
1.174536	10.00	-5.431517	0	0.00	0.2324632	-10.51827	10.00	0.02397265
1.174536	10.00	-5.158214	0	0.00	0.2733026	-10.71532	10.00	0.0230936
1.174536	10.00	-4.892821	0	0.00	0.2653924	-10.92439	10.00	0.02222522
1.174536	10.00	-4.611109	0	0.00	0.2817126	-11.10385	10.00	0.02148665
1.174536	10.00	-4.369341	0	0.00	0.2417678	-11.262	10.00	0.02078478
1.174536	10.00	-4.156138	0	0.00	0.2132029	-11.41256	10.00	0.02011172
1.174536	10.00	-3.952827	0	0.00	0.2033108	-11.56087	10.00	0.01953133
1.174536	10.00	-3.752293	0	0.00	0.2005349	-11.70595	10.00	0.01907145
1.174536	10.00	-3.555788	0	0.00	0.1965047	-11.84909	10.00	0.01862681
1.174536	10.00	-3.361673	0	0.00	0.1941152	-11.99301	10.00	0.01816989
1.174536	10.00	-3.166081	0	0.00	0.1955917	-12.14579	10.00	0.01772751
1.174536	10.00	-2.958464	0	0.00	0.207617	-12.28393	10.00	0.01730299
1.174536	10.00	-2.771136	0	0.00	0.1873275	-12.42543	10.00	0.016898
1.174536	10.00	-2.579152	0	0.00	0.1919848	-12.57485	10.00	0.01649643
1.174536	10.00	-2.376329	0	0.00	0.2028224	-12.73318	10.00	0.01602925
1.174536	10.00	-2.161425	0	0.00	0.2149044	-12.88138	10.00	0.0156673
1.174536	10.00	-1.960195	0	0.00	0.2012299	-13.02656	10.00	0.01531494
1.174536	10.00	-1.76322	0	0.00	0.1969747	-13.17829	10.00	0.01486085
1.174536	10.00	-1.557734	0	0.00	0.2054866	-13.32428	10.00	0.01444764
1.174536	10.00	-1.360139	0	0.00	0.1975947	-13.47293	10.00	0.01404017
1.174536	10.00	-1.159009	0	0.00	0.2011294	-13.61489	10.00	0.01370358
1.174536	10.00	-0.9671435	0	0.00	0.1918659	-13.76413	10.00	0.01334267
1.174536	10.00	-0.7655852	0	0.00	0.2015583	-13.90832	10.00	0.01300413
1.174536	10.00	-0.5709802	0	0.00	0.194605	-14.05929	10.00	0.01261586
1.174536	10.00	-0.3674443	0	0.00	0.2035359	-14.2368	10.00	0.01212426
1.174536	10.00	-0.1283449	0	0.00	0.2390994	-14.41319	10.00	0.01160463
1.174536	10.00	0.1091621	0	0.00	0.2375069	-14.57458	10.00	0.01110549
1.174536	10.00	0.3262818	0	0.00	0.2171198	-14.72307	10.00	0.01059502
1.174536	10.00	0.5258371	0	0.00	0.1995553	-14.85203	10.00	0.0101235
1.174536	10.00	0.6990273	0	0.00	0.1731902	-14.97527	10.00	0.009672764
1.174536	10.00	0.8645988	0	0.00	0.1655715	-15.1073	10.00	0.009206148
1.174536	10.00	1.042003	0	0.00	0.1774043	-15.23418	10.00	0.008785228
1.174536	10.00	1.212545	0	0.00	0.1705416	-15.36558	10.00	0.008383969
1.174536	10.00	1.389055	0	0.00	0.1765097	-15.4987	10.00	0.007936958
1.174536	10.00	1.567942	0	0.00	0.1788879	-15.6187	10.00	0.007515378
1.174536	10.00	1.729239	0	0.00	0.1612965	-15.75347	10.00	0.007117922
1.174536	10.00	1.910555	0	0.00	0.1813156	-15.88624	10.00	0.006717506
1.174536	10.00	2.089406	0	0.00	0.1788511	-16.00724	10.00	0.006347592
1.174536	10.00	2.252561	0	0.00	0.1631552	-16.14003	10.00	0.005292973
1.174536	10.00	2.431593	0	0.00	0.1790323	-16.26399	10.00	0.00456221
1.174536	10.00	2.59934	0	0.00	0.1677473	-16.39185	10.00	0.003690351
1.174536	10.00	2.773499	0	0.00	0.1741584	-16.51898	10.00	0.002990404
1.174536	10.00	2.94785	0	0.00	0.1743509	-16.63813	10.00	0.002554915
1.174536	10.00	3.111455	0	0.00	0.1636053	-16.76763	10.00	0.00204504
1.174536	10.00	3.289847	0	0.00	0.1783924	-16.89246	10.00	0.001645432
1.174536	10.00	3.462062	0	0.00	0.1722149	-17.01621	10.00	0.001064586
1.174536	10.00	3.633772	0	0.00	0.1717095	-17.1444	10.00	0.0009474741
1.174536	10.00	3.811614	0	0.00	0.1778418	-17.27908	10.00	0.0009992935
1.174536	10.00	3.99847	0	0.00	0.1868562	-17.4015	10.00	0.001289639
1.174536	10.00	4.168526	0	0.00	0.1700561	-17.54166	10.00	0.001393297
1.174536	10.00	4.363146	0	0.00	0.1946206	-17.69509	10.00	0.001836418
1.174536	10.00	4.57842	0	0.00	0.2152739	-17.83364	10.00	0.002546943
1.174536	10.00	4.774973	0	0.00	0.1965529	-17.96186	10.00	0.003477406
1.174536	10.00	4.959445	0	0.00	0.1844723	-18.0805	10.00	0.004594939
1.174536	10.00	5.132903	0	0.00	0.1734577	-18.19185	10.00	0.005650409
1.174536	10.00	5.300214	0	0.00	0.1673113	-18.30381	10.00	0.0067454
1.174536	10.00	5.474246	0	0.00	0.174031	-18.41182	10.00	0.00767171
1.174536	10.00	5.648918	0	0.00	0.1746723	-18.51354	10.00	0.008507401
1.174536	10.00	5.820674	0	0.00	0.1717562	-18.61026	10.00	0.009094898
1.174536	10.00	5.991848	0	0.00	0.1711744	-18.71382	10.00	0.009596075
1.174536	10.00	6.185143	0	0.00	0.1932942	-18.79974	10.00	0.009685047
1.174536	10.00	6.356392	0	0.00	0.1712494	-18.88368	10.00	0.009833434
1.174536	10.00	6.534388	0	0.00	0.1779961	-18.96095	10.00	0.01000632
1.174536	10.00	6.708572	0	0.00	0.1741839	-19.03308	10.00	0.01003458
1.174536	10.00	6.881898	0	0.00	0.1733261	-19.09968	10.00	0.00985597
1.174536	10.00	7.053698	0	0.00	0.1718001	-19.164	10.00	0.009941082
1.174536	10.00	7.232301	0	0.00	0.1786033	-19.22094	10.00	0.00966293
1.174536	10.00	7.402785	0	0.00	0.1704836	-19.27357	10.00	0.009373361
1.174536	10.00	7.572217	0	0.00	0.1694318	-19.32673	10.00	0.009591425
1.174536	10.00	7.755469	0	0.00	0.1832521	-19.37313	10.00	0.01022519
1.174536	10.00	7.929207	0	0.00	0.173738	-19.41898	10.00	0.01128951
1.170432	10.00	8.115525	-0.004104325	0.00	0.1863182	-19.45755	10.00	0.01205342
1.161694	10.00	8.286605	-0.008738268	0.00	0.1710795	-19.494	10.00	0.01185946
1.151244	10.00	8.458591	-0.01044994	0.00	0.1719869	-19.52737	10.00	0.01132827
1.140776	10.00	8.63087	-0.01046766	0.00	0.1722785	-19.56045	10.00	0.01070232
1.122848	10.00	8.811071	-0.01792855	0.00	0.1802015	-19.59247	10.00	0.009391763
1.104489	10.00	8.995592	-0.01835825	0.00	0.1845205	-19.62614	10.00	0.007179503
1.076779	10.00	9.211173	-0.02771086	0.00	0.215581	-19.65771	10.00	0.005024906
1.045067	10.00	9.425576	-0.03171155	0.00	0.2144033	-19.68319	10.00	0.003237435
1.017689	10.00	9.610682	-0.02737817	0.00	0.1851051	-19.7051	10.00	0.001851918
0.9928018	10.00	9.778944	-0.02488706	0.00	0.1682626	-19.72626	10.00	0.0003966608
0.967522	10.00	9.949862	-0.02527984	0.00	0.1709182	-19.74594	10.00	-0.0002332378
0.9426433	10.00	10.11807	-0.02487868	0.00	0.1682059	-19.76587	10.00	-0.0006708107
0.9162293	10.00	10.29665	-0.02641401	0.00	0.1785863	-19.7849	10.00	-0.00120123
0.8893811	10.00	10.47818	-0.02684825	0.00	0.1815223	-19.80143	10.00	-0.001388372
0.8612307	10.00	10.64647	-0.02815033	0.00	0.1682909	-19.81754	10.00	-0.001304201
0.8287984	10.00	10.82024	-0.03243239	0.00	0.173772	-19.83317	10.00	-0.0009020682
0.7953398	10.00	10.99951	-0.03345854	0.00	0.1792701	-19.84699	10.00	-0.0004042532
0.7641774	10.00	11.16648	-0.03116238	0.00	0.1669673	-19.85993	10.00	0.0005034396
0.732647	10.00	11.33542	-0.03153041	0.00	0.1689392	-19.8717	10.00	0.001413216
0.7006624	10.00	11.50679	-0.03198457	0.00	0.1713726	-19.88266	10.00	0.002170983
0.6693386	10.00	11.67462	-0.03132381	0.00	0.1678322	-19.89373	10.00	0.002786466
0.6360199	10.00	11.85314	-0.03331878	0.00	0.1785212	-19.90407	10.00	0.003023756
0.6037959	10.00	12.0258	-0.03222394	0.00	0.1726551	-19.91408	10.00	0.003327402
0.5698248	10.00	12.20781	-0.03397109	0.00	0.1820163	-19.92266	10.00	0.003828549
0.5383486	10.00	12.37646	-0.03147625	0.00	0.168649	-19.9312	10.00	0.004027715
0.5048739	10.00	12.55582	-0.03347466	0.00	0.1793564	-19.93777	10.00	0.004140538
0.474841	10.00	12.71673	-0.03003293	0.00	0.1609157	-19.94412	10.00	0.004153624
0.4427912	10.00	12.88846	-0.03204983	0.00	0.1717222	-19.94947	10.00	0.004178971
0.4122185	10.00	13.05226	-0.03057269	0.00	0.1638077	-19.95463	10.00	0.004220614
0.3831184	10.00	13.22623	-0.02910008	0.00	0.1739687	-19.95933	10.00	0.004046523
0.3811005	10.00	13.38968	-0.002017897	0.00	0.1634496	-19.96392	10.00	0.003844092
0.3811005	10.00	13.56273	0	0.00	0.17305	-19.96864	10.00	0.003547223
0.3811005	10.00	13.74835	0	0.00	0.1856189	-19.9727	10.00	0.003316052
0.3811005	10.00	13.93896	0	0.00	0.1906032	-19.97688	10.00	0.003080752
0.3811005	10.00	14.14863	0	0.00	0.2096781	-19.97986	10.00	0.002825807
0.3811005	10.00	14.31737	0	0.00	0.1687396	-19.98263	10.00	0.002499273
0.3811005	10.00	14.49816	0	0.00	0.1807904	-19.98512	10.00	0.002232265
0.3811005	10.00	14.68172	0	0.00	0.1835522	-19.98704	10.00	0.001967272
0.3811005	10.00	14.86042	0	0.00	0.1787024	-19.98852	10.00	0.001687466
0.3811005	10.00	15.02751	0	0.00	0.1670876	-19.98998	10.00	0.00133588
0.3811005	10.00	15.1963	0	0.00	0.1687991	-19.99135	10.00	0.001062438
0.3811005	10.00	15.36623	0	0.00	0.1699244	-19.99255	10.00	0.0009142497
0.3811005	10.00	15.52466	0	0.00	0.1584285	-19.99354	10.00	0.0007989652
0.3811005	10.00	15.69717	0	0.00	0.1725149	-19.99429	10.00	0.0008174484
0.3811005	10.00	15.86016	0	0.00	0.1629839	-19.9952	10.00	0.0007267887
0.3811005	10.00	16.02857	0	0.00	0.1684126	-19.99578	10.00	0.0006214347
0.3811005	10.00	16.20098	0	0.00	0.1724144	-19.99653	10.00	0.0004063154
0.3811005	10.00	16.38068	0	0.00	0.1796933	-19.99704	10.00	0.000268654
0.3811005	10.00	16.54823	0	0.00	0.1675534	-19.99757	10.00	0.0002326304
0.3811005	10.00	16.72096	0	0.00	0.1727329	-19.99793	10.00	0.0001402721
0.3811005	10.00	16.88155	0	0.00	0.160583	-19.99828	10.00	0.0001497709
0.3811005	10.00	17.0498	0	0.00	0.1682541	-19.9986	10.00	0.0001484176
0.3811005	10.00	17.21984	0	0.00	0.1700349	-19.99882	10.00	8.468566E-05
0.3811005	10.00	17.38909	0	0.00	0.1692549	-19.99895	10.00	6.887439E-05
0.3811005	10.00	17.55509	0	0.00	0.1660047	-19.99904	10.00	6.567535E-05
0.3811005	10.00	17.72258	0	0.00	0.1674826	-19.99937	10.00	3.88657E-05
0.3811005	10.00	17.88664	0	0.00	0.1640597	-19.99953	10.00	2.518848E-05
0.3811005	10.00	18.04802	0	0.00	0.1613843	-19.99964	10.00	2.344048E-05
0.3811005	10.00	18.21434	0	0.00	0.1663147	-19.99979	10.00	1.357897E-06
0.3811005	10.00	18.42054	0	0.00	0.2062057	-19.99985	10.00	5.421905E-07
0.3811005	10.00	18.6239	0	0.00	0.2033604	-19.99987	10.00	1.573321E-07
0.3811005	10.00	18.84184	0	0.00	0.2179422	-19.9999	10.00	2.420493E-08
0.3811005	10.00	18.99599	0	0.00	0.1541478	-19.99996	10.00	-8.955825E-08
0.3811005	10.00	19.15502	0	0.00	0.1590245	-19.99998	10.00	-6.051233E-08
0.3811005	10.00	19.30098	0	0.00	0.1459644	-19.99998	10.00	-9.681973E-09
0.3811005	10.00	19.44871	0	0.00	0.1477254	-19.99998	10.00	-9.681973E-09
0.3811005	10.00	19.59726	0	0.00	0.1485521	-20	10.00	0
0.3811005	10.00	19.7536	0	0.00	0.1563392	-20	10.00	0
0.3811005	10.00	19.89926	0	0.00	0.1456586	-20	10.00	0
0.3811005	10.00	20.04871	0	0.00	0.1494495	-20	10.00	0
0.3811005	10.00	20.19495	0	0.00	0.1462489	-20	10.00	0
0.3811005	10.00	20.35477	0	0.00	0.1598116	-20	10.00	0
0.3811005	10.00	20.50388	0	0.00	0.1491126	-20	10.00	0
0.3811005	10.00	20.65514	0	0.00	0.1512572	-20	10.00	0
0.3811005	10.00	20.80403	0	0.00	0.1488975	-20	10.00	0
0.3811005	10.00	20.95115	0	0.00	0.1471209	-20	10.00	0
0.3811005	10.00	21.09799	0	0.00	0.1468364	-20	10.00	0
0.3811005	10.00	21.25027	0	0.00	0.1522779	-20	10.00	0
0.3811005	10.00	21.40007	0	0.00	0.1498034	-20	10.00	0
0.3811005	10.00	21.55234	0	0.00	0.1522708	-20	10.00	0
0.3811005	10.00	21.69869	0	0.00	0.1463438	-20	10.00	0
0.3811005	10.00	21.85575	0	0.00	0.1570583	-20	10.00	0
0.3811005	10.00	22.00415	0	0.00	0.1484091	-20	10.00	0
0.3811005	10.00	22.15759	0	0.00	0.15344	-20	10.00	0
0.3811005	10.00	22.30717	0	0.00	0.1495727	-20	10.00	0
0.3811005	10.00	22.45695	0	0.00	0.1497864	-20	10.00	0
0.3811005	10.00	22.607	0	0.00	0.1500512	-20	10.00	0
0.3811005	10.00	22.75385	0	0.00	0.146842	-20	10.00	0
0.3811005	10.00	22.92448	0	0.00	0.1706336	-20	10.00	0
0.3811005	10.00	23.11556	0	0.00	0.1910774	-20	10.00	0
0.3811005	10.00	23.28299	0	0.00	0.167433	-20	10.00	0
0.3811005	10.00	23.4446	0	0.00	0.1616122	-20	10.00	0
0.3811005	10.00	23.59094	0	0.00	0.1463395	-20	10.00	0
0.3811005	10.00	23.73913	0	0.00	0.1481925	-20	10.00	0
0.3811005	10.00	23.88916	0	0.00	0.1500285	-20	10.00	0
0.3811005	10.00	24.03174	0	0.00	0.1425741	-20	10.00	0
0.3811005	10.00	24.1777	0	0.00	0.1459672	-20	10.00	0
0.3811005	10.00	24.3279	0	0.00	0.150197	-20	10.00	0
0.3811005	10.00	24.48913	0	0.00	0.1612271	-20	10.00	0
0.3811005	10.00	24.63141	0	0.00	0.1422825	-20	10.00	0
0.3811005	10.00	24.77581	0	0.00	0.1443973	-20	10.00	0
0.3811005	10.00	24.93292	0	0.00	0.1571078	-20	10.00	0
0.3811005	10.00	25.0827	0	0.00	0.1497836	-20	10.00	0
0.3811005	10.00	25.22283	0	0.00	0.140128	-20	10.00	0
0.3811005	10.00	25.37436	0	0.00	0.151529	-20	10.00	0
0.3811005	10.00	25.52902	0	0.00	0.1546645	-20	10.00	0
0.3811005	10.00	25.67771	0	0.00	0.1486908	-20	10.00	0
0.3811005	10.00	25.82357	0	0.00	0.1458554	-20	10.00	0
0.3811005	10.00	25.98369	0	0.00	0.1601244	-20	10.00	0
0.3811005	10.00	26.14207	0	0.00	0.1583776	-20	10.00	0
0.3811005	10.00	26.29412	0	0.00	0.1520471	-20	10.00	0
0.3811005	10.00	26.44962	0	0.00	0.1554997	-20	10.00	0
0.3811005	10.00	26.60369	0	0.00	0.1540686	-20	10.00	0
25.71451
