-0.1503626	10.00	-50	-0.1503626	0.00	0	0	10.00	-40
-1.483696	10.00	-50	-1.333333	0.00	0	-0.0004137688	10.00	-39.97949
-1.747473	10.00	-50	-0.2637772	0.00	0	-0.001071988	10.00	-39.95399
-2.000464	10.00	-50	-0.2529905	0.00	0	-0.001403964	10.00	-39.93113
-2.176113	10.00	-50	-0.175649	0.00	0	-0.001846236	10.00	-39.90634
-2.333524	10.00	-50	-0.1574107	0.00	0	-0.002729077	10.00	-39.87111
-2.437736	10.00	-50	-0.1042121	0.00	0	-0.003501931	10.00	-39.84174
-2.437736	10.00	-50	0	0.00	0	-0.005058172	10.00	-39.80432
-2.437736	10.00	-50	0	0.00	0	-0.007568287	10.00	-39.76192
-2.437736	10.00	-50	0	0.00	0	-0.0108602	10.00	-39.71454
-2.437736	10.00	-50	0	0.00	0	-0.01442641	10.00	-39.65862
-2.437736	10.00	-50	0	0.00	0	-0.01653046	10.00	-39.60038
-2.437736	10.00	-50	0	0.00	0	-0.01877691	10.00	-39.53873
-2.437736	10.00	-50	0	0.00	0	-0.02083547	10.00	-39.47315
-2.437736	10.00	-50	0	0.00	0	-0.02227489	10.00	-39.40687
-2.437736	10.00	-50	0	0.00	0	-0.02374414	10.00	-39.33395
-2.437736	10.00	-50	0	0.00	0	-0.02425477	10.00	-39.25634
-2.437736	10.00	-50	0	0.00	0	-0.02466342	10.00	-39.18392
-2.437736	10.00	-50	0	0.00	0	-0.0247653	10.00	-39.11117
-2.437736	10.00	-50	0	0.00	0	-0.02531447	10.00	-39.03537
-2.437736	10.00	-50	0	0.00	0	-0.02582314	10.00	-38.95479
-2.437736	10.00	-50	0	0.00	0	-0.02650836	10.00	-38.88025
-2.437736	10.00	-50	0	0.00	0	-0.02686512	10.00	-38.79493
-2.437736	10.00	-50	0	0.00	0	-0.02734268	10.00	-38.70725
-2.437736	10.00	-50	0	0.00	0	-0.02804895	10.00	-38.62815
-2.437736	10.00	-50	0	0.00	0	-0.028892	10.00	-38.54286
-2.437736	10.00	-50	0	0.00	0	-0.0294985	10.00	-38.46226
-2.437736	10.00	-50	0	0.00	0	-0.03023988	10.00	-38.37414
-2.437736	10.00	-50	0	0.00	0	-0.03082498	10.00	-38.29219
-2.437736	10.00	-50	0	0.00	0	-0.0313367	10.00	-38.20179
-2.437736	10.00	-50	0	0.00	0	-0.032145	10.00	-38.09605
-2.437736	10.00	-50	0	0.00	0	-0.0327075	10.00	-37.98081
-2.437736	10.00	-50	0	0.00	0	-0.03352039	10.00	-37.87751
-2.437736	10.00	-50	0	0.00	0	-0.03428121	10.00	-37.77237
-2.437736	10.00	-50	0	0.00	0	-0.03493359	10.00	-37.68731
-2.437736	10.00	-50	0	0.00	0	-0.03573864	10.00	-37.60179
-2.437736	10.00	-50	0	0.00	0	-0.03651936	10.00	-37.51279
-2.437736	10.00	-50	0	0.00	0	-0.03724854	10.00	-37.40359
-2.437736	10.00	-50	0	0.00	0	-0.03769516	10.00	-37.31576
-2.437736	10.00	-50	0	0.00	0	-0.03806532	10.00	-37.22548
-2.437736	10.00	-50	0	0.00	0	-0.03846742	10.00	-37.1326
-2.437736	10.00	-50	0	0.00	0	-0.0388485	10.00	-37.041
-2.437736	10.00	-50	0	0.00	0	-0.03963706	10.00	-36.95011
-2.437736	10.00	-50	0	0.00	0	-0.04004148	10.00	-36.85643
-2.437736	10.00	-50	0	0.00	0	-0.04031136	10.00	-36.75875
-2.437736	10.00	-50	0	0.00	0	-0.0404362	10.00	-36.66796
-2.437736	10.00	-50	0	0.00	0	-0.04064932	10.00	-36.57296
-2.437736	10.00	-50	0	0.00	0	-0.04081362	10.00	-36.48162
-2.437736	10.00	-50	0	0.00	0	-0.04102917	10.00	-36.38795
-2.437736	10.00	-50	0	0.00	0	-0.04129987	10.00	-36.2905
-2.437736	10.00	-50	0	0.00	0	-0.04167949	10.00	-36.19465
-2.437736	10.00	-50	0	0.00	0	-0.04207633	10.00	-36.10033
-2.437736	10.00	-50	0	0.00	0	-0.04244618	10.00	-35.99864
-2.437736	10.00	-49.95337	0	0.00	0.046627	-0.04286122	10.00	-35.89987
-2.437736	10.00	-49.87135	0	0.00	0.08202624	-0.04314727	10.00	-35.80356
-2.437736	10.00	-49.77106	0	0.00	0.1002909	-0.04351802	10.00	-35.70086
-2.437736	10.00	-49.65735	0	0.00	0.1137091	-0.04384217	10.00	-35.59957
-2.431987	10.00	-49.53191	0.005748881	0.00	0.1254332	-0.04412487	10.00	-35.50983
-2.418546	10.00	-49.41238	0.01344078	0.00	0.1195365	-0.04439528	10.00	-35.42081
-2.402849	10.00	-49.29263	0.01569703	0.00	0.1197527	-0.04469585	10.00	-35.32988
-2.38322	10.00	-49.16806	0.0196292	0.00	0.1245594	-0.04502669	10.00	-35.24006
-2.362662	10.00	-49.04517	0.02055754	0.00	0.122899	-0.04540595	10.00	-35.14473
-2.343373	10.00	-48.91475	0.01928907	0.00	0.1304143	-0.04579658	10.00	-35.04536
-2.324598	10.00	-48.77892	0.01877548	0.00	0.1358345	-0.04624189	10.00	-34.94161
-2.305022	10.00	-48.63729	0.01957595	0.00	0.1416256	-0.04667283	10.00	-34.8186
-2.281863	10.00	-48.46975	0.02315898	0.00	0.1675477	-0.04708323	10.00	-34.69699
-2.255797	10.00	-48.30434	0.0260657	0.00	0.1654031	-0.04742298	10.00	-34.55778
-2.22784	10.00	-48.11532	0.02795688	0.00	0.1890177	-0.04758293	10.00	-34.46978
-2.207881	10.00	-47.996	0.01995894	0.00	0.1193204	-0.04768234	10.00	-34.36622
-2.183029	10.00	-47.85556	0.02485167	0.00	0.1404408	-0.04769599	10.00	-34.26819
-2.15818	10.00	-47.72242	0.02484985	0.00	0.1331449	-0.04769934	10.00	-34.17181
-2.133735	10.00	-47.59144	0.02444457	0.00	0.1309734	-0.04781565	10.00	-34.07389
-2.10888	10.00	-47.45827	0.0248554	0.00	0.1331746	-0.04776599	10.00	-33.97732
-2.084347	10.00	-47.32682	0.02453281	0.00	0.1314462	-0.047673	10.00	-33.88049
-2.059712	10.00	-47.19483	0.02463506	0.00	0.1319941	-0.04755998	10.00	-33.78254
-2.030911	10.00	-47.07552	0.02880089	0.00	0.1193087	-0.04751207	10.00	-33.68637
-2.003908	10.00	-47.00029	0.02700284	0.00	0.07523354	-0.04754791	10.00	-33.58906
-1.976614	10.00	-46.99609	0.02729387	0.00	0.004201525	-0.04769113	10.00	-33.49127
-1.962081	10.00	-46.99609	0.01453295	0.00	0	-0.04784675	10.00	-33.39494
-1.962081	10.00	-46.99609	0	0.00	0	-0.0479946	10.00	-33.29724
-1.962081	10.00	-46.99609	0	0.00	0	-0.04811824	10.00	-33.20089
-1.962081	10.00	-46.99609	0	0.00	0	-0.04820997	10.00	-33.10359
-1.962081	10.00	-46.99609	0	0.00	0	-0.04828276	10.00	-33.00724
-1.962081	10.00	-46.99609	0	0.00	0	-0.04833324	10.00	-32.90989
-1.962081	10.00	-46.99609	0	0.00	0	-0.04834925	10.00	-32.81287
-1.962081	10.00	-46.99609	0	0.00	0	-0.04832806	10.00	-32.71529
-1.962081	10.00	-46.99609	0	0.00	0	-0.04833186	10.00	-32.61912
-1.962081	10.00	-46.99609	0	0.00	0	-0.0483463	10.00	-32.52084
-1.962081	10.00	-46.99609	0	0.00	0	-0.04841881	10.00	-32.42474
-1.962081	10.00	-46.99609	0	0.00	0	-0.04853236	10.00	-32.32776
-1.962081	10.00	-46.99609	0	0.00	0	-0.0485952	10.00	-32.23107
-1.962081	10.00	-46.98937	0	0.00	0.006712028	-0.04864598	10.00	-32.13346
-1.962081	10.00	-46.95173	0	0.00	0.03764341	-0.0486842	10.00	-32.03506
-1.962081	10.00	-46.88132	0	0.00	0.07041246	-0.04867243	10.00	-31.93933
-1.962081	10.00	-46.8037	0	0.00	0.07762249	-0.04868061	10.00	-31.84237
-1.962081	10.00	-46.72356	0	0.00	0.08013041	-0.04864421	10.00	-31.74585
-1.962081	10.00	-46.63335	0	0.00	0.09021513	-0.04860023	10.00	-31.64912
-1.962081	10.00	-46.531	0	0.00	0.1023469	-0.04849293	10.00	-31.55493
-1.962081	10.00	-46.4273	0	0.00	0.1036995	-0.04835877	10.00	-31.45955
-1.962081	10.00	-46.30913	0	0.00	0.1181691	-0.04822838	10.00	-31.36459
-1.962081	10.00	-46.1809	0	0.00	0.1282299	-0.04813315	10.00	-31.26698
-1.962081	10.00	-46.04521	0	0.00	0.1356972	-0.04800318	10.00	-31.17283
-1.962081	10.00	-45.91452	0	0.00	0.1306846	-0.04791066	10.00	-31.07821
-1.962081	10.00	-45.78345	0	0.00	0.1310725	-0.04787159	10.00	-30.9824
-1.962081	10.00	-45.65125	0	0.00	0.1321965	-0.04788532	10.00	-30.88631
-1.962081	10.00	-45.51914	0	0.00	0.1321115	-0.04791458	10.00	-30.79148
-1.962081	10.00	-45.38931	0	0.00	0.1298353	-0.0479967	10.00	-30.69335
-1.962081	10.00	-45.25551	0	0.00	0.1337975	-0.04810168	10.00	-30.59578
-1.962081	10.00	-45.12294	0	0.00	0.1325674	-0.04820776	10.00	-30.49792
-1.962081	10.00	-44.99019	0	0.00	0.1327514	-0.04830584	10.00	-30.40146
-1.962081	10.00	-44.85943	0	0.00	0.1307583	-0.04842742	10.00	-30.30361
-1.962081	10.00	-44.72684	0	0.00	0.13259	-0.04852191	10.00	-30.20696
-1.962081	10.00	-44.59595	0	0.00	0.1308899	-0.04863542	10.00	-30.10746
-1.962081	10.00	-44.50173	0	0.00	0.09422503	-0.04874067	10.00	-30.00978
-1.962081	10.00	-44.4758	0	0.00	0.02593037	-0.04886148	10.00	-29.91242
-1.962081	10.00	-44.4758	0	0.00	0	-0.04898056	10.00	-29.81536
-1.962081	10.00	-44.4758	0	0.00	0	-0.04909798	10.00	-29.7163
-1.962081	10.00	-44.4758	0	0.00	0	-0.04921101	10.00	-29.61567
-1.962081	10.00	-44.4758	0	0.00	0	-0.04932381	10.00	-29.52128
-1.962081	10.00	-44.4758	0	0.00	0	-0.04944079	10.00	-29.42339
-1.962081	10.00	-44.4758	0	0.00	0.0003525934	-0.04954829	10.00	-29.3259
-1.962081	10.00	-44.44989	0	0.00	0.02590536	-0.04965913	10.00	-29.22869
-1.962081	10.00	-44.40491	0	0.00	0.04497899	-0.04975478	10.00	-29.13117
-1.962081	10.00	-44.34061	0	0.00	0.0643025	-0.04983895	10.00	-29.03299
-1.962081	10.00	-44.25913	0	0.00	0.08148218	-0.04991011	10.00	-28.93584
-1.962081	10.00	-44.16191	0	0.00	0.09721816	-0.04993727	10.00	-28.83854
-1.962081	10.00	-44.05553	0	0.00	0.1063776	-0.05000414	10.00	-28.74043
-1.962081	10.00	-43.93653	0	0.00	0.1189976	-0.0501075	10.00	-28.64396
-1.962081	10.00	-43.81307	0	0.00	0.1234656	-0.05017725	10.00	-28.54634
-1.962081	10.00	-43.68034	0	0.00	0.132733	-0.05028689	10.00	-28.44888
-1.962081	10.00	-43.5476	0	0.00	0.1327302	-0.05041057	10.00	-28.35184
-1.962081	10.00	-43.4152	0	0.00	0.1324017	-0.05053087	10.00	-28.25387
-1.962081	10.00	-43.28136	0	0.00	0.133847	-0.05059858	10.00	-28.15754
-1.962081	10.00	-43.14962	0	0.00	0.1317336	-0.05069389	10.00	-28.05396
-1.962081	10.00	-43.00785	0	0.00	0.1417771	-0.05072824	10.00	-27.95654
-1.962081	10.00	-42.87436	0	0.00	0.1334861	-0.05075324	10.00	-27.86839
-1.962081	10.00	-42.77335	0	0.00	0.101006	-0.05081132	10.00	-27.77357
-1.962081	10.00	-42.73647	0	0.00	0.03688702	-0.05041426	10.00	-27.67727
-1.962081	10.00	-42.73647	0	0.00	0	-0.05028314	10.00	-27.5806
-1.962081	10.00	-42.73647	0	0.00	0	-0.05018991	10.00	-27.48415
-1.962081	10.00	-42.73647	0	0.00	0	-0.05016731	10.00	-27.38712
-1.962081	10.00	-42.73647	0	0.00	0	-0.05019205	10.00	-27.29008
-1.962081	10.00	-42.73647	0	0.00	0	-0.05106128	10.00	-27.19362
-1.962081	10.00	-42.73647	0	0.00	0	-0.05157414	10.00	-27.09534
-1.962081	10.00	-42.73647	0	0.00	0	-0.05201605	10.00	-26.99854
-1.962081	10.00	-42.73647	0	0.00	0	-0.05220621	10.00	-26.90085
-1.962081	10.00	-42.73647	0	0.00	0	-0.05243986	10.00	-26.80545
-1.962081	10.00	-42.73647	0	0.00	0	-0.05260173	10.00	-26.70678
-1.962081	10.00	-42.73647	0	0.00	0	-0.05282547	10.00	-26.60948
-1.962081	10.00	-42.72074	0	0.00	0.01573003	-0.052969	10.00	-26.51242
-1.962081	10.00	-42.63972	0	0.00	0.08101296	-0.05307628	10.00	-26.4163
-1.962081	10.00	-42.51255	0	0.00	0.1271757	-0.053165	10.00	-26.31927
-1.962081	10.00	-42.3803	0	0.00	0.1322474	-0.05315835	10.00	-26.22028
-1.962081	10.00	-42.24537	0	0.00	0.1349286	-0.05316389	10.00	-26.12515
-1.962081	10.00	-42.11582	0	0.00	0.1295479	-0.05320376	10.00	-26.028
-1.962081	10.00	-41.98359	0	0.00	0.132229	-0.05326206	10.00	-25.93103
-1.962081	10.00	-41.8517	0	0.00	0.1318907	-0.05339215	10.00	-25.83351
-1.962081	10.00	-41.71931	0	0.00	0.1323904	-0.05352801	10.00	-25.73644
-1.962081	10.00	-41.58763	0	0.00	0.131684	-0.05353634	10.00	-25.63847
-1.962081	10.00	-41.45479	0	0.00	0.1328392	-0.0535358	10.00	-25.53995
-1.962081	10.00	-41.32127	0	0.00	0.1335186	-0.05348359	10.00	-25.44359
-1.962081	10.00	-41.19074	0	0.00	0.1305289	-0.05341032	10.00	-25.34599
-1.962081	10.00	-41.05854	0	0.00	0.1321993	-0.05339371	10.00	-25.24843
-1.962081	10.00	-40.92638	0	0.00	0.1321653	-0.05337885	10.00	-25.15174
-1.962081	10.00	-40.79533	0	0.00	0.1310513	-0.05335663	10.00	-25.05322
-1.962081	10.00	-40.66178	0	0.00	0.1335469	-0.0533176	10.00	-24.94898
-1.962081	10.00	-40.52048	0	0.00	0.1413015	-0.05331432	10.00	-24.84308
-1.962081	10.00	-40.37691	0	0.00	0.1435706	-0.05332316	10.00	-24.74427
-1.962081	10.00	-40.24311	0	0.00	0.1337961	-0.05328149	10.00	-24.65537
-1.962081	10.00	-40.12281	0	0.00	0.1203	-0.05328366	10.00	-24.56574
-1.962081	10.00	-40.00153	0	0.00	0.121281	-0.05332241	10.00	-24.46752
-1.962081	10.00	-39.86852	0	0.00	0.1330062	-0.05337672	10.00	-24.37007
-1.962081	10.00	-39.73641	0	0.00	0.1321144	-0.05341021	10.00	-24.27325
-1.962081	10.00	-39.6049	0	0.00	0.1315043	-0.05343088	10.00	-24.1767
-1.962081	10.00	-39.47361	0	0.00	0.1312962	-0.0535114	10.00	-24.07836
-1.962081	10.00	-39.33976	0	0.00	0.1338513	-0.05354606	10.00	-23.98136
-1.962081	10.00	-39.2076	0	0.00	0.132154	-0.05359398	10.00	-23.88444
-1.962081	10.00	-39.07561	0	0.00	0.1319884	-0.05371272	10.00	-23.78732
-1.962081	10.00	-38.94347	0	0.00	0.1321455	-0.05384286	10.00	-23.68997
-1.962081	10.00	-38.81121	0	0.00	0.1322574	-0.05392738	10.00	-23.5928
-1.962081	10.00	-38.67916	0	0.00	0.1320464	-0.05400355	10.00	-23.49539
-1.962081	10.00	-38.54685	0	0.00	0.1323154	-0.05401408	10.00	-23.39663
-1.962081	10.00	-38.41282	0	0.00	0.1340268	-0.05403504	10.00	-23.29918
-1.962081	10.00	-38.28065	0	0.00	0.1321753	-0.05405536	10.00	-23.20326
-1.962081	10.00	-38.15045	0	0.00	0.1301991	-0.05408341	10.00	-23.1058
-1.962081	10.00	-38.01813	0	0.00	0.1323225	-0.05412917	10.00	-23.00812
-1.962081	10.00	-37.88536	0	0.00	0.1327684	-0.05417766	10.00	-22.91087
-1.962081	10.00	-37.75306	0	0.00	0.1322984	-0.05422663	10.00	-22.8128
-1.962437	10.00	-37.6195	-0.0003556504	0.00	0.1335625	-0.05424744	10.00	-22.7147
-1.965383	10.00	-37.48576	-0.002945964	0.00	0.1337338	-0.05425547	10.00	-22.6335
-1.974263	10.00	-37.37494	-0.008879767	0.00	0.1108227	-0.05430309	10.00	-22.52356
-1.987741	10.00	-37.22486	-0.0134782	0.00	0.1500766	-0.05436936	10.00	-22.44112
-2.0011	10.00	-37.11247	-0.0133592	0.00	0.1123968	-0.05442369	10.00	-22.32763
-2.044941	10.00	-36.95781	-0.0438414	0.00	0.1546617	-0.05442199	10.00	-22.25193
-2.080197	10.00	-36.85459	-0.03525512	0.00	0.1032168	-0.05443007	10.00	-22.13611
-2.137218	10.00	-36.69661	-0.05702111	0.00	0.157984	-0.0544264	10.00	-22.05991
-2.183829	10.00	-36.59258	-0.04661173	0.00	0.1040265	-0.05443135	10.00	-21.94224
-2.271341	10.00	-36.43198	-0.08751167	0.00	0.1606	-0.05444435	10.00	-21.86319
-2.338577	10.00	-36.32395	-0.06723597	0.00	0.1080326	-0.05452069	10.00	-21.74858
-2.449797	10.00	-36.16719	-0.11122	0.00	0.1567553	-0.05454984	10.00	-21.66537
-2.539526	10.00	-36.05317	-0.0897292	0.00	0.1140176	-0.05462241	10.00	-21.55397
-2.670056	10.00	-35.90046	-0.1305296	0.00	0.1527096	-0.05464964	10.00	-21.46589
-2.773346	10.00	-35.77962	-0.1032906	0.00	0.1208421	-0.05472501	10.00	-21.36178
-2.895384	10.00	-35.63685	-0.122038	0.00	0.1427751	-0.0547705	10.00	-21.2648
-3.023261	10.00	-35.50382	-0.1278764	0.00	0.1330288	-0.05481714	10.00	-21.19432
-3.118989	10.00	-35.40715	-0.0957281	0.00	0.09666409	-0.05391028	10.00	-21.11619
-3.226467	10.00	-35.29967	-0.1074777	0.00	0.1074777	-0.0536929	10.00	-21.02621
-3.350184	10.00	-35.17596	-0.1237172	0.00	0.1237172	-0.05398054	10.00	-20.93014
-3.482294	10.00	-35.04385	-0.1321101	0.00	0.1321101	-0.05415461	10.00	-20.83441
-3.602704	10.00	-34.91195	-0.1204099	0.00	0.1319049	-0.05426187	10.00	-20.73653
-3.710256	10.00	-34.77694	-0.1075519	0.00	0.1350036	-0.05385368	10.00	-20.66241
-3.78976	10.00	-34.67466	-0.07950464	0.00	0.1022839	-0.05369378	10.00	-20.57969
-3.878386	10.00	-34.56064	-0.08862629	0.00	0.1140191	-0.05401823	10.00	-20.49956
-3.953552	10.00	-34.45018	-0.07516531	0.00	0.1104617	-0.05416198	10.00	-20.40278
-4.033993	10.00	-34.31678	-0.08044112	0.00	0.1334011	-0.05365688	10.00	-20.30649
-4.112894	10.00	-34.18379	-0.07890081	0.00	0.1329821	-0.05336773	10.00	-20.21279
-4.187321	10.00	-34.05412	-0.07442676	0.00	0.1296739	-0.05314982	10.00	-20.11752
-4.235007	10.00	-33.922	-0.04768654	0.00	0.1321215	-0.0529403	10.00	-20.02096
-4.248336	10.00	-33.78802	-0.01332934	0.00	0.1339744	-0.05283964	10.00	-19.92368
-4.25131	10.00	-33.65304	-0.002973468	0.00	0.1349823	-0.05274237	10.00	-19.82923
-4.252927	10.00	-33.52203	-0.001617359	0.00	0.131006	-0.05266479	10.00	-19.74944
-4.254292	10.00	-33.4115	-0.001364582	0.00	0.1105311	-0.05307087	10.00	-19.63931
-4.256173	10.00	-33.25911	-0.00188139	0.00	0.1523925	-0.05328613	10.00	-19.56064
-4.257516	10.00	-33.15038	-0.001342422	0.00	0.1087361	-0.053402	10.00	-19.44829
-4.259433	10.00	-32.99505	-0.001917583	0.00	0.1553242	-0.05334148	10.00	-19.37291
-4.259433	10.00	-32.89061	0	0.00	0.1044441	-0.05326188	10.00	-19.29653
-4.259433	10.00	-32.78482	0	0.00	0.1057903	-0.0531356	10.00	-19.2097
-4.259433	10.00	-32.66459	0	0.00	0.120225	-0.05319796	10.00	-19.11377
-4.259433	10.00	-32.53241	0	0.00	0.1321781	-0.05319338	10.00	-19.01799
-4.259433	10.00	-32.4003	0	0.00	0.1321101	-0.0531279	10.00	-18.91977
-4.259433	10.00	-32.26529	0	0.00	0.1350149	-0.05301049	10.00	-18.82424
-4.259433	10.00	-32.13414	0	0.00	0.1311518	-0.05293717	10.00	-18.7471
-4.259433	10.00	-32.02832	0	0.00	0.1058115	-0.05282513	10.00	-18.63153
-4.259433	10.00	-31.86978	0	0.00	0.1585404	-0.0527886	10.00	-18.5563
-4.276663	10.00	-31.76678	-0.01722975	0.00	0.1030045	-0.05270758	10.00	-18.45899
-4.322067	10.00	-31.63385	-0.04540448	0.00	0.1329312	-0.05264093	10.00	-18.36808
-4.380013	10.00	-31.50989	-0.05794566	0.00	0.1239635	-0.05252387	10.00	-18.27845
-4.455976	10.00	-31.38783	-0.07596324	0.00	0.1220553	-0.05242168	10.00	-18.17919
-4.545254	10.00	-31.25278	-0.08927786	0.00	0.1350446	-0.05230653	10.00	-18.09662
-4.621664	10.00	-31.1405	-0.07640983	0.00	0.1122906	-0.05213291	10.00	-18.0023
-4.708945	10.00	-31.01223	-0.08728107	0.00	0.1282668	-0.05192741	10.00	-17.90532
-4.798656	10.00	-30.88039	-0.08971038	0.00	0.1318369	-0.0517978	10.00	-17.8082
-4.888516	10.00	-30.74833	-0.08986066	0.00	0.1320578	-0.05171545	10.00	-17.7085
-4.980715	10.00	-30.61284	-0.09219847	0.00	0.1354934	-0.05164562	10.00	-17.62602
-5.057019	10.00	-30.50071	-0.07630387	0.00	0.1121349	-0.05153034	10.00	-17.51627
-5.158552	10.00	-30.35149	-0.1015333	0.00	0.1492117	-0.05143437	10.00	-17.42806
-5.240203	10.00	-30.2315	-0.08165088	0.00	0.1199928	-0.05129652	10.00	-17.322
-5.338388	10.00	-30.08721	-0.09818507	0.00	0.1442912	-0.05118129	10.00	-17.24911
-5.40591	10.00	-29.98798	-0.06752288	0.00	0.09923053	-0.05102644	10.00	-17.17371
-5.478623	10.00	-29.8855	-0.07271244	0.00	0.1024821	-0.05083414	10.00	-17.07792
-5.572154	10.00	-29.75545	-0.0935308	0.00	0.130049	-0.05070402	10.00	-16.98196
-5.66576	10.00	-29.62529	-0.09360614	0.00	0.1301538	-0.05060445	10.00	-16.88431
-5.760865	10.00	-29.49306	-0.09510475	0.00	0.1322375	-0.05052643	10.00	-16.78634
-5.856212	10.00	-29.36048	-0.09534705	0.00	0.1325744	-0.05045588	10.00	-16.6888
-5.951072	10.00	-29.22858	-0.0948604	0.00	0.1318978	-0.05041698	10.00	-16.58945
-6.047656	10.00	-29.09429	-0.09658402	0.00	0.1342944	-0.05038345	10.00	-16.48932
-6.145012	10.00	-28.95892	-0.09735572	0.00	0.1353674	-0.05035995	10.00	-16.38197
-6.242373	10.00	-28.81378	-0.09736143	0.00	0.1451462	-0.05034219	10.00	-16.29889
-6.301378	10.00	-28.7015	-0.05900414	0.00	0.1122737	-0.05033985	10.00	-16.20018
-6.358554	10.00	-28.56813	-0.05717703	0.00	0.13337	-0.0503433	10.00	-16.09998
-6.408729	10.00	-28.43275	-0.05017408	0.00	0.1353815	-0.05032069	10.00	-16.00432
-6.447865	10.00	-28.30351	-0.03913699	0.00	0.1292365	-0.05030936	10.00	-15.93207
-6.458519	10.00	-28.20593	-0.01065325	0.00	0.09757996	-0.05028935	10.00	-15.8588
-6.465492	10.00	-28.10695	-0.006972745	0.00	0.09898422	-0.05026771	10.00	-15.75991
-6.465492	10.00	-27.97331	0	0.00	0.1336432	-0.05019706	10.00	-15.66111
-6.465492	10.00	-27.83969	0	0.00	0.1336163	-0.05012565	10.00	-15.56433
-6.465492	10.00	-27.70878	0	0.00	0.1309097	-0.05009306	10.00	-15.46428
-6.465492	10.00	-27.57347	0	0.00	0.1353093	-0.05008095	10.00	-15.36682
-6.465492	10.00	-27.4417	0	0.00	0.131776	-0.05007392	10.00	-15.29239
-6.465492	10.00	-27.34111	0	0.00	0.1005824	-0.05005177	10.00	-15.21266
-6.465492	10.00	-27.23338	0	0.00	0.1077311	-0.05002809	10.00	-15.12292
-6.465492	10.00	-27.11214	0	0.00	0.1212399	-0.05000305	10.00	-15.02559
-6.465492	10.00	-26.98063	0	0.00	0.1315113	-0.0499668	10.00	-14.92854
-6.465492	10.00	-26.84948	0	0.00	0.1311475	-0.04994066	10.00	-14.83004
-6.465492	10.00	-26.71641	0	0.00	0.1330699	-0.0498846	10.00	-14.73147
-6.465492	10.00	-26.58323	0	0.00	0.1331888	-0.04985028	10.00	-14.65415
-6.465492	10.00	-26.47878	0	0.00	0.1044483	-0.04982966	10.00	-14.58296
-6.465492	10.00	-26.38262	0	0.00	0.09615307	-0.04818984	10.00	-14.48816
-6.518154	10.00	-26.25397	-0.05266229	0.00	0.1286505	-0.04793423	10.00	-14.39075
-6.608896	10.00	-26.12249	-0.09074174	0.00	0.1314816	-0.04779159	10.00	-14.29183
-6.723023	10.00	-25.98897	-0.1141272	0.00	0.1335201	-0.04770773	10.00	-14.19491
-6.845017	10.00	-25.85811	-0.1219944	0.00	0.1308644	-0.04767827	10.00	-14.0951
-6.979891	10.00	-25.72323	-0.1348733	0.00	0.1348733	-0.04764904	10.00	-14.01802
-7.08406	10.00	-25.61906	-0.1041695	0.00	0.1041695	-0.04765593	10.00	-13.90166
-7.241474	10.00	-25.46165	-0.1574136	0.00	0.1574136	-0.04759254	10.00	-13.82492
-7.345209	10.00	-25.35792	-0.1037349	0.00	0.1037349	-0.04749328	10.00	-13.70628
-7.505672	10.00	-25.19745	-0.1604641	0.00	0.1604641	-0.04741371	10.00	-13.63098
-7.607451	10.00	-25.09567	-0.1017786	0.00	0.1017786	-0.04730802	10.00	-13.5574
-7.706901	10.00	-24.99622	-0.09944994	0.00	0.09944994	-0.04716656	10.00	-13.46127
-7.836829	10.00	-24.86629	-0.1299273	0.00	0.1299273	-0.04709003	10.00	-13.3635
-7.968879	10.00	-24.73425	-0.1320507	0.00	0.1320507	-0.0470154	10.00	-13.26724
-8.09885	10.00	-24.60427	-0.1299712	0.00	0.1299712	-0.04695149	10.00	-13.16923
-8.183777	10.00	-24.47193	-0.08492663	0.00	0.1323395	-0.04687573	10.00	-13.06925
-8.183777	10.00	-24.33697	0	0.00	0.1349682	-0.0476494	10.00	-12.97141
-8.183777	10.00	-24.20562	0	0.00	0.1313457	-0.04805773	10.00	-12.87139
-8.183777	10.00	-24.07084	0	0.00	0.1347856	-0.04821898	10.00	-12.77297
-8.183777	10.00	-23.93825	0	0.00	0.1325886	-0.04825212	10.00	-12.69828
-8.183777	10.00	-23.83756	0	0.00	0.1006857	-0.04817358	10.00	-12.57924
-8.183777	10.00	-23.67687	0	0.00	0.1606892	-0.04817011	10.00	-12.50547
-8.183777	10.00	-23.57721	0	0.00	0.09966511	-0.04815481	10.00	-12.4275
-8.183777	10.00	-23.47183	0	0.00	0.1053756	-0.04813124	10.00	-12.3341
-8.183777	10.00	-23.3455	0	0.00	0.1263247	-0.04809467	10.00	-12.2372
-8.183777	10.00	-23.21438	0	0.00	0.1311207	-0.04804702	10.00	-12.139
-8.183777	10.00	-23.08143	0	0.00	0.132951	-0.04798162	10.00	-12.04294
-8.183777	10.00	-22.95138	0	0.00	0.1300561	-0.04793062	10.00	-11.9415
-8.183777	10.00	-22.81412	0	0.00	0.1372628	-0.04789581	10.00	-11.85733
-8.183777	10.00	-22.70031	0	0.00	0.1138011	-0.04784324	10.00	-11.74638
-8.183777	10.00	-22.55034	0	0.00	0.1499691	-0.04780309	10.00	-11.67007
-8.183777	10.00	-22.44728	0	0.00	0.1030667	-0.04774817	10.00	-11.55309
-8.231587	10.00	-22.2894	-0.04781051	0.00	0.1578779	-0.04771259	10.00	-11.47513
-8.2899	10.00	-22.18426	-0.05831198	0.00	0.1051448	-0.04763108	10.00	-11.35677
-8.421643	10.00	-22.0247	-0.1317438	0.00	0.1595525	-0.04757179	10.00	-11.27959
-8.510563	10.00	-21.92067	-0.08891977	0.00	0.1040293	-0.05012343	10.00	-11.16092
-8.652466	10.00	-21.76185	-0.1419031	0.00	0.1588192	-0.05050512	10.00	-11.08045
-8.750339	10.00	-21.65349	-0.09787236	0.00	0.1083652	-0.05042868	10.00	-10.96196
-8.894711	10.00	-21.49364	-0.144373	0.00	0.1598512	-0.05038174	10.00	-10.88814
-8.984698	10.00	-21.394	-0.08998653	0.00	0.09963397	-0.05028233	10.00	-10.76889
-9.130051	10.00	-21.23307	-0.1453523	0.00	0.1609355	-0.05024635	10.00	-10.68995
-9.226251	10.00	-21.12655	-0.09620007	0.00	0.1065137	-0.05017604	10.00	-10.57194
-9.370049	10.00	-20.96734	-0.1437977	0.00	0.1592142	-0.05014351	10.00	-10.49981
-9.45791	10.00	-20.87006	-0.08786164	0.00	0.09728128	-0.05011263	10.00	-10.42213
-9.552514	10.00	-20.76531	-0.0946045	0.00	0.104747	-0.05007324	10.00	-10.32667
-9.668807	10.00	-20.63655	-0.1162931	0.00	0.1287609	-0.05002492	10.00	-10.22846
-9.755128	10.00	-20.50404	-0.08632055	0.00	0.1325122	-0.04979821	10.00	-10.13103
-9.755128	10.00	-20.3725	0	0.00	0.1315397	-0.04952814	10.00	-10.03117
-9.755128	10.00	-20.23766	0	0.00	0.1348394	-0.04945084	10.00	-9.935353
-9.755128	10.00	-20.10833	0	0.00	0.1293257	-0.04921934	10.00	-9.836108
-9.755128	10.00	-19.97437	0	0.00	0.1339702	-0.04913229	10.00	-9.737317
-9.755128	10.00	-19.84109	0	0.00	0.1332737	-0.04895845	10.00	-9.659706
-9.755128	10.00	-19.73637	0	0.00	0.1047216	-0.04880174	10.00	-9.543401
-9.755128	10.00	-19.57949	0	0.00	0.1568827	-0.0486343	10.00	-9.465306
-9.755128	10.00	-19.47402	0	0.00	0.105469	-0.04852728	10.00	-9.348324
-9.755128	10.00	-19.3161	0	0.00	0.1579203	-0.04834864	10.00	-9.267782
-9.755128	10.00	-19.20733	0	0.00	0.1087616	-0.04821669	10.00	-9.150091
-9.755128	10.00	-19.04843	0	0.00	0.1589098	-0.04798172	10.00	-9.037432
-9.755128	10.00	-18.89614	0	0.00	0.1522849	-0.04787794	10.00	-8.867838
-9.755128	10.00	-18.66707	0	0.00	0.2290715	-0.0474731	10.00	-8.682285
-9.755128	10.00	-18.41665	0	0.00	0.2504226	-0.04710482	10.00	-8.475036
-9.755128	10.00	-18.1371	0	0.00	0.2795453	-0.04661733	10.00	-8.250542
-9.755128	10.00	-17.83377	0	0.00	0.303327	-0.04639012	10.00	-8.071088
-9.755128	10.00	-17.59117	0	0.00	0.242603	-0.04597807	10.00	-7.897088
-9.755128	10.00	-17.35558	0	0.00	0.2355888	-0.0459414	10.00	-7.727503
-9.755128	10.00	-17.12598	0	0.00	0.2295981	-0.04593947	10.00	-7.551413
-9.755128	10.00	-16.88782	0	0.00	0.2381666	-0.04591903	10.00	-7.379121
-9.755128	10.00	-16.65511	0	0.00	0.2327039	-0.04583913	10.00	-7.173133
-9.755128	10.00	-16.37711	0	0.00	0.2780052	-0.04570798	10.00	-6.995064
-9.755128	10.00	-16.1371	0	0.00	0.240004	-0.045359	10.00	-6.823346
-9.755128	10.00	-15.9057	0	0.00	0.2314029	-0.04520513	10.00	-6.658949
-9.755128	10.00	-15.68421	0	0.00	0.2214897	-0.04484138	10.00	-6.486195
-9.755128	10.00	-15.45145	0	0.00	0.2327591	-0.04466705	10.00	-6.321467
-9.755128	10.00	-15.22957	0	0.00	0.2218804	-0.04426169	10.00	-6.141401
-9.755128	10.00	-14.98699	0	0.00	0.2425818	-0.04404005	10.00	-5.968398
-9.755128	10.00	-14.75399	0	0.00	0.2330011	-0.04359554	10.00	-5.788909
-9.755128	10.00	-14.51225	0	0.00	0.2417395	-0.04339701	10.00	-5.618462
-9.755128	10.00	-14.28276	0	0.00	0.2294933	-0.04305433	10.00	-5.455209
-9.755128	10.00	-14.0629	0	0.00	0.2198547	-0.04286257	10.00	-5.274375
-9.755128	10.00	-13.81945	0	0.00	0.2434538	-0.04239741	10.00	-5.063021
-9.755128	10.00	-13.53485	0	0.00	0.2845961	-0.04213424	10.00	-4.850149
-9.755128	10.00	-13.24825	0	0.00	0.2866005	-0.04169663	10.00	-4.649191
-9.755128	10.00	-12.97764	0	0.00	0.2706102	-0.0414729	10.00	-4.46827
-9.755128	10.00	-12.73394	0	0.00	0.2437015	-0.04112739	10.00	-4.29639
-9.755128	10.00	-12.50236	0	0.00	0.2315785	-0.04091577	10.00	-4.116949
-9.755128	10.00	-12.2606	0	0.00	0.2417635	-0.04055605	10.00	-3.934867
-9.755128	10.00	-12.01526	0	0.00	0.2453379	-0.04037415	10.00	-3.775104
-9.755128	10.00	-11.79977	0	0.00	0.215489	-0.0404033	10.00	-3.593127
-9.755128	10.00	-11.55434	0	0.00	0.2454271	-0.04032756	10.00	-3.420703
-9.755128	10.00	-11.32191	0	0.00	0.2324321	-0.04023336	10.00	-3.23605
-9.755128	10.00	-11.07302	0	0.00	0.2488952	-0.04007765	10.00	-3.063671
-9.755128	10.00	-10.84065	0	0.00	0.2323641	-0.03992135	10.00	-2.890599
-9.755128	10.00	-10.60728	0	0.00	0.233372	-0.03975506	10.00	-2.718758
-9.755128	10.00	-10.37556	0	0.00	0.2317257	-0.0397105	10.00	-2.546949
-9.755128	10.00	-10.14376	0	0.00	0.2317979	-0.03964707	10.00	-2.371598
-9.755128	10.00	-9.907346	0	0.00	0.2364113	-0.03935814	10.00	-2.198416
-9.755128	10.00	-9.673717	0	0.00	0.2336296	-0.03929406	10.00	-2.020473
-9.755128	10.00	-9.433734	0	0.00	0.2399828	-0.03929341	10.00	-1.844008
-9.755128	10.00	-9.195758	0	0.00	0.2379755	-0.03923406	10.00	-1.668955
-9.755128	10.00	-8.959733	0	0.00	0.2360248	-0.03895316	10.00	-1.491077
-9.755128	10.00	-8.720078	0	0.00	0.2396558	-0.03875721	10.00	-1.291229
-9.755128	10.00	-8.451056	0	0.00	0.2690219	-0.03852109	10.00	-1.087139
-9.755128	10.00	-8.176332	0	0.00	0.2747239	-0.038218	10.00	-0.8939501
-9.755128	10.00	-7.916267	0	0.00	0.2600641	-0.03802747	10.00	-0.7183008
-9.755128	10.00	-7.679779	0	0.00	0.2364891	-0.03787199	10.00	-0.5709337
-9.755128	10.00	-7.481347	0	0.00	0.1984313	-0.03755505	10.00	-0.4289092
-9.755128	10.00	-7.29013	0	0.00	0.1912175	-0.03737371	10.00	-0.2783232
-9.755128	10.00	-7.087367	0	0.00	0.202763	-0.03728331	10.00	-0.1268566
-9.755128	10.00	-6.883398	0	0.00	0.2039691	-0.03718375	10.00	0.03261295
-9.755128	10.00	-6.668642	0	0.00	0.2147558	-0.03709102	10.00	0.1741741
-9.755128	10.00	-6.478004	0	0.00	0.1906372	-0.03701504	10.00	0.3179591
-9.755128	10.00	-6.284409	0	0.00	0.1935957	-0.0369033	10.00	0.4710096
-9.755128	10.00	-6.078333	0	0.00	0.2060754	-0.03673595	10.00	0.621324
-9.755128	10.00	-5.875988	0	0.00	0.2023454	-0.03650744	10.00	0.767317
-9.755128	10.00	-5.679504	0	0.00	0.1964835	-0.03625107	10.00	0.9270203
-9.755128	10.00	-5.464573	0	0.00	0.2149313	-0.03604116	10.00	1.075937
-9.755128	10.00	-5.264144	0	0.00	0.2004287	-0.03582416	10.00	1.220886
-9.755128	10.00	-5.069022	0	0.00	0.1951231	-0.03561695	10.00	1.362591
-9.755128	10.00	-4.878325	0	0.00	0.1906966	-0.03538263	10.00	1.515682
-9.755128	10.00	-4.672285	0	0.00	0.2060401	-0.03512554	10.00	1.666332
-9.755128	10.00	-4.469502	0	0.00	0.2027828	-0.0348487	10.00	1.807851
-9.755128	10.00	-4.279004	0	0.00	0.1904984	-0.03457157	10.00	1.961147
-9.755128	10.00	-4.072707	0	0.00	0.2062963	-0.03425746	10.00	2.128282
-9.755128	10.00	-3.847786	0	0.00	0.224921	-0.03393143	10.00	2.315433
-9.755128	10.00	-3.595958	0	0.00	0.2518283	-0.03362418	10.00	2.504207
-9.755128	10.00	-3.341907	0	0.00	0.2540508	-0.03331835	10.00	2.677473
-9.755128	10.00	-3.108736	0	0.00	0.233171	-0.0330823	10.00	2.820571
-9.755128	10.00	-2.916133	0	0.00	0.1926034	-0.03287172	10.00	2.950062
-9.755128	10.00	-2.741868	0	0.00	0.1742646	-0.03267015	10.00	3.076246
-9.755128	10.00	-2.572033	0	0.00	0.1698353	-0.03247736	10.00	3.206954
-9.755128	10.00	-2.396112	0	0.00	0.1759208	-0.03225459	10.00	3.334221
-9.755128	10.00	-2.224832	0	0.00	0.1712806	-0.03203384	10.00	3.467467
-9.755128	10.00	-2.045535	0	0.00	0.179297	-0.03185065	10.00	3.597028
-9.755128	10.00	-1.871147	0	0.00	0.1743878	-0.03167243	10.00	3.722821
-9.755128	10.00	-1.701854	0	0.00	0.1692931	-0.03149398	10.00	3.851673
-9.755128	10.00	-1.528414	0	0.00	0.1734393	-0.03131375	10.00	3.983211
-9.755128	10.00	-1.351382	0	0.00	0.1770321	-0.03109916	10.00	4.11092
-9.755128	10.00	-1.179517	0	0.00	0.1718652	-0.03087215	10.00	4.246087
-9.755128	10.00	-0.9976382	0	0.00	0.181879	-0.03067955	10.00	4.375618
-9.755128	10.00	-0.8232858	0	0.00	0.1743524	-0.03049156	10.00	4.502354
-9.755128	10.00	-0.652723	0	0.00	0.1705629	-0.03029958	10.00	4.628418
-9.755128	10.00	-0.4830434	0	0.00	0.1696796	-0.03009909	10.00	4.758831
-9.755128	10.00	-0.3075317	0	0.00	0.1755117	-0.02988557	10.00	4.884792
-9.755128	10.00	-0.1380093	0	0.00	0.1695224	-0.02966083	10.00	5.019062
-9.755128	10.00	0.0426764	0	0.00	0.1806857	-0.02942316	10.00	5.152651
-9.755128	10.00	0.2224632	0	0.00	0.1797868	-0.02922139	10.00	5.285764
-9.755128	10.00	0.4016172	0	0.00	0.179154	-0.02902452	10.00	5.415409
-9.755128	10.00	0.5761167	0	0.00	0.1744996	-0.0287955	10.00	5.557668
-9.755128	10.00	0.7675594	0	0.00	0.1914426	-0.02857631	10.00	5.691802
-9.755128	10.00	0.948078	0	0.00	0.1805186	-0.02834144	10.00	5.836132
-9.755128	10.00	1.142302	0	0.00	0.1942242	-0.02807634	10.00	5.996719
-9.755128	10.00	1.358423	0	0.00	0.2161204	-0.02781731	10.00	6.135022
-9.755128	10.00	1.54451	0	0.00	0.1860875	-0.02757438	10.00	6.260116
-9.755128	10.00	1.712865	0	0.00	0.1683546	-0.02734205	10.00	6.390494
-9.755128	10.00	1.88833	0	0.00	0.175465	-0.02713941	10.00	6.520483
-9.755128	10.00	2.063282	0	0.00	0.1749526	-0.02697417	10.00	6.64654
-9.755128	10.00	2.232969	0	0.00	0.1696866	-0.02684369	10.00	6.776225
-9.755128	10.00	2.407589	0	0.00	0.1746199	-0.02668312	10.00	6.904374
-9.755128	10.00	2.580265	0	0.00	0.1726763	-0.02652512	10.00	7.041944
-9.755128	10.00	2.76558	0	0.00	0.1853146	-0.02637328	10.00	7.173711
-9.755128	10.00	2.943012	0	0.00	0.1774327	-0.02620622	10.00	7.301491
-9.755128	10.00	3.114955	0	0.00	0.1719431	-0.026022	10.00	7.430832
-9.755128	10.00	3.288961	0	0.00	0.1740056	-0.02581972	10.00	7.559655
-9.755128	10.00	3.462242	0	0.00	0.1732808	-0.02559792	10.00	7.689974
-9.755128	10.00	3.637528	0	0.00	0.1752867	-0.02536974	10.00	7.827922
-9.755128	10.00	3.823147	0	0.00	0.1856189	-0.02513587	10.00	7.95488
-9.755128	10.00	3.993949	0	0.00	0.1708021	-0.02489026	10.00	8.083541
-9.755128	10.00	4.167045	0	0.00	0.1730953	-0.02459538	10.00	8.21537
-9.755128	10.00	4.344442	0	0.00	0.1773973	-0.02437295	10.00	8.341322
-9.755128	10.00	4.513937	0	0.00	0.1694955	-0.02420743	10.00	8.472653
-9.755128	10.00	4.690783	0	0.00	0.1768452	-0.02400748	10.00	8.618029
-9.755128	10.00	4.886544	0	0.00	0.1957615	-0.02372567	10.00	8.743519
-9.755128	10.00	5.055464	0	0.00	0.1689194	-0.02350949	10.00	8.878136
-9.755128	10.00	5.236747	0	0.00	0.181283	-0.02329745	10.00	9.006918
-9.755128	10.00	5.410295	0	0.00	0.1735483	-0.02300554	10.00	9.143669
-9.755128	10.00	5.594457	0	0.00	0.1841623	-0.02274488	10.00	9.284647
-9.755128	10.00	5.784363	0	0.00	0.1899053	-0.0224556	10.00	9.426492
-9.755128	10.00	5.975377	0	0.00	0.1910137	-0.02216912	10.00	9.567228
-9.755128	10.00	6.16485	0	0.00	0.1894736	-0.0219232	10.00	9.689994
-9.755128	10.00	6.330161	0	0.00	0.1653111	-0.02161656	10.00	9.815761
-9.755128	10.00	6.499473	0	0.00	0.1693115	-0.02131959	10.00	9.943214
-9.755128	10.00	6.671002	0	0.00	0.1715297	-0.02099407	10.00	10.09328
-9.755128	10.00	6.872869	0	0.00	0.2018669	-0.02073363	10.00	10.21967
-9.755128	10.00	7.042879	0	0.00	0.1700094	-0.02047296	10.00	10.35342
-9.755128	10.00	7.222806	0	0.00	0.1799269	-0.02022899	10.00	10.48293
-9.755128	10.00	7.396982	0	0.00	0.1741768	-0.02000127	10.00	10.61063
-9.755128	10.00	7.568697	0	0.00	0.1717151	-0.0197854	10.00	10.73587
-9.755128	10.00	7.737104	0	0.00	0.1684069	-0.01960737	10.00	10.86246
-9.755128	10.00	7.907364	0	0.00	0.1702599	-0.01941808	10.00	10.99855
-9.755128	10.00	8.090362	0	0.00	0.1829973	-0.01925161	10.00	11.12873
-9.755128	10.00	8.265425	0	0.00	0.175063	-0.01906798	10.00	11.25783
-9.755128	10.00	8.439013	0	0.00	0.1735894	-0.01888276	10.00	11.38731
-9.755128	10.00	8.613118	0	0.00	0.1741046	-0.01869444	10.00	11.51608
-9.755128	10.00	8.786257	0	0.00	0.1731378	-0.01848112	10.00	11.6575
-9.755128	10.00	8.976418	0	0.00	0.1901615	-0.01827574	10.00	11.79698
-9.755128	10.00	9.163949	0	0.00	0.1875314	-0.01807974	10.00	11.92612
-9.755128	10.00	9.337583	0	0.00	0.1736332	-0.0178737	10.00	12.05623
-9.755128	10.00	9.512511	0	0.00	0.1749285	-0.01765958	10.00	12.18778
-9.755128	10.00	9.689378	0	0.00	0.1768664	-0.01747234	10.00	12.31944
-9.755128	10.00	9.866426	0	0.00	0.1770476	-0.01729054	10.00	12.45049
-9.755128	10.00	10.04269	0	0.00	0.1762662	-0.01707083	10.00	12.58573
-9.755128	10.00	10.22465	0	0.00	0.1819568	-0.01682303	10.00	12.73325
-9.755128	10.00	10.42309	0	0.00	0.1984427	-0.01644945	10.00	12.94516
-9.755128	10.00	10.70815	0	0.00	0.2850561	-0.01619561	10.00	13.08632
-9.755128	10.00	10.8981	0	0.00	0.1899478	-0.0159416	10.00	13.22614
-9.755128	10.00	11.08624	0	0.00	0.1881486	-0.0156772	10.00	13.35558
-9.755128	10.00	11.26044	0	0.00	0.1741924	-0.01537585	10.00	13.51692
-9.755128	10.00	11.4777	0	0.00	0.217267	-0.0152033	10.00	13.63304
-9.755128	10.00	11.63424	0	0.00	0.1565416	-0.01499276	10.00	13.76382
-9.755128	10.00	11.81063	0	0.00	0.176388	-0.01484276	10.00	13.88248
-9.755128	10.00	11.97092	0	0.00	0.1602872	-0.0147119	10.00	13.99666
-9.755128	10.00	12.12524	0	0.00	0.1543191	-0.01456257	10.00	14.11662
-9.755128	10.00	12.28743	0	0.00	0.1621911	-0.01439569	10.00	14.23308
-9.755128	10.00	12.44512	0	0.00	0.1576854	-0.01420039	10.00	14.3472
-9.755128	10.00	12.60003	0	0.00	0.1549193	-0.013978	10.00	14.46888
-9.755128	10.00	12.76549	0	0.00	0.1654597	-0.01378779	10.00	14.58554
-9.755128	10.00	12.92569	0	0.00	0.1601924	-0.01362378	10.00	14.703
-9.755128	10.00	13.08602	0	0.00	0.1603325	-0.01324791	10.00	14.83505
-9.755128	10.00	13.26629	0	0.00	0.1802751	-0.01285427	10.00	14.95934
-9.755128	10.00	13.43644	0	0.00	0.1701439	-0.01242809	10.00	15.08225
-9.755128	10.00	13.60487	0	0.00	0.1684352	-0.01209766	10.00	15.20417
-9.755128	10.00	13.77184	0	0.00	0.1669631	-0.01169094	10.00	15.31641
-9.755128	10.00	13.92528	0	0.00	0.1534443	-0.01122874	10.00	15.43194
-9.755128	10.00	14.08389	0	0.00	0.1586111	-0.0104865	10.00	15.55056
-9.755128	10.00	14.24772	0	0.00	0.1638261	-0.009619229	10.00	15.67893
-9.755128	10.00	14.42569	0	0.00	0.1779748	-0.008789314	10.00	15.79042
-9.755128	10.00	14.58096	0	0.00	0.155269	-0.008025837	10.00	15.8988
-9.755128	10.00	14.73237	0	0.00	0.1514073	-0.006858405	10.00	16.03036
-9.755128	10.00	14.9172	0	0.00	0.1848347	-0.005269365	10.00	16.17493
-9.755128	10.00	15.12111	0	0.00	0.2039025	-0.003908462	10.00	16.31177
-9.755128	10.00	15.31592	0	0.00	0.1948159	-0.002725514	10.00	16.43021
-9.755128	10.00	15.48593	0	0.00	0.1700065	-0.001902275	10.00	16.52243
-9.755128	10.00	15.61893	0	0.00	0.1329977	-0.001033226	10.00	16.61548
-9.755128	10.00	15.75406	0	0.00	0.1351352	-0.000147471	10.00	16.71437
-9.755128	10.00	15.89846	0	0.00	0.144403	0.0007779901	10.00	16.81478
-9.755128	10.00	16.04601	0	0.00	0.147547	0.001363043	10.00	16.90712
-9.755128	10.00	16.18214	0	0.00	0.136129	0.00198973	10.00	17.00708
-9.755128	10.00	16.33017	0	0.00	0.1480311	0.002234302	10.00	17.09741
-9.755128	10.00	16.46501	0	0.00	0.1348351	0.00239524	10.00	17.19521
-9.755128	10.00	16.6118	0	0.00	0.1467939	0.002536955	10.00	17.28992
-9.755128	10.00	16.75535	0	0.00	0.1435494	0.002641019	10.00	17.38888
-9.755128	10.00	16.90611	0	0.00	0.1507604	0.002659783	10.00	17.47696
-9.755128	10.00	17.04176	0	0.00	0.1356448	0.002671845	10.00	17.56738
-9.755128	10.00	17.18283	0	0.00	0.1410792	0.002382087	10.00	17.67198
-9.755128	10.00	17.34745	0	0.00	0.1646189	0.002114845	10.00	17.76923
-9.755128	10.00	17.50125	0	0.00	0.1537954	0.001861533	10.00	17.85314
-9.755128	10.00	17.63551	0	0.00	0.1342618	0.001681408	10.00	17.94345
-9.755128	10.00	17.78209	0	0.00	0.1465745	0.001540477	10.00	18.02783
-9.755128	10.00	17.92143	0	0.00	0.1393452	0.001201954	10.00	18.11524
-9.755128	10.00	18.06819	0	0.00	0.1467628	0.0008521636	10.00	18.19394
-9.755128	10.00	18.20211	0	0.00	0.133915	0.000455745	10.00	18.28431
-9.755128	10.00	18.35906	0	0.00	0.1569549	0.0003583637	10.00	18.36028
-9.755128	10.00	18.49432	0	0.00	0.1352584	0.0004151581	10.00	18.4351
-9.755128	10.00	18.63221	0	0.00	0.1378857	0.0005341157	10.00	18.51198
-9.755128	10.00	18.77803	0	0.00	0.1458228	0.0005158216	10.00	18.58514
-9.755128	10.00	18.92182	0	0.00	0.1437858	0.0007273146	10.00	18.65898
-9.755128	10.00	19.07095	0	0.00	0.1491367	0.0009946872	10.00	18.72538
-9.747999	10.00	19.21052	0.007128787	0.00	0.1395688	0.001514432	10.00	18.79503
-9.710574	10.00	19.36344	0.037425	0.00	0.1529205	0.002140902	10.00	18.86138
-9.630898	10.00	19.51358	0.07967526	0.00	0.1501389	0.00294704	10.00	18.92587
-9.547876	10.00	19.66269	0.08302223	0.00	0.1491096	0.003949628	10.00	18.98827
-9.466277	10.00	19.81321	0.08159921	0.00	0.1505239	0.004881154	10.00	19.04589
-9.390227	10.00	19.95897	0.07605002	0.00	0.1457594	0.005844261	10.00	19.0983
-9.323096	10.00	20.09142	0.06713071	0.00	0.1324509	0.007052724	10.00	19.14814
-9.288237	10.00	20.17798	0.03486023	0.00	0.08655822	0.008338454	10.00	19.19268
-9.288237	10.00	20.17798	0	0.00	0	0.009252684	10.00	19.2366
-9.288237	10.00	20.17798	0	0.00	0	0.009835485	10.00	19.27575
-9.288237	10.00	20.17798	0	0.00	0	0.009980137	10.00	19.31389
-9.288237	10.00	20.17798	0	0.00	0	0.009745849	10.00	19.3518
-9.288237	10.00	20.17798	0	0.00	0	0.009003153	10.00	19.38626
-9.288237	10.00	20.17798	0	0.00	0	0.008438725	10.00	19.42017
-9.288237	10.00	20.17798	0	0.00	0	0.008493663	10.00	19.45173
-9.288237	10.00	20.17798	0	0.00	0	0.008186227	10.00	19.48662
-9.288237	10.00	20.17798	0	0.00	0	0.007978197	10.00	19.51532
-9.288237	10.00	20.17798	0	0.00	0	0.00799142	10.00	19.53947
-9.288237	10.00	20.17798	0	0.00	0	0.007981068	10.00	19.56301
-9.288237	10.00	20.17798	0	0.00	0	0.007745968	10.00	19.58529
-9.288237	10.00	20.17798	0	0.00	0	0.007345081	10.00	19.60688
-9.288237	10.00	20.27632	0	0.00	0.09833386	0.007005413	10.00	19.62841
-9.288237	10.00	20.40863	0	0.00	0.1323134	0.006914858	10.00	19.64794
-9.288237	10.00	20.53866	0	0.00	0.1300264	0.006890348	10.00	19.66576
-9.288237	10.00	20.662	0	0.00	0.1233463	0.007002734	10.00	19.68335
-9.288237	10.00	20.78931	0	0.00	0.1273043	0.007347799	10.00	19.70037
-9.288237	10.00	20.91733	0	0.00	0.1280276	0.007700925	10.00	19.71664
-9.288237	10.00	21.0428	0	0.00	0.1254682	0.008474333	10.00	19.73328
-9.288237	10.00	21.17714	0	0.00	0.1343368	0.009029911	10.00	19.74858
-9.288237	10.00	21.30933	0	0.00	0.1321908	0.009281219	10.00	19.76297
-9.288237	10.00	21.43932	0	0.00	0.1299853	0.009668759	10.00	19.77719
-9.288237	10.00	21.57511	0	0.00	0.1357949	0.00997469	10.00	19.79008
-9.288237	10.00	21.70572	0	0.00	0.1306082	0.0100535	10.00	19.80205
-9.288237	10.00	21.83509	0	0.00	0.1293682	0.01000702	10.00	19.81459
-9.288237	10.00	21.97265	0	0.00	0.1375643	0.00981486	10.00	19.82727
-9.288237	10.00	22.11525	0	0.00	0.1425967	0.00965875	10.00	19.8398
-9.288237	10.00	22.26237	0	0.00	0.1471237	0.009294149	10.00	19.85093
-9.288237	10.00	22.40342	0	0.00	0.1410453	0.008983365	10.00	19.86084
-9.288237	10.00	22.5376	0	0.00	0.1341854	0.008511988	10.00	19.87189
-9.288237	10.00	22.69754	0	0.00	0.159939	0.008043466	10.00	19.87996
-9.288237	10.00	22.82183	0	0.00	0.1242877	0.007470639	10.00	19.88885
-9.288237	10.00	22.96118	0	0.00	0.1393522	0.006934023	10.00	19.89663
-9.288237	10.00	23.09269	0	0.00	0.1315085	0.006293529	10.00	19.90364
-9.288237	10.00	23.22456	0	0.00	0.1318666	0.005770419	10.00	19.91003
-9.288237	10.00	23.35708	0	0.00	0.1325206	0.005215083	10.00	19.91633
-9.288237	10.00	23.49115	0	0.00	0.1340735	0.004722503	10.00	19.92247
-9.288237	10.00	23.62354	0	0.00	0.1323947	0.004275194	10.00	19.92866
-9.286465	10.00	23.76706	0.001771814	0.00	0.1435169	0.004017731	10.00	19.9337
-9.273499	10.00	23.89739	0.01296626	0.00	0.1303251	0.003774672	10.00	19.93884
-9.249113	10.00	24.03519	0.024385	0.00	0.1378036	0.003676632	10.00	19.94335
-9.217911	10.00	24.16269	0.03120257	0.00	0.1274953	0.003633465	10.00	19.94788
-9.180393	10.00	24.29504	0.03751782	0.00	0.1323536	0.003532381	10.00	19.95201
-9.139047	10.00	24.41962	0.04134595	0.00	0.1245807	0.003334786	10.00	19.95618
-9.093795	10.00	24.54845	0.04525219	0.00	0.1288331	0.003132288	10.00	19.95996
-9.048327	10.00	24.6779	0.04546748	0.00	0.129446	0.002899635	10.00	19.96351
-9.003947	10.00	24.81162	0.0443804	0.00	0.1337239	0.00276187	10.00	19.9669
-8.959358	10.00	24.94597	0.04458852	0.00	0.134351	0.002604552	10.00	19.96981
-8.916335	10.00	25.07561	0.04302314	0.00	0.1296343	0.002336608	10.00	19.97255
-8.871466	10.00	25.20697	0.04486971	0.00	0.1313655	0.002210951	10.00	19.9752
-8.825752	10.00	25.34081	0.04571344	0.00	0.1338357	0.002037789	10.00	19.97744
-8.780788	10.00	25.47245	0.04496351	0.00	0.1316402	0.00191477	10.00	19.97934
-8.729274	10.00	25.60071	0.05151456	0.00	0.1282588	0.001750733	10.00	19.98128
-8.678803	10.00	25.71929	0.05047074	0.00	0.1185789	0.001495807	10.00	19.9831
-8.632017	10.00	25.82256	0.04678629	0.00	0.1032687	0.001322635	10.00	19.9847
-8.583438	10.00	25.92327	0.04857912	0.00	0.1007096	0.001252228	10.00	19.98608
-8.534501	10.00	26.01695	0.04893648	0.00	0.0936857	0.001145571	10.00	19.98736
-8.483249	10.00	26.10511	0.05125289	0.00	0.0881575	0.001039457	10.00	19.98841
-8.434907	10.00	26.19134	0.04834155	0.00	0.08623172	0.001056265	10.00	19.98955
-8.378369	10.00	26.29219	0.05653785	0.00	0.1008523	0.001030627	10.00	19.99065
-8.321918	10.00	26.39289	0.05645076	0.00	0.1006969	0.0008761798	10.00	19.99158
-8.267366	10.00	26.4902	0.05455159	0.00	0.09730922	0.0008179331	10.00	19.99248
-8.213584	10.00	26.58614	0.05378249	0.00	0.09593727	0.0006050846	10.00	19.99327
-8.165062	10.00	26.67269	0.04852202	0.00	0.08655365	0.0005700745	10.00	19.99395
-8.116073	10.00	26.76008	0.04898946	0.00	0.08738748	0.0005726306	10.00	19.99454
-8.054187	10.00	26.84248	0.06188608	0.00	0.08239726	0.0005302623	10.00	19.99504
-7.992394	10.00	26.91707	0.06179278	0.00	0.07459294	0.0004993574	10.00	19.99546
-7.936024	10.00	26.98744	0.05636989	0.00	0.07037482	0.0004517221	10.00	19.99596
-7.882571	10.00	27.05903	0.05345272	0.00	0.07158326	0.0003877436	10.00	19.99641
-7.830138	10.00	27.12924	0.05243324	0.00	0.07021798	0.0003279478	10.00	19.99688
-7.778029	10.00	27.19903	0.0521085	0.00	0.0697831	0.0002490978	10.00	19.99728
-7.724537	10.00	27.27066	0.05349233	0.00	0.0716363	0.0002130034	10.00	19.99751
-7.671656	10.00	27.34148	0.05288132	0.00	0.07081804	0.0002230727	10.00	19.99769
-7.618745	10.00	27.41234	0.05291074	0.00	0.07085744	0.0002035538	10.00	19.99801
-7.566073	10.00	27.48288	0.05267199	0.00	0.07053771	0.0001745853	10.00	19.99825
-7.513152	10.00	27.55759	0.05292149	0.00	0.07471834	0.0001511937	10.00	19.99848
-7.460331	10.00	27.63217	0.05282078	0.00	0.07457616	0.0001270275	10.00	19.99862
-7.407382	10.00	27.70693	0.05294921	0.00	0.07475748	0.0001098323	10.00	19.99877
-7.354527	10.00	27.78155	0.05285473	0.00	0.07462409	8.551119E-05	10.00	19.99901
-7.301877	10.00	27.85589	0.05265049	0.00	0.07433574	6.537268E-05	10.00	19.99913
-7.248857	10.00	27.93075	0.05301993	0.00	0.07485733	5.530343E-05	10.00	19.99922
-7.195611	10.00	28.00592	0.05324566	0.00	0.07517604	7.125932E-06	10.00	19.99931
-7.143282	10.00	28.0798	0.05232858	0.00	0.07388124	-4.95717E-06	10.00	19.99939
-7.090457	10.00	28.15438	0.05282474	0.00	0.07458176	-1.223801E-05	10.00	19.9995
-7.037724	10.00	28.22884	0.05273309	0.00	0.07445236	2.757426E-05	10.00	19.99957
-6.984817	10.00	28.30354	0.05290734	0.00	0.07469838	3.764351E-05	10.00	19.99962
-6.932001	10.00	28.37811	0.05281626	0.00	0.07456978	3.330599E-05	10.00	19.99965
-6.87923	10.00	28.45261	0.05277099	0.00	0.07450587	2.803899E-05	10.00	19.99968
-6.826464	10.00	28.52711	0.05276647	0.00	0.07449948	2.478585E-05	10.00	19.99975
-6.773179	10.00	28.60234	0.0532847	0.00	0.07523116	2.323673E-05	10.00	19.99983
-6.720758	10.00	28.67635	0.05242079	0.00	0.07401143	1.47166E-05	10.00	19.99985
-6.668528	10.00	28.7501	0.05223014	0.00	0.07374225	1.378713E-05	10.00	19.99986
-6.614728	10.00	28.82605	0.0538001	0.00	0.07595883	-2.664479E-05	10.00	19.99987
-6.56234	10.00	28.90002	0.05238799	0.00	0.07396511	-3.361581E-05	10.00	19.9999
-6.509262	10.00	28.97496	0.0530782	0.00	0.0749396	-3.22216E-05	10.00	19.99991
-6.456993	10.00	29.04876	0.05226861	0.00	0.07379656	1.347731E-05	10.00	19.9999
-6.40351	10.00	29.12427	0.05348271	0.00	0.07551072	2.757426E-05	10.00	19.99992
-6.350892	10.00	29.19856	0.05261881	0.00	0.07429101	2.587023E-05	10.00	19.99991
-6.298224	10.00	29.27292	0.0526669	0.00	0.0743589	2.199744E-05	10.00	19.99992
-6.245251	10.00	29.34771	0.0529741	0.00	0.07479263	2.168762E-05	10.00	19.99992
-6.192356	10.00	29.42239	0.0528949	0.00	0.07468081	2.122288E-05	10.00	19.99996
-6.140088	10.00	29.49619	0.05226804	0.00	0.07379577	1.332239E-05	10.00	19.99995
-6.086335	10.00	29.57208	0.05375258	0.00	0.07589173	1.285766E-05	10.00	19.99994
-6.033988	10.00	29.64598	0.05234668	0.00	0.0739068	-2.664479E-05	10.00	19.99996
-5.981063	10.00	29.72071	0.05292488	0.00	0.07472313	-3.253143E-05	10.00	19.99995
-5.928159	10.00	29.7954	0.05290452	0.00	0.07469439	-3.129214E-05	10.00	19.99994
-5.876149	10.00	29.86883	0.05201006	0.00	0.07343153	1.409695E-05	10.00	19.99994
-5.822724	10.00	29.94426	0.053425	0.00	0.07542925	2.788408E-05	10.00	19.99992
-5.769867	10.00	30.01889	0.05285699	0.00	0.07462729	2.618005E-05	10.00	19.99991
-5.716891	10.00	30.09369	0.0529758	0.00	0.07479502	2.246218E-05	10.00	19.99992
-5.66414	10.00	30.16816	0.05275119	0.00	0.07447791	2.215235E-05	10.00	19.99992
-5.611313	10.00	30.24275	0.05282644	0.00	0.07458416	2.199744E-05	10.00	19.99996
-5.558142	10.00	30.31782	0.05317098	0.00	0.0750706	1.409695E-05	10.00	19.99995
-5.505739	10.00	30.3918	0.05240326	0.00	0.07398668	1.347731E-05	10.00	19.99994
-5.453366	10.00	30.46575	0.05237328	0.00	0.07394435	-2.710952E-05	10.00	19.99996
-5.399601	10.00	30.54166	0.05376502	0.00	0.07590931	-3.330599E-05	10.00	19.99995
-5.347184	10.00	30.61566	0.05241683	0.00	0.07400584	-3.175687E-05	10.00	19.99994
-5.294394	10.00	30.6902	0.05279023	0.00	0.07453303	1.394204E-05	10.00	19.99994
-5.241605	10.00	30.75322	0.05278853	0.00	0.06302011	2.803899E-05	10.00	19.99992
-5.188768	10.00	30.78045	0.05283663	0.00	0.02723438	2.633497E-05	10.00	19.99991
-5.188768	10.00	30.78045	0	0.00	0	2.261709E-05	10.00	19.99992
-5.188768	10.00	30.78045	0	0.00	0	2.230727E-05	10.00	19.99992
-5.188768	10.00	30.78045	0	0.00	0	2.215235E-05	10.00	19.99996
-5.188768	10.00	30.78045	0	0.00	0	1.425186E-05	10.00	19.99995
-5.188768	10.00	30.78045	0	0.00	0	1.363222E-05	10.00	19.99994
-5.188768	10.00	30.78045	0	0.00	0	-2.648988E-05	10.00	19.99996
-5.188768	10.00	30.78045	0	0.00	0	-3.361581E-05	10.00	19.99994
-5.188768	10.00	30.78045	0	0.00	0	-3.22216E-05	10.00	19.99994
-5.188768	10.00	30.78045	0	0.00	0	1.316748E-05	10.00	19.99994
-5.188768	10.00	30.78045	0	0.00	0	2.633497E-05	10.00	19.99993
-5.173289	10.00	30.78045	0.0154795	0.00	0	2.478585E-05	10.00	19.99992
-5.13028	10.00	30.77105	0.04300941	0.00	-0.009403259	2.13778E-05	10.00	19.99993
-5.068702	10.00	30.70054	0.06157773	0.00	-0.07050665	2.106797E-05	10.00	19.99992
-5.005494	10.00	30.61938	0.06320787	0.00	-0.08116648	2.106797E-05	10.00	19.99996
-4.936202	10.00	30.53732	0.06929209	0.00	-0.08205894	1.316748E-05	10.00	19.99995
-4.859534	10.00	30.49499	0.07666799	0.00	-0.04232481	1.254784E-05	10.00	19.99995
-4.78161	10.00	30.47524	0.0779238	0.00	-0.01974759	-2.772917E-05	10.00	19.99997
-4.705181	10.00	30.45714	0.07642923	0.00	-0.01810083	-3.392563E-05	10.00	19.99995
-4.626734	10.00	30.45028	0.07844676	0.00	-0.006865312	-3.237652E-05	10.00	19.99994
-4.550198	10.00	30.44485	0.07653664	0.00	-0.005428356	1.316748E-05	10.00	19.99994
-4.473092	10.00	30.43938	0.07710587	0.00	-0.005468729	2.788408E-05	10.00	19.99992
-4.395484	10.00	30.43388	0.07760737	0.00	-0.005504298	2.602514E-05	10.00	19.99991
-4.318824	10.00	30.42844	0.07666056	0.00	-0.005437145	2.199744E-05	10.00	19.99992
-4.241676	10.00	30.42297	0.07714801	0.00	-0.005471718	2.153271E-05	10.00	19.99992
-4.164758	10.00	30.41751	0.0769175	0.00	-0.005455369	2.122288E-05	10.00	19.99996
-4.087496	10.00	30.41203	0.07726202	0.00	-0.005479804	1.363222E-05	10.00	19.99995
-4.010437	10.00	30.40912	0.07705878	0.00	-0.002908482	1.301257E-05	10.00	19.99994
-3.931852	10.00	30.40912	0.07858584	0.00	0	-2.710952E-05	10.00	19.99996
-3.848939	10.00	30.40912	0.08291265	0.00	0	-3.299616E-05	10.00	19.99994
-3.76404	10.00	30.40912	0.08489847	0.00	0	-3.191178E-05	10.00	19.99994
-3.677649	10.00	30.40912	0.08639175	0.00	0	1.332239E-05	10.00	19.99994
-3.590104	10.00	30.40912	0.08754469	0.00	0	2.726444E-05	10.00	19.99992
-3.502609	10.00	30.40912	0.0874951	0.00	0	2.556041E-05	10.00	19.99991
-3.415096	10.00	30.40912	0.08751289	0.00	0	2.199744E-05	10.00	19.99992
26.44821
