0	10.00	-49.934	0	0.00	0.06600127	-28.28	10.00	-28.28
0	10.00	-49.79969	0	0.00	0.1343099	-28.27859	10.00	-28.27866
0	10.00	-49.77058	0	0.00	0.02910426	-28.27247	10.00	-28.27284
0	10.00	-49.66734	0	0.00	0.1032508	-28.26641	10.00	-28.26688
0	10.00	-49.60357	0	0.00	0.06376608	-28.25843	10.00	-28.25894
0	10.00	-49.53544	0	0.00	0.06812747	-28.24935	10.00	-28.24989
0	10.00	-49.47105	0	0.00	0.06439176	-28.23855	10.00	-28.23913
0	10.00	-49.40516	0	0.00	0.06589369	-28.22604	10.00	-28.22664
0	10.00	-49.3383	0	0.00	0.06685062	-28.21225	10.00	-28.21289
0	10.00	-49.27288	0	0.00	0.06542514	-28.19685	10.00	-28.19751
0	10.00	-49.20706	0	0.00	0.06582291	-28.17956	10.00	-28.18025
0	10.00	-49.13981	0	0.00	0.06724415	-28.16054	10.00	-28.16126
0	10.00	-49.07212	0	0.00	0.06769006	-28.14131	10.00	-28.14204
0	10.00	-49.009	0	0.00	0.06311774	-28.1196	10.00	-28.12035
0	10.00	-48.94265	0	0.00	0.06634951	-28.0964	10.00	-28.09716
0	10.00	-48.87646	0	0.00	0.06619238	-28.07159	10.00	-28.07238
0	10.00	-48.81014	0	0.00	0.06631978	-28.04538	10.00	-28.04617
0	10.00	-48.74416	0	0.00	0.06598146	-28.01758	10.00	-28.01838
0	10.00	-48.68832	0	0.00	0.05584534	-27.98818	10.00	-27.98899
0	10.00	-48.65096	0	0.00	0.03735997	-27.95689	10.00	-27.9577
0	10.00	-48.65096	0	0.00	0	-27.92483	10.00	-27.92565
0	10.00	-48.65096	0	0.00	0	-27.89094	10.00	-27.89176
0	10.00	-48.65096	0	0.00	0	-27.85589	10.00	-27.8567
0	10.00	-48.65096	0	0.00	0	-27.82106	10.00	-27.82188
0	10.00	-48.65096	0	0.00	0	-27.78401	10.00	-27.78482
0	10.00	-48.65096	0	0.00	0	-27.75083	10.00	-27.75164
0	10.00	-48.65096	0	0.00	0	-27.71566	10.00	-27.71647
0	10.00	-48.65096	0	0.00	0	-27.68033	10.00	-27.68114
0	10.00	-48.65096	0	0.00	0	-27.64568	10.00	-27.64649
0	10.00	-48.65096	0	0.00	0	-27.61056	10.00	-27.61137
0	10.00	-48.65096	0	0.00	0	-27.57524	10.00	-27.57605
0	10.00	-48.65096	0	0.00	0	-27.54046	10.00	-27.54127
0	10.00	-48.65096	0	0.00	0	-27.50555	10.00	-27.50636
0	10.00	-48.65096	0	0.00	0	-27.46979	10.00	-27.47059
0	10.00	-48.65096	0	0.00	0	-27.43538	10.00	-27.43619
0	10.00	-48.65096	0	0.00	0	-27.40041	10.00	-27.40121
0	10.00	-48.65096	0	0.00	0	-27.36541	10.00	-27.36621
0	10.00	-48.65096	0	0.00	0	-27.33014	10.00	-27.33094
0	10.00	-48.65096	0	0.00	0	-27.29537	10.00	-27.29617
0	10.00	-48.65096	0	0.00	0	-27.26001	10.00	-27.26081
0	10.00	-48.65096	0	0.00	0	-27.22505	10.00	-27.22586
0	10.00	-48.65096	0	0.00	0	-27.18994	10.00	-27.19075
0	10.00	-48.65096	0	0.00	0	-27.15506	10.00	-27.15587
0	10.00	-48.65096	0	0.00	0	-27.11774	10.00	-27.11854
0	10.00	-48.65096	0	0.00	0	-27.08502	10.00	-27.08582
0	10.00	-48.65096	0	0.00	0	-27.04996	10.00	-27.05076
0	10.00	-48.65096	0	0.00	0	-27.01478	10.00	-27.01558
0	10.00	-48.65096	0	0.00	0	-26.97784	10.00	-26.97864
0	10.00	-48.65096	0	0.00	0	-26.94466	10.00	-26.94546
0	10.00	-48.65096	0	0.00	0	-26.90899	10.00	-26.90979
0	10.00	-48.65096	0	0.00	0	-26.87346	10.00	-26.87426
0	10.00	-48.65096	0	0.00	0	-26.83578	10.00	-26.83657
0	10.00	-48.65096	0	0.00	0	-26.76807	10.00	-26.76886
0	10.00	-48.65096	0	0.00	0	-26.73383	10.00	-26.73462
0	10.00	-48.65096	0	0.00	0	-26.69923	10.00	-26.70002
0	10.00	-48.65096	0	0.00	0	-26.66325	10.00	-26.66404
0	10.00	-48.65096	0	0.00	0	-26.62916	10.00	-26.62995
0	10.00	-48.65096	0	0.00	0	-26.59403	10.00	-26.59482
0	10.00	-48.65096	0	0.00	0	-26.55765	10.00	-26.55844
0	10.00	-48.65096	0	0.00	0	-26.52394	10.00	-26.52473
0	10.00	-48.65096	0	0.00	0	-26.48887	10.00	-26.48966
0	10.00	-48.65096	0	0.00	0	-26.45292	10.00	-26.45372
0	10.00	-48.65096	0	0.00	0	-26.41888	10.00	-26.41968
0	10.00	-48.65096	0	0.00	0	-26.38346	10.00	-26.38425
0	10.00	-48.65096	0	0.00	0	-26.3486	10.00	-26.34939
0	10.00	-48.65096	0	0.00	0	-26.31375	10.00	-26.31454
0	10.00	-48.64569	0	0.00	0.005265499	-26.27875	10.00	-26.27954
0	10.00	-48.63018	0	0.00	0.01551207	-26.24366	10.00	-26.24445
0	10.00	-48.59798	0	0.00	0.03220294	-26.20866	10.00	-26.20945
0	10.00	-48.55882	0	0.00	0.03916148	-26.17369	10.00	-26.17448
0	10.00	-48.50182	0	0.00	0.05699782	-26.13851	10.00	-26.1393
0	10.00	-48.43997	0	0.00	0.06184836	-26.10341	10.00	-26.10419
0	10.00	-48.37442	0	0.00	0.06554444	-26.06816	10.00	-26.06894
0	10.00	-48.30795	0	0.00	0.06646983	-26.03331	10.00	-26.03409
0	10.00	-48.24224	0	0.00	0.06571391	-25.99827	10.00	-25.99905
0	10.00	-48.17617	0	0.00	0.06606781	-25.96278	10.00	-25.96356
0	10.00	-48.10925	0	0.00	0.06692706	-25.92804	10.00	-25.92882
0	10.00	-48.04373	0	0.00	0.06551573	-25.89318	10.00	-25.89396
0	10.00	-47.978	0	0.00	0.0657309	-25.85749	10.00	-25.85828
0	10.00	-47.91071	0	0.00	0.06728379	-25.82298	10.00	-25.82376
0	10.00	-47.84562	0	0.00	0.06508964	-25.7879	10.00	-25.78869
0	10.00	-47.77949	0	0.00	0.06613151	-25.75305	10.00	-25.75383
0	10.00	-47.71377	0	0.00	0.06572382	-25.71783	10.00	-25.71861
0	10.00	-47.64736	0	0.00	0.06641038	-25.68289	10.00	-25.68368
0	10.00	-47.58148	0	0.00	0.06587812	-25.64768	10.00	-25.64846
0	10.00	-47.51508	0	0.00	0.06640047	-25.61267	10.00	-25.61345
0	10.00	-47.44906	0	0.00	0.06601968	-25.57767	10.00	-25.57845
0	10.00	-47.38306	0	0.00	0.06599561	-25.54248	10.00	-25.54326
0	10.00	-47.31672	0	0.00	0.06634951	-25.50759	10.00	-25.50836
0	10.00	-47.25092	0	0.00	0.0657946	-25.47214	10.00	-25.47291
0	10.00	-47.18406	0	0.00	0.0668577	-25.43744	10.00	-25.43822
0	10.00	-47.11864	0	0.00	0.06541664	-25.40242	10.00	-25.4032
0	10.00	-47.05262	0	0.00	0.06602534	-25.36699	10.00	-25.36777
0	10.00	-46.98582	0	0.00	0.06680391	-25.33233	10.00	-25.33311
0	10.00	-46.92045	0	0.00	0.06536426	-25.29677	10.00	-25.29754
0	10.00	-46.85338	0	0.00	0.06707004	-25.26206	10.00	-25.26283
0	10.00	-46.78793	0	0.00	0.06545486	-25.22685	10.00	-25.22761
0	10.00	-46.72153	0	0.00	0.06639481	-25.19215	10.00	-25.19291
0	10.00	-46.65611	0	0.00	0.0654223	-25.1566	10.00	-25.15736
0	10.00	-46.58907	0	0.00	0.06704314	-25.12183	10.00	-25.1226
0	10.00	-46.52351	0	0.00	0.06555679	-25.08711	10.00	-25.08788
0	10.00	-46.45805	0	0.00	0.06545911	-25.0514	10.00	-25.05216
0	10.00	-46.39071	0	0.00	0.06734466	-25.01685	10.00	-25.01762
0	10.00	-46.32557	0	0.00	0.06514344	-24.98185	10.00	-24.98261
0	10.00	-46.25956	0	0.00	0.06599844	-24.94666	10.00	-24.94743
0	10.00	-46.19321	0	0.00	0.06634951	-24.91177	10.00	-24.91253
0	10.00	-46.12742	0	0.00	0.06579602	-24.8764	10.00	-24.87716
0	10.00	-46.06073	0	0.00	0.06668925	-24.8404	10.00	-24.84116
0	10.00	-45.99284	0	0.00	0.06788965	-24.80682	10.00	-24.80758
0	10.00	-45.92952	0	0.00	0.06332159	-24.77147	10.00	-24.77223
0	10.00	-45.86287	0	0.00	0.06664961	-24.73632	10.00	-24.73707
0	10.00	-45.79658	0	0.00	0.06629005	-24.69965	10.00	-24.70041
0	10.00	-45.72743	0	0.00	0.0691481	-24.66649	10.00	-24.66725
0	10.00	-45.66491	0	0.00	0.06252179	-24.63122	10.00	-24.63198
0	10.00	-45.5984	0	0.00	0.06650805	-24.59621	10.00	-24.59697
0	10.00	-45.53238	0	0.00	0.06601826	-24.56035	10.00	-24.56111
0	10.00	-45.46478	0	0.00	0.06760512	-24.52602	10.00	-24.52678
0	10.00	-45.40004	0	0.00	0.06474141	-24.49111	10.00	-24.49187
0	10.00	-45.33421	0	0.00	0.06582575	-24.45549	10.00	-24.45625
0	10.00	-45.26704	0	0.00	0.06716629	-24.42108	10.00	-24.42183
0	10.00	-45.20216	0	0.00	0.06488863	-24.38598	10.00	-24.38673
0	10.00	-45.13597	0	0.00	0.06618672	-24.34956	10.00	-24.35031
0	10.00	-45.06729	0	0.00	0.06868096	-24.31553	10.00	-24.31629
0	10.00	-45.00313	0	0.00	0.06415678	-24.2693	10.00	-24.27005
0	10.00	-44.91595	0	0.00	0.08718397	-24.24437	10.00	-24.24511
0	10.00	-44.86893	0	0.00	0.04701697	-24.21074	10.00	-24.21149
0	10.00	-44.80554	0	0.00	0.06338812	-24.17558	10.00	-24.17633
0	10.00	-44.73924	0	0.00	0.06630279	-24.13932	10.00	-24.14007
0	10.00	-44.67087	0	0.00	0.06837378	-24.10557	10.00	-24.10632
0	10.00	-44.60723	0	0.00	0.06363726	-24.07037	10.00	-24.07113
0	10.00	-44.54086	0	0.00	0.06636649	-24.03542	10.00	-24.03617
0	10.00	-44.47495	0	0.00	0.06591067	-24.00054	10.00	-24.00129
0	10.00	-44.40917	0	0.00	0.06578186	-23.96521	10.00	-23.96596
0	10.00	-44.34256	0	0.00	0.06661563	-23.93007	10.00	-23.93081
0	10.00	-44.27628	0	0.00	0.06627589	-23.8952	10.00	-23.89594
0	10.00	-44.21054	0	0.00	0.06574081	-23.8603	10.00	-23.86105
0	10.00	-44.14474	0	0.00	0.06579743	-23.82491	10.00	-23.82565
0	10.00	-44.07799	0	0.00	0.06675012	-23.79009	10.00	-23.79083
0	10.00	-44.01233	0	0.00	0.0656587	-23.75492	10.00	-23.75566
0	10.00	-43.94602	0	0.00	0.06630845	-23.72	10.00	-23.72074
0	10.00	-43.88018	0	0.00	0.06584556	-23.68478	10.00	-23.68552
0	10.00	-43.81377	0	0.00	0.06640613	-23.64991	10.00	-23.65065
0	10.00	-43.74802	0	0.00	0.06574647	-23.61482	10.00	-23.61556
0	10.00	-43.68185	0	0.00	0.06617964	-23.57981	10.00	-23.58055
0	10.00	-43.61583	0	0.00	0.06602109	-23.5448	10.00	-23.54554
0	10.00	-43.54981	0	0.00	0.06601685	-23.50978	10.00	-23.51052
0	10.00	-43.48379	0	0.00	0.06602109	-23.47463	10.00	-23.47537
0	10.00	-43.4175	0	0.00	0.06629005	-23.43926	10.00	-23.44
0	10.00	-43.3508	0	0.00	0.06669066	-23.40459	10.00	-23.40533
0	10.00	-43.28543	0	0.00	0.06537559	-23.36951	10.00	-23.37025
0	10.00	-43.2193	0	0.00	0.06613576	-23.33356	10.00	-23.33429
0	10.00	-43.15149	0	0.00	0.06780472	-23.29948	10.00	-23.30021
0	10.00	-43.08723	0	0.00	0.06425729	-23.26431	10.00	-23.26504
0	10.00	-43.02091	0	0.00	0.06632119	-23.22933	10.00	-23.23006
0	10.00	-42.95494	0	0.00	0.06596588	-23.19425	10.00	-23.19498
0	10.00	-42.88881	0	0.00	0.06613717	-23.1593	10.00	-23.16003
0	10.00	-42.8229	0	0.00	0.06591209	-23.12401	10.00	-23.12474
0	10.00	-42.75636	0	0.00	0.06653919	-23.08903	10.00	-23.08976
0	10.00	-42.69041	0	0.00	0.0659489	-23.05425	10.00	-23.05498
0	10.00	-42.62482	0	0.00	0.06558792	-23.01903	10.00	-23.01977
0	10.00	-42.55841	0	0.00	0.06641038	-22.98418	10.00	-22.9849
0	10.00	-42.49268	0	0.00	0.06572524	-22.94892	10.00	-22.94964
0	10.00	-42.42619	0	0.00	0.06649673	-22.91383	10.00	-22.91455
0	10.00	-42.36003	0	0.00	0.06615699	-22.87903	10.00	-22.87975
0	10.00	-42.29441	0	0.00	0.06562473	-22.84333	10.00	-22.84406
0	10.00	-42.2271	0	0.00	0.06730502	-22.80861	10.00	-22.80934
0	10.00	-42.16163	0	0.00	0.06546619	-22.77373	10.00	-22.77445
0	10.00	-42.09585	0	0.00	0.06578186	-22.73814	10.00	-22.73886
0	10.00	-42.02874	0	0.00	0.06711109	-22.70352	10.00	-22.70424
0	10.00	-41.96347	0	0.00	0.06527083	-22.66852	10.00	-22.66924
0	10.00	-41.89746	0	0.00	0.06601118	-22.63325	10.00	-22.63397
0	10.00	-41.83096	0	0.00	0.06650239	-22.59836	10.00	-22.59908
0	10.00	-41.76517	0	0.00	0.06578752	-22.56308	10.00	-22.5638
0	10.00	-41.69865	0	0.00	0.06651513	-22.52794	10.00	-22.52866
0	10.00	-41.63239	0	0.00	0.06626599	-22.49328	10.00	-22.494
0	10.00	-41.56703	0	0.00	0.06535719	-22.45827	10.00	-22.45898
0	10.00	-41.501	0	0.00	0.06602675	-22.42211	10.00	-22.42283
0	10.00	-41.43283	0	0.00	0.06816852	-22.38799	10.00	-22.38871
0	10.00	-41.3685	0	0.00	0.06433655	-22.35297	10.00	-22.35369
0	10.00	-41.30246	0	0.00	0.06603666	-22.31797	10.00	-22.31869
0	10.00	-41.23647	0	0.00	0.06599561	-22.28271	10.00	-22.28343
0	10.00	-41.16998	0	0.00	0.06648257	-22.24792	10.00	-22.24864
0	10.00	-41.10438	0	0.00	0.06560208	-22.21262	10.00	-22.21334
0	10.00	-41.03781	0	0.00	0.06657175	-22.17788	10.00	-22.17859
0	10.00	-40.9723	0	0.00	0.06551007	-22.14283	10.00	-22.14355
0	10.00	-40.90622	0	0.00	0.06608621	-22.10767	10.00	-22.10838
0	10.00	-40.83991	0	0.00	0.06630704	-22.07274	10.00	-22.07346
0	10.00	-40.77406	0	0.00	0.06584556	-22.03709	10.00	-22.0378
0	10.00	-40.70682	0	0.00	0.06723849	-22.00286	10.00	-22.00357
0	10.00	-40.64228	0	0.00	0.06453899	-21.9675	10.00	-21.9682
0	10.00	-40.57559	0	0.00	0.06669066	-21.9319	10.00	-21.93261
0	10.00	-40.50848	0	0.00	0.06711675	-21.89746	10.00	-21.89816
0	10.00	-40.44353	0	0.00	0.06495091	-21.86237	10.00	-21.86308
0	10.00	-40.37737	0	0.00	0.06615982	-21.82624	10.00	-21.82695
0	10.00	-40.30924	0	0.00	0.06812464	-21.79224	10.00	-21.79295
0	10.00	-40.24513	0	0.00	0.06411431	-21.75688	10.00	-21.75758
0	10.00	-40.17844	0	0.00	0.06668783	-21.72078	10.00	-21.72149
0	10.00	-40.11038	0	0.00	0.06805953	-21.68665	10.00	-21.68735
0	10.00	-40.04601	0	0.00	0.06436911	-21.65189	10.00	-21.65259
0	10.00	-39.98048	0	0.00	0.06553414	-21.61688	10.00	-21.61758
0	10.00	-39.91447	0	0.00	0.06600977	-21.58179	10.00	-21.58249
0	10.00	-39.84828	0	0.00	0.06618389	-21.54672	10.00	-21.54742
0	10.00	-39.78217	0	0.00	0.06611028	-21.51167	10.00	-21.51237
0	10.00	-39.71608	0	0.00	0.06609612	-21.47675	10.00	-21.47745
0	10.00	-39.65023	0	0.00	0.0658484	-21.44165	10.00	-21.44235
0	10.00	-39.58405	0	0.00	0.06618389	-21.40653	10.00	-21.40722
0	10.00	-39.51781	0	0.00	0.06623626	-21.37152	10.00	-21.37221
0	10.00	-39.45179	0	0.00	0.06601685	-21.33587	10.00	-21.33657
0	10.00	-39.38457	0	0.00	0.06721725	-21.30146	10.00	-21.30216
0	10.00	-39.3197	0	0.00	0.06487448	-21.26634	10.00	-21.26703
0	10.00	-39.25346	0	0.00	0.06623626	-21.23042	10.00	-21.23111
0	10.00	-39.18573	0	0.00	0.0677297	-21.19635	10.00	-21.19704
0	10.00	-39.12149	0	0.00	0.06424171	-21.1612	10.00	-21.1619
0	10.00	-39.05521	0	0.00	0.06627873	-21.12486	10.00	-21.12555
0	10.00	-38.98668	0	0.00	0.06853516	-21.0913	10.00	-21.09198
0	10.00	-38.9234	0	0.00	0.06328195	-21.05619	10.00	-21.05688
0	10.00	-38.8572	0	0.00	0.06619238	-21.0206	10.00	-21.02129
0	10.00	-38.7901	0	0.00	0.06710401	-20.98596	10.00	-20.98665
0	10.00	-38.72478	0	0.00	0.0653218	-20.95105	10.00	-20.95174
0	10.00	-38.65894	0	0.00	0.06583565	-20.91542	10.00	-20.91611
0	10.00	-38.59176	0	0.00	0.06718045	-20.8809	10.00	-20.88158
0	10.00	-38.52666	0	0.00	0.06509814	-20.84597	10.00	-20.84666
0	10.00	-38.4608	0	0.00	0.06586255	-20.80984	10.00	-20.81053
0	10.00	-38.39268	0	0.00	0.06812322	-20.77577	10.00	-20.77645
0	10.00	-38.32843	0	0.00	0.06425304	-20.74066	10.00	-20.74134
0	10.00	-38.26223	0	0.00	0.06619238	-20.70563	10.00	-20.70631
0	10.00	-38.19618	0	0.00	0.06605507	-20.67061	10.00	-20.67129
0	10.00	-38.13013	0	0.00	0.06604516	-20.63565	10.00	-20.63633
0	10.00	-38.06421	0	0.00	0.06592483	-20.60033	10.00	-20.60101
0	10.00	-37.99762	0	0.00	0.06659157	-20.56549	10.00	-20.56617
0	10.00	-37.93191	0	0.00	0.065704	-20.53063	10.00	-20.5313
0	10.00	-37.86617	0	0.00	0.06574222	-20.49532	10.00	-20.49599
0	10.00	-37.7996	0	0.00	0.06657175	-20.46068	10.00	-20.46136
0	10.00	-37.73428	0	0.00	0.0653133	-20.42472	10.00	-20.4254
0	10.00	-37.66648	0	0.00	0.06780189	-20.3904	10.00	-20.39107
0	10.00	-37.60176	0	0.00	0.06472584	-20.35537	10.00	-20.35605
0	10.00	-37.53571	0	0.00	0.06604799	-20.31983	10.00	-20.32051
0	10.00	-37.4687	0	0.00	0.067012	-20.28523	10.00	-20.2859
0	10.00	-37.40345	0	0.00	0.06524819	-20.24997	10.00	-20.25064
0	10.00	-37.33696	0	0.00	0.06648399	-20.21486	10.00	-20.21554
0	10.00	-37.27077	0	0.00	0.06619238	-20.17959	10.00	-20.18027
0	10.00	-37.20425	0	0.00	0.06651796	-20.14484	10.00	-20.14551
0	10.00	-37.13872	0	0.00	0.06553131	-20.10883	10.00	-20.1095
0	10.00	-37.07082	0	0.00	0.06790806	-20.0746	10.00	-20.07527
0	10.00	-37.00628	0	0.00	0.06453049	-20.03968	10.00	-20.04035
0	10.00	-36.94044	0	0.00	0.06584273	-20.00438	10.00	-20.00504
0	10.00	-36.87386	0	0.00	0.06657741	-19.96972	10.00	-19.97038
0	10.00	-36.80851	0	0.00	0.06535577	-19.93464	10.00	-19.9353
0	10.00	-36.74235	0	0.00	0.06615841	-19.89971	10.00	-19.90037
0	10.00	-36.6765	0	0.00	0.06584981	-19.86415	10.00	-19.86482
0	10.00	-36.60945	0	0.00	0.06705022	-19.82947	10.00	-19.83013
0	10.00	-36.54404	0	0.00	0.0654039	-19.79455	10.00	-19.79521
0	10.00	-36.4782	0	0.00	0.06584415	-19.75869	10.00	-19.75935
0	10.00	-36.41059	0	0.00	0.06761079	-19.72439	10.00	-19.72505
0	10.00	-36.34591	0	0.00	0.06468337	-19.68929	10.00	-19.68995
0	10.00	-36.27972	0	0.00	0.06618672	-19.65424	10.00	-19.6549
0	10.00	-36.21364	0	0.00	0.06608338	-19.61874	10.00	-19.6194
0	10.00	-36.14669	0	0.00	0.06695254	-19.58435	10.00	-19.58501
0	10.00	-36.08185	0	0.00	0.06483626	-19.5492	10.00	-19.54986
0	10.00	-36.01557	0	0.00	0.06627873	-19.51353	10.00	-19.51419
0	10.00	-35.94831	0	0.00	0.06725831	-19.47895	10.00	-19.47961
0	10.00	-35.88311	0	0.00	0.06520289	-19.44393	10.00	-19.44458
0	10.00	-35.81706	0	0.00	0.0660494	-19.4067	10.00	-19.40736
0	10.00	-35.74686	0	0.00	0.07019705	-19.37358	10.00	-19.37424
0	10.00	-35.68442	0	0.00	0.06243968	-19.33877	10.00	-19.33942
0	10.00	-35.61877	0	0.00	0.06565304	-19.30273	10.00	-19.30338
0	10.00	-35.55081	0	0.00	0.0679576	-19.26867	10.00	-19.26932
0	10.00	-35.48659	0	0.00	0.0642219	-19.2337	10.00	-19.23436
0	10.00	-35.42065	0	0.00	0.06593899	-19.19722	10.00	-19.19787
0	10.00	-35.35186	0	0.00	0.06878571	-19.16325	10.00	-19.1639
0	10.00	-35.28781	0	0.00	0.06405627	-19.12833	10.00	-19.12898
0	10.00	-35.22196	0	0.00	0.06585264	-19.09213	10.00	-19.09278
0	10.00	-35.1537	0	0.00	0.06825912	-19.05821	10.00	-19.05886
0	10.00	-35.08974	0	0.00	0.06395435	-19.02316	10.00	-19.02381
0	10.00	-35.02365	0	0.00	0.06609187	-18.98825	10.00	-18.9889
0	10.00	-34.95782	0	0.00	0.06583565	-18.95307	10.00	-18.95372
0	10.00	-34.89148	0	0.00	0.0663311	-18.91753	10.00	-18.91817
0	10.00	-34.82447	0	0.00	0.06701624	-18.88296	10.00	-18.8836
0	10.00	-34.75927	0	0.00	0.0651944	-18.84798	10.00	-18.84862
0	10.00	-34.69332	0	0.00	0.06595456	-18.81176	10.00	-18.8124
0	10.00	-34.62502	0	0.00	0.06829593	-18.7778	10.00	-18.77844
0	10.00	-34.56098	0	0.00	0.0640407	-18.74288	10.00	-18.74352
0	10.00	-34.49514	0	0.00	0.06584273	-18.70761	10.00	-18.70825
0	10.00	-34.42863	0	0.00	0.06650664	-18.67299	10.00	-18.67363
0	10.00	-34.36335	0	0.00	0.06527933	-18.63779	10.00	-18.63843
0	10.00	-34.29698	0	0.00	0.06637216	-18.60081	10.00	-18.60144
0	10.00	-34.22724	0	0.00	0.0697384	-18.56769	10.00	-18.56833
0	10.00	-34.16479	0	0.00	0.06245526	-18.53261	10.00	-18.53325
0	10.00	-34.09865	0	0.00	0.06614142	-18.49726	10.00	-18.49789
0	10.00	-34.03198	0	0.00	0.0666666	-18.46249	10.00	-18.46312
0	10.00	-33.96642	0	0.00	0.06555962	-18.42748	10.00	-18.42811
0	10.00	-33.9004	0	0.00	0.06602109	-18.39128	10.00	-18.39191
0	10.00	-33.83215	0	0.00	0.06825204	-18.35741	10.00	-18.35804
0	10.00	-33.76828	0	0.00	0.063868	-18.32235	10.00	-18.32298
0	10.00	-33.70216	0	0.00	0.06611594	-18.28729	10.00	-18.28793
0	10.00	-33.63607	0	0.00	0.0660947	-18.25066	10.00	-18.25129
0	10.00	-33.56699	0	0.00	0.0690844	-18.21643	10.00	-18.21706
0	10.00	-33.50245	0	0.00	0.06453332	-18.18221	10.00	-18.18283
0	10.00	-33.43791	0	0.00	0.0645404	-18.14709	10.00	-18.14772
0	10.00	-33.37169	0	0.00	0.06621927	-18.11227	10.00	-18.11289
0	10.00	-33.30603	0	0.00	0.06566295	-18.07692	10.00	-18.07755
0	10.00	-33.23938	0	0.00	0.06664395	-18.042	10.00	-18.04263
0	10.00	-33.17354	0	0.00	0.06584415	-18.00684	10.00	-18.00746
0	10.00	-33.10723	0	0.00	0.06630704	-17.97173	10.00	-17.97235
0	10.00	-33.04103	0	0.00	0.06620653	-17.9366	10.00	-17.93722
0	10.00	-32.97478	0	0.00	0.06624192	-17.90053	10.00	-17.90115
0	10.00	-32.90677	0	0.00	0.06801423	-17.86675	10.00	-17.86737
0	10.00	-32.84308	0	0.00	0.06369105	-17.83155	10.00	-17.83217
0	10.00	-32.7767	0	0.00	0.06638207	-17.79611	10.00	-17.79674
0	10.00	-32.70988	0	0.00	0.06681382	-17.76149	10.00	-17.76211
0	10.00	-32.6446	0	0.00	0.06528782	-17.72623	10.00	-17.72685
0	10.00	-32.57811	0	0.00	0.0664854	-17.69022	10.00	-17.69084
0	10.00	-32.51021	0	0.00	0.06790098	-17.65636	10.00	-17.65698
0	10.00	-32.44637	0	0.00	0.06384252	-17.62134	10.00	-17.62196
0	10.00	-32.38033	0	0.00	0.0660395	-17.58644	10.00	-17.58706
0	10.00	-32.31452	0	0.00	0.06580734	-17.55123	10.00	-17.55184
0	10.00	-32.24811	0	0.00	0.06640755	-17.51607	10.00	-17.51668
0	10.00	-32.18181	0	0.00	0.06629854	-17.48096	10.00	-17.48157
0	10.00	-32.1156	0	0.00	0.06620936	-17.44602	10.00	-17.44663
0	10.00	-32.04972	0	0.00	0.06587954	-17.41069	10.00	-17.4113
0	10.00	-31.98311	0	0.00	0.06661846	-17.37593	10.00	-17.37654
0	10.00	-31.91757	0	0.00	0.0655398	-17.34097	10.00	-17.34158
0	10.00	-31.85164	0	0.00	0.06592908	-17.30557	10.00	-17.30618
0	10.00	-31.7849	0	0.00	0.06674162	-17.2708	10.00	-17.27141
0	10.00	-31.71933	0	0.00	0.06556953	-17.2356	10.00	-17.23621
0	10.00	-31.65296	0	0.00	0.06636649	-17.20053	10.00	-17.20114
0	10.00	-31.58684	0	0.00	0.06612302	-17.16559	10.00	-17.1662
0	10.00	-31.52095	0	0.00	0.06588802	-17.1307	10.00	-17.13131
0	10.00	-31.45515	0	0.00	0.06579885	-17.09549	10.00	-17.0961
0	10.00	-31.38875	0	0.00	0.06639764	-17.06052	10.00	-17.06113
0	10.00	-31.32283	0	0.00	0.06592342	-17.02548	10.00	-17.02609
0	10.00	-31.25676	0	0.00	0.06607347	-16.98849	10.00	-16.9891
0	10.00	-31.187	0	0.00	0.06975821	-16.95527	10.00	-16.95588
0	10.00	-31.12436	0	0.00	0.06263928	-16.92031	10.00	-16.92091
0	10.00	-31.05843	0	0.00	0.06592483	-16.88479	10.00	-16.88539
0	10.00	-30.99145	0	0.00	0.06697944	-16.84944	10.00	-16.85004
0	10.00	-30.9248	0	0.00	0.06665527	-16.81523	10.00	-16.81583
0	10.00	-30.86029	0	0.00	0.06450501	-16.78025	10.00	-16.78085
0	10.00	-30.79433	0	0.00	0.06595881	-16.74482	10.00	-16.74542
0	10.00	-30.72753	0	0.00	0.06680249	-16.70984	10.00	-16.71043
0	10.00	-30.66155	0	0.00	0.06597862	-16.67478	10.00	-16.67538
0	10.00	-30.59546	0	0.00	0.06609329	-16.63983	10.00	-16.64043
0	10.00	-30.52955	0	0.00	0.06591351	-16.60434	10.00	-16.60494
0	10.00	-30.46263	0	0.00	0.06691432	-16.56954	10.00	-16.57014
0	10.00	-30.39701	0	0.00	0.06562048	-16.53465	10.00	-16.53525
0	10.00	-30.33122	0	0.00	0.06579177	-16.49967	10.00	-16.50026
0	10.00	-30.26526	0	0.00	0.06596305	-16.46432	10.00	-16.46492
0	10.00	-30.1986	0	0.00	0.06665244	-16.42953	10.00	-16.43012
0	10.00	-30.133	0	0.00	0.06560916	-16.39384	10.00	-16.39444
0	10.00	-30.06571	0	0.00	0.06728945	-16.35942	10.00	-16.36001
0	10.00	-30.00079	0	0.00	0.06491553	-16.32435	10.00	-16.32495
0	10.00	-29.93468	0	0.00	0.06611311	-16.28849	10.00	-16.28908
0	10.00	-29.86705	0	0.00	0.06762777	-16.25438	10.00	-16.25497
0	10.00	-29.80273	0	0.00	0.06431957	-16.21921	10.00	-16.2198
0	10.00	-29.73641	0	0.00	0.06631695	-16.18307	10.00	-16.18366
0	10.00	-29.66827	0	0.00	0.06814304	-16.1492	10.00	-16.14979
0	10.00	-29.6044	0	0.00	0.06386942	-16.11467	10.00	-16.11526
0	10.00	-29.5393	0	0.00	0.06510521	-16.07924	10.00	-16.07983
0	10.00	-29.47249	0	0.00	0.06680674	-16.04464	10.00	-16.04523
0	10.00	-29.40724	0	0.00	0.06524536	-16.00967	10.00	-16.01025
0	10.00	-29.34129	0	0.00	0.06595456	-15.97462	10.00	-15.9752
0	10.00	-29.2752	0	0.00	0.06608621	-15.93948	10.00	-15.94006
0	10.00	-29.20894	0	0.00	0.06625891	-15.90458	10.00	-15.90516
0	10.00	-29.14313	0	0.00	0.06581159	-15.86943	10.00	-15.87001
0	10.00	-29.07686	0	0.00	0.06627306	-15.83451	10.00	-15.83509
0	10.00	-29.01101	0	0.00	0.06584556	-15.79939	10.00	-15.79997
0	10.00	-28.94478	0	0.00	0.06622918	-15.76443	10.00	-15.76501
0	10.00	-28.87886	0	0.00	0.06592625	-15.72866	10.00	-15.72924
0	10.00	-28.81142	0	0.00	0.06743667	-15.69269	10.00	-15.69327
0	10.00	-28.74359	0	0.00	0.06783303	-15.65779	10.00	-15.65837
0	10.00	-28.67778	0	0.00	0.06580451	-15.62262	10.00	-15.6232
0	10.00	-28.61146	0	0.00	0.06632827	-15.58816	10.00	-15.58874
0	10.00	-28.54649	0	0.00	0.06497073	-15.55326	10.00	-15.55383
0	10.00	-28.48067	0	0.00	0.06581725	-15.51836	10.00	-15.51894
0	10.00	-28.41487	0	0.00	0.06579602	-15.48283	10.00	-15.4834
0	10.00	-28.34787	0	0.00	0.06700492	-15.44816	10.00	-15.44873
0	10.00	-28.28248	0	0.00	0.06538408	-15.41326	10.00	-15.41383
0	10.00	-28.21669	0	0.00	0.06579602	-15.37705	10.00	-15.37762
0	10.00	-28.14841	0	0.00	0.06827611	-15.34308	10.00	-15.34365
0	10.00	-28.08434	0	0.00	0.06406901	-15.30798	10.00	-15.30855
0	10.00	-28.01816	0	0.00	0.0661853	-15.27247	10.00	-15.27304
0	10.00	-27.9512	0	0.00	0.0669582	-15.23785	10.00	-15.23842
0	10.00	-27.88593	0	0.00	0.06527083	-15.2024	10.00	-15.20297
0	10.00	-27.81908	0	0.00	0.06684779	-15.16743	10.00	-15.16799
0	10.00	-27.75313	0	0.00	0.06595314	-15.13234	10.00	-15.1329
0	10.00	-27.68696	0	0.00	0.0661669	-15.09748	10.00	-15.09804
0	10.00	-27.62123	0	0.00	0.06572807	-15.06241	10.00	-15.06297
0	10.00	-27.55511	0	0.00	0.06612302	-15.02765	10.00	-15.02821
0	10.00	-27.48956	0	0.00	0.06555112	-14.99252	10.00	-14.99308
0	10.00	-27.42331	0	0.00	0.06624617	-14.95765	10.00	-14.95821
0	10.00	-27.35756	0	0.00	0.06575355	-14.92243	10.00	-14.92299
0	10.00	-27.29115	0	0.00	0.06641179	-14.88731	10.00	-14.88787
0	10.00	-27.22494	0	0.00	0.06621078	-14.85233	10.00	-14.85289
0	10.00	-27.15897	0	0.00	0.06596447	-14.81728	10.00	-14.81784
0	10.00	-27.09288	0	0.00	0.06608621	-14.78241	10.00	-14.78296
0	10.00	-27.02712	0	0.00	0.06576346	-14.74715	10.00	-14.74771
0	10.00	-26.96065	0	0.00	0.06647408	-14.71212	10.00	-14.71268
0	10.00	-26.89459	0	0.00	0.06605365	-14.67721	10.00	-14.67777
0	10.00	-26.82877	0	0.00	0.06582433	-14.64198	10.00	-14.64254
0	10.00	-26.76233	0	0.00	0.06643869	-14.60699	10.00	-14.60755
0	10.00	-26.69636	0	0.00	0.06597155	-14.57152	10.00	-14.57208
0	10.00	-26.62947	0	0.00	0.06688884	-14.53692	10.00	-14.53747
0	10.00	-26.56422	0	0.00	0.06525244	-14.50168	10.00	-14.50223
0	10.00	-26.49777	0	0.00	0.06644294	-14.46652	10.00	-14.46708
0	10.00	-26.43148	0	0.00	0.06629854	-14.43155	10.00	-14.4321
0	10.00	-26.36808	0	0.00	0.06339324	-14.39669	10.00	-14.39725
0	10.00	-26.30745	0	0.00	0.06063265	-14.36172	10.00	-14.36228
0	10.00	-26.24726	0	0.00	0.06019138	-14.32656	10.00	-14.32711
0	10.00	-26.18673	0	0.00	0.06053123	-14.2916	10.00	-14.29215
0	10.00	-26.12655	0	0.00	0.06017328	-14.25647	10.00	-14.25702
0	10.00	-26.06609	0	0.00	0.06046532	-14.22163	10.00	-14.22218
0	10.00	-26.00612	0	0.00	0.05996912	-14.18643	10.00	-14.18697
0	10.00	-25.94551	0	0.00	0.06060618	-14.15143	10.00	-14.15198
0	10.00	-25.88528	0	0.00	0.06023144	-14.11632	10.00	-14.11687
0	10.00	-25.82484	0	0.00	0.06044594	-14.08134	10.00	-14.08189
0	10.00	-25.76464	0	0.00	0.06019267	-14.04579	10.00	-14.04634
0	10.00	-25.70344	0	0.00	0.06120319	-14.01037	10.00	-14.01091
0	10.00	-25.64247	0	0.00	0.06097317	-13.9758	10.00	-13.97635
0	10.00	-25.58296	0	0.00	0.05950521	-13.94051	10.00	-13.94106
0	10.00	-25.51965	0	0.00	0.06331369	-13.90543	10.00	-13.90598
0	10.00	-25.45478	0	0.00	0.06487025	-13.87011	10.00	-13.87065
0	10.00	-25.38817	0	0.00	0.06660856	-13.83543	10.00	-13.83597
0	10.00	-25.32278	0	0.00	0.0653855	-13.80034	10.00	-13.80088
0	10.00	-25.25661	0	0.00	0.06617398	-13.76509	10.00	-13.76564
0	10.00	-25.19015	0	0.00	0.06645709	-13.73024	10.00	-13.73078
0	10.00	-25.12442	0	0.00	0.06572948	-13.69478	10.00	-13.69533
0	10.00	-25.05758	0	0.00	0.06684354	-13.66026	10.00	-13.6608
0	10.00	-24.99248	0	0.00	0.06510238	-13.62524	10.00	-13.62578
0	10.00	-24.92644	0	0.00	0.06603808	-13.59099	10.00	-13.59154
0	10.00	-24.86187	0	0.00	0.06457296	-13.55617	10.00	-13.5567
0	10.00	-24.79619	0	0.00	0.06567852	-13.52118	10.00	-13.52172
0	10.00	-24.73023	0	0.00	0.06595597	-13.48527	10.00	-13.48581
0	10.00	-24.66251	0	0.00	0.06771979	-13.45	10.00	-13.45054
0	10.00	-24.59601	0	0.00	0.06650239	-13.41532	10.00	-13.41586
0	10.00	-24.53061	0	0.00	0.06539965	-13.38035	10.00	-13.38088
0	10.00	-24.46466	0	0.00	0.06594748	-13.34576	10.00	-13.3463
0	10.00	-24.39944	0	0.00	0.06521988	-13.31086	10.00	-13.31139
0	10.00	-24.33363	0	0.00	0.06581159	-13.27586	10.00	-13.27639
0	10.00	-24.26763	0	0.00	0.06599986	-13.2407	10.00	-13.24123
0	10.00	-24.20133	0	0.00	0.06630562	-13.20562	10.00	-13.20615
0	10.00	-24.13518	0	0.00	0.06614425	-13.16939	10.00	-13.16992
0	10.00	-24.06687	0	0.00	0.06831008	-13.13461	10.00	-13.13514
0	10.00	-24.00129	0	0.00	0.06558084	-13.09987	10.00	-13.1004
0	10.00	-23.93578	0	0.00	0.06551007	-13.06352	10.00	-13.06405
0	10.00	-23.86724	0	0.00	0.06854223	-13.0297	10.00	-13.03023
0	10.00	-23.80347	0	0.00	0.06376608	-12.99453	10.00	-12.99506
0	10.00	-23.73715	0	0.00	0.06632119	-12.95822	10.00	-12.95875
0	10.00	-23.66868	0	0.00	0.06847145	-12.9241	10.00	-12.92463
0	10.00	-23.60434	0	0.00	0.06433514	-12.88937	10.00	-12.8899
0	10.00	-23.53885	0	0.00	0.06549308	-12.854	10.00	-12.85453
0	10.00	-23.47216	0	0.00	0.06669066	-12.81948	10.00	-12.82001
0	10.00	-23.40708	0	0.00	0.0650854	-12.78424	10.00	-12.78477
0	10.00	-23.34062	0	0.00	0.06645426	-12.74813	10.00	-12.74866
0	10.00	-23.27254	0	0.00	0.06807934	-12.71419	10.00	-12.71471
0	10.00	-23.20853	0	0.00	0.06400955	-12.67936	10.00	-12.67989
0	10.00	-23.14285	0	0.00	0.06567852	-12.64316	10.00	-12.64369
0	10.00	-23.0746	0	0.00	0.06825204	-12.60859	10.00	-12.60911
0	10.00	-23.0094	0	0.00	0.06519864	-12.57408	10.00	-12.5746
0	10.00	-22.94434	0	0.00	0.06506416	-12.53785	10.00	-12.53837
0	10.00	-22.87602	0	0.00	0.06831999	-12.50406	10.00	-12.50458
0	10.00	-22.8123	0	0.00	0.06371653	-12.46905	10.00	-12.46957
0	10.00	-22.74629	0	0.00	0.0660126	-12.43414	10.00	-12.43465
0	10.00	-22.68045	0	0.00	0.0658399	-12.39851	10.00	-12.39903
0	10.00	-22.61328	0	0.00	0.06717195	-12.36394	10.00	-12.36446
0	10.00	-22.54808	0	0.00	0.06519581	-12.32847	10.00	-12.32899
0	10.00	-22.48121	0	0.00	0.06687327	-12.29363	10.00	-12.29415
0	10.00	-22.41552	0	0.00	0.06569126	-12.25883	10.00	-12.25935
0	10.00	-22.3499	0	0.00	0.06561765	-12.22347	10.00	-12.22399
0	10.00	-22.28322	0	0.00	0.06668075	-12.18866	10.00	-12.18917
0	10.00	-22.21756	0	0.00	0.06565446	-12.15173	10.00	-12.15225
0	10.00	-22.14793	0	0.00	0.0696294	-12.11852	10.00	-12.11904
0	10.00	-22.08532	0	0.00	0.06261238	-12.08344	10.00	-12.08395
0	10.00	-22.01917	0	0.00	0.06615699	-12.04793	10.00	-12.04845
0	10.00	-21.95222	0	0.00	0.06694971	-12.01314	10.00	-12.01366
0	10.00	-21.88662	0	0.00	0.06559925	-11.97824	10.00	-11.97876
0	10.00	-21.82081	0	0.00	0.06580451	-11.94221	10.00	-11.94273
0	10.00	-21.75287	0	0.00	0.06794345	-11.90825	10.00	-11.90877
0	10.00	-21.68884	0	0.00	0.06403362	-11.87314	10.00	-11.87366
0	10.00	-21.62263	0	0.00	0.06620795	-11.83804	10.00	-11.83855
0	10.00	-21.55644	0	0.00	0.06619097	-11.80295	10.00	-11.80346
0	10.00	-21.49026	0	0.00	0.06617115	-11.76803	10.00	-11.76854
0	10.00	-21.42442	0	0.00	0.06584556	-11.7329	10.00	-11.73341
0	10.00	-21.35818	0	0.00	0.06623767	-11.69758	10.00	-11.69809
0	10.00	-21.29158	0	0.00	0.06660431	-11.66278	10.00	-11.66328
0	10.00	-21.22595	0	0.00	0.06562614	-11.62785	10.00	-11.62836
0	10.00	-21.1601	0	0.00	0.06585123	-11.59267	10.00	-11.59318
0	10.00	-21.09375	0	0.00	0.06634809	-11.55769	10.00	-11.5582
0	10.00	-21.0278	0	0.00	0.06595173	-11.52252	10.00	-11.52302
0	10.00	-20.96148	0	0.00	0.06632544	-11.48753	10.00	-11.48804
0	10.00	-20.8955	0	0.00	0.06597013	-11.45208	10.00	-11.45258
0	10.00	-20.82865	0	0.00	0.06685486	-11.41743	10.00	-11.41793
0	10.00	-20.76332	0	0.00	0.06533454	-11.38239	10.00	-11.38289
0	10.00	-20.69724	0	0.00	0.06607772	-11.34611	10.00	-11.34661
0	10.00	-20.64274	0	0.00	0.05449994	-11.31217	10.00	-11.31267
0	10.00	-20.5992	0	0.00	0.04353892	-11.27713	10.00	-11.27763
0	10.00	-20.56511	0	0.00	0.03408803	-11.24095	10.00	-11.24145
0	10.00	-20.54115	0	0.00	0.02396435	-11.20726	10.00	-11.20776
0	10.00	-20.5213	0	0.00	0.01985133	-11.17213	10.00	-11.17263
0	10.00	-20.5038	0	0.00	0.01749379	-11.13621	10.00	-11.13671
0	10.00	-20.48722	0	0.00	0.01657652	-11.09864	10.00	-11.09914
0	10.00	-20.47057	0	0.00	0.01665202	-11.03181	10.00	-11.0323
0	10.00	-20.44095	0	0.00	0.02962366	-10.99732	10.00	-10.99781
0	10.00	-20.42566	0	0.00	0.01528548	-10.96247	10.00	-10.96296
0	10.00	-20.41022	0	0.00	0.01544752	-10.92684	10.00	-10.92734
0	10.00	-20.39443	0	0.00	0.01578857	-10.89224	10.00	-10.89273
0	10.00	-20.37909	0	0.00	0.01533905	-10.85722	10.00	-10.85771
0	10.00	-20.36357	0	0.00	0.01552072	-10.82223	10.00	-10.82272
0	10.00	-20.34806	0	0.00	0.01550874	-10.78693	10.00	-10.78741
0	10.00	-20.33241	0	0.00	0.01564616	-10.75145	10.00	-10.75194
0	10.00	-20.31669	0	0.00	0.01572336	-10.7163	10.00	-10.71679
0	10.00	-20.30111	0	0.00	0.01558028	-10.68203	10.00	-10.68252
0	10.00	-20.28592	0	0.00	0.01518799	-10.64671	10.00	-10.6472
0	10.00	-20.27027	0	0.00	0.01565481	-10.6107	10.00	-10.61119
0	10.00	-20.2543	0	0.00	0.01596126	-10.57627	10.00	-10.57676
0	10.00	-20.23905	0	0.00	0.01525919	-10.54113	10.00	-10.54161
0	10.00	-20.22347	0	0.00	0.01557562	-10.50606	10.00	-10.50655
0	10.00	-20.20793	0	0.00	0.01554235	-10.47111	10.00	-10.47159
0	10.00	-20.19244	0	0.00	0.01549144	-10.43549	10.00	-10.43597
0	10.00	-20.1747	0	0.00	0.01774091	-10.40101	10.00	-10.40149
0	10.00	-20.15438	0	0.00	0.02031451	-10.36584	10.00	-10.36632
0	10.00	-20.12723	0	0.00	0.02714876	-10.33051	10.00	-10.33099
0	10.00	-20.08899	0	0.00	0.03824075	-10.29587	10.00	-10.29635
0	10.00	-20.04454	0	0.00	0.04444822	-10.26028	10.00	-10.26076
0	10.00	-19.98394	0	0.00	0.06060768	-10.2245	10.00	-10.22498
0	10.00	-19.91778	0	0.00	0.06615847	-10.19077	10.00	-10.19124
0	10.00	-19.85417	0	0.00	0.06361037	-10.15567	10.00	-10.15615
0	10.00	-19.788	0	0.00	0.06617115	-10.12046	10.00	-10.12094
0	10.00	-19.7216	0	0.00	0.06639481	-10.0858	10.00	-10.08628
0	10.00	-19.65625	0	0.00	0.06535152	-10.05036	10.00	-10.05084
0	10.00	-19.58941	0	0.00	0.06683505	-10.01546	10.00	-10.01594
0	10.00	-19.52361	0	0.00	0.06580451	-9.980504	10.00	-9.980978
0	10.00	-19.45769	0	0.00	0.06591917	-9.945338	10.00	-9.945811
0	10.00	-19.39138	0	0.00	0.0663127	-9.910303	10.00	-9.910775
0	10.00	-19.32532	0	0.00	0.06606214	-9.875208	10.00	-9.875677
0	10.00	-19.25913	0	0.00	0.06618106	-9.840425	10.00	-9.840897
0	10.00	-19.19355	0	0.00	0.06558226	-9.805232	10.00	-9.805704
0	10.00	-19.12719	0	0.00	0.06635942	-9.769929	10.00	-9.770399
0	10.00	-19.06062	0	0.00	0.06657317	-9.734781	10.00	-9.73525
0	10.00	-18.99435	0	0.00	0.06627306	-9.699821	10.00	-9.70029
0	10.00	-18.92842	0	0.00	0.06592483	-9.665003	10.00	-9.665472
0	10.00	-18.86277	0	0.00	0.06565304	-9.629404	10.00	-9.629871
0	10.00	-18.79564	0	0.00	0.06712808	-9.594976	10.00	-9.595443
0	10.00	-18.73072	0	0.00	0.06491695	-9.559786	10.00	-9.560253
0	10.00	-18.66437	0	0.00	0.06635375	-9.523256	10.00	-9.523722
0	10.00	-18.59549	0	0.00	0.06888339	-9.489677	10.00	-9.490142
0	10.00	-18.53217	0	0.00	0.06331876	-9.454675	10.00	-9.455138
0	10.00	-18.46617	0	0.00	0.06600269	-9.418591	10.00	-9.419053
0	10.00	-18.39812	0	0.00	0.06804254	-9.384449	10.00	-9.384911
0	10.00	-18.33374	0	0.00	0.06437902	-9.349525	10.00	-9.349988
0	10.00	-18.26789	0	0.00	0.06584981	-9.314339	10.00	-9.3148
0	10.00	-18.20154	0	0.00	0.06634951	-9.279273	10.00	-9.279733
0	10.00	-18.13542	0	0.00	0.06612302	-9.244376	10.00	-9.244836
0	10.00	-18.06962	0	0.00	0.0658031	-9.209347	10.00	-9.209806
0	10.00	-18.00357	0	0.00	0.06605224	-9.174229	10.00	-9.174686
0	10.00	-17.93735	0	0.00	0.06622069	-9.139235	10.00	-9.139692
0	10.00	-17.87775	0	0.00	0.05959766	-9.104153	10.00	-9.104609
0	10.00	-17.82184	0	0.00	0.05590276	-9.069137	10.00	-9.069593
0	10.00	-17.77883	0	0.00	0.04301089	-9.034032	10.00	-9.034487
0	10.00	-17.74148	0	0.00	0.03735039	-8.998937	10.00	-8.999392
0	10.00	-17.70991	0	0.00	0.03157456	-8.963387	10.00	-8.963839
0	10.00	-17.68182	0	0.00	0.02809051	-8.926663	10.00	-8.927115
0	10.00	-17.65347	0	0.00	0.02834534	-8.893315	10.00	-8.893767
0	10.00	-17.62773	0	0.00	0.0257401	-8.858372	10.00	-8.858822
0	10.00	-17.60076	0	0.00	0.02697319	-8.823145	10.00	-8.823595
0	10.00	-17.57357	0	0.00	0.02719049	-8.78839	10.00	-8.788839
0	10.00	-17.54674	0	0.00	0.02682601	-8.753302	10.00	-8.75375
0	10.00	-17.51966	0	0.00	0.02708387	-8.71817	10.00	-8.718617
0	10.00	-17.49126	0	0.00	0.02839977	-8.682705	10.00	-8.683152
0	10.00	-17.46194	0	0.00	0.02931799	-8.647947	10.00	-8.648394
0	10.00	-17.43321	0	0.00	0.02873217	-8.612547	10.00	-8.612994
0	10.00	-17.40395	0	0.00	0.02926214	-8.578081	10.00	-8.578526
0	10.00	-17.37357	0	0.00	0.03038059	-8.543033	10.00	-8.543478
0	10.00	-17.34204	0	0.00	0.03153201	-8.508031	10.00	-8.508475
0	10.00	-17.31054	0	0.00	0.03149013	-8.473005	10.00	-8.473448
0	10.00	-17.27903	0	0.00	0.03151242	-8.4379	10.00	-8.438343
0	10.00	-17.24745	0	0.00	0.03158401	-8.403673	10.00	-8.404115
0	10.00	-17.21478	0	0.00	0.03266717	-8.367904	10.00	-8.368344
0	10.00	-17.17999	0	0.00	0.03479417	-8.333654	10.00	-8.334093
0	10.00	-17.14417	0	0.00	0.03581684	-8.298712	10.00	-8.29915
0	10.00	-17.10699	0	0.00	0.03717865	-8.263595	10.00	-8.264032
0	10.00	-17.06514	0	0.00	0.04185392	-8.228386	10.00	-8.228823
0	10.00	-17.01803	0	0.00	0.04710399	-8.193562	10.00	-8.193998
0	10.00	-16.9689	0	0.00	0.04913515	-8.157635	10.00	-8.15807
0	10.00	-16.90771	0	0.00	0.06118557	-8.122645	10.00	-8.123081
0	10.00	-16.84301	0	0.00	0.06469812	-8.087919	10.00	-8.088354
0	10.00	-16.77753	0	0.00	0.06548318	-8.052613	10.00	-8.053048
0	10.00	-16.71096	0	0.00	0.06657175	-8.017241	10.00	-8.017673
0	10.00	-16.64426	0	0.00	0.06670199	-7.982574	10.00	-7.983006
0	10.00	-16.57889	0	0.00	0.06536851	-7.947423	10.00	-7.947854
0	10.00	-16.51261	0	0.00	0.06628297	-7.912303	10.00	-7.912735
0	10.00	-16.44639	0	0.00	0.06622069	-7.877584	10.00	-7.878015
0	10.00	-16.38092	0	0.00	0.0654676	-7.842353	10.00	-7.842783
0	10.00	-16.31448	0	0.00	0.06643444	-7.806795	10.00	-7.807223
0	10.00	-16.24743	0	0.00	0.0670488	-7.772291	10.00	-7.772719
0	10.00	-16.18237	0	0.00	0.06506275	-7.736764	10.00	-7.737192
0	10.00	-16.11538	0	0.00	0.06699076	-7.700976	10.00	-7.701403
0	10.00	-16.0479	0	0.00	0.06748196	-7.667037	10.00	-7.667463
0	10.00	-15.9839	0	0.00	0.06399681	-7.632026	10.00	-7.632452
0	10.00	-15.91788	0	0.00	0.06601826	-7.597011	10.00	-7.597435
0	10.00	-15.85186	0	0.00	0.06602675	-7.561924	10.00	-7.562347
0	10.00	-15.7857	0	0.00	0.06616124	-7.526658	10.00	-7.527081
0	10.00	-15.7192	0	0.00	0.06649815	-7.491708	10.00	-7.492131
0	10.00	-15.6533	0	0.00	0.06590218	-7.456816	10.00	-7.457237
0	10.00	-15.5875	0	0.00	0.0657946	-7.421671	10.00	-7.422092
0	10.00	-15.52123	0	0.00	0.06627023	-7.386671	10.00	-7.387092
0	10.00	-15.45523	0	0.00	0.06599703	-7.351635	10.00	-7.352055
0	10.00	-15.38917	0	0.00	0.06606639	-7.315007	10.00	-7.315427
0	10.00	-15.32478	0	0.00	0.06438469	-7.281536	10.00	-7.281953
0	10.00	-15.27939	0	0.00	0.04539303	-7.246548	10.00	-7.246964
0	10.00	-15.24089	0	0.00	0.03850419	-7.210987	10.00	-7.211403
0	10.00	-15.21733	0	0.00	0.02355316	-7.176501	10.00	-7.176917
0	10.00	-15.20079	0	0.00	0.01654412	-7.141389	10.00	-7.141805
0	10.00	-15.18907	0	0.00	0.01171581	-7.10581	10.00	-7.106224
0	10.00	-15.18907	0	0.00	0.0001786469	-7.07121	10.00	-7.071624
0	10.00	-15.18907	0	0.00	0	-7.036214	10.00	-7.036628
0	10.00	-15.18907	0	0.00	0	-7.000137	10.00	-7.000549
0	10.00	-15.18907	0	0.00	0	-6.966101	10.00	-6.966513
0	10.00	-15.18907	0	0.00	0	-6.931081	10.00	-6.931493
0	10.00	-15.18907	0	0.00	0	-6.895833	10.00	-6.896245
0	10.00	-15.18907	0	0.00	0	-6.860836	10.00	-6.861245
0	10.00	-15.18907	0	0.00	0	-6.825942	10.00	-6.826351
0	10.00	-15.18907	0	0.00	0	-6.790612	10.00	-6.791021
0	10.00	-15.18907	0	0.00	0	-6.756031	10.00	-6.756438
0	10.00	-15.18907	0	0.00	0	-6.720372	10.00	-6.720778
0	10.00	-15.18907	0	0.00	0	-6.68501	10.00	-6.685417
0	10.00	-15.18907	0	0.00	0	-6.650637	10.00	-6.651042
0	10.00	-15.18907	0	0.00	0	-6.614521	10.00	-6.614925
0	10.00	-15.18907	0	0.00	0	-6.580498	10.00	-6.580902
0	10.00	-15.18907	0	0.00	0	-6.545435	10.00	-6.545838
0	10.00	-15.18907	0	0.00	0	-6.510175	10.00	-6.510578
0	10.00	-15.18907	0	0.00	0	-6.475093	10.00	-6.475495
0	10.00	-15.18907	0	0.00	0	-6.440448	10.00	-6.44085
0	10.00	-15.18907	0	0.00	0	-6.404739	10.00	-6.405139
0	10.00	-15.18907	0	0.00	0	-6.37045	10.00	-6.37085
0	10.00	-15.18907	0	0.00	0	-6.335045	10.00	-6.335444
0	10.00	-15.18907	0	0.00	0	-6.299665	10.00	-6.300064
0	10.00	-15.18907	0	0.00	0	-6.264834	10.00	-6.265231
0	10.00	-15.18907	0	0.00	0	-6.230039	10.00	-6.230436
0	10.00	-15.18907	0	0.00	0	-6.19369	10.00	-6.194085
0	10.00	-15.18907	0	0.00	0	-6.159894	10.00	-6.160289
0	10.00	-15.18907	0	0.00	0	-6.124488	10.00	-6.124882
0	10.00	-15.18907	0	0.00	0	-6.088748	10.00	-6.089141
0	10.00	-15.18907	0	0.00	0	-6.054408	10.00	-6.054801
0	10.00	-15.18907	0	0.00	0	-6.019895	10.00	-6.020288
0	10.00	-15.18907	0	0.00	0	-5.98335	10.00	-5.983743
0	10.00	-15.18907	0	0.00	0	-5.949193	10.00	-5.949584
0	10.00	-15.18907	0	0.00	0	-5.914104	10.00	-5.914495
0	10.00	-15.18907	0	0.00	0	-5.879667	10.00	-5.880057
0	10.00	-15.18907	0	0.00	0	-5.844876	10.00	-5.845265
0	10.00	-15.18907	0	0.00	0	-5.809456	10.00	-5.809844
0	10.00	-15.18907	0	0.00	0	-5.775071	10.00	-5.775459
0	10.00	-15.18907	0	0.00	0	-5.740013	10.00	-5.740399
0	10.00	-15.18907	0	0.00	0	-5.704405	10.00	-5.704791
0	10.00	-15.18907	0	0.00	0	-5.669907	10.00	-5.670291
0	10.00	-15.18907	0	0.00	0	-5.634636	10.00	-5.635022
0	10.00	-15.18907	0	0.00	0	-5.599556	10.00	-5.59994
0	10.00	-15.18907	0	0.00	0	-5.564026	10.00	-5.56441
0	10.00	-15.18907	0	0.00	0	-5.528222	10.00	-5.528604
0	10.00	-15.18907	0	0.00	0	-5.49293	10.00	-5.493314
0	10.00	-15.17923	0	0.00	0.00984218	-5.458231	10.00	-5.458613
0	10.00	-15.16702	0	0.00	0.01221185	-5.423357	10.00	-5.423738
0	10.00	-15.14838	0	0.00	0.01864093	-5.387942	10.00	-5.388323
0	10.00	-15.12298	0	0.00	0.02539553	-5.353712	10.00	-5.354091
0	10.00	-15.08906	0	0.00	0.03392219	-5.318309	10.00	-5.318687
0	10.00	-15.04299	0	0.00	0.04607135	-5.283682	10.00	-5.28406
0	10.00	-14.99224	0	0.00	0.05075331	-5.248675	10.00	-5.249052
0	10.00	-14.93134	0	0.00	0.06089645	-5.213646	10.00	-5.214024
0	10.00	-14.86785	0	0.00	0.06349257	-5.178449	10.00	-5.178823
0	10.00	-14.80212	0	0.00	0.06572948	-5.143484	10.00	-5.143858
0	10.00	-14.73619	0	0.00	0.06593049	-5.108391	10.00	-5.108765
0	10.00	-14.67002	0	0.00	0.06617115	-5.073382	10.00	-5.073755
0	10.00	-14.604	0	0.00	0.06601543	-5.03836	10.00	-5.038733
0	10.00	-14.53796	0	0.00	0.06603808	-5.003288	10.00	-5.00366
0	10.00	-14.47183	0	0.00	0.06613293	-4.967924	10.00	-4.968295
0	10.00	-14.40514	0	0.00	0.06668358	-4.933073	10.00	-4.933444
0	10.00	-14.33943	0	0.00	0.06571674	-4.89801	10.00	-4.898379
0	10.00	-14.27331	0	0.00	0.06611594	-4.863039	10.00	-4.863409
0	10.00	-14.20737	0	0.00	0.06594182	-4.828259	10.00	-4.828628
0	10.00	-14.14179	0	0.00	0.06558368	-4.792938	10.00	-4.793305
0	10.00	-14.07518	0	0.00	0.06660289	-4.757743	10.00	-4.75811
0	10.00	-14.00882	0	0.00	0.06636366	-4.722964	10.00	-4.723331
0	10.00	-13.94324	0	0.00	0.06558084	-4.687158	10.00	-4.687523
0	10.00	-13.87572	0	0.00	0.06751736	-4.652692	10.00	-4.653058
0	10.00	-13.81073	0	0.00	0.06498913	-4.617746	10.00	-4.61811
0	10.00	-13.74484	0	0.00	0.06589652	-4.581788	10.00	-4.582151
0	10.00	-13.67703	0	0.00	0.06780472	-4.547574	10.00	-4.547937
0	10.00	-13.61252	0	0.00	0.06451492	-4.51263	10.00	-4.512992
0	10.00	-13.54663	0	0.00	0.06589086	-4.476777	10.00	-4.477139
0	10.00	-13.4836	0	0.00	0.06302284	-4.436599	10.00	-4.436961
0	10.00	-13.44819	0	0.00	0.03541348	-4.372214	10.00	-4.372574
0	10.00	-13.42906	0	0.00	0.01913262	-4.337125	10.00	-4.337484
0	10.00	-13.42311	0	0.00	0.005942115	-4.301961	10.00	-4.30232
0	10.00	-13.42311	0	0.00	0	-4.267228	10.00	-4.267586
0	10.00	-13.42311	0	0.00	0	-4.232114	10.00	-4.232472
0	10.00	-13.42311	0	0.00	0	-4.19714	10.00	-4.197496
0	10.00	-13.42311	0	0.00	0	-4.162103	10.00	-4.162459
0	10.00	-13.42311	0	0.00	0	-4.126913	10.00	-4.127268
0	10.00	-13.42311	0	0.00	0	-4.091187	10.00	-4.091542
0	10.00	-13.42311	0	0.00	0	-4.056744	10.00	-4.057097
0	10.00	-13.42311	0	0.00	0	-4.021572	10.00	-4.021925
0	10.00	-13.42311	0	0.00	0	-3.986747	10.00	-3.987099
0	10.00	-13.42311	0	0.00	0	-3.951824	10.00	-3.952176
0	10.00	-13.42311	0	0.00	0	-3.916799	10.00	-3.91715
0	10.00	-13.42311	0	0.00	0	-3.881027	10.00	-3.881378
0	10.00	-13.42311	0	0.00	0	-3.846623	10.00	-3.846973
0	10.00	-13.42311	0	0.00	0	-3.811331	10.00	-3.81168
0	10.00	-13.42311	0	0.00	0	-3.7755	10.00	-3.775849
0	10.00	-13.42311	0	0.00	0	-3.740778	10.00	-3.741126
0	10.00	-13.42311	0	0.00	0	-3.705589	10.00	-3.705936
0	10.00	-13.42311	0	0.00	0	-3.670748	10.00	-3.671095
0	10.00	-13.42311	0	0.00	0	-3.635613	10.00	-3.635958
0	10.00	-13.42037	0	0.00	0.002742509	-3.600689	10.00	-3.601035
0	10.00	-13.41573	0	0.00	0.004638858	-3.565436	10.00	-3.565781
0	10.00	-13.40526	0	0.00	0.01047558	-3.530651	10.00	-3.530994
0	10.00	-13.39302	0	0.00	0.01224223	-3.495864	10.00	-3.496208
0	10.00	-13.3795	0	0.00	0.01351279	-3.461011	10.00	-3.461354
0	10.00	-13.36469	0	0.00	0.01481117	-3.425457	10.00	-3.425799
0	10.00	-13.34764	0	0.00	0.01705697	-3.389822	10.00	-3.390163
0	10.00	-13.32533	0	0.00	0.0223006	-3.355551	10.00	-3.355892
0	10.00	-13.29888	0	0.00	0.02645226	-3.320626	10.00	-3.320966
0	10.00	-13.26746	0	0.00	0.03142191	-3.285979	10.00	-3.286317
0	10.00	-13.23312	0	0.00	0.03433508	-3.250674	10.00	-3.251013
0	10.00	-13.19621	0	0.00	0.03691906	-3.215731	10.00	-3.216069
0	10.00	-13.15903	0	0.00	0.03717945	-3.180334	10.00	-3.180671
0	10.00	-13.12136	0	0.00	0.0376635	-3.145873	10.00	-3.146209
0	10.00	-13.08281	0	0.00	0.03855508	-3.110655	10.00	-3.11099
0	10.00	-13.04276	0	0.00	0.04004386	-3.07547	10.00	-3.075805
0	10.00	-13.00276	0	0.00	0.04000631	-3.040657	10.00	-3.040991
0	10.00	-12.96317	0	0.00	0.03958463	-3.005135	10.00	-3.005469
0	10.00	-12.92278	0	0.00	0.04038957	-2.96995	10.00	-2.970283
0	10.00	-12.88278	0	0.00	0.04000631	-2.935388	10.00	-2.93572
0	10.00	-12.84348	0	0.00	0.03929953	-2.900368	10.00	-2.900699
0	10.00	-12.80366	0	0.00	0.03981851	-2.864322	10.00	-2.864652
0	10.00	-12.7607	0	0.00	0.04296068	-2.829958	10.00	-2.830288
0	10.00	-12.71849	0	0.00	0.04221049	-2.795146	10.00	-2.795475
0	10.00	-12.67446	0	0.00	0.04403222	-2.758969	10.00	-2.759298
0	10.00	-12.62606	0	0.00	0.04839963	-2.725036	10.00	-2.725364
0	10.00	-12.57942	0	0.00	0.0466377	-2.690034	10.00	-2.690361
0	10.00	-12.53131	0	0.00	0.04810696	-2.655177	10.00	-2.655504
0	10.00	-12.48086	0	0.00	0.05045357	-2.619855	10.00	-2.620181
0	10.00	-12.42909	0	0.00	0.0517711	-2.584831	10.00	-2.585156
0	10.00	-12.37583	0	0.00	0.05325272	-2.549653	10.00	-2.549978
0	10.00	-12.32042	0	0.00	0.05541359	-2.514728	10.00	-2.515053
0	10.00	-12.26285	0	0.00	0.05756575	-2.479732	10.00	-2.480056
0	10.00	-12.20325	0	0.00	0.05960022	-2.444712	10.00	-2.445035
0	10.00	-12.14361	0	0.00	0.05964113	-2.409317	10.00	-2.409639
0	10.00	-12.08333	0	0.00	0.0602791	-2.37457	10.00	-2.374891
0	10.00	-12.02416	0	0.00	0.05917703	-2.339502	10.00	-2.339823
0	10.00	-11.96444	0	0.00	0.05972168	-2.304133	10.00	-2.304453
0	10.00	-11.90291	0	0.00	0.06152721	-2.268803	10.00	-2.269122
0	10.00	-11.84016	0	0.00	0.06274945	-2.234031	10.00	-2.23435
0	10.00	-11.7784	0	0.00	0.06175745	-2.198675	10.00	-2.198993
0	10.00	-11.71561	0	0.00	0.06279612	-2.16393	10.00	-2.164247
0	10.00	-11.65516	0	0.00	0.06044199	-2.128975	10.00	-2.129292
0	10.00	-11.59755	0	0.00	0.057614	-2.094101	10.00	-2.094417
0	10.00	-11.55599	0	0.00	0.04156403	-2.057926	10.00	-2.058241
0	10.00	-11.52476	0	0.00	0.03122481	-2.023959	10.00	-2.024273
0	10.00	-11.51033	0	0.00	0.01443503	-1.988981	10.00	-1.989294
0	10.00	-11.51033	0	0.00	0	-1.95397	10.00	-1.954283
0	10.00	-11.51033	0	0.00	0	-1.918918	10.00	-1.91923
0	10.00	-11.51033	0	0.00	0	-1.883729	10.00	-1.884041
0	10.00	-11.51033	0	0.00	0	-1.848507	10.00	-1.848818
0	10.00	-11.51033	0	0.00	0	-1.813687	10.00	-1.813998
0	10.00	-11.51033	0	0.00	0	-1.778178	10.00	-1.778489
0	10.00	-11.51033	0	0.00	0	-1.743639	10.00	-1.743949
0	10.00	-11.51033	0	0.00	0	-1.708583	10.00	-1.708891
0	10.00	-11.51033	0	0.00	0	-1.673397	10.00	-1.673705
0	10.00	-11.51033	0	0.00	0	-1.638423	10.00	-1.638729
0	10.00	-11.51033	0	0.00	0	-1.603379	10.00	-1.603686
0	10.00	-11.51033	0	0.00	0	-1.568435	10.00	-1.568741
0	10.00	-11.51033	0	0.00	0	-1.533337	10.00	-1.533642
0	10.00	-11.51033	0	0.00	0	-1.498363	10.00	-1.498667
0	10.00	-11.51033	0	0.00	0	-1.463039	10.00	-1.463342
0	10.00	-11.51033	0	0.00	0	-1.428173	10.00	-1.428476
0	10.00	-11.51033	0	0.00	0	-1.393118	10.00	-1.39342
0	10.00	-11.51033	0	0.00	0	-1.357584	10.00	-1.357886
0	10.00	-11.51033	0	0.00	0	-1.322987	10.00	-1.323289
0	10.00	-11.51033	0	0.00	0	-1.287885	10.00	-1.288185
0	10.00	-11.51033	0	0.00	0	-1.251958	10.00	-1.252258
0	10.00	-11.51033	0	0.00	0	-1.217683	10.00	-1.217982
0	10.00	-11.51033	0	0.00	0	-1.182089	10.00	-1.182388
0	10.00	-11.51033	0	0.00	0	-1.147246	10.00	-1.147543
0	10.00	-11.51033	0	0.00	0	-1.112116	10.00	-1.112413
0	10.00	-11.51033	0	0.00	0	-1.077045	10.00	-1.077342
0	10.00	-11.51033	0	0.00	0	-1.042058	10.00	-1.042354
0	10.00	-11.51033	0	0.00	0	-1.007063	10.00	-1.007359
0	10.00	-11.51033	0	0.00	0	-0.9719951	10.00	-0.9722898
0	10.00	-11.51033	0	0.00	0	-0.937	10.00	-0.9372938
0	10.00	-11.51033	0	0.00	0	-0.9019368	10.00	-0.9022294
0	10.00	-11.51033	0	0.00	0	-0.8672654	10.00	-0.8675576
0	10.00	-11.51033	0	0.00	0	-0.8314834	10.00	-0.831775
0	10.00	-11.51033	0	0.00	0	-0.7970961	10.00	-0.797387
0	10.00	-11.51033	0	0.00	0	-0.7614388	10.00	-0.7617288
0	10.00	-11.51033	0	0.00	0	-0.7267163	10.00	-0.727006
0	10.00	-11.51033	0	0.00	0	-0.6919816	10.00	-0.6922707
0	10.00	-11.51033	0	0.00	0	-0.6566049	10.00	-0.6568932
0	10.00	-11.51033	0	0.00	0	-0.6219273	10.00	-0.6222146
0	10.00	-11.51033	0	0.00	0	-0.5870054	10.00	-0.5872923
0	10.00	-11.51033	0	0.00	0	-0.5508397	10.00	-0.5511258
0	10.00	-11.51033	0	0.00	0	-0.5168664	10.00	-0.5171522
0	10.00	-11.51033	0	0.00	0	-0.4819147	10.00	-0.4821999
0	10.00	-11.51033	0	0.00	0	-0.4456965	10.00	-0.4459809
0	10.00	-11.51033	0	0.00	0	-0.4116778	10.00	-0.4119614
0	10.00	-11.51033	0	0.00	0	-0.3768713	10.00	-0.3771539
0	10.00	-11.51033	0	0.00	0.0008102871	-0.3416772	10.00	-0.3419597
0	10.00	-11.50244	0	0.00	0.007887647	-0.3065534	10.00	-0.3068351
0	10.00	-11.47597	0	0.00	0.02646979	-0.2712878	10.00	-0.271569
0	10.00	-11.44102	0	0.00	0.03494734	-0.2364721	10.00	-0.2367524
0	10.00	-11.39508	0	0.00	0.04594402	-0.2015886	10.00	-0.2018682
0	10.00	-11.34267	0	0.00	0.05240235	-0.1660379	10.00	-0.1663174
0	10.00	-11.28732	0	0.00	0.05535105	-0.1309402	10.00	-0.1312185
0	10.00	-11.23075	0	0.00	0.05656991	-0.09625982	10.00	-0.09653769
0	10.00	-11.17233	0	0.00	0.05842876	-0.05985535	10.00	-0.06013242
0	10.00	-11.10833	0	0.00	0.06399276	-0.0255796	10.00	-0.02585567
0	10.00	-11.04745	0	0.00	0.06087744	0.009608379	10.00	0.00933261
0	10.00	-10.98303	0	0.00	0.06442352	0.0444702	10.00	0.04419502
0	10.00	-10.91857	0	0.00	0.06446352	0.07889961	10.00	0.07862493
0	10.00	-10.85365	0	0.00	0.06492119	0.1143157	10.00	0.1140421
0	10.00	-10.78686	0	0.00	0.06678268	0.1495663	10.00	0.1492935
0	10.00	-10.72039	0	0.00	0.06646983	0.1841859	10.00	0.1839135
0	10.00	-10.65511	0	0.00	0.06527933	0.2191631	10.00	0.2188915
0	10.00	-10.58916	0	0.00	0.06595456	0.2547838	10.00	0.2545129
0	10.00	-10.52199	0	0.00	0.06716771	0.2892018	10.00	0.2889317
0	10.00	-10.45709	0	0.00	0.06489996	0.3243375	10.00	0.3240682
0	10.00	-10.39084	0	0.00	0.06625324	0.3597969	10.00	0.3595281
0	10.00	-10.32398	0	0.00	0.06686336	0.3948276	10.00	0.3945595
0	10.00	-10.25792	0	0.00	0.06605507	0.429955	10.00	0.4296876
0	10.00	-10.19168	0	0.00	0.06623767	0.4656229	10.00	0.4653563
0	10.00	-10.12443	0	0.00	0.06725689	0.4996708	10.00	0.4994049
0	10.00	-10.06022	0	0.00	0.06420208	0.5346603	10.00	0.534395
0	10.00	-9.994246	0	0.00	0.06597721	0.569672	10.00	0.5694075
0	10.00	-9.928227	0	0.00	0.06601968	0.6045582	10.00	0.604294
0	10.00	-9.862445	0	0.00	0.06578186	0.6397052	10.00	0.6394417
0	10.00	-9.79617	0	0.00	0.06627448	0.67462	10.00	0.6743574
0	10.00	-9.730333	0	0.00	0.06583707	0.7097976	10.00	0.7095358
0	10.00	-9.664001	0	0.00	0.06633252	0.7449172	10.00	0.7446557
0	10.00	-9.597779	0	0.00	0.0662221	0.7799057	10.00	0.779645
0	10.00	-9.536275	0	0.00	0.06150394	0.8149715	10.00	0.8147117
0	10.00	-9.493202	0	0.00	0.04307268	0.8501133	10.00	0.8498541
0	10.00	-9.469927	0	0.00	0.02327521	0.8850726	10.00	0.8848141
0	10.00	-9.45507	0	0.00	0.01485647	0.9201807	10.00	0.9199228
0	10.00	-9.45507	0	0.00	0.0008172952	0.9555896	10.00	0.9553325
0	10.00	-9.45507	0	0.00	0	0.9904302	10.00	0.9901736
0	10.00	-9.45507	0	0.00	0	1.025363	10.00	1.025108
0	10.00	-9.45507	0	0.00	0	1.060624	10.00	1.060369
0	10.00	-9.45507	0	0.00	0	1.095345	10.00	1.095091
0	10.00	-9.45507	0	0.00	0	1.130564	10.00	1.13031
0	10.00	-9.45507	0	0.00	0	1.166472	10.00	1.166219
0	10.00	-9.45507	0	0.00	0	1.200695	10.00	1.200443
0	10.00	-9.45507	0	0.00	0	1.235736	10.00	1.235485
0	10.00	-9.45507	0	0.00	0	1.271605	10.00	1.271354
0	10.00	-9.45507	0	0.00	0	1.305598	10.00	1.305348
0	10.00	-9.45507	0	0.00	0	1.340827	10.00	1.340577
0	10.00	-9.45507	0	0.00	0	1.375914	10.00	1.375665
0	10.00	-9.45507	0	0.00	0	1.411618	10.00	1.41137
0	10.00	-9.45507	0	0.00	0	1.446562	10.00	1.446315
0	10.00	-9.45507	0	0.00	0	1.481377	10.00	1.48113
0	10.00	-9.45507	0	0.00	0	1.516638	10.00	1.516392
0	10.00	-9.45507	0	0.00	0	1.55179	10.00	1.551544
0	10.00	-9.45507	0	0.00	0	1.586673	10.00	1.586429
0	10.00	-9.45507	0	0.00	0	1.621883	10.00	1.621639
0	10.00	-9.45507	0	0.00	0	1.656933	10.00	1.656689
0	10.00	-9.45507	0	0.00	0	1.69158	10.00	1.691337
0	10.00	-9.45507	0	0.00	0	1.726801	10.00	1.726559
0	10.00	-9.45507	0	0.00	0	1.761804	10.00	1.761562
0	10.00	-9.45507	0	0.00	0	1.79678	10.00	1.796539
0	10.00	-9.45507	0	0.00	0	1.831927	10.00	1.831687
0	10.00	-9.45507	0	0.00	0	1.86694	10.00	1.8667
0	10.00	-9.45507	0	0.00	0	1.901605	10.00	1.901366
0	10.00	-9.448567	0	0.00	0.006503341	1.936472	10.00	1.936234
0	10.00	-9.43757	0	0.00	0.01099753	1.972643	10.00	1.972405
0	10.00	-9.422859	0	0.00	0.01471095	2.006957	10.00	2.00672
0	10.00	-9.40577	0	0.00	0.01708853	2.042036	10.00	2.0418
0	10.00	-9.376132	0	0.00	0.02963826	2.077047	10.00	2.076812
0	10.00	-9.341437	0	0.00	0.03469514	2.112204	10.00	2.11197
0	10.00	-9.292475	0	0.00	0.04896246	2.146727	10.00	2.146493
0	10.00	-9.235572	0	0.00	0.05690251	2.182428	10.00	2.182194
0	10.00	-9.170208	0	0.00	0.06536365	2.217527	10.00	2.217294
0	10.00	-9.104025	0	0.00	0.06618389	2.25225	10.00	2.252018
0	10.00	-9.038548	0	0.00	0.0654761	2.287236	10.00	2.287005
0	10.00	-8.972578	0	0.00	0.06597013	2.322131	10.00	2.3219
0	10.00	-8.906779	0	0.00	0.06579885	2.357351	10.00	2.357121
0	10.00	-8.840367	0	0.00	0.06641179	2.392203	10.00	2.391973
0	10.00	-8.77465	0	0.00	0.06571816	2.427287	10.00	2.427059
0	10.00	-8.708492	0	0.00	0.06615699	2.464466	10.00	2.464238
0	10.00	-8.638388	0	0.00	0.07010503	2.497327	10.00	2.4971
0	10.00	-8.576424	0	0.00	0.06196405	2.532332	10.00	2.532106
0	10.00	-8.510416	0	0.00	0.06600694	2.568739	10.00	2.568514
0	10.00	-8.441765	0	0.00	0.06865124	2.602696	10.00	2.602472
0	10.00	-8.377734	0	0.00	0.06403079	2.63771	10.00	2.637486
0	10.00	-8.311712	0	0.00	0.06602251	2.672969	10.00	2.672745
0	10.00	-8.245227	0	0.00	0.0664854	2.707933	10.00	2.707709
0	10.00	-8.179297	0	0.00	0.06592908	2.742768	10.00	2.742546
0	10.00	-8.11361	0	0.00	0.06568702	2.7786	10.00	2.778378
0	10.00	-8.046045	0	0.00	0.06756549	2.81282	10.00	2.812599
0	10.00	-7.981517	0	0.00	0.06452766	2.847877	10.00	2.847657
0	10.00	-7.915412	0	0.00	0.06610461	2.883842	10.00	2.883622
0	10.00	-7.847597	0	0.00	0.06781604	2.91787	10.00	2.917652
0	10.00	-7.783432	0	0.00	0.06416527	2.952993	10.00	2.952774
0	10.00	-7.717204	0	0.00	0.06622776	2.98822	10.00	2.988003
0	10.00	-7.650776	0	0.00	0.06642736	3.023242	10.00	3.023025
0	10.00	-7.58474	0	0.00	0.06603666	3.05819	10.00	3.057973
0	10.00	-7.51884	0	0.00	0.06589935	3.093298	10.00	3.093083
0	10.00	-7.452638	0	0.00	0.06620229	3.128345	10.00	3.128131
0	10.00	-7.386552	0	0.00	0.06608621	3.163579	10.00	3.163365
0	10.00	-7.320115	0	0.00	0.06643727	3.198417	10.00	3.198204
0	10.00	-7.254422	0	0.00	0.06569268	3.233437	10.00	3.233224
0	10.00	-7.188388	0	0.00	0.06603383	3.268633	10.00	3.268421
0	10.00	-7.12202	0	0.00	0.06636791	3.303503	10.00	3.303291
0	10.00	-7.056269	0	0.00	0.06575072	3.338619	10.00	3.338409
0	10.00	-6.990051	0	0.00	0.06621785	3.373848	10.00	3.373638
0	10.00	-6.923623	0	0.00	0.06642878	3.409039	10.00	3.408829
0	10.00	-6.857266	0	0.00	0.06635658	3.443813	10.00	3.443604
0	10.00	-6.791695	0	0.00	0.06557094	3.47996	10.00	3.479753
0	10.00	-6.723534	0	0.00	0.06816144	3.513867	10.00	3.513659
0	10.00	-6.659599	0	0.00	0.06393453	3.548855	10.00	3.548648
0	10.00	-6.593625	0	0.00	0.06597438	3.58437	10.00	3.584164
0	10.00	-6.526655	0	0.00	0.06696953	3.618959	10.00	3.618754
0	10.00	-6.461432	0	0.00	0.06522271	3.654241	10.00	3.654037
0	10.00	-6.394903	0	0.00	0.06652928	3.689984	10.00	3.68978
0	10.00	-6.327506	0	0.00	0.06739704	3.724273	10.00	3.72407
0	10.00	-6.262848	0	0.00	0.06465789	3.759121	10.00	3.758918
0	10.00	-6.197139	0	0.00	0.06570967	3.794229	10.00	3.794027
0	10.00	-6.130938	0	0.00	0.06620087	3.829376	10.00	3.829175
0	10.00	-6.064662	0	0.00	0.06627589	3.864288	10.00	3.864087
0	10.00	-5.998832	0	0.00	0.06582999	3.899621	10.00	3.899423
0	10.00	-5.932205	0	0.00	0.06662696	3.934355	10.00	3.934156
0	10.00	-5.86671	0	0.00	0.0654945	3.970498	10.00	3.9703
0	10.00	-5.798559	0	0.00	0.06815153	4.004927	10.00	4.004729
0	10.00	-5.733638	0	0.00	0.06492119	4.040071	10.00	4.039875
0	10.00	-5.667367	0	0.00	0.06627023	4.07531	10.00	4.075114
0	10.00	-5.60092	0	0.00	0.06644718	4.110421	10.00	4.110225
0	10.00	-5.534715	0	0.00	0.06620511	4.145134	10.00	4.144939
0	10.00	-5.469257	0	0.00	0.06545769	4.181049	10.00	4.180855
0	10.00	-5.401535	0	0.00	0.06772262	4.215579	10.00	4.215385
0	10.00	-5.336425	0	0.00	0.06510946	4.250211	10.00	4.250019
0	10.00	-5.271121	0	0.00	0.06530481	4.286259	10.00	4.286067
0	10.00	-5.203147	0	0.00	0.06797317	4.320354	10.00	4.320163
0	10.00	-5.138856	0	0.00	0.06429126	4.355724	10.00	4.355533
0	10.00	-5.072161	0	0.00	0.06669491	4.390388	10.00	4.390198
0	10.00	-5.006798	0	0.00	0.06536285	4.425524	10.00	4.425334
0	10.00	-4.940545	0	0.00	0.06625324	4.460894	10.00	4.460704
0	10.00	-4.87385	0	0.00	0.06669491	4.495584	10.00	4.495395
0	10.00	-4.808438	0	0.00	0.06541239	4.530416	10.00	4.530229
0	10.00	-4.742756	0	0.00	0.06568135	4.565344	10.00	4.565158
0	10.00	-4.676894	0	0.00	0.06586255	4.600396	10.00	4.60021
0	10.00	-4.610799	0	0.00	0.0660947	4.635434	10.00	4.635249
0	10.00	-4.54473	0	0.00	0.06606922	4.670773	10.00	4.670588
0	10.00	-4.478095	0	0.00	0.06663545	4.706642	10.00	4.706458
0	10.00	-4.410458	0	0.00	0.06763627	4.74068	10.00	4.740496
0	10.00	-4.346276	0	0.00	0.06418226	4.775795	10.00	4.775613
0	10.00	-4.28006	0	0.00	0.06621644	4.810928	10.00	4.810746
0	10.00	-4.213813	0	0.00	0.06624617	4.845871	10.00	4.845689
0	10.00	-4.147924	0	0.00	0.06588944	4.881494	10.00	4.881314
0	10.00	-4.08075	0	0.00	0.06717337	4.916061	10.00	4.915881
0	10.00	-4.01557	0	0.00	0.06518024	4.951147	10.00	4.950968
0	10.00	-3.94941	0	0.00	0.06615982	4.986224	10.00	4.986046
0	10.00	-3.883268	0	0.00	0.06614283	5.021133	10.00	5.020956
0	10.00	-3.817442	0	0.00	0.06582575	5.056021	10.00	5.055844
0	10.00	-3.751657	0	0.00	0.06578469	5.091456	10.00	5.09128
0	10.00	-3.684838	0	0.00	0.06681948	5.12622	10.00	5.126043
0	10.00	-3.619288	0	0.00	0.06554971	5.16113	10.00	5.160955
0	10.00	-3.553458	0	0.00	0.06582999	5.196906	10.00	5.196732
0	10.00	-3.485999	0	0.00	0.06745932	5.231623	10.00	5.23145
0	10.00	-3.420534	0	0.00	0.06546477	5.266564	10.00	5.266391
0	10.00	-3.354649	0	0.00	0.0658852	5.301566	10.00	5.301394
0	10.00	-3.288647	0	0.00	0.06600127	5.336769	10.00	5.336597
0	10.00	-3.222268	0	0.00	0.06637923	5.371526	10.00	5.371354
0	10.00	-3.15673	0	0.00	0.06553838	5.406607	10.00	5.406436
0	10.00	-3.090579	0	0.00	0.06615133	5.441515	10.00	5.441345
0	10.00	-3.024754	0	0.00	0.06582433	5.47668	10.00	5.476511
0	10.00	-2.958446	0	0.00	0.06630845	5.512139	10.00	5.511971
0	10.00	-2.891584	0	0.00	0.06686194	5.546865	10.00	5.546698
0	10.00	-2.826102	0	0.00	0.06548176	5.581807	10.00	5.58164
0	10.00	-2.760216	0	0.00	0.06588662	5.616883	10.00	5.616717
0	10.00	-2.694074	0	0.00	0.06614142	5.651886	10.00	5.651721
0	10.00	-2.62807	0	0.00	0.0660041	5.687	10.00	5.686835
0	10.00	-2.561859	0	0.00	0.06621078	5.721954	10.00	5.721791
0	10.00	-2.495949	0	0.00	0.06591067	5.756996	10.00	5.756833
0	10.00	-2.429872	0	0.00	0.0660763	5.792331	10.00	5.792168
0	10.00	-2.363244	0	0.00	0.06662837	5.827529	10.00	5.827367
0	10.00	-2.296873	0	0.00	0.06637074	5.862301	10.00	5.862139
0	10.00	-2.231305	0	0.00	0.06556811	5.897474	10.00	5.897314
0	10.00	-2.164981	0	0.00	0.06632403	5.93246	10.00	5.9323
0	10.00	-2.099011	0	0.00	0.06597013	5.967292	10.00	5.967132
0	10.00	-2.033331	0	0.00	0.06567994	6.003559	10.00	6.003401
0	10.00	-1.964943	0	0.00	0.06838794	6.037323	10.00	6.037166
0	10.00	-1.901276	0	0.00	0.06366699	6.072495	10.00	6.072339
0	10.00	-1.834953	0	0.00	0.06632261	6.107511	10.00	6.107354
0	10.00	-1.768928	0	0.00	0.06602534	6.14255	10.00	6.142393
0	10.00	-1.702859	0	0.00	0.06606922	6.177686	10.00	6.177531
0	10.00	-1.636603	0	0.00	0.06625608	6.212657	10.00	6.212502
0	10.00	-1.570662	0	0.00	0.0659404	6.247622	10.00	6.247468
0	10.00	-1.504729	0	0.00	0.06593332	6.283118	10.00	6.282964
0	10.00	-1.437798	0	0.00	0.06693131	6.317991	10.00	6.317838
0	10.00	-1.37204	0	0.00	0.0657578	6.352936	10.00	6.352784
0	10.00	-1.306146	0	0.00	0.06589369	6.388143	10.00	6.387992
0	10.00	-1.239758	0	0.00	0.06638773	6.423123	10.00	6.422973
0	10.00	-1.173798	0	0.00	0.06596022	6.4582	10.00	6.458049
0	10.00	-1.107658	0	0.00	0.06614	6.493109	10.00	6.492959
0	10.00	-1.041831	0	0.00	0.06582716	6.528118	10.00	6.527969
0	10.00	-0.975817	0	0.00	0.06601401	6.563375	10.00	6.563228
0	10.00	-0.9093331	0	0.00	0.06648399	6.600004	10.00	6.599857
0	10.00	-0.8402656	0	0.00	0.06906741	6.633982	10.00	6.633835
0	10.00	-0.7761967	0	0.00	0.06406901	6.668808	10.00	6.668661
0	10.00	-0.710528	0	0.00	0.06566861	6.704623	10.00	6.704478
0	10.00	-0.6429923	0	0.00	0.06753576	6.738696	10.00	6.738551
0	10.00	-0.5787435	0	0.00	0.06424879	6.774007	10.00	6.773864
0	10.00	-0.512159	0	0.00	0.06658449	6.80935	10.00	6.809206
0	10.00	-0.4455164	0	0.00	0.06664253	6.844005	10.00	6.843863
0	10.00	-0.3801678	0	0.00	0.06534869	6.879244	10.00	6.879103
0	10.00	-0.3137192	0	0.00	0.0664486	6.914464	10.00	6.914323
0	10.00	-0.2473088	0	0.00	0.06641038	6.949328	10.00	6.949188
0	10.00	-0.1815666	0	0.00	0.06574222	6.984612	10.00	6.984473
0	10.00	-0.115033	0	0.00	0.06653353	7.019032	10.00	7.018893
0	10.00	-0.05013165	0	0.00	0.06490137	7.054545	10.00	7.054407
0	10.00	0.01683363	0	0.00	0.06696528	7.089266	10.00	7.089129
0	10.00	0.08230548	0	0.00	0.06547185	7.124194	10.00	7.124057
0	10.00	0.1481652	0	0.00	0.06585972	7.159206	10.00	7.15907
0	10.00	0.2141863	0	0.00	0.06602109	7.194678	10.00	7.194542
0	10.00	0.2810737	0	0.00	0.06688742	7.229279	10.00	7.229145
0	10.00	0.3463176	0	0.00	0.06524394	7.264227	10.00	7.264093
0	10.00	0.4122184	0	0.00	0.06590077	7.299761	10.00	7.299627
0	10.00	0.4792219	0	0.00	0.0670035	7.334323	10.00	7.33419
0	10.00	0.5443923	0	0.00	0.06517033	7.369332	10.00	7.369199
0	10.00	0.6104063	0	0.00	0.06601401	7.404805	10.00	7.404674
0	10.00	0.6772965	0	0.00	0.06689025	7.439552	10.00	7.439422
0	10.00	0.7428165	0	0.00	0.06551998	7.474752	10.00	7.474622
0	10.00	0.8091915	0	0.00	0.06637499	7.509898	10.00	7.509768
0	10.00	0.8754631	0	0.00	0.06627165	7.545797	10.00	7.54567
0	10.00	0.9431574	0	0.00	0.06769431	7.579639	10.00	7.579511
0	10.00	1.00697	0	0.00	0.06381279	7.615716	10.00	7.615588
0	10.00	1.074999	0	0.00	0.06802838	7.649758	10.00	7.649632
0	10.00	1.139189	0	0.00	0.06419075	7.684717	10.00	7.684591
0	10.00	1.205109	0	0.00	0.06591917	7.720352	10.00	7.720227
0	10.00	1.272303	0	0.00	0.0671946	7.754899	10.00	7.754774
0	10.00	1.337447	0	0.00	0.06514344	7.790253	10.00	7.790129
0	10.00	1.40411	0	0.00	0.06666376	7.825968	10.00	7.825844
0	10.00	1.471456	0	0.00	0.06734607	7.860067	10.00	7.859944
0	10.00	1.535753	0	0.00	0.06429692	7.895137	10.00	7.895016
0	10.00	1.601885	0	0.00	0.06613151	7.930158	10.00	7.930037
0	10.00	1.667922	0	0.00	0.06603666	7.965338	10.00	7.965217
0	10.00	1.734258	0	0.00	0.06633677	8.000433	10.00	8.000313
0	10.00	1.800435	0	0.00	0.06617681	8.035323	10.00	8.035204
0	10.00	1.866225	0	0.00	0.06579036	8.070655	10.00	8.070537
0	10.00	1.932848	0	0.00	0.06662271	8.107167	10.00	8.10705
0	10.00	2.001698	0	0.00	0.06884941	8.140311	10.00	8.140194
0	10.00	2.064194	0	0.00	0.0624963	8.175536	10.00	8.17542
0	10.00	2.130614	0	0.00	0.06642029	8.210634	10.00	8.210519
0	10.00	2.196797	0	0.00	0.06618247	8.2455	10.00	8.245383
0	10.00	2.262539	0	0.00	0.06574222	8.280679	10.00	8.280564
0	10.00	2.328874	0	0.00	0.06633535	8.316102	10.00	8.315989
0	10.00	2.395671	0	0.00	0.06679683	8.350749	10.00	8.350636
0	10.00	2.461001	0	0.00	0.06533029	8.385751	10.00	8.385637
0	10.00	2.527003	0	0.00	0.06600127	8.421388	10.00	8.421275
0	10.00	2.594202	0	0.00	0.06719885	8.456059	10.00	8.455948
0	10.00	2.659579	0	0.00	0.065377	8.491191	10.00	8.491079
0	10.00	2.725823	0	0.00	0.06624475	8.527296	10.00	8.527185
0	10.00	2.793904	0	0.00	0.06808076	8.561182	10.00	8.561071
0	10.00	2.8578	0	0.00	0.06389631	8.596534	10.00	8.596424
0	10.00	2.924461	0	0.00	0.06666093	8.631062	10.00	8.630953
0	10.00	2.989568	0	0.00	0.06510663	8.666321	10.00	8.666214
0	10.00	3.056055	0	0.00	0.06648682	8.701281	10.00	8.701174
0	10.00	3.121977	0	0.00	0.065922	8.736584	10.00	8.736477
0	10.00	3.188544	0	0.00	0.0665675	8.771547	10.00	8.771441
0	10.00	3.254473	0	0.00	0.06592908	8.806387	10.00	8.806283
0	10.00	3.320169	0	0.00	0.06569551	8.84148	10.00	8.841376
0	10.00	3.386343	0	0.00	0.06617398	8.876349	10.00	8.876245
0	10.00	3.452092	0	0.00	0.0657493	8.912652	10.00	8.912548
0	10.00	3.520544	0	0.00	0.06845164	8.946813	10.00	8.946711
0	10.00	3.58496	0	0.00	0.06441583	8.981806	10.00	8.981704
0	10.00	3.650944	0	0.00	0.06598429	9.017523	10.00	9.017422
0	10.00	3.718293	0	0.00	0.0673489	9.051766	10.00	9.051665
0	10.00	3.782863	0	0.00	0.06457013	9.086597	10.00	9.086498
0	10.00	3.848543	0	0.00	0.06567994	9.122405	10.00	9.122306
0	10.00	3.916062	0	0.00	0.06751877	9.156887	10.00	9.156789
0	10.00	3.981083	0	0.00	0.06502169	9.192101	10.00	9.192005
0	10.00	4.047486	0	0.00	0.0664033	9.227917	10.00	9.227819
0	10.00	4.115019	0	0.00	0.06753293	9.268818	10.00	9.268722
0	10.00	4.192144	0	0.00	0.07712488	9.297174	10.00	9.297078
0	10.00	4.245614	0	0.00	0.05346917	9.333289	10.00	9.333194
0	10.00	4.313714	0	0.00	0.06810057	9.367076	10.00	9.366981
0	10.00	4.377424	0	0.00	0.06370945	9.402266	10.00	9.402172
0	10.00	4.443779	0	0.00	0.06635517	9.438371	10.00	9.438277
0	10.00	4.511859	0	0.00	0.06808076	9.472318	10.00	9.472224
0	10.00	4.575869	0	0.00	0.06400955	9.507421	10.00	9.50733
0	10.00	4.642066	0	0.00	0.06619663	9.54243	10.00	9.542338
0	10.00	4.708077	0	0.00	0.06601118	9.577484	10.00	9.577394
0	10.00	4.774176	0	0.00	0.06609895	9.612901	10.00	9.612812
0	10.00	4.84096	0	0.00	0.06678409	9.647732	10.00	9.647643
0	10.00	4.906639	0	0.00	0.06567852	9.682908	10.00	9.68282
0	10.00	4.972968	0	0.00	0.06632969	9.717918	10.00	9.717832
0.0001757897	10.00	5.038985	0.0001757897	0.00	0.06601685	9.752104	10.00	9.752016
0.000971589	10.00	5.103445	0.0007957993	0.00	0.06445971	9.787237	10.00	9.78715
0.003072441	10.00	5.169693	0.002100852	0.00	0.066249	9.822719	10.00	9.822633
0.007785488	10.00	5.236599	0.004713047	0.00	0.06690583	9.857265	10.00	9.857182
0.01300516	10.00	5.301743	0.005219677	0.00	0.06514344	9.892366	10.00	9.892283
0.02087228	10.00	5.367932	0.00786712	0.00	0.06618955	9.92775	10.00	9.927667
0.0300942	10.00	5.43465	0.009221914	0.00	0.06671756	9.962363	10.00	9.96228
0.03974794	10.00	5.499919	0.009653744	0.00	0.06526942	9.997315	10.00	9.997234
0.05077247	10.00	5.565827	0.01102453	0.00	0.06590784	10.03284	10.00	10.03276
0.06197696	10.00	5.632811	0.01120449	0.00	0.06698368	10.06774	10.00	10.06766
0.07298562	10.00	5.698624	0.01100866	0.00	0.065813	10.10269	10.00	10.10261
0.08400992	10.00	5.76453	0.01102429	0.00	0.06590643	10.13872	10.00	10.13864
0.09537186	10.00	5.832456	0.01136195	0.00	0.06792504	10.17341	10.00	10.17333
0.1063152	10.00	5.897878	0.01094331	0.00	0.0654223	10.20833	10.00	10.20825
0.1173286	10.00	5.963719	0.0110134	0.00	0.06584132	10.24446	10.00	10.24439
0.128726	10.00	6.031857	0.01139747	0.00	0.06813738	10.27852	10.00	10.27844
0.1394686	10.00	6.096078	0.01074252	0.00	0.0642219	10.31368	10.00	10.31361
0.1505594	10.00	6.162383	0.01109083	0.00	0.06630421	10.34877	10.00	10.3487
0.1616277	10.00	6.228552	0.01106833	0.00	0.06616973	10.3837	10.00	10.38362
0.1726421	10.00	6.294399	0.01101435	0.00	0.06584698	10.41891	10.00	10.41884
0.1837504	10.00	6.360808	0.01110835	0.00	0.06640896	10.45379	10.00	10.45372
0.1960262	10.00	6.426581	0.01227579	0.00	0.06577337	10.48888	10.00	10.48881
0.207733	10.00	6.492739	0.01170679	0.00	0.06615699	10.52396	10.00	10.52388
0.2194368	10.00	6.558878	0.01170379	0.00	0.06614	10.55887	10.00	10.5588
0.231087	10.00	6.624716	0.01165018	0.00	0.06583707	10.59463	10.00	10.59456
0.2430197	10.00	6.69215	0.01193274	0.00	0.06743384	10.62941	10.00	10.62934
0.2552606	10.00	6.757736	0.01224091	0.00	0.06558651	10.66429	10.00	10.66422
0.2668973	10.00	6.823497	0.01163665	0.00	0.06576063	10.69917	10.00	10.69911
0.2785377	10.00	6.889278	0.01164041	0.00	0.06578186	10.73438	10.00	10.73431
0.2909268	10.00	6.955659	0.01238913	0.00	0.06638065	10.76924	10.00	10.76918
0.3031973	10.00	7.021404	0.0122705	0.00	0.06574506	10.8042	10.00	10.80413
0.3154998	10.00	7.08732	0.01230247	0.00	0.06591634	10.83972	10.00	10.83965
0.3279988	10.00	7.15429	0.01249903	0.00	0.06696953	10.87441	10.00	10.87434
0.3402075	10.00	7.219704	0.01220868	0.00	0.06541381	10.90939	10.00	10.90933
0.35252	10.00	7.285674	0.01231251	0.00	0.06597013	10.94456	10.00	10.9445
0.3648972	10.00	7.351991	0.01237724	0.00	0.06631695	10.97951	10.00	10.97945
0.3771963	10.00	7.417889	0.01229903	0.00	0.06589793	11.01451	10.00	11.01445
0.3895133	10.00	7.483883	0.012317	0.00	0.0659942	11.05019	10.00	11.05013
0.4020707	10.00	7.551166	0.01255742	0.00	0.06728237	11.08472	10.00	11.08466
0.4142215	10.00	7.616269	0.01215082	0.00	0.0651038	11.12047	10.00	11.12041
0.4268035	10.00	7.683683	0.01258199	0.00	0.06741402	11.15538	10.00	11.15532
0.4390899	10.00	7.749513	0.01228635	0.00	0.06582999	11.1904	10.00	11.19035
0.4514161	10.00	7.815557	0.01232625	0.00	0.06604374	11.22493	10.00	11.22487
0.4635667	10.00	7.88066	0.01215055	0.00	0.06510238	11.25992	10.00	11.25986
0.4758813	10.00	7.946641	0.01231462	0.00	0.06598146	11.295	10.00	11.29495
0.4882279	10.00	8.012794	0.01234659	0.00	0.06615274	11.33008	10.00	11.33002
0.5005715	10.00	8.078931	0.01234369	0.00	0.06613717	11.36507	10.00	11.36501
0.5128851	10.00	8.144907	0.01231357	0.00	0.06597579	11.40003	10.00	11.39998
0.5251913	10.00	8.210843	0.01230617	0.00	0.06593616	11.4354	10.00	11.43535
0.5376396	10.00	8.27754	0.01244831	0.00	0.06669774	11.47016	10.00	11.47011
0.5498713	10.00	8.343078	0.01223166	0.00	0.06553697	11.50533	10.00	11.50528
0.5622475	10.00	8.409389	0.01237618	0.00	0.06631128	11.54048	10.00	11.54043
0.5746181	10.00	8.47567	0.01237063	0.00	0.06628156	11.57533	10.00	11.57528
0.5868833	10.00	8.541387	0.01226522	0.00	0.06571674	11.61041	10.00	11.61036
0.5992288	10.00	8.607534	0.01234553	0.00	0.06614708	11.64579	10.00	11.64574
0.6116803	10.00	8.674249	0.01245148	0.00	0.06671473	11.68051	10.00	11.68046
0.6238995	10.00	8.739719	0.01221925	0.00	0.06547043	11.71558	10.00	11.71553
0.6362411	10.00	8.805845	0.01234157	0.00	0.06612585	11.75102	10.00	11.75097
0.6487148	10.00	8.872679	0.01247367	0.00	0.06683364	11.78599	10.00	11.78594
0.6610215	10.00	8.938618	0.0123067	0.00	0.06593899	11.82123	10.00	11.82119
0.6734244	10.00	9.005072	0.01240287	0.00	0.06645426	11.85632	10.00	11.85628
0.6857733	10.00	9.071238	0.01234897	0.00	0.06616548	11.89125	10.00	11.89121
0.6980665	10.00	9.137104	0.01229322	0.00	0.0658668	11.92633	10.00	11.92629
0.7104126	10.00	9.203254	0.01234606	0.00	0.06614991	11.96148	10.00	11.96143
0.7234217	10.00	9.269519	0.01300909	0.00	0.06626457	11.9966	10.00	11.99656
0.7364247	10.00	9.335752	0.01300298	0.00	0.06623343	12.03167	10.00	12.03163
0.7500466	10.00	9.401876	0.01362186	0.00	0.06612443	12.06641	10.00	12.06637
0.7635412	10.00	9.467383	0.01349471	0.00	0.06550724	12.10182	10.00	12.10178
0.777297	10.00	9.534158	0.01375571	0.00	0.06677418	12.13647	10.00	12.13643
0.7907575	10.00	9.5995	0.01346059	0.00	0.06534161	12.17143	10.00	12.17139
0.8043368	10.00	9.665418	0.01357928	0.00	0.06591775	12.20666	10.00	12.20662
0.8186643	10.00	9.731845	0.01432747	0.00	0.06642736	12.24168	10.00	12.24164
0.833545	10.00	9.797873	0.01488071	0.00	0.06602817	12.27633	10.00	12.2763
0.8482739	10.00	9.863227	0.01472886	0.00	0.06535435	12.31146	10.00	12.31143
0.8632031	10.00	9.929471	0.01492921	0.00	0.06624334	12.34679	10.00	12.34676
0.8782162	10.00	9.996086	0.01501311	0.00	0.06661563	12.38145	10.00	12.38142
0.892946	10.00	10.06145	0.01472981	0.00	0.0653586	12.41688	10.00	12.41685
0.9080029	10.00	10.12825	0.01505682	0.00	0.06680957	12.45211	10.00	12.45208
0.9229726	10.00	10.19468	0.01496972	0.00	0.06642312	12.48682	10.00	12.48679
0.9383585	10.00	10.26014	0.01538596	0.00	0.06545769	12.52176	10.00	12.52173
0.9538443	10.00	10.32602	0.01548579	0.00	0.06588237	12.55775	10.00	12.55772
0.9697946	10.00	10.39388	0.01595028	0.00	0.06785851	12.59182	10.00	12.59179
0.9848967	10.00	10.45813	0.01510214	0.00	0.06425021	12.6268	10.00	12.62677
1.000397	10.00	10.52407	0.01550009	0.00	0.06594323	12.66306	10.00	12.66303
1.016472	10.00	10.59246	0.01607506	0.00	0.06838936	12.69709	10.00	12.69706
1.031551	10.00	10.65661	0.01507952	0.00	0.06415395	12.73321	10.00	12.73318
1.047562	10.00	10.72473	0.01601017	0.00	0.06811331	12.76828	10.00	12.76825
1.063105	10.00	10.79085	0.01554302	0.00	0.06612585	12.80228	10.00	12.80225
1.078174	10.00	10.85496	0.01506953	0.00	0.06411148	12.83834	10.00	12.83831
1.094157	10.00	10.92296	0.01598256	0.00	0.06799582	12.87254	10.00	12.87252
1.109319	10.00	10.98747	0.01516237	0.00	0.06450643	12.90738	10.00	12.90736
1.124759	10.00	11.05315	0.01543953	0.00	0.0656856	12.94229	10.00	12.94226
1.14023	10.00	11.11897	0.01547181	0.00	0.06582291	12.97733	10.00	12.97731
1.155763	10.00	11.18506	0.0155327	0.00	0.06608196	13.01231	10.00	13.01229
1.171266	10.00	11.25101	0.01550309	0.00	0.06595597	13.04792	10.00	13.0479
1.187048	10.00	11.31815	0.01578159	0.00	0.06714082	13.08246	10.00	13.08244
1.202359	10.00	11.38329	0.0153111	0.00	0.06513919	13.1175	10.00	13.11748
1.217889	10.00	11.44936	0.01553004	0.00	0.06607064	13.15419	10.00	13.15417
1.234151	10.00	11.51855	0.01626205	0.00	0.06918491	13.18767	10.00	13.18765
1.248989	10.00	11.58167	0.01483795	0.00	0.06312624	13.22266	10.00	13.22264
1.264495	10.00	11.64764	0.01550575	0.00	0.0659673	13.25827	10.00	13.25826
1.280281	10.00	11.7148	0.01578658	0.00	0.06716204	13.29314	10.00	13.29312
1.295735	10.00	11.78055	0.01545418	0.00	0.06574789	13.32792	10.00	13.32791
1.311152	10.00	11.84614	0.01541691	0.00	0.06558934	13.36438	10.00	13.36437
1.327312	10.00	11.91489	0.0161599	0.00	0.06875032	13.39798	10.00	13.39797
1.342203	10.00	11.97824	0.01489086	0.00	0.06335132	13.43311	10.00	13.4331
1.357774	10.00	12.04449	0.01557063	0.00	0.06624334	13.46807	10.00	13.46806
1.37327	10.00	12.11041	0.0154961	0.00	0.06592625	13.50228	10.00	13.50227
1.388816	10.00	12.17655	0.01554668	0.00	0.06614142	13.53564	10.00	13.53563
1.404373	10.00	12.24274	0.01555666	0.00	0.06618389	13.568	10.00	13.56799
1.419868	10.00	12.30866	0.0154951	0.00	0.065922	13.59953	10.00	13.59952
1.43538	10.00	12.37465	0.01551174	0.00	0.06599278	13.6303	10.00	13.63029
1.450949	10.00	12.44089	0.0155693	0.00	0.06623767	13.66008	10.00	13.66007
1.465182	10.00	12.50688	0.01423252	0.00	0.06598712	13.68901	10.00	13.689
1.478784	10.00	12.57291	0.01360232	0.00	0.06602959	13.71706	10.00	13.71705
1.492382	10.00	12.63891	0.01359765	0.00	0.06600694	13.74436	10.00	13.74435
1.505398	10.00	12.70522	0.0130166	0.00	0.06630279	13.77064	10.00	13.77063
1.518346	10.00	12.77117	0.01294796	0.00	0.06595314	13.79645	10.00	13.79644
1.530854	10.00	12.83819	0.01250775	0.00	0.06701624	13.82067	10.00	13.82067
1.542384	10.00	12.90334	0.01152994	0.00	0.06515759	13.84438	10.00	13.84438
1.554083	10.00	12.96946	0.01169903	0.00	0.06611311	13.86746	10.00	13.86745
1.564612	10.00	13.03627	0.0105289	0.00	0.0668124	13.88921	10.00	13.8892
1.574942	10.00	13.10182	0.01032991	0.00	0.06554971	13.91031	10.00	13.91031
1.583456	10.00	13.16806	0.008514212	0.00	0.06623767	13.93055	10.00	13.93054
1.590052	10.00	13.23435	0.006596153	0.00	0.06629854	13.94976	10.00	13.94975
1.595328	10.00	13.3002	0.005275595	0.00	0.06584132	13.96812	10.00	13.96811
1.597419	10.00	13.36615	0.00209156	0.00	0.06595597	13.98586	10.00	13.98585
1.598246	10.00	13.43311	0.0008266275	0.00	0.06695679	14.00229	10.00	14.00228
1.598246	10.00	13.4985	0	0.00	0.06538691	14.01796	10.00	14.01796
1.598246	10.00	13.56439	0	0.00	0.06589369	14.03327	10.00	14.03327
1.598246	10.00	13.63264	0	0.00	0.06824638	14.04689	10.00	14.04689
1.598246	10.00	13.6974	0	0.00	0.06476264	14.05979	10.00	14.05979
1.598246	10.00	13.76293	0	0.00	0.06552706	14.07203	10.00	14.07203
1.598246	10.00	13.82974	0	0.00	0.06681948	14.08316	10.00	14.08316
1.598246	10.00	13.89552	0	0.00	0.06577761	14.09334	10.00	14.09334
1.598246	10.00	13.96104	0	0.00	0.0655214	14.10271	10.00	14.10271
1.598246	10.00	14.02723	0	0.00	0.06618813	14.11112	10.00	14.11112
1.598246	10.00	14.09336	0	0.00	0.06613009	14.11858	10.00	14.11858
1.598246	10.00	14.15939	0	0.00	0.06602959	14.12506	10.00	14.12506
1.598246	10.00	14.22534	0	0.00	0.06594748	14.13058	10.00	14.13058
1.598246	10.00	14.2914	0	0.00	0.06605648	14.13509	10.00	14.13509
1.598246	10.00	14.35766	0	0.00	0.06626599	14.1385	10.00	14.13851
1.598246	10.00	14.4237	0	0.00	0.06603808	14.14	10.00	14.14
1.598246	10.00	14.48972	0	0.00	0.06602109	14.14	10.00	14.14
1.598246	10.00	14.55791	0	0.00	0.06819259	14.14	10.00	14.14
1.598246	10.00	14.62205	0	0.00	0.06414121	14.14	10.00	14.14
1.598246	10.00	14.68796	0	0.00	0.06590926	14.14	10.00	14.14
1.598246	10.00	14.75495	0	0.00	0.06698652	14.14	10.00	14.14
1.598246	10.00	14.8208	0	0.00	0.06584981	14.14	10.00	14.14
1.598246	10.00	14.88669	0	0.00	0.06589369	14.14	10.00	14.14
1.598246	10.00	14.95209	0	0.00	0.06539258	14.14	10.00	14.14
1.598246	10.00	15.01833	0	0.00	0.06624334	14.14	10.00	14.14
1.598246	10.00	15.08472	0	0.00	0.06639197	14.14	10.00	14.14
1.598246	10.00	15.15291	0	0.00	0.06818976	14.14	10.00	14.14
1.598246	10.00	15.21666	0	0.00	0.06375192	14.14	10.00	14.14
1.598246	10.00	15.28294	0	0.00	0.06627165	14.14	10.00	14.14
1.598246	10.00	15.34885	0	0.00	0.06591351	14.14	10.00	14.14
1.598246	10.00	15.41489	0	0.00	0.06603808	14.14	10.00	14.14
1.598246	10.00	15.48101	0	0.00	0.06612443	14.14	10.00	14.14
1.598246	10.00	15.54709	0	0.00	0.06607913	14.14	10.00	14.14
1.598246	10.00	15.61352	0	0.00	0.06643444	14.14	10.00	14.14
1.598246	10.00	15.67931	0	0.00	0.06578328	14.14	10.00	14.14
1.598246	10.00	15.74534	0	0.00	0.06603525	14.14	10.00	14.14
1.598246	10.00	15.81165	0	0.00	0.06630279	14.14	10.00	14.14
1.598246	10.00	15.87816	0	0.00	0.0665123	14.14	10.00	14.14
1.598246	10.00	15.94379	0	0.00	0.06563181	14.14	10.00	14.14
1.598246	10.00	16.00972	0	0.00	0.06592908	14.14	10.00	14.14
1.598246	10.00	16.07654	0	0.00	0.06681948	14.14	10.00	14.14
1.598246	10.00	16.14205	0	0.00	0.06551432	14.14	10.00	14.14
1.598246	10.00	16.20808	0	0.00	0.06602392	14.14	10.00	14.14
1.598246	10.00	16.27495	0	0.00	0.06687751	14.14	10.00	14.14
1.598246	10.00	16.34029	0	0.00	0.0653402	14.14	10.00	14.14
1.598246	10.00	16.40661	0	0.00	0.06631553	14.14	10.00	14.14
1.598246	10.00	16.47347	0	0.00	0.06685628	14.14	10.00	14.14
1.598246	10.00	16.53892	0	0.00	0.06545203	14.14	10.00	14.14
1.598246	10.00	16.60458	0	0.00	0.06566012	14.14	10.00	14.14
1.598246	10.00	16.67312	0	0.00	0.06854223	14.14	10.00	14.14
1.598246	10.00	16.73677	0	0.00	0.06365	14.14	10.00	14.14
1.598246	10.00	16.80283	0	0.00	0.06606073	14.14	10.00	14.14
1.598246	10.00	16.86899	0	0.00	0.06615416	14.14	10.00	14.14
1.598246	10.00	16.93509	0	0.00	0.06610037	14.14	10.00	14.14
1.598246	10.00	17.00116	0	0.00	0.06607347	14.14	10.00	14.14
1.598246	10.00	17.06726	0	0.00	0.06609895	14.14	10.00	14.14
1.598246	10.00	17.13329	0	0.00	0.06603242	14.14	10.00	14.14
1.598246	10.00	17.1993	0	0.00	0.06600694	14.14	10.00	14.14
1.598246	10.00	17.26552	0	0.00	0.06622493	14.14	10.00	14.14
1.598246	10.00	17.33163	0	0.00	0.06610461	14.14	10.00	14.14
1.598246	10.00	17.39766	0	0.00	0.06602817	14.14	10.00	14.14
1.598246	10.00	17.46347	0	0.00	0.06581442	14.14	10.00	14.14
1.598246	10.00	17.52991	0	0.00	0.06644294	14.14	10.00	14.14
1.598246	10.00	17.59859	0	0.00	0.06867955	14.14	10.00	14.14
1.598246	10.00	17.6617	0	0.00	0.06310642	14.14	10.00	14.14
1.598246	10.00	17.72803	0	0.00	0.0663311	14.14	10.00	14.14
1.598246	10.00	17.79568	0	0.00	0.06765325	14.14	10.00	14.14
1.598246	10.00	17.86034	0	0.00	0.06465789	14.14	10.00	14.14
1.598246	10.00	17.92684	0	0.00	0.06649815	14.14	10.00	14.14
1.598246	10.00	17.99455	0	0.00	0.06771554	14.14	10.00	14.14
1.598246	10.00	18.05905	0	0.00	0.06449227	14.14	10.00	14.14
1.598246	10.00	18.12486	0	0.00	0.06581867	14.14	10.00	14.14
1.598246	10.00	18.1918	0	0.00	0.06693697	14.14	10.00	14.14
1.598246	10.00	18.25701	0	0.00	0.06520289	14.14	10.00	14.14
1.598246	10.00	18.32335	0	0.00	0.0663396	14.14	10.00	14.14
1.598246	10.00	18.38918	0	0.00	0.06583141	14.14	10.00	14.14
1.598246	10.00	18.45517	0	0.00	0.06598853	14.14	10.00	14.14
1.598246	10.00	18.52123	0	0.00	0.06606639	14.14	10.00	14.14
1.598246	10.00	18.58745	0	0.00	0.06622069	14.14	10.00	14.14
1.598246	10.00	18.65382	0	0.00	0.06636649	14.14	10.00	14.14
1.598246	10.00	18.72022	0	0.00	0.06640188	14.14	10.00	14.14
1.598246	10.00	18.78607	0	0.00	0.0658484	14.14	10.00	14.14
1.598246	10.00	18.85177	0	0.00	0.06569976	14.14	10.00	14.14
1.598246	10.00	18.92058	0	0.00	0.06881544	14.14	10.00	14.14
1.598246	10.00	18.9841	0	0.00	0.06351269	14.14	10.00	14.14
1.598246	10.00	19.05003	0	0.00	0.06593616	14.14	10.00	14.14
1.598246	10.00	19.11875	0	0.00	0.06871919	14.14	10.00	14.14
1.598246	10.00	19.18238	0	0.00	0.06363019	14.14	10.00	14.14
1.598246	10.00	19.2483	0	0.00	0.06591634	14.14	10.00	14.14
1.598246	10.00	19.31687	0	0.00	0.06856772	14.14	10.00	14.14
1.598246	10.00	19.3808	0	0.00	0.06393453	14.14	10.00	14.14
1.598246	10.00	19.4469	0	0.00	0.06610178	14.14	10.00	14.14
1.598246	10.00	19.51335	0	0.00	0.06644435	14.14	10.00	14.14
1.598246	10.00	19.57865	0	0.00	0.06530481	14.14	10.00	14.14
1.598246	10.00	19.64399	0	0.00	0.06534161	14.14	10.00	14.14
1.598246	10.00	19.70966	0	0.00	0.06566153	14.14	10.00	14.14
1.598246	10.00	19.77568	0	0.00	0.06602251	14.14	10.00	14.14
1.598246	10.00	19.84184	0	0.00	0.0661669	14.14	10.00	14.14
1.598246	10.00	19.90824	0	0.00	0.06639764	14.14	10.00	14.14
1.598246	10.00	19.97399	0	0.00	0.06575213	14.14	10.00	14.14
1.598246	10.00	20.04006	0	0.00	0.06606639	14.14	10.00	14.14
1.598246	10.00	20.10612	0	0.00	0.06606498	14.14	10.00	14.14
1.598246	10.00	20.17223	0	0.00	0.06610744	14.14	10.00	14.14
1.598246	10.00	20.24219	0	0.00	0.06995782	14.14	10.00	14.14
1.598246	10.00	20.30738	0	0.00	0.06518732	14.14	10.00	14.14
1.598246	10.00	20.37309	0	0.00	0.0657125	14.14	10.00	14.14
1.598246	10.00	20.43819	0	0.00	0.0651038	14.14	10.00	14.14
1.598246	10.00	20.50403	0	0.00	0.06583141	14.14	10.00	14.14
1.598246	10.00	20.57015	0	0.00	0.06612585	14.14	10.00	14.14
1.598246	10.00	20.63678	0	0.00	0.06662554	14.14	10.00	14.14
1.598246	10.00	20.70234	0	0.00	0.06555962	14.14	10.00	14.14
1.598246	10.00	20.76814	0	0.00	0.0658031	14.14	10.00	14.14
1.598246	10.00	20.83484	0	0.00	0.06669774	14.14	10.00	14.14
1.598246	10.00	20.90048	0	0.00	0.06564596	14.14	10.00	14.14
1.598246	10.00	20.96676	0	0.00	0.06627731	14.14	10.00	14.14
1.598246	10.00	21.03306	0	0.00	0.06629854	14.14	10.00	14.14
1.598246	10.00	21.09918	0	0.00	0.06612443	14.14	10.00	14.14
1.598246	10.00	21.16568	0	0.00	0.06649815	14.14	10.00	14.14
1.598246	10.00	21.23322	0	0.00	0.06754284	14.14	10.00	14.14
1.598246	10.00	21.29709	0	0.00	0.06386659	14.14	10.00	14.14
1.598246	10.00	21.36316	0	0.00	0.06606356	14.14	10.00	14.14
1.598246	10.00	21.42925	0	0.00	0.0660947	14.14	10.00	14.14
1.598246	10.00	21.49572	0	0.00	0.066467	14.14	10.00	14.14
1.598246	10.00	21.56191	0	0.00	0.06619238	14.14	10.00	14.14
1.598246	10.00	21.62771	0	0.00	0.06580451	14.14	10.00	14.14
1.598246	10.00	21.69373	0	0.00	0.06601968	14.14	10.00	14.14
1.598246	10.00	21.75942	0	0.00	0.06568843	14.14	10.00	14.14
1.598246	10.00	21.8259	0	0.00	0.06647408	14.14	10.00	14.14
1.598246	10.00	21.89207	0	0.00	0.06617256	14.14	10.00	14.14
1.598246	10.00	21.95824	0	0.00	0.06617256	14.14	10.00	14.14
1.598246	10.00	22.02415	0	0.00	0.06591067	14.14	10.00	14.14
1.598246	10.00	22.08976	0	0.00	0.06560774	14.14	10.00	14.14
1.598246	10.00	22.15666	0	0.00	0.06690158	14.14	10.00	14.14
1.598246	10.00	22.22243	0	0.00	0.06576629	14.14	10.00	14.14
1.598246	10.00	22.28845	0	0.00	0.06602675	14.14	10.00	14.14
1.598246	10.00	22.35472	0	0.00	0.06626882	14.14	10.00	14.14
1.598246	10.00	22.42062	0	0.00	0.06589935	14.14	10.00	14.14
1.598246	10.00	22.487	0	0.00	0.06637499	14.14	10.00	14.14
1.598246	10.00	22.55359	0	0.00	0.06658732	14.14	10.00	14.14
1.598246	10.00	22.61898	0	0.00	0.06539965	14.14	10.00	14.14
1.598246	10.00	22.68533	0	0.00	0.06634243	14.14	10.00	14.14
1.598246	10.00	22.75334	0	0.00	0.0680114	14.14	10.00	14.14
1.598246	10.00	22.81752	0	0.00	0.06417801	14.14	10.00	14.14
1.598246	10.00	22.88421	0	0.00	0.06669349	14.14	10.00	14.14
1.598246	10.00	22.9531	0	0.00	0.06889047	14.14	10.00	14.14
1.598246	10.00	23.01541	0	0.00	0.06231228	14.14	10.00	14.14
1.598246	10.00	23.08156	0	0.00	0.06614991	14.14	10.00	14.14
1.598246	10.00	23.14795	0	0.00	0.06638914	14.14	10.00	14.14
1.598246	10.00	23.21357	0	0.00	0.06562048	14.14	10.00	14.14
1.598246	10.00	23.27967	0	0.00	0.0661032	14.14	10.00	14.14
1.598246	10.00	23.34678	0	0.00	0.06710684	14.14	10.00	14.14
1.598246	10.00	23.41227	0	0.00	0.06548742	14.14	10.00	14.14
1.598246	10.00	23.48006	0	0.00	0.06778773	14.14	10.00	14.14
1.598246	10.00	23.54546	0	0.00	0.06539965	14.14	10.00	14.14
1.598246	10.00	23.61143	0	0.00	0.06597862	14.14	10.00	14.14
1.598246	10.00	23.6777	0	0.00	0.06626882	14.14	10.00	14.14
1.598246	10.00	23.74324	0	0.00	0.0655398	14.14	10.00	14.14
1.598246	10.00	23.80961	0	0.00	0.06636366	14.14	10.00	14.14
1.598246	10.00	23.87639	0	0.00	0.06678268	14.14	10.00	14.14
1.598246	10.00	23.94171	0	0.00	0.06531755	14.14	10.00	14.14
1.598246	10.00	24.00816	0	0.00	0.06645568	14.14	10.00	14.14
1.598246	10.00	24.0744	0	0.00	0.06623343	14.14	10.00	14.14
1.598246	10.00	24.14001	0	0.00	0.06561057	14.14	10.00	14.14
1.598246	10.00	24.20605	0	0.00	0.0660395	14.14	10.00	14.14
1.598246	10.00	24.27231	0	0.00	0.06626032	14.14	10.00	14.14
1.598246	10.00	24.33761	0	0.00	0.06529915	14.14	10.00	14.14
1.598246	10.00	24.40373	0	0.00	0.06612726	14.14	10.00	14.14
1.598246	10.00	24.47126	0	0.00	0.06752726	14.14	10.00	14.14
1.598246	10.00	24.53729	0	0.00	0.06602534	14.14	10.00	14.14
1.598246	10.00	24.60307	0	0.00	0.06578328	14.14	10.00	14.14
1.598246	10.00	24.66802	0	0.00	0.06495374	14.14	10.00	14.14
1.598246	10.00	24.73385	0	0.00	0.06582716	14.14	10.00	14.14
1.598246	10.00	24.79999	0	0.00	0.06613859	14.14	10.00	14.14
1.598246	10.00	24.86629	0	0.00	0.06629854	14.14	10.00	14.14
1.598246	10.00	24.93226	0	0.00	0.06597013	14.14	10.00	14.14
1.598246	10.00	24.999	0	0.00	0.06674021	14.14	10.00	14.14
1.598246	10.00	25.06458	0	0.00	0.06557943	14.14	10.00	14.14
1.598246	10.00	25.13114	0	0.00	0.06655901	14.14	10.00	14.14
1.598246	10.00	25.19762	0	0.00	0.06648682	14.14	10.00	14.14
1.598246	10.00	25.26262	0	0.00	0.06500188	14.14	10.00	14.14
1.598246	10.00	25.32867	0	0.00	0.06604657	14.14	10.00	14.14
1.598246	10.00	25.39508	0	0.00	0.06640896	14.14	10.00	14.14
1.598246	10.00	25.46134	0	0.00	0.06626174	14.14	10.00	14.14
1.598246	10.00	25.52709	0	0.00	0.06574506	14.14	10.00	14.14
1.598246	10.00	25.5941	0	0.00	0.06700917	14.14	10.00	14.14
1.598246	10.00	25.65899	0	0.00	0.06488863	14.14	10.00	14.14
1.598246	10.00	25.7261	0	0.00	0.06711958	14.14	10.00	14.14
1.598246	10.00	25.79287	0	0.00	0.06676286	14.14	10.00	14.14
1.598246	10.00	25.85765	0	0.00	0.06478529	14.14	10.00	14.14
1.598246	10.00	25.92369	0	0.00	0.06604091	14.14	10.00	14.14
1.598246	10.00	25.99054	0	0.00	0.06685062	14.14	10.00	14.14
1.598246	10.00	26.05579	0	0.00	0.06524819	14.14	10.00	14.14
1.598246	10.00	26.12198	0	0.00	0.06618389	14.14	10.00	14.14
1.598246	10.00	26.18777	0	0.00	0.06579602	14.14	10.00	14.14
1.598246	10.00	26.25389	0	0.00	0.06612302	14.14	10.00	14.14
1.598246	10.00	26.3203	0	0.00	0.0664033	14.14	10.00	14.14
1.598246	10.00	26.3862	0	0.00	0.0659036	14.14	10.00	14.14
1.598246	10.00	26.45232	0	0.00	0.0661216	14.14	10.00	14.14
1.598246	10.00	26.51822	0	0.00	0.06589793	14.14	10.00	14.14
1.598246	10.00	26.58415	0	0.00	0.06592483	14.14	10.00	14.14
1.598246	10.00	26.65036	0	0.00	0.06621219	14.14	10.00	14.14
1.598246	10.00	26.7168	0	0.00	0.06644435	14.14	10.00	14.14
1.598246	10.00	26.78304	0	0.00	0.06623767	14.14	10.00	14.14
1.598246	10.00	26.84887	0	0.00	0.06582575	14.14	10.00	14.14
1.598246	10.00	26.91841	0	0.00	0.06954305	14.14	10.00	14.14
23.59486
