0	10.00	-49.86605	0	0.00	0.1339518	0	10.00	40
0	10.00	-49.18267	0	0.00	0.6833742	-0.000457144	10.00	39.97616
0	10.00	-49.18267	0	0.00	0	-0.0009759429	10.00	39.94762
0	10.00	-49.18267	0	0.00	0	-0.002479515	10.00	39.91793
0	10.00	-49.18267	0	0.00	0	-0.004263166	10.00	39.87264
0	10.00	-49.18267	0	0.00	0	-0.005949224	10.00	39.82563
0	10.00	-49.18267	0	0.00	0	-0.008026123	10.00	39.7693
0	10.00	-49.18267	0	0.00	0	-0.01157732	10.00	39.67207
0	10.00	-49.18267	0	0.00	0	-0.01456304	10.00	39.58197
0	10.00	-49.18267	0	0.00	0	-0.01770299	10.00	39.4865
0	10.00	-49.18267	0	0.00	0	-0.02075091	10.00	39.3806
0	10.00	-49.18267	0	0.00	0	-0.02412102	10.00	39.27326
0	10.00	-49.15287	0	0.00	0.02980786	-0.02789511	10.00	39.15813
0	10.00	-48.96272	0	0.00	0.1901464	-0.03188037	10.00	39.03579
0	10.00	-48.76009	0	0.00	0.2026257	-0.03526337	10.00	38.91036
0	10.00	-48.5542	0	0.00	0.20589	-0.03841932	10.00	38.78148
0	10.00	-48.34398	0	0.00	0.2102231	-0.04206581	10.00	38.64192
0	10.00	-48.11708	0	0.00	0.2268957	-0.04542147	10.00	38.50874
0	10.00	-47.90032	0	0.00	0.2167645	-0.04773472	10.00	38.38402
0	10.00	-47.69981	0	0.00	0.2005094	-0.04940611	10.00	38.28264
0	10.00	-47.53691	0	0.00	0.1628989	-0.05091649	10.00	38.17752
0	10.00	-47.3698	0	0.00	0.1671145	-0.05244435	10.00	38.08228
0	10.00	-47.21825	0	0.00	0.1515432	-0.05359942	10.00	37.97215
0	10.00	-47.04487	0	0.00	0.1733841	-0.05517803	10.00	37.87279
0	10.00	-46.88956	0	0.00	0.1553143	-0.05679495	10.00	37.7696
0	10.00	-46.72946	0	0.00	0.1600961	-0.05808129	10.00	37.67174
0	10.00	-46.57891	0	0.00	0.1505551	-0.05945693	10.00	37.56909
0	10.00	-46.42111	0	0.00	0.1577972	-0.06083369	10.00	37.46576
0	10.00	-46.26208	0	0.00	0.1590245	-0.0620038	10.00	37.35513
0	10.00	-46.09105	0	0.00	0.1710357	-0.06278805	10.00	37.25819
0	10.00	-45.94027	0	0.00	0.1507802	-0.06390962	10.00	37.153
0	10.00	-45.77615	0	0.00	0.1641149	-0.06538961	10.00	37.03739
0	10.00	-45.59549	0	0.00	0.1806658	-0.0671609	10.00	36.91317
0	10.00	-45.40141	0	0.00	0.194077	-0.06873938	10.00	36.79942
0	10.00	-45.22357	0	0.00	0.1778375	-0.06987549	10.00	36.69712
0	10.00	-45.06432	0	0.00	0.1592482	-0.07050554	10.00	36.60012
0	10.00	-44.91386	0	0.00	0.1504588	-0.07082568	10.00	36.51263
0	10.00	-44.77911	0	0.00	0.1347544	-0.0710554	10.00	36.42094
0	10.00	-44.63931	0	0.00	0.1398066	-0.07133044	10.00	36.32176
0	10.00	-44.48902	0	0.00	0.1502876	-0.07144028	10.00	36.23441
0	10.00	-44.3573	0	0.00	0.1317209	-0.07147853	10.00	36.13706
0	10.00	-44.21067	0	0.00	0.1466212	-0.07152817	10.00	36.04179
0	10.00	-44.06784	0	0.00	0.1428303	-0.07178327	10.00	35.93872
0	10.00	-43.91417	0	0.00	0.153675	-0.07166629	10.00	35.82956
0	10.00	-43.75197	0	0.00	0.162201	-0.07147628	10.00	35.73291
0	10.00	-43.60896	0	0.00	0.1430058	-0.07140122	10.00	35.63404
0	10.00	-43.46282	0	0.00	0.1461413	-0.071271	10.00	35.54222
0	10.00	-43.32669	0	0.00	0.1361261	-0.07114577	10.00	35.44817
0	10.00	-43.18708	0	0.00	0.1396169	-0.07103112	10.00	35.35651
0	10.00	-43.0513	0	0.00	0.1357821	-0.07091441	10.00	35.26437
0	10.00	-42.91517	0	0.00	0.1361219	-0.07076494	10.00	35.17045
0	10.00	-42.77681	0	0.00	0.1383684	-0.07050399	10.00	35.07822
0	10.00	-42.64116	0	0.00	0.1356477	-0.07032306	10.00	34.97232
0	10.00	-42.48612	0	0.00	0.1550397	-0.07024766	10.00	34.86832
0	10.00	-42.3348	0	0.00	0.1513167	-0.07014595	10.00	34.7659
0	10.00	-42.18652	0	0.00	0.1482845	-0.07007361	10.00	34.66515
0	10.00	-42.04157	0	0.00	0.144948	-0.07016414	10.00	34.56135
0	10.00	-41.89359	0	0.00	0.1479844	-0.07020628	10.00	34.46235
0	10.00	-41.75299	0	0.00	0.1405894	-0.07035245	10.00	34.36227
0	10.00	-41.61179	0	0.00	0.141201	-0.07055741	10.00	34.26498
0	10.00	-41.4747	0	0.00	0.1370887	-0.07083286	10.00	34.15881
0	10.00	-41.32541	0	0.00	0.1492995	-0.07103804	10.00	34.05347
0.0003941887	10.00	-41.17737	0.0003941887	0.00	0.1480354	-0.07126723	10.00	33.95387
0.00618397	10.00	-41.0375	0.005789781	0.00	0.1398689	-0.07145473	10.00	33.83195
0.02319905	10.00	-40.86648	0.01701508	0.00	0.1710201	-0.07160597	10.00	33.70694
0.0422991	10.00	-40.69153	0.01910006	0.00	0.1749497	-0.07171594	10.00	33.58297
0.06115112	10.00	-40.51886	0.01885201	0.00	0.1726777	-0.07197652	10.00	33.46378
0.07917972	10.00	-40.35372	0.0180286	0.00	0.1651355	-0.07210199	10.00	33.37181
0.0929999	10.00	-40.22713	0.01382018	0.00	0.126588	-0.07219746	10.00	33.27502
0.1074772	10.00	-40.09452	0.01447731	0.00	0.132607	-0.07233886	10.00	33.17712
0.1220491	10.00	-39.96105	0.01457189	0.00	0.1334733	-0.07245717	10.00	33.08126
0.1362787	10.00	-39.83071	0.01422957	0.00	0.1303378	-0.07261969	10.00	32.96711
0.1532222	10.00	-39.67551	0.01694354	0.00	0.1551968	-0.07283299	10.00	32.8629
0.1618325	10.00	-39.53381	0.008610264	0.00	0.1417092	-0.0730373	10.00	32.7692
0.1618325	10.00	-39.40638	0	0.00	0.1274288	-0.07325207	10.00	32.67058
0.1618325	10.00	-39.27217	0	0.00	0.1342094	-0.07344017	10.00	32.57286
0.1618325	10.00	-39.13921	0	0.00	0.1329552	-0.0735953	10.00	32.4766
0.1618325	10.00	-39.00822	0	0.00	0.1309947	-0.07372507	10.00	32.38576
0.1618325	10.00	-38.88456	0	0.00	0.1236563	-0.07387887	10.00	32.28401
0.1618325	10.00	-38.74612	0	0.00	0.138442	-0.07399359	10.00	32.18575
0.1618325	10.00	-38.61242	0	0.00	0.1336984	-0.07412869	10.00	32.08542
0.1618325	10.00	-38.47606	0	0.00	0.1363583	-0.07425271	10.00	31.98148
0.1618325	10.00	-38.33482	0	0.00	0.1412449	-0.0743631	10.00	31.87965
0.1618325	10.00	-38.19656	0	0.00	0.1382636	-0.07448409	10.00	31.78354
0.1618325	10.00	-38.06611	0	0.00	0.1304454	-0.07456744	10.00	31.68125
0.1618325	10.00	-37.92733	0	0.00	0.1387832	-0.07461944	10.00	31.58434
0.1736441	10.00	-37.79581	0.01181164	0.00	0.1315198	-0.07468839	10.00	31.47459
0.1956695	10.00	-37.64689	0.02202535	0.00	0.1489144	-0.07474999	10.00	31.37402
0.2198182	10.00	-37.51042	0.02414878	0.00	0.1364687	-0.07477029	10.00	31.27101
0.2458826	10.00	-37.37077	0.02606438	0.00	0.1396523	-0.07481432	10.00	31.17587
0.2724475	10.00	-37.24182	0.02656484	0.00	0.1289534	-0.07485159	10.00	31.07943
0.2993637	10.00	-37.11116	0.02691623	0.00	0.1306592	-0.07487336	10.00	30.9763
0.3281189	10.00	-36.97157	0.02875515	0.00	0.1395858	-0.07492926	10.00	30.86654
0.3587179	10.00	-36.82304	0.03059902	0.00	0.1485365	-0.07499833	10.00	30.76491
0.3870432	10.00	-36.68554	0.02832531	0.00	0.1374992	-0.07506488	10.00	30.65841
0.4167143	10.00	-36.5415	0.02967111	0.00	0.1440321	-0.0751367	10.00	30.55181
0.4464081	10.00	-36.39736	0.02969385	0.00	0.1441425	-0.07518981	10.00	30.43198
0.4797961	10.00	-36.23529	0.03338801	0.00	0.1620751	-0.07522266	10.00	30.31506
0.5123706	10.00	-36.07716	0.03257441	0.00	0.1581256	-0.07526021	10.00	30.19209
0.5466264	10.00	-35.91087	0.03425586	0.00	0.1662878	-0.07534747	10.00	30.07793
0.5784246	10.00	-35.75652	0.03179814	0.00	0.1543573	-0.07540398	10.00	29.97088
0.6082357	10.00	-35.6118	0.02981108	0.00	0.1447116	-0.07546209	10.00	29.84517
0.6432468	10.00	-35.44185	0.03501114	0.00	0.1699542	-0.07551934	10.00	29.73273
0.6730915	10.00	-35.28983	0.02984469	0.00	0.1520202	-0.07557924	10.00	29.62939
0.700515	10.00	-35.15014	0.02742356	0.00	0.1396877	-0.07563145	10.00	29.52319
0.7287025	10.00	-35.00657	0.02818753	0.00	0.1435791	-0.07568108	10.00	29.41471
0.7574871	10.00	-34.85994	0.02878447	0.00	0.1466198	-0.07575402	10.00	29.31028
0.7851949	10.00	-34.71881	0.02770787	0.00	0.1411359	-0.07583518	10.00	29.20667
0.8126893	10.00	-34.57876	0.02749443	0.00	0.1400487	-0.07586274	10.00	29.10148
0.8406056	10.00	-34.43656	0.02791629	0.00	0.1421975	-0.07588742	10.00	28.99212
0.8696355	10.00	-34.28869	0.02902987	0.00	0.1478698	-0.07591434	10.00	28.88621
0.8977491	10.00	-34.14549	0.02811361	0.00	0.1432026	-0.07593129	10.00	28.78148
0.9255534	10.00	-34.00386	0.0278043	0.00	0.1416271	-0.07592875	10.00	28.67212
0.9545838	10.00	-33.85599	0.02903042	0.00	0.1478726	-0.07593288	10.00	28.56022
0.9843004	10.00	-33.70462	0.02971657	0.00	0.1513676	-0.07591442	10.00	28.45028
1.013516	10.00	-33.55581	0.02921523	0.00	0.1488139	-0.07586765	10.00	28.33764
1.043476	10.00	-33.4032	0.02996058	0.00	0.1526105	-0.07580224	10.00	28.22995
1.072128	10.00	-33.25726	0.02865136	0.00	0.1459417	-0.07575142	10.00	28.12018
1.101336	10.00	-33.10847	0.02920856	0.00	0.14878	-0.07572309	10.00	28.01148
1.130275	10.00	-32.96107	0.02893927	0.00	0.1474083	-0.07564762	10.00	27.90449
1.158769	10.00	-32.81593	0.02849323	0.00	0.1451363	-0.07557493	10.00	27.79582
1.187717	10.00	-32.66848	0.02894844	0.00	0.147455	-0.07548983	10.00	27.6853
1.217211	10.00	-32.51824	0.02949397	0.00	0.1502338	-0.07541812	10.00	27.57684
1.246179	10.00	-32.37069	0.02896817	0.00	0.1475555	-0.07531176	10.00	27.46725
1.275462	10.00	-32.22153	0.02928276	0.00	0.1491579	-0.07522721	10.00	27.35911
1.304284	10.00	-32.07472	0.02882171	0.00	0.1468095	-0.07512614	10.00	27.24834
1.333879	10.00	-31.92397	0.02959485	0.00	0.1507476	-0.07502985	10.00	27.13693
1.363682	10.00	-31.77216	0.02980384	0.00	0.1518121	-0.0750993	10.00	27.01857
1.395359	10.00	-31.61081	0.03167665	0.00	0.1613517	-0.07524733	10.00	26.89423
1.428732	10.00	-31.44081	0.03337327	0.00	0.1699938	-0.07539668	10.00	26.75218
1.466913	10.00	-31.24633	0.03818078	0.00	0.1944819	-0.07567973	10.00	26.61731
1.503184	10.00	-31.06158	0.03627129	0.00	0.1847554	-0.07577942	10.00	26.50643
1.532975	10.00	-30.90983	0.02979105	0.00	0.151747	-0.07573029	10.00	26.39546
1.562764	10.00	-30.7581	0.02978855	0.00	0.1517343	-0.07548757	10.00	26.28978
1.59113	10.00	-30.61361	0.02836595	0.00	0.1444879	-0.07519326	10.00	26.17734
1.621199	10.00	-30.46044	0.03006924	0.00	0.153164	-0.07501473	10.00	26.06648
1.650756	10.00	-30.30989	0.02955706	0.00	0.1505551	-0.07496685	10.00	25.95736
1.67977	10.00	-30.1621	0.02901347	0.00	0.1477862	-0.07502495	10.00	25.84607
1.709318	10.00	-30.01159	0.02954872	0.00	0.1505126	-0.07504685	10.00	25.73572
1.738634	10.00	-29.86226	0.02931556	0.00	0.149325	-0.07505723	10.00	25.62222
1.7688	10.00	-29.7086	0.0301665	0.00	0.1536595	-0.07506824	10.00	25.51507
1.797288	10.00	-29.5635	0.02848767	0.00	0.145108	-0.07503229	10.00	25.40329
1.827011	10.00	-29.4121	0.02972241	0.00	0.1513974	-0.07498935	10.00	25.29317
1.856269	10.00	-29.26307	0.02925831	0.00	0.1490334	-0.07505072	10.00	25.18585
1.884774	10.00	-29.11787	0.02850546	0.00	0.1451986	-0.07503354	10.00	25.07191
1.915041	10.00	-28.9637	0.03026655	0.00	0.1541691	-0.07506786	10.00	24.9607
1.944572	10.00	-28.81328	0.02953093	0.00	0.150422	-0.07508353	10.00	24.84636
1.974907	10.00	-28.65876	0.03033492	0.00	0.1545173	-0.0751054	10.00	24.73842
2.009189	10.00	-28.51291	0.03428194	0.00	0.1458483	-0.07512562	10.00	24.63126
2.044623	10.00	-28.36813	0.03543435	0.00	0.1447866	-0.07515588	10.00	24.52407
2.080063	10.00	-28.22332	0.03543954	0.00	0.1448079	-0.07519071	10.00	24.40952
2.120925	10.00	-28.06859	0.04086271	0.00	0.154724	-0.07521582	10.00	24.30204
2.166286	10.00	-27.92344	0.04536082	0.00	0.1451476	-0.07524151	10.00	24.18609
2.227349	10.00	-27.76686	0.06106327	0.00	0.1565812	-0.07527291	10.00	24.07172
2.299547	10.00	-27.61241	0.07219733	0.00	0.1544522	-0.07531396	10.00	23.95418
2.387583	10.00	-27.45521	0.08803674	0.00	0.1572057	-0.07535461	10.00	23.84243
2.468361	10.00	-27.30574	0.08077808	0.00	0.1494632	-0.07540319	10.00	23.72955
2.530755	10.00	-27.16808	0.06239371	0.00	0.1376646	-0.07544831	10.00	23.5834
2.603868	10.00	-27.01283	0.07311302	0.00	0.1552518	-0.07547539	10.00	23.42877
2.677174	10.00	-26.84858	0.07330615	0.00	0.1642442	-0.07549135	10.00	23.29942
2.738487	10.00	-26.71121	0.06131279	0.00	0.1373727	-0.07549139	10.00	23.1759
2.797044	10.00	-26.58001	0.05855721	0.00	0.1311988	-0.07554013	10.00	23.06014
2.851912	10.00	-26.45708	0.05486786	0.00	0.1229327	-0.07559173	10.00	22.94539
2.906336	10.00	-26.33514	0.05442385	0.00	0.1219379	-0.07562493	10.00	22.82866
2.963297	10.00	-26.21705	0.05696133	0.00	0.1180868	-0.07567314	10.00	22.72258
3.015093	10.00	-26.11662	0.0517959	0.00	0.1004305	-0.07574386	10.00	22.60815
3.073989	10.00	-26.01424	0.05889572	0.00	0.1023833	-0.07583231	10.00	22.49537
3.132091	10.00	-25.91324	0.05810221	0.00	0.1010039	-0.07590387	10.00	22.38263
3.190267	10.00	-25.81211	0.05817542	0.00	0.1011312	-0.07595441	10.00	22.26881
3.24909	10.00	-25.70985	0.05882304	0.00	0.102257	-0.07596997	10.00	22.15171
3.30813	10.00	-25.60453	0.05903981	0.00	0.1053153	-0.07602116	10.00	22.04146
3.363707	10.00	-25.50539	0.05557777	0.00	0.09913971	-0.07602969	10.00	21.9288
3.420537	10.00	-25.40402	0.05682954	0.00	0.1013726	-0.07603355	10.00	21.81032
3.480253	10.00	-25.2975	0.05971606	0.00	0.1065216	-0.07600703	10.00	21.69646
3.537636	10.00	-25.19514	0.05738355	0.00	0.1023609	-0.07587986	10.00	21.58274
3.594843	10.00	-25.09309	0.05720623	0.00	0.1020446	-0.07578694	10.00	21.46669
3.653088	10.00	-24.98919	0.05824499	0.00	0.1038975	-0.07569451	10.00	21.35731
3.707877	10.00	-24.87572	0.05478978	0.00	0.1134803	-0.07550834	10.00	21.24286
3.765126	10.00	-24.74966	0.0572482	0.00	0.1260507	-0.0754744	10.00	21.12944
3.82187	10.00	-24.62472	0.05674403	0.00	0.1249406	-0.07542541	10.00	21.01339
3.879954	10.00	-24.49076	0.05808393	0.00	0.1339611	-0.07539823	10.00	20.90726
3.933067	10.00	-24.36827	0.05311358	0.00	0.1224978	-0.07540217	10.00	20.79111
3.991191	10.00	-24.23421	0.05812433	0.00	0.1340542	-0.07543813	10.00	20.67419
4.049652	10.00	-24.09938	0.05846062	0.00	0.1348298	-0.07547637	10.00	20.55809
4.107684	10.00	-23.96554	0.05803199	0.00	0.1338413	-0.07552164	10.00	20.42859
4.172407	10.00	-23.81627	0.06472261	0.00	0.1492721	-0.07556029	10.00	20.31876
4.2273	10.00	-23.68966	0.05489366	0.00	0.1266032	-0.07559857	10.00	20.1994
4.286945	10.00	-23.5521	0.05964523	0.00	0.1375619	-0.07563125	10.00	20.06
4.356607	10.00	-23.39144	0.069662	0.00	0.160664	-0.07567804	10.00	19.92156
4.425796	10.00	-23.22464	0.06918826	0.00	0.166802	-0.07570814	10.00	19.79922
4.486933	10.00	-23.07565	0.06113676	0.00	0.1489884	-0.07571107	10.00	19.68465
4.542683	10.00	-22.93614	0.05574993	0.00	0.1395057	-0.07571808	10.00	19.56823
4.599322	10.00	-22.79441	0.05663945	0.00	0.1417316	-0.07573134	10.00	19.45505
4.654388	10.00	-22.65662	0.05506581	0.00	0.1377938	-0.07574067	10.00	19.34105
4.708399	10.00	-22.51327	0.05401116	0.00	0.1433473	-0.07575023	10.00	19.22316
4.764303	10.00	-22.36336	0.05590406	0.00	0.1499123	-0.07575046	10.00	19.10962
4.818242	10.00	-22.21872	0.05393856	0.00	0.1446416	-0.07576358	10.00	19.00232
4.869265	10.00	-22.08189	0.05102338	0.00	0.1368243	-0.07583398	10.00	18.89424
4.920717	10.00	-21.94392	0.05145198	0.00	0.1379736	-0.07575002	10.00	18.77978
4.975267	10.00	-21.79764	0.05455064	0.00	0.1462829	-0.07564964	10.00	18.66766
5.028811	10.00	-21.65405	0.05354328	0.00	0.1435816	-0.07566261	10.00	18.55494
5.082747	10.00	-21.50942	0.05393658	0.00	0.1446363	-0.07571512	10.00	18.43944
5.138077	10.00	-21.36105	0.05532978	0.00	0.1483723	-0.07566573	10.00	18.32686
5.192074	10.00	-21.21625	0.05399724	0.00	0.1447989	-0.07554851	10.00	18.21169
5.247323	10.00	-21.06809	0.05524823	0.00	0.1481536	-0.07546164	10.00	18.10174
5.300055	10.00	-20.92669	0.05273231	0.00	0.1414069	-0.07531129	10.00	17.98828
5.354418	10.00	-20.7809	0.05436319	0.00	0.1457803	-0.0751574	10.00	17.8739
5.40909	10.00	-20.6343	0.05467196	0.00	0.1466083	-0.07503297	10.00	17.76399
5.461569	10.00	-20.49357	0.05247874	0.00	0.1407269	-0.07495084	10.00	17.6447
5.518408	10.00	-20.34115	0.05683883	0.00	0.1524189	-0.07482286	10.00	17.5308
5.572597	10.00	-20.19584	0.05418867	0.00	0.1453123	-0.07465063	10.00	17.3941
5.637481	10.00	-20.02184	0.06488479	0.00	0.173995	-0.07453827	10.00	17.27633
5.693308	10.00	-19.87214	0.0558265	0.00	0.1497043	-0.07448283	10.00	17.1594
5.74869	10.00	-19.72363	0.05538199	0.00	0.1485123	-0.07448852	10.00	17.04381
5.80192	10.00	-19.57684	0.05323056	0.00	0.1467896	-0.07446317	10.00	16.92733
5.855551	10.00	-19.42894	0.05363091	0.00	0.1478936	-0.07443576	10.00	16.79552
5.916242	10.00	-19.26158	0.06069064	0.00	0.1673616	-0.07442986	10.00	16.67056
5.973774	10.00	-19.10293	0.05753283	0.00	0.1586536	-0.07443265	10.00	16.54113
6.033356	10.00	-18.93863	0.05958147	0.00	0.164303	-0.07442918	10.00	16.42138
6.088482	10.00	-18.78661	0.05512593	0.00	0.1520163	-0.07440992	10.00	16.30574
6.141701	10.00	-18.63985	0.05321896	0.00	0.1467576	-0.07437429	10.00	16.19382
6.193228	10.00	-18.49776	0.05152716	0.00	0.1420923	-0.07435954	10.00	16.08474
6.243437	10.00	-18.3593	0.05020911	0.00	0.1384576	-0.07432628	10.00	15.96887
6.296783	10.00	-18.21219	0.05334564	0.00	0.1471069	-0.07430895	10.00	15.85336
6.349943	10.00	-18.0656	0.05316046	0.00	0.1465963	-0.07429788	10.00	15.74048
6.401906	10.00	-17.92231	0.0519628	0.00	0.1432936	-0.07428446	10.00	15.62308
6.455925	10.00	-17.77334	0.05401869	0.00	0.1489629	-0.07426114	10.00	15.50757
6.509086	10.00	-17.62675	0.05316094	0.00	0.1465976	-0.07426665	10.00	15.39712
6.559911	10.00	-17.48659	0.0508251	0.00	0.1401563	-0.07427497	10.00	15.28138
6.613179	10.00	-17.35631	0.05326779	0.00	0.1302815	-0.07428963	10.00	15.169
6.664895	10.00	-17.23129	0.05171572	0.00	0.1250194	-0.07428126	10.00	15.05549
6.718605	10.00	-17.10799	0.05371034	0.00	0.1233006	-0.07427234	10.00	14.94589
6.770466	10.00	-16.99179	0.05186169	0.00	0.1161973	-0.07426256	10.00	14.83502
6.822932	10.00	-16.87424	0.05246532	0.00	0.1175498	-0.07424436	10.00	14.71588
6.880862	10.00	-16.7557	0.05793056	0.00	0.118542	-0.07423265	10.00	14.60162
6.936428	10.00	-16.64199	0.055566	0.00	0.1137035	-0.07422138	10.00	14.48638
6.992481	10.00	-16.5273	0.0560524	0.00	0.1146988	-0.07418703	10.00	14.34624
7.060663	10.00	-16.38778	0.06818274	0.00	0.1395208	-0.07415016	10.00	14.22782
7.118323	10.00	-16.26979	0.05765925	0.00	0.1179869	-0.07413206	10.00	14.11688
7.172366	10.00	-16.1592	0.05404294	0.00	0.1105869	-0.07411418	10.00	14.0079
7.225495	10.00	-16.05048	0.05312992	0.00	0.1087186	-0.07414264	10.00	13.89575
7.280221	10.00	-15.9385	0.05472502	0.00	0.1119826	-0.07416826	10.00	13.79595
7.328963	10.00	-15.83876	0.0487421	0.00	0.09973989	-0.07420266	10.00	13.69171
7.379941	10.00	-15.73444	0.05097893	0.00	0.1043171	-0.07425261	10.00	13.5904
7.429489	10.00	-15.63306	0.04954732	0.00	0.1013876	-0.07429526	10.00	13.48655
7.48029	10.00	-15.5291	0.05080164	0.00	0.1039543	-0.07432948	10.00	13.35633
7.543931	10.00	-15.39888	0.06364013	0.00	0.1302254	-0.07434089	10.00	13.24285
7.599332	10.00	-15.28105	0.05540097	0.00	0.1178246	-0.07434652	10.00	13.12632
7.656143	10.00	-15.14956	0.05681112	0.00	0.1314924	-0.07432604	10.00	13.01594
7.7099	10.00	-15.02225	0.05375784	0.00	0.1273098	-0.07430016	10.00	12.91678
7.758141	10.00	-14.90801	0.04824038	0.00	0.1142433	-0.07426618	10.00	12.81949
7.805441	10.00	-14.79599	0.04730028	0.00	0.112017	-0.07423259	10.00	12.71873
7.854419	10.00	-14.68	0.04897764	0.00	0.1159893	-0.07419831	10.00	12.6113
7.906633	10.00	-14.55635	0.05221383	0.00	0.1236533	-0.0741597	10.00	12.5135
7.95417	10.00	-14.44377	0.04753684	0.00	0.1125772	-0.0741275	10.00	12.40956
8.004691	10.00	-14.32412	0.05052114	0.00	0.1196446	-0.07409538	10.00	12.30717
8.054451	10.00	-14.20628	0.04976038	0.00	0.117843	-0.07406437	10.00	12.20937
8.101986	10.00	-14.09371	0.0475348	0.00	0.1125723	-0.07398786	10.00	12.10208
8.154133	10.00	-13.97021	0.0521469	0.00	0.1234948	-0.07392616	10.00	11.98603
8.210537	10.00	-13.83664	0.05640392	0.00	0.1335763	-0.07386925	10.00	11.88677
8.258775	10.00	-13.7224	0.04823834	0.00	0.1142385	-0.07381772	10.00	11.78556
8.307962	10.00	-13.60591	0.04918712	0.00	0.1164854	-0.07377263	10.00	11.68107
8.358744	10.00	-13.48565	0.0507812	0.00	0.1202605	-0.0737123	10.00	11.57698
8.409325	10.00	-13.36587	0.05058092	0.00	0.1197862	-0.07364749	10.00	11.47002
8.461304	10.00	-13.24277	0.05197932	0.00	0.1230979	-0.07357996	10.00	11.36832
8.510732	10.00	-13.12571	0.04942776	0.00	0.1170553	-0.07352233	10.00	11.24754
8.569417	10.00	-12.98674	0.05868519	0.00	0.1389788	-0.07347111	10.00	11.13943
8.621943	10.00	-12.8553	0.05252652	0.00	0.1314396	-0.073429	10.00	11.03852
8.670976	10.00	-12.7326	0.04903282	0.00	0.1226972	-0.07338263	10.00	10.93638
8.720595	10.00	-12.60843	0.04961936	0.00	0.1241649	-0.07331684	10.00	10.82965
8.772447	10.00	-12.47868	0.05185108	0.00	0.1297494	-0.07324728	10.00	10.72874
8.821468	10.00	-12.35602	0.04902158	0.00	0.122669	-0.07318231	10.00	10.62827
8.870284	10.00	-12.23386	0.04881619	0.00	0.1221551	-0.07310052	10.00	10.51311
8.926234	10.00	-12.09385	0.05595022	0.00	0.1400069	-0.07303452	10.00	10.40953
8.976559	10.00	-11.96387	0.05032443	0.00	0.1299795	-0.07298141	10.00	10.30831
9.025734	10.00	-11.83554	0.04917537	0.00	0.1283309	-0.07292616	10.00	10.20393
9.076444	10.00	-11.70321	0.05070916	0.00	0.1323336	-0.07286905	10.00	10.08525
9.134089	10.00	-11.55277	0.05764648	0.00	0.1504376	-0.0727997	10.00	9.962535
9.193698	10.00	-11.39722	0.05960792	0.00	0.1555563	-0.07273104	10.00	9.838233
9.254079	10.00	-11.23478	0.06038145	0.00	0.1624346	-0.07266586	10.00	9.723686
9.309719	10.00	-11.08361	0.05563957	0.00	0.151171	-0.07261266	10.00	9.621963
9.359132	10.00	-10.94936	0.04941346	0.00	0.1342548	-0.07256947	10.00	9.524837
9.405043	10.00	-10.82118	0.0459105	0.00	0.128176	-0.07251359	10.00	9.414203
9.45734	10.00	-10.67517	0.05229775	0.00	0.1460084	-0.07246259	10.00	9.316078
9.503731	10.00	-10.54565	0.04639082	0.00	0.129517	-0.07239012	10.00	9.210762
9.553535	10.00	-10.40661	0.04980322	0.00	0.139044	-0.07233531	10.00	9.11276
9.599875	10.00	-10.27723	0.04634109	0.00	0.1293782	-0.07228544	10.00	9.011525
9.64773	10.00	-10.14363	0.04785412	0.00	0.1336024	-0.07224806	10.00	8.90951
9.69329	10.00	-10.00901	0.04556008	0.00	0.1346199	-0.07220491	10.00	8.794536
9.746126	10.00	-9.857316	0.05283602	0.00	0.1516929	-0.07216787	10.00	8.695129
9.79181	10.00	-9.726156	0.04568442	0.00	0.1311606	-0.07211731	10.00	8.595239
9.837724	10.00	-9.594338	0.04591312	0.00	0.1318172	-0.07206823	10.00	8.493124
9.884661	10.00	-9.459581	0.0469372	0.00	0.1347573	-0.07202435	10.00	8.389308
9.932375	10.00	-9.322594	0.0477142	0.00	0.1369881	-0.07198519	10.00	8.282149
9.98162	10.00	-9.181211	0.04924499	0.00	0.141383	-0.07194633	10.00	8.170491
10.03293	10.00	-9.033886	0.05131441	0.00	0.1473244	-0.07190893	10.00	8.058952
10.08419	10.00	-8.88672	0.0512593	0.00	0.1471661	-0.07185979	10.00	7.955968
10.13153	10.00	-8.750824	0.04733368	0.00	0.1358956	-0.07179105	10.00	7.852434
10.17911	10.00	-8.614201	0.04758704	0.00	0.136623	-0.07172981	10.00	7.751213
10.22563	10.00	-8.480644	0.04651897	0.00	0.1335566	-0.071739	10.00	7.649399
10.27361	10.00	-8.346704	0.04797495	0.00	0.1339397	-0.07178371	10.00	7.545261
10.3228	10.00	-8.209355	0.04919611	0.00	0.137349	-0.07183924	10.00	7.442761
10.36858	10.00	-8.0741	0.04577525	0.00	0.1352557	-0.07184951	10.00	7.339949
10.41584	10.00	-7.938421	0.04725825	0.00	0.1356791	-0.07186566	10.00	7.237288
10.46303	10.00	-7.802938	0.04719007	0.00	0.1354833	-0.07188533	10.00	7.124101
10.51506	10.00	-7.653562	0.05202904	0.00	0.1493761	-0.07188997	10.00	7.026136
10.56008	10.00	-7.5243	0.04502298	0.00	0.1292616	-0.07190495	10.00	6.92423
10.60691	10.00	-7.389851	0.04682986	0.00	0.1344492	-0.0719275	10.00	6.827332
10.65271	10.00	-7.261987	0.04579863	0.00	0.1278637	-0.07195926	10.00	6.715318
10.70565	10.00	-7.111251	0.05294562	0.00	0.1507363	-0.07200016	10.00	6.587844
10.76923	10.00	-6.939721	0.06357104	0.00	0.1715297	-0.07203069	10.00	6.462605
10.83494	10.00	-6.7712	0.06571976	0.00	0.1685216	-0.07204156	10.00	6.353762
10.90199	10.00	-6.624728	0.06704841	0.00	0.1464712	-0.07207065	10.00	6.240534
10.96879	10.00	-6.47236	0.06679721	0.00	0.1523685	-0.07208778	10.00	6.142004
11.02692	10.00	-6.339763	0.05812959	0.00	0.1325971	-0.0720989	10.00	6.04338
11.08253	10.00	-6.207047	0.05561158	0.00	0.132716	-0.07210656	10.00	5.946117
11.13611	10.00	-6.076168	0.05357436	0.00	0.1308786	-0.0720984	10.00	5.847666
11.19033	10.00	-5.943704	0.05422335	0.00	0.132464	-0.07208851	10.00	5.749378
11.24446	10.00	-5.811458	0.05413412	0.00	0.132246	-0.07206775	10.00	5.652045
11.29807	10.00	-5.680495	0.05360913	0.00	0.1309635	-0.07206015	10.00	5.5541
11.36733	10.00	-5.548703	0.06926159	0.00	0.1317916	-0.07205883	10.00	5.455798
11.44709	10.00	-5.416443	0.07975312	0.00	0.1322602	-0.07205828	10.00	5.356288
11.51615	10.00	-5.28256	0.06906402	0.00	0.1338824	-0.07204671	10.00	5.258002
11.57285	10.00	-5.150316	0.05669456	0.00	0.1322446	-0.07203269	10.00	5.160118
11.62676	10.00	-5.018613	0.05391161	0.00	0.1317025	-0.07200339	10.00	5.055805
11.68285	10.00	-4.878266	0.05609139	0.00	0.1403474	-0.07197179	10.00	4.961956
11.72964	10.00	-4.752007	0.04679336	0.00	0.1262596	-0.07193276	10.00	4.865355
11.77529	10.00	-4.622039	0.04565046	0.00	0.1299669	-0.0718886	10.00	4.766897
11.81669	10.00	-4.489577	0.04139657	0.00	0.1324626	-0.07185045	10.00	4.669118
11.85398	10.00	-4.358027	0.0372899	0.00	0.1315496	-0.07183048	10.00	4.570505
11.89158	10.00	-4.225365	0.03760529	0.00	0.1326622	-0.07177252	10.00	4.4717
11.92927	10.00	-4.092437	0.03768073	0.00	0.1329283	-0.07171708	10.00	4.373549
11.95902	10.00	-3.960395	0.02975824	0.00	0.1320422	-0.07165386	10.00	4.275191
11.98628	10.00	-3.828076	0.027258	0.00	0.1323182	-0.07159163	10.00	4.177323
12.01213	10.00	-3.696415	0.02584783	0.00	0.1316614	-0.07152647	10.00	4.078738
12.0356	10.00	-3.563794	0.02346794	0.00	0.1326212	-0.07146268	10.00	3.980681
12.05638	10.00	-3.431886	0.0207872	0.00	0.1319077	-0.07140339	10.00	3.882066
12.06316	10.00	-3.299224	0.006776017	0.00	0.1326622	-0.07134559	10.00	3.784168
12.06316	10.00	-3.167533	0	0.00	0.1316911	-0.07129715	10.00	3.685632
12.06316	10.00	-3.034975	0	0.00	0.1325575	-0.07124706	10.00	3.58763
12.06316	10.00	-2.903137	0	0.00	0.1318383	-0.07119632	10.00	3.489182
12.06316	10.00	-2.770701	0	0.00	0.1324357	-0.07114444	10.00	3.389743
12.06316	10.00	-2.636931	0	0.00	0.1337706	-0.07109241	10.00	3.277827
12.06316	10.00	-2.486378	0	0.00	0.1505523	-0.07104949	10.00	3.17213
12.06316	10.00	-2.344202	0	0.00	0.1421763	-0.07100324	10.00	3.065087
12.06316	10.00	-2.200217	0	0.00	0.1439854	-0.07094297	10.00	2.947742
12.06316	10.00	-2.042376	0	0.00	0.1578411	-0.07089372	10.00	2.853448
12.06316	10.00	-1.91554	0	0.00	0.1268357	-0.07084068	10.00	2.752644
12.06316	10.00	-1.779952	0	0.00	0.1355882	-0.07079419	10.00	2.653849
12.06316	10.00	-1.647064	0	0.00	0.1328873	-0.07076234	10.00	2.555954
12.06316	10.00	-1.515375	0	0.00	0.1316897	-0.07073311	10.00	2.45699
12.06316	10.00	-1.382248	0	0.00	0.1331265	-0.07070558	10.00	2.359123
12.06316	10.00	-1.250598	0	0.00	0.1316501	-0.07067435	10.00	2.26139
12.06316	10.00	-1.119128	0	0.00	0.1314703	-0.07063241	10.00	2.162713
12.06316	10.00	-0.986409	0	0.00	0.1327188	-0.07058935	10.00	2.064207
12.06316	10.00	-0.8539209	0	0.00	0.1324881	-0.07055383	10.00	1.95404
12.06316	10.00	-0.705744	0	0.00	0.1481769	-0.07052466	10.00	1.85878
12.06316	10.00	-0.5776159	0	0.00	0.1281281	-0.07049233	10.00	1.760429
12.06316	10.00	-0.4453316	0	0.00	0.1322843	-0.07045983	10.00	1.665343
12.06316	10.00	-0.3174413	0	0.00	0.1278903	-0.07042513	10.00	1.565452
12.06316	10.00	-0.1830861	0	0.00	0.1343552	-0.07038833	10.00	1.475123
12.06316	10.00	-0.06158995	0	0.00	0.1214961	-0.07034189	10.00	1.376873
12.06316	10.00	0.07055558	0	0.00	0.1321455	-0.07030667	10.00	1.279593
12.06316	10.00	0.2013974	0	0.00	0.1308418	-0.07027537	10.00	1.17977
12.06316	10.00	0.3356648	0	0.00	0.1342675	-0.07024328	10.00	1.081848
12.06316	10.00	0.4673744	0	0.00	0.1317095	-0.07021023	10.00	0.9834383
12.06316	10.00	0.5997393	0	0.00	0.1323649	-0.0701757	10.00	0.8852757
12.06316	10.00	0.7317674	0	0.00	0.132028	-0.07012805	10.00	0.7872351
12.06316	10.00	0.8636481	0	0.00	0.1318808	-0.07007849	10.00	0.6883878
12.06316	10.00	0.9966133	0	0.00	0.1329651	-0.07002786	10.00	0.5906585
12.06316	10.00	1.128074	0	0.00	0.1314604	-0.06997584	10.00	0.4919571
12.06316	10.00	1.260841	0	0.00	0.132767	-0.069916	10.00	0.3942148
12.06316	10.00	1.392317	0	0.00	0.131476	-0.0698497	10.00	0.2958171
12.06316	10.00	1.524679	0	0.00	0.1323621	-0.06979934	10.00	0.1973863
12.06316	10.00	1.657088	0	0.00	0.1324088	-0.06976283	10.00	0.09884653
12.06316	10.00	1.789627	0	0.00	0.132539	-0.06973223	10.00	-0.006885041
12.06316	10.00	1.93184	0	0.00	0.1422131	-0.06970704	10.00	-0.1138692
12.06316	10.00	2.07574	0	0.00	0.1439005	-0.06968339	10.00	-0.2190231
12.06278	10.00	2.21718	-0.0003766271	0.00	0.1414402	-0.06966922	10.00	-0.3112872
12.06005	10.00	2.341287	-0.002733888	0.00	0.1241065	-0.06964414	10.00	-0.4044408
12.05365	10.00	2.466581	-0.006399677	0.00	0.1252941	-0.06961287	10.00	-0.4986262
12.03982	10.00	2.593278	-0.01383208	0.00	0.126697	-0.06958161	10.00	-0.5907203
12.02149	10.00	2.717159	-0.01832281	0.00	0.1238814	-0.06953843	10.00	-0.6867996
11.99361	10.00	2.846462	-0.02788889	0.00	0.129303	-0.06948763	10.00	-0.7847267
11.96389	10.00	2.978308	-0.02971389	0.00	0.1318454	-0.06941524	10.00	-0.883727
11.93384	10.00	3.111671	-0.03005589	0.00	0.1333629	-0.06933764	10.00	-0.9819486
11.89758	10.00	3.244091	-0.03625446	0.00	0.1324201	-0.06924886	10.00	-1.087318
11.85867	10.00	3.386222	-0.03891313	0.00	0.142131	-0.06914595	10.00	-1.179763
11.81967	10.00	3.511001	-0.03899528	0.00	0.1247789	-0.06903929	10.00	-1.275223
11.77439	10.00	3.639937	-0.04528849	0.00	0.1289364	-0.06890781	10.00	-1.372931
11.72802	10.00	3.771942	-0.04636645	0.00	0.1320054	-0.06878369	10.00	-1.471143
11.68397	10.00	3.904654	-0.04404449	0.00	0.1327118	-0.06865409	10.00	-1.568981
11.63245	10.00	4.036778	-0.0515256	0.00	0.1321243	-0.06854099	10.00	-1.66661
11.57212	10.00	4.168563	-0.06032549	0.00	0.1317845	-0.06841702	10.00	-1.764678
11.50515	10.00	4.30088	-0.06697518	0.00	0.1323168	-0.06827082	10.00	-1.862803
11.43562	10.00	4.433185	-0.06953164	0.00	0.1323055	-0.06813915	10.00	-1.960592
11.36127	10.00	4.564933	-0.07434133	0.00	0.1317478	-0.06799444	10.00	-2.059302
11.28627	10.00	4.69785	-0.07500111	0.00	0.132917	-0.06790065	10.00	-2.158588
11.21087	10.00	4.831475	-0.07540049	0.00	0.1336248	-0.06782672	10.00	-2.255376
11.13741	10.00	4.961668	-0.07346428	0.00	0.1301934	-0.06772509	10.00	-2.353516
11.06289	10.00	5.093726	-0.07451626	0.00	0.1320578	-0.06760578	10.00	-2.450406
10.98928	10.00	5.224188	-0.07361605	0.00	0.1304624	-0.06749679	10.00	-2.548324
10.91486	10.00	5.356064	-0.07441321	0.00	0.1318751	-0.06738698	10.00	-2.651807
10.83619	10.00	5.495485	-0.07867144	0.00	0.1394216	-0.06728813	10.00	-2.746479
10.75926	10.00	5.623074	-0.07693625	0.00	0.1275888	-0.06717033	10.00	-2.844585
10.6795	10.00	5.755332	-0.07975141	0.00	0.1322574	-0.06703672	10.00	-2.942205
10.6001	10.00	5.88702	-0.07940827	0.00	0.1316883	-0.06688479	10.00	-3.040649
10.51998	10.00	6.019875	-0.08011163	0.00	0.1328547	-0.06674481	10.00	-3.136509
10.44194	10.00	6.149299	-0.07804336	0.00	0.1294248	-0.06659757	10.00	-3.236492
10.36054	10.00	6.284296	-0.08140311	0.00	0.1349965	-0.06644581	10.00	-3.354518
10.2645	10.00	6.443562	-0.09603801	0.00	0.1592666	-0.06629815	10.00	-3.47656
10.16527	10.00	6.60813	-0.09923473	0.00	0.1645679	-0.06619325	10.00	-3.568576
10.09048	10.00	6.732159	-0.07478946	0.00	0.1240286	-0.06608381	10.00	-3.676962
10.00243	10.00	6.878173	-0.08804665	0.00	0.1460139	-0.06600153	10.00	-3.773837
9.923787	10.00	7.00859	-0.07864174	0.00	0.1304171	-0.06592519	10.00	-3.873989
9.842535	10.00	7.143337	-0.08125289	0.00	0.1347474	-0.0658415	10.00	-3.97172
9.763265	10.00	7.274796	-0.07926998	0.00	0.131459	-0.06575573	10.00	-4.070749
9.682942	10.00	7.408	-0.08032247	0.00	0.1332044	-0.06566451	10.00	-4.171871
9.600923	10.00	7.544019	-0.08201942	0.00	0.1360185	-0.0655774	10.00	-4.267496
9.523361	10.00	7.672644	-0.07756108	0.00	0.128625	-0.06548969	10.00	-4.364706
9.44451	10.00	7.803409	-0.07885172	0.00	0.1307653	-0.0653954	10.00	-4.463104
9.364697	10.00	7.93577	-0.07981373	0.00	0.1323607	-0.06528814	10.00	-4.561481
9.284893	10.00	8.068113	-0.07980348	0.00	0.1323437	-0.06518497	10.00	-4.660036
9.204945	10.00	8.200697	-0.07994773	0.00	0.1325829	-0.06508131	10.00	-4.757688
9.125727	10.00	8.332069	-0.07921791	0.00	0.1313726	-0.06498842	10.00	-4.856346
9.045708	10.00	8.464771	-0.08001944	0.00	0.1327018	-0.06489091	10.00	-4.952823
8.967455	10.00	8.594543	-0.0782525	0.00	0.1297716	-0.0647874	10.00	-5.052579
8.886512	10.00	8.728776	-0.08094303	0.00	0.1342335	-0.06468713	10.00	-5.150316
8.807201	10.00	8.860303	-0.07931095	0.00	0.1315269	-0.06457613	10.00	-5.249654
8.726596	10.00	8.993976	-0.080605	0.00	0.1336729	-0.06446277	10.00	-5.346803
8.647769	10.00	9.124701	-0.07882696	0.00	0.1307243	-0.0643482	10.00	-5.445939
8.567336	10.00	9.258089	-0.08043344	0.00	0.1333884	-0.06422988	10.00	-5.543736
8.488012	10.00	9.389637	-0.07932376	0.00	0.1315482	-0.06397922	10.00	-5.643443
8.407116	10.00	9.523792	-0.08089609	0.00	0.1341556	-0.06370514	10.00	-5.738767
8.329651	10.00	9.652259	-0.07746548	0.00	0.1284664	-0.06339054	10.00	-5.837083
8.249643	10.00	9.784941	-0.08000749	0.00	0.132682	-0.06304024	10.00	-5.935654
8.169261	10.00	9.918244	-0.08038222	0.00	0.1333035	-0.06263627	10.00	-6.033679
8.089269	10.00	10.0509	-0.07999212	0.00	0.1326565	-0.06218944	10.00	-6.131274
8.009641	10.00	10.18295	-0.07962764	0.00	0.1320521	-0.06170703	10.00	-6.229207
7.929694	10.00	10.31553	-0.07994688	0.00	0.1325815	-0.06123513	10.00	-6.326066
7.850597	10.00	10.44671	-0.0790967	0.00	0.1311716	-0.06075771	10.00	-6.424111
7.770525	10.00	10.5795	-0.08007237	0.00	0.1327896	-0.06032033	10.00	-6.522126
7.690451	10.00	10.71229	-0.08007407	0.00	0.1327924	-0.05988472	10.00	-6.627063
7.604773	10.00	10.85437	-0.08567792	0.00	0.1420857	-0.05949656	10.00	-6.734329
7.517346	10.00	10.99936	-0.08742695	0.00	0.1449862	-0.05912363	10.00	-6.851726
7.42169	10.00	11.15799	-0.09565645	0.00	0.1586338	-0.05888424	10.00	-6.9479
7.343341	10.00	11.28793	-0.07834895	0.00	0.1299316	-0.05853399	10.00	-7.059392
7.252473	10.00	11.43862	-0.09086779	0.00	0.1506924	-0.05820595	10.00	-7.158525
7.171608	10.00	11.57272	-0.0808645	0.00	0.1341033	-0.05781984	10.00	-7.258964
7.089624	10.00	11.70868	-0.08198442	0.00	0.1359605	-0.05747494	10.00	-7.351054
7.014447	10.00	11.83335	-0.07517699	0.00	0.1246713	-0.05706637	10.00	-7.449999
6.933687	10.00	11.96728	-0.0807595	0.00	0.1339291	-0.056683	10.00	-7.547782
6.853949	10.00	12.09952	-0.07973861	0.00	0.1322361	-0.05633374	10.00	-7.645889
6.773923	10.00	12.23223	-0.08002541	0.00	0.1327118	-0.0560357	10.00	-7.743032
6.694642	10.00	12.36371	-0.07928193	0.00	0.1314788	-0.05578053	10.00	-7.840719
6.614866	10.00	12.49601	-0.07977531	0.00	0.132297	-0.05553522	10.00	-7.938371
6.535107	10.00	12.62828	-0.0797591	0.00	0.1322701	-0.05526426	10.00	-8.036427
6.455001	10.00	12.76112	-0.08010565	0.00	0.1328448	-0.05502411	10.00	-8.13344
6.375816	10.00	12.89244	-0.07918548	0.00	0.1313188	-0.05477192	10.00	-8.230008
6.297055	10.00	13.02306	-0.07876123	0.00	0.1306153	-0.05451282	10.00	-8.328651
6.216616	10.00	13.15645	-0.08043855	0.00	0.1333969	-0.054237	10.00	-8.426248
6.136993	10.00	13.2885	-0.07962251	0.00	0.1320436	-0.05395467	10.00	-8.523948
6.057278	10.00	13.42069	-0.07971556	0.00	0.1321979	-0.05366347	10.00	-8.621575
5.97762	10.00	13.5528	-0.07965837	0.00	0.1321031	-0.05332386	10.00	-8.720686
5.896762	10.00	13.68689	-0.08085767	0.00	0.1340919	-0.05301331	10.00	-8.817599
5.81773	10.00	13.81795	-0.07903183	0.00	0.131064	-0.0527504	10.00	-8.915459
5.737976	10.00	13.95021	-0.07975397	0.00	0.1322616	-0.05247628	10.00	-9.013906
5.657784	10.00	14.0832	-0.08019187	0.00	0.1329878	-0.05220819	10.00	-9.111273
5.578537	10.00	14.21462	-0.07924694	0.00	0.1314207	-0.05189747	10.00	-9.209309
5.498776	10.00	14.3469	-0.0797608	0.00	0.1322729	-0.05158402	10.00	-9.307
5.419309	10.00	14.47868	-0.07946801	0.00	0.1317874	-0.05126936	10.00	-9.405514
5.339186	10.00	14.61156	-0.08012272	0.00	0.1328731	-0.05098013	10.00	-9.503079
5.259861	10.00	14.74311	-0.07932547	0.00	0.131551	-0.05069886	10.00	-9.600053
5.181017	10.00	14.87386	-0.07884318	0.00	0.1307512	-0.05042974	10.00	-9.698964
5.10058	10.00	15.00725	-0.0804377	0.00	0.1333955	-0.05015118	10.00	-9.797598
5.020365	10.00	15.14028	-0.08021492	0.00	0.133026	-0.0498301	10.00	-9.906909
4.931471	10.00	15.2877	-0.08889342	0.00	0.1474182	-0.04950656	10.00	-10.01313
4.845086	10.00	15.43096	-0.08638555	0.00	0.1432592	-0.04919594	10.00	-10.11755
4.760173	10.00	15.57177	-0.08491225	0.00	0.1408159	-0.04887355	10.00	-10.22838
4.670052	10.00	15.72123	-0.09012175	0.00	0.1494552	-0.04856307	10.00	-10.33635
4.582277	10.00	15.86679	-0.08777436	0.00	0.1455624	-0.04828669	10.00	-10.43445
4.502557	10.00	15.999	-0.07971983	0.00	0.132205	-0.04798809	10.00	-10.53166
4.427356	10.00	16.13002	-0.07520104	0.00	0.131023	-0.04768046	10.00	-10.63041
4.350967	10.00	16.26311	-0.07638887	0.00	0.1330925	-0.0473644	10.00	-10.72863
4.27112	10.00	16.39553	-0.07984786	0.00	0.1324173	-0.04704766	10.00	-10.82676
4.191312	10.00	16.52788	-0.07980775	0.00	0.1323508	-0.04672668	10.00	-10.92442
4.111862	10.00	16.65964	-0.07945009	0.00	0.1317577	-0.04639739	10.00	-11.02292
4.031748	10.00	16.79249	-0.08011334	0.00	0.1328576	-0.04606714	10.00	-11.12117
3.951843	10.00	16.92501	-0.0799059	0.00	0.1325136	-0.04574804	10.00	-11.21935
3.872003	10.00	17.05741	-0.07983933	0.00	0.1324032	-0.0454501	10.00	-11.31669
3.792844	10.00	17.18869	-0.07915901	0.00	0.1312749	-0.04516317	10.00	-11.41462
3.713191	10.00	17.32078	-0.07965325	0.00	0.1320946	-0.04488025	10.00	-11.51274
3.633371	10.00	17.45315	-0.0798197	0.00	0.1323706	-0.04459498	10.00	-11.61125
3.553237	10.00	17.58604	-0.08013383	0.00	0.1328915	-0.0442716	10.00	-11.70844
3.474199	10.00	17.71712	-0.07903866	0.00	0.1310754	-0.04394443	10.00	-11.80658
3.40337	10.00	17.84945	-0.07082865	0.00	0.1323352	-0.04360462	10.00	-11.90455
3.336535	10.00	17.98149	-0.06683546	0.00	0.1320408	-0.04324405	10.00	-12.00342
3.274262	10.00	18.11471	-0.0622725	0.00	0.1332199	-0.0428777	10.00	-12.10122
3.217766	10.00	18.2465	-0.05649672	0.00	0.1317831	-0.0425094	10.00	-12.19951
3.185357	10.00	18.37892	-0.03240818	0.00	0.1324216	-0.04212112	10.00	-12.29763
3.159402	10.00	18.51113	-0.02595566	0.00	0.1322106	-0.04173654	10.00	-12.39518
3.1336	10.00	18.64255	-0.02580142	0.00	0.131425	-0.04135431	10.00	-12.49315
3.103853	10.00	18.77455	-0.02974771	0.00	0.1319955	-0.04097658	10.00	-12.59155
3.070133	10.00	18.90709	-0.03371958	0.00	0.1325362	-0.04058782	10.00	-12.68881
3.034257	10.00	19.03812	-0.03587543	0.00	0.1310357	-0.0401767	10.00	-12.78768
2.997792	10.00	19.17131	-0.03646491	0.00	0.1331888	-0.03971611	10.00	-12.88586
2.961521	10.00	19.30379	-0.03627113	0.00	0.132481	-0.03923919	10.00	-12.98428
2.925191	10.00	19.43649	-0.03633081	0.00	0.132699	-0.03872113	10.00	-13.08163
2.889248	10.00	19.56777	-0.03594286	0.00	0.131282	-0.038197	10.00	-13.17959
2.853064	10.00	19.69994	-0.03618431	0.00	0.1321639	-0.03988098	10.00	-13.29076
2.811937	10.00	19.85015	-0.04112689	0.00	0.1502168	-0.03975837	10.00	-13.40193
2.770832	10.00	20.00029	-0.0411048	0.00	0.1501361	-0.0393121	10.00	-13.51096
2.73054	10.00	20.14746	-0.04029208	0.00	0.1471676	-0.03886076	10.00	-13.61492
2.692111	10.00	20.28782	-0.03842869	0.00	0.1403615	-0.03940103	10.00	-13.71668
2.654543	10.00	20.42504	-0.03756791	0.00	0.1372175	-0.03996471	10.00	-13.8148
2.618195	10.00	20.5578	-0.03634825	0.00	0.1327627	-0.04096883	10.00	-13.91409
2.581628	10.00	20.69136	-0.03656723	0.00	0.1335625	-0.04082655	10.00	-14.0106
2.545848	10.00	20.82205	-0.0357797	0.00	0.1306861	-0.04035768	10.00	-14.10903
2.509304	10.00	20.95552	-0.03654397	0.00	0.1334776	-0.03978979	10.00	-14.20687
2.472915	10.00	21.08843	-0.03638856	0.00	0.1329099	-0.03974183	10.00	-14.30414
2.436757	10.00	21.2205	-0.03615874	0.00	0.1320705	-0.03945427	10.00	-14.40075
2.400647	10.00	21.3524	-0.03610951	0.00	0.1318907	-0.03917138	10.00	-14.49718
2.364493	10.00	21.48445	-0.03615408	0.00	0.1320535	-0.03837721	10.00	-14.59234
2.328557	10.00	21.61571	-0.03593589	0.00	0.1312565	-0.03802178	10.00	-14.68936
2.292149	10.00	21.74869	-0.03640794	0.00	0.1329807	-0.0376207	10.00	-14.78648
2.255854	10.00	21.88126	-0.03629516	0.00	0.1325688	-0.03709967	10.00	-14.88292
2.219686	10.00	22.01336	-0.03616804	0.00	0.1321045	-0.03664398	10.00	-14.97921
2.183507	10.00	22.1455	-0.03617889	0.00	0.1321441	-0.03626188	10.00	-15.07524
2.147406	10.00	22.27736	-0.03610099	0.00	0.1318596	-0.03595842	10.00	-15.17162
2.111203	10.00	22.4096	-0.03620331	0.00	0.1322333	-0.03578818	10.00	-15.26846
2.075015	10.00	22.54177	-0.0361878	0.00	0.1321767	-0.03545482	10.00	-15.36404
2.039217	10.00	22.67253	-0.0357983	0.00	0.130754	-0.03491914	10.00	-15.46036
2.003059	10.00	22.8046	-0.03615796	0.00	0.1320677	-0.0338926	10.00	-15.55815
1.966212	10.00	22.93918	-0.03684704	0.00	0.1345846	-0.03305615	10.00	-15.65418
1.930277	10.00	23.07043	-0.03593472	0.00	0.1312523	-0.03230281	10.00	-15.75151
1.893972	10.00	23.20304	-0.03630485	0.00	0.1326042	-0.03212139	10.00	-15.84929
1.857737	10.00	23.33539	-0.03623509	0.00	0.1323494	-0.03171181	10.00	-15.9463
1.821616	10.00	23.46732	-0.03612153	0.00	0.1319346	-0.03114493	10.00	-16.04308
1.785512	10.00	23.59919	-0.03610331	0.00	0.1318681	-0.03029849	10.00	-16.1402
1.749311	10.00	23.73141	-0.03620098	0.00	0.1322248	-0.02934542	10.00	-16.23746
1.713066	10.00	23.8638	-0.03624555	0.00	0.1323876	-0.028424	10.00	-16.33558
1.67651	10.00	23.99732	-0.03655599	0.00	0.1335215	-0.02746267	10.00	-16.43157
1.640737	10.00	24.12798	-0.03577233	0.00	0.1306592	-0.02659063	10.00	-16.52777
1.604887	10.00	24.25892	-0.03584985	0.00	0.1309423	-0.0258184	10.00	-16.62578
1.568343	10.00	24.3924	-0.03654475	0.00	0.1334804	-0.02507531	10.00	-16.72695
1.53057	10.00	24.53037	-0.03777254	0.00	0.137965	-0.02432926	10.00	-16.83061
1.49179	10.00	24.67201	-0.03877982	0.00	0.141644	-0.02359082	10.00	-16.92167
1.457734	10.00	24.7964	-0.03405621	0.00	0.124391	-0.02255138	10.00	-17.01247
1.423632	10.00	24.92096	-0.03410233	0.00	0.1245594	-0.0214687	10.00	-17.10893
1.387289	10.00	25.05371	-0.03634283	0.00	0.1327429	-0.02035589	10.00	-17.20508
1.351007	10.00	25.18623	-0.03628237	0.00	0.1325221	-0.01911379	10.00	-17.30132
1.314543	10.00	25.31941	-0.03646413	0.00	0.133186	-0.01756899	10.00	-17.39564
1.278558	10.00	25.45085	-0.03598472	0.00	0.1314349	-0.01590632	10.00	-17.49019
1.242222	10.00	25.58357	-0.03633585	0.00	0.1327174	-0.01534183	10.00	-17.58551
1.205943	10.00	25.71607	-0.03627849	0.00	0.1325079	-0.01422333	10.00	-17.67784
1.169986	10.00	25.84741	-0.03595798	0.00	0.1313372	-0.01261173	10.00	-17.76921
1.133487	10.00	25.98072	-0.03649824	0.00	0.1333105	-0.01154573	10.00	-17.83773
1.105671	10.00	26.08232	-0.02781608	0.00	0.1015988	-0.01076144	10.00	-17.90933
1.076	10.00	26.1907	-0.02967134	0.00	0.1083752	-0.009685555	10.00	-17.98551
1.043722	10.00	26.30859	-0.03227808	0.00	0.1178963	-0.008250866	10.00	-18.0693
1.007478	10.00	26.44097	-0.03624361	0.00	0.1323805	-0.006911273	10.00	-18.15072
0.9712163	10.00	26.57342	-0.03626183	0.00	0.132447	-0.005470464	10.00	-18.22983
0.9351173	10.00	26.70527	-0.03609905	0.00	0.1318525	-0.004184573	10.00	-18.30843
20.62086
