0.02428567	10.00	-49.93574	0.02428567	0.00	0.06425946	-40	10.00	0
0.07716946	10.00	-49.79581	0.0528838	0.00	0.1399296	-39.99796	10.00	-0.0003266335
0.08802354	10.00	-49.76709	0.01085408	0.00	0.02871971	-39.98983	10.00	-0.001268497
0.1236926	10.00	-49.67271	0.0356691	0.00	0.09437982	-39.98158	10.00	-0.001747535
0.1469506	10.00	-49.61117	0.02325791	0.00	0.06154005	-39.97079	10.00	-0.002162493
0.1714959	10.00	-49.54623	0.02454536	0.00	0.0649466	-39.95791	10.00	-0.002578295
0.1958508	10.00	-49.48178	0.02435492	0.00	0.0644427	-39.9427	10.00	-0.002882847
0.2205315	10.00	-49.41648	0.02468071	0.00	0.06530475	-39.92547	10.00	-0.003214102
0.2449164	10.00	-49.35196	0.02438482	0.00	0.06452183	-39.90612	10.00	-0.003492575
0.2692466	10.00	-49.28758	0.02433026	0.00	0.06437746	-39.88398	10.00	-0.003769031
0.2942941	10.00	-49.2213	0.02504743	0.00	0.06627508	-39.86055	10.00	-0.004002938
0.3183326	10.00	-49.1577	0.02403857	0.00	0.06360564	-39.83424	10.00	-0.00423347
0.3430962	10.00	-49.09217	0.02476361	0.00	0.06552408	-39.80601	10.00	-0.004440124
0.367597	10.00	-49.02734	0.02450077	0.00	0.06482861	-39.77589	10.00	-0.004623266
0.3918512	10.00	-48.96317	0.02425419	0.00	0.06417617	-39.74334	10.00	-0.004787078
0.416332	10.00	-48.89839	0.02448083	0.00	0.06477586	-39.70809	10.00	-0.00493167
0.4411764	10.00	-48.83265	0.0248444	0.00	0.06573786	-39.67163	10.00	-0.005050843
0.4653325	10.00	-48.76874	0.02415608	0.00	0.06391659	-39.63271	10.00	-0.005149878
0.4897037	10.00	-48.70425	0.02437118	0.00	0.06448574	-39.59136	10.00	-0.005228116
0.5142333	10.00	-48.63935	0.02452962	0.00	0.06490496	-39.54774	10.00	-0.00528497
0.5388075	10.00	-48.57433	0.02457421	0.00	0.06502295	-39.50228	10.00	-0.005319889
0.563195	10.00	-48.5098	0.02438745	0.00	0.06452876	-39.45419	10.00	-0.005333607
0.5878201	10.00	-48.44978	0.0246251	0.00	0.06001062	-39.40464	10.00	-0.005329389
0.6167756	10.00	-48.4349	0.02895558	0.00	0.0148855	-39.35513	10.00	-0.005325207
0.6393251	10.00	-48.4349	0.02254945	0.00	0	-39.30583	10.00	-0.005320952
0.6535017	10.00	-48.4349	0.01417664	0.00	0	-39.25553	10.00	-0.005316698
0.6535017	10.00	-48.4349	0	0.00	0	-39.20626	10.00	-0.005312516
0.6535017	10.00	-48.4349	0	0.00	0	-39.15682	10.00	-0.005308261
0.6535017	10.00	-48.4349	0	0.00	0	-39.10736	10.00	-0.005304116
0.6535017	10.00	-48.4349	0	0.00	0	-39.05534	10.00	-0.005299642
0.6535017	10.00	-48.4349	0	0.00	0	-39.00796	10.00	-0.00529568
0.6535017	10.00	-48.4349	0	0.00	0	-38.95826	10.00	-0.005291425
0.6535017	10.00	-48.4349	0	0.00	0	-38.90759	10.00	-0.005287134
0.6535017	10.00	-48.4349	0	0.00	0	-38.85902	10.00	-0.005282989
0.6535017	10.00	-48.4349	0	0.00	0	-38.80983	10.00	-0.005278808
0.6535017	10.00	-48.4349	0	0.00	0	-38.75843	10.00	-0.005274442
0.6535017	10.00	-48.4349	0	0.00	0	-38.71067	10.00	-0.005270334
0.6535017	10.00	-48.4349	0	0.00	0	-38.6611	10.00	-0.005266153
0.6535017	10.00	-48.4349	0	0.00	0	-38.61001	10.00	-0.005261935
0.6535017	10.00	-48.4349	0	0.00	0	-38.56212	10.00	-0.00525779
0.6535017	10.00	-48.4349	0	0.00	0	-38.51246	10.00	-0.005253608
0.6535017	10.00	-48.4349	0	0.00	0	-38.46262	10.00	-0.005249427
0.6535017	10.00	-48.4349	0	0.00	0	-38.41307	10.00	-0.005245099
0.6535017	10.00	-48.4349	0	0.00	0	-38.36378	10.00	-0.005240954
0.6535017	10.00	-48.4349	0	0.00	0	-38.31406	10.00	-0.005236772
0.6535017	10.00	-48.4349	0	0.00	0	-38.26448	10.00	-0.005232591
0.6535017	10.00	-48.4349	0	0.00	0	-38.21545	10.00	-0.005228336
0.6535017	10.00	-48.42586	0	0.00	0.00903701	-38.16592	10.00	-0.005224191
0.6535017	10.00	-48.38796	0	0.00	0.03790113	-38.11624	10.00	-0.00522001
0.6535017	10.00	-48.32877	0	0.00	0.05918638	-38.06647	10.00	-0.005215755
0.6535017	10.00	-48.26563	0	0.00	0.06314801	-38.0168	10.00	-0.0052115
0.6535017	10.00	-48.20005	0	0.00	0.06557948	-37.96735	10.00	-0.005207318
0.6535017	10.00	-48.13411	0	0.00	0.06593899	-37.91767	10.00	-0.005203137
0.6535017	10.00	-48.06787	0	0.00	0.06623484	-37.86815	10.00	-0.005198882
0.6535017	10.00	-48.00185	0	0.00	0.06602251	-37.81895	10.00	-0.005194664
0.6535017	10.00	-47.93625	0	0.00	0.06560066	-37.76852	10.00	-0.005190372
0.6535017	10.00	-47.869	0	0.00	0.06725123	-37.71954	10.00	-0.005186228
0.6535017	10.00	-47.8037	0	0.00	0.06529915	-37.66983	10.00	-0.005182046
0.6535017	10.00	-47.73741	0	0.00	0.06628722	-37.61975	10.00	-0.005177754
0.6535017	10.00	-47.67064	0	0.00	0.06676994	-37.57069	10.00	-0.00517361
0.6535017	10.00	-47.60523	0	0.00	0.06540956	-37.52171	10.00	-0.005169538
0.6535017	10.00	-47.53993	0	0.00	0.06530481	-37.46996	10.00	-0.005165137
0.6535017	10.00	-47.47093	0	0.00	0.06900088	-37.42146	10.00	-0.005160918
0.6535017	10.00	-47.40626	0	0.00	0.06467063	-37.37249	10.00	-0.005156847
0.6535017	10.00	-47.34097	0	0.00	0.06529348	-37.32283	10.00	-0.005152592
0.6535017	10.00	-47.27475	0	0.00	0.06620936	-37.27326	10.00	-0.005148337
0.6535017	10.00	-47.20866	0	0.00	0.06609329	-37.22366	10.00	-0.005144156
0.6535017	10.00	-47.14252	0	0.00	0.06614425	-37.17404	10.00	-0.005139974
0.6535017	10.00	-47.07636	0	0.00	0.06615699	-37.12437	10.00	-0.00513572
0.6535017	10.00	-47.01012	0	0.00	0.06623484	-37.0745	10.00	-0.005131465
0.6535017	10.00	-46.94363	0	0.00	0.06648965	-37.02567	10.00	-0.005127393
0.6535017	10.00	-46.87854	0	0.00	0.06509955	-36.97583	10.00	-0.005123138
0.6535017	10.00	-46.81207	0	0.00	0.06646559	-36.9245	10.00	-0.00511881
0.6535017	10.00	-46.74363	0	0.00	0.06844173	-36.87632	10.00	-0.005114776
0.6535017	10.00	-46.67941	0	0.00	0.0642219	-36.82729	10.00	-0.00511052
0.6535017	10.00	-46.61402	0	0.00	0.06538408	-36.77739	10.00	-0.005106339
0.6535017	10.00	-46.54749	0	0.00	0.06652928	-36.72752	10.00	-0.005102084
0.6535017	10.00	-46.48098	0	0.00	0.06650947	-36.6782	10.00	-0.005097903
0.6535017	10.00	-46.41524	0	0.00	0.06574506	-36.62803	10.00	-0.005093648
0.6535017	10.00	-46.34835	0	0.00	0.06688742	-36.57943	10.00	-0.005089576
0.6535017	10.00	-46.28355	0	0.00	0.06480228	-36.52954	10.00	-0.005085395
0.6535017	10.00	-46.21703	0	0.00	0.06651937	-36.47826	10.00	-0.005080993
0.6535017	10.00	-46.14865	0	0.00	0.06838228	-36.43077	10.00	-0.005077032
0.6535017	10.00	-46.08533	0	0.00	0.0633131	-36.381	10.00	-0.005072777
0.6535017	10.00	-46.01897	0	0.00	0.06636366	-36.33075	10.00	-0.005068522
0.6535017	10.00	-45.95198	0	0.00	0.06699076	-36.28168	10.00	-0.005064341
0.6535017	10.00	-45.88655	0	0.00	0.06543221	-36.23232	10.00	-0.005060196
0.6535017	10.00	-45.82073	0	0.00	0.06581725	-36.18095	10.00	-0.005055721
0.6535017	10.00	-45.75225	0	0.00	0.06848419	-36.13312	10.00	-0.00505176
0.6535017	10.00	-45.68847	0	0.00	0.06377599	-36.08375	10.00	-0.005047505
0.6535017	10.00	-45.62265	0	0.00	0.06582433	-36.03408	10.00	-0.005043323
0.6535017	10.00	-45.55643	0	0.00	0.06622069	-35.98446	10.00	-0.005039068
0.6535017	10.00	-45.49026	0	0.00	0.06616832	-35.93501	10.00	-0.00503485
0.6535017	10.00	-45.42432	0	0.00	0.06593191	-35.8855	10.00	-0.005030669
0.6535017	10.00	-45.35831	0	0.00	0.06601685	-35.83585	10.00	-0.005026487
0.6535017	10.00	-45.29212	0	0.00	0.06619097	-35.78629	10.00	-0.005022306
0.6535017	10.00	-45.22603	0	0.00	0.06609046	-35.73674	10.00	-0.005017978
0.6535017	10.00	-45.15997	0	0.00	0.06606214	-35.68653	10.00	-0.005013722
0.6535017	10.00	-45.09303	0	0.00	0.0669398	-35.63549	10.00	-0.005009505
0.6535017	10.00	-45.02497	0	0.00	0.06805811	-35.58779	10.00	-0.005005433
0.6535017	10.00	-44.96137	0	0.00	0.06359763	-35.53866	10.00	-0.005001288
0.6535017	10.00	-44.89586	0	0.00	0.06550866	-35.48798	10.00	-0.00499707
0.6535017	10.00	-44.82829	0	0.00	0.06756973	-35.43943	10.00	-0.004992852
0.6535017	10.00	-44.76356	0	0.00	0.06473292	-35.38961	10.00	-0.00498867
0.6535017	10.00	-44.69713	0	0.00	0.0664302	-35.33863	10.00	-0.004984379
0.6535017	10.00	-44.62917	0	0.00	0.06796185	-35.28999	10.00	-0.004980161
0.6535017	10.00	-44.56431	0	0.00	0.06485607	-35.24059	10.00	-0.004975979
0.6535017	10.00	-44.49843	0	0.00	0.06587812	-35.18992	10.00	-0.004971834
0.6535017	10.00	-44.43088	0	0.00	0.0675485	-35.14191	10.00	-0.004967726
0.6535017	10.00	-44.36687	0	0.00	0.0640138	-35.09216	10.00	-0.004963545
0.6535017	10.00	-44.30053	0	0.00	0.06634243	-35.04228	10.00	-0.004959216
0.6535017	10.00	-44.23403	0	0.00	0.06649673	-34.99297	10.00	-0.004955035
0.6535017	10.00	-44.16828	0	0.00	0.0657493	-34.94386	10.00	-0.004950963
0.6535017	10.00	-44.10279	0	0.00	0.06549025	-34.86515	10.00	-0.004944251
0.6535017	10.00	-43.99784	0	0.00	0.1049452	-34.79467	10.00	-0.004938272
0.6535017	10.00	-43.90388	0	0.00	0.09396742	-34.74456	10.00	-0.004934054
0.6535017	10.00	-43.83706	0	0.00	0.06681948	-34.69574	10.00	-0.004929836
0.6535017	10.00	-43.77198	0	0.00	0.06508256	-34.64601	10.00	-0.004925654
0.6535017	10.00	-43.70567	0	0.00	0.06630845	-34.59669	10.00	-0.004921473
0.6535017	10.00	-43.63992	0	0.00	0.06575355	-34.54712	10.00	-0.004917328
0.6535017	10.00	-43.57381	0	0.00	0.06609895	-34.49773	10.00	-0.004913073
0.6535017	10.00	-43.50796	0	0.00	0.06585547	-34.44788	10.00	-0.004908892
0.6535017	10.00	-43.44149	0	0.00	0.06646417	-34.39848	10.00	-0.004904637
0.6535017	10.00	-43.37563	0	0.00	0.06586114	-34.34834	10.00	-0.004900455
0.6535017	10.00	-43.30877	0	0.00	0.06685911	-34.29939	10.00	-0.004896201
0.6535017	10.00	-43.24351	0	0.00	0.06526659	-34.24968	10.00	-0.004892019
0.6535017	10.00	-43.17724	0	0.00	0.06627165	-34.20023	10.00	-0.004887874
0.6535017	10.00	-43.1113	0	0.00	0.06593757	-34.15058	10.00	-0.004883619
0.6535017	10.00	-43.04509	0	0.00	0.06620511	-34.1009	10.00	-0.004879365
0.6535017	10.00	-42.97886	0	0.00	0.06623343	-34.04982	10.00	-0.004874963
0.6535017	10.00	-42.91075	0	0.00	0.0681119	-34.00175	10.00	-0.004870928
0.6535017	10.00	-42.84665	0	0.00	0.06409732	-33.95197	10.00	-0.004866747
0.6535017	10.00	-42.78028	0	0.00	0.06637216	-33.90229	10.00	-0.004862492
0.6535017	10.00	-42.71404	0	0.00	0.06623767	-33.85293	10.00	-0.00485831
0.6535017	10.00	-42.64823	0	0.00	0.06581017	-33.80359	10.00	-0.004854092
0.6535017	10.00	-42.58244	0	0.00	0.06579319	-33.75373	10.00	-0.004849911
0.6535017	10.00	-42.51596	0	0.00	0.06648257	-33.70429	10.00	-0.004845729
0.6535017	10.00	-42.45004	0	0.00	0.06591775	-33.65452	10.00	-0.004841548
0.6535017	10.00	-42.38367	0	0.00	0.06636225	-33.60505	10.00	-0.004837293
0.6535017	10.00	-42.31772	0	0.00	0.06595173	-33.55556	10.00	-0.004833038
0.6535017	10.00	-42.25173	0	0.00	0.06599136	-33.5057	10.00	-0.004828783
0.6535017	10.00	-42.18526	0	0.00	0.06647266	-33.45658	10.00	-0.004824712
0.6535017	10.00	-42.11976	0	0.00	0.06549875	-33.4069	10.00	-0.004820457
0.6535017	10.00	-42.05352	0	0.00	0.06624334	-33.35733	10.00	-0.004816202
0.6535017	10.00	-41.98742	0	0.00	0.0660947	-33.30779	10.00	-0.00481202
0.6535017	10.00	-41.92138	0	0.00	0.06604657	-33.25816	10.00	-0.004807839
0.6535017	10.00	-41.8552	0	0.00	0.06617822	-33.20816	10.00	-0.004803584
0.6535017	10.00	-41.78854	0	0.00	0.0666581	-33.15921	10.00	-0.004799329
0.6535017	10.00	-41.72327	0	0.00	0.06527225	-33.10933	10.00	-0.004795221
0.6535017	10.00	-41.65676	0	0.00	0.06650805	-33.05815	10.00	-0.004790857
0.6535017	10.00	-41.58852	0	0.00	0.06823505	-33.01051	10.00	-0.004786822
0.6535017	10.00	-41.525	0	0.00	0.06352402	-32.96077	10.00	-0.00478264
0.6535017	10.00	-41.45869	0	0.00	0.06631553	-32.91044	10.00	-0.004778348
0.6535017	10.00	-41.39158	0	0.00	0.06710684	-32.86148	10.00	-0.00477413
0.6535017	10.00	-41.32629	0	0.00	0.06528924	-32.81232	10.00	-0.004769986
0.6535017	10.00	-41.26076	0	0.00	0.06553131	-32.76095	10.00	-0.004765657
0.6535017	10.00	-41.19226	0	0.00	0.06849835	-32.71281	10.00	-0.004761586
0.6535017	10.00	-41.12806	0	0.00	0.064195	-32.66357	10.00	-0.004757368
0.6535017	10.00	-41.06241	0	0.00	0.06565304	-32.61388	10.00	-0.004753186
0.6535017	10.00	-40.99616	0	0.00	0.06624758	-32.5642	10.00	-0.004749005
0.6535017	10.00	-40.92992	0	0.00	0.06624334	-32.5147	10.00	-0.00474475
0.6535017	10.00	-40.86392	0	0.00	0.06600127	-32.46513	10.00	-0.004740422
0.6535017	10.00	-40.79783	0	0.00	0.06608763	-32.41545	10.00	-0.00473624
0.6535017	10.00	-40.73158	0	0.00	0.06625041	-32.36591	10.00	-0.004732022
0.6535017	10.00	-40.66553	0	0.00	0.06604799	-32.3145	10.00	-0.00472762
0.6535017	10.00	-40.59698	0	0.00	0.06855214	-32.26688	10.00	-0.004723586
0.6535017	10.00	-40.53349	0	0.00	0.06349429	-32.21542	10.00	-0.004719257
0.6535017	10.00	-40.46488	0	0.00	0.06860594	-32.16768	10.00	-0.004715222
0.6535017	10.00	-40.40122	0	0.00	0.0636585	-32.11834	10.00	-0.004711041
0.6535017	10.00	-40.33544	0	0.00	0.06578186	-32.06812	10.00	-0.004706713
0.6535017	10.00	-40.26848	0	0.00	0.06696104	-32.019	10.00	-0.004702715
0.6535017	10.00	-40.20299	0	0.00	0.06549025	-31.96942	10.00	-0.004698386
0.6535017	10.00	-40.13688	0	0.00	0.06611311	-31.92012	10.00	-0.004694205
0.6535017	10.00	-40.07114	0	0.00	0.06573798	-31.87017	10.00	-0.004690024
0.6535017	10.00	-40.00454	0	0.00	0.06659723	-31.82073	10.00	-0.004685842
0.6535017	10.00	-39.93862	0	0.00	0.06592058	-31.76928	10.00	-0.004681367
0.6535017	10.00	-39.87002	0	0.00	0.06860027	-31.72148	10.00	-0.004677406
0.6535017	10.00	-39.80629	0	0.00	0.06372502	-31.67202	10.00	-0.004673261
0.6535017	10.00	-39.74035	0	0.00	0.0659489	-31.62058	10.00	-0.004668786
0.6535017	10.00	-39.67175	0	0.00	0.06859178	-31.57278	10.00	-0.004664824
0.6535017	10.00	-39.60803	0	0.00	0.06372361	-31.52326	10.00	-0.004660643
0.6535017	10.00	-39.542	0	0.00	0.066031	-31.47181	10.00	-0.004656241
0.6535017	10.00	-39.4734	0	0.00	0.06859886	-31.42411	10.00	-0.004652207
0.6535017	10.00	-39.4098	0	0.00	0.06359904	-31.37428	10.00	-0.004648099
0.6535017	10.00	-39.34336	0	0.00	0.06643586	-31.32512	10.00	-0.00464388
0.6535017	10.00	-39.27782	0	0.00	0.06554829	-31.27524	10.00	-0.004639589
0.6535017	10.00	-39.21131	0	0.00	0.06651089	-31.22468	10.00	-0.004635408
0.6535017	10.00	-39.14389	0	0.00	0.06741261	-31.17628	10.00	-0.004631263
0.6535017	10.00	-39.07935	0	0.00	0.06453899	-31.12683	10.00	-0.004627008
0.6535017	10.00	-39.01343	0	0.00	0.06592342	-31.07581	10.00	-0.004622716
0.6535017	10.00	-38.9454	0	0.00	0.06803688	-31.02777	10.00	-0.004618718
0.6535017	10.00	-38.88135	0	0.00	0.06404636	-30.97811	10.00	-0.004614537
0.6535017	10.00	-38.81513	0	0.00	0.06622069	-30.92543	10.00	-0.004609988
0.6535017	10.00	-38.74489	0	0.00	0.07023951	-30.87875	10.00	-0.004606137
0.6535017	10.00	-38.68265	0	0.00	0.06223867	-30.82947	10.00	-0.004601809
0.6535017	10.00	-38.61694	0	0.00	0.06570825	-30.7791	10.00	-0.00459759
0.6535017	10.00	-38.54979	0	0.00	0.0671479	-30.72996	10.00	-0.004593372
0.6535017	10.00	-38.48428	0	0.00	0.06551857	-30.68058	10.00	-0.004589191
0.6535017	10.00	-38.41844	0	0.00	0.06583849	-30.63	10.00	-0.004584973
0.6535017	10.00	-38.35099	0	0.00	0.06744658	-30.58133	10.00	-0.004580754
0.6535017	10.00	-38.2861	0	0.00	0.06489147	-30.53169	10.00	-0.004576573
0.6535017	10.00	-38.21992	0	0.00	0.06618247	-30.48088	10.00	-0.004572355
0.6535017	10.00	-38.15215	0	0.00	0.06776367	-30.43237	10.00	-0.0045681
0.6535017	10.00	-38.08749	0	0.00	0.06466638	-30.38327	10.00	-0.004563992
0.6535017	10.00	-38.02202	0	0.00	0.06546619	-30.33194	10.00	-0.0045597
0.6535017	10.00	-37.95356	0	0.00	0.06845447	-30.28395	10.00	-0.004555629
0.6535017	10.00	-37.88958	0	0.00	0.06398691	-30.23454	10.00	-0.004551484
0.6535017	10.00	-37.82371	0	0.00	0.06586963	-30.18494	10.00	-0.004547229
0.6535017	10.00	-37.75758	0	0.00	0.06613434	-30.13563	10.00	-0.004542974
0.6535017	10.00	-37.69183	0	0.00	0.06574364	-30.08575	10.00	-0.004538866
0.6535017	10.00	-37.62532	0	0.00	0.06650947	-30.03643	10.00	-0.004534611
0.6535017	10.00	-37.55956	0	0.00	0.06576063	-29.98681	10.00	-0.004530356
0.6535017	10.00	-37.4934	0	0.00	0.06615982	-29.93711	10.00	-0.004526102
0.6535017	10.00	-37.42713	0	0.00	0.06627306	-29.8876	10.00	-0.004521957
0.6535017	10.00	-37.36112	0	0.00	0.06600694	-29.83801	10.00	-0.004517775
0.6535017	10.00	-37.29501	0	0.00	0.06611594	-29.78811	10.00	-0.00451352
0.6535017	10.00	-37.22846	0	0.00	0.06654202	-29.73892	10.00	-0.004509412
0.6535017	10.00	-37.16289	0	0.00	0.0655766	-29.68932	10.00	-0.004505231
0.6535017	10.00	-37.09675	0	0.00	0.06613434	-29.63803	10.00	-0.004500866
0.6535017	10.00	-37.02837	0	0.00	0.06838511	-29.59006	10.00	-0.004496868
0.6535017	10.00	-36.96439	0	0.00	0.06397134	-29.54074	10.00	-0.00449265
0.6535017	10.00	-36.89864	0	0.00	0.06576063	-29.48932	10.00	-0.004488248
0.6535017	10.00	-36.83009	0	0.00	0.0685479	-29.44151	10.00	-0.004484213
0.6535017	10.00	-36.76633	0	0.00	0.063759	-29.39179	10.00	-0.004480032
0.6535017	10.00	-36.70004	0	0.00	0.06628864	-29.34231	10.00	-0.004475777
0.6535017	10.00	-36.63407	0	0.00	0.06597155	-29.2905	10.00	-0.004471376
0.6535017	10.00	-36.56499	0	0.00	0.06907732	-29.24334	10.00	-0.004467341
0.6535017	10.00	-36.50212	0	0.00	0.06287427	-29.19193	10.00	-0.004462976
0.6535017	10.00	-36.43356	0	0.00	0.06855356	-29.14402	10.00	-0.004458867
0.6535017	10.00	-36.36969	0	0.00	0.06387366	-29.09451	10.00	-0.004454686
0.6535017	10.00	-36.30368	0	0.00	0.0660126	-29.04485	10.00	-0.004450505
0.6535017	10.00	-36.23746	0	0.00	0.06622069	-28.99562	10.00	-0.004446323
0.6535017	10.00	-36.17181	0	0.00	0.06564455	-28.9459	10.00	-0.004441995
0.6535017	10.00	-36.10552	0	0.00	0.06629005	-28.89624	10.00	-0.004437814
0.6535017	10.00	-36.03931	0	0.00	0.06620795	-28.84654	10.00	-0.004433632
0.6535017	10.00	-35.97305	0	0.00	0.0662674	-28.79699	10.00	-0.004429487
0.6535017	10.00	-35.90697	0	0.00	0.06607205	-28.7477	10.00	-0.004425232
0.6535017	10.00	-35.84126	0	0.00	0.06571674	-28.69764	10.00	-0.004420978
0.6535017	10.00	-35.77451	0	0.00	0.06674729	-28.64747	10.00	-0.004416686
0.6535017	10.00	-35.70761	0	0.00	0.06689733	-28.59837	10.00	-0.004412614
0.653676	10.00	-35.64214	0.000174331	0.00	0.06546902	-28.54935	10.00	-0.004408433
0.653676	10.00	-35.57679	0	0.00	0.06535719	-28.49812	10.00	-0.004404068
0.653676	10.00	-35.50847	0	0.00	0.06831433	-28.44114	10.00	-0.004399263
0.653676	10.00	-35.4325	0	0.00	0.0759726	-28.40028	10.00	-0.004395742
0.653676	10.00	-35.37803	0	0.00	0.05446857	-28.35028	10.00	-0.00439156
0.653676	10.00	-35.31136	0	0.00	0.06667509	-28.30128	10.00	-0.004387415
0.653676	10.00	-35.24603	0	0.00	0.06532746	-28.25187	10.00	-0.004383161
0.653676	10.00	-35.18016	0	0.00	0.06587104	-28.2008	10.00	-0.004378796
0.653676	10.00	-35.11205	0	0.00	0.0681034	-28.15265	10.00	-0.004374797
0.653676	10.00	-35.04785	0	0.00	0.06420632	-28.10235	10.00	-0.004370543
0.653676	10.00	-34.98079	0	0.00	0.06706013	-28.0516	10.00	-0.004366178
0.653676	10.00	-34.91312	0	0.00	0.06766741	-28.00387	10.00	-0.004362216
0.653676	10.00	-34.84948	0	0.00	0.06364434	-27.9547	10.00	-0.004358035
0.653676	10.00	-34.78392	0	0.00	0.06555254	-27.90459	10.00	-0.004353707
0.653676	10.00	-34.71711	0	0.00	0.06681523	-27.85505	10.00	-0.004349525
0.653676	10.00	-34.65105	0	0.00	0.06605224	-27.80546	10.00	-0.004345343
0.653676	10.00	-34.58493	0	0.00	0.06612443	-27.75579	10.00	-0.004341089
0.653676	10.00	-34.5187	0	0.00	0.06622635	-27.70603	10.00	-0.004336834
0.653676	10.00	-34.45237	0	0.00	0.06633677	-27.65646	10.00	-0.004332652
0.653676	10.00	-34.38626	0	0.00	0.06610461	-27.60732	10.00	-0.004328507
0.653676	10.00	-34.32075	0	0.00	0.06551573	-27.55775	10.00	-0.00432418
0.653676	10.00	-34.25465	0	0.00	0.06609329	-27.50645	10.00	-0.004320035
0.653676	10.00	-34.18625	0	0.00	0.06840634	-27.45826	10.00	-0.004315816
0.653676	10.00	-34.12201	0	0.00	0.0642403	-27.40899	10.00	-0.004311635
0.653676	10.00	-34.0563	0	0.00	0.06570825	-27.35832	10.00	-0.00430727
0.653676	10.00	-33.98874	0	0.00	0.06755699	-27.30961	10.00	-0.004303272
0.653676	10.00	-33.9238	0	0.00	0.06494242	-27.2606	10.00	-0.004299054
0.653676	10.00	-33.85845	0	0.00	0.06534869	-27.20993	10.00	-0.004294762
0.653676	10.00	-33.79089	0	0.00	0.06755841	-27.16132	10.00	-0.004290691
0.653676	10.00	-33.72607	0	0.00	0.06481927	-27.11052	10.00	-0.004286399
0.653676	10.00	-33.65834	0	0.00	0.06773111	-27.06071	10.00	-0.004282071
0.653676	10.00	-33.59194	0	0.00	0.0664033	-27.01228	10.00	-0.004278073
0.653676	10.00	-33.52736	0	0.00	0.0645857	-26.96326	10.00	-0.004273855
0.653676	10.00	-33.462	0	0.00	0.06535011	-26.91349	10.00	-0.004269747
0.653676	10.00	-33.39564	0	0.00	0.06636225	-26.86366	10.00	-0.004265492
0.653676	10.00	-33.3292	0	0.00	0.06643586	-26.8145	10.00	-0.004261237
0.653676	10.00	-33.26366	0	0.00	0.06554546	-26.76473	10.00	-0.004257055
0.653676	10.00	-33.1973	0	0.00	0.06636366	-26.71484	10.00	-0.004252874
0.653676	10.00	-33.13078	0	0.00	0.06651937	-26.66557	10.00	-0.004248729
0.653676	10.00	-33.06508	0	0.00	0.06569268	-26.61613	10.00	-0.004244474
0.653676	10.00	-32.99916	0	0.00	0.06592766	-26.56651	10.00	-0.004240293
0.653676	10.00	-32.93299	0	0.00	0.06616124	-26.5167	10.00	-0.004236111
0.653676	10.00	-32.86658	0	0.00	0.06641604	-26.46726	10.00	-0.004231856
0.653676	10.00	-32.80066	0	0.00	0.06591775	-26.41776	10.00	-0.004227601
0.653676	10.00	-32.73466	0	0.00	0.06599986	-26.3673	10.00	-0.004223347
0.653676	10.00	-32.66739	0	0.00	0.06727812	-26.31835	10.00	-0.004219239
0.653676	10.00	-32.60212	0	0.00	0.065268	-26.26896	10.00	-0.00421502
0.653676	10.00	-32.53627	0	0.00	0.06584415	-26.21865	10.00	-0.004210729
0.653676	10.00	-32.46918	0	0.00	0.06708561	-26.16993	10.00	-0.004206511
0.653676	10.00	-32.40422	0	0.00	0.0649679	-26.12018	10.00	-0.004202329
0.653676	10.00	-32.33789	0	0.00	0.06632686	-26.07015	10.00	-0.004198148
0.653676	10.00	-32.27119	0	0.00	0.0667034	-26.01985	10.00	-0.004193783
0.653676	10.00	-32.20411	0	0.00	0.0670757	-25.97162	10.00	-0.004189638
0.653676	10.00	-32.13981	0	0.00	0.06429975	-25.92193	10.00	-0.004185493
0.653676	10.00	-32.07355	0	0.00	0.06625608	-25.87231	10.00	-0.004181311
0.653676	10.00	-32.0074	0	0.00	0.06615274	-25.82303	10.00	-0.004177057
0.653676	10.00	-31.94169	0	0.00	0.06570825	-25.77371	10.00	-0.004172802
0.653676	10.00	-31.87594	0	0.00	0.06575921	-25.72384	10.00	-0.00416862
0.653676	10.00	-31.80944	0	0.00	0.06649248	-25.67446	10.00	-0.004164475
0.653676	10.00	-31.74361	0	0.00	0.06583707	-25.62453	10.00	-0.004160258
0.653676	10.00	-31.67703	0	0.00	0.066576	-25.57535	10.00	-0.004156039
0.653676	10.00	-31.61145	0	0.00	0.06558084	-25.52423	10.00	-0.004151748
0.653676	10.00	-31.54329	0	0.00	0.06816144	-25.47552	10.00	-0.004147676
0.653676	10.00	-31.47835	0	0.00	0.064941	-25.42554	10.00	-0.004143385
0.653676	10.00	-31.41171	0	0.00	0.06664253	-25.37672	10.00	-0.00413924
0.653676	10.00	-31.34661	0	0.00	0.06509672	-25.32725	10.00	-0.004135058
0.653676	10.00	-31.28065	0	0.00	0.06595314	-25.27763	10.00	-0.004130804
0.653676	10.00	-31.2145	0	0.00	0.06615558	-25.22773	10.00	-0.004126549
0.653676	10.00	-31.14796	0	0.00	0.06653353	-25.17861	10.00	-0.004122551
0.653676	10.00	-31.08247	0	0.00	0.06549308	-25.12917	10.00	-0.004118296
0.653676	10.00	-31.01654	0	0.00	0.06592908	-25.07887	10.00	-0.004114041
0.653676	10.00	-30.94948	0	0.00	0.06705871	-25.02982	10.00	-0.004109786
0.653676	10.00	-30.88408	0	0.00	0.0654039	-24.9804	10.00	-0.004105605
0.653676	10.00	-30.81819	0	0.00	0.06589086	-24.92926	10.00	-0.00410124
0.653676	10.00	-30.75	0	0.00	0.06818692	-24.88096	10.00	-0.004097168
0.653676	10.00	-30.68559	0	0.00	0.06441016	-24.83137	10.00	-0.00409295
0.653676	10.00	-30.61948	0	0.00	0.06610886	-24.7813	10.00	-0.004088732
0.653676	10.00	-30.55272	0	0.00	0.06676003	-24.73229	10.00	-0.004084587
0.653676	10.00	-30.48737	0	0.00	0.06535011	-24.68279	10.00	-0.004080332
0.653676	10.00	-30.42137	0	0.00	0.06599986	-24.63333	10.00	-0.004076078
0.653676	10.00	-30.35542	0	0.00	0.06595173	-24.58389	10.00	-0.004071859
0.653676	10.00	-30.28951	0	0.00	0.06591351	-24.53422	10.00	-0.004067678
0.653676	10.00	-30.22328	0	0.00	0.06622635	-24.48453	10.00	-0.004063423
0.653676	10.00	-30.15702	0	0.00	0.06626599	-24.43504	10.00	-0.004059168
0.653676	10.00	-30.09103	0	0.00	0.06598429	-24.38436	10.00	-0.00405495
0.653676	10.00	-30.02347	0	0.00	0.06756549	-24.33531	10.00	-0.004050805
0.653676	10.00	-29.95806	0	0.00	0.06540673	-24.28618	10.00	-0.00404655
0.653676	10.00	-29.89256	0	0.00	0.06550299	-24.23609	10.00	-0.004042369
0.653676	10.00	-29.82577	0	0.00	0.06679117	-24.18689	10.00	-0.004038187
0.653676	10.00	-29.76017	0	0.00	0.06559217	-24.13707	10.00	-0.004033932
0.653676	10.00	-29.69375	0	0.00	0.06642736	-24.08344	10.00	-0.004029348
0.653676	10.00	-29.62223	0	0.00	0.07151495	-23.98804	10.00	-0.004021314
0.653676	10.00	-29.49504	0	0.00	0.1271953	-23.93827	10.00	-0.00401706
0.653676	10.00	-29.42868	0	0.00	0.066358	-23.88914	10.00	-0.004013062
0.653676	10.00	-29.36316	0	0.00	0.06551432	-23.83971	10.00	-0.004008807
0.653676	10.00	-29.29727	0	0.00	0.0658951	-23.78973	10.00	-0.004004552
0.653676	10.00	-29.23063	0	0.00	0.06664111	-23.74037	10.00	-0.004000297
0.653676	10.00	-29.16481	0	0.00	0.06581725	-23.69095	10.00	-0.003996116
0.653676	10.00	-29.09891	0	0.00	0.06589652	-23.64167	10.00	-0.003991897
0.653676	10.00	-29.03321	0	0.00	0.06569976	-23.59325	10.00	-0.003987826
0.653676	10.00	-28.96865	0	0.00	0.06456588	-23.54363	10.00	-0.003983571
0.653676	10.00	-28.90248	0	0.00	0.06616548	-23.49344	10.00	-0.00397939
0.653676	10.00	-28.83557	0	0.00	0.06691149	-23.4443	10.00	-0.003975208
0.653676	10.00	-28.77004	0	0.00	0.06552847	-23.395	10.00	-0.00397099
0.653676	10.00	-28.70431	0	0.00	0.06573232	-23.34524	10.00	-0.003966808
0.653676	10.00	-28.63796	0	0.00	0.06634668	-23.29477	10.00	-0.00396259
0.653676	10.00	-28.57067	0	0.00	0.06728945	-23.24623	10.00	-0.003958372
0.653676	10.00	-28.50595	0	0.00	0.06472301	-23.19646	10.00	-0.00395419
0.653676	10.00	-28.43959	0	0.00	0.06636225	-23.14588	10.00	-0.003949899
0.653676	10.00	-28.37215	0	0.00	0.0674395	-23.09765	10.00	-0.003945754
0.653676	10.00	-28.30785	0	0.00	0.06429692	-23.04705	10.00	-0.003941499
0.653676	10.00	-28.24038	0	0.00	0.0674763	-22.99753	10.00	-0.003937244
0.653676	10.00	-28.17435	0	0.00	0.06602392	-22.9479	10.00	-0.003933063
0.653676	10.00	-28.10818	0	0.00	0.06616973	-22.89819	10.00	-0.003928808
0.653676	10.00	-28.0419	0	0.00	0.06627731	-22.84862	10.00	-0.003924553
0.653676	10.00	-27.97581	0	0.00	0.06609612	-22.79803	10.00	-0.003920408
0.653676	10.00	-27.90836	0	0.00	0.067448	-22.74955	10.00	-0.00391619
0.653676	10.00	-27.84372	0	0.00	0.0646409	-22.7002	10.00	-0.003911972
0.653676	10.00	-27.77792	0	0.00	0.06579743	-22.65037	10.00	-0.00390779
0.653676	10.00	-27.71148	0	0.00	0.06644011	-22.60018	10.00	-0.003903499
0.653676	10.00	-27.64455	0	0.00	0.06692989	-22.55143	10.00	-0.003899428
0.653676	10.00	-27.57956	0	0.00	0.06499338	-22.50079	10.00	-0.003895063
0.653676	10.00	-27.51203	0	0.00	0.06752726	-22.45228	10.00	-0.003891065
0.653676	10.00	-27.44735	0	0.00	0.06467771	-22.40271	10.00	-0.003886846
0.653676	10.00	-27.38126	0	0.00	0.0660947	-22.3529	10.00	-0.003882555
0.653676	10.00	-27.31484	0	0.00	0.06641604	-22.30301	10.00	-0.003878373
0.653676	10.00	-27.24833	0	0.00	0.06651796	-22.2543	10.00	-0.003874229
0.653676	10.00	-27.18339	0	0.00	0.06493959	-22.20431	10.00	-0.003869974
0.653676	10.00	-27.11673	0	0.00	0.0666581	-22.15472	10.00	-0.003865792
0.653676	10.00	-27.05062	0	0.00	0.06611311	-22.10534	10.00	-0.003861611
0.653676	10.00	-26.98476	0	0.00	0.06585264	-22.05581	10.00	-0.003857393
0.653676	10.00	-26.91872	0	0.00	0.06603808	-22.00588	10.00	-0.003853101
0.653676	10.00	-26.85215	0	0.00	0.06657317	-21.95686	10.00	-0.00384903
0.653676	10.00	-26.78679	0	0.00	0.06535577	-21.90711	10.00	-0.003844848
0.653676	10.00	-26.72046	0	0.00	0.0663311	-21.85753	10.00	-0.00384052
0.653676	10.00	-26.65436	0	0.00	0.06610744	-21.80723	10.00	-0.003836265
0.653676	10.00	-26.58729	0	0.00	0.06706721	-21.75831	10.00	-0.003832157
0.653676	10.00	-26.52206	0	0.00	0.06523262	-21.70868	10.00	-0.003827975
0.653676	10.00	-26.45589	0	0.00	0.0661669	-21.65878	10.00	-0.003823647
0.653676	10.00	-26.38936	0	0.00	0.0665307	-21.60953	10.00	-0.003819576
0.653676	10.00	-26.32369	0	0.00	0.06566861	-21.56015	10.00	-0.003815394
0.653676	10.00	-26.25784	0	0.00	0.06584556	-21.50859	10.00	-0.003810919
0.653676	10.00	-26.1891	0	0.00	0.06874324	-21.46082	10.00	-0.003806884
0.653676	10.00	-26.12541	0	0.00	0.06369247	-21.41137	10.00	-0.00380263
0.653676	10.00	-26.05947	0	0.00	0.06593899	-21.35994	10.00	-0.003798265
0.653676	10.00	-25.99091	0	0.00	0.06856488	-21.31174	10.00	-0.003794193
0.653676	10.00	-25.92664	0	0.00	0.0642672	-21.26238	10.00	-0.003789975
0.653676	10.00	-25.86083	0	0.00	0.06581159	-21.2115	10.00	-0.00378572
0.653676	10.00	-25.79299	0	0.00	0.06783728	-21.16342	10.00	-0.003781685
0.653676	10.00	-25.72887	0	0.00	0.06411431	-21.11403	10.00	-0.003777431
0.653676	10.00	-25.66302	0	0.00	0.06585123	-21.06422	10.00	-0.003773249
0.653676	10.00	-25.59662	0	0.00	0.06640755	-21.01421	10.00	-0.003769068
0.653676	10.00	-25.52994	0	0.00	0.06667792	-20.96545	10.00	-0.003764849
0.653676	10.00	-25.46493	0	0.00	0.0650132	-20.91558	10.00	-0.003760668
0.653676	10.00	-25.39842	0	0.00	0.06650381	-20.86615	10.00	-0.00375656
0.653676	10.00	-25.33252	0	0.00	0.0659036	-20.81656	10.00	-0.003752232
0.653676	10.00	-25.26639	0	0.00	0.06612585	-20.767	10.00	-0.00374805
0.653676	10.00	-25.20032	0	0.00	0.06607064	-20.71733	10.00	-0.003743722
0.653676	10.00	-25.1341	0	0.00	0.0662221	-20.66603	10.00	-0.003739504
0.653676	10.00	-25.0657	0	0.00	0.0684021	-20.61748	10.00	-0.003735359
0.653676	10.00	-25.00096	0	0.00	0.06473858	-20.56865	10.00	-0.003731288
0.653676	10.00	-24.93585	0	0.00	0.06510663	-20.5173	10.00	-0.003726886
0.653676	10.00	-24.86738	0	0.00	0.06846721	-20.46909	10.00	-0.003722851
0.653676	10.00	-24.80311	0	0.00	0.06427852	-20.41966	10.00	-0.003718596
0.653676	10.00	-24.73721	0	0.00	0.06590077	-20.36878	10.00	-0.003714305
0.653676	10.00	-24.66936	0	0.00	0.06784435	-20.32059	10.00	-0.003710233
0.653676	10.00	-24.60511	0	0.00	0.06425162	-20.27137	10.00	-0.003706015
0.653676	10.00	-24.53948	0	0.00	0.06562898	-20.21979	10.00	-0.003701687
0.653676	10.00	-24.4707	0	0.00	0.06878288	-20.17166	10.00	-0.003697615
0.653676	10.00	-24.40653	0	0.00	0.06417093	-20.12235	10.00	-0.00369347
0.653676	10.00	-24.34079	0	0.00	0.06573798	-20.07252	10.00	-0.003689216
0.653676	10.00	-24.27435	0	0.00	0.06643869	-20.02394	10.00	-0.003684998
0.653676	10.00	-24.20958	0	0.00	0.06477397	-19.97486	10.00	-0.003680816
0.653676	10.00	-24.14413	0	0.00	0.06544071	-19.92493	10.00	-0.003676635
0.653676	10.00	-24.07755	0	0.00	0.06658166	-19.87544	10.00	-0.003672453
0.653676	10.00	-24.01158	0	0.00	0.06597579	-19.82593	10.00	-0.003668271
0.653676	10.00	-23.94556	0	0.00	0.06602109	-19.77602	10.00	-0.003663943
0.653676	10.00	-23.87901	0	0.00	0.06654202	-19.72689	10.00	-0.003659799
0.653676	10.00	-23.8135	0	0.00	0.0655129	-19.67763	10.00	-0.003655617
0.653676	10.00	-23.74783	0	0.00	0.06567286	-19.62767	10.00	-0.003651435
0.653676	10.00	-23.68122	0	0.00	0.06661139	-19.57803	10.00	-0.003647181
0.653676	10.00	-23.61503	0	0.00	0.06618813	-19.52796	10.00	-0.003642926
0.653676	10.00	-23.54826	0	0.00	0.06676994	-19.47885	10.00	-0.003638744
0.653676	10.00	-23.48278	0	0.00	0.06548034	-19.42858	10.00	-0.003634563
0.653676	10.00	-23.41575	0	0.00	0.06702615	-19.37841	10.00	-0.003630198
0.653676	10.00	-23.34886	0	0.00	0.06689025	-19.3291	10.00	-0.003626127
0.653676	10.00	-23.28311	0	0.00	0.06575072	-19.28014	10.00	-0.003621982
0.653676	10.00	-23.21784	0	0.00	0.06527508	-19.22843	10.00	-0.00361758
0.653676	10.00	-23.14889	0	0.00	0.06894992	-19.17925	10.00	-0.003613325
0.653676	10.00	-23.08332	0	0.00	0.06556811	-19.13011	10.00	-0.003609327
0.653676	10.00	-23.01779	0	0.00	0.06552564	-19.07993	10.00	-0.003604962
0.653676	10.00	-22.95089	0	0.00	0.06690724	-19.03178	10.00	-0.003600928
0.653676	10.00	-22.88668	0	0.00	0.06420066	-18.98258	10.00	-0.003596746
0.653676	10.00	-22.82109	0	0.00	0.065595	-18.93308	10.00	-0.003592491
0.653676	10.00	-22.75509	0	0.00	0.06599561	-18.88255	10.00	-0.003588236
0.653676	10.00	-22.68772	0	0.00	0.06737863	-18.83361	10.00	-0.003584055
0.653676	10.00	-22.62247	0	0.00	0.06524961	-18.78423	10.00	-0.00357991
0.653676	10.00	-22.55663	0	0.00	0.06583849	-18.73433	10.00	-0.003575655
0.653676	10.00	-22.49009	0	0.00	0.06653494	-18.6851	10.00	-0.003571474
0.653676	10.00	-22.42446	0	0.00	0.06563747	-18.63536	10.00	-0.003567292
0.653676	10.00	-22.35814	0	0.00	0.06631978	-18.58601	10.00	-0.003563037
0.653676	10.00	-22.29234	0	0.00	0.06579885	-18.53603	10.00	-0.003558856
0.653676	10.00	-22.22569	0	0.00	0.06664819	-18.4863	10.00	-0.003554601
0.653676	10.00	-22.15938	0	0.00	0.06630845	-18.43677	10.00	-0.003550346
0.653676	10.00	-22.09335	0	0.00	0.06603525	-18.38763	10.00	-0.003546275
0.653676	10.00	-22.02783	0	0.00	0.06551857	-18.33817	10.00	-0.003541946
0.653676	10.00	-21.96188	0	0.00	0.06595031	-18.28832	10.00	-0.003537692
0.653676	10.00	-21.89542	0	0.00	0.06645851	-18.23825	10.00	-0.00353351
0.653676	10.00	-21.82865	0	0.00	0.06676427	-18.18889	10.00	-0.003529255
0.653676	10.00	-21.76284	0	0.00	0.06581442	-18.1398	10.00	-0.003525074
0.653676	10.00	-21.69738	0	0.00	0.06545628	-18.0895	10.00	-0.003520819
0.653676	10.00	-21.63032	0	0.00	0.06706437	-18.04035	10.00	-0.003516711
0.653676	10.00	-21.56479	0	0.00	0.06552989	-17.99092	10.00	-0.003512566
0.653676	10.00	-21.49888	0	0.00	0.06591067	-17.94087	10.00	-0.003508201
0.653676	10.00	-21.43214	0	0.00	0.06673454	-17.89157	10.00	-0.003504056
0.653676	10.00	-21.36642	0	0.00	0.06572665	-17.842	10.00	-0.003499875
0.653676	10.00	-21.30032	0	0.00	0.06609329	-17.79297	10.00	-0.00349573
0.653676	10.00	-21.23494	0	0.00	0.06538125	-17.7431	10.00	-0.003491438
0.653676	10.00	-21.16844	0	0.00	0.06649815	-17.69367	10.00	-0.00348722
0.653676	10.00	-21.10254	0	0.00	0.06589935	-17.6442	10.00	-0.003483039
0.653676	10.00	-21.03658	0	0.00	0.06595881	-17.59486	10.00	-0.003478857
0.653676	10.00	-20.9708	0	0.00	0.06578894	-17.54491	10.00	-0.003474602
0.653676	10.00	-20.9042	0	0.00	0.06660006	-17.49555	10.00	-0.003470347
0.653676	10.00	-20.83838	0	0.00	0.065813	-17.44577	10.00	-0.003466166
0.653676	10.00	-20.77202	0	0.00	0.06636791	-17.39639	10.00	-0.003462021
0.653676	10.00	-20.70617	0	0.00	0.06584981	-17.34662	10.00	-0.00345784
0.653676	10.00	-20.63981	0	0.00	0.06635517	-17.29715	10.00	-0.003453585
0.653676	10.00	-20.57385	0	0.00	0.06595881	-17.2477	10.00	-0.00344933
0.653676	10.00	-20.50792	0	0.00	0.06593474	-17.19793	10.00	-0.003445148
0.653676	10.00	-20.44156	0	0.00	0.06635942	-17.14845	10.00	-0.003440894
0.653676	10.00	-20.37559	0	0.00	0.06597296	-17.09713	10.00	-0.003436529
0.653676	10.00	-20.30715	0	0.00	0.06843182	-17.04861	10.00	-0.003432457
0.653676	10.00	-20.24247	0	0.00	0.0646862	-16.99897	10.00	-0.003428129
0.653676	10.00	-20.17628	0	0.00	0.06618389	-16.94919	10.00	-0.003424094
0.653676	10.00	-20.1099	0	0.00	0.06638065	-16.89978	10.00	-0.003419839
0.653676	10.00	-20.04403	0	0.00	0.06587246	-16.85066	10.00	-0.003415621
0.653676	10.00	-19.97853	0	0.00	0.06549592	-16.8005	10.00	-0.003411403
0.653676	10.00	-19.91165	0	0.00	0.06688318	-16.75126	10.00	-0.003407258
0.6538509	10.00	-19.84599	0.0001748323	0.00	0.06565729	-16.70208	10.00	-0.00340293
0.6584696	10.00	-19.78043	0.004618715	0.00	0.0655667	-16.6523	10.00	-0.003398749
0.6663583	10.00	-19.71406	0.007888656	0.00	0.06637074	-16.6022	10.00	-0.003394641
0.676239	10.00	-19.64725	0.009880706	0.00	0.06680391	-16.55241	10.00	-0.003390386
0.6912004	10.00	-19.58087	0.01496143	0.00	0.06638631	-16.50358	10.00	-0.003386241
0.7077633	10.00	-19.51576	0.01656285	0.00	0.06510097	-16.45373	10.00	-0.003381913
0.727248	10.00	-19.4493	0.01948476	0.00	0.066467	-16.4059	10.00	-0.003377914
0.7465623	10.00	-19.38552	0.01931428	0.00	0.06377882	-16.35615	10.00	-0.003373733
0.7666499	10.00	-19.31919	0.02008763	0.00	0.06633252	-16.30662	10.00	-0.003369478
0.7860073	10.00	-19.25315	0.01935736	0.00	0.06603242	-16.257	10.00	-0.00336526
0.8047658	10.00	-19.18698	0.01875851	0.00	0.06617539	-16.2075	10.00	-0.003361005
0.8234738	10.00	-19.12098	0.01870795	0.00	0.06599703	-16.15787	10.00	-0.003356823
0.8422326	10.00	-19.0548	0.01875891	0.00	0.06617681	-16.10824	10.00	-0.003352642
0.8609871	10.00	-18.98864	0.01875449	0.00	0.06616124	-16.05787	10.00	-0.003348351
0.8800265	10.00	-18.92148	0.01903939	0.00	0.06716629	-16.00827	10.00	-0.003344096
0.8987734	10.00	-18.85534	0.01874687	0.00	0.06613434	-15.95832	10.00	-0.003339914
0.9176506	10.00	-18.78875	0.01887728	0.00	0.0665944	-15.90969	10.00	-0.003335843
0.9360304	10.00	-18.72391	0.01837971	0.00	0.06483909	-15.85947	10.00	-0.003331588
0.9550124	10.00	-18.65695	0.01898201	0.00	0.06696387	-15.80931	10.00	-0.00332737
0.9739695	10.00	-18.59007	0.01895713	0.00	0.0668761	-15.76026	10.00	-0.003323151
0.9925097	10.00	-18.52466	0.01854021	0.00	0.06540532	-15.71068	10.00	-0.00331897
1.011247	10.00	-18.45856	0.01873764	0.00	0.06610178	-15.6601	10.00	-0.003314679
1.030366	10.00	-18.39112	0.01911844	0.00	0.06744517	-15.61123	10.00	-0.003310534
1.048836	10.00	-18.32596	0.01846999	0.00	0.06515759	-15.56223	10.00	-0.003306462
1.067357	10.00	-18.26062	0.01852095	0.00	0.06533737	-15.51102	10.00	-0.003302134
1.086048	10.00	-18.19235	0.01869171	0.00	0.06827186	-15.46306	10.00	-0.003298099
1.103558	10.00	-18.1284	0.01750965	0.00	0.06395435	-15.41297	10.00	-0.003293844
1.121842	10.00	-18.06161	0.018284	0.00	0.06678268	-15.36378	10.00	-0.003289589
1.1398	10.00	-17.99602	0.01795806	0.00	0.06559217	-15.31347	10.00	-0.003285335
1.158164	10.00	-17.92895	0.01836423	0.00	0.0670757	-15.26402	10.00	-0.00328108
1.176216	10.00	-17.86301	0.01805107	0.00	0.06593191	-15.21464	10.00	-0.003276972
1.194243	10.00	-17.79717	0.01802782	0.00	0.06584698	-15.16547	10.00	-0.003272827
1.212191	10.00	-17.73161	0.01794721	0.00	0.06555254	-15.11604	10.00	-0.003268499
1.230234	10.00	-17.66571	0.01804332	0.00	0.0659036	-15.06637	10.00	-0.003264317
1.248366	10.00	-17.59948	0.01813246	0.00	0.06622918	-15.0163	10.00	-0.003260136
1.266646	10.00	-17.53271	0.01827974	0.00	0.0667671	-14.96516	10.00	-0.003255734
1.285311	10.00	-17.46454	0.01866536	0.00	0.0681756	-14.91814	10.00	-0.003251883
1.302479	10.00	-17.40183	0.01716744	0.00	0.0627044	-14.86825	10.00	-0.003247554
1.32069	10.00	-17.33532	0.01821153	0.00	0.06651796	-14.81867	10.00	-0.003243373
1.338788	10.00	-17.26922	0.0180972	0.00	0.06610037	-14.76885	10.00	-0.003239192
1.356973	10.00	-17.20279	0.01818556	0.00	0.06642312	-14.71928	10.00	-0.00323501
1.374429	10.00	-17.1367	0.01745566	0.00	0.0660947	-14.66878	10.00	-0.003230645
1.39156	10.00	-17.06936	0.01713152	0.00	0.06733616	-14.62059	10.00	-0.00322661
1.407907	10.00	-17.00511	0.01634712	0.00	0.06425304	-14.571	10.00	-0.003222429
1.424729	10.00	-16.93899	0.01682179	0.00	0.06611877	-14.52052	10.00	-0.003218137
1.441852	10.00	-16.87169	0.01712288	0.00	0.06730219	-14.47153	10.00	-0.003213993
1.458472	10.00	-16.80636	0.01662011	0.00	0.06532604	-14.42172	10.00	-0.003209811
1.475371	10.00	-16.73994	0.01689851	0.00	0.06642029	-14.37109	10.00	-0.003205446
1.492543	10.00	-16.67245	0.01717186	0.00	0.06749471	-14.3231	10.00	-0.003201448
1.508823	10.00	-16.60846	0.01628013	0.00	0.06398974	-14.27325	10.00	-0.003197193
1.525735	10.00	-16.54198	0.01691255	0.00	0.0664755	-14.22383	10.00	-0.003192938
1.542499	10.00	-16.47609	0.01676381	0.00	0.06589086	-14.17406	10.00	-0.003188757
1.559381	10.00	-16.40974	0.01688158	0.00	0.06635375	-14.12473	10.00	-0.003184612
1.576115	10.00	-16.34396	0.01673464	0.00	0.0657762	-14.07483	10.00	-0.003180431
1.593043	10.00	-16.27742	0.01692804	0.00	0.06653636	-14.02555	10.00	-0.003176176
1.609758	10.00	-16.21173	0.01671483	0.00	0.06569834	-13.97581	10.00	-0.003171921
1.626635	10.00	-16.14539	0.01687654	0.00	0.06633393	-13.92645	10.00	-0.003167666
1.643378	10.00	-16.07958	0.01674292	0.00	0.06580876	-13.87689	10.00	-0.003163484
1.660189	10.00	-16.01351	0.01681099	0.00	0.0660763	-13.82733	10.00	-0.00315934
1.677002	10.00	-15.94742	0.01681351	0.00	0.06608621	-13.77758	10.00	-0.003155085
1.693236	10.00	-15.88109	0.01623389	0.00	0.06633252	-13.72837	10.00	-0.003150903
1.708658	10.00	-15.81548	0.01542157	0.00	0.06560916	-13.67782	10.00	-0.003146538
1.7245	10.00	-15.74808	0.01584281	0.00	0.06740128	-13.62907	10.00	-0.003142394
1.739778	10.00	-15.68308	0.01527749	0.00	0.06499621	-13.57949	10.00	-0.003138212
1.755316	10.00	-15.61698	0.01553769	0.00	0.0661032	-13.52849	10.00	-0.00313392
1.771301	10.00	-15.54897	0.01598589	0.00	0.06800998	-13.48038	10.00	-0.003129886
1.78638	10.00	-15.48482	0.01507819	0.00	0.06414828	-13.43013	10.00	-0.003125668
1.802128	10.00	-15.41782	0.01574798	0.00	0.06699784	-13.3796	10.00	-0.003121449
1.817961	10.00	-15.35046	0.01583382	0.00	0.06736306	-13.33132	10.00	-0.003117268
1.833095	10.00	-15.28608	0.01513342	0.00	0.06438327	-13.28164	10.00	-0.003113086
1.847381	10.00	-15.21984	0.01428625	0.00	0.06623626	-13.23255	10.00	-0.003108905
1.860231	10.00	-15.15439	0.01284958	0.00	0.06545203	-13.18271	10.00	-0.00310465
1.873276	10.00	-15.08794	0.0130455	0.00	0.06645001	-13.13334	10.00	-0.003100505
1.884287	10.00	-15.02211	0.01101032	0.00	0.06582291	-13.08227	10.00	-0.003096177
1.895677	10.00	-14.95402	0.01139013	0.00	0.0680935	-13.03393	10.00	-0.003092142
1.906459	10.00	-14.88956	0.01078253	0.00	0.06446113	-12.98444	10.00	-0.003087887
1.917498	10.00	-14.82357	0.01103874	0.00	0.06599278	-12.93493	10.00	-0.003083633
1.928539	10.00	-14.75756	0.01104087	0.00	0.06600552	-12.88531	10.00	-0.003079451
1.939606	10.00	-14.6914	0.01106762	0.00	0.06616548	-12.83572	10.00	-0.00307527
1.950667	10.00	-14.62527	0.01106099	0.00	0.06612585	-12.7859	10.00	-0.003071015
1.961133	10.00	-14.55886	0.01046554	0.00	0.06641038	-12.73664	10.00	-0.00306676
1.970213	10.00	-14.49317	0.009079861	0.00	0.06568985	-12.68646	10.00	-0.003062652
1.978813	10.00	-14.42626	0.008600279	0.00	0.06690724	-12.63873	10.00	-0.00305869
1.986993	10.00	-14.36263	0.008179954	0.00	0.06363726	-12.58906	10.00	-0.003054435
1.995507	10.00	-14.29639	0.008513666	0.00	0.06623343	-12.53914	10.00	-0.003050181
2.004062	10.00	-14.22983	0.008555698	0.00	0.06656042	-12.48987	10.00	-0.003045926
2.012506	10.00	-14.16414	0.008443794	0.00	0.06568985	-12.44024	10.00	-0.003041744
2.021011	10.00	-14.09797	0.008505114	0.00	0.0661669	-12.38863	10.00	-0.003037343
2.029858	10.00	-14.02915	0.008846287	0.00	0.0688211	-12.34102	10.00	-0.003033308
2.038017	10.00	-13.96567	0.008159757	0.00	0.06348013	-12.29149	10.00	-0.003029016
2.046505	10.00	-13.89964	0.008487828	0.00	0.06603242	-12.24065	10.00	-0.003024871
2.055219	10.00	-13.83185	0.008714003	0.00	0.06779198	-12.19114	10.00	-0.00302069
2.063705	10.00	-13.76584	0.008485463	0.00	0.06601401	-12.14209	10.00	-0.003016435
2.07211	10.00	-13.70044	0.008405765	0.00	0.06539399	-12.09086	10.00	-0.00301207
2.08023	10.00	-13.63213	0.008119161	0.00	0.06831008	-12.04274	10.00	-0.003008072
2.087856	10.00	-13.56797	0.007626351	0.00	0.06416386	-11.99317	10.00	-0.003003781
2.095711	10.00	-13.50188	0.007855343	0.00	0.06609046	-11.94201	10.00	-0.002999452
2.103819	10.00	-13.43366	0.00810772	0.00	0.06821382	-11.89366	10.00	-0.002995344
2.111481	10.00	-13.3692	0.007662357	0.00	0.06446679	-11.84454	10.00	-0.002991163
2.119266	10.00	-13.30371	0.007784172	0.00	0.06549167	-11.79502	10.00	-0.002986908
2.127113	10.00	-13.23768	0.007847771	0.00	0.06602675	-11.74549	10.00	-0.002982727
2.134962	10.00	-13.17164	0.007848948	0.00	0.06603666	-11.69576	10.00	-0.002978472
2.142843	10.00	-13.10534	0.007880411	0.00	0.06630138	-11.64583	10.00	-0.00297429
2.150756	10.00	-13.03876	0.007913221	0.00	0.06657741	-11.59676	10.00	-0.002970072
2.157265	10.00	-12.97334	0.006508833	0.00	0.06542089	-11.54635	10.00	-0.002965854
2.163301	10.00	-12.90612	0.0060367	0.00	0.06721725	-11.49729	10.00	-0.002961709
2.169176	10.00	-12.84071	0.005874735	0.00	0.06541381	-11.44813	10.00	-0.002957601
2.175063	10.00	-12.77517	0.005886431	0.00	0.06554405	-11.39762	10.00	-0.002953273
2.181111	10.00	-12.70782	0.006048269	0.00	0.06734607	-11.34908	10.00	-0.002949201
2.186924	10.00	-12.6431	0.005812949	0.00	0.06472584	-11.29914	10.00	-0.00294491
2.192903	10.00	-12.57651	0.005979491	0.00	0.06658024	-11.24902	10.00	-0.002940728
2.198905	10.00	-12.50969	0.006001739	0.00	0.06682798	-11.19998	10.00	-0.002936583
2.204778	10.00	-12.44429	0.005873209	0.00	0.06539682	-11.15075	10.00	-0.002932402
2.210672	10.00	-12.37866	0.005894186	0.00	0.06563039	-11.0995	10.00	-0.002928037
2.21681	10.00	-12.31032	0.006137643	0.00	0.06834123	-11.05144	10.00	-0.002924039
2.222564	10.00	-12.24625	0.005754214	0.00	0.06407184	-11.00161	10.00	-0.002919784
2.228531	10.00	-12.17981	0.005966905	0.00	0.06644011	-10.95168	10.00	-0.002915602
2.23451	10.00	-12.11323	0.005978855	0.00	0.06657317	-10.90288	10.00	-0.002911384
2.240354	10.00	-12.04816	0.005843715	0.00	0.06506841	-10.85327	10.00	-0.002907349
2.246294	10.00	-11.98202	0.005940462	0.00	0.06614567	-10.80214	10.00	-0.002902985
2.252417	10.00	-11.91384	0.006122895	0.00	0.06817701	-10.75397	10.00	-0.00289884
2.258185	10.00	-11.84962	0.005767818	0.00	0.06422331	-10.7043	10.00	-0.002894658
2.264133	10.00	-11.78339	0.005947962	0.00	0.06622918	-10.65506	10.00	-0.002890514
2.27003	10.00	-11.71773	0.005896728	0.00	0.0656587	-10.60542	10.00	-0.002886259
2.275974	10.00	-11.65155	0.005944022	0.00	0.0661853	-10.55579	10.00	-0.002882004
2.281916	10.00	-11.58537	0.005942877	0.00	0.06617256	-10.5061	10.00	-0.002877822
2.287867	10.00	-11.51912	0.005950378	0.00	0.06625608	-10.45666	10.00	-0.002873567
2.293787	10.00	-11.4532	0.005920248	0.00	0.06592058	-10.40677	10.00	-0.002869386
2.299761	10.00	-11.38668	0.005973643	0.00	0.06651513	-10.35745	10.00	-0.002865058
2.305666	10.00	-11.32093	0.005905119	0.00	0.06575213	-10.30814	10.00	-0.002860986
2.311572	10.00	-11.25517	0.005905755	0.00	0.06575921	-10.25823	10.00	-0.002856621
2.317548	10.00	-11.18863	0.005975931	0.00	0.06654061	-10.20885	10.00	-0.00285255
2.32346	10.00	-11.12279	0.00591262	0.00	0.06583565	-10.15922	10.00	-0.002848295
2.329403	10.00	-11.05662	0.005943259	0.00	0.06617681	-10.10897	10.00	-0.002844077
2.33542	10.00	-10.98962	0.006016868	0.00	0.06699643	-10.06016	10.00	-0.002839932
2.341265	10.00	-10.92454	0.005844605	0.00	0.06507832	-10.01049	10.00	-0.002835677
2.347213	10.00	-10.85831	0.005947962	0.00	0.06622918	-9.959495	10.00	-0.002831386
2.353319	10.00	-10.79032	0.006106495	0.00	0.06799441	-9.911368	10.00	-0.002827351
2.359082	10.00	-10.72615	0.005762859	0.00	0.0641681	-9.861757	10.00	-0.002823096
2.365023	10.00	-10.66	0.005940843	0.00	0.06614991	-9.811107	10.00	-0.002818804
2.371088	10.00	-10.59247	0.006065177	0.00	0.06753434	-9.761813	10.00	-0.002814623
2.376991	10.00	-10.52674	0.005902704	0.00	0.06572524	-9.712452	10.00	-0.002810441
2.382902	10.00	-10.46093	0.005910713	0.00	0.06581442	-9.628043	10.00	-0.002803252
2.393009	10.00	-10.34838	0.01010757	0.00	0.1125454	-9.562804	10.00	-0.002797824
2.400821	10.00	-10.2614	0.007812088	0.00	0.08698579	-9.514216	10.00	-0.002793679
2.40664	10.00	-10.19661	0.005818161	0.00	0.06478388	-9.464444	10.00	-0.002789497
2.4126	10.00	-10.13025	0.00596004	0.00	0.06636366	-9.415686	10.00	-0.002785353
2.418438	10.00	-10.06524	0.005838502	0.00	0.06501037	-9.365096	10.00	-0.002780988
2.424496	10.00	-9.997785	0.006057804	0.00	0.06745224	-9.316022	10.00	-0.002776989
2.430372	10.00	-9.932351	0.005876515	0.00	0.06543363	-9.264908	10.00	-0.002772588
2.436493	10.00	-9.864202	0.006120479	0.00	0.06815012	-9.217031	10.00	-0.002768627
2.442226	10.00	-9.800363	0.005733238	0.00	0.06383827	-9.167529	10.00	-0.002764372
2.448153	10.00	-9.734362	0.005927494	0.00	0.06600127	-9.117526	10.00	-0.002760117
2.454141	10.00	-9.667691	0.005987627	0.00	0.06667084	-9.069366	10.00	-0.002755935
2.459908	10.00	-9.603476	0.005767055	0.00	0.06421482	-9.019805	10.00	-0.002751754
2.465843	10.00	-9.537396	0.005934487	0.00	0.06607913	-8.96945	10.00	-0.002747536
2.473173	10.00	-9.470256	0.007330068	0.00	0.06714082	-8.92071	10.00	-0.002743318
2.482785	10.00	-9.40527	0.00961187	0.00	0.0649863	-8.870373	10.00	-0.002739026
2.494661	10.00	-9.338153	0.01187663	0.00	0.06711675	-8.820961	10.00	-0.002734954
2.506957	10.00	-9.272272	0.01229586	0.00	0.06588095	-8.77204	10.00	-0.0027307
2.520394	10.00	-9.207045	0.01343697	0.00	0.06522696	-8.722635	10.00	-0.002726555
2.534603	10.00	-9.14117	0.0142084	0.00	0.06587529	-8.671497	10.00	-0.002722153
2.550629	10.00	-9.072986	0.01602681	0.00	0.06818409	-8.622716	10.00	-0.002718082
2.565917	10.00	-9.007944	0.01528814	0.00	0.06504151	-8.572926	10.00	-0.002713827
2.582165	10.00	-8.941556	0.0162474	0.00	0.06638773	-8.521678	10.00	-0.002709609
2.598888	10.00	-8.873226	0.01672271	0.00	0.0683299	-8.473775	10.00	-0.002705464
2.615138	10.00	-8.809356	0.01624988	0.00	0.06387083	-8.424335	10.00	-0.002701319
2.633185	10.00	-8.743437	0.01804759	0.00	0.06591917	-8.374145	10.00	-0.002697101
2.651507	10.00	-8.676516	0.01832198	0.00	0.0669214	-8.324179	10.00	-0.002692846
2.671037	10.00	-8.609896	0.01952958	0.00	0.06661988	-8.274282	10.00	-0.002688591
2.691183	10.00	-8.543367	0.02014678	0.00	0.06652787	-8.226195	10.00	-0.00268452
2.7106	10.00	-8.479252	0.01941631	0.00	0.06411573	-8.176515	10.00	-0.002680338
2.73066	10.00	-8.41301	0.02006019	0.00	0.06624192	-8.126994	10.00	-0.002676194
2.750655	10.00	-8.346983	0.01999503	0.00	0.06602675	-8.076063	10.00	-0.002671902
2.77122	10.00	-8.279074	0.02056518	0.00	0.06790947	-8.027386	10.00	-0.002667647
2.790874	10.00	-8.214172	0.01965423	0.00	0.06490137	-7.977674	10.00	-0.002663466
2.810946	10.00	-8.147891	0.02007219	0.00	0.06628156	-7.928911	10.00	-0.002659394
2.830636	10.00	-8.082871	0.01968981	0.00	0.06501886	-7.878899	10.00	-0.002655139
2.85083	10.00	-8.01619	0.02019351	0.00	0.06668217	-7.828883	10.00	-0.002650958
2.871025	10.00	-7.949502	0.02019523	0.00	0.06668783	-7.779818	10.00	-0.002646776
2.890837	10.00	-7.884079	0.01981198	0.00	0.0654223	-7.730343	10.00	-0.002642558
2.910813	10.00	-7.818115	0.01997617	0.00	0.06596447	-7.680384	10.00	-0.002638267
2.930986	10.00	-7.751501	0.02017293	0.00	0.06661422	-7.631182	10.00	-0.002634122
2.950853	10.00	-7.685899	0.01986643	0.00	0.06560208	-7.5814	10.00	-0.00262994
2.970953	10.00	-7.619524	0.02010049	0.00	0.06637499	-7.531181	10.00	-0.002625649
2.99123	10.00	-7.552566	0.0202771	0.00	0.0669582	-7.482249	10.00	-0.002621577
3.010988	10.00	-7.487323	0.01975754	0.00	0.06524253	-7.432932	10.00	-0.002617322
3.030901	10.00	-7.421565	0.01991358	0.00	0.0657578	-7.381736	10.00	-0.002613031
3.051572	10.00	-7.353306	0.02067106	0.00	0.06825912	-7.333523	10.00	-0.002608886
3.07104	10.00	-7.289022	0.01946732	0.00	0.06428418	-7.284272	10.00	-0.002604741
3.090926	10.00	-7.223353	0.01988657	0.00	0.06566861	-7.234767	10.00	-0.002600413
3.110915	10.00	-7.157348	0.0199886	0.00	0.06600552	-7.184955	10.00	-0.002596232
3.131028	10.00	-7.090932	0.02011292	0.00	0.06641604	-7.135641	10.00	-0.002591977
3.151577	10.00	-7.025178	0.02054898	0.00	0.06575355	-7.085987	10.00	-0.002587795
3.174831	10.00	-6.958973	0.02325433	0.00	0.06620511	-7.036375	10.00	-0.00258365
3.198706	10.00	-6.892825	0.02387495	0.00	0.0661485	-6.986928	10.00	-0.002579396
3.222502	10.00	-6.826895	0.02379575	0.00	0.06592908	-6.937368	10.00	-0.002575141
3.246352	10.00	-6.761455	0.02385042	0.00	0.0654407	-6.887806	10.00	-0.002570886
3.270843	10.00	-6.696012	0.0244908	0.00	0.0654421	-6.837696	10.00	-0.002566778
3.296899	10.00	-6.631787	0.02605594	0.00	0.06422602	-6.788469	10.00	-0.002562523
3.322495	10.00	-6.569328	0.02559663	0.00	0.06245832	-6.739107	10.00	-0.002558305
3.348162	10.00	-6.506699	0.02566675	0.00	0.0626294	-6.68873	10.00	-0.002554013
3.374357	10.00	-6.442782	0.0261945	0.00	0.06391717	-6.639589	10.00	-0.002549905
3.399909	10.00	-6.380433	0.02555192	0.00	0.06234922	-6.590249	10.00	-0.002545687
3.425565	10.00	-6.31783	0.0256557	0.00	0.06260246	-6.539135	10.00	-0.002541395
3.452142	10.00	-6.252978	0.02657762	0.00	0.06485201	-6.491052	10.00	-0.002537324
3.477144	10.00	-6.19197	0.02500208	0.00	0.06100756	-6.441655	10.00	-0.002533142
3.502829	10.00	-6.129297	0.02568496	0.00	0.06267385	-6.39095	10.00	-0.002528778
3.529194	10.00	-6.064963	0.02636508	0.00	0.06433341	-6.342321	10.00	-0.002524779
3.554479	10.00	-6.003266	0.02528473	0.00	0.06169725	-6.292845	10.00	-0.002520561
3.580205	10.00	-5.940491	0.02572636	0.00	0.06277488	-6.24163	10.00	-0.00251616
3.606836	10.00	-5.87551	0.02663061	0.00	0.06498133	-6.193542	10.00	-0.002512198
3.63184	10.00	-5.814497	0.02500429	0.00	0.06101295	-6.143709	10.00	-0.002507943
3.657752	10.00	-5.751269	0.02591185	0.00	0.06322749	-6.092492	10.00	-0.002503542
3.684383	10.00	-5.686286	0.02663117	0.00	0.06498268	-6.044949	10.00	-0.00249958
3.709104	10.00	-5.625965	0.02472109	0.00	0.06032191	-5.995024	10.00	-0.002495326
3.735064	10.00	-5.562622	0.02595933	0.00	0.06334333	-5.945715	10.00	-0.002491107
3.760703	10.00	-5.500059	0.02563914	0.00	0.06256205	-5.895971	10.00	-0.002486889
3.786569	10.00	-5.436944	0.02586603	0.00	0.06311568	-5.846681	10.00	-0.002482744
3.812198	10.00	-5.374406	0.02562921	0.00	0.0625378	-5.796938	10.00	-0.002478563
3.838062	10.00	-5.311294	0.02586438	0.00	0.06311164	-5.747559	10.00	-0.002474235
3.863739	10.00	-5.248642	0.02567613	0.00	0.0626523	-5.697301	10.00	-0.002470053
3.889871	10.00	-5.184875	0.02613267	0.00	0.0637663	-5.64842	10.00	-0.002465872
3.915288	10.00	-5.122857	0.02541667	0.00	0.06201919	-5.598882	10.00	-0.002461653
3.940407	10.00	-5.060003	0.02511882	0.00	0.06285301	-5.547494	10.00	-0.002357997
3.965849	10.00	-4.994678	0.02544195	0.00	0.06532484	-5.499837	10.00	-0.002261822
3.989443	10.00	-4.934098	0.02359421	0.00	0.06058055	-5.450667	10.00	-0.00208022
4.013824	10.00	-4.871497	0.02438115	0.00	0.06260111	-5.400822	10.00	-0.001896491
4.03854	10.00	-4.808035	0.02471639	0.00	0.06346187	-5.351524	10.00	-0.001642741
4.062967	10.00	-4.745317	0.02442679	0.00	0.0627183	-5.302197	10.00	-0.001386716
4.087421	10.00	-4.682528	0.02445407	0.00	0.06278835	-5.251041	10.00	-0.001079486
4.112738	10.00	-4.617526	0.02531657	0.00	0.06500289	-5.203006	10.00	-0.0007183368
4.13402	10.00	-4.556505	0.02128207	0.00	0.06102103	-5.154257	10.00	-0.0003509888
4.155056	10.00	-4.494375	0.02103652	0.00	0.06212964	-5.10256	10.00	9.76966E-05
4.177358	10.00	-4.42851	0.02230128	0.00	0.065865	-5.053891	10.00	0.0005735618
4.198312	10.00	-4.366624	0.02095397	0.00	0.06188583	-5.005524	10.00	0.001096927
4.219162	10.00	-4.305043	0.02085089	0.00	0.0615814	-4.95636	10.00	0.001667995
4.240319	10.00	-4.242558	0.02115693	0.00	0.06248526	-4.906768	10.00	0.002261217
4.261717	10.00	-4.179361	0.02139775	0.00	0.0631965	-4.857503	10.00	0.002923378
4.282958	10.00	-4.116628	0.02124085	0.00	0.06273312	-4.808252	10.00	0.00365791
4.304177	10.00	-4.053958	0.02121942	0.00	0.06266981	-4.75864	10.00	0.004396457
4.325552	10.00	-3.990829	0.02137494	0.00	0.06312915	-4.709472	10.00	0.005130199
4.346808	10.00	-3.928051	0.0212559	0.00	0.06277757	-4.660488	10.00	0.005874102
4.368057	10.00	-3.865295	0.02124861	0.00	0.06275602	-4.611272	10.00	0.006453807
4.389402	10.00	-3.802255	0.02134484	0.00	0.06304024	-4.562076	10.00	0.006864639
4.413939	10.00	-3.740536	0.02453696	0.00	0.06171904	-4.512908	10.00	0.007107496
4.439734	10.00	-3.682717	0.02579537	0.00	0.05781941	-4.463726	10.00	0.007185349
4.465519	10.00	-3.62684	0.02578543	0.00	0.05587644	-4.414206	10.00	0.007097941
4.491465	10.00	-3.571905	0.02594553	0.00	0.05493493	-4.365623	10.00	0.006864016
4.516879	10.00	-3.518096	0.02541391	0.00	0.05380933	-4.315848	10.00	0.006465655
4.542244	10.00	-3.466898	0.02536484	0.00	0.05119791	-4.265973	10.00	0.005942546
4.567072	10.00	-3.418068	0.02482866	0.00	0.04883024	-4.217595	10.00	0.00537467
4.592374	10.00	-3.377688	0.02530184	0.00	0.04037929	-4.168112	10.00	0.004878521
4.619476	10.00	-3.343535	0.02710183	0.00	0.03415375	-4.118713	10.00	0.004384224
4.647171	10.00	-3.311999	0.02769546	0.00	0.03153538	-4.06923	10.00	0.003890038
4.674915	10.00	-3.282332	0.0277435	0.00	0.0296668	-4.019869	10.00	0.003398107
4.70259	10.00	-3.254018	0.0276747	0.00	0.02831421	-3.96882	10.00	0.002890238
4.731211	10.00	-3.228704	0.0286208	0.00	0.02531394	-3.920901	10.00	0.002486632
4.758717	10.00	-3.206789	0.02750646	0.00	0.02191508	-3.871684	10.00	0.002072995
4.786969	10.00	-3.185557	0.0282517	0.00	0.02123264	-3.822383	10.00	0.001659503
4.815269	10.00	-3.164288	0.02829964	0.00	0.02126867	-3.773214	10.00	0.001321921
4.843513	10.00	-3.143061	0.02824442	0.00	0.02122717	-3.723858	10.00	0.0009839901
4.871864	10.00	-3.121753	0.02835123	0.00	0.02130744	-3.674346	10.00	0.0006625286
4.900231	10.00	-3.100434	0.02836701	0.00	0.0213193	-3.624722	10.00	0.0003410119
4.928662	10.00	-3.079066	0.02843133	0.00	0.02136765	-3.575786	10.00	2.463047E-05
4.956699	10.00	-3.057995	0.02803687	0.00	0.02107118	-3.526018	10.00	-0.0002965927
4.985212	10.00	-3.036566	0.02851326	0.00	0.02142922	-3.476418	10.00	-0.0005409901
5.013595	10.00	-3.015235	0.02838278	0.00	0.02133116	-3.426766	10.00	-0.000784984
5.040724	10.00	-2.993881	0.02712906	0.00	0.02135351	-3.37737	10.00	-0.001027181
5.068352	10.00	-2.972638	0.02762784	0.00	0.02124359	-3.327576	10.00	-0.001270918
5.096203	10.00	-2.951223	0.02785087	0.00	0.02141508	-3.277173	10.00	-0.001517112
5.123743	10.00	-2.929546	0.02753932	0.00	0.02167642	-3.228374	10.00	-0.001754871
5.150405	10.00	-2.908559	0.02666318	0.00	0.02098681	-3.179149	10.00	-0.001883507
5.17731	10.00	-2.887382	0.02690481	0.00	0.021177	-3.12886	10.00	-0.0020146
5.204798	10.00	-2.860545	0.02748717	0.00	0.02683697	-3.079794	10.00	-0.002142136
5.230981	10.00	-2.828653	0.02618353	0.00	0.03189284	-3.030799	10.00	-0.002269305
5.256494	10.00	-2.789837	0.02551273	0.00	0.03881544	-2.979861	10.00	-0.00230239
5.281667	10.00	-2.744933	0.02517334	0.00	0.04490424	-2.929456	10.00	-0.002298098
5.301369	10.00	-2.683584	0.01970137	0.00	0.0613492	-2.882289	10.00	-0.002293917
5.31676	10.00	-2.62313	0.01539134	0.00	0.06045402	-2.831981	10.00	-0.002289589
5.324732	10.00	-2.556702	0.007972614	0.00	0.06642762	-2.782874	10.00	-0.002285187
5.325541	10.00	-2.491225	0.0008083648	0.00	0.06547751	-2.733325	10.00	-0.002280859
5.325541	10.00	-2.425159	0	0.00	0.06606498	-2.682213	10.00	-0.002276421
5.325541	10.00	-2.357011	0	0.00	0.0681487	-2.633832	10.00	-0.002259514
5.325541	10.00	-2.292479	0	0.00	0.06453191	-2.584934	10.00	-0.002255223
5.325541	10.00	-2.227282	0	0.00	0.06519723	-2.535093	10.00	-0.002250922
5.325541	10.00	-2.160827	0	0.00	0.06645426	-2.485586	10.00	-0.002246475
5.325541	10.00	-2.094818	0	0.00	0.06600977	-2.436018	10.00	-0.002242174
5.325541	10.00	-2.028727	0	0.00	0.06609046	-2.386506	10.00	-0.002224853
5.325541	10.00	-1.962688	0	0.00	0.0660395	-2.336829	10.00	-0.002207751
5.325541	10.00	-1.896427	0	0.00	0.06626032	-2.286763	10.00	-0.002203304
5.325541	10.00	-1.829673	0	0.00	0.06675436	-2.237532	10.00	-0.002199113
5.325541	10.00	-1.764031	0	0.00	0.06564172	-2.187985	10.00	-0.002194886
5.325541	10.00	-1.697969	0	0.00	0.06606214	-2.137436	10.00	-0.00219055
5.325541	10.00	-1.630571	0	0.00	0.06739845	-2.089162	10.00	-0.002186358
5.325541	10.00	-1.566204	0	0.00	0.06436628	-2.039653	10.00	-0.002182095
5.325541	10.00	-1.500192	0	0.00	0.0660126	-1.988567	10.00	-0.002177721
5.325541	10.00	-1.432078	0	0.00	0.06811331	-1.939984	10.00	-0.002173604
5.325541	10.00	-1.3673	0	0.00	0.06477822	-1.890769	10.00	-0.00216934
5.325541	10.00	-1.30168	0	0.00	0.06562048	-1.840456	10.00	-0.002165003
5.325541	10.00	-1.234597	0	0.00	0.06708278	-1.79181	10.00	-0.002160885
5.325541	10.00	-1.169735	0	0.00	0.06486174	-1.742271	10.00	-0.002156622
5.325541	10.00	-1.103683	0	0.00	0.06605224	-1.69106	10.00	-0.002152175
5.325541	10.00	-1.035403	0	0.00	0.06828035	-1.642916	10.00	-0.002148167
5.325541	10.00	-0.9712105	0	0.00	0.06419217	-1.59365	10.00	-0.002143867
5.325541	10.00	-0.9055221	0	0.00	0.06568843	-1.544036	10.00	-0.002043685
5.325541	10.00	-0.8392434	0	0.00	0.06627873	-1.494745	10.00	-0.001861525
5.325541	10.00	-0.7732945	0	0.00	0.0659489	-1.445117	10.00	-0.001562099
5.325541	10.00	-0.7070257	0	0.00	0.06626882	-1.395986	10.00	-0.001105866
5.325541	10.00	-0.6411278	0	0.00	0.06589793	-1.346279	10.00	-0.000564464
5.325541	10.00	-0.5744612	0	0.00	0.0666666	-1.297655	10.00	1.383865E-05
5.325541	10.00	-0.5090473	0	0.00	0.06541381	-1.248239	10.00	0.0007859019
5.325541	10.00	-0.4426412	0	0.00	0.06640613	-1.199251	10.00	0.001553013
5.325541	10.00	-0.3765833	0	0.00	0.0660579	-1.150206	10.00	0.002496408
5.325541	10.00	-0.3102239	0	0.00	0.06635942	-1.101747	10.00	0.003484772
5.325541	10.00	-0.2444434	0	0.00	0.06578045	-1.053188	10.00	0.004698056
5.325541	10.00	-0.1782836	0	0.00	0.06615982	-1.004507	10.00	0.005965352
5.325541	10.00	-0.1117359	0	0.00	0.06654768	-0.9566898	10.00	0.007020804
5.325541	10.00	-0.0461098	0	0.00	0.06562614	-0.9087087	10.00	0.007893736
5.325541	10.00	0.02001746	0	0.00	0.06612726	-0.860515	10.00	0.008598437
5.325541	10.00	0.08672511	0	0.00	0.06670765	-0.8133048	10.00	0.009147395
5.325541	10.00	0.1522281	0	0.00	0.06550299	-0.7656295	10.00	0.009564105
5.325541	10.00	0.2184658	0	0.00	0.06623767	-0.7173921	10.00	0.009742726
5.325541	10.00	0.2855457	0	0.00	0.06707995	-0.6702668	10.00	0.009757498
5.325541	10.00	0.3511549	0	0.00	0.06560916	-0.6233504	10.00	0.009563325
5.325541	10.00	0.4163578	0	0.00	0.06520289	-0.5742063	10.00	0.009195399
5.325541	10.00	0.4845971	0	0.00	0.0682393	-0.5278906	10.00	0.008733756
5.327576	10.00	0.5487864	0.002035537	0.00	0.06418934	-0.4801984	10.00	0.008159892
5.330946	10.00	0.6147594	0.003369716	0.00	0.06597296	-0.4322088	10.00	0.007492274
5.334329	10.00	0.6809801	0.003382369	0.00	0.06622069	-0.3840241	10.00	0.006710948
5.337708	10.00	0.7471583	0.0033802	0.00	0.06617822	-0.335782	10.00	0.005812009
5.341084	10.00	0.813253	0.003375934	0.00	0.0660947	-0.2875676	10.00	0.004870155
5.344447	10.00	0.8790886	0.003362702	0.00	0.06583565	-0.2385991	10.00	0.00403071
5.349788	10.00	0.9457482	0.005341154	0.00	0.06665952	-0.1898222	10.00	0.003272713
5.358938	10.00	1.011939	0.009149127	0.00	0.06619097	-0.141469	10.00	0.002707634
5.368601	10.00	1.077275	0.009663586	0.00	0.06533595	-0.09172432	10.00	0.002210375
5.383056	10.00	1.144293	0.01445479	0.00	0.06701766	-0.04329916	10.00	0.001850152
5.393305	10.00	1.209333	0.0102496	0.00	0.0650401	0.006340834	10.00	0.001585058
5.402497	10.00	1.27583	0.009191391	0.00	0.06649673	0.05575081	10.00	0.001447939
5.413543	10.00	1.341868	0.01104631	0.00	0.06603808	0.1069005	10.00	0.001435953
5.424953	10.00	1.410077	0.01140954	0.00	0.06820957	0.1548759	10.00	0.001432717
5.435653	10.00	1.474044	0.0106999	0.00	0.06396709	0.205947	10.00	0.001429222
5.447043	10.00	1.542139	0.01139036	0.00	0.06809492	0.254656	10.00	0.001426132
5.458535	10.00	1.607085	0.01149237	0.00	0.06494525	0.3037184	10.00	0.001422675
5.471378	10.00	1.672501	0.01284263	0.00	0.06541664	0.3530864	10.00	0.001419456
5.486213	10.00	1.738325	0.01483477	0.00	0.06582433	0.4043455	10.00	0.001416053
5.501616	10.00	1.806671	0.01540296	0.00	0.06834547	0.4524247	10.00	0.001412817
5.516684	10.00	1.870777	0.0150682	0.00	0.06410582	0.5016794	10.00	0.00140958
5.532756	10.00	1.93645	0.01607244	0.00	0.06567286	0.5521687	10.00	0.001406214
5.549232	10.00	2.003769	0.01647536	0.00	0.06731918	0.6013151	10.00	0.00140294
5.567173	10.00	2.069297	0.01794062	0.00	0.06552847	0.6503487	10.00	0.001399666
5.585705	10.00	2.134043	0.01853259	0.00	0.06474537	0.7016364	10.00	0.001396245
5.607076	10.00	2.20044	0.02137094	0.00	0.06639723	0.7493888	10.00	0.001392972
5.626974	10.00	2.261644	0.01989778	0.00	0.06120379	0.7998389	10.00	0.001389698
5.648647	10.00	2.325654	0.02167323	0.00	0.06401011	0.8487157	10.00	0.001386333
5.669644	10.00	2.387668	0.0209973	0.00	0.0620138	0.8986073	10.00	0.001383022
5.691078	10.00	2.450969	0.02143332	0.00	0.06330157	0.9482113	10.00	0.001379656
5.712387	10.00	2.513906	0.02130972	0.00	0.06293653	0.997659	10.00	0.001376437
5.73363	10.00	2.576644	0.02124267	0.00	0.06273851	1.047334	10.00	0.001373053
5.75497	10.00	2.639671	0.02134028	0.00	0.06302677	1.096819	10.00	0.001369798
5.776229	10.00	2.701179	0.02125864	0.00	0.0615079	1.146162	10.00	0.001366616
5.797426	10.00	2.761236	0.02119752	0.00	0.06005699	1.195859	10.00	0.001363214
5.818776	10.00	2.821724	0.02134986	0.00	0.06048859	1.246779	10.00	0.001359719
5.840652	10.00	2.883702	0.02187528	0.00	0.06197722	1.294678	10.00	0.001356519
5.861229	10.00	2.942001	0.02057723	0.00	0.05829958	1.342629	10.00	0.00488206
5.882535	10.00	3.002366	0.02130607	0.00	0.06036454	1.391541	10.00	0.009677546
5.9045	10.00	3.064599	0.02196559	0.00	0.06223308	1.437453	10.00	0.01458139
5.925224	10.00	3.123312	0.02072318	0.00	0.05871308	1.488541	10.00	0.01951158
5.948144	10.00	3.18825	0.0229202	0.00	0.06493769	1.533935	10.00	0.02462387
5.968677	10.00	3.246424	0.02053299	0.00	0.05817423	1.580623	10.00	0.02944892
5.989716	10.00	3.306032	0.02103926	0.00	0.05960859	1.627141	10.00	0.03432576
6.01072	10.00	3.36554	0.02100368	0.00	0.0595078	1.673717	10.00	0.03923853
6.031835	10.00	3.425364	0.02111543	0.00	0.05982439	1.720697	10.00	0.04418705
6.05314	10.00	3.485727	0.02130516	0.00	0.06036195	1.767228	10.00	0.04914952
6.074337	10.00	3.545782	0.02119707	0.00	0.0600557	1.815397	10.00	0.05413196
6.096271	10.00	3.607925	0.02193366	0.00	0.06214263	1.860625	10.00	0.05917482
6.116981	10.00	3.6666	0.02070996	0.00	0.05867561	1.906978	10.00	0.06414593
6.138134	10.00	3.726531	0.02115282	0.00	0.05993035	1.955186	10.00	0.0692001
6.160161	10.00	3.78894	0.02202762	0.00	0.06240882	2.000657	10.00	0.07433093
6.181052	10.00	3.848127	0.02089057	0.00	0.05918733	2.046564	10.00	0.07931481
6.199603	10.00	3.907866	0.01855065	0.00	0.05973911	2.092373	10.00	0.08454791
6.215067	10.00	3.97111	0.01546449	0.00	0.06324355	2.138461	10.00	0.0897226
6.225502	10.00	4.036682	0.01043453	0.00	0.06557247	2.184306	10.00	0.0943274
6.230124	10.00	4.10229	0.004621606	0.00	0.06560774	2.231558	10.00	0.09803854
6.230124	10.00	4.169135	0	0.00	0.06684496	2.278052	10.00	0.1013297
6.230124	10.00	4.234993	0	0.00	0.0658583	2.323519	10.00	0.1064525
6.230124	10.00	4.301157	0	0.00	0.06616407	2.368818	10.00	0.1114549
6.230124	10.00	4.367337	0	0.00	0.06617964	2.413712	10.00	0.116267
6.230124	10.00	4.433164	0	0.00	0.06582716	2.459464	10.00	0.120871
6.230124	10.00	4.500479	0	0.00	0.06731493	2.503846	10.00	0.1254006
6.230124	10.00	4.566187	0	0.00	0.06570825	2.549197	10.00	0.1297003
6.230124	10.00	4.63344	0	0.00	0.06725264	2.59382	10.00	0.1341159
6.230124	10.00	4.69998	0	0.00	0.06654061	2.636491	10.00	0.1384743
6.230124	10.00	4.764088	0	0.00	0.06410723	2.680864	10.00	0.1426573
6.230124	10.00	4.830709	0	0.00	0.0666213	2.724963	10.00	0.1469361
6.230124	10.00	4.897332	0	0.00	0.06662271	2.767736	10.00	0.1511179
6.230124	10.00	4.962199	0	0.00	0.0648674	2.8114	10.00	0.155069
6.230124	10.00	5.028425	0	0.00	0.06622635	2.855978	10.00	0.1589898
6.230124	10.00	5.096288	0	0.00	0.06786276	2.898861	10.00	0.1628669
6.230124	10.00	5.161801	0	0.00	0.0655129	2.941258	10.00	0.1664789
6.230124	10.00	5.226343	0	0.00	0.06454182	2.984752	10.00	0.1698502
6.237328	10.00	5.292336	0.007204732	0.00	0.06599278	3.029469	10.00	0.1724621
6.250446	10.00	5.359154	0.01311776	0.00	0.06681807	3.074922	10.00	0.1733375
6.265152	10.00	5.424406	0.01470589	0.00	0.06525244	3.121038	10.00	0.1742799
6.280673	10.00	5.49044	0.01552139	0.00	0.06603383	3.167562	10.00	0.1752329
6.300188	10.00	5.555077	0.01951505	0.00	0.06463655	3.214733	10.00	0.1755244
6.320269	10.00	5.61882	0.0200812	0.00	0.06374295	3.261955	10.00	0.1759338
6.341069	10.00	5.682152	0.02079937	0.00	0.06333255	3.308626	10.00	0.1765204
6.361726	10.00	5.745054	0.02065781	0.00	0.0629015	3.355935	10.00	0.1774697
6.382936	10.00	5.809635	0.02120947	0.00	0.06458126	3.401392	10.00	0.1783601
6.40332	10.00	5.871704	0.02038441	0.00	0.06206903	3.4469	10.00	0.1792115
6.423734	10.00	5.933862	0.02041361	0.00	0.06215793	3.492964	10.00	0.1800148
6.444405	10.00	5.996804	0.02067108	0.00	0.06294192	3.538954	10.00	0.180739
6.465055	10.00	6.059681	0.02064984	0.00	0.06287725	3.585418	10.00	0.1813716
6.485931	10.00	6.123248	0.02087635	0.00	0.06356695	3.631199	10.00	0.1818748
6.506519	10.00	6.185936	0.02058791	0.00	0.06268867	3.676879	10.00	0.1822364
6.526444	10.00	6.248547	0.01992516	0.00	0.06261054	3.722755	10.00	0.182428
6.545772	10.00	6.311285	0.01932748	0.00	0.06273851	3.768735	10.00	0.1824389
6.565149	10.00	6.374187	0.0193777	0.00	0.0629015	3.814223	10.00	0.1822265
6.584432	10.00	6.436779	0.01928225	0.00	0.06259169	3.85954	10.00	0.1817131
6.603682	10.00	6.499267	0.0192503	0.00	0.06248796	3.906578	10.00	0.1809609
6.623621	10.00	6.563991	0.01993916	0.00	0.06472405	3.95153	10.00	0.1802268
6.642332	10.00	6.624726	0.01871041	0.00	0.06073546	3.999117	10.00	0.1795529
6.661847	10.00	6.688075	0.01951547	0.00	0.06334872	4.046657	10.00	0.1791386
6.681005	10.00	6.750261	0.01915734	0.00	0.06218622	4.094976	10.00	0.1787025
6.700483	10.00	6.81349	0.01947853	0.00	0.06322884	4.14275	10.00	0.1781926
6.719801	10.00	6.876199	0.01931835	0.00	0.06270887	4.19033	10.00	0.1775656
6.739089	10.00	6.938809	0.01928806	0.00	0.06261054	4.238378	10.00	0.1768153
6.758532	10.00	7.001921	0.01944243	0.00	0.06311164	4.2866	10.00	0.1761553
6.778024	10.00	7.065195	0.01949223	0.00	0.06327329	4.334455	10.00	0.1756058
6.797311	10.00	7.127802	0.01928723	0.00	0.06260785	4.382623	10.00	0.175182
6.816053	10.00	7.190719	0.01874205	0.00	0.06291632	4.432827	10.00	0.1749359
6.835492	10.00	7.255975	0.01943906	0.00	0.06525613	4.480403	10.00	0.1748835
6.853809	10.00	7.317462	0.01831631	0.00	0.06148711	4.528849	10.00	0.1749241
6.872459	10.00	7.380071	0.01865057	0.00	0.0626092	4.577782	10.00	0.1751178
6.891286	10.00	7.443273	0.01882712	0.00	0.0632019	4.626402	10.00	0.1754632
6.909981	10.00	7.50603	0.0186947	0.00	0.06275737	4.674989	10.00	0.1759551
6.928653	10.00	7.568712	0.01867223	0.00	0.06268194	4.724994	10.00	0.1766107
6.947861	10.00	7.633191	0.01920753	0.00	0.06447889	4.772145	10.00	0.1771888
6.966031	10.00	7.694187	0.01816984	0.00	0.06099544	4.821282	10.00	0.1777671
6.985028	10.00	7.757961	0.01899766	0.00	0.06377438	4.869004	10.00	0.1783039
7.003543	10.00	7.820115	0.01851493	0.00	0.06215389	4.917673	10.00	0.1790099
7.022406	10.00	7.883435	0.01886243	0.00	0.06332043	4.965551	10.00	0.1797943
7.041018	10.00	7.945915	0.01861204	0.00	0.06247988	5.014064	10.00	0.1804486
7.059911	10.00	8.009339	0.01889333	0.00	0.06342416	5.0614	10.00	0.1809525
7.078384	10.00	8.071353	0.0184732	0.00	0.0620138	5.109351	10.00	0.1813181
7.097128	10.00	8.134274	0.01874366	0.00	0.06292171	5.164532	10.00	0.1815689
7.118734	10.00	8.206806	0.02160631	0.00	0.07253151	5.252561	10.00	0.181645
7.15326	10.00	8.322708	0.03452596	0.00	0.1159022	5.299988	10.00	0.1813846
7.171886	10.00	8.385234	0.01862569	0.00	0.06252567	5.347966	10.00	0.1809659
7.190753	10.00	8.448572	0.01886765	0.00	0.06333794	5.395261	10.00	0.1803926
7.209373	10.00	8.511076	0.01861927	0.00	0.06250412	5.443412	10.00	0.1796414
7.228322	10.00	8.574686	0.01894871	0.00	0.06361004	5.490779	10.00	0.1787526
7.245025	10.00	8.637161	0.0167033	0.00	0.06247449	5.538773	10.00	0.1777293
7.261909	10.00	8.700315	0.01688482	0.00	0.0631534	5.58719	10.00	0.1765959
7.277603	10.00	8.763847	0.01569341	0.00	0.06353327	5.634685	10.00	0.1754197
7.292948	10.00	8.825969	0.01534471	0.00	0.06212156	5.68319	10.00	0.1742042
7.308565	10.00	8.889195	0.01561755	0.00	0.06322614	5.731636	10.00	0.1729882
7.324109	10.00	8.952124	0.01554401	0.00	0.06292845	5.779965	10.00	0.1718202
7.339564	10.00	9.014691	0.01545484	0.00	0.06256744	5.829547	10.00	0.1706842
7.355368	10.00	9.078673	0.01580421	0.00	0.06398183	5.877944	10.00	0.1696453
7.370745	10.00	9.140925	0.01537698	0.00	0.06225223	5.927201	10.00	0.1686765
7.38635	10.00	9.204099	0.01560457	0.00	0.06317361	5.977308	10.00	0.1677863
7.401525	10.00	9.268176	0.01517581	0.00	0.06407747	6.025219	10.00	0.1670504
7.415378	10.00	9.331156	0.01385209	0.00	0.06297958	6.074308	10.00	0.1664167
7.429538	10.00	9.395537	0.01416046	0.00	0.06438162	6.125479	10.00	0.1658839
7.444265	10.00	9.463157	0.01472714	0.00	0.0676192	6.173441	10.00	0.1653972
7.457447	10.00	9.527141	0.01318094	0.00	0.06398408	6.223069	10.00	0.1648936
7.470444	10.00	9.593349	0.01299798	0.00	0.06620795	6.272565	10.00	0.1643915
7.483407	10.00	9.65938	0.01296324	0.00	0.066031	6.322059	10.00	0.1638893
7.493813	10.00	9.725407	0.01040509	0.00	0.06602675	6.371785	10.00	0.1633847
7.504267	10.00	9.791743	0.01045394	0.00	0.06633677	6.421023	10.00	0.1628851
7.513346	10.00	9.85743	0.009079469	0.00	0.06568702	6.470573	10.00	0.1623823
7.519923	10.00	9.923532	0.006576577	0.00	0.06610178	6.520332	10.00	0.1618774
7.52267	10.00	9.989914	0.002747842	0.00	0.06638207	6.569685	10.00	0.1613766
7.522846	10.00	10.05575	0.0001753185	0.00	0.0658399	6.619362	10.00	0.1608725
7.522846	10.00	10.12203	0	0.00	0.06627306	6.669159	10.00	0.1603671
7.522846	10.00	10.18846	0	0.00	0.06643161	6.718577	10.00	0.1598656
7.522846	10.00	10.25438	0	0.00	0.06592483	6.767796	10.00	0.1593663
7.522846	10.00	10.32004	0	0.00	0.06566153	6.817825	10.00	0.1588586
7.522846	10.00	10.38679	0	0.00	0.06674162	6.867142	10.00	0.1583582
7.522846	10.00	10.45258	0	0.00	0.06579177	6.916531	10.00	0.1578571
7.522846	10.00	10.51847	0	0.00	0.06588802	6.966949	10.00	0.1573455
7.522846	10.00	10.58573	0	0.00	0.06726114	7.015689	10.00	0.1568509
7.522846	10.00	10.65075	0	0.00	0.06502169	7.065174	10.00	0.1563488
7.522846	10.00	10.71676	0	0.00	0.06601543	7.115201	10.00	0.1558412
7.522846	10.00	10.7835	0	0.00	0.06673879	7.164374	10.00	0.1553422
7.522846	10.00	10.8491	0	0.00	0.06559925	7.213832	10.00	0.1548404
7.522846	10.00	10.91508	0	0.00	0.06598146	7.264585	10.00	0.1543254
7.522846	10.00	10.98279	0	0.00	0.06770705	7.312816	10.00	0.153836
7.522846	10.00	11.04713	0	0.00	0.06434222	7.36235	10.00	0.1533333
7.522846	10.00	11.11322	0	0.00	0.06608196	7.412405	10.00	0.1528254
7.522846	10.00	11.17999	0	0.00	0.06677418	7.461636	10.00	0.1523258
7.522846	10.00	11.24567	0	0.00	0.06567711	7.511311	10.00	0.1518217
7.522846	10.00	11.31194	0	0.00	0.06627023	7.560682	10.00	0.1513208
7.522846	10.00	11.3778	0	0.00	0.06586397	7.610241	10.00	0.1508179
7.522846	10.00	11.44392	0	0.00	0.06611452	7.659544	10.00	0.1503176
7.522846	10.00	11.50969	0	0.00	0.06577195	7.709124	10.00	0.1498146
7.522846	10.00	11.57583	0	0.00	0.06614283	7.758842	10.00	0.1493101
7.522846	10.00	11.64216	0	0.00	0.06632686	7.809468	10.00	0.1487963
7.522846	10.00	11.7097	0	0.00	0.06753859	7.857773	10.00	0.1483061
7.522846	10.00	11.77414	0	0.00	0.06443989	7.907291	10.00	0.1478038
7.522846	10.00	11.8402	0	0.00	0.06606073	7.957205	10.00	0.1472972
7.522846	10.00	11.90679	0	0.00	0.06658874	8.006541	10.00	0.1467966
7.522846	10.00	11.9726	0	0.00	0.06581725	8.057047	10.00	0.1462841
7.522846	10.00	12.03998	0	0.00	0.06737722	8.106817	10.00	0.1457791
7.522846	10.00	12.10638	0	0.00	0.06639622	8.155703	10.00	0.145283
7.522846	10.00	12.17159	0	0.00	0.06521563	8.205832	10.00	0.1447743
7.522846	10.00	12.23847	0	0.00	0.06687468	8.254559	10.00	0.1442798
7.522846	10.00	12.30347	0	0.00	0.06500612	8.304688	10.00	0.1437711
7.522846	10.00	12.37035	0	0.00	0.06687327	8.35369	10.00	0.1432739
7.522846	10.00	12.43572	0	0.00	0.06537276	8.404654	10.00	0.1427567
7.522846	10.00	12.50371	0	0.00	0.06798733	8.452881	10.00	0.1422672
7.522846	10.00	12.56804	0	0.00	0.06433938	8.504638	10.00	0.1417421
7.522846	10.00	12.63709	0	0.00	0.06904618	8.617617	10.00	0.1405956
7.522846	10.00	12.78781	0	0.00	0.1507207	8.700626	10.00	0.1397532
7.522846	10.00	12.89855	0	0.00	0.1107406	8.749617	10.00	0.1392562
7.522846	10.00	12.96391	0	0.00	0.06535435	8.799727	10.00	0.1387475
7.522846	10.00	13.03076	0	0.00	0.06685062	8.849708	10.00	0.1382404
7.522846	10.00	13.09743	0	0.00	0.06667792	8.89852	10.00	0.1377451
7.522846	10.00	13.16255	0	0.00	0.06511796	8.949023	10.00	0.1372325
7.522846	10.00	13.22993	0	0.00	0.06737439	8.998633	10.00	0.1367293
7.522846	10.00	13.29611	0	0.00	0.06618247	9.047242	10.00	0.136236
7.522846	10.00	13.36096	0	0.00	0.06484617	9.097169	10.00	0.1357293
7.522846	10.00	13.42756	0	0.00	0.06660431	9.145992	10.00	0.135234
7.522846	10.00	13.4927	0	0.00	0.06513494	9.195421	10.00	0.1347322
7.522846	10.00	13.55864	0	0.00	0.0659404	9.245907	10.00	0.13422
7.522846	10.00	13.62599	0	0.00	0.06735032	9.294214	10.00	0.1337298
7.522846	10.00	13.69043	0	0.00	0.06444556	9.343966	10.00	0.1332249
7.522846	10.00	13.7568	0	0.00	0.06637216	9.39412	10.00	0.1327161
7.522846	10.00	13.82371	0	0.00	0.06690724	9.443159	10.00	0.1322184
7.522846	10.00	13.88913	0	0.00	0.06542089	9.492748	10.00	0.1317153
7.513702	10.00	13.95529	-0.00914404	0.00	0.06615416	9.543932	10.00	0.1311959
7.498312	10.00	14.02357	-0.01538924	0.00	0.0682846	9.592075	10.00	0.1307073
7.480729	10.00	14.0878	-0.01758368	0.00	0.06422473	9.641683	10.00	0.1302039
7.46261	10.00	14.15397	-0.01811851	0.00	0.06617822	9.692698	10.00	0.1296864
7.441341	10.00	14.22203	-0.02126875	0.00	0.0680567	9.740528	10.00	0.1292009
7.420165	10.00	14.28584	-0.02117684	0.00	0.06380855	9.789981	10.00	0.1286991
7.396991	10.00	14.35181	-0.02317328	0.00	0.06597438	9.839577	10.00	0.1281959
7.37119	10.00	14.41798	-0.025802	0.00	0.06616265	9.889082	10.00	0.1276936
7.344795	10.00	14.48402	-0.02639455	0.00	0.06604233	9.938697	10.00	0.1271901
7.318341	10.00	14.55021	-0.02645396	0.00	0.06619097	9.988119	10.00	0.1266886
7.291991	10.00	14.61614	-0.02635042	0.00	0.06593191	10.03761	10.00	0.1261865
7.265602	10.00	14.68217	-0.02638833	0.00	0.06602675	10.08705	10.00	0.1256847
7.239244	10.00	14.74812	-0.02635778	0.00	0.06595031	10.13682	10.00	0.1251797
7.212706	10.00	14.81452	-0.02653825	0.00	0.06640188	10.1864	10.00	0.1246766
7.186272	10.00	14.88066	-0.02643415	0.00	0.06614142	10.23581	10.00	0.1241752
7.158654	10.00	14.94657	-0.02761835	0.00	0.06591067	10.28551	10.00	0.1236709
7.129584	10.00	15.01288	-0.02906914	0.00	0.06630845	10.33469	10.00	0.1231718
7.100821	10.00	15.07849	-0.02876319	0.00	0.06561057	10.3854	10.00	0.1226573
7.071168	10.00	15.14613	-0.02965311	0.00	0.06764051	10.4339	10.00	0.122165
7.042799	10.00	15.21084	-0.02836913	0.00	0.06471168	10.48364	10.00	0.1216604
7.008569	10.00	15.2772	-0.0342297	0.00	0.06635517	10.53355	10.00	0.1211541
6.972294	10.00	15.34377	-0.03627524	0.00	0.06657175	10.58304	10.00	0.1206518
6.935037	10.00	15.40916	-0.03725693	0.00	0.06538743	10.63209	10.00	0.120154
6.898115	10.00	15.47269	-0.03692225	0.00	0.06353287	10.68226	10.00	0.1196449
6.860347	10.00	15.53703	-0.03776814	0.00	0.06434032	10.73164	10.00	0.1191438
6.821897	10.00	15.59844	-0.03844967	0.00	0.06141421	10.78075	10.00	0.1186456
6.783029	10.00	15.65698	-0.03886836	0.00	0.05853248	10.83089	10.00	0.1181368
6.738161	10.00	15.7148	-0.04486782	0.00	0.05782136	10.87988	10.00	0.1176396
6.694952	10.00	15.77003	-0.04320851	0.00	0.05523284	10.92923	10.00	0.1171388
6.651425	10.00	15.82504	-0.04352763	0.00	0.05500324	10.97942	10.00	0.1166295
6.603274	10.00	15.88032	-0.04815101	0.00	0.05528209	11.02829	10.00	0.1161336
6.553231	10.00	15.93289	-0.05004284	0.00	0.05256786	11.07805	10.00	0.1156286
6.499701	10.00	15.98513	-0.05353009	0.00	0.05224447	11.12755	10.00	0.1151263
6.445812	10.00	16.0339	-0.05388874	0.00	0.04877322	11.17727	10.00	0.1146219
6.393618	10.00	16.07839	-0.05219433	0.00	0.04448801	11.22654	10.00	0.1141219
6.341887	10.00	16.12185	-0.0517309	0.00	0.04345651	11.27635	10.00	0.1136164
6.287667	10.00	16.16577	-0.05422027	0.00	0.04392629	11.32573	10.00	0.1131154
6.228162	10.00	16.20933	-0.05950433	0.00	0.04355571	11.37585	10.00	0.1126068
6.166486	10.00	16.25353	-0.06167608	0.00	0.04419769	11.425	10.00	0.112108
6.104725	10.00	16.29688	-0.06176145	0.00	0.04334889	11.47414	10.00	0.1116093
6.042973	10.00	16.34022	-0.06175211	0.00	0.04334233	11.52462	10.00	0.1110971
5.979551	10.00	16.38473	-0.06342145	0.00	0.044514	11.57365	10.00	0.1105996
5.917939	10.00	16.42798	-0.06161211	0.00	0.04324407	11.6239	10.00	0.1100897
5.854798	10.00	16.47229	-0.06314145	0.00	0.04431748	11.67457	10.00	0.1095754
5.79112	10.00	16.51699	-0.06367745	0.00	0.04469368	11.72303	10.00	0.1090838
5.730231	10.00	16.55972	-0.06088944	0.00	0.04273684	11.77204	10.00	0.1085863
5.668652	10.00	16.60295	-0.06157878	0.00	0.04322067	11.8221	10.00	0.1080785
5.605751	10.00	16.64709	-0.06290145	0.00	0.04414903	11.87179	10.00	0.1075741
5.543308	10.00	16.69092	-0.06244278	0.00	0.04382709	11.92127	10.00	0.1070721
5.481136	10.00	16.73456	-0.06217211	0.00	0.04363712	11.97118	10.00	0.1065658
5.418426	10.00	16.77857	-0.06270944	0.00	0.04401426	12.02012	10.00	0.106069
5.356921	10.00	16.82174	-0.06150544	0.00	0.0431692	12.07006	10.00	0.1055623
5.294169	10.00	16.86579	-0.06275211	0.00	0.04404421	12.11948	10.00	0.1050607
5.232069	10.00	16.90937	-0.06210011	0.00	0.04358659	12.16853	10.00	0.104563
5.170439	10.00	16.95263	-0.06162944	0.00	0.04325623	12.21785	10.00	0.1040625
5.108462	10.00	16.99613	-0.06197745	0.00	0.04350049	12.26722	10.00	0.1035616
5.046431	10.00	17.03967	-0.06203078	0.00	0.04353793	12.31693	10.00	0.1030571
4.987176	10.00	17.08351	-0.05925468	0.00	0.043843	12.36642	10.00	0.102555
4.932666	10.00	17.12715	-0.05451064	0.00	0.04364367	12.41615	10.00	0.1020504
4.879169	10.00	17.17101	-0.05349699	0.00	0.04386079	12.4654	10.00	0.1015507
4.826191	10.00	17.21445	-0.05297763	0.00	0.04343498	12.51458	10.00	0.1010516
4.775826	10.00	17.25783	-0.05036556	0.00	0.04337696	12.56424	10.00	0.1005477
4.728825	10.00	17.30547	-0.04700053	0.00	0.04764196	12.61389	10.00	0.1000438
4.683752	10.00	17.35503	-0.04507337	0.00	0.04956307	12.66384	10.00	0.09953696
4.639698	10.00	17.40683	-0.04405357	0.00	0.05179641	12.71287	10.00	0.09903937
4.595187	10.00	17.45767	-0.04451083	0.00	0.05084464	12.76277	10.00	0.09853303
4.549245	10.00	17.50942	-0.04594238	0.00	0.0517436	12.81256	10.00	0.09802783
4.50598	10.00	17.56297	-0.0432654	0.00	0.05355521	12.86146	10.00	0.09753149
4.464743	10.00	17.61621	-0.04123656	0.00	0.05323955	12.91117	10.00	0.09702708
4.425395	10.00	17.67033	-0.03934709	0.00	0.0541163	12.96194	10.00	0.09651201
4.387181	10.00	17.72559	-0.03821465	0.00	0.05526452	13.01038	10.00	0.09602039
4.353847	10.00	17.77832	-0.03333443	0.00	0.05273128	13.05994	10.00	0.09551746
4.321019	10.00	17.83356	-0.03282801	0.00	0.05523621	13.1092	10.00	0.09501763
4.289027	10.00	17.88973	-0.03199138	0.00	0.05617183	13.15858	10.00	0.09451672
4.256963	10.00	17.94603	-0.03206443	0.00	0.05630009	13.20826	10.00	0.09401246
4.223415	10.00	18.00461	-0.03354778	0.00	0.05857624	13.2578	10.00	0.09350964
4.188678	10.00	18.0643	-0.03473681	0.00	0.05969739	13.30719	10.00	0.09300861
4.154054	10.00	18.12381	-0.03462447	0.00	0.05950433	13.35738	10.00	0.0924993
4.11887	10.00	18.18427	-0.03518391	0.00	0.06046577	13.40639	10.00	0.09200188
4.084504	10.00	18.24334	-0.03436632	0.00	0.05906069	13.45592	10.00	0.09149926
4.053621	10.00	18.30301	-0.03088282	0.00	0.05967053	13.50591	10.00	0.09099199
4.023738	10.00	18.36324	-0.02988246	0.00	0.06023308	13.55512	10.00	0.09049249
3.994322	10.00	18.42253	-0.02941625	0.00	0.05929337	13.60466	10.00	0.08998971
3.964705	10.00	18.48223	-0.02961669	0.00	0.05969739	13.65411	10.00	0.08948795
3.935146	10.00	18.54181	-0.0295596	0.00	0.05958232	13.70387	10.00	0.08898302
3.905406	10.00	18.60176	-0.02973974	0.00	0.05994542	13.7535	10.00	0.08847929
3.875736	10.00	18.66156	-0.02966997	0.00	0.05980477	13.80447	10.00	0.08796212
3.845272	10.00	18.72297	-0.0304641	0.00	0.06140547	13.853	10.00	0.08746968
3.816259	10.00	18.78145	-0.02901285	0.00	0.05848024	13.9019	10.00	0.08697343
3.787032	10.00	18.84036	-0.02922724	0.00	0.05891238	13.9532	10.00	0.08645283
3.756366	10.00	18.9035	-0.0306658	0.00	0.0631374	14.00087	10.00	0.08596911
3.727871	10.00	18.96278	-0.02849464	0.00	0.05928301	14.0505	10.00	0.0854653
3.698201	10.00	19.02515	-0.0296706	0.00	0.06237078	14.10146	10.00	0.08494826
3.667744	10.00	19.08917	-0.03045648	0.00	0.06402278	14.14999	10.00	0.08445584
3.638733	10.00	19.15016	-0.02901095	0.00	0.06098411	14.19914	10.00	0.08395704
3.609352	10.00	19.21192	-0.02938137	0.00	0.06176278	14.25045	10.00	0.08343636
3.57868	10.00	19.2764	-0.03067214	0.00	0.06447611	14.29896	10.00	0.08294409
3.549683	10.00	19.33735	-0.02899636	0.00	0.06095344	14.34792	10.00	0.08244728
3.52042	10.00	19.39887	-0.02926339	0.00	0.06151478	14.39748	10.00	0.08194435
3.490796	10.00	19.46114	-0.0296243	0.00	0.06227345	14.44715	10.00	0.08144026
3.461102	10.00	19.52356	-0.02969344	0.00	0.06241878	14.49645	10.00	0.08094004
3.431633	10.00	19.58551	-0.02946954	0.00	0.06194811	14.54597	10.00	0.08043759
3.402032	10.00	19.64773	-0.02960083	0.00	0.06222411	14.59644	10.00	0.0799254
3.37186	10.00	19.71115	-0.03017169	0.00	0.06342412	14.64516	10.00	0.07943117
3.342741	10.00	19.77237	-0.02911877	0.00	0.06121077	14.69473	10.00	0.07892804
3.31311	10.00	19.83465	-0.02963128	0.00	0.06228811	14.74442	10.00	0.07842394
3.283408	10.00	19.89709	-0.02970168	0.00	0.06243611	14.79376	10.00	0.07792313
3.253912	10.00	19.9591	-0.02949681	0.00	0.06200545	14.84353	10.00	0.07741814
3.224164	10.00	20.02163	-0.02974735	0.00	0.06253211	14.89355	10.00	0.07691053
3.194263	10.00	20.08448	-0.02990148	0.00	0.06285612	14.94308	10.00	0.07640789
3.164656	10.00	20.14672	-0.02960717	0.00	0.06223745	14.99227	10.00	0.07590878
3.135252	10.00	20.20853	-0.02940357	0.00	0.06180944	15.04155	10.00	0.07540877
3.105797	10.00	20.27045	-0.02945558	0.00	0.06191878	15.0926	10.00	0.07489072
3.07528	10.00	20.3346	-0.0305161	0.00	0.06414811	15.14023	10.00	0.07440732
3.046806	10.00	20.39445	-0.02847434	0.00	0.05985611	15.18994	10.00	0.07390288
3.017092	10.00	20.45691	-0.02971373	0.00	0.06246144	15.2403	10.00	0.0733919
2.98699	10.00	20.52019	-0.03010192	0.00	0.06327745	15.28942	10.00	0.07289352
2.957629	10.00	20.58191	-0.02936171	0.00	0.06172145	15.33976	10.00	0.07238261
2.927538	10.00	20.64517	-0.03009113	0.00	0.06325477	15.38911	10.00	0.07188185
2.898035	10.00	20.70719	-0.02950252	0.00	0.06201745	15.4383	10.00	0.07138276
2.868635	10.00	20.76899	-0.02939976	0.00	0.06180144	15.48826	10.00	0.07087565
2.838769	10.00	20.83177	-0.0298666	0.00	0.06278278	15.53736	10.00	0.07037742
2.809422	10.00	20.89346	-0.02934712	0.00	0.06169078	15.58698	10.00	0.069874
2.779761	10.00	20.95581	-0.02966109	0.00	0.06235078	15.63702	10.00	0.06936614
2.749846	10.00	21.01869	-0.02991417	0.00	0.06288278	15.68603	10.00	0.06886886
2.720553	10.00	21.08027	-0.0292932	0.00	0.06157744	15.736	10.00	0.06836168
2.690681	10.00	21.14307	-0.02987231	0.00	0.06279478	15.78685	10.00	0.06784573
2.660288	10.00	21.20695	-0.03039305	0.00	0.06388944	15.83529	10.00	0.06735418
2.631333	10.00	21.26782	-0.0289545	0.00	0.06086545	15.88402	10.00	0.06685971
2.602203	10.00	21.32906	-0.02913019	0.00	0.06123478	15.9351	10.00	0.0663413
2.571667	10.00	21.39325	-0.0305364	0.00	0.06419078	15.98354	10.00	0.0658496
2.54271	10.00	21.45412	-0.02895703	0.00	0.06087077	16.03258	10.00	0.0653521
2.5134	10.00	21.51573	-0.0293097	0.00	0.06161211	16.08228	10.00	0.06484766
2.483691	10.00	21.57818	-0.02970866	0.00	0.06245078	16.13175	10.00	0.06434567
2.454116	10.00	21.64035	-0.02957546	0.00	0.06217078	16.18077	10.00	0.06384832
2.424815	10.00	21.70194	-0.02930081	0.00	0.06159344	16.2315	10.00	0.06333344
2.39449	10.00	21.76569	-0.03032455	0.00	0.06374545	16.27997	10.00	0.06284159
2.365519	10.00	21.82659	-0.02897162	0.00	0.06090144	16.32967	10.00	0.0623373
2.335811	10.00	21.88904	-0.02970739	0.00	0.06244811	16.38	10.00	0.06182643
2.305721	10.00	21.95229	-0.0300905	0.00	0.06325345	16.42898	10.00	0.0613296
2.276446	10.00	22.01383	-0.02927481	0.00	0.06153877	16.47844	10.00	0.06082774
2.246881	10.00	22.07598	-0.02956531	0.00	0.06214944	16.5293	10.00	0.06031157
2.216476	10.00	22.13989	-0.03040447	0.00	0.06391345	16.57736	10.00	0.05982389
2.187752	10.00	22.20028	-0.02872425	0.00	0.06038144	16.62685	10.00	0.05932153
2.158165	10.00	22.26247	-0.02958688	0.00	0.06219478	16.67655	10.00	0.05881732
2.128457	10.00	22.32492	-0.02970866	0.00	0.06245078	16.72574	10.00	0.0583181
2.099055	10.00	22.38673	-0.02940167	0.00	0.06180544	16.77535	10.00	0.05781478
2.069401	10.00	22.44906	-0.02965411	0.00	0.06233612	16.82496	10.00	0.05731133
2.039744	10.00	22.5114	-0.02965665	0.00	0.06234145	16.87497	10.00	0.05680387
2.00985	10.00	22.57425	-0.02989387	0.00	0.06284011	16.92411	10.00	0.05630516
1.980475	10.00	22.63599	-0.02937503	0.00	0.06174945	16.9741	10.00	0.05579791
1.950593	10.00	22.69881	-0.02988246	0.00	0.06281611	17.02366	10.00	0.05529485
1.920969	10.00	22.76108	-0.0296243	0.00	0.06227345	17.07389	10.00	0.05478525
1.890947	10.00	22.82419	-0.030022	0.00	0.06310945	17.12226	10.00	0.05429434
1.862029	10.00	22.88498	-0.02891771	0.00	0.06078811	17.17146	10.00	0.05379517
1.832623	10.00	22.94679	-0.02940547	0.00	0.06181344	17.22201	10.00	0.05328223
1.802405	10.00	23.01032	-0.03021799	0.00	0.06352145	17.27093	10.00	0.05278578
1.773164	10.00	23.07178	-0.02924119	0.00	0.06146811	17.32048	10.00	0.05228282
1.743541	10.00	23.13405	-0.02962303	0.00	0.06227078	17.37064	10.00	0.05177393
1.713558	10.00	23.19708	-0.02998267	0.00	0.06302678	17.42197	10.00	0.05125309
1.682877	10.00	23.26158	-0.03068102	0.00	0.06449478	17.46894	10.00	0.05077641
1.654798	10.00	23.3206	-0.02807982	0.00	0.05902677	17.51843	10.00	0.05027192
1.625214	10.00	23.38279	-0.02958307	0.00	0.06218678	17.56807	10.00	0.04976375
1.595536	10.00	23.44518	-0.02967821	0.00	0.06238678	17.61768	10.00	0.04925395
1.565875	10.00	23.50753	-0.02966173	0.00	0.06235212	17.67035	10.00	0.04871067
1.534383	10.00	23.57373	-0.03149164	0.00	0.06619879	17.71687	10.00	0.04822899
1.506564	10.00	23.63221	-0.02781849	0.00	0.05847744	17.76617	10.00	0.04771686
1.477084	10.00	23.69418	-0.02948032	0.00	0.06197078	17.81568	10.00	0.04720094
1.447471	10.00	23.75643	-0.02961288	0.00	0.06224945	17.8653	10.00	0.04668261
1.417795	10.00	23.81881	-0.02967631	0.00	0.06238278	17.91487	10.00	0.0461635
1.388144	10.00	23.88114	-0.02965094	0.00	0.06232945	17.96426	10.00	0.04564514
1.358601	10.00	23.94324	-0.02954311	0.00	0.06210278	18.01387	10.00	0.04512351
1.328921	10.00	24.00563	-0.02968012	0.00	0.06239078	18.0635	10.00	0.04460057
1.299232	10.00	24.06804	-0.02968836	0.00	0.06240811	18.11232	10.00	0.04408553
1.270022	10.00	24.12944	-0.02921075	0.00	0.06140411	18.16209	10.00	0.04355988
1.240243	10.00	24.19204	-0.02977907	0.00	0.06259878	18.21362	10.00	0.04301508
1.209408	10.00	24.25686	-0.03083452	0.00	0.06481745	18.26107	10.00	0.04251305
1.181015	10.00	24.31655	-0.02839315	0.00	0.05968544	18.31057	10.00	0.04198885
1.15139	10.00	24.37882	-0.02962494	0.00	0.06227478	18.36295	10.00	0.04143419
1.120041	10.00	24.44472	-0.03134893	0.00	0.06589879	18.40976	10.00	0.04093844
1.092032	10.00	24.5036	-0.02800941	0.00	0.05887877	18.45935	10.00	0.04041321
1.062345	10.00	24.566	-0.02968709	0.00	0.06240544	18.51001	10.00	0.03987716
1.032028	10.00	24.62973	-0.03031694	0.00	0.06372945	18.55803	10.00	0.03936912
1.003281	10.00	24.69203	-0.02874708	0.00	0.06229311	18.60733	10.00	0.03884822
0.975044	10.00	24.75661	-0.02823653	0.00	0.06458846	18.65792	10.00	0.03831428
0.948685	10.00	24.8229	-0.02635901	0.00	0.06628201	18.70807	10.00	0.03778563
0.9244994	10.00	24.88861	-0.02418559	0.00	0.06571148	18.75622	10.00	0.03727901
0.90128	10.00	24.95294	-0.02321943	0.00	0.06433231	18.80627	10.00	0.03674636
0.8768144	10.00	25.02073	-0.02446557	0.00	0.0677849	18.85499	10.00	0.03622119
0.8526421	10.00	25.0877	-0.0241723	0.00	0.06697236	18.90011	10.00	0.03572664
0.8298329	10.00	25.15089	-0.02280916	0.00	0.0631956	18.94593	10.00	0.03521424
0.8061603	10.00	25.21648	-0.02367262	0.00	0.06558792	18.99133	10.00	0.03469518
0.782152	10.00	25.283	-0.0240083	0.00	0.06651796	19.03568	10.00	0.03417777
0.7581304	10.00	25.34955	-0.02402158	0.00	0.06655476	19.07844	10.00	0.03366973
0.7344047	10.00	25.41529	-0.02372576	0.00	0.06573515	19.12049	10.00	0.03316102
0.7104428	10.00	25.48168	-0.0239618	0.00	0.06638914	19.16102	10.00	0.03266217
0.6867043	10.00	25.54745	-0.02373853	0.00	0.06577054	19.20055	10.00	0.03216787
0.6629004	10.00	25.6134	-0.02380393	0.00	0.06595173	19.23922	10.00	0.03167687
0.640189	10.00	25.67989	-0.02271142	0.00	0.06649248	19.27647	10.00	0.03119615
0.6201717	10.00	25.74599	-0.02001732	0.00	0.06610037	19.31239	10.00	0.03072573
0.6027982	10.00	25.81178	-0.01737341	0.00	0.06578328	19.34745	10.00	0.03025603
0.587212	10.00	25.87809	-0.01558627	0.00	0.06630987	19.38234	10.00	0.02977327
0.5731559	10.00	25.94632	-0.01405607	0.00	0.06823222	19.41404	10.00	0.02931906
0.5605378	10.00	26.01059	-0.01261808	0.00	0.06427286	19.4455	10.00	0.02885288
0.5475732	10.00	26.07663	-0.01296463	0.00	0.06603808	19.4766	10.00	0.02837491
0.5382043	10.00	26.14441	-0.009368859	0.00	0.06778066	19.50488	10.00	0.02792303
0.5305799	10.00	26.20856	-0.0076245	0.00	0.06414828	19.53284	10.00	0.02745863
0.5233757	10.00	26.27455	-0.007204114	0.00	0.06598712	19.56037	10.00	0.026982
0.5159761	10.00	26.34232	-0.007399614	0.00	0.06777783	19.58536	10.00	0.02652972
0.5089452	10.00	26.40672	-0.007030869	0.00	0.06440026	19.60984	10.00	0.02606641
0.5030167	10.00	26.47274	-0.005928511	0.00	0.0660126	19.63305	10.00	0.02560543
0.4977486	10.00	26.53848	-0.005268109	0.00	0.06574789	19.65529	10.00	0.02514098
20.30673
