0	10.00	-49.8506	0	0.00	0.1494028	0	10.00	40
0	10.00	-48.73623	0	0.00	1.114368	-0.0007204937	10.00	39.96243
0	10.00	-48.18254	0	0.00	0.553693	-0.00115564	10.00	39.94169
0	10.00	-48.01155	0	0.00	0.1709889	-0.001322945	10.00	39.92417
0	10.00	-47.88774	0	0.00	0.1238078	-0.00162053	10.00	39.90312
0	10.00	-47.75685	0	0.00	0.1308899	-0.002244049	10.00	39.87835
0	10.00	-47.62459	0	0.00	0.132263	-0.002928138	10.00	39.84903
0	10.00	-47.49102	0	0.00	0.133571	-0.003954892	10.00	39.81525
0	10.00	-47.35942	0	0.00	0.1315991	-0.005338025	10.00	39.77517
0	10.00	-47.22675	0	0.00	0.1326679	-0.007261649	10.00	39.72877
0	10.00	-47.09425	0	0.00	0.1325037	-0.009422287	10.00	39.67631
0	10.00	-46.96167	0	0.00	0.1325773	-0.01178361	10.00	39.61813
0	10.00	-46.82898	0	0.00	0.1326934	-0.01394882	10.00	39.56468
0	10.00	-46.71702	0	0.00	0.1119566	-0.01615948	10.00	39.50359
0	10.00	-46.6066	0	0.00	0.1104172	-0.01832539	10.00	39.44272
0	10.00	-46.54885	0	0.00	0.0577514	-0.02086637	10.00	39.37793
0	10.00	-46.53217	0	0.00	0.01668245	-0.02322072	10.00	39.31092
0	10.00	-46.53217	0	0.00	0	-0.02554681	10.00	39.23758
0	10.00	-46.53217	0	0.00	0	-0.02784738	10.00	39.16829
0	10.00	-46.53217	0	0.00	0	-0.02994413	10.00	39.10307
0	10.00	-46.53217	0	0.00	0	-0.03209287	10.00	39.03341
0	10.00	-46.53217	0	0.00	0	-0.03430913	10.00	38.96345
0	10.00	-46.53217	0	0.00	0	-0.03660697	10.00	38.89089
0	10.00	-46.53217	0	0.00	0	-0.0388407	10.00	38.81003
0	10.00	-46.53217	0	0.00	0	-0.04069506	10.00	38.73281
0	10.00	-46.53217	0	0.00	0	-0.04245033	10.00	38.66121
0	10.00	-46.53217	0	0.00	0	-0.04443784	10.00	38.58509
0	10.00	-46.53217	0	0.00	0	-0.04656135	10.00	38.504
0	10.00	-46.53217	0	0.00	0	-0.04817812	10.00	38.43456
0	10.00	-46.53217	0	0.00	0	-0.05013895	10.00	38.35338
0	10.00	-46.53217	0	0.00	0	-0.05233219	10.00	38.26829
0	10.00	-46.53217	0	0.00	0	-0.05466963	10.00	38.17844
0	10.00	-46.53217	0	0.00	0	-0.05671131	10.00	38.09626
0	10.00	-46.53217	0	0.00	0	-0.05860818	10.00	38.0155
0	10.00	-46.53217	0	0.00	0	-0.06009509	10.00	37.94223
0	10.00	-46.53217	0	0.00	0	-0.06153489	10.00	37.86576
0	10.00	-46.53217	0	0.00	0	-0.06275754	10.00	37.79247
0	10.00	-46.53217	0	0.00	0	-0.06414497	10.00	37.70719
0	10.00	-46.53217	0	0.00	0	-0.06538703	10.00	37.6207
0	10.00	-46.53217	0	0.00	0	-0.06656867	10.00	37.54008
0	10.00	-46.53217	0	0.00	0	-0.06777126	10.00	37.44909
0	10.00	-46.53217	0	0.00	0	-0.0684462	10.00	37.37634
0	10.00	-46.51266	0	0.00	0.01950113	-0.06914498	10.00	37.30088
0	10.00	-46.42268	0	0.00	0.08998432	-0.06986375	10.00	37.22427
0	10.00	-46.31217	0	0.00	0.1105087	-0.07062133	10.00	37.14301
0	10.00	-46.18863	0	0.00	0.1235388	-0.07140878	10.00	37.05648
0	10.00	-46.05671	0	0.00	0.1319261	-0.07208028	10.00	36.97901
0	10.00	-45.93817	0	0.00	0.1185376	-0.07279	10.00	36.90181
0	10.00	-45.82005	0	0.00	0.1181256	-0.07352229	10.00	36.82339
0	10.00	-45.70025	0	0.00	0.1197946	-0.07433564	10.00	36.74394
0	10.00	-45.57933	0	0.00	0.1209143	-0.07495262	10.00	36.66671
0	10.00	-45.46226	0	0.00	0.1170767	-0.07564931	10.00	36.57825
0	10.00	-45.32881	0	0.00	0.1334521	-0.07607081	10.00	36.50371
0	10.00	-45.21661	0	0.00	0.1122015	-0.07643312	10.00	36.42719
0	10.00	-45.10208	0	0.00	0.1145258	-0.07675362	10.00	36.35136
0	10.00	-44.9892	0	0.00	0.1128809	-0.07698271	10.00	36.26777
0	10.00	-44.86569	0	0.00	0.1235105	-0.07716301	10.00	36.19131
0	10.00	-44.75362	0	0.00	0.1120684	-0.07730841	10.00	36.10086
0	10.00	-44.62198	0	0.00	0.1316416	-0.07747315	10.00	36.02643
0	10.00	-44.51403	0	0.00	0.1079448	-0.07764182	10.00	35.94724
0	10.00	-44.4	0	0.00	0.1140332	-0.07810105	10.00	35.85842
0	10.00	-44.27307	0	0.00	0.1269277	-0.07839991	10.00	35.78717
0	10.00	-44.17188	0	0.00	0.1011897	-0.07868128	10.00	35.7156
0	10.00	-44.07071	0	0.00	0.1011713	-0.07898808	10.00	35.62388
0	10.00	-43.94171	0	0.00	0.1290015	-0.07924722	10.00	35.55044
0	10.00	-43.83882	0	0.00	0.1028884	-0.07950401	10.00	35.47635
0	10.00	-43.73547	0	0.00	0.1033555	-0.07978448	10.00	35.38709
0	10.00	-43.61126	0	0.00	0.1242041	-0.08003912	10.00	35.29545
0	10.00	-43.48437	0	0.00	0.1268951	-0.08023299	10.00	35.21214
0	10.00	-43.36948	0	0.00	0.1148911	-0.08042149	10.00	35.12413
0	10.00	-43.24839	0	0.00	0.1210899	-0.08057714	10.00	35.03389
0	10.00	-43.12441	0	0.00	0.1239776	-0.08069754	10.00	34.95409
0	10.00	-43.01473	0	0.00	0.1096775	-0.08085437	10.00	34.86042
0	10.00	-42.88607	0	0.00	0.1286632	-0.08093619	10.00	34.78504
0	10.00	-42.78239	0	0.00	0.1036811	-0.08104996	10.00	34.70434
0	10.00	-42.67129	0	0.00	0.1110959	-0.08111402	10.00	34.61834
0	10.00	-42.5529	0	0.00	0.1183932	-0.08111447	10.00	34.52347
0	10.00	-42.42231	0	0.00	0.1305827	-0.08113874	10.00	34.44467
0	10.00	-42.31399	0	0.00	0.1083284	-0.08118997	10.00	34.36831
0	10.00	-42.2092	0	0.00	0.1047852	-0.08127383	10.00	34.28252
0	10.00	-42.09166	0	0.00	0.1175368	-0.08140238	10.00	34.18597
0	10.00	-41.95954	0	0.00	0.1321271	-0.08148856	10.00	34.11163
0	10.00	-41.8579	0	0.00	0.1016342	-0.08162129	10.00	34.02966
0	10.00	-41.74591	0	0.00	0.1119877	-0.08177548	10.00	33.94371
0	10.00	-41.62867	0	0.00	0.1172409	-0.08192926	10.00	33.8476
0	10.00	-41.49761	0	0.00	0.1310669	-0.08203929	10.00	33.77213
0	10.00	-41.39464	0	0.00	0.1029705	-0.08214649	10.00	33.69651
0	10.00	-41.29146	0	0.00	0.1031786	-0.08228027	10.00	33.60458
0	10.00	-41.16601	0	0.00	0.1254499	-0.08234596	10.00	33.52665
0	10.00	-41.05975	0	0.00	0.1062645	-0.0824011	10.00	33.44591
0	10.00	-40.94975	0	0.00	0.1100002	-0.08242384	10.00	33.36094
0	10.00	-40.83411	0	0.00	0.1156314	-0.08245217	10.00	33.265
0	10.00	-40.70361	0	0.00	0.1305035	-0.08245268	10.00	33.18232
0	10.00	-40.59115	0	0.00	0.1124577	-0.08251413	10.00	33.09381
0	10.00	-40.47078	0	0.00	0.1203708	-0.08267283	10.00	33.01569
0	10.00	-40.36452	0	0.00	0.1062546	-0.08283627	10.00	32.92389
0	10.00	-40.23961	0	0.00	0.1249162	-0.08300187	10.00	32.82771
0	10.00	-40.10867	0	0.00	0.1309395	-0.08315258	10.00	32.74812
0	10.00	-40.00032	0	0.00	0.1083553	-0.08339136	10.00	32.66959
0	10.00	-39.8933	0	0.00	0.1070162	-0.08357475	10.00	32.58508
0	10.00	-39.77811	0	0.00	0.1151841	-0.08371014	10.00	32.48916
0	10.00	-39.64748	0	0.00	0.1306365	-0.08381002	10.00	32.40818
0	10.00	-39.53729	0	0.00	0.1101871	-0.08388916	10.00	32.3301
0	10.00	-39.43106	0	0.00	0.1062277	-0.08396243	10.00	32.23898
0	10.00	-39.30715	0	0.00	0.1239125	-0.08409	10.00	32.14807
0	10.00	-39.18351	0	0.00	0.1236379	-0.08426182	10.00	32.05056
0	10.00	-39.0508	0	0.00	0.1327174	-0.08439892	10.00	31.95606
0	10.00	-38.92213	0	0.00	0.1286674	-0.08453531	10.00	31.85471
0	10.00	-38.78399	0	0.00	0.1381391	-0.0846767	10.00	31.75992
0	10.00	-38.65477	0	0.00	0.1292181	-0.08479267	10.00	31.66287
0	10.00	-38.52244	0	0.00	0.1323296	-0.0849729	10.00	31.56558
0	10.00	-38.38979	0	0.00	0.1326495	-0.08512582	10.00	31.48763
0	10.00	-38.28348	0	0.00	0.1063141	-0.08524038	10.00	31.40676
0	10.00	-38.17323	0	0.00	0.1102494	-0.08537555	10.00	31.32436
0	10.00	-38.06094	0	0.00	0.1122864	-0.08541213	10.00	31.22667
0	10.00	-37.92792	0	0.00	0.1330218	-0.08540968	10.00	31.1281
0	10.00	-37.79377	0	0.00	0.1341528	-0.0854343	10.00	31.03152
0	10.00	-37.66232	0	0.00	0.1314476	-0.08546276	10.00	30.95096
0	10.00	-37.55265	0	0.00	0.1096647	-0.08548375	10.00	30.86593
0	10.00	-37.43689	0	0.00	0.1157673	-0.0855076	10.00	30.78312
0	10.00	-37.32407	0	0.00	0.1128187	-0.08552513	10.00	30.69281
0	10.00	-37.20097	0	0.00	0.1230972	-0.08555413	10.00	30.59472
0	10.00	-37.06713	0	0.00	0.13384	-0.08563602	10.00	30.4995
0	10.00	-36.93718	0	0.00	0.12995	-0.08570529	10.00	30.40305
0	10.00	-36.80549	0	0.00	0.1316883	-0.08574203	10.00	30.30584
0	10.00	-36.67267	0	0.00	0.1328208	-0.0857555	10.00	30.20873
0	10.00	-36.53988	0	0.00	0.132791	-0.08574427	10.00	30.11554
-0.01144016	10.00	-36.4125	-0.01144016	0.00	0.1273835	-0.08567835	10.00	30.01526
-0.06087048	10.00	-36.27555	-0.04943032	0.00	0.1369528	-0.08561733	10.00	29.91751
-0.1476918	10.00	-36.14227	-0.08682127	0.00	0.1332808	-0.08561435	10.00	29.82064
-0.2425776	10.00	-36.01033	-0.09488586	0.00	0.1319332	-0.08561967	10.00	29.72395
-0.3435608	10.00	-35.87878	-0.1009832	0.00	0.1315552	-0.08566765	10.00	29.62633
-0.4519274	10.00	-35.74598	-0.1083666	0.00	0.1327981	-0.08571794	10.00	29.52851
-0.5655512	10.00	-35.61305	-0.1136238	0.00	0.1329312	-0.08574452	10.00	29.44485
-0.6703815	10.00	-35.49941	-0.1048303	0.00	0.1136326	-0.08577412	10.00	29.3348
-0.8110511	10.00	-35.35007	-0.1406696	0.00	0.1493462	-0.08575685	10.00	29.23967
-0.9326887	10.00	-35.22218	-0.1216376	0.00	0.1278898	-0.08574133	10.00	29.13964
-1.060698	10.00	-35.08759	-0.1280096	0.00	0.1345893	-0.08567932	10.00	29.04371
-1.183502	10.00	-34.961	-0.1228042	0.00	0.1265915	-0.08564903	10.00	28.94539
-1.309431	10.00	-34.83377	-0.1259282	0.00	0.1272228	-0.08556544	10.00	28.84802
-1.438056	10.00	-34.70771	-0.1286257	0.00	0.1260603	-0.08546174	10.00	28.75084
-1.567572	10.00	-34.58204	-0.1295156	0.00	0.1256791	-0.08535854	10.00	28.64319
-1.710907	10.00	-34.44295	-0.1433348	0.00	0.1390889	-0.08529582	10.00	28.53413
-1.855989	10.00	-34.30216	-0.1450825	0.00	0.1407848	-0.08523463	10.00	28.43915
-1.982262	10.00	-34.17963	-0.1262729	0.00	0.1225324	-0.08519489	10.00	28.35096
-2.099487	10.00	-34.06588	-0.1172248	0.00	0.1137524	-0.08514161	10.00	28.2594
-2.221258	10.00	-33.94771	-0.1217711	0.00	0.1181639	-0.0850746	10.00	28.16668
-2.344677	10.00	-33.82795	-0.1234188	0.00	0.1197629	-0.08495019	10.00	28.06902
-2.474752	10.00	-33.70173	-0.1300751	0.00	0.1262219	-0.08480951	10.00	27.97147
-2.604666	10.00	-33.57566	-0.129914	0.00	0.1260657	-0.08468182	10.00	27.87479
-2.73341	10.00	-33.45073	-0.1287438	0.00	0.1249301	-0.08455439	10.00	27.7776
-2.862709	10.00	-33.32526	-0.1292991	0.00	0.1254689	-0.08528167	10.00	27.67937
-2.993191	10.00	-33.19865	-0.1304818	0.00	0.1266166	-0.08526195	10.00	27.58155
-3.123277	10.00	-33.07241	-0.1300862	0.00	0.1262327	-0.08520459	10.00	27.48445
-3.252443	10.00	-32.94707	-0.1291658	0.00	0.1253396	-0.08527391	10.00	27.38684
-3.382107	10.00	-32.82125	-0.1296642	0.00	0.1258232	-0.08531731	10.00	27.28939
-3.511576	10.00	-32.69562	-0.1294698	0.00	0.1256346	-0.08539668	10.00	27.19149
-3.641604	10.00	-32.56944	-0.1300279	0.00	0.1261761	-0.08541314	10.00	27.09286
-3.772709	10.00	-32.44222	-0.1311051	0.00	0.1272214	-0.08541758	10.00	26.991
-3.908232	10.00	-32.31071	-0.1355222	0.00	0.1315077	-0.08536898	10.00	26.9006
-4.028594	10.00	-32.19392	-0.1203621	0.00	0.1167967	-0.08533668	10.00	26.8016
-4.160359	10.00	-32.06605	-0.1317658	0.00	0.1278626	-0.08532728	10.00	26.70447
-4.289727	10.00	-31.94052	-0.1293671	0.00	0.1255349	-0.08532602	10.00	26.60723
-4.419234	10.00	-31.81485	-0.1295073	0.00	0.125671	-0.08532353	10.00	26.51007
-4.548623	10.00	-31.68929	-0.1293893	0.00	0.1255565	-0.0852763	10.00	26.41266
-4.67836	10.00	-31.5634	-0.1297363	0.00	0.1258933	-0.08524842	10.00	26.3146
-4.808981	10.00	-31.43664	-0.130622	0.00	0.1267527	-0.08521385	10.00	26.21796
-4.937589	10.00	-31.31185	-0.1286078	0.00	0.1247981	-0.08513317	10.00	26.12013
-5.067738	10.00	-31.18555	-0.1301486	0.00	0.1262933	-0.08510706	10.00	26.02354
-5.19609	10.00	-31.061	-0.1283523	0.00	0.1245503	-0.08506946	10.00	25.92498
-5.326961	10.00	-30.93401	-0.1308705	0.00	0.1269938	-0.0850516	10.00	25.82733
-5.456537	10.00	-30.80827	-0.1295767	0.00	0.1257384	-0.08502126	10.00	25.72971
-5.586093	10.00	-30.68255	-0.1295559	0.00	0.1257181	-0.0849932	10.00	25.63209
-5.71563	10.00	-30.55685	-0.1295364	0.00	0.1256993	-0.084978	10.00	25.5333
-5.846708	10.00	-30.42966	-0.1310787	0.00	0.1271959	-0.08497375	10.00	25.42949
-5.98441	10.00	-30.29603	-0.1377016	0.00	0.1336226	-0.08496845	10.00	25.32401
-6.124289	10.00	-30.1603	-0.1398783	0.00	0.1357348	-0.08495823	10.00	25.21277
-6.271824	10.00	-30.01713	-0.1475354	0.00	0.143165	-0.08494585	10.00	25.10464
-6.41525	10.00	-29.87796	-0.1434264	0.00	0.1391778	-0.08491359	10.00	24.99717
-6.557831	10.00	-29.74523	-0.142581	0.00	0.132726	-0.08489082	10.00	24.89882
-6.688301	10.00	-29.62378	-0.1304693	0.00	0.1214514	-0.08487155	10.00	24.80151
-6.8187	10.00	-29.50358	-0.1303992	0.00	0.1201993	-0.08486108	10.00	24.7033
-6.951587	10.00	-29.38227	-0.1328873	0.00	0.1213067	-0.08484568	10.00	24.60641
-7.082674	10.00	-29.26261	-0.1310867	0.00	0.119663	-0.0848267	10.00	24.50832
-7.215343	10.00	-29.1415	-0.1326693	0.00	0.1211077	-0.08481629	10.00	24.41091
-7.347085	10.00	-29.02124	-0.1317421	0.00	0.1202613	-0.08480579	10.00	24.31293
-7.479604	10.00	-28.90027	-0.1325192	0.00	0.1209707	-0.08478372	10.00	24.21499
-7.612067	10.00	-28.77935	-0.1324626	0.00	0.120919	-0.0847811	10.00	24.11739
-7.744024	10.00	-28.65889	-0.1319572	0.00	0.1204577	-0.0847744	10.00	24.01616
-7.880881	10.00	-28.53396	-0.1368566	0.00	0.1249301	-0.08476807	10.00	23.9189
-8.012403	10.00	-28.40881	-0.1315227	0.00	0.1251551	-0.08477402	10.00	23.82417
-8.124416	10.00	-28.28066	-0.1120133	0.00	0.1281437	-0.08475161	10.00	23.72641
-8.200308	10.00	-28.14844	-0.07589164	0.00	0.1322262	-0.08474659	10.00	23.62912
-8.249092	10.00	-28.01681	-0.04878381	0.00	0.1316303	-0.08475232	10.00	23.53069
-8.249092	10.00	-27.88364	0	0.00	0.1331704	-0.08474629	10.00	23.43318
-8.249092	10.00	-27.75171	0	0.00	0.1319247	-0.08472786	10.00	23.33502
-8.249092	10.00	-27.61892	0	0.00	0.1327896	-0.08470034	10.00	23.23661
-8.249092	10.00	-27.48585	0	0.00	0.1330756	-0.08466651	10.00	23.14006
-8.249092	10.00	-27.35529	0	0.00	0.1305544	-0.08463994	10.00	23.04193
-8.249092	10.00	-27.22265	0	0.00	0.1326452	-0.084621	10.00	22.94442
-8.249092	10.00	-27.09083	0	0.00	0.1318228	-0.0846126	10.00	22.84627
-8.249092	10.00	-26.95812	0	0.00	0.1327047	-0.08459892	10.00	22.74863
-8.249092	10.00	-26.82605	0	0.00	0.1320733	-0.08458567	10.00	22.65107
-8.249092	10.00	-26.69405	0	0.00	0.1319941	-0.08456004	10.00	22.55312
-8.249092	10.00	-26.56157	0	0.00	0.1324881	-0.08454083	10.00	22.45567
-8.249092	10.00	-26.4298	0	0.00	0.1317662	-0.08453263	10.00	22.3577
-8.249092	10.00	-26.29742	0	0.00	0.1323833	-0.08450331	10.00	22.25994
-8.249092	10.00	-26.16536	0	0.00	0.1320606	-0.08447268	10.00	22.16135
-8.249092	10.00	-26.03215	0	0.00	0.1332058	-0.08442785	10.00	22.05423
-8.283108	10.00	-25.88743	-0.03401576	0.00	0.1447158	-0.08438701	10.00	21.95123
-8.321214	10.00	-25.74825	-0.03810585	0.00	0.1391824	-0.08433316	10.00	21.83775
-8.369158	10.00	-25.59484	-0.04794393	0.00	0.1534131	-0.08429551	10.00	21.74744
-8.407317	10.00	-25.47273	-0.03815917	0.00	0.1221034	-0.084248	10.00	21.65219
-8.447549	10.00	-25.344	-0.04023176	0.00	0.1287354	-0.08420772	10.00	21.56127
-8.485938	10.00	-25.22116	-0.03838921	0.00	0.1228395	-0.08419972	10.00	21.46831
-8.530048	10.00	-25.09558	-0.04411058	0.00	0.1255829	-0.08540079	10.00	21.37914
-8.565342	10.00	-24.97518	-0.03529408	0.00	0.1203962	-0.08550464	10.00	21.28263
-8.595955	10.00	-24.84494	-0.03061288	0.00	0.1302387	-0.08550262	10.00	21.18441
-8.611714	10.00	-24.71235	-0.01575931	0.00	0.13259	-0.0854195	10.00	21.08665
-8.62485	10.00	-24.58032	-0.01313611	0.00	0.1320323	-0.08529188	10.00	20.98888
-8.637993	10.00	-24.44822	-0.01314259	0.00	0.1320974	-0.08512636	10.00	20.87632
-8.653138	10.00	-24.296	-0.01514517	0.00	0.1522255	-0.08499666	10.00	20.78809
-8.670794	10.00	-24.17662	-0.01765617	0.00	0.1193742	-0.08485322	10.00	20.6901
-8.713525	10.00	-24.044	-0.04272982	0.00	0.1326197	-0.08471857	10.00	20.59434
-8.760333	10.00	-23.91431	-0.04680877	0.00	0.1296895	-0.08459223	10.00	20.50041
-8.811191	10.00	-23.78706	-0.05085763	0.00	0.1272519	-0.08448023	10.00	20.40254
-8.868052	10.00	-23.65443	-0.05686145	0.00	0.1326339	-0.08435583	10.00	20.30499
-8.926015	10.00	-23.52221	-0.05796266	0.00	0.1322163	-0.08422767	10.00	20.20795
-8.987484	10.00	-23.39071	-0.0614692	0.00	0.1315014	-0.08410917	10.00	20.10992
-9.050885	10.00	-23.25783	-0.06340104	0.00	0.1328816	-0.08400523	10.00	20.01251
-9.113896	10.00	-23.12576	-0.06301133	0.00	0.1320648	-0.08391856	10.00	19.91549
-9.176632	10.00	-22.99428	-0.06273509	0.00	0.1314859	-0.08380218	10.00	19.81749
-9.236051	10.00	-22.86167	-0.05941859	0.00	0.1326084	-0.08368853	10.00	19.71967
-9.295305	10.00	-22.72943	-0.05925495	0.00	0.1322432	-0.08357853	10.00	19.62201
-9.354424	10.00	-22.59749	-0.05911857	0.00	0.1319388	-0.08347801	10.00	19.52519
-9.406692	10.00	-22.46671	-0.05226804	0.00	0.1307809	-0.08337641	10.00	19.42608
-9.449814	10.00	-22.33287	-0.04312252	0.00	0.1338385	-0.0832889	10.00	19.32851
-9.492267	10.00	-22.20111	-0.04245251	0.00	0.1317591	-0.08320057	10.00	19.23087
-9.537296	10.00	-22.06927	-0.04502975	0.00	0.1318341	-0.08310427	10.00	19.13267
-9.583865	10.00	-21.93669	-0.04656882	0.00	0.1325815	-0.08300634	10.00	19.03464
-9.630352	10.00	-21.80435	-0.04648678	0.00	0.132348	-0.08281859	10.00	18.93661
-9.676817	10.00	-21.67206	-0.04646441	0.00	0.1322843	-0.08261571	10.00	18.83787
-9.721044	10.00	-21.5388	-0.04422678	0.00	0.133261	-0.08229721	10.00	18.73013
-9.767915	10.00	-21.39333	-0.04687163	0.00	0.1454746	-0.08197761	10.00	18.62742
-9.816653	10.00	-21.25457	-0.04873817	0.00	0.1387577	-0.081646	10.00	18.52518
-9.846442	10.00	-21.11645	-0.02978951	0.00	0.138115	-0.08134717	10.00	18.4316
-9.859022	10.00	-20.99002	-0.0125791	0.00	0.1264337	-0.08103284	10.00	18.33486
-9.859022	10.00	-20.85929	0	0.00	0.1307299	-0.08072114	10.00	18.24237
-9.859022	10.00	-20.73433	0	0.00	0.1249544	-0.08041218	10.00	18.14687
-9.859022	10.00	-20.60532	0	0.00	0.1290185	-0.08009794	10.00	18.05089
-9.859022	10.00	-20.47569	0	0.00	0.1296272	-0.07979342	10.00	17.95835
-9.859022	10.00	-20.35071	0	0.00	0.124977	-0.07946251	10.00	17.85775
-9.859022	10.00	-20.21485	0	0.00	0.1358614	-0.07914739	10.00	17.75895
-9.861961	10.00	-20.08142	-0.002939291	0.00	0.1334309	-0.07883087	10.00	17.66297
-9.864817	10.00	-19.95178	-0.002855689	0.00	0.1296357	-0.07850429	10.00	17.56768
-9.867652	10.00	-19.82308	-0.002835233	0.00	0.1287071	-0.07814731	10.00	17.46843
-9.870608	10.00	-19.68887	-0.002956442	0.00	0.1342094	-0.07779515	10.00	17.37123
-9.873507	10.00	-19.55725	-0.002899315	0.00	0.1316161	-0.07739661	10.00	17.26979
-9.876541	10.00	-19.41957	-0.003033028	0.00	0.1376861	-0.0770044	10.00	17.17513
-9.879377	10.00	-19.2908	-0.002836481	0.00	0.1287637	-0.07658277	10.00	17.07979
-9.882238	10.00	-19.16093	-0.002860835	0.00	0.1298693	-0.07616594	10.00	16.98256
-9.885159	10.00	-19.02837	-0.002920207	0.00	0.1325645	-0.07577392	10.00	16.8856
-9.888069	10.00	-18.89624	-0.00291054	0.00	0.1321257	-0.07535512	10.00	16.78811
-9.890993	10.00	-18.76348	-0.002924604	0.00	0.1327641	-0.07495591	10.00	16.69122
-9.893896	10.00	-18.6317	-0.002902807	0.00	0.1317746	-0.07455505	10.00	16.5937
-9.896818	10.00	-18.49904	-0.002922359	0.00	0.1326622	-0.07415729	10.00	16.49663
-9.899726	10.00	-18.36707	-0.002907141	0.00	0.1319714	-0.07374115	10.00	16.39972
-9.902629	10.00	-18.23526	-0.00290368	0.00	0.1318143	-0.07330594	10.00	16.30266
-9.90554	10.00	-18.10312	-0.002910728	0.00	0.1321342	-0.07288992	10.00	16.20587
-9.919939	10.00	-17.97123	-0.01439911	0.00	0.1318907	-0.07250903	10.00	16.10893
-9.953584	10.00	-17.83899	-0.03364467	0.00	0.1322418	-0.07209028	10.00	16.01192
-10.00514	10.00	-17.70678	-0.05155707	0.00	0.132205	-0.0716043	10.00	15.90309
-10.07884	10.00	-17.55834	-0.07369838	0.00	0.1484388	-0.07121049	10.00	15.81056
-10.15012	10.00	-17.43201	-0.07128444	0.00	0.1263303	-0.07080967	10.00	15.72022
-10.21979	10.00	-17.30856	-0.06966454	0.00	0.1234595	-0.07036323	10.00	15.62494
-10.29335	10.00	-17.17818	-0.07356573	0.00	0.1303732	-0.06976189	10.00	15.51132
-10.38119	10.00	-17.02251	-0.0878405	0.00	0.155671	-0.0691008	10.00	15.3965
-10.46999	10.00	-16.86514	-0.08879983	0.00	0.1573711	-0.06856076	10.00	15.29015
-10.55216	10.00	-16.71953	-0.08216446	0.00	0.1456119	-0.06808803	10.00	15.19012
-10.62933	10.00	-16.58276	-0.07717136	0.00	0.1367631	-0.06766436	10.00	15.09368
-10.70355	10.00	-16.45124	-0.07421512	0.00	0.1315241	-0.0671991	10.00	14.99683
-10.77796	10.00	-16.31935	-0.0744196	0.00	0.1318865	-0.0667799	10.00	14.89939
-10.85282	10.00	-16.18669	-0.07485813	0.00	0.1326636	-0.0663807	10.00	14.79499
-10.93301	10.00	-16.04458	-0.0801891	0.00	0.1421112	-0.06603778	10.00	14.70541
-11.00057	10.00	-15.92277	-0.06755371	0.00	0.121809	-0.06566997	10.00	14.60797
-11.05476	10.00	-15.79038	-0.05419265	0.00	0.132389	-0.06530167	10.00	14.50981
-11.06802	10.00	-15.65713	-0.01325737	0.00	0.1332511	-0.06494631	10.00	14.41269
-11.06802	10.00	-15.52544	0	0.00	0.1316869	-0.06456607	10.00	14.3145
-11.06802	10.00	-15.39248	0	0.00	0.132968	-0.0641853	10.00	14.21656
-11.06802	10.00	-15.25998	0	0.00	0.132498	-0.06379051	10.00	14.11939
-11.06802	10.00	-15.12873	0	0.00	0.1312438	-0.06340821	10.00	14.02158
-11.06802	10.00	-14.99675	0	0.00	0.1319841	-0.06302245	10.00	13.92464
-11.06802	10.00	-14.86633	0	0.00	0.1304242	-0.06264561	10.00	13.82532
-11.06802	10.00	-14.73247	0	0.00	0.1338541	-0.0621925	10.00	13.7273
-11.06802	10.00	-14.60033	0	0.00	0.1321384	-0.06169105	10.00	13.62897
-11.06802	10.00	-14.46771	0	0.00	0.1326197	-0.06115087	10.00	13.5274
-11.06802	10.00	-14.33072	0	0.00	0.1369967	-0.06065553	10.00	13.43264
-11.06802	10.00	-14.20289	0	0.00	0.1278238	-0.06015975	10.00	13.33004
-11.06802	10.00	-14.06453	0	0.00	0.1383627	-0.05970711	10.00	13.23729
-11.06802	10.00	-13.93948	0	0.00	0.1250478	-0.05926812	10.00	13.13911
-11.06802	10.00	-13.80712	0	0.00	0.1323579	-0.05887926	10.00	13.04068
-11.06802	10.00	-13.67445	0	0.00	0.1326778	-0.05848909	10.00	12.94257
-11.06802	10.00	-13.54219	0	0.00	0.1322517	-0.05813457	10.00	12.84492
-11.06802	10.00	-13.4105	0	0.00	0.131694	-0.05780743	10.00	12.74665
-11.06802	10.00	-13.27795	0	0.00	0.132549	-0.05748357	10.00	12.64896
-11.06802	10.00	-13.14618	0	0.00	0.1317704	-0.05719145	10.00	12.55122
-11.06802	10.00	-13.0144	0	0.00	0.1317817	-0.05687051	10.00	12.45256
-11.06802	10.00	-12.88137	0	0.00	0.1330317	-0.05658516	10.00	12.35442
-11.06802	10.00	-12.74908	0	0.00	0.1322913	-0.05625713	10.00	12.25591
-11.07223	10.00	-12.6163	-0.004210458	0.00	0.132774	-0.05592551	10.00	12.14236
-11.11116	10.00	-12.46326	-0.0389374	0.00	0.1530451	-0.05553115	10.00	12.02672
-11.15986	10.00	-12.30742	-0.04870041	0.00	0.1558338	-0.05516069	10.00	11.91026
-11.21499	10.00	-12.15048	-0.05512741	0.00	0.1569479	-0.05482562	10.00	11.81499
-11.26009	10.00	-12.02207	-0.04510054	0.00	0.1284013	-0.0544453	10.00	11.71019
-11.28098	10.00	-11.88082	-0.02089286	0.00	0.1412576	-0.05409684	10.00	11.61463
-11.28098	10.00	-11.75204	0	0.00	0.1287807	-0.05377797	10.00	11.51714
-11.28098	10.00	-11.62064	0	0.00	0.131391	-0.0535316	10.00	11.41967
-11.28098	10.00	-11.48933	0	0.00	0.1313188	-0.05324317	10.00	11.32633
-11.28098	10.00	-11.36357	0	0.00	0.125757	-0.05299455	10.00	11.22701
-11.28098	10.00	-11.22976	0	0.00	0.1338117	-0.05268495	10.00	11.12801
-11.28098	10.00	-11.09638	0	0.00	0.1333813	-0.05243435	10.00	11.03076
-11.28098	10.00	-10.96537	0	0.00	0.1310074	-0.05212865	10.00	10.93225
-11.28098	10.00	-10.83266	0	0.00	0.1327118	-0.05188114	10.00	10.83538
-11.28098	10.00	-10.70218	0	0.00	0.1304766	-0.05157124	10.00	10.73623
-11.28098	10.00	-10.56861	0	0.00	0.133571	-0.05132373	10.00	10.63825
-11.28098	10.00	-10.43665	0	0.00	0.1319629	-0.05101237	10.00	10.54049
-11.28098	10.00	-10.30496	0	0.00	0.1316826	-0.0507626	10.00	10.44177
-11.28098	10.00	-10.17198	0	0.00	0.1329821	-0.05045328	10.00	10.34345
-11.28098	10.00	-10.03953	0	0.00	0.1324541	-0.05019571	10.00	10.24564
-11.28098	10.00	-9.907765	0	0.00	0.1317619	-0.04987857	10.00	10.14728
-11.28098	10.00	-9.775217	0	0.00	0.132549	-0.04960079	10.00	10.0493
-11.28098	10.00	-9.64322	0	0.00	0.1319969	-0.04928118	10.00	9.951093
-11.28098	10.00	-9.510883	0	0.00	0.1323366	-0.0490199	10.00	9.853595
-11.28098	10.00	-9.379547	0	0.00	0.1313358	-0.04870729	10.00	9.755277
-11.28098	10.00	-9.247069	0	0.00	0.1324782	-0.04842435	10.00	9.658175
-11.28098	10.00	-9.116236	0	0.00	0.1308333	-0.04807654	10.00	9.559321
-11.28098	10.00	-8.983019	0	0.00	0.1332171	-0.04770542	10.00	9.460962
-11.28098	10.00	-8.85046	0	0.00	0.1325589	-0.04732366	10.00	9.362808
-11.28098	10.00	-8.718174	0	0.00	0.1322857	-0.04694474	10.00	9.264987
-11.28098	10.00	-8.586357	0	0.00	0.1318171	-0.04656861	10.00	9.167755
-11.28098	10.00	-8.455359	0	0.00	0.1309975	-0.0461889	10.00	9.069926
-11.28098	10.00	-8.323545	0	0.00	0.1318143	-0.04581048	10.00	8.971494
-11.28098	10.00	-8.190942	0	0.00	0.1326042	-0.04542496	10.00	8.871647
-11.28098	10.00	-8.056429	0	0.00	0.1345124	-0.04503557	10.00	8.76827
-11.28098	10.00	-7.917164	0	0.00	0.1392645	-0.04460573	10.00	8.654085
-11.28098	10.00	-7.763334	0	0.00	0.1538308	-0.04418331	10.00	8.546836
-11.28098	10.00	-7.618846	0	0.00	0.1444879	-0.04371374	10.00	8.429445
-11.28098	10.00	-7.460713	0	0.00	0.1581327	-0.04334676	10.00	8.334641
-11.28098	10.00	-7.333008	0	0.00	0.1277049	-0.04296656	10.00	8.235822
-11.28098	10.00	-7.199904	0	0.00	0.1331039	-0.04258241	10.00	8.136454
-11.28098	10.00	-7.066063	0	0.00	0.1338414	-0.04220764	10.00	8.038261
-11.28098	10.00	-6.933803	0	0.00	0.1322602	-0.04183053	10.00	7.939625
-11.28098	10.00	-6.800951	0	0.00	0.1328519	-0.04145666	10.00	7.841745
-11.28098	10.00	-6.669117	0	0.00	0.1318341	-0.04109116	10.00	7.743738
-11.28098	10.00	-6.537123	0	0.00	0.1319941	-0.04073757	10.00	7.645134
-11.28098	10.00	-6.404335	0	0.00	0.1327882	-0.04040053	10.00	7.547359
-11.28098	10.00	-6.27267	0	0.00	0.1316642	-0.04005432	10.00	7.449037
-11.28098	10.00	-6.140266	0	0.00	0.1324046	-0.03970856	10.00	7.350526
-11.28098	10.00	-6.007608	0	0.00	0.132658	-0.03936615	10.00	7.253358
-11.28098	10.00	-5.87675	0	0.00	0.1308573	-0.0390422	10.00	7.154672
-11.28098	10.00	-5.743836	0	0.00	0.1329142	-0.03873555	10.00	7.056573
-11.28098	10.00	-5.611674	0	0.00	0.1321625	-0.03844991	10.00	6.958771
-11.28098	10.00	-5.479802	0	0.00	0.1318723	-0.03817031	10.00	6.860482
-11.28098	10.00	-5.34722	0	0.00	0.1325815	-0.03790678	10.00	6.763844
-11.28098	10.00	-5.2169	0	0.00	0.1303194	-0.03762668	10.00	6.664627
-11.28098	10.00	-5.083174	0	0.00	0.1337267	-0.03730239	10.00	6.566141
-11.28098	10.00	-4.950478	0	0.00	0.1326962	-0.03697225	10.00	6.469435
-11.28098	10.00	-4.820199	0	0.00	0.1302784	-0.03662131	10.00	6.370386
-11.28098	10.00	-4.686741	0	0.00	0.1334578	-0.03628037	10.00	6.27216
-11.28098	10.00	-4.55441	0	0.00	0.132331	-0.03595852	10.00	6.173733
-11.28098	10.00	-4.421844	0	0.00	0.1325659	-0.03565804	10.00	6.077076
-11.28098	10.00	-4.291699	0	0.00	0.1301453	-0.03536275	10.00	5.977291
-11.28098	10.00	-4.157357	0	0.00	0.1343425	-0.03502999	10.00	5.879657
-11.28098	10.00	-4.025897	0	0.00	0.1314604	-0.0346823	10.00	5.78077
-11.28098	10.00	-3.892716	0	0.00	0.1331803	-0.03433408	10.00	5.682074
-11.28098	10.00	-3.759771	0	0.00	0.1329453	-0.03397479	10.00	5.582381
-11.28098	10.00	-3.625479	0	0.00	0.1342915	-0.03355389	10.00	5.460398
-11.28098	10.00	-3.461227	0	0.00	0.1642522	-0.03318833	10.00	5.344321
-11.28098	10.00	-3.304943	0	0.00	0.1562839	-0.03287474	10.00	5.232488
-11.28098	10.00	-3.154406	0	0.00	0.1505367	-0.03262232	10.00	5.143973
-11.28098	10.00	-3.035261	0	0.00	0.1191449	-0.03233502	10.00	5.046575
-11.28098	10.00	-2.904119	0	0.00	0.1311419	-0.03199548	10.00	4.947097
-11.28098	10.00	-2.770169	0	0.00	0.1339504	-0.03165146	10.00	4.849422
-11.28098	10.00	-2.638647	0	0.00	0.1315227	-0.03130597	10.00	4.750979
-11.28098	10.00	-2.506095	0	0.00	0.1325518	-0.03096546	10.00	4.652913
-11.28098	10.00	-2.374054	0	0.00	0.1320408	-0.03063629	10.00	4.555549
-11.28098	10.00	-2.242973	0	0.00	0.131081	-0.03034315	10.00	4.456478
-11.28098	10.00	-2.109566	0	0.00	0.1334068	-0.03004155	10.00	4.357987
-11.28098	10.00	-1.976939	0	0.00	0.1326268	-0.02971653	10.00	4.260149
-11.28098	10.00	-1.845176	0	0.00	0.1317633	-0.02937998	10.00	4.161941
-11.28098	10.00	-1.712929	0	0.00	0.1322474	-0.02904536	10.00	4.063885
-11.28098	10.00	-1.580909	0	0.00	0.1320195	-0.02872223	10.00	3.9656
-11.28098	10.00	-1.448591	0	0.00	0.1323182	-0.02839619	10.00	3.867719
-11.28098	10.00	-1.316803	0	0.00	0.1317874	-0.0280871	10.00	3.769257
-11.28098	10.00	-1.184233	0	0.00	0.1325702	-0.02777525	10.00	3.671402
-11.28098	10.00	-1.052401	0	0.00	0.1318327	-0.02746894	10.00	3.573157
-11.28098	10.00	-0.9198601	0	0.00	0.1325405	-0.02714612	10.00	3.475286
-11.28098	10.00	-0.7877727	0	0.00	0.1320875	-0.02680837	10.00	3.376871
-11.28098	10.00	-0.6548854	0	0.00	0.1328873	-0.02647394	10.00	3.279389
-11.28098	10.00	-0.5232735	0	0.00	0.1316119	-0.02615324	10.00	3.181458
-11.28098	10.00	-0.3911082	0	0.00	0.1321653	-0.02583992	10.00	3.083589
-11.28098	10.00	-0.2590985	0	0.00	0.1320096	-0.02551778	10.00	2.986491
-11.28098	10.00	-0.1281393	0	0.00	0.1309593	-0.02520002	10.00	2.888525
-11.28098	10.00	0.003871791	0	0.00	0.132011	-0.02487062	10.00	2.789314
-11.28098	10.00	0.1375051	0	0.00	0.1336333	-0.02456173	10.00	2.691191
-11.28098	10.00	0.2697157	0	0.00	0.1322106	-0.02426133	10.00	2.594155
-11.28098	10.00	0.4003919	0	0.00	0.1306762	-0.02394405	10.00	2.494905
-11.28098	10.00	0.534011	0	0.00	0.1336191	-0.02361663	10.00	2.396115
-11.28098	10.00	0.6669946	0	0.00	0.1329836	-0.02329465	10.00	2.298603
-11.28098	10.00	0.798254	0	0.00	0.1312594	-0.0229398	10.00	2.194093
-11.28098	10.00	0.9389368	0	0.00	0.1406829	-0.02262031	10.00	2.098187
-11.28098	10.00	1.06811	0	0.00	0.1291728	-0.0223029	10.00	2.001159
-11.28098	10.00	1.198781	0	0.00	0.1306719	-0.02198417	10.00	1.906198
-11.28098	10.00	1.326683	0	0.00	0.1279016	-0.02164569	10.00	1.808127
-11.28098	10.00	1.458758	0	0.00	0.1320747	-0.02130585	10.00	1.709677
-11.28098	10.00	1.591318	0	0.00	0.1325603	-0.02097222	10.00	1.611373
-11.28098	10.00	1.723622	0	0.00	0.1323041	-0.02062477	10.00	1.513379
-11.28098	10.00	1.855496	0	0.00	0.1318737	-0.02027756	10.00	1.415242
-11.28098	10.00	1.987559	0	0.00	0.1320634	-0.01993074	10.00	1.316951
-11.28098	10.00	2.119828	0	0.00	0.1322687	-0.01958251	10.00	1.218443
-11.28098	10.00	2.252388	0	0.00	0.1325603	-0.01923636	10.00	1.120363
-11.28098	10.00	2.384371	0	0.00	0.1319827	-0.01889124	10.00	1.022075
-11.28098	10.00	2.516692	0	0.00	0.1323211	-0.01853347	10.00	0.9239421
-11.28098	10.00	2.648935	0	0.00	0.1322432	-0.01815565	10.00	0.8270305
-11.28098	10.00	2.779653	0	0.00	0.1307172	-0.01775661	10.00	0.7291331
-11.28098	10.00	2.911791	0	0.00	0.1321384	-0.01738358	10.00	0.6299078
-11.26766	10.00	3.045764	0.0133292	0.00	0.133973	-0.01701877	10.00	0.5321257
-11.24176	10.00	3.177685	0.02589869	0.00	0.1319204	-0.0166849	10.00	0.4339372
-11.20553	10.00	3.31	0.03622578	0.00	0.1323154	-0.01636931	10.00	0.3358576
-11.16555	10.00	3.442009	0.03997677	0.00	0.1320096	-0.01605436	10.00	0.2374423
-11.12289	10.00	3.574425	0.04266414	0.00	0.1324159	-0.01575641	10.00	0.1393394
-11.07653	10.00	3.706405	0.0463575	0.00	0.1319799	-0.01547058	10.00	0.04099793
-11.02494	10.00	3.83742	0.0515924	0.00	0.1310146	-0.01518401	10.00	-0.05745937
-10.97329	10.00	3.96859	0.05165367	0.00	0.1311702	-0.01489844	10.00	-0.1556253
-10.92179	10.00	4.096813	0.0515002	0.00	0.128223	-0.01461579	10.00	-0.2536404
-10.87037	10.00	4.212071	0.05142071	0.00	0.1152577	-0.01432986	10.00	-0.3521677
-10.81868	10.00	4.322796	0.051689	0.00	0.1107255	-0.01404776	10.00	-0.4502381
-10.76851	10.00	4.431729	0.05017088	0.00	0.1089325	-0.01376452	10.00	-0.5487781
-10.71296	10.00	4.532199	0.05554573	0.00	0.1004701	-0.01347317	10.00	-0.6470258
-10.6563	10.00	4.622132	0.05665997	0.00	0.0899329	-0.01321251	10.00	-0.7450804
-10.59975	10.00	4.702947	0.0565483	0.00	0.08081522	-0.0129798	10.00	-0.8421109
-10.54759	10.00	4.782906	0.05215829	0.00	0.0799592	-0.01273709	10.00	-0.94223
-10.49117	10.00	4.865413	0.05642777	0.00	0.08250646	-0.01250188	10.00	-1.03973
-10.43241	10.00	4.94576	0.05876084	0.00	0.08034775	-0.01226443	10.00	-1.138445
-10.37548	10.00	5.027108	0.05692093	0.00	0.08134774	-0.01200424	10.00	-1.247102
-10.31566	10.00	5.116647	0.05982266	0.00	0.08953942	-0.01175402	10.00	-1.352379
-10.2577	10.00	5.203402	0.05796202	0.00	0.08675451	-0.01153368	10.00	-1.443529
-10.20277	10.00	5.278514	0.05493166	0.00	0.07511184	-0.01131475	10.00	-1.534845
-10.14774	10.00	5.353762	0.05503124	0.00	0.075248	-0.0110905	10.00	-1.628241
-10.09632	10.00	5.445317	0.0514182	0.00	0.0915554	-0.01085646	10.00	-1.728153
-10.04261	10.00	5.549768	0.05370561	0.00	0.1044511	-0.01063477	10.00	-1.826011
-9.993826	10.00	5.655914	0.04878696	0.00	0.1061459	-0.0104186	10.00	-1.924275
-9.944826	10.00	5.763803	0.04899943	0.00	0.1078884	-0.01018415	10.00	-2.02246
-9.89585	10.00	5.871639	0.04897583	0.00	0.1078364	-0.009941271	10.00	-2.121062
-9.846656	10.00	5.983813	0.0491946	0.00	0.112174	-0.009695412	10.00	-2.218741
-9.799174	10.00	6.100081	0.04748166	0.00	0.116268	-0.00945572	10.00	-2.317775
-9.752318	10.00	6.220563	0.04685621	0.00	0.1204828	-0.009231543	10.00	-2.415078
-9.706292	10.00	6.338911	0.04602586	0.00	0.1183477	-0.008997699	10.00	-2.513422
-9.659794	10.00	6.458474	0.04649822	0.00	0.1195623	-0.008771519	10.00	-2.611592
-9.613384	10.00	6.577809	0.04641021	0.00	0.119336	-0.008652813	10.00	-2.709862
-9.566936	10.00	6.69724	0.046447	0.00	0.1194306	-0.008528932	10.00	-2.808056
-9.520521	10.00	6.81659	0.04641568	0.00	0.11935	-0.008414573	10.00	-2.907117
-9.473691	10.00	6.937005	0.04682986	0.00	0.120415	-0.008309437	10.00	-3.004419
-9.427684	10.00	7.055305	0.04600746	0.00	0.1183004	-0.008197581	10.00	-3.101636
-9.381722	10.00	7.173488	0.04596172	0.00	0.1181827	-0.008065752	10.00	-3.201163
-9.334675	10.00	7.294463	0.04704764	0.00	0.120975	-0.007940845	10.00	-3.299145
-9.288343	10.00	7.413595	0.04633065	0.00	0.1191314	-0.007809847	10.00	-3.396932
-9.24205	10.00	7.53263	0.04629336	0.00	0.1190355	-0.00768294	10.00	-3.495151
-9.195506	10.00	7.65231	0.04654396	0.00	0.1196799	-0.007571782	10.00	-3.593485
-9.148886	10.00	7.772187	0.04662053	0.00	0.1198768	-0.007420491	10.00	-3.689713
-9.10325	10.00	7.889534	0.04563653	0.00	0.1173466	-0.007276201	10.00	-3.789168
-9.056122	10.00	8.010713	0.04712719	0.00	0.1211796	-0.007148859	10.00	-3.886128
-9.01023	10.00	8.128718	0.0458926	0.00	0.118005	-0.007016651	10.00	-3.984814
-8.963555	10.00	8.248734	0.04667473	0.00	0.1200161	-0.006905469	10.00	-4.083545
-8.916882	10.00	8.368747	0.04667323	0.00	0.1200123	-0.006787925	10.00	-4.181614
-8.870519	10.00	8.487961	0.04636297	0.00	0.1192145	-0.006652493	10.00	-4.280153
-8.823899	10.00	8.607834	0.04661904	0.00	0.1198729	-0.006515614	10.00	-4.377852
-8.777636	10.00	8.726794	0.04626403	0.00	0.1189601	-0.006391051	10.00	-4.476019
-8.731144	10.00	8.846339	0.04649175	0.00	0.1195456	-0.006266758	10.00	-4.576149
-8.683673	10.00	8.968403	0.04747077	0.00	0.122063	-0.006135297	10.00	-4.672559
-8.640477	10.00	9.085955	0.04319603	0.00	0.1175524	-0.006018982	10.00	-4.769665
-8.596954	10.00	9.204397	0.04352302	0.00	0.1184423	-0.006044954	10.00	-4.867396
-8.553181	10.00	9.32352	0.04377295	0.00	0.1191224	-0.006069363	10.00	-4.965428
-8.509306	10.00	9.442921	0.04387537	0.00	0.1194012	-0.006073594	10.00	-5.063449
-8.465474	10.00	9.562203	0.04383168	0.00	0.1192823	-0.006068162	10.00	-5.161574
-8.421642	10.00	9.681485	0.04383168	0.00	0.1192823	-0.006065407	10.00	-5.260107
-8.377647	10.00	9.801211	0.04399469	0.00	0.1197259	-0.006048575	10.00	-5.358183
-8.333854	10.00	9.911448	0.04379409	0.00	0.1102359	-0.006026597	10.00	-5.456548
-8.288644	10.00	10.01689	0.0452101	0.00	0.1054475	-0.006022051	10.00	-5.554284
-8.241174	10.00	10.11658	0.0474694	0.00	0.09968255	-0.006019728	10.00	-5.652583
-8.193442	10.00	10.21425	0.04773201	0.00	0.09767295	-0.006017554	10.00	-5.751638
-8.14535	10.00	10.31266	0.04809119	0.00	0.09840793	-0.006004367	10.00	-5.849673
-8.097748	10.00	10.40624	0.04760275	0.00	0.09357723	-0.005991079	10.00	-5.947621
-8.047623	10.00	10.49848	0.05012512	0.00	0.09224171	-0.00597445	10.00	-6.046073
-7.997239	10.00	10.5912	0.0503846	0.00	0.09271922	-0.0059478	10.00	-6.144148
-7.94705	10.00	10.68355	0.05018811	0.00	0.09235763	-0.005929424	10.00	-6.241641
-7.897168	10.00	10.77535	0.04988287	0.00	0.09179591	-0.005911304	10.00	-6.340576
-7.846551	10.00	10.86849	0.05061609	0.00	0.0931452	-0.005889781	10.00	-6.439108
-7.796139	10.00	10.96126	0.05041206	0.00	0.09276974	-0.005893949	10.00	-6.537572
-7.74575	10.00	11.05399	0.05038891	0.00	0.09272714	-0.005886906	10.00	-6.63589
-7.695423	10.00	11.14661	0.05032754	0.00	0.09261421	-0.005920376	10.00	-6.737028
-7.644984	10.00	11.24185	0.05043902	0.00	0.09524442	-0.00595573	10.00	-6.831894
-7.596436	10.00	11.33119	0.04854833	0.00	0.08934007	-0.005991829	10.00	-6.93008
-7.547492	10.00	11.42361	0.04894382	0.00	0.09242103	-0.006024666	10.00	-7.02848
-7.497164	10.00	11.51623	0.05032754	0.00	0.09261421	-0.006057788	10.00	-7.126676
-7.44694	10.00	11.60865	0.05022364	0.00	0.09242301	-0.006088581	10.00	-7.223944
-7.397193	10.00	11.7002	0.04974721	0.00	0.09154627	-0.006125116	10.00	-7.322924
-7.346559	10.00	11.79337	0.05063439	0.00	0.09317888	-0.006144471	10.00	-7.42042
-7.296659	10.00	11.8852	0.0499001	0.00	0.09182762	-0.006148222	10.00	-7.519602
-7.247181	10.00	11.97863	0.04947737	0.00	0.09342854	-0.006165543	10.00	-7.617912
-7.198133	10.00	12.07125	0.04904875	0.00	0.09261917	-0.006258534	10.00	-7.726755
-7.143866	10.00	12.17372	0.05426725	0.00	0.1024733	-0.006321699	10.00	-7.833211
-7.090807	10.00	12.27391	0.05305797	0.00	0.1001898	-0.00636748	10.00	-7.933835
-7.040662	10.00	12.3686	0.05014523	0.00	0.09468965	-0.006398559	10.00	-8.019161
-6.998141	10.00	12.4489	0.0425213	0.00	0.08029332	-0.006410831	10.00	-8.109018
-6.953351	10.00	12.53347	0.04479032	0.00	0.08457795	-0.006430123	10.00	-8.208074
-6.90398	10.00	12.6267	0.04937034	0.00	0.09322644	-0.006439717	10.00	-8.305762
-6.855288	10.00	12.71865	0.048692	0.00	0.09194551	-0.006448155	10.00	-8.403206
-6.806718	10.00	12.81036	0.04857029	0.00	0.09171568	-0.006466314	10.00	-8.501519
-6.757713	10.00	12.9029	0.04900468	0.00	0.09253595	-0.006488471	10.00	-8.600945
-6.708161	10.00	12.99647	0.04955239	0.00	0.0935702	-0.006506809	10.00	-8.699181
-6.659205	10.00	13.08891	0.04895536	0.00	0.09244283	-0.006513721	10.00	-8.797528
-6.60891	10.00	13.18147	0.05029578	0.00	0.09255576	-0.006522847	10.00	-8.895821
-6.558646	10.00	13.27396	0.05026348	0.00	0.09249632	-0.006519032	10.00	-8.993967
-6.508452	10.00	13.36633	0.05019403	0.00	0.09236852	-0.006519313	10.00	-9.092288
-6.458165	10.00	13.45887	0.0502877	0.00	0.0925409	-0.006513624	10.00	-9.190544
-6.409179	10.00	13.55137	0.04898527	0.00	0.09249929	-0.006506475	10.00	-9.288724
-6.358948	10.00	13.64381	0.05023172	0.00	0.09243787	-0.006474776	10.00	-9.387068
-6.308641	10.00	13.73638	0.05030601	0.00	0.09257459	-0.006435946	10.00	-9.485188
-6.258452	10.00	13.82874	0.05018973	0.00	0.0923606	-0.006406164	10.00	-9.582577
-6.209919	10.00	13.92039	0.04853251	0.00	0.09164435	-0.006392363	10.00	-9.68258
-6.160087	10.00	14.01449	0.04983255	0.00	0.09409922	-0.006377206	10.00	-9.781245
-6.110919	10.00	14.10733	0.04916836	0.00	0.09284503	-0.006369605	10.00	-9.878725
-6.062346	10.00	14.19905	0.04857238	0.00	0.09171964	-0.006370893	10.00	-9.976839
-6.013454	10.00	14.29137	0.04889136	0.00	0.09232196	-0.006336909	10.00	-10.07507
-5.964507	10.00	14.3838	0.04894802	0.00	0.09242895	-0.006295214	10.00	-10.17344
-5.915458	10.00	14.47642	0.04904875	0.00	0.09261917	-0.006244877	10.00	-10.27155
-5.866511	10.00	14.56885	0.04894644	0.00	0.09242598	-0.006188538	10.00	-10.36976
-5.817482	10.00	14.66143	0.04902934	0.00	0.09258251	-0.006127996	10.00	-10.46824
-5.768295	10.00	14.75431	0.04918673	0.00	0.09287971	-0.006070345	10.00	-10.56596
-5.719504	10.00	14.84644	0.04879116	0.00	0.09213275	-0.006013372	10.00	-10.66408
-5.67054	10.00	14.9389	0.04896376	0.00	0.09245867	-0.005963185	10.00	-10.76184
-5.621773	10.00	15.03099	0.04876702	0.00	0.09208718	-0.005932198	10.00	-10.86123
-5.572218	10.00	15.12456	0.04955501	0.00	0.09357515	-0.005893969	10.00	-10.95978
-5.521809	10.00	15.21733	0.05040937	0.00	0.09276479	-0.005839067	10.00	-11.05715
-5.472005	10.00	15.30898	0.04980374	0.00	0.09165029	-0.005778671	10.00	-11.15668
-5.421074	10.00	15.4027	0.05093101	0.00	0.09372474	-0.005710689	10.00	-11.25242
-5.372032	10.00	15.49295	0.04904199	0.00	0.0902485	-0.005622603	10.00	-11.35201
-5.320939	10.00	15.58698	0.05109305	0.00	0.09402293	-0.005554494	10.00	-11.44921
-5.27231	10.00	15.6788	0.04862904	0.00	0.09182663	-0.005467245	10.00	-11.54645
-5.222376	10.00	15.77069	0.04993401	0.00	0.09189003	-0.005394374	10.00	-11.64517
-5.171701	10.00	15.86395	0.05067477	0.00	0.09325319	-0.005329849	10.00	-11.74326
-5.12394	10.00	15.97705	0.04776113	0.00	0.1131084	-0.005219856	10.00	-11.84107
-5.063581	10.00	16.10508	0.06035983	0.00	0.1280292	-0.005123366	10.00	-11.93822
-5.002365	10.00	16.23604	0.06121578	0.00	0.1309593	-0.005033914	10.00	-12.03734
-4.937364	10.00	16.36957	0.06500126	0.00	0.1335257	-0.004938948	10.00	-12.13572
-4.862631	10.00	16.50201	0.07473192	0.00	0.13244	-0.004852585	10.00	-12.23375
-4.797136	10.00	16.63392	0.06549577	0.00	0.1319176	-0.004765201	10.00	-12.33209
-4.73528	10.00	16.76625	0.06185564	0.00	0.1323281	-0.004683194	10.00	-12.43014
-4.677435	10.00	16.8982	0.05784475	0.00	0.1319473	-0.004587672	10.00	-12.5276
-4.61993	10.00	17.02937	0.05750529	0.00	0.131173	-0.004490935	10.00	-12.62642
-4.565466	10.00	17.16243	0.05446383	0.00	0.1330515	-0.004393181	10.00	-12.72494
-4.511192	10.00	17.29501	0.05427435	0.00	0.1325886	-0.004295185	10.00	-12.82331
-4.456999	10.00	17.4274	0.05419265	0.00	0.132389	-0.004198123	10.00	-12.92165
-4.40285	10.00	17.55969	0.05414977	0.00	0.1322843	-0.004101366	10.00	-13.01854
-4.350747	10.00	17.69005	0.05210285	0.00	0.1303676	-0.00398891	10.00	-13.11782
-4.29735	10.00	17.82366	0.05339672	0.00	0.133605	-0.003880201	10.00	-13.21492
-4.245121	10.00	17.95434	0.05222957	0.00	0.1306846	-0.003769545	10.00	-13.31387
-4.191909	10.00	18.08748	0.05321115	0.00	0.1331407	-0.003680311	10.00	-13.41259
-4.138839	10.00	18.22027	0.05307028	0.00	0.1327882	-0.00359267	10.00	-13.51089
-4.085996	10.00	18.35249	0.05284285	0.00	0.1322191	-0.003510427	10.00	-13.60895
-4.03325	10.00	18.48447	0.0527461	0.00	0.1319771	-0.003414062	10.00	-13.70715
-3.980371	10.00	18.61678	0.05287906	0.00	0.1323097	-0.00328854	10.00	-13.80499
-3.927641	10.00	18.74872	0.05273026	0.00	0.1319374	-0.003198004	10.00	-13.90306
-3.874778	10.00	18.88099	0.05286265	0.00	0.1322687	-0.003111123	10.00	-14.00109
-3.821925	10.00	19.01323	0.05285303	0.00	0.1322446	-0.003026144	10.00	-14.09921
-3.769005	10.00	19.14564	0.05291979	0.00	0.1324116	-0.002909196	10.00	-14.197
-3.716283	10.00	19.27756	0.05272234	0.00	0.1319176	-0.002777434	10.00	-14.29532
-3.66326	10.00	19.41023	0.05302332	0.00	0.1326707	-0.002614573	10.00	-14.40019
-3.60669	10.00	19.55177	0.05656945	0.00	0.1415435	-0.00249442	10.00	-14.49479
-3.555646	10.00	19.67949	0.05104433	0.00	0.127719	-0.002416141	10.00	-14.58846
-3.505126	10.00	19.8059	0.05051987	0.00	0.1264068	-0.002313125	10.00	-14.68715
-3.451873	10.00	19.93914	0.05325245	0.00	0.133244	-0.002234459	10.00	-14.78476
-3.399218	10.00	20.07089	0.05265502	0.00	0.1317492	-0.002162715	10.00	-14.88172
-3.346945	10.00	20.20169	0.0522737	0.00	0.1307951	-0.002076749	10.00	-14.98054
-3.293641	10.00	20.33506	0.05330337	0.00	0.1333714	-0.002521781	10.00	-15.07781
-3.240932	10.00	20.46694	0.05270933	0.00	0.1318851	-0.002651098	10.00	-15.17569
-3.187923	10.00	20.59958	0.05300918	0.00	0.1326353	-0.002648886	10.00	-15.27428
-3.134462	10.00	20.73335	0.05346121	0.00	0.1337664	-0.002578174	10.00	-15.37039
-3.082313	10.00	20.86383	0.05214867	0.00	0.1304822	-0.002450483	10.00	-15.46786
-3.029375	10.00	20.99628	0.05293789	0.00	0.1324569	-0.002282162	10.00	-15.56576
-2.976229	10.00	21.12926	0.05314553	0.00	0.1329765	-0.002178894	10.00	-15.6624
-2.923767	10.00	21.26053	0.05246209	0.00	0.1312664	-0.002079901	10.00	-15.75972
-2.87093	10.00	21.39273	0.05283719	0.00	0.132205	-0.002014973	10.00	-15.85872
-2.817258	10.00	21.52703	0.05367224	0.00	0.1342944	-0.002014204	10.00	-15.95445
-2.766644	10.00	21.65681	0.05061363	0.00	0.1297858	-0.002017665	10.00	-16.05306
-2.714563	10.00	21.79036	0.05208096	0.00	0.1335484	-0.001982094	10.00	-16.15127
-2.662658	10.00	21.92346	0.05190485	0.00	0.1330968	-0.00192649	10.00	-16.24705
-2.611978	10.00	22.05342	0.05068042	0.00	0.129957	-0.001817727	10.00	-16.34517
-2.560034	10.00	22.18661	0.0519446	0.00	0.1331987	-0.001673815	10.00	-16.44323
-2.508125	10.00	22.31972	0.05190817	0.00	0.1331053	-0.001505619	10.00	-16.5158
-2.469667	10.00	22.41833	0.03845816	0.00	0.09861617	-0.001359276	10.00	-16.59594
-2.427164	10.00	22.52732	0.04250354	0.00	0.1089895	-0.001299447	10.00	-16.68494
-2.379899	10.00	22.64852	0.04726492	0.00	0.1211989	-0.001155781	10.00	-16.78066
-2.328945	10.00	22.77918	0.05095368	0.00	0.1306577	-0.001057789	10.00	-16.87689
-2.277472	10.00	22.91117	0.05147316	0.00	0.1319898	-0.0009315849	10.00	-16.97272
-2.225866	10.00	23.0435	0.0516062	0.00	0.132331	-0.0008110831	10.00	-17.06853
-2.173871	10.00	23.17683	0.05199484	0.00	0.1333275	-0.0005758644	10.00	-17.16405
-2.120186	10.00	23.31116	0.05368525	0.00	0.1343269	-0.0004928753	10.00	-17.23104
-2.083094	10.00	23.40627	0.0370913	0.00	0.0951112	-0.0001373485	10.00	-17.3011
-2.046051	10.00	23.50622	0.03704363	0.00	0.09995247	0.0004497083	10.00	-17.39402
-1.999187	10.00	23.63964	0.04686317	0.00	0.1334195	0.001287659	10.00	-17.48621
-1.956188	10.00	23.7731	0.04299983	0.00	0.1334578	0.00228747	10.00	-17.57604
-1.913915	10.00	23.9043	0.04227235	0.00	0.1311999	0.003553299	10.00	-17.66603
-1.873864	10.00	24.03655	0.04005136	0.00	0.1322559	0.004853355	10.00	-17.75519
-1.835184	10.00	24.1685	0.03868028	0.00	0.1319473	0.006273957	10.00	-17.84464
-1.795931	10.00	24.3024	0.03925294	0.00	0.1339008	0.007100352	10.00	-17.91601
-1.764298	10.00	24.41031	0.03163316	0.00	0.107908	0.007963093	10.00	-17.9811
-1.73502	10.00	24.51018	0.02927776	0.00	0.0998732	0.009151843	10.00	-18.05941
-1.69929	10.00	24.63206	0.03572939	0.00	0.1218812	0.01031395	10.00	-18.14122
-1.663752	10.00	24.76187	0.03553864	0.00	0.1298056	0.01135099	10.00	-18.22365
-1.627207	10.00	24.89535	0.03654514	0.00	0.1334818	0.01211051	10.00	-18.30298
-1.591043	10.00	25.02744	0.03616416	0.00	0.1320903	0.01274799	10.00	-18.38029
-1.55852	10.00	25.16033	0.03252216	0.00	0.1328873	0.0132556	10.00	-18.44057
-1.532235	10.00	25.26773	0.02628518	0.00	0.1074027	0.01399688	10.00	-18.5269
-1.499625	10.00	25.42603	0.03260999	0.00	0.1582983	0.01450218	10.00	-18.57957
-1.478991	10.00	25.52619	0.02063371	0.00	0.100162	0.01509806	10.00	-18.63698
-1.455866	10.00	25.63845	0.02312584	0.00	0.1122595	0.0155753	10.00	-18.69636
-1.434711	10.00	25.758	0.02115414	0.00	0.1195455	0.015966	10.00	-18.75872
-1.411737	10.00	25.88783	0.02297447	0.00	0.1298325	0.01626187	10.00	-18.81914
-1.388531	10.00	26.01897	0.02320593	0.00	0.1311405	0.01680711	10.00	-18.87856
-1.364816	10.00	26.15299	0.02371543	0.00	0.1340197	0.01738844	10.00	-18.91947
-1.348769	10.00	26.24892	0.01604653	0.00	0.09593081	0.01796076	10.00	-18.96199
-1.334481	10.00	26.35229	0.0142877	0.00	0.1033668	0.01879568	10.00	-19.01317
-1.316743	10.00	26.48062	0.01773845	0.00	0.128332	0.01959611	10.00	-19.06429
-1.298271	10.00	26.61426	0.01847161	0.00	0.1336361	0.02032904	10.00	-19.11239
-1.280015	10.00	26.74633	0.01825638	0.00	0.132079	0.02089003	10.00	-19.15877
21.07886
