0.01858569	10.00	-49.86554	0.01858569	0.00	0.1344614	0	10.00	40
0.1179204	10.00	-49.02979	0.09933471	0.00	0.8357467	-0.0006097319	10.00	39.96821
0.1179204	10.00	-49.02979	0	0.00	0	-0.001760415	10.00	39.91294
0.1179204	10.00	-49.02979	0	0.00	0	-0.003497903	10.00	39.86788
0.1179204	10.00	-49.02979	0	0.00	0	-0.004445187	10.00	39.8219
0.1179204	10.00	-49.02979	0	0.00	0	-0.005542891	10.00	39.77126
0.1179204	10.00	-49.02979	0	0.00	0	-0.006932757	10.00	39.712
0.1179204	10.00	-49.02979	0	0.00	0	-0.009813183	10.00	39.6288
0.1179204	10.00	-49.02979	0	0.00	0	-0.01251344	10.00	39.55676
0.1179204	10.00	-49.02979	0	0.00	0	-0.01478453	10.00	39.47863
0.1179204	10.00	-49.02979	0	0.00	0	-0.01677792	10.00	39.39033
0.1179204	10.00	-49.02979	0	0.00	0	-0.01838102	10.00	39.30081
0.1179204	10.00	-49.02979	0	0.00	0	-0.02024873	10.00	39.19884
0.1179204	10.00	-49.02979	0	0.00	0	-0.02212423	10.00	39.09298
0.1179204	10.00	-49.02979	0	0.00	0	-0.02344678	10.00	38.99459
0.1179204	10.00	-49.02979	0	0.00	0	-0.02525008	10.00	38.88953
0.1179204	10.00	-48.87734	0	0.00	0.1524528	-0.02699621	10.00	38.79084
0.1179204	10.00	-48.71945	0	0.00	0.1578898	-0.02896794	10.00	38.67965
0.1179204	10.00	-48.54079	0	0.00	0.1786642	-0.03070376	10.00	38.57336
0.1179204	10.00	-48.37033	0	0.00	0.1704581	-0.03243427	10.00	38.46439
0.1179204	10.00	-48.19531	0	0.00	0.1750163	-0.03406956	10.00	38.35226
0.1179204	10.00	-48.01404	0	0.00	0.1812717	-0.03574852	10.00	38.24547
0.1179204	10.00	-47.84087	0	0.00	0.1731746	-0.03751522	10.00	38.14773
0.1179204	10.00	-47.68283	0	0.00	0.1580279	-0.03937179	10.00	38.05048
0.1179204	10.00	-47.52649	0	0.00	0.1563448	-0.04163022	10.00	37.94472
0.1179204	10.00	-47.35681	0	0.00	0.1696838	-0.0441499	10.00	37.84523
0.1179204	10.00	-47.19772	0	0.00	0.1590924	-0.04716855	10.00	37.73563
0.1179204	10.00	-47.02302	0	0.00	0.1746921	-0.050057	10.00	37.63834
0.1179204	10.00	-46.86839	0	0.00	0.1546334	-0.05302443	10.00	37.53766
0.1179204	10.00	-46.70857	0	0.00	0.1598186	-0.05594798	10.00	37.43478
0.1179204	10.00	-46.54549	0	0.00	0.1630801	-0.05840249	10.00	37.34251
0.1179204	10.00	-46.3999	0	0.00	0.1455935	-0.06050978	10.00	37.25408
0.1179204	10.00	-46.26102	0	0.00	0.1388794	-0.06247394	10.00	37.15339
0.1179204	10.00	-46.1036	0	0.00	0.1574164	-0.06412082	10.00	37.04764
0.1179204	10.00	-45.93859	0	0.00	0.1650081	-0.06559814	10.00	36.95686
0.1179204	10.00	-45.79755	0	0.00	0.1410481	-0.06704351	10.00	36.8602
0.1179204	10.00	-45.64789	0	0.00	0.149659	-0.06822219	10.00	36.77371
0.1208787	10.00	-45.51359	0.002958313	0.00	0.1342944	-0.06947623	10.00	36.67757
0.1399836	10.00	-45.36496	0.01910494	0.00	0.1486299	-0.07059737	10.00	36.58304
0.1686192	10.00	-45.2191	0.02863552	0.00	0.145861	-0.07148786	10.00	36.48951
0.201054	10.00	-45.07518	0.03243488	0.00	0.1439189	-0.07238181	10.00	36.39631
0.2332292	10.00	-44.93242	0.03217519	0.00	0.1427666	-0.07307096	10.00	36.30639
0.2641031	10.00	-44.79542	0.03087388	0.00	0.1369925	-0.07380479	10.00	36.21689
0.2947374	10.00	-44.65949	0.03063429	0.00	0.1359294	-0.07454865	10.00	36.12774
0.3251209	10.00	-44.52468	0.03038353	0.00	0.1348167	-0.07556181	10.00	36.03456
0.3567107	10.00	-44.38451	0.03158977	0.00	0.140169	-0.07638625	10.00	35.9428
0.387695	10.00	-44.24702	0.03098426	0.00	0.1374822	-0.07665879	10.00	35.84
0.4222769	10.00	-44.09358	0.03458193	0.00	0.1534457	-0.07677519	10.00	35.74827
0.4530618	10.00	-43.95698	0.03078487	0.00	0.1365975	-0.07692166	10.00	35.6541
0.4844821	10.00	-43.81757	0.03142037	0.00	0.1394173	-0.07701225	10.00	35.55255
0.5181593	10.00	-43.66813	0.03367717	0.00	0.1494311	-0.07711539	10.00	35.45306
0.5508634	10.00	-43.52302	0.03270414	0.00	0.1451136	-0.0771587	10.00	35.35946
0.5813439	10.00	-43.38778	0.03048052	0.00	0.1352471	-0.07721578	10.00	35.26435
0.6120391	10.00	-43.25158	0.03069522	0.00	0.1361997	-0.07711913	10.00	35.16457
0.6440998	10.00	-43.10931	0.03206066	0.00	0.1422584	-0.07699645	10.00	35.05707
0.6755629	10.00	-42.95658	0.03146307	0.00	0.1527308	-0.07706561	10.00	34.95075
0.7065833	10.00	-42.806	0.0310204	0.00	0.150582	-0.07717154	10.00	34.85008
0.7359995	10.00	-42.66321	0.02941624	0.00	0.1427949	-0.07725753	10.00	34.75316
0.7629645	10.00	-42.52586	0.02696502	0.00	0.137352	-0.07724237	10.00	34.64506
0.7929587	10.00	-42.37307	0.0299942	0.00	0.1527818	-0.07725567	10.00	34.52219
0.8270891	10.00	-42.19922	0.03413029	0.00	0.1738498	-0.07733198	10.00	34.40277
0.8602789	10.00	-42.03016	0.03318986	0.00	0.1690595	-0.0775107	10.00	34.27854
0.8896449	10.00	-41.85461	0.02936599	0.00	0.1755584	-0.07798883	10.00	34.1291
0.9247669	10.00	-41.64464	0.03512202	0.00	0.2099697	-0.07818364	10.00	34.0237
0.9493977	10.00	-41.49739	0.02463074	0.00	0.1472497	-0.0783683	10.00	33.92571
0.9721817	10.00	-41.36118	0.02278404	0.00	0.1362096	-0.0786422	10.00	33.83228
0.993819	10.00	-41.23182	0.02163729	0.00	0.129354	-0.07896312	10.00	33.74277
1.014495	10.00	-41.10821	0.02067641	0.00	0.1236096	-0.07932936	10.00	33.64809
1.036322	10.00	-40.97773	0.02182695	0.00	0.1304879	-0.07975618	10.00	33.55209
1.05843	10.00	-40.84556	0.02210802	0.00	0.1321682	-0.08016054	10.00	33.45464
1.079554	10.00	-40.71152	0.02112338	0.00	0.134041	-0.08062893	10.00	33.36091
1.099855	10.00	-40.5827	0.02030089	0.00	0.1288217	-0.08110527	10.00	33.2634
1.120969	10.00	-40.44871	0.02111423	0.00	0.1339829	-0.081449	10.00	33.16698
1.14184	10.00	-40.31627	0.0208713	0.00	0.1324414	-0.08174179	10.00	33.06954
1.162932	10.00	-40.18243	0.02109192	0.00	0.1338414	-0.08200346	10.00	32.97255
1.183922	10.00	-40.04924	0.02098953	0.00	0.1331916	-0.08227944	10.00	32.86815
1.206503	10.00	-39.90595	0.02258098	0.00	0.1432904	-0.08258267	10.00	32.7704
1.227667	10.00	-39.77165	0.02116398	0.00	0.1342986	-0.08286031	10.00	32.67362
1.248673	10.00	-39.63835	0.02100671	0.00	0.1333006	-0.08313823	10.00	32.57507
1.270061	10.00	-39.50263	0.02138751	0.00	0.135717	-0.08345763	10.00	32.47969
1.290762	10.00	-39.37127	0.02070087	0.00	0.1313599	-0.08379325	10.00	32.37961
1.312472	10.00	-39.23351	0.0217103	0.00	0.1377654	-0.08405516	10.00	32.28386
1.333213	10.00	-39.10189	0.0207408	0.00	0.1316133	-0.08434595	10.00	32.1845
1.354713	10.00	-38.96546	0.02150016	0.00	0.1364319	-0.08458409	10.00	32.09142
1.374838	10.00	-38.83775	0.02012532	0.00	0.1277077	-0.08482876	10.00	31.99656
1.39532	10.00	-38.70778	0.02048158	0.00	0.1299684	-0.08509192	10.00	31.89273
1.417736	10.00	-38.56554	0.02241657	0.00	0.1422471	-0.08524927	10.00	31.7998
1.437814	10.00	-38.43813	0.02007758	0.00	0.1274047	-0.08542104	10.00	31.70241
1.458854	10.00	-38.30462	0.02104017	0.00	0.133513	-0.08557329	10.00	31.5929
1.482532	10.00	-38.15437	0.02367764	0.00	0.1502493	-0.08571795	10.00	31.49605
1.503488	10.00	-38.02139	0.02095585	0.00	0.1329779	-0.08589217	10.00	31.38291
1.528027	10.00	-37.86568	0.02453895	0.00	0.1557149	-0.08602801	10.00	31.27989
1.550396	10.00	-37.72373	0.02236972	0.00	0.1419498	-0.0862011	10.00	31.12364
1.584443	10.00	-37.50768	0.03404636	0.00	0.2160453	-0.0863328	10.00	31.02389
1.607534	10.00	-37.36964	0.02309092	0.00	0.1380442	-0.08651185	10.00	30.90019
1.636221	10.00	-37.19814	0.02868736	0.00	0.1715014	-0.08680137	10.00	30.7754
1.66515	10.00	-37.02519	0.02892912	0.00	0.1729467	-0.08705112	10.00	30.6717
1.689241	10.00	-36.88117	0.02409063	0.00	0.1440208	-0.08727065	10.00	30.56744
1.713562	10.00	-36.73577	0.02432078	0.00	0.1453967	-0.08753722	10.00	30.46252
1.738083	10.00	-36.58918	0.02452134	0.00	0.1465957	-0.08780858	10.00	30.35692
1.762785	10.00	-36.4415	0.02470201	0.00	0.1476758	-0.08811011	10.00	30.25823
1.78853	10.00	-36.30356	0.02574549	0.00	0.1379437	-0.08835444	10.00	30.15928
1.814337	10.00	-36.16529	0.02580652	0.00	0.1382707	-0.08868532	10.00	30.056
1.844076	10.00	-36.02093	0.02973876	0.00	0.1443605	-0.08906999	10.00	29.95671
1.876673	10.00	-35.88224	0.03259698	0.00	0.1386798	-0.08940559	10.00	29.858
1.913	10.00	-35.7447	0.0363271	0.00	0.1375502	-0.08967052	10.00	29.7571
1.955461	10.00	-35.60448	0.04246099	0.00	0.1402129	-0.08992974	10.00	29.65313
2.007603	10.00	-35.46001	0.05214281	0.00	0.1444681	-0.09015097	10.00	29.54596
2.067102	10.00	-35.31258	0.05949891	0.00	0.1474319	-0.09033307	10.00	29.43874
2.126716	10.00	-35.17065	0.05961319	0.00	0.1419379	-0.09058622	10.00	29.33207
2.186022	10.00	-35.02944	0.05930598	0.00	0.1412064	-0.09077968	10.00	29.22867
2.240628	10.00	-34.90253	0.05460625	0.00	0.1269048	-0.09096442	10.00	29.12408
2.29438	10.00	-34.78137	0.05375259	0.00	0.1211628	-0.09107205	10.00	29.02363
2.344556	10.00	-34.66658	0.05017525	0.00	0.1147872	-0.09130158	10.00	28.91887
2.396853	10.00	-34.55256	0.05229763	0.00	0.1140306	-0.09149031	10.00	28.81598
2.448175	10.00	-34.44065	0.05132227	0.00	0.1119039	-0.09163716	10.00	28.70473
2.503676	10.00	-34.31963	0.0555006	0.00	0.1210144	-0.09175072	10.00	28.59375
2.558999	10.00	-34.19901	0.0553228	0.00	0.1206267	-0.09180348	10.00	28.48022
2.615563	10.00	-34.07568	0.05656435	0.00	0.1233338	-0.09187392	10.00	28.37211
2.669393	10.00	-33.95831	0.05382937	0.00	0.1173704	-0.09182021	10.00	28.2619
2.72424	10.00	-33.83871	0.05484713	0.00	0.1195896	-0.09175379	10.00	28.14321
2.783325	10.00	-33.70988	0.05908575	0.00	0.1288315	-0.09171192	10.00	28.02634
2.841388	10.00	-33.58328	0.05806288	0.00	0.1266012	-0.09162616	10.00	27.92013
2.89411	10.00	-33.46833	0.05272118	0.00	0.1149541	-0.0915117	10.00	27.79192
2.957666	10.00	-33.32975	0.06355634	0.00	0.1385792	-0.09130461	10.00	27.65583
3.024951	10.00	-33.18304	0.06728505	0.00	0.1467094	-0.09115318	10.00	27.53091
3.08671	10.00	-33.04838	0.06175942	0.00	0.1346612	-0.0909575	10.00	27.41376
3.144609	10.00	-32.90816	0.05789836	0.00	0.140222	-0.09079057	10.00	27.302
3.201353	10.00	-32.76987	0.05674403	0.00	0.1382834	-0.09075216	10.00	27.18766
3.257779	10.00	-32.62867	0.0564264	0.00	0.1411985	-0.09070213	10.00	27.08219
3.309804	10.00	-32.49849	0.0520253	0.00	0.1301854	-0.09065789	10.00	26.96936
3.363913	10.00	-32.35936	0.05410812	0.00	0.1391298	-0.09062702	10.00	26.85722
3.417604	10.00	-32.2213	0.05369145	0.00	0.1380584	-0.09060349	10.00	26.7469
3.47037	10.00	-32.08562	0.05276563	0.00	0.1356778	-0.09053402	10.00	26.63093
3.525848	10.00	-31.94297	0.05547795	0.00	0.1426521	-0.0904657	10.00	26.52761
3.57522	10.00	-31.81602	0.04937213	0.00	0.126952	-0.09040917	10.00	26.4155
3.628754	10.00	-31.67837	0.05353383	0.00	0.1376531	-0.09028563	10.00	26.30805
3.680014	10.00	-31.54656	0.05126056	0.00	0.1318078	-0.09019883	10.00	26.19394
3.734335	10.00	-31.40688	0.05432092	0.00	0.139677	-0.09010047	10.00	26.08191
3.78763	10.00	-31.26984	0.05329517	0.00	0.1370395	-0.09001193	10.00	25.971
3.840379	10.00	-31.13421	0.05274823	0.00	0.1356331	-0.08992541	10.00	25.8541
3.895979	10.00	-30.99124	0.05560027	0.00	0.1429666	-0.08982804	10.00	25.73943
3.950516	10.00	-30.85101	0.05453721	0.00	0.1402332	-0.08974228	10.00	25.63086
4.002151	10.00	-30.71824	0.05163496	0.00	0.1327705	-0.08962753	10.00	25.51456
4.05744	10.00	-30.57607	0.05528901	0.00	0.1421663	-0.08951611	10.00	25.40123
4.111327	10.00	-30.43751	0.05388735	0.00	0.1385622	-0.08941091	10.00	25.28941
4.164499	10.00	-30.30079	0.05317136	0.00	0.1367211	-0.08927988	10.00	25.18019
4.216432	10.00	-30.16725	0.05193279	0.00	0.1335364	-0.08913212	10.00	25.04644
4.280018	10.00	-30.00375	0.06358656	0.00	0.163502	-0.08898558	10.00	24.93557
4.332705	10.00	-29.86827	0.05268757	0.00	0.1354771	-0.08884569	10.00	24.81988
4.387677	10.00	-29.72692	0.05497178	0.00	0.1413506	-0.08872381	10.00	24.70847
4.440603	10.00	-29.59083	0.05292574	0.00	0.1360895	-0.08859608	10.00	24.59661
4.493739	10.00	-29.4542	0.05313556	0.00	0.1366291	-0.08845186	10.00	24.48564
4.546444	10.00	-29.31868	0.05270547	0.00	0.1355232	-0.08829541	10.00	24.36051
4.605885	10.00	-29.16584	0.05944027	0.00	0.1528405	-0.0881463	10.00	24.22745
4.66907	10.00	-29.00337	0.0631858	0.00	0.1624715	-0.08799852	10.00	24.10665
4.726441	10.00	-28.85585	0.05737086	0.00	0.1475194	-0.08783855	10.00	23.99413
4.779878	10.00	-28.71844	0.05343687	0.00	0.1374038	-0.08767946	10.00	23.87674
4.835623	10.00	-28.57511	0.05574495	0.00	0.1433387	-0.08753976	10.00	23.76451
4.888904	10.00	-28.4381	0.05328075	0.00	0.1370024	-0.08740266	10.00	23.64788
4.944281	10.00	-28.29571	0.05537702	0.00	0.1423926	-0.08726795	10.00	23.53476
4.997986	10.00	-28.15762	0.05370587	0.00	0.1380955	-0.08713505	10.00	23.42253
5.051276	10.00	-28.02059	0.0532897	0.00	0.1370254	-0.08699976	10.00	23.3127
5.103419	10.00	-27.88651	0.05214262	0.00	0.1340759	-0.08687159	10.00	23.20005
5.156892	10.00	-27.74902	0.05347367	0.00	0.1374984	-0.08673045	10.00	23.08865
5.209772	10.00	-27.61304	0.05287949	0.00	0.1359706	-0.08656052	10.00	22.97574
5.263362	10.00	-27.47525	0.05359052	0.00	0.1377989	-0.08637474	10.00	22.86592
5.315496	10.00	-27.34119	0.05213367	0.00	0.1340529	-0.08619341	10.00	22.75211
5.369522	10.00	-27.20227	0.05402608	0.00	0.1389189	-0.08598943	10.00	22.63204
5.426513	10.00	-27.05573	0.05699048	0.00	0.1465413	-0.08580863	10.00	22.52164
5.47892	10.00	-26.92098	0.05240764	0.00	0.1347573	-0.08560516	10.00	22.40618
5.533716	10.00	-26.78008	0.05479527	0.00	0.1408967	-0.08540476	10.00	22.2966
5.585708	10.00	-26.64639	0.05199196	0.00	0.1336885	-0.08521022	10.00	22.18844
5.63703	10.00	-26.51442	0.05132271	0.00	0.1319676	-0.08500148	10.00	22.07303
5.691788	10.00	-26.37362	0.05475798	0.00	0.1408008	-0.08476008	10.00	21.94344
5.753286	10.00	-26.21549	0.06149825	0.00	0.1581323	-0.08451836	10.00	21.83007
5.807119	10.00	-26.07707	0.05383216	0.00	0.1384203	-0.08426548	10.00	21.71542
5.861583	10.00	-25.93702	0.05446462	0.00	0.1400465	-0.08400556	10.00	21.60157
5.915669	10.00	-25.79795	0.05408624	0.00	0.1390736	-0.08371803	10.00	21.48905
5.969099	10.00	-25.66056	0.05342941	0.00	0.1373847	-0.08341769	10.00	21.37127
6.02345	10.00	-25.51685	0.05435134	0.00	0.1437171	-0.0831484	10.00	21.25413
6.077477	10.00	-25.37399	0.05402642	0.00	0.142858	-0.08289952	10.00	21.14412
6.128224	10.00	-25.2398	0.05074774	0.00	0.1341884	-0.08260261	10.00	21.01418
6.188159	10.00	-25.08132	0.05993443	0.00	0.15848	-0.08234832	10.00	20.88884
6.245969	10.00	-24.92846	0.05780989	0.00	0.1528623	-0.08215561	10.00	20.76592
6.302694	10.00	-24.77847	0.05672489	0.00	0.1499933	-0.08195643	10.00	20.64781
6.357208	10.00	-24.63432	0.05451428	0.00	0.144148	-0.08176772	10.00	20.53026
6.411396	10.00	-24.49103	0.05418743	0.00	0.1432837	-0.08160178	10.00	20.42352
6.460609	10.00	-24.3609	0.04921356	0.00	0.1301317	-0.08146073	10.00	20.31698
6.509717	10.00	-24.23105	0.04910768	0.00	0.1298517	-0.08131397	10.00	20.21314
6.55758	10.00	-24.10449	0.0478636	0.00	0.1265621	-0.08114633	10.00	20.10317
6.608276	10.00	-23.97044	0.050696	0.00	0.1340516	-0.08098839	10.00	20.00457
6.653728	10.00	-23.85025	0.04545186	0.00	0.1201849	-0.0808356	10.00	19.90257
6.700757	10.00	-23.7259	0.04702858	0.00	0.1243541	-0.08065821	10.00	19.79639
6.749706	10.00	-23.59646	0.04894957	0.00	0.1294336	-0.08052559	10.00	19.68998
6.798769	10.00	-23.46673	0.04906223	0.00	0.1297315	-0.08034712	10.00	19.5861
6.846656	10.00	-23.34011	0.04788778	0.00	0.126626	-0.08018193	10.00	19.48119
6.896418	10.00	-23.21215	0.04976145	0.00	0.1279531	-0.08001916	10.00	19.36956
6.949363	10.00	-23.07601	0.05294562	0.00	0.1361407	-0.07988452	10.00	19.26513
6.998852	10.00	-22.94876	0.04948848	0.00	0.1272512	-0.07980794	10.00	19.16714
7.045303	10.00	-22.82932	0.04645098	0.00	0.1194408	-0.08125886	10.00	19.06149
7.095088	10.00	-22.70131	0.04978482	0.00	0.1280132	-0.08171366	10.00	18.94742
7.149053	10.00	-22.56255	0.05396542	0.00	0.1387629	-0.0815847	10.00	18.8297
7.204895	10.00	-22.41896	0.05584141	0.00	0.1435867	-0.0814573	10.00	18.72893
7.252656	10.00	-22.29615	0.04776164	0.00	0.1228109	-0.08160594	10.00	18.62301
7.302792	10.00	-22.16723	0.05013585	0.00	0.1289158	-0.08148972	10.00	18.51578
7.353616	10.00	-22.03655	0.050824	0.00	0.1306853	-0.08124769	10.00	18.41284
7.402419	10.00	-21.91106	0.04880281	0.00	0.1254881	-0.0809388	10.00	18.30802
7.452112	10.00	-21.78054	0.04969283	0.00	0.1305165	-0.08065785	10.00	18.19317
7.523067	10.00	-21.63454	0.07095581	0.00	0.1460016	-0.08040238	10.00	18.08711
7.58721	10.00	-21.49971	0.06414212	0.00	0.1348336	-0.08014993	10.00	17.97958
7.652226	10.00	-21.36304	0.06501679	0.00	0.1366722	-0.07989769	10.00	17.87328
7.715132	10.00	-21.22788	0.06290618	0.00	0.1351562	-0.07967629	10.00	17.77421
7.773742	10.00	-21.10195	0.0586093	0.00	0.1259242	-0.07942049	10.00	17.65809
7.842451	10.00	-20.95129	0.06870922	0.00	0.1506595	-0.07916829	10.00	17.54617
7.908675	10.00	-20.80316	0.0662238	0.00	0.1481351	-0.0788995	10.00	17.42848
7.97369	10.00	-20.64741	0.06501518	0.00	0.1557519	-0.07866102	10.00	17.32115
8.032986	10.00	-20.50536	0.05929535	0.00	0.1420494	-0.07840265	10.00	17.21418
8.092094	10.00	-20.36375	0.05910935	0.00	0.1416038	-0.07815482	10.00	17.11112
8.149038	10.00	-20.22734	0.05694391	0.00	0.1364162	-0.07791457	10.00	17.00881
8.205571	10.00	-20.09191	0.05653249	0.00	0.1354306	-0.07766346	10.00	16.90287
8.262735	10.00	-19.95165	0.05716405	0.00	0.1402614	-0.07742593	10.00	16.79715
8.333612	10.00	-19.81166	0.07087726	0.00	0.1399921	-0.0771712	10.00	16.68659
8.401999	10.00	-19.66226	0.06838652	0.00	0.1493943	-0.07693337	10.00	16.57786
8.466454	10.00	-19.51524	0.06445453	0.00	0.1470246	-0.07669506	10.00	16.46762
8.531789	10.00	-19.3662	0.06533513	0.00	0.1490334	-0.0764799	10.00	16.36349
8.593495	10.00	-19.22544	0.06170722	0.00	0.1407579	-0.07638126	10.00	16.25897
8.652624	10.00	-19.08434	0.05912845	0.00	0.141109	-0.07621612	10.00	16.15373
8.709425	10.00	-18.94221	0.05680084	0.00	0.1421225	-0.07604322	10.00	16.0477
8.756928	10.00	-18.79908	0.04750319	0.00	0.1431332	-0.07602397	10.00	15.94011
8.802271	10.00	-18.65399	0.04534224	0.00	0.1450881	-0.07601874	10.00	15.81638
8.846327	10.00	-18.48717	0.04405655	0.00	0.1668172	-0.07585311	10.00	15.70771
8.875123	10.00	-18.34049	0.02879643	0.00	0.1466807	-0.07568265	10.00	15.59713
8.901557	10.00	-18.19111	0.02643353	0.00	0.1493802	-0.07564882	10.00	15.49767
8.920122	10.00	-18.0568	0.01856514	0.00	0.1343128	-0.07547059	10.00	15.39305
8.936933	10.00	-17.91537	0.01681038	0.00	0.1414331	-0.07527681	10.00	15.28439
8.947284	10.00	-17.76843	0.01035077	0.00	0.1469383	-0.07522616	10.00	15.17813
8.949055	10.00	-17.62495	0.00177136	0.00	0.14348	-0.07517583	10.00	15.07485
8.949055	10.00	-17.48561	0	0.00	0.1393352	-0.07499439	10.00	14.96088
8.949055	10.00	-17.33172	0	0.00	0.1538945	-0.07484699	10.00	14.85765
8.949055	10.00	-17.19221	0	0.00	0.1395136	-0.07483873	10.00	14.75331
8.949055	10.00	-17.05117	0	0.00	0.1410368	-0.07465859	10.00	14.65109
8.949055	10.00	-16.91285	0	0.00	0.1383174	-0.07446242	10.00	14.54764
8.949055	10.00	-16.77277	0	0.00	0.1400855	-0.0744205	10.00	14.44277
8.949055	10.00	-16.63087	0	0.00	0.1419017	-0.07438967	10.00	14.3263
8.949055	10.00	-16.47327	0	0.00	0.1575919	-0.07418279	10.00	14.20936
8.949055	10.00	-16.31497	0	0.00	0.1583054	-0.07400052	10.00	14.09764
8.949055	10.00	-16.16371	0	0.00	0.1512572	-0.0739763	10.00	13.9845
8.949055	10.00	-16.01082	0	0.00	0.152888	-0.07398442	10.00	13.88349
8.949055	10.00	-15.87446	0	0.00	0.1363625	-0.0738127	10.00	13.77845
8.949055	10.00	-15.73268	0	0.00	0.1417771	-0.07363141	10.00	13.67508
8.949055	10.00	-15.59319	0	0.00	0.1394909	-0.07359259	10.00	13.56823
8.949055	10.00	-15.44916	0	0.00	0.1440321	-0.07341713	10.00	13.46536
8.949055	10.00	-15.3104	0	0.00	0.1387563	-0.07323038	10.00	13.35694
8.949055	10.00	-15.16416	0	0.00	0.1462461	-0.07319901	10.00	13.24903
8.949055	10.00	-15.01874	0	0.00	0.1454194	-0.07302462	10.00	13.14761
8.949055	10.00	-14.88194	0	0.00	0.1367957	-0.0728326	10.00	13.03891
8.949055	10.00	-14.73532	0	0.00	0.1466226	-0.07279065	10.00	12.93689
8.949055	10.00	-14.59784	0	0.00	0.1374837	-0.07276978	10.00	12.83558
8.949055	10.00	-14.46129	0	0.00	0.1365409	-0.0725502	10.00	12.70938
8.949055	10.00	-14.29113	0	0.00	0.1701608	-0.0723628	10.00	12.60166
8.949055	10.00	-14.14586	0	0.00	0.1452736	-0.07232093	10.00	12.49796
8.949055	10.00	-14.0061	0	0.00	0.1397642	-0.07228737	10.00	12.39299
8.949055	10.00	-13.86461	0	0.00	0.1414883	-0.07211377	10.00	12.28932
8.953487	10.00	-13.72482	0.004432708	0.00	0.1397826	-0.07194564	10.00	12.19241
8.965226	10.00	-13.59411	0.01173892	0.00	0.1307101	-0.07190108	10.00	12.08883
8.985873	10.00	-13.45452	0.02064705	0.00	0.1395957	-0.07184667	10.00	11.97467
9.010118	10.00	-13.30067	0.02424448	0.00	0.1538463	-0.07179952	10.00	11.87538
9.031204	10.00	-13.16687	0.02108612	0.00	0.1338046	-0.07174078	10.00	11.77062
9.053451	10.00	-13.0257	0.02224681	0.00	0.1411698	-0.07168178	10.00	11.66717
9.075416	10.00	-12.88632	0.02196484	0.00	0.1393805	-0.07162321	10.00	11.56417
9.097283	10.00	-12.74755	0.02186824	0.00	0.1387676	-0.07155131	10.00	11.45805
9.119816	10.00	-12.60457	0.02253168	0.00	0.1429775	-0.07147523	10.00	11.35266
9.142189	10.00	-12.4626	0.02237396	0.00	0.1419767	-0.07139874	10.00	11.23882
9.166361	10.00	-12.30921	0.02417131	0.00	0.153382	-0.07133409	10.00	11.13152
9.189148	10.00	-12.16461	0.02278755	0.00	0.1446012	-0.07126664	10.00	11.00741
9.215506	10.00	-11.99736	0.02635704	0.00	0.1672518	-0.07119709	10.00	10.87828
9.242938	10.00	-11.82329	0.02743251	0.00	0.1740763	-0.07118135	10.00	10.74763
9.270686	10.00	-11.64721	0.02774817	0.00	0.1760794	-0.07096962	10.00	10.63885
9.293818	10.00	-11.50041	0.02313266	0.00	0.1467911	-0.07092501	10.00	10.53286
9.316342	10.00	-11.35749	0.02252387	0.00	0.142928	-0.07088798	10.00	10.42503
9.339263	10.00	-11.21204	0.02292028	0.00	0.1454435	-0.07085536	10.00	10.31669
9.36229	10.00	-11.06592	0.02302759	0.00	0.1461243	-0.07083441	10.00	10.2102
9.384925	10.00	-10.92229	0.02263452	0.00	0.1436301	-0.07079319	10.00	10.10417
9.407461	10.00	-10.77928	0.02253659	0.00	0.1430087	-0.07082514	10.00	10.00523
9.428475	10.00	-10.64593	0.02101407	0.00	0.1333473	-0.07062173	10.00	9.89853
9.451159	10.00	-10.50199	0.02268315	0.00	0.1439387	-0.07063225	10.00	9.792099
9.473766	10.00	-10.35854	0.0226073	0.00	0.1434574	-0.07042421	10.00	9.670672
9.499584	10.00	-10.1947	0.02581809	0.00	0.1638318	-0.07038867	10.00	9.56452
9.522136	10.00	-10.0516	0.02255153	0.00	0.1431035	-0.07035864	10.00	9.464135
9.543459	10.00	-9.916291	0.02132326	0.00	0.1353093	-0.07032002	10.00	9.360687
9.56543	10.00	-9.776873	0.02197086	0.00	0.1394188	-0.07031269	10.00	9.25657
9.58754	10.00	-9.636569	0.02211028	0.00	0.1403035	-0.07012527	10.00	9.153749
9.6094	10.00	-9.497858	0.02185932	0.00	0.138711	-0.07007507	10.00	9.053218
9.630753	10.00	-9.362356	0.0213536	0.00	0.1355019	-0.07002787	10.00	8.944403
9.653867	10.00	-9.215684	0.02311392	0.00	0.1466722	-0.06997358	10.00	8.836494
9.676785	10.00	-9.07025	0.02291895	0.00	0.145435	-0.06994502	10.00	8.732433
9.698889	10.00	-8.929996	0.02210248	0.00	0.1402539	-0.0699075	10.00	8.627093
9.72126	10.00	-8.788032	0.02237196	0.00	0.141964	-0.0698637	10.00	8.520583
9.743877	10.00	-8.644515	0.02261667	0.00	0.1435169	-0.0698259	10.00	8.417585
9.76575	10.00	-8.505716	0.02187315	0.00	0.1387987	-0.06977677	10.00	8.31364
9.787827	10.00	-8.365629	0.02207615	0.00	0.1400869	-0.06973165	10.00	8.200758
9.811801	10.00	-8.213495	0.02397456	0.00	0.1521335	-0.06968961	10.00	8.09623
9.834002	10.00	-8.07261	0.02220197	0.00	0.1408853	-0.06966145	10.00	7.990299
9.856503	10.00	-7.929834	0.0225	0.00	0.1427765	-0.06962796	10.00	7.885753
9.878705	10.00	-7.788947	0.02220219	0.00	0.1408867	-0.06959082	10.00	7.784124
9.900286	10.00	-7.652003	0.02158092	0.00	0.1369443	-0.06954184	10.00	7.661555
9.926313	10.00	-7.486843	0.02602733	0.00	0.1651596	-0.06950272	10.00	7.536412
9.952889	10.00	-7.318198	0.02657655	0.00	0.1686448	-0.06944924	10.00	7.419394
9.977745	10.00	-7.160476	0.02485527	0.00	0.1577222	-0.06939673	10.00	7.310122
10.00096	10.00	-7.013187	0.02321118	0.00	0.1472894	-0.06935053	10.00	7.201439
10.02404	10.00	-6.8667	0.02308469	0.00	0.1464867	-0.06930721	10.00	7.094306
10.04679	10.00	-6.722331	0.02275097	0.00	0.144369	-0.06926373	10.00	6.992155
10.06849	10.00	-6.584672	0.02169357	0.00	0.1376592	-0.06921161	10.00	6.875528
10.09325	10.00	-6.427503	0.02476805	0.00	0.1571687	-0.0691656	10.00	6.772821
10.11507	10.00	-6.289077	0.02181448	0.00	0.1384264	-0.06911952	10.00	6.666519
10.13765	10.00	-6.145786	0.02258098	0.00	0.1432904	-0.06906224	10.00	6.53731
10.1651	10.00	-5.97162	0.02744679	0.00	0.1741669	-0.06901155	10.00	6.434466
10.18694	10.00	-5.833001	0.02184482	0.00	0.138619	-0.06896444	10.00	6.329628
10.20921	10.00	-5.691708	0.02226621	0.00	0.141293	-0.06890731	10.00	6.225468
10.23133	10.00	-5.55135	0.02211876	0.00	0.1403573	-0.06884395	10.00	6.122081
10.25328	10.00	-5.412012	0.02195814	0.00	0.1393381	-0.06878028	10.00	6.016931
10.27562	10.00	-5.27026	0.02233849	0.00	0.1417516	-0.06872331	10.00	5.911105
10.29811	10.00	-5.127531	0.02249264	0.00	0.1427298	-0.06863948	10.00	5.796484
10.3135	10.00	-4.972879	0.01538656	0.00	0.1546518	-0.06857433	10.00	5.689182
10.32511	10.00	-4.827959	0.01161182	0.00	0.1449197	-0.06850117	10.00	5.583054
10.3366	10.00	-4.684574	0.01148887	0.00	0.1433852	-0.06841463	10.00	5.476268
10.34398	10.00	-4.540218	0.007373319	0.00	0.1443563	-0.06833028	10.00	5.375763
10.35092	10.00	-4.40432	0.006941304	0.00	0.1358982	-0.06845146	10.00	5.27359
10.35797	10.00	-4.266284	0.007050483	0.00	0.1380357	-0.06835098	10.00	5.161358
10.36427	10.00	-4.114108	0.006299222	0.00	0.1521759	-0.06810395	10.00	5.056012
10.37019	10.00	-3.971105	0.005919515	0.00	0.143003	-0.06801062	10.00	4.953699
10.37592	10.00	-3.832496	0.005737631	0.00	0.1386091	-0.06775569	10.00	4.84454
10.38205	10.00	-3.684595	0.00612226	0.00	0.1479009	-0.0676299	10.00	4.741173
10.38784	10.00	-3.544689	0.005791305	0.00	0.1399057	-0.06734357	10.00	4.639979
10.39351	10.00	-3.407582	0.005675459	0.00	0.1371071	-0.06716505	10.00	4.52702
10.39985	10.00	-3.254586	0.00633315	0.00	0.1529956	-0.06690359	10.00	4.423677
10.40565	10.00	-3.114444	0.005801091	0.00	0.1401421	-0.06677845	10.00	4.310024
10.41203	10.00	-2.960324	0.006379735	0.00	0.1541209	-0.0664126	10.00	4.196406
10.41842	10.00	-2.805997	0.006388232	0.00	0.1543262	-0.06627667	10.00	4.081686
10.42486	10.00	-2.650181	0.006449934	0.00	0.1558168	-0.06617421	10.00	3.971496
10.43106	10.00	-2.500594	0.006192049	0.00	0.1495868	-0.06611281	10.00	3.873039
10.43658	10.00	-2.367218	0.005520998	0.00	0.1333757	-0.06603751	10.00	3.771123
10.44229	10.00	-2.229298	0.005709094	0.00	0.1379197	-0.06594809	10.00	3.673281
10.44777	10.00	-2.096884	0.00548121	0.00	0.1324145	-0.06585275	10.00	3.560313
10.45409	10.00	-1.944052	0.006326353	0.00	0.1528313	-0.06575628	10.00	3.437131
10.46099	10.00	-1.777482	0.006895094	0.00	0.1665709	-0.06568557	10.00	3.334308
10.46271	10.00	-1.638449	0.001716449	0.00	0.1390323	-0.0655876	10.00	3.234962
10.46436	10.00	-1.504227	0.001657065	0.00	0.1342222	-0.06544876	10.00	3.133854
10.46605	10.00	-1.367665	0.001685953	0.00	0.1365621	-0.06531068	10.00	3.028552
10.46781	10.00	-1.225387	0.001756522	0.00	0.1422782	-0.06520526	10.00	2.92355
10.46956	10.00	-1.083576	0.001750755	0.00	0.1418111	-0.06521522	10.00	2.818135
10.47131	10.00	-0.9414008	0.001755246	0.00	0.1421749	-0.06499647	10.00	2.717315
10.47299	10.00	-0.8053001	0.001680256	0.00	0.1361006	-0.06496625	10.00	2.621114
10.47459	10.00	-0.6755667	0.001601648	0.00	0.1297334	-0.064905	10.00	2.516052
10.47634	10.00	-0.5338675	0.001749374	0.00	0.1416993	-0.06482779	10.00	2.415332
10.4767	10.00	-0.3980145	0.0003617493	0.00	0.1358529	-0.06475519	10.00	2.308007
10.47709	10.00	-0.253327	0.0003852741	0.00	0.1446875	-0.06468239	10.00	2.206993
10.47745	10.00	-0.1171981	0.0003624843	0.00	0.136129	-0.06459931	10.00	2.101338
10.47783	10.00	0.0250929	0.0003788925	0.00	0.142291	-0.06452259	10.00	1.999464
10.4782	10.00	0.1622071	0.0003651078	0.00	0.1371142	-0.06443769	10.00	1.888002
10.4786	10.00	0.3122455	0.0003995224	0.00	0.1500384	-0.06435833	10.00	1.786806
10.47896	10.00	0.4484877	0.0003627858	0.00	0.1362422	-0.06427628	10.00	1.67945
10.47934	10.00	0.5930393	0.0003849122	0.00	0.1445516	-0.06419145	10.00	1.57649
10.47971	10.00	0.7316767	0.0003691637	0.00	0.1386374	-0.06409281	10.00	1.469081
10.4801	10.00	0.8762835	0.0003850592	0.00	0.1446068	-0.06400213	10.00	1.364668
10.48047	10.00	1.016823	0.0003742297	0.00	0.1405399	-0.06389797	10.00	1.247121
10.48089	10.00	1.175016	0.0004212341	0.00	0.1581921	-0.06382539	10.00	1.148117
10.48125	10.00	1.308257	0.0003547947	0.00	0.1332412	-0.06374843	10.00	1.044071
10.48162	10.00	1.448305	0.0003729217	0.00	0.1400487	-0.06366768	10.00	0.9286458
10.48203	10.00	1.603749	0.000413914	0.00	0.1554431	-0.06358626	10.00	0.8054065
10.48203	10.00	1.769865	0	0.00	0.1661165	-0.06352958	10.00	0.6768795
10.48203	10.00	1.943266	0	0.00	0.1734011	-0.06348684	10.00	0.5713158
10.48203	10.00	2.085884	0	0.00	0.142618	-0.06348208	10.00	0.4600543
10.48203	10.00	2.236214	0	0.00	0.15033	-0.06342672	10.00	0.3423824
10.48203	10.00	2.395168	0	0.00	0.1589537	-0.06331927	10.00	0.2384894
10.48203	10.00	2.535645	0	0.00	0.1404776	-0.06320387	10.00	0.1221171
10.48203	10.00	2.693019	0	0.00	0.1573739	-0.06310672	10.00	0.01680284
10.48203	10.00	2.835542	0	0.00	0.1425231	-0.0630073	10.00	-0.0892315
10.48203	10.00	2.979139	0	0.00	0.1435961	-0.06294236	10.00	-0.1947337
10.48203	10.00	3.122101	0	0.00	0.1429619	-0.06289015	10.00	-0.299367
10.48203	10.00	3.263714	0	0.00	0.1416129	-0.06280522	10.00	-0.3989732
10.48203	10.00	3.398325	0	0.00	0.1346115	-0.062691	10.00	-0.5134661
10.48203	10.00	3.552893	0	0.00	0.1545683	-0.06264091	10.00	-0.6173872
10.48203	10.00	3.693106	0	0.00	0.1402129	-0.0625681	10.00	-0.7179344
10.48203	10.00	3.828832	0	0.00	0.1357255	-0.06249205	10.00	-0.8252113
10.48203	10.00	3.973777	0	0.00	0.1449452	-0.06242875	10.00	-0.9280491
10.48203	10.00	4.112854	0	0.00	0.1390776	-0.06231467	10.00	-1.038765
10.48203	10.00	4.262744	0	0.00	0.1498898	-0.06216056	10.00	-1.148727
10.48203	10.00	4.411626	0	0.00	0.1488819	-0.06202663	10.00	-1.254321
10.48203	10.00	4.55453	0	0.00	0.1429039	-0.06189653	10.00	-1.362526
10.48203	10.00	4.70086	0	0.00	0.1463296	-0.0617413	10.00	-1.464978
10.48203	10.00	4.839331	0	0.00	0.1384717	-0.06159407	10.00	-1.572448
10.48203	10.00	4.984561	0	0.00	0.1452297	-0.06143764	10.00	-1.673999
10.48203	10.00	5.121927	0	0.00	0.1373662	-0.06129593	10.00	-1.78391
10.48203	10.00	5.270735	0	0.00	0.1488083	-0.06114342	10.00	-1.887138
10.48203	10.00	5.410621	0	0.00	0.1398859	-0.06096455	10.00	-1.993068
10.48203	10.00	5.554239	0	0.00	0.1436174	-0.06077065	10.00	-2.097125
10.48203	10.00	5.695359	0	0.00	0.1411203	-0.06052417	10.00	-2.200467
10.48203	10.00	5.835301	0	0.00	0.1399425	-0.06030332	10.00	-2.305559
10.48203	10.00	5.977444	0	0.00	0.1421423	-0.06006471	10.00	-2.419041
10.48203	10.00	6.130762	0	0.00	0.1533183	-0.05986928	10.00	-2.535942
10.48203	10.00	6.288562	0	0.00	0.1578	-0.05962256	10.00	-2.672966
10.47258	10.00	6.473686	-0.009455594	0.00	0.1851235	-0.05937769	10.00	-2.79939
10.4539	10.00	6.644742	-0.01867506	0.00	0.1710569	-0.0591808	10.00	-2.907897
10.42792	10.00	6.791602	-0.0259874	0.00	0.146859	-0.05894008	10.00	-3.011427
10.40176	10.00	6.931734	-0.02615394	0.00	0.1401322	-0.05875492	10.00	-3.112643
10.37088	10.00	7.068771	-0.03088409	0.00	0.1370378	-0.05859312	10.00	-3.216304
10.33924	10.00	7.209136	-0.0316338	0.00	0.1403644	-0.05845723	10.00	-3.319151
10.30114	10.00	7.348331	-0.03810934	0.00	0.1391951	-0.05833622	10.00	-3.42404
10.25676	10.00	7.490318	-0.04437296	0.00	0.1419866	-0.05821427	10.00	-3.528664
10.21252	10.00	7.631894	-0.04424467	0.00	0.1415761	-0.05806365	10.00	-3.63995
10.15236	10.00	7.782418	-0.06015858	0.00	0.150524	-0.05791385	10.00	-3.739095
10.09879	10.00	7.916447	-0.05356644	0.00	0.1340297	-0.05778525	10.00	-3.840538
10.03605	10.00	8.053516	-0.06274445	0.00	0.1370689	-0.05763328	10.00	-3.94464
9.968888	10.00	8.194277	-0.06716035	0.00	0.1407607	-0.05744897	10.00	-4.050416
9.890868	10.00	8.337459	-0.07802015	0.00	0.1431814	-0.05721542	10.00	-4.154404
9.811404	10.00	8.478284	-0.07946382	0.00	0.1408258	-0.05697949	10.00	-4.258338
9.736075	10.00	8.619028	-0.07532907	0.00	0.1407437	-0.0567272	10.00	-4.372702
9.64882	10.00	8.773662	-0.087255	0.00	0.1546334	-0.05655083	10.00	-4.474505
9.571277	10.00	8.911084	-0.07754359	0.00	0.1374228	-0.05639287	10.00	-4.577466
9.492967	10.00	9.049865	-0.0783096	0.00	0.1387803	-0.05625751	10.00	-4.684445
9.411687	10.00	9.19391	-0.08128022	0.00	0.1440449	-0.05611733	10.00	-4.785202
9.335165	10.00	9.329521	-0.07652196	0.00	0.1356123	-0.05597722	10.00	-4.887883
9.251836	10.00	9.467711	-0.08332883	0.00	0.13819	-0.0567541	10.00	-4.992669
9.167108	10.00	9.608223	-0.08472873	0.00	0.1405116	-0.05679794	10.00	-5.095274
9.083886	10.00	9.746235	-0.08322128	0.00	0.1380117	-0.05668974	10.00	-5.207896
8.986544	10.00	9.897921	-0.09734204	0.00	0.1516861	-0.05656832	10.00	-5.305818
8.90051	10.00	10.02999	-0.08603378	0.00	0.1320719	-0.05639293	10.00	-5.411343
8.807739	10.00	10.17241	-0.09277085	0.00	0.1424141	-0.05622101	10.00	-5.51803
8.713919	10.00	10.31643	-0.09382024	0.00	0.144025	-0.05606893	10.00	-5.620674
8.62364	10.00	10.45502	-0.09027926	0.00	0.1385892	-0.05589169	10.00	-5.745074
8.514227	10.00	10.62298	-0.1094125	0.00	0.167961	-0.05552089	10.00	-5.871168
8.403378	10.00	10.79315	-0.1108492	0.00	0.1701665	-0.05505726	10.00	-5.99191
8.297213	10.00	10.95613	-0.1061657	0.00	0.1629768	-0.05467032	10.00	-6.101803
8.20062	10.00	11.10441	-0.09659307	0.00	0.1482817	-0.05431132	10.00	-6.201798
8.112776	10.00	11.23926	-0.08784392	0.00	0.1348507	-0.05397248	10.00	-6.297071
8.029077	10.00	11.36775	-0.08369894	0.00	0.1284877	-0.05361318	10.00	-6.392592
7.945179	10.00	11.49654	-0.08389812	0.00	0.1287934	-0.05327673	10.00	-6.485985
7.863105	10.00	11.62253	-0.08207323	0.00	0.125992	-0.05293677	10.00	-6.578317
7.781988	10.00	11.74706	-0.08111698	0.00	0.1245241	-0.05259434	10.00	-6.67722
7.69513	10.00	11.88039	-0.08685815	0.00	0.1333374	-0.05227144	10.00	-6.77652
7.607975	10.00	12.01419	-0.08715508	0.00	0.1337932	-0.05201066	10.00	-6.871596
7.524599	10.00	12.14218	-0.08337619	0.00	0.1279922	-0.05173395	10.00	-6.969687
7.43856	10.00	12.27426	-0.08603838	0.00	0.132079	-0.05146026	10.00	-7.069848
7.35073	10.00	12.40909	-0.08783008	0.00	0.1348295	-0.05118354	10.00	-7.167431
7.265166	10.00	12.54044	-0.0855644	0.00	0.1313514	-0.05090044	10.00	-7.266128
7.178628	10.00	12.67328	-0.08653726	0.00	0.1328448	-0.05061666	10.00	-7.363962
7.089019	10.00	12.80497	-0.08960925	0.00	0.1316883	-0.05031474	10.00	-7.461639
6.998264	10.00	12.93647	-0.09075541	0.00	0.1315014	-0.05002319	10.00	-7.558947
6.90785	10.00	13.06748	-0.09041348	0.00	0.131006	-0.0497376	10.00	-7.658857
6.815022	10.00	13.20198	-0.09282851	0.00	0.1345053	-0.04948001	10.00	-7.757061
6.723808	10.00	13.33415	-0.09121361	0.00	0.1321653	-0.049202	10.00	-7.855664
6.632239	10.00	13.46683	-0.09156922	0.00	0.1326806	-0.04891169	10.00	-7.95339
6.541498	10.00	13.59831	-0.09074076	0.00	0.1314802	-0.04862929	10.00	-8.051085
6.450751	10.00	13.7298	-0.09074759	0.00	0.1314901	-0.04835166	10.00	-8.149379
6.359423	10.00	13.86213	-0.09132791	0.00	0.132331	-0.04807895	10.00	-8.248509
6.267267	10.00	13.99566	-0.0921554	0.00	0.13353	-0.04780864	10.00	-8.345946
6.176646	10.00	14.12697	-0.09062157	0.00	0.1313075	-0.04750993	10.00	-8.443933
6.085474	10.00	14.25907	-0.0911716	0.00	0.1321045	-0.04721734	10.00	-8.541734
5.994463	10.00	14.39095	-0.09101138	0.00	0.1318723	-0.04695136	10.00	-8.641144
5.901943	10.00	14.525	-0.0925198	0.00	0.134058	-0.04664841	10.00	-8.736881
5.812863	10.00	14.65408	-0.08907993	0.00	0.1290737	-0.04632705	10.00	-8.841464
5.715508	10.00	14.79514	-0.09735476	0.00	0.1410637	-0.04596919	10.00	-8.950789
5.613805	10.00	14.9425	-0.1017032	0.00	0.1473644	-0.04566405	10.00	-9.045223
5.525972	10.00	15.06977	-0.08783334	0.00	0.1272675	-0.04529888	10.00	-9.147292
5.431057	10.00	15.2073	-0.09491432	0.00	0.1375275	-0.04494412	10.00	-9.252699
5.333094	10.00	15.34925	-0.0979634	0.00	0.1419456	-0.04458776	10.00	-9.357486
5.235744	10.00	15.4903	-0.09734987	0.00	0.1410566	-0.04424638	10.00	-9.459978
5.140541	10.00	15.62825	-0.0952035	0.00	0.1379466	-0.04386709	10.00	-9.570858
5.037545	10.00	15.77749	-0.1029957	0.00	0.1492372	-0.04352907	10.00	-9.669751
4.945678	10.00	15.9106	-0.09186719	0.00	0.1331124	-0.04319622	10.00	-9.768373
4.854039	10.00	16.04338	-0.09163858	0.00	0.1327811	-0.04287722	10.00	-9.866448
4.762871	10.00	16.17548	-0.09116866	0.00	0.1321002	-0.0425521	10.00	-9.96308
4.672981	10.00	16.30573	-0.08988983	0.00	0.1302472	-0.04220014	10.00	-10.06233
4.580634	10.00	16.43953	-0.09234687	0.00	0.1338074	-0.0418609	10.00	-10.16039
4.48934	10.00	16.57182	-0.09129372	0.00	0.1322814	-0.04150772	10.00	-10.25884
4.397674	10.00	16.70464	-0.09166594	0.00	0.1328208	-0.04111278	10.00	-10.35696
4.306313	10.00	16.83702	-0.09136113	0.00	0.1323791	-0.04071683	10.00	-10.45376
4.216125	10.00	16.9677	-0.0901878	0.00	0.130679	-0.04035849	10.00	-10.55205
4.124471	10.00	17.1005	-0.09165421	0.00	0.1328038	-0.03995378	10.00	-10.65071
4.032353	10.00	17.23397	-0.09211827	0.00	0.1334762	-0.03954145	10.00	-10.74741
3.941954	10.00	17.36496	-0.09039883	0.00	0.1309848	-0.03914787	10.00	-10.84512
3.850497	10.00	17.49748	-0.09145687	0.00	0.1325178	-0.03877659	10.00	-10.94162
3.760118	10.00	17.62843	-0.09037928	0.00	0.1309564	-0.03846858	10.00	-11.04037
3.667665	10.00	17.7624	-0.09245336	0.00	0.1339617	-0.03820522	10.00	-11.13743
3.576833	10.00	17.89401	-0.09083162	0.00	0.1316119	-0.03784487	10.00	-11.23569
3.484996	10.00	18.02707	-0.0918369	0.00	0.1330685	-0.03741952	10.00	-11.33293
3.394174	10.00	18.15867	-0.09082185	0.00	0.1315977	-0.03699274	10.00	-11.4303
3.303217	10.00	18.29047	-0.09095666	0.00	0.131793	-0.03652604	10.00	-11.52834
3.211692	10.00	18.42308	-0.09152526	0.00	0.1326169	-0.03604531	10.00	-11.6255
3.120985	10.00	18.55452	-0.09070754	0.00	0.1314321	-0.03558977	10.00	-11.72347
3.0296	10.00	18.68693	-0.09138457	0.00	0.1324131	-0.03509839	10.00	-11.82203
2.937685	10.00	18.82011	-0.09191506	0.00	0.1331817	-0.03462407	10.00	-11.91952
2.84684	10.00	18.95174	-0.09084529	0.00	0.1316317	-0.03409627	10.00	-12.02625
2.747432	10.00	19.09578	-0.09940832	0.00	0.1440392	-0.03362157	10.00	-12.12128
2.658948	10.00	19.22399	-0.08848301	0.00	0.1282088	-0.03314052	10.00	-12.21578
2.57098	10.00	19.35145	-0.08796815	0.00	0.1274628	-0.03268465	10.00	-12.31297
2.480576	10.00	19.48244	-0.09040469	0.00	0.1309932	-0.0322306	10.00	-12.41067
2.389683	10.00	19.61415	-0.09089219	0.00	0.1316996	-0.03171796	10.00	-12.51754
2.290219	10.00	19.75826	-0.09946401	0.00	0.1441199	-0.03121174	10.00	-12.62066
2.194193	10.00	19.8974	-0.0960261	0.00	0.1391385	-0.03070467	10.00	-12.7223
2.099561	10.00	20.03452	-0.09463198	0.00	0.1371184	-0.03021247	10.00	-12.82008
2.00852	10.00	20.16644	-0.09104166	0.00	0.1319162	-0.02973276	10.00	-12.91616
1.919068	10.00	20.29605	-0.08945215	0.00	0.1296131	-0.02923477	10.00	-13.01087
1.830926	10.00	20.42377	-0.08814108	0.00	0.1277134	-0.02875666	10.00	-13.10132
1.749107	10.00	20.54574	-0.0818193	0.00	0.121976	-0.02825259	10.00	-13.19358
1.676499	10.00	20.67015	-0.07260814	0.00	0.1244066	-0.02773743	10.00	-13.29142
1.60464	10.00	20.80202	-0.07185934	0.00	0.1318751	-0.02722402	10.00	-13.39029
1.543627	10.00	20.93531	-0.06101301	0.00	0.1332865	-0.02668958	10.00	-13.48766
1.480965	10.00	21.06664	-0.06266147	0.00	0.1313316	-0.026169	10.00	-13.58547
1.418018	10.00	21.19857	-0.06294716	0.00	0.1319304	-0.02564975	10.00	-13.68307
1.355199	10.00	21.33023	-0.06281884	0.00	0.1316614	-0.02512766	10.00	-13.78108
1.295988	10.00	21.46238	-0.05921118	0.00	0.1321455	-0.02459858	10.00	-13.87947
1.231399	10.00	21.59505	-0.06458849	0.00	0.1326778	-0.0240589	10.00	-13.97773
1.172041	10.00	21.72753	-0.05935833	0.00	0.1324739	-0.02352845	10.00	-14.07598
1.131943	10.00	21.85994	-0.04009766	0.00	0.1324088	-0.02302727	10.00	-14.17452
1.104582	10.00	21.99276	-0.02736123	0.00	0.1328193	-0.02251488	10.00	-14.27051
1.091704	10.00	22.1222	-0.01287824	0.00	0.1294404	-0.0219684	10.00	-14.36942
1.091704	10.00	22.25552	0	0.00	0.1333176	-0.02142088	10.00	-14.46818
1.091704	10.00	22.38863	0	0.00	0.1331166	-0.02088386	10.00	-14.56555
1.091704	10.00	22.51985	0	0.00	0.1312141	-0.02034706	10.00	-14.66404
1.091704	10.00	22.6526	0	0.00	0.1327542	-0.01980907	10.00	-14.76241
1.091704	10.00	22.78521	0	0.00	0.1326127	-0.01958797	10.00	-14.8604
1.091704	10.00	22.91673	0	0.00	0.1315184	-0.01916029	10.00	-14.9582
1.091704	10.00	23.04845	0	0.00	0.1317166	-0.01861943	10.00	-15.06704
1.091704	10.00	23.19505	0	0.00	0.1465986	-0.01812859	10.00	-15.16359
1.091704	10.00	23.32513	0	0.00	0.130083	-0.01764616	10.00	-15.25377
1.091704	10.00	23.44661	0	0.00	0.1214777	-0.01708764	10.00	-15.35169
1.091704	10.00	23.5785	0	0.00	0.1318978	-0.01624767	10.00	-15.44942
1.091704	10.00	23.71023	0	0.00	0.1317223	-0.01526734	10.00	-15.54679
1.091704	10.00	23.84178	0	0.00	0.1315538	-0.01431263	10.00	-15.64495
1.091704	10.00	23.97465	0	0.00	0.1328646	-0.01352845	10.00	-15.74194
1.091704	10.00	24.10592	0	0.00	0.1312792	-0.01260461	10.00	-15.85087
1.091704	10.00	24.25429	0	0.00	0.1483666	-0.01168337	10.00	-15.95706
1.091704	10.00	24.39878	0	0.00	0.1444922	-0.01079642	10.00	-16.05423
1.091704	10.00	24.53123	0	0.00	0.1324513	-0.01004212	10.00	-16.13848
1.091704	10.00	24.64623	0	0.00	0.1149972	-0.009199103	10.00	-16.22683
1.091704	10.00	24.76722	0	0.00	0.1209908	-0.008259357	10.00	-16.3227
1.091704	10.00	24.8988	0	0.00	0.1315779	-0.007418134	10.00	-16.41929
1.091704	10.00	25.03211	0	0.00	0.1333134	-0.006672278	10.00	-16.51611
1.091704	10.00	25.16622	0	0.00	0.1341047	-0.006033704	10.00	-16.61018
1.091704	10.00	25.29694	0	0.00	0.1307186	-0.005235023	10.00	-16.70575
1.091704	10.00	25.43015	0	0.00	0.1332086	-0.004339905	10.00	-16.80014
1.091704	10.00	25.56218	0	0.00	0.1320365	-0.003381463	10.00	-16.89477
1.091704	10.00	25.69538	0	0.00	0.1331945	-0.002172122	10.00	-16.98695
1.091704	10.00	25.82567	0	0.00	0.1302968	-0.0008845063	10.00	-17.08051
1.091704	10.00	25.9586	0	0.00	0.1329283	0.0005707862	10.00	-17.1727
1.091704	10.00	26.09051	0	0.00	0.1319063	0.00253094	10.00	-17.26301
1.091704	10.00	26.22121	0	0.00	0.1307059	0.004510059	10.00	-17.354
1.091704	10.00	26.35467	0	0.00	0.1334563	0.006474677	10.00	-17.44375
1.091704	10.00	26.48882	0	0.00	0.1341472	0.008279592	10.00	-17.5276
1.091704	10.00	26.61658	0	0.00	0.1277615	0.009973289	10.00	-17.61243
1.091704	10.00	26.7486	0	0.00	0.1320238	0.01146187	10.00	-17.69647
20.48812
