-0.004671963	10.00	-49.93368	-0.004671963	0.00	0.06632261	40	10.00	0
-0.004671963	10.00	-49.93368	0	0.00	0	39.94725	10.00	-8.578228E-05
-0.004671963	10.00	-49.93368	0	0.00	0	39.89483	10.00	-0.0002528157
-0.004671963	10.00	-49.93368	0	0.00	0	39.86182	10.00	-0.0003442522
-0.004671963	10.00	-49.93368	0	0.00	0	39.80307	10.00	-0.0004070495
-0.004671963	10.00	-49.93368	0	0.00	0	39.74885	10.00	-0.0004268491
-0.004671963	10.00	-49.93368	0	0.00	0	39.69078	10.00	-0.0002633109
-0.004671963	10.00	-49.93368	0	0.00	0	39.62139	10.00	0.0001837251
-0.004671963	10.00	-49.93368	0	0.00	0	39.54552	10.00	0.0005247339
-0.004671963	10.00	-49.93368	0	0.00	0	39.43962	10.00	0.001088328
-0.004671963	10.00	-49.93368	0	0.00	0	39.32678	10.00	0.001801039
-0.004671963	10.00	-49.93368	0	0.00	0	39.19743	10.00	0.002609823
-0.004671963	10.00	-49.93368	0	0.00	0	39.06086	10.00	0.003422785
-0.004671963	10.00	-49.93368	0	0.00	0	38.95858	10.00	0.004362115
-0.004671963	10.00	-49.93368	0	0.00	0	38.85018	10.00	0.005267513
-0.004671963	10.00	-49.81583	0	0.00	0.1178455	38.74685	10.00	0.006207582
-0.004671963	10.00	-49.65791	0	0.00	0.157923	38.64268	10.00	0.007091527
-0.004671963	10.00	-49.49731	0	0.00	0.1605958	38.53175	10.00	0.008421071
-0.004671963	10.00	-49.32858	0	0.00	0.1687354	38.41976	10.00	0.009728712
-0.004671963	10.00	-49.15895	0	0.00	0.1696215	38.31189	10.00	0.01075772
-0.004671963	10.00	-48.99564	0	0.00	0.1633179	38.20705	10.00	0.0117696
0.004923208	10.00	-48.83772	0.009595172	0.00	0.1579189	38.0974	10.00	0.0125197
0.01648645	10.00	-48.67357	0.01156324	0.00	0.1641503	37.98544	10.00	0.01324065
0.02498922	10.00	-48.5071	0.008502776	0.00	0.166469	37.87503	10.00	0.01374358
0.02858757	10.00	-48.34375	0.003598347	0.00	0.1633491	37.7654	10.00	0.01433813
0.02901572	10.00	-48.18296	0.000428151	0.00	0.1607897	37.65637	10.00	0.01500396
0.02901572	10.00	-48.02362	0	0.00	0.1593402	37.54296	10.00	0.01562732
0.02901572	10.00	-47.8591	0	0.00	0.1645155	37.42344	10.00	0.01616094
0.02901572	10.00	-47.6864	0	0.00	0.1727075	37.30112	10.00	0.01661696
0.02901572	10.00	-47.51031	0	0.00	0.1760893	37.18662	10.00	0.01699716
0.02901572	10.00	-47.34582	0	0.00	0.1644915	37.07683	10.00	0.01728323
0.02901572	10.00	-47.18915	0	0.00	0.1566704	36.95404	10.00	0.01764528
0.02901572	10.00	-47.01474	0	0.00	0.1744047	36.8348	10.00	0.01812463
0.02901572	10.00	-46.84649	0	0.00	0.1682569	36.71348	10.00	0.01858309
0.02901572	10.00	-46.67573	0	0.00	0.1707568	36.59563	10.00	0.01894439
0.02901572	10.00	-46.51004	0	0.00	0.1656848	36.48206	10.00	0.01924212
0.02901572	10.00	-46.46785	0	0.00	0.042197	36.36695	10.00	0.01973122
0.02901572	10.00	-46.46785	0	0.00	0	36.23612	10.00	0.0203541
0.02901572	10.00	-46.46785	0	0.00	0	36.10164	10.00	0.02112105
0.02901572	10.00	-46.46785	0	0.00	0	35.96034	10.00	0.02202301
0.02901572	10.00	-46.46785	0	0.00	0	35.83292	10.00	0.02276389
0.02901572	10.00	-46.46785	0	0.00	0	35.71636	10.00	0.02343391
0.02901572	10.00	-46.46785	0	0.00	0	35.60997	10.00	0.02397435
0.02901572	10.00	-46.46785	0	0.00	0	35.50219	10.00	0.02447152
0.02901572	10.00	-46.46785	0	0.00	0	35.39598	10.00	0.02497241
0.02901572	10.00	-46.46785	0	0.00	0	35.28027	10.00	0.02549651
0.02901572	10.00	-46.4659	0	0.00	0.001949408	35.16987	10.00	0.02597844
0.02901572	10.00	-46.37374	0	0.00	0.09215867	35.05722	10.00	0.02644288
0.02901572	10.00	-46.22344	0	0.00	0.150302	34.94939	10.00	0.02693932
0.02901572	10.00	-46.07697	0	0.00	0.1464627	34.84095	10.00	0.02744717
0.02901572	10.00	-45.93005	0	0.00	0.1469227	34.73476	10.00	0.02792146
0.02901572	10.00	-45.78648	0	0.00	0.1435721	34.6263	10.00	0.02841668
0.02901572	10.00	-45.64021	0	0.00	0.146273	34.51878	10.00	0.02882869
0.02901572	10.00	-45.49544	0	0.00	0.1447696	34.3988	10.00	0.02925236
0.02901572	10.00	-45.33397	0	0.00	0.1614635	34.28285	10.00	0.02964781
0.02901572	10.00	-45.17794	0	0.00	0.1560362	34.168	10.00	0.03002633
0.02901572	10.00	-45.0234	0	0.00	0.1545357	34.05572	10.00	0.03039237
0.02901572	10.00	-44.87231	0	0.00	0.1510874	33.94237	10.00	0.0307727
0.02901572	10.00	-44.7198	0	0.00	0.15251	33.82972	10.00	0.0311331
0.02901572	10.00	-44.56822	0	0.00	0.1515828	33.71935	10.00	0.03146902
0.02901572	10.00	-44.4197	0	0.00	0.1485181	33.60474	10.00	0.03183336
0.02901572	10.00	-44.26547	0	0.00	0.1542328	33.49422	10.00	0.03218997
0.02901572	10.00	-44.11673	0	0.00	0.148746	33.38439	10.00	0.03253955
0.02901572	10.00	-43.96888	0	0.00	0.1478471	33.26523	10.00	0.03295046
0.02901572	10.00	-43.80846	0	0.00	0.1604203	33.1593	10.00	0.03331281
0.02901572	10.00	-43.66586	0	0.00	0.1426024	33.05319	10.00	0.03367366
0.02901572	10.00	-43.52302	0	0.00	0.1428331	32.94068	10.00	0.03404766
0.02901572	10.00	-43.3716	0	0.00	0.1514257	32.8145	10.00	0.03451028
0.02901572	10.00	-43.20186	0	0.00	0.1697347	32.70221	10.00	0.03489797
0.02901572	10.00	-43.0508	0	0.00	0.1510605	32.59077	10.00	0.03528663
0.02901572	10.00	-42.90089	0	0.00	0.1499138	32.4771	10.00	0.03567011
0.02901572	10.00	-42.74801	0	0.00	0.1528795	32.37465	10.00	0.03601271
0.02901572	10.00	-42.61021	0	0.00	0.1377923	32.27174	10.00	0.03635348
0.02901572	10.00	-42.47179	0	0.00	0.1384194	32.17184	10.00	0.03667842
0.02901572	10.00	-42.33743	0	0.00	0.134368	32.06959	10.00	0.03698939
0.02901572	10.00	-42.19991	0	0.00	0.1375176	31.96644	10.00	0.03729316
0.02901572	10.00	-42.06116	0	0.00	0.1387449	31.86971	10.00	0.03755978
0.02901572	10.00	-41.93105	0	0.00	0.130117	31.76955	10.00	0.03785478
0.02901572	10.00	-41.79633	0	0.00	0.1347219	31.6686	10.00	0.03813086
0.02901572	10.00	-41.66041	0	0.00	0.1359138	31.56724	10.00	0.03838224
0.02901572	10.00	-41.52399	0	0.00	0.1364163	31.46361	10.00	0.03862809
0.02901572	10.00	-41.38449	0	0.00	0.1395009	31.36013	10.00	0.03891542
0.02901572	10.00	-41.24522	0	0.00	0.1392701	31.24961	10.00	0.03918793
0.02901572	10.00	-41.09639	0	0.00	0.1488408	31.15213	10.00	0.03939501
0.02901572	10.00	-40.96506	0	0.00	0.1313245	31.05086	10.00	0.03963578
0.02901572	10.00	-40.82859	0	0.00	0.1364744	30.95053	10.00	0.03985946
0.02901572	10.00	-40.69338	0	0.00	0.1352018	30.84783	10.00	0.04009151
0.02901572	10.00	-40.55494	0	0.00	0.1384434	30.74683	10.00	0.04033163
0.02901572	10.00	-40.41883	0	0.00	0.1361106	30.64961	10.00	0.04056013
0.02901572	10.00	-40.28783	0	0.00	0.1309989	30.54294	10.00	0.04083441
0.02901572	10.00	-40.14414	0	0.00	0.143691	30.44406	10.00	0.04112427
0.02901572	10.00	-40.011	0	0.00	0.1331378	30.34151	10.00	0.0414156
0.02901572	10.00	-39.87294	0	0.00	0.1380626	30.23751	10.00	0.04172176
0.02901572	10.00	-39.73296	0	0.00	0.1399807	30.12322	10.00	0.04204476
0.02901572	10.00	-39.57907	0	0.00	0.1538845	30.02091	10.00	0.04235141
0.02901572	10.00	-39.4413	0	0.00	0.1377795	29.91573	10.00	0.04266432
0.02901572	10.00	-39.29964	0	0.00	0.141654	29.81334	10.00	0.04296985
0.02901572	10.00	-39.16167	0	0.00	0.137965	29.71519	10.00	0.04323791
0.02901572	10.00	-39.02933	0	0.00	0.1323437	29.61272	10.00	0.04349835
0.02901572	10.00	-38.89109	0	0.00	0.1382382	29.50607	10.00	0.04372778
0.02901572	10.00	-38.74709	0	0.00	0.1440052	29.3963	10.00	0.04394993
0.02901572	10.00	-38.59887	0	0.00	0.148218	29.28165	10.00	0.04424695
0.02901572	10.00	-38.444	0	0.00	0.1548684	29.17053	10.00	0.04453962
0.02901572	10.00	-38.29383	0	0.00	0.1501715	29.06518	10.00	0.04479107
0.02901572	10.00	-38.15146	0	0.00	0.1423688	28.96591	10.00	0.04505454
0.02901572	10.00	-38.01744	0	0.00	0.134024	28.86313	10.00	0.04534442
0.02901572	10.00	-37.87874	0	0.00	0.138694	28.74845	10.00	0.04557848
0.02901572	10.00	-37.72393	0	0.00	0.1548103	28.64758	10.00	0.04572538
0.02901572	10.00	-37.58762	0	0.00	0.1363158	28.54388	10.00	0.04588314
0.02901572	10.00	-37.44756	0	0.00	0.1400543	28.43774	10.00	0.04605615
0.02901572	10.00	-37.30428	0	0.00	0.1432875	28.33711	10.00	0.04623578
0.02901572	10.00	-37.16862	0	0.00	0.1356519	28.23111	10.00	0.04640636
0.02901572	10.00	-37.02591	0	0.00	0.142717	28.12326	10.00	0.04659576
0.02901572	10.00	-36.88083	0	0.00	0.1450825	28.0134	10.00	0.04679849
0.02901572	10.00	-36.7331	0	0.00	0.1477197	27.9156	10.00	0.04696869
0.02901572	10.00	-36.60166	0	0.00	0.131442	27.81047	10.00	0.04714934
0.02901572	10.00	-36.46037	0	0.00	0.1412901	27.71189	10.00	0.04729564
0.02901572	10.00	-36.32791	0	0.00	0.1324612	27.60893	10.00	0.04744657
0.02901572	10.00	-36.18957	0	0.00	0.1383443	27.51055	10.00	0.0475889
0.02901572	10.00	-36.05736	0	0.00	0.1322092	27.40364	10.00	0.04776198
0.02901572	10.00	-35.91368	0	0.00	0.1436712	27.29863	10.00	0.04792998
0.02901572	10.00	-35.77258	0	0.00	0.1411033	27.19014	10.00	0.04810084
0.02901572	10.00	-35.62679	0	0.00	0.1457888	27.07889	10.00	0.04828269
0.02901572	10.00	-35.47732	0	0.00	0.1494764	26.97572	10.00	0.04840445
0.02901572	10.00	-35.33868	0	0.00	0.138643	26.87365	10.00	0.04854349
0.02901572	10.00	-35.20154	0	0.00	0.1371383	26.76678	10.00	0.04870005
0.02901572	10.00	-35.05792	0	0.00	0.1436188	26.66568	10.00	0.04884402
0.02901572	10.00	-34.92206	0	0.00	0.1358586	26.56781	10.00	0.04898137
0.02901572	10.00	-34.79055	0	0.00	0.1315099	26.46528	10.00	0.04912344
0.02901572	10.00	-34.65279	0	0.00	0.1377611	26.36339	10.00	0.04926909
0.02901572	10.00	-34.51588	0	0.00	0.1369118	26.26267	10.00	0.04940983
0.02901572	10.00	-34.38055	0	0.00	0.1353292	26.14437	10.00	0.04955956
0.02901572	10.00	-34.22158	0	0.00	0.1589636	26.02632	10.00	0.04953227
0.02901572	10.00	-34.06303	0	0.00	0.1585489	25.91317	10.00	0.04950451
0.02901572	10.00	-33.91105	0	0.00	0.1519863	25.79102	10.00	0.04945888
0.02901572	10.00	-33.747	0	0.00	0.164047	25.687	10.00	0.04941022
0.02901572	10.00	-33.6073	0	0.00	0.1397005	25.58304	10.00	0.04935995
0.02901572	10.00	-33.4677	0	0.00	0.1396028	25.48072	10.00	0.04931825
0.02901572	10.00	-33.33027	0	0.00	0.1374242	25.3754	10.00	0.04928101
0.02901572	10.00	-33.18881	0	0.00	0.1414628	25.26064	10.00	0.04923872
0.02901572	10.00	-33.0347	0	0.00	0.154111	25.15375	10.00	0.04919021
0.02901572	10.00	-32.89114	0	0.00	0.1435551	25.04385	10.00	0.04913867
0.02901572	10.00	-32.74358	0	0.00	0.1475626	24.94027	10.00	0.04908852
0.02901572	10.00	-32.60448	0	0.00	0.1391017	24.83447	10.00	0.04903944
0.02901572	10.00	-32.46242	0	0.00	0.1420588	24.71863	10.00	0.04898412
0.02901572	10.00	-32.30688	0	0.00	0.1555436	24.6177	10.00	0.04893463
0.02901572	10.00	-32.17135	0	0.00	0.1355245	24.5139	10.00	0.04887281
0.02901572	10.00	-32.03199	0	0.00	0.1393664	24.41121	10.00	0.04881036
0.02901572	10.00	-31.89409	0	0.00	0.1378942	24.31127	10.00	0.0487481
0.02901572	10.00	-31.75991	0	0.00	0.1341868	24.20132	10.00	0.04867766
0.02901572	10.00	-31.61227	0	0.00	0.1476404	24.09719	10.00	0.04860961
0.02901572	10.00	-31.47248	0	0.00	0.1397911	23.99518	10.00	0.04853321
0.02901572	10.00	-31.33554	0	0.00	0.1369401	23.88142	10.00	0.0484623
0.02901572	10.00	-31.18279	0	0.00	0.1527422	23.77714	10.00	0.04839588
0.02901572	10.00	-31.04279	0	0.00	0.140002	23.67227	10.00	0.04831364
0.02901572	10.00	-30.90199	0	0.00	0.1407961	23.56466	10.00	0.04822826
0.02901572	10.00	-30.75755	0	0.00	0.1444455	23.46369	10.00	0.04814719
0.02901572	10.00	-30.62201	0	0.00	0.1355344	23.36621	10.00	0.04807519
0.02901572	10.00	-30.49115	0	0.00	0.1308644	23.2674	10.00	0.0480142
0.02901572	10.00	-30.35851	0	0.00	0.1326424	23.16145	10.00	0.04794016
0.02901572	10.00	-30.21627	0	0.00	0.1422358	23.06096	10.00	0.04785636
0.02901572	10.00	-30.08138	0	0.00	0.1348903	22.94598	10.00	0.04775964
0.02901572	10.00	-29.92705	0	0.00	0.154329	22.84819	10.00	0.04767661
0.02901572	10.00	-29.79578	0	0.00	0.1312707	22.7389	10.00	0.04757721
0.02901572	10.00	-29.64906	0	0.00	0.1467189	22.61195	10.00	0.04748582
0.02901572	10.00	-29.47866	0	0.00	0.1704015	22.49459	10.00	0.04740014
0.02901572	10.00	-29.32112	0	0.00	0.157541	22.37983	10.00	0.04728594
0.02901572	10.00	-29.16708	0	0.00	0.1540459	22.27565	10.00	0.04719309
0.02901572	10.00	-29.02722	0	0.00	0.1398562	22.17285	10.00	0.0470995
0.02901572	10.00	-28.88923	0	0.00	0.1379933	22.05931	10.00	0.04702488
0.02901572	10.00	-28.73681	0	0.00	0.1524166	21.95179	10.00	0.04692044
0.02901572	10.00	-28.59249	0	0.00	0.1443152	21.8455	10.00	0.04683375
0.02901572	10.00	-28.44982	0	0.00	0.1426746	21.74282	10.00	0.04674928
0.02901572	10.00	-28.312	0	0.00	0.1378163	21.63858	10.00	0.04664973
0.02901572	10.00	-28.1721	0	0.00	0.1399029	21.53675	10.00	0.04655217
0.02901572	10.00	-28.03543	0	0.00	0.1366754	21.41947	10.00	0.04643946
0.02901572	10.00	-27.87801	0	0.00	0.1574107	21.31142	10.00	0.04634892
0.02901572	10.00	-27.73302	0	0.00	0.144999	21.20505	10.00	0.04624724
0.02901572	10.00	-27.59023	0	0.00	0.1427808	21.09824	10.00	0.04615726
0.02901572	10.00	-27.44689	0	0.00	0.1433399	20.99642	10.00	0.04607408
0.02901572	10.00	-27.31024	0	0.00	0.1366584	20.89071	10.00	0.04598726
0.02901572	10.00	-27.16838	0	0.00	0.1418606	20.7779	10.00	0.04587718
0.02901572	10.00	-27.01698	0	0.00	0.1513959	20.67225	10.00	0.04579931
0.02901572	10.00	-26.87519	0	0.00	0.1417899	20.56676	10.00	0.04572137
0.02901572	10.00	-26.73361	0	0.00	0.1415761	20.4593	10.00	0.04561633
0.02901572	10.00	-26.5894	0	0.00	0.1442105	20.35479	10.00	0.04551407
0.02901572	10.00	-26.44916	0	0.00	0.1402469	20.23738	10.00	0.04541371
0.02901572	10.00	-26.29159	0	0.00	0.1575636	20.13054	10.00	0.04531039
0.02901572	10.00	-26.14821	0	0.00	0.1433866	20.023	10.00	0.0452061
0.02901572	10.00	-26.0039	0	0.00	0.1443039	19.92037	10.00	0.04513152
0.02901572	10.00	-25.86618	0	0.00	0.1377229	19.81822	10.00	0.04506493
0.02901572	10.00	-25.72911	0	0.00	0.1370661	19.71468	10.00	0.04498595
0.02901572	10.00	-25.59015	0	0.00	0.1389686	19.60932	10.00	0.04489044
0.02901572	10.00	-25.44876	0	0.00	0.141385	19.49889	10.00	0.04480816
0.02901572	10.00	-25.30056	0	0.00	0.148201	19.38426	10.00	0.04472227
0.02901572	10.00	-25.14672	0	0.00	0.1538336	19.25836	10.00	0.04462729
0.02901572	10.00	-24.97776	0	0.00	0.1689619	19.14257	10.00	0.04455253
0.02901572	10.00	-24.82239	0	0.00	0.155378	19.02061	10.00	0.04445753
0.02901572	10.00	-24.65871	0	0.00	0.1636775	18.90165	10.00	0.04433775
0.02901572	10.00	-24.49906	0	0.00	0.1596459	18.79491	10.00	0.04421829
0.02901572	10.00	-24.35584	0	0.00	0.1432167	18.68937	10.00	0.04413079
0.02901572	10.00	-24.21422	0	0.00	0.1416214	18.58808	10.00	0.04405545
0.02901572	10.00	-24.07831	0	0.00	0.1359138	18.48912	10.00	0.04397693
0.02901572	10.00	-23.94553	0	0.00	0.1327825	18.38693	10.00	0.04389598
0.02901572	10.00	-23.80841	0	0.00	0.1371199	18.28563	10.00	0.04380256
0.02901572	10.00	-23.67248	0	0.00	0.1359322	18.16777	10.00	0.04368042
0.02901572	10.00	-23.51435	0	0.00	0.1581242	18.06115	10.00	0.04358359
0.02901572	10.00	-23.37128	0	0.00	0.1430695	17.95583	10.00	0.04349549
0.02901572	10.00	-23.22997	0	0.00	0.1413114	17.85148	10.00	0.04340766
0.02901572	10.00	-23.08994	0	0.00	0.140026	17.74588	10.00	0.04333305
0.02901572	10.00	-22.94827	0	0.00	0.1416738	17.63906	10.00	0.0432569
0.02901572	10.00	-22.80494	0	0.00	0.1433243	17.53009	10.00	0.0431505
0.02901572	10.00	-22.65873	0	0.00	0.1462149	17.42339	10.00	0.04306054
0.02901572	10.00	-22.51556	0	0.00	0.14317	17.31716	10.00	0.04297052
0.02901572	10.00	-22.37304	0	0.00	0.1425231	17.21108	10.00	0.04289206
0.02901572	10.00	-22.23071	0	0.00	0.142332	17.10544	10.00	0.04281386
0.02901572	10.00	-22.08895	0	0.00	0.1417573	17.00353	10.00	0.04273816
0.02901572	10.00	-21.95224	0	0.00	0.1367079	16.88934	10.00	0.04263975
0.02901572	10.00	-21.79902	0	0.00	0.1532221	16.78878	10.00	0.04255289
0.02901572	10.00	-21.6641	0	0.00	0.1349158	16.68389	10.00	0.04245993
0.02901572	10.00	-21.52338	0	0.00	0.1407183	16.58187	10.00	0.04238241
0.02901572	10.00	-21.38653	0	0.00	0.1368523	16.47729	10.00	0.04230244
0.02901572	10.00	-21.24621	0	0.00	0.1403176	16.37534	10.00	0.04221291
0.02901572	10.00	-21.10946	0	0.00	0.1367561	16.27477	10.00	0.04212436
0.02901572	10.00	-20.97453	0	0.00	0.1349271	16.16912	10.00	0.04201724
0.02901572	10.00	-20.83281	0	0.00	0.1417205	16.05665	10.00	0.04193188
0.02901572	10.00	-20.68192	0	0.00	0.1508934	15.93997	10.00	0.04185833
0.02901572	10.00	-20.5254	0	0.00	0.1565203	15.81299	10.00	0.04176056
0.02901572	10.00	-20.35506	0	0.00	0.170335	15.69909	10.00	0.04165997
0.02901572	10.00	-20.20227	0	0.00	0.1527945	15.57846	10.00	0.04156206
0.02901572	10.00	-20.04045	0	0.00	0.1618118	15.48213	10.00	0.04150378
0.02901572	10.00	-19.91121	0	0.00	0.1292408	15.38847	10.00	0.04144906
0.02901572	10.00	-19.78553	0	0.00	0.1256848	15.29733	10.00	0.0413918
0.02901572	10.00	-19.6632	0	0.00	0.1223299	15.19764	10.00	0.04135195
0.02901572	10.00	-19.52939	0	0.00	0.1338131	15.10082	10.00	0.04129518
0.02901572	10.00	-19.39941	0	0.00	0.1299726	15.00421	10.00	0.04123679
0.02901572	10.00	-19.26969	0	0.00	0.1297221	14.90622	10.00	0.04116621
0.02901572	10.00	-19.13813	0	0.00	0.1315666	14.80629	10.00	0.04109091
0.02901572	10.00	-19.00398	0	0.00	0.1341443	14.71352	10.00	0.04101288
0.02901572	10.00	-18.87951	0	0.00	0.1244773	14.61235	10.00	0.0409548
0.02901572	10.00	-18.74379	0	0.00	0.1357156	14.52199	10.00	0.0409031
0.02901572	10.00	-18.62258	0	0.00	0.1212088	14.42239	10.00	0.04082915
0.02901572	10.00	-18.48898	0	0.00	0.1336022	14.32743	10.00	0.04073895
0.02901572	10.00	-18.36161	0	0.00	0.1273708	14.22864	10.00	0.0406531
0.02901572	10.00	-18.2291	0	0.00	0.1325107	14.13025	10.00	0.04055525
0.02901572	10.00	-18.09711	0	0.00	0.1319813	14.03146	10.00	0.04045698
0.02901572	10.00	-17.9646	0	0.00	0.1325107	13.93319	10.00	0.04037183
0.02901572	10.00	-17.83279	0	0.00	0.1318171	13.8353	10.00	0.04029775
0.02901572	10.00	-17.70148	0	0.00	0.1313033	13.73609	10.00	0.04022276
0.02901572	10.00	-17.56842	0	0.00	0.1330628	13.63796	10.00	0.04012298
0.02901572	10.00	-17.43679	0	0.00	0.1316303	13.53887	10.00	0.04002251
0.02901572	10.00	-17.30387	0	0.00	0.1329213	13.43992	10.00	0.03992455
0.02901572	10.00	-17.17115	0	0.00	0.1327174	13.34202	10.00	0.03984001
0.02901572	10.00	-17.03984	0	0.00	0.1313103	13.24305	10.00	0.03976543
0.02901572	10.00	-16.90709	0	0.00	0.1327556	13.14504	10.00	0.03968323
0.02901572	10.00	-16.77563	0	0.00	0.1314547	13.04622	10.00	0.03958809
0.02901572	10.00	-16.64308	0	0.00	0.1325504	12.94818	10.00	0.03950519
0.02901572	10.00	-16.51158	0	0.00	0.1314972	12.84943	10.00	0.03941966
0.02901572	10.00	-16.37909	0	0.00	0.1324909	12.75067	10.00	0.03934228
0.02901572	10.00	-16.24652	0	0.00	0.1325716	12.64443	10.00	0.03925707
0.02901572	10.00	-16.10391	0	0.00	0.1426137	12.5437	10.00	0.03920029
0.02901572	10.00	-15.96873	0	0.00	0.1351749	12.43753	10.00	0.03913793
0.02901572	10.00	-15.82628	0	0.00	0.1424552	12.33236	10.00	0.03906333
0.02901572	10.00	-15.68518	0	0.00	0.1410948	12.23009	10.00	0.03899397
0.02901572	10.00	-15.54797	0	0.00	0.1372133	12.13727	10.00	0.03892472
0.02901572	10.00	-15.42343	0	0.00	0.124541	12.03584	10.00	0.03884861
0.02901572	10.00	-15.28731	0	0.00	0.1361148	11.94362	10.00	0.0387675
0.02901572	10.00	-15.16356	0	0.00	0.1237554	11.85139	10.00	0.03866246
0.02901572	10.00	-15.03982	0	0.00	0.1237342	11.76231	10.00	0.03856283
0.02901572	10.00	-14.92034	0	0.00	0.1194818	11.66715	10.00	0.03848059
0.02901572	10.00	-14.79271	0	0.00	0.1276284	11.56915	10.00	0.03840912
0.02901572	10.00	-14.73764	0	0.00	0.05507535	11.47023	10.00	0.03833684
0.02901572	10.00	-14.73764	0	0.00	0	11.3723	10.00	0.03825178
0.02901572	10.00	-14.73764	0	0.00	0	11.27253	10.00	0.03814044
0.02901572	10.00	-14.73764	0	0.00	0	11.17446	10.00	0.03804448
0.02901572	10.00	-14.73764	0	0.00	0	11.07579	10.00	0.03796473
0.02901572	10.00	-14.73764	0	0.00	0	10.97754	10.00	0.03789798
0.02901572	10.00	-14.73764	0	0.00	0	10.87917	10.00	0.03783642
0.02901572	10.00	-14.73764	0	0.00	0	10.78077	10.00	0.03776821
0.02901572	10.00	-14.73764	0	0.00	0	10.6832	10.00	0.03767664
0.02901572	10.00	-14.73764	0	0.00	0	10.58281	10.00	0.03758224
0.02901572	10.00	-14.63689	0	0.00	0.1007499	10.48433	10.00	0.03750002
0.02901572	10.00	-14.50864	0	0.00	0.1282491	10.38611	10.00	0.03743035
0.0293665	10.00	-14.37691	0.0003507765	0.00	0.1317322	10.28753	10.00	0.03736016
0.0293665	10.00	-14.24469	0	0.00	0.1322177	10.18949	10.00	0.03729007
0.0293665	10.00	-14.11319	0	0.00	0.1315029	10.09057	10.00	0.03721926
0.0293665	10.00	-13.98052	0	0.00	0.1326622	9.9921	10.00	0.03713585
0.0293665	10.00	-13.84845	0	0.00	0.132079	9.893441	10.00	0.03704118
0.0293665	10.00	-13.71612	0	0.00	0.1323239	9.795202	10.00	0.0369465
0.0293665	10.00	-13.62008	0	0.00	0.09603645	9.697643	10.00	0.03687521
0.03098192	10.00	-13.62008	0.001615419	0.00	0	9.59211	10.00	0.03679756
0.03098192	10.00	-13.62008	0	0.00	0	9.498867	10.00	0.03672867
0.03098192	10.00	-13.62008	0	0.00	0	9.401274	10.00	0.03665742
0.03098192	10.00	-13.62008	0	0.00	0	9.302526	10.00	0.03658063
0.03098192	10.00	-13.62008	0	0.00	0	9.198218	10.00	0.03647378
0.03098192	10.00	-13.62008	0	0.00	0	9.088493	10.00	0.03638186
0.03098192	10.00	-13.62008	0	0.00	0.0003929033	8.984846	10.00	0.0363334
0.03098192	10.00	-13.48864	0	0.00	0.1314442	8.892116	10.00	0.03630266
0.03373589	10.00	-13.36362	0.00275397	0.00	0.1250181	8.804393	10.00	0.03624056
0.03373589	10.00	-13.24536	0	0.00	0.1182601	8.712954	10.00	0.03616116
0.03373589	10.00	-13.12214	0	0.00	0.1232246	8.615305	10.00	0.03607309
0.03373589	10.00	-12.99069	0	0.00	0.1314505	8.516969	10.00	0.03601658
0.03373589	10.00	-12.85846	0	0.00	0.1322248	8.417758	10.00	0.03594668
0.03373589	10.00	-12.73678	0	0.00	0.1216789	8.31908	10.00	0.03586622
0.03373589	10.00	-12.71077	0	0.00	0.02601569	8.222199	10.00	0.0357969
0.03373589	10.00	-12.71077	0	0.00	0	8.122042	10.00	0.03574963
0.03373589	10.00	-12.71077	0	0.00	0	8.024405	10.00	0.03569215
0.03373589	10.00	-12.71077	0	0.00	0	7.926885	10.00	0.03564898
0.03373589	10.00	-12.71077	0	0.00	0	7.82761	10.00	0.03560697
0.03373589	10.00	-12.71077	0	0.00	0	7.729076	10.00	0.03555353
0.03373589	10.00	-12.71077	0	0.00	0	7.631868	10.00	0.03550193
0.03373589	10.00	-12.65601	0	0.00	0.05475504	7.532384	10.00	0.03544556
0.03373589	10.00	-12.53133	0	0.00	0.1246825	7.434539	10.00	0.03532682
0.03373589	10.00	-12.39978	0	0.00	0.1315482	7.335756	10.00	0.03519737
0.03373589	10.00	-12.26704	0	0.00	0.1327429	7.237443	10.00	0.03506831
0.03373589	10.00	-12.13498	0	0.00	0.1320592	7.138722	10.00	0.03495825
0.03373589	10.00	-12.00249	0	0.00	0.1324923	7.040548	10.00	0.03487051
0.03373589	10.00	-11.87082	0	0.00	0.1316727	6.941884	10.00	0.03477341
0.03373589	10.00	-11.76157	0	0.00	0.109248	6.843335	10.00	0.03467653
0.03373589	10.00	-11.76157	0	0.00	0	6.745756	10.00	0.03459098
0.03373589	10.00	-11.76157	0	0.00	0	6.646081	10.00	0.03450431
0.03373589	10.00	-11.76157	0	0.00	0	6.547372	10.00	0.03441836
0.03373589	10.00	-11.76157	0	0.00	0	6.448612	10.00	0.03433344
0.03373589	10.00	-11.76157	0	0.00	0	6.349916	10.00	0.03425679
0.03373589	10.00	-11.76157	0	0.00	0	6.252144	10.00	0.03418272
0.03373589	10.00	-11.76157	0	0.00	0	6.153131	10.00	0.03409827
0.03373589	10.00	-11.76157	0	0.00	0	6.054982	10.00	0.03401484
0.03373589	10.00	-11.76157	0	0.00	0	5.955908	10.00	0.03394024
0.03373589	10.00	-11.76157	0	0.00	0	5.84686	10.00	0.03386047
0.03373589	10.00	-11.76157	0	0.00	0	5.739905	10.00	0.03378216
0.03373589	10.00	-11.76157	0	0.00	0	5.633289	10.00	0.03371485
0.03373589	10.00	-11.76157	0	0.00	0	5.543208	10.00	0.03364301
0.03373589	10.00	-11.76157	0	0.00	0	5.461089	10.00	0.033555
0.03373589	10.00	-11.76157	0	0.00	0	5.36513	10.00	0.03345943
0.03373589	10.00	-11.76157	0	0.00	0	5.267123	10.00	0.03336852
0.03373589	10.00	-11.76157	0	0.00	0	5.168497	10.00	0.03328223
0.03373589	10.00	-11.76157	0	0.00	0	5.069617	10.00	0.03317259
0.03373589	10.00	-11.76157	0	0.00	0	4.970571	10.00	0.0330728
0.03373589	10.00	-11.76157	0	0.00	0	4.872801	10.00	0.03297406
0.03373589	10.00	-11.76157	0	0.00	0	4.773926	10.00	0.03287408
0.03373589	10.00	-11.76157	0	0.00	0	4.675703	10.00	0.03278351
0.03373589	10.00	-11.76157	0	0.00	0	4.577114	10.00	0.03268676
0.03373589	10.00	-11.76157	0	0.00	0	4.479703	10.00	0.0325909
0.03373589	10.00	-11.76157	0	0.00	0	4.379631	10.00	0.03248684
0.03373589	10.00	-11.76157	0	0.00	0	4.281055	10.00	0.03238405
0.03373589	10.00	-11.76157	0	0.00	0	4.182446	10.00	0.03228569
0.03373589	10.00	-11.76157	0	0.00	0	4.085161	10.00	0.03219208
0.03373589	10.00	-11.76157	0	0.00	0	3.984798	10.00	0.03208929
0.03373589	10.00	-11.76157	0	0.00	0	3.886798	10.00	0.0319845
0.03373589	10.00	-11.76157	0	0.00	0	3.787776	10.00	0.03188008
0.03373589	10.00	-11.76157	0	0.00	0	3.689738	10.00	0.03178741
0.03373589	10.00	-11.76157	0	0.00	0	3.590825	10.00	0.03168524
0.03373589	10.00	-11.76157	0	0.00	0	3.492328	10.00	0.0315799
0.03373589	10.00	-11.76157	0	0.00	0	3.394673	10.00	0.03149348
0.03373589	10.00	-11.76157	0	0.00	0	3.295662	10.00	0.03140518
0.03373589	10.00	-11.76157	0	0.00	0	3.196651	10.00	0.03131156
0.03373589	10.00	-11.76157	0	0.00	0	3.098725	10.00	0.03122802
0.03373589	10.00	-11.76157	0	0.00	0	3.000686	10.00	0.0311498
0.03373589	10.00	-11.76157	0	0.00	0	2.90103	10.00	0.03107287
0.03373589	10.00	-11.76157	0	0.00	0	2.80315	10.00	0.03098379
0.03373589	10.00	-11.76157	0	0.00	0	2.70509	10.00	0.0309008
0.03373589	10.00	-11.76157	0	0.00	0	2.605955	10.00	0.03085798
0.03373589	10.00	-11.76157	0	0.00	0	2.508761	10.00	0.03098222
0.03373589	10.00	-11.76157	0	0.00	0	2.410621	10.00	0.03115632
0.03373589	10.00	-11.76157	0	0.00	0	2.30648	10.00	0.03130872
0.03373589	10.00	-11.76157	0	0.00	0	2.215201	10.00	0.03146053
0.03373589	10.00	-11.76157	0	0.00	0	2.117737	10.00	0.03162796
0.03373589	10.00	-11.76157	0	0.00	0	2.019498	10.00	0.03178941
0.03373589	10.00	-11.76157	0	0.00	0	1.923032	10.00	0.03197778
0.03373589	10.00	-11.76157	0	0.00	0	1.825539	10.00	0.032178
0.03373589	10.00	-11.76157	0	0.00	0	1.729221	10.00	0.03241233
0.03373589	10.00	-11.76157	0	0.00	0	1.631468	10.00	0.03262284
0.03373589	10.00	-11.76157	0	0.00	0	1.535566	10.00	0.03280997
0.03373589	10.00	-11.76157	0	0.00	0	1.436534	10.00	0.03305001
0.03373589	10.00	-11.76157	0	0.00	0	1.339728	10.00	0.03323019
0.03373589	10.00	-11.76157	0	0.00	0	1.241829	10.00	0.0333479
0.03373589	10.00	-11.76157	0	0.00	0	1.143957	10.00	0.03345252
0.03373589	10.00	-11.76157	0	0.00	0	1.045974	10.00	0.03352967
0.03373589	10.00	-11.76157	0	0.00	0	0.9479466	10.00	0.03358471
0.03373589	10.00	-11.76157	0	0.00	0	0.8510744	10.00	0.03362872
0.03373589	10.00	-11.76157	0	0.00	0	0.7528188	10.00	0.03367451
0.03373589	10.00	-11.76157	0	0.00	0	0.6530758	10.00	0.03373484
0.03373589	10.00	-11.76157	0	0.00	0	0.5553904	10.00	0.03378914
0.03373589	10.00	-11.76157	0	0.00	0	0.4571997	10.00	0.03384101
0.03373589	10.00	-11.76157	0	0.00	0	0.3581782	10.00	0.03391341
0.03373589	10.00	-11.76157	0	0.00	0	0.2608862	10.00	0.03400138
0.03373589	10.00	-11.76157	0	0.00	0	0.1629239	10.00	0.03406513
0.03373589	10.00	-11.76157	0	0.00	0	0.06425301	10.00	0.03412814
0.03373589	10.00	-11.76157	0	0.00	0	-0.0338401	10.00	0.0342053
0.03373589	10.00	-11.76157	0	0.00	0	-0.1313657	10.00	0.03427199
0.03373589	10.00	-11.76157	0	0.00	0	-0.2294978	10.00	0.03435241
0.03373589	10.00	-11.76157	0	0.00	0	-0.3282463	10.00	0.03442707
0.03373589	10.00	-11.76157	0	0.00	0	-0.4248987	10.00	0.03449844
0.03373589	10.00	-11.76157	0	0.00	0	-0.5244108	10.00	0.03455829
0.03373589	10.00	-11.76157	0	0.00	0	-0.6227251	10.00	0.03458231
0.03373589	10.00	-11.76157	0	0.00	0	-0.730121	10.00	0.03455637
0.03373589	10.00	-11.76157	0	0.00	0	-0.8229706	10.00	0.03453502
0.03373589	10.00	-11.76157	0	0.00	0	-0.9207231	10.00	0.03451876
0.03373589	10.00	-11.76157	0	0.00	0	-1.015719	10.00	0.03450343
0.03373589	10.00	-11.76157	0	0.00	0	-1.114315	10.00	0.03448738
0.03373589	10.00	-11.76157	0	0.00	0	-1.211504	10.00	0.03447658
0.03373589	10.00	-11.76157	0	0.00	0	-1.311529	10.00	0.03445343
0.03373589	10.00	-11.76157	0	0.00	0	-1.409583	10.00	0.03444113
0.03373589	10.00	-11.76157	0	0.00	0	-1.508516	10.00	0.03444006
0.03373589	10.00	-11.76157	0	0.00	0	-1.606634	10.00	0.03445503
0.03373589	10.00	-11.76157	0	0.00	0	-1.704843	10.00	0.03445291
0.03373589	10.00	-11.76157	0	0.00	0	-1.802946	10.00	0.03444183
0.03373589	10.00	-11.76157	0	0.00	0	-1.901963	10.00	0.0344234
0.03373589	10.00	-11.76157	0	0.00	0	-1.99967	10.00	0.03440845
0.03373589	10.00	-11.76157	0	0.00	0	-2.09833	10.00	0.03438685
0.03373589	10.00	-11.76157	0	0.00	0	-2.19662	10.00	0.03437828
0.03373589	10.00	-11.76157	0	0.00	0	-2.29527	10.00	0.03439263
0.03373589	10.00	-11.76157	0	0.00	0	-2.393684	10.00	0.03441381
0.03373589	10.00	-11.76157	0	0.00	0	-2.49267	10.00	0.0344227
0.03373589	10.00	-11.76157	0	0.00	0	-2.590916	10.00	0.03443415
0.03373589	10.00	-11.76157	0	0.00	0	-2.690123	10.00	0.03445467
0.03373589	10.00	-11.76157	0	0.00	0	-2.787449	10.00	0.03446895
0.03373589	10.00	-11.76157	0	0.00	0	-2.886744	10.00	0.0344936
0.03373589	10.00	-11.76157	0	0.00	0	-2.984321	10.00	0.03452304
0.03373589	10.00	-11.76157	0	0.00	0	-3.083957	10.00	0.03455861
0.03373589	10.00	-11.76157	0	0.00	0	-3.179814	10.00	0.0345754
0.03373589	10.00	-11.76157	0	0.00	0	-3.279811	10.00	0.0345711
0.03373589	10.00	-11.76157	0	0.00	0	-3.377666	10.00	0.03463939
0.03373589	10.00	-11.76157	0	0.00	0	-3.47536	10.00	0.03483973
0.03373589	10.00	-11.76157	0	0.00	0	-3.573475	10.00	0.03515233
0.03373589	10.00	-11.76157	0	0.00	0	-3.670506	10.00	0.0354243
0.03373589	10.00	-11.76157	0	0.00	0	-3.767921	10.00	0.03564871
0.03373589	10.00	-11.76157	0	0.00	0	-3.865757	10.00	0.03581494
0.03373589	10.00	-11.76157	0	0.00	0	-3.963127	10.00	0.03588243
0.03373589	10.00	-11.76157	0	0.00	0	-4.064888	10.00	0.03587781
0.03373589	10.00	-11.76157	0	0.00	0	-4.159948	10.00	0.03586962
0.03373589	10.00	-11.76157	0	0.00	0	-4.256677	10.00	0.03589075
0.03373589	10.00	-11.76157	0	0.00	0	-4.352582	10.00	0.03592118
0.03373589	10.00	-11.76157	0	0.00	0	-4.451632	10.00	0.03595599
0.03373589	10.00	-11.76157	0	0.00	0	-4.549128	10.00	0.03601069
0.03373589	10.00	-11.76157	0	0.00	0	-4.646455	10.00	0.03608581
0.03373589	10.00	-11.76157	0	0.00	0	-4.744236	10.00	0.03616382
0.03373589	10.00	-11.76157	0	0.00	0	-4.843851	10.00	0.03625135
0.03373589	10.00	-11.76157	0	0.00	0	-4.941732	10.00	0.03630293
0.03373589	10.00	-11.76157	0	0.00	0	-5.040473	10.00	0.03631256
0.03373589	10.00	-11.76157	0	0.00	0	-5.138579	10.00	0.03630293
0.03373589	10.00	-11.76157	0	0.00	0	-5.237191	10.00	0.03631163
0.03373589	10.00	-11.76157	0	0.00	0	-5.335353	10.00	0.03631357
0.03373589	10.00	-11.76157	0	0.00	0	-5.433871	10.00	0.03631308
0.03373589	10.00	-11.76157	0	0.00	0	-5.532065	10.00	0.03628963
0.03373589	10.00	-11.76157	0	0.00	0	-5.630646	10.00	0.03627241
0.03373589	10.00	-11.76157	0	0.00	0	-5.728963	10.00	0.03625983
0.03373589	10.00	-11.76157	0	0.00	0	-5.827635	10.00	0.03617167
0.03373589	10.00	-11.76157	0	0.00	0	-5.925105	10.00	0.03607392
0.03373589	10.00	-11.76157	0	0.00	0	-6.024029	10.00	0.03600561
0.03373589	10.00	-11.76157	0	0.00	0	-6.122666	10.00	0.03597024
0.03373589	10.00	-11.76157	0	0.00	0	-6.220964	10.00	0.03594202
0.03373589	10.00	-11.76157	0	0.00	0	-6.31953	10.00	0.03591162
0.03373589	10.00	-11.76157	0	0.00	0	-6.418588	10.00	0.03587593
0.03373589	10.00	-11.76157	0	0.00	0	-6.515577	10.00	0.03583036
0.03373589	10.00	-11.76157	0	0.00	0	-6.615106	10.00	0.03578839
0.03373589	10.00	-11.76157	0	0.00	0	-6.713118	10.00	0.03576468
0.03373589	10.00	-11.76157	0	0.00	0	-6.811772	10.00	0.03573617
0.03373589	10.00	-11.76157	0	0.00	0	-6.909401	10.00	0.03566544
0.03373589	10.00	-11.76157	0	0.00	0	-7.009482	10.00	0.03559411
0.03373589	10.00	-11.76157	0	0.00	0	-7.107189	10.00	0.03554318
0.03373589	10.00	-11.76157	0	0.00	0	-7.205081	10.00	0.03549817
0.03373589	10.00	-11.76157	0	0.00	0	-7.311504	10.00	0.03544701
0.03373589	10.00	-11.76157	0	0.00	0	-7.411658	10.00	0.03539177
0.03373589	10.00	-11.76157	0	0.00	0	-7.506807	10.00	0.03533152
0.03373589	10.00	-11.76157	0	0.00	0	-7.600362	10.00	0.03525253
0.03373589	10.00	-11.76157	0	0.00	0	-7.698305	10.00	0.03515804
0.03373589	10.00	-11.76157	0	0.00	0	-7.797864	10.00	0.03505887
0.03373589	10.00	-11.76157	0	0.00	0	-7.895999	10.00	0.03497126
0.03373589	10.00	-11.76157	0	0.00	0	-7.994193	10.00	0.03490813
0.03373589	10.00	-11.76157	0	0.00	0	-8.092704	10.00	0.03485525
0.03373589	10.00	-11.76157	0	0.00	0	-8.191388	10.00	0.03479505
0.03373589	10.00	-11.76157	0	0.00	0	-8.288789	10.00	0.03471436
0.03373589	10.00	-11.76157	0	0.00	0	-8.388843	10.00	0.03464177
0.03373589	10.00	-11.76157	0	0.00	0	-8.486768	10.00	0.03458207
0.03373589	10.00	-11.76157	0	0.00	0	-8.585273	10.00	0.03453018
0.03373589	10.00	-11.76157	0	0.00	0	-8.683462	10.00	0.03447453
0.03373589	10.00	-11.76157	0.0003512929	0.00	0	-8.782798	10.00	0.03438089
0.03925958	10.00	-11.76157	0.005523693	0.00	0	-8.880797	10.00	0.03428378
0.05234781	10.00	-11.76157	0.01308823	0.00	0	-8.979079	10.00	0.03420258
0.06929617	10.00	-11.76157	0.01694836	0.00	0	-9.0776	10.00	0.03413288
0.08884235	10.00	-11.76157	0.01954618	0.00	0	-9.176717	10.00	0.03406132
0.1097991	10.00	-11.76157	0.02095674	0.00	0	-9.274349	10.00	0.03399755
0.1304489	10.00	-11.76157	0.02064978	0.00	0	-9.372032	10.00	0.03395429
0.151129	10.00	-11.76157	0.02068012	0.00	0	-9.471401	10.00	0.03390587
0.172168	10.00	-11.76157	0.02103906	0.00	0	-9.570539	10.00	0.03383905
0.1931605	10.00	-11.76157	0.02099243	0.00	0	-9.66799	10.00	0.03377381
0.2137906	10.00	-11.76157	0.02063015	0.00	0	-9.766505	10.00	0.03374427
0.2346657	10.00	-11.76157	0.02087509	0.00	0	-9.864497	10.00	0.03375152
0.2567219	10.00	-11.76157	0.02205616	0.00	0	-9.963006	10.00	0.03377439
0.2801723	10.00	-11.76157	0.02345041	0.00	0	-10.06023	10.00	0.03379982
0.3058081	10.00	-11.76157	0.02563579	0.00	0	-10.15992	10.00	0.03375176
0.3385655	10.00	-11.76157	0.03275739	0.00	0	-10.25818	10.00	0.03367466
0.3772159	10.00	-11.76157	0.0386504	0.00	0	-10.3567	10.00	0.03359313
0.4249254	10.00	-11.76157	0.04770953	0.00	0	-10.45471	10.00	0.03350921
0.486388	10.00	-11.72048	0.06146259	0.00	0.04109177	-10.55513	10.00	0.03342088
0.5428478	10.00	-11.59878	0.0564598	0.00	0.1216935	-10.65213	10.00	0.0333256
0.5898395	10.00	-11.46985	0.04699168	0.00	0.1289356	-10.75144	10.00	0.03323365
0.6289368	10.00	-11.33648	0.03909733	0.00	0.13337	-10.84883	10.00	0.03317408
0.6622206	10.00	-11.20565	0.0332838	0.00	0.1308234	-10.94742	10.00	0.03307877
0.6958984	10.00	-11.07328	0.03367781	0.00	0.132372	-11.04568	10.00	0.03297672
0.7281604	10.00	-10.94146	0.03226198	0.00	0.1318242	-11.14461	10.00	0.03290521
0.7606365	10.00	-10.80876	0.03247609	0.00	0.132699	-11.24315	10.00	0.0328313
0.7929837	10.00	-10.67659	0.03234721	0.00	0.1321724	-11.34228	10.00	0.03266702
0.8255249	10.00	-10.54362	0.03254122	0.00	0.1329651	-11.44012	10.00	0.03246277
0.8576646	10.00	-10.4123	0.03213969	0.00	0.1313245	-11.53838	10.00	0.03225202
0.8899456	10.00	-10.28039	0.03228104	0.00	0.131902	-11.63712	10.00	0.03203582
0.9210969	10.00	-10.14786	0.03115125	0.00	0.1325291	-11.73586	10.00	0.03182324
0.9522458	10.00	-10.01535	0.03114892	0.00	0.1325192	-11.83431	10.00	0.03159835
0.9832972	10.00	-9.883241	0.03105143	0.00	0.1321045	-11.93314	10.00	0.03136965
1.009339	10.00	-9.750591	0.02604181	0.00	0.1326495	-12.03117	10.00	0.03113864
1.032623	10.00	-9.619008	0.02328433	0.00	0.1315835	-12.13115	10.00	0.03073901
1.055072	10.00	-9.484804	0.02244852	0.00	0.1342038	-12.22814	10.00	0.03026346
1.073074	10.00	-9.354561	0.0180026	0.00	0.130243	-12.3263	10.00	0.02974396
1.090025	10.00	-9.222693	0.01695036	0.00	0.1318681	-12.42482	10.00	0.02922656
1.09807	10.00	-9.090283	0.00804526	0.00	0.1324102	-12.52211	10.00	0.02869589
1.103482	10.00	-8.959546	0.005411773	0.00	0.130737	-12.62162	10.00	0.02815317
1.109018	10.00	-8.825797	0.005536467	0.00	0.1337494	-12.72031	10.00	0.02762295
1.114506	10.00	-8.693221	0.00548789	0.00	0.1325759	-12.81726	10.00	0.02694754
1.116114	10.00	-8.563016	0.001607467	0.00	0.1302048	-12.91658	10.00	0.02615722
1.116469	10.00	-8.429564	0.0003553563	0.00	0.1334521	-13.01476	10.00	0.02535084
1.116469	10.00	-8.2976	0	0.00	0.1319643	-13.11352	10.00	0.02454747
1.116469	10.00	-8.16488	0	0.00	0.1327202	-13.21154	10.00	0.02374175
1.116469	10.00	-8.033047	0	0.00	0.1318327	-13.30882	10.00	0.02298067
1.116469	10.00	-7.902083	0	0.00	0.1309635	-13.40748	10.00	0.02221452
1.116469	10.00	-7.769233	0	0.00	0.1328505	-13.5064	10.00	0.02143897
1.116469	10.00	-7.63601	0	0.00	0.1332228	-13.60417	10.00	0.0206738
1.116469	10.00	-7.504232	0	0.00	0.1317775	-13.70264	10.00	0.01992947
1.116469	10.00	-7.371682	0	0.00	0.1325504	-13.80054	10.00	0.01919288
1.116469	10.00	-7.239973	0	0.00	0.1317095	-13.9069	10.00	0.01843682
1.116469	10.00	-7.097044	0	0.00	0.142928	-14.00687	10.00	0.01772261
1.116469	10.00	-6.962689	0	0.00	0.1343552	-14.11275	10.00	0.01700641
1.116469	10.00	-6.82042	0	0.00	0.1422697	-14.2023	10.00	0.01637834
1.116469	10.00	-6.700077	0	0.00	0.1203424	-14.29267	10.00	0.01573892
1.116469	10.00	-6.578626	0	0.00	0.1214508	-14.39062	10.00	0.01506481
1.116469	10.00	-6.447019	0	0.00	0.1316076	-14.48925	10.00	0.01438612
1.116469	10.00	-6.314484	0	0.00	0.1325348	-14.58807	10.00	0.01371671
1.116469	10.00	-6.181693	0	0.00	0.132791	-14.6864	10.00	0.01305323
1.116469	10.00	-6.049553	0	0.00	0.1321399	-14.7842	10.00	0.01240525
1.116469	10.00	-5.918077	0	0.00	0.131476	-14.88295	10.00	0.01175185
1.116469	10.00	-5.785357	0	0.00	0.1327202	-14.98162	10.00	0.01114789
1.116469	10.00	-5.652723	0	0.00	0.1326339	-15.07901	10.00	0.01054703
1.116469	10.00	-5.521802	0	0.00	0.1309211	-15.17742	10.00	0.009939962
1.116469	10.00	-5.389495	0	0.00	0.1323069	-15.27518	10.00	0.009336094
1.116469	10.00	-5.258057	0	0.00	0.1314377	-15.3742	10.00	0.008752529
1.116469	10.00	-5.124924	0	0.00	0.1331336	-15.47188	10.00	0.008193646
1.116469	10.00	-4.993598	0	0.00	0.1313259	-15.57122	10.00	0.007635926
1.116469	10.00	-4.859994	0	0.00	0.1336036	-15.66837	10.00	0.00707197
1.116469	10.00	-4.729343	0	0.00	0.1306507	-15.7674	10.00	0.006511563
1.116469	10.00	-4.596132	0	0.00	0.1332114	-15.86572	10.00	0.005972687
1.116469	10.00	-4.463848	0	0.00	0.1322843	-15.96384	10.00	0.005462251
1.116469	10.00	-4.331692	0	0.00	0.1321554	-16.0611	10.00	0.004961058
1.116469	10.00	-4.200705	0	0.00	0.1309876	-16.15974	10.00	0.004495756
1.116469	10.00	-4.067682	0	0.00	0.1330232	-16.25813	10.00	0.004060314
1.116469	10.00	-3.934879	0	0.00	0.1328024	-16.35576	10.00	0.003683496
1.116469	10.00	-3.802885	0	0.00	0.1319941	-16.45344	10.00	0.003311301
1.116469	10.00	-3.670759	0	0.00	0.1321257	-16.5508	10.00	0.002991223
1.116469	10.00	-3.538768	0	0.00	0.1319912	-16.64818	10.00	0.002708146
1.116469	10.00	-3.406432	0	0.00	0.1323366	-16.74459	10.00	0.002408945
1.116469	10.00	-3.274636	0	0.00	0.1317959	-16.84192	10.00	0.002190117
1.116469	10.00	-3.14116	0	0.00	0.1334762	-16.93743	10.00	0.001677277
1.116469	10.00	-3.010018	0	0.00	0.1311419	-17.03393	10.00	0.001710377
1.116469	10.00	-2.877293	0	0.00	0.1327245	-17.12979	10.00	0.001946198
1.116469	10.00	-2.74521	0	0.00	0.1320832	-17.2277	10.00	0.002253339
1.116469	10.00	-2.609741	0	0.00	0.1354693	-17.32457	10.00	0.002733308
1.116469	10.00	-2.475225	0	0.00	0.1345152	-17.41987	10.00	0.003235556
1.116469	10.00	-2.341806	0	0.00	0.1334195	-17.50814	10.00	0.003852472
1.116469	10.00	-2.216849	0	0.00	0.1249572	-17.60031	10.00	0.004216462
1.116469	10.00	-2.08454	0	0.00	0.1323083	-17.69098	10.00	0.004694556
1.116469	10.00	-1.952681	0	0.00	0.1318596	-17.7806	10.00	0.005219526
1.116469	10.00	-1.820169	0	0.00	0.1325122	-17.86842	10.00	0.005565
1.116469	10.00	-1.687872	0	0.00	0.132297	-17.95541	10.00	0.005683662
1.116469	10.00	-1.554294	0	0.00	0.1335781	-18.03874	10.00	0.005705618
1.116469	10.00	-1.423916	0	0.00	0.1303775	-18.12169	10.00	0.006149029
1.116469	10.00	-1.290856	0	0.00	0.13306	-18.2008	10.00	0.006945874
1.116469	10.00	-1.159825	0	0.00	0.1310315	-18.27801	10.00	0.007688656
1.116469	10.00	-1.026845	0	0.00	0.1329793	-18.35196	10.00	0.008201418
1.116469	10.00	-0.8943983	0	0.00	0.132447	-18.42192	10.00	0.008383294
1.116469	10.00	-0.7640123	0	0.00	0.130386	-18.49058	10.00	0.00850263
1.116469	10.00	-0.630161	0	0.00	0.1338513	-18.55527	10.00	0.008716239
1.116469	10.00	-0.4980622	0	0.00	0.1320988	-18.61749	10.00	0.008828297
1.116469	10.00	-0.3663952	0	0.00	0.1316671	-18.67796	10.00	0.008463542
1.116469	10.00	-0.2339113	0	0.00	0.1324838	-18.73574	10.00	0.008129441
1.116469	10.00	-0.1020348	0	0.00	0.1318766	-18.79145	10.00	0.007719743
1.116469	10.00	0.03040377	0	0.00	0.1324385	-18.84437	10.00	0.007074263
1.116469	10.00	0.1623922	0	0.00	0.1319884	-18.89642	10.00	0.006727923
1.116469	10.00	0.2962307	0	0.00	0.1338385	-18.94537	10.00	0.006237037
1.116469	10.00	0.4268233	0	0.00	0.1305926	-18.99326	10.00	0.006060946
1.116469	10.00	0.5595493	0	0.00	0.1327259	-19.03892	10.00	0.006125428
1.116469	10.00	0.6914867	0	0.00	0.1319374	-19.08323	10.00	0.006083605
1.116469	10.00	0.8235826	0	0.00	0.132096	-19.12596	10.00	0.005952744
1.116469	10.00	0.9560807	0	0.00	0.132498	-19.16698	10.00	0.006050846
1.116469	10.00	1.088441	0	0.00	0.1323607	-19.20577	10.00	0.005873167
1.116469	10.00	1.219878	0	0.00	0.1314363	-19.24303	10.00	0.005812302
1.116469	10.00	1.352782	0	0.00	0.1329043	-19.27837	10.00	0.005938591
1.116469	10.00	1.484183	0	0.00	0.1314009	-19.31186	10.00	0.005661995
1.116469	10.00	1.615265	0	0.00	0.1310824	-19.34429	10.00	0.005457777
1.116469	10.00	1.748649	0	0.00	0.1333842	-19.37897	10.00	0.005003538
1.116469	10.00	1.897356	0	0.00	0.1487064	-19.40732	10.00	0.004368708
1.116469	10.00	2.026366	0	0.00	0.12901	-19.43398	10.00	0.003863642
1.116469	10.00	2.154249	0	0.00	0.1278832	-19.45864	10.00	0.003253705
1.116469	10.00	2.277179	0	0.00	0.1229301	-19.48347	10.00	0.002699245
1.116469	10.00	2.408334	0	0.00	0.1311546	-19.50749	10.00	0.002132258
1.116469	10.00	2.541674	0	0.00	0.1333403	-19.53051	10.00	0.002008547
1.116469	10.00	2.674227	0	0.00	0.1325532	-19.55291	10.00	0.001767286
1.116469	10.00	2.805969	0	0.00	0.1317421	-19.57474	10.00	0.001620777
1.116469	10.00	2.938283	0	0.00	0.132314	-19.59553	10.00	0.001405155
1.116469	10.00	3.070354	0	0.00	0.1320705	-19.61556	10.00	0.001147443
1.116469	10.00	3.202962	0	0.00	0.1326084	-19.63512	10.00	0.00113566
1.116469	10.00	3.335026	0	0.00	0.1320634	-19.65385	10.00	0.001079021
1.116469	10.00	3.467334	0	0.00	0.1323083	-19.67197	10.00	0.001377966
1.116469	10.00	3.599576	0	0.00	0.1322418	-19.68925	10.00	0.001117152
1.116469	10.00	3.731615	0	0.00	0.1320394	-19.70569	10.00	0.001072291
1.116469	10.00	3.862055	0	0.00	0.1304398	-19.72122	10.00	0.001082761
1.116469	10.00	3.995811	0	0.00	0.1337564	-19.7359	10.00	0.000985331
1.116469	10.00	4.126632	0	0.00	0.1308205	-19.75023	10.00	0.0005407946
1.116469	10.00	4.261238	0	0.00	0.1346058	-19.76322	10.00	0.0004960755
1.116469	10.00	4.392333	0	0.00	0.1310952	-19.77536	10.00	0.0002571496
1.116469	10.00	4.524742	0	0.00	0.1324088	-19.78694	10.00	0.0002385165
1.116469	10.00	4.656593	0	0.00	0.1318511	-19.79825	10.00	0.0001989895
1.116469	10.00	4.789257	0	0.00	0.1326636	-19.8093	10.00	0.0002294091
1.116469	10.00	4.921088	0	0.00	0.1318313	-19.81975	10.00	0.0003540169
1.116469	10.00	5.053454	0	0.00	0.1323664	-19.82958	10.00	0.0003770836
1.116469	10.00	5.185773	0	0.00	0.1323196	-19.83932	10.00	0.0004737531
1.116469	10.00	5.316566	0	0.00	0.1307922	-19.84856	10.00	0.0005149652
1.116469	10.00	5.449822	0	0.00	0.1332567	-19.85765	10.00	0.0006864177
1.116469	10.00	5.58107	0	0.00	0.131248	-19.86642	10.00	0.0007080924
1.116469	10.00	5.714833	0	0.00	0.1337621	-19.87435	10.00	0.0007121454
1.116469	10.00	5.84527	0	0.00	0.1304369	-19.88218	10.00	0.0006670336
1.116469	10.00	5.979481	0	0.00	0.1342109	-19.88954	10.00	0.0006073556
1.116469	10.00	6.111296	0	0.00	0.1318157	-19.89665	10.00	0.0004597198
1.116469	10.00	6.242789	0	0.00	0.1314929	-19.90355	10.00	0.0003329249
1.116469	10.00	6.376744	0	0.00	0.1339546	-19.9102	10.00	9.098895E-05
1.116469	10.00	6.506933	0	0.00	0.1301892	-19.91667	10.00	-5.869163E-05
1.116469	10.00	6.640824	0	0.00	0.1338909	-19.92245	10.00	-0.0001741767
1.116469	10.00	6.77261	0	0.00	0.131786	-19.92823	10.00	-9.616211E-05
1.116469	10.00	6.903054	0	0.00	0.130444	-19.93381	10.00	1.640618E-05
1.116469	10.00	7.036217	0	0.00	0.1331633	-19.93897	10.00	8.754237E-05
1.116469	10.00	7.168751	0	0.00	0.1325334	-19.94391	10.00	4.61104E-05
1.116469	10.00	7.30064	0	0.00	0.1318893	-19.9487	10.00	1.797621E-05
1.116469	10.00	7.431734	0	0.00	0.1310938	-19.95322	10.00	4.566846E-05
1.116469	10.00	7.564487	0	0.00	0.1327528	-19.9575	10.00	0.0002010738
1.116469	10.00	7.69719	0	0.00	0.1327033	-19.96158	10.00	0.0003246983
1.116469	10.00	7.828957	0	0.00	0.1317676	-19.96542	10.00	0.000437283
1.116469	10.00	7.960961	0	0.00	0.132004	-19.96919	10.00	0.0004980146
1.116469	10.00	8.094277	0	0.00	0.1333162	-19.97265	10.00	0.0005113782
1.116469	10.00	8.22607	0	0.00	0.131793	-19.97576	10.00	0.0004111786
1.116469	10.00	8.358299	0	0.00	0.132229	-19.97852	10.00	0.0003683345
1.116469	10.00	8.490499	0	0.00	0.1321993	-19.98098	10.00	0.0002594507
1.116469	10.00	8.622204	0	0.00	0.1317053	-19.98343	10.00	0.000263962
1.116469	10.00	8.754537	0	0.00	0.1323324	-19.98562	10.00	0.0002531421
1.116469	10.00	8.887073	0	0.00	0.1325362	-19.98754	10.00	0.000162342
1.116469	10.00	9.01898	0	0.00	0.1319077	-19.98907	10.00	0.0001742418
1.116469	10.00	9.15077	0	0.00	0.1317902	-19.99055	10.00	0.0001817535
1.116469	10.00	9.284199	0	0.00	0.133428	-19.99204	10.00	0.0001268372
1.116469	10.00	9.415562	0	0.00	0.1313627	-19.99317	10.00	0.0001485017
1.116469	10.00	9.547714	0	0.00	0.1321526	-19.99413	10.00	0.0001569716
1.116469	10.00	9.679488	0	0.00	0.1317746	-19.99503	10.00	0.0001349902
1.116469	10.00	9.813074	0	0.00	0.1335852	-19.99581	10.00	0.0001277481
1.116469	10.00	9.944023	0	0.00	0.1309494	-19.99648	10.00	2.986287E-05
1.116469	10.00	10.07653	0	0.00	0.1325037	-19.99705	10.00	1.739663E-06
1.116469	10.00	10.2083	0	0.00	0.1317775	-19.99755	10.00	7.159439E-05
1.116469	10.00	10.33925	0	0.00	0.1309451	-19.99804	10.00	1.574086E-05
1.116469	10.00	10.47334	0	0.00	0.1340948	-19.99846	10.00	9.110402E-05
1.116469	10.00	10.60607	0	0.00	0.1327273	-19.99874	10.00	8.852821E-05
1.116469	10.00	10.73993	0	0.00	0.1338541	-19.99896	10.00	4.017567E-05
1.116469	10.00	10.88734	0	0.00	0.1474168	-19.99917	10.00	-4.892647E-07
1.116469	10.00	11.02963	0	0.00	0.1422924	-19.99938	10.00	4.753903E-05
1.116469	10.00	11.14907	0	0.00	0.1194351	-19.9995	10.00	2.193859E-05
1.116469	10.00	11.26552	0	0.00	0.1164468	-19.9996	10.00	8.944472E-06
1.116469	10.00	11.39763	0	0.00	0.1321144	-19.99966	10.00	7.923756E-06
1.116469	10.00	11.53024	0	0.00	0.1326098	-19.99975	10.00	1.437079E-05
1.116469	10.00	11.66165	0	0.00	0.1314094	-19.99978	10.00	4.386379E-05
1.116469	10.00	11.7948	0	0.00	0.1331506	-19.99983	10.00	-9.787834E-06
1.116469	10.00	11.92538	0	0.00	0.1305771	-19.99984	10.00	-1.499126E-05
1.116469	10.00	12.05745	0	0.00	0.1320705	-19.99986	10.00	1.982631E-05
1.116469	10.00	12.19149	0	0.00	0.1340367	-19.99986	10.00	2.318615E-05
1.116469	10.00	12.32375	0	0.00	0.1322616	-19.99989	10.00	-1.078187E-05
1.116469	10.00	12.45559	0	0.00	0.1318398	-19.99989	10.00	-1.659688E-05
1.116469	10.00	12.58768	0	0.00	0.1320931	-19.9999	10.00	1.697014E-05
1.116469	10.00	12.71984	0	0.00	0.1321639	-19.9999	10.00	2.137448E-05
1.116469	10.00	12.85211	0	0.00	0.132263	-19.99991	10.00	-1.14041E-05
1.116469	10.00	12.98459	0	0.00	0.1324881	-19.9999	10.00	-1.732131E-05
1.116469	10.00	13.11707	0	0.00	0.1324796	-19.9999	10.00	-1.716729E-05
1.116469	10.00	13.24934	0	0.00	0.1322701	-19.99994	10.00	-1.708702E-05
1.116469	10.00	13.38157	0	0.00	0.132229	-19.99993	10.00	-1.177815E-05
1.116469	10.00	13.51332	0	0.00	0.1317506	-19.99993	10.00	-1.164426E-05
1.116469	10.00	13.64641	0	0.00	0.1330855	-19.99997	10.00	-1.218276E-05
1.116469	10.00	13.7777	0	0.00	0.1312919	-19.99996	10.00	-7.341743E-06
1.116469	10.00	13.91024	0	0.00	0.1325405	-19.99996	10.00	-7.033953E-06
1.116469	10.00	14.04191	0	0.00	0.1316713	-20	10.00	0
1.116469	10.00	14.1744	0	0.00	0.1324867	-20	10.00	0
1.116469	10.00	14.30655	0	0.00	0.1321469	-20	10.00	0
1.116469	10.00	14.43881	0	0.00	0.132263	-20	10.00	0
1.116469	10.00	14.57143	0	0.00	0.1326155	-20	10.00	0
1.116469	10.00	14.70405	0	0.00	0.1326212	-20	10.00	0
1.116469	10.00	14.83609	0	0.00	0.1320478	-20	10.00	0
1.116469	10.00	14.96708	0	0.00	0.1309876	-20	10.00	0
1.116469	10.00	15.10405	0	0.00	0.1369641	-20	10.00	0
1.116469	10.00	15.24761	0	0.00	0.1435622	-20	10.00	0
1.116469	10.00	15.37814	0	0.00	0.1305346	-20	10.00	0
1.116469	10.00	15.50185	0	0.00	0.1237073	-20	10.00	0
1.116469	10.00	15.62829	0	0.00	0.1264351	-20	10.00	0
1.116469	10.00	15.76154	0	0.00	0.1332511	-20	10.00	0
1.116469	10.00	15.893	0	0.00	0.131466	-20	10.00	0
1.116469	10.00	16.02441	0	0.00	0.1314123	-20	10.00	0
1.116469	10.00	16.1567	0	0.00	0.1322857	-20	10.00	0
1.116469	10.00	16.28897	0	0.00	0.1322701	-20	10.00	0
1.116469	10.00	16.4211	0	0.00	0.13213	-20	10.00	0
1.116469	10.00	16.55346	0	0.00	0.1323649	-20	10.00	0
1.116469	10.00	16.68704	0	0.00	0.133571	-20	10.00	0
1.116469	10.00	16.81811	0	0.00	0.1310739	-20	10.00	0
1.116469	10.00	16.94979	0	0.00	0.1316756	-20	10.00	0
1.116469	10.00	17.08263	0	0.00	0.1328406	-20	10.00	0
1.116469	10.00	17.21441	0	0.00	0.1317789	-20	10.00	0
1.116469	10.00	17.34517	0	0.00	0.1307611	-20	10.00	0
1.116469	10.00	17.47878	0	0.00	0.1336107	-20	10.00	0
1.116469	10.00	17.61127	0	0.00	0.1324881	-20	10.00	0
1.116469	10.00	17.74214	0	0.00	0.1308772	-20	10.00	0
1.116469	10.00	17.87581	0	0.00	0.1336673	-20	10.00	0
1.116469	10.00	18.00753	0	0.00	0.1317194	-20	10.00	0
1.116469	10.00	18.13941	0	0.00	0.1318822	-20	10.00	0
1.116469	10.00	18.27198	0	0.00	0.1325674	-20	10.00	0
1.116469	10.00	18.40387	0	0.00	0.1318893	-20	10.00	0
1.116469	10.00	18.53607	0	0.00	0.1322021	-20	10.00	0
1.116469	10.00	18.66806	0	0.00	0.1319912	-20	10.00	0
1.116469	10.00	18.80053	0	0.00	0.132464	-20	10.00	0
1.116469	10.00	18.93325	0	0.00	0.1327273	-20	10.00	0
1.116469	10.00	19.06543	0	0.00	0.1321753	-20	10.00	0
1.116469	10.00	19.19876	0	0.00	0.1333304	-20	10.00	0
1.116469	10.00	19.3298	0	0.00	0.1310371	-20	10.00	0
1.116469	10.00	19.46141	0	0.00	0.1316133	-20	10.00	0
1.116469	10.00	19.59402	0	0.00	0.1326127	-20	10.00	0
1.116469	10.00	19.7435	0	0.00	0.1494793	-20	10.00	0
1.116469	10.00	19.8812	0	0.00	0.1376988	-20	10.00	0
1.116469	10.00	19.99482	0	0.00	0.113617	-20	10.00	0
1.116469	10.00	20.12253	0	0.00	0.1277134	-20	10.00	0
1.116469	10.00	20.25271	0	0.00	0.1301765	-20	10.00	0
1.116469	10.00	20.38683	0	0.00	0.1341188	-20	10.00	0
1.116469	10.00	20.51843	0	0.00	0.1316062	-20	10.00	0
1.116469	10.00	20.65242	0	0.00	0.1339886	-20	10.00	0
1.116469	10.00	20.78365	0	0.00	0.1312325	-20	10.00	0
1.116469	10.00	20.91576	0	0.00	0.1321059	-20	10.00	0
1.116469	10.00	21.04614	0	0.00	0.1303831	-20	10.00	0
1.116469	10.00	21.17996	0	0.00	0.1338216	-20	10.00	0
1.116469	10.00	21.31177	0	0.00	0.13181	-20	10.00	0
1.116469	10.00	21.44423	0	0.00	0.1324598	-20	10.00	0
1.116469	10.00	21.57643	0	0.00	0.1321979	-20	10.00	0
1.116469	10.00	21.70963	0	0.00	0.1331973	-20	10.00	0
1.116469	10.00	21.84107	0	0.00	0.1314434	-20	10.00	0
1.116469	10.00	21.97417	0	0.00	0.133101	-20	10.00	0
1.116469	10.00	22.10389	0	0.00	0.129715	-20	10.00	0
1.116469	10.00	22.23722	0	0.00	0.1333304	-20	10.00	0
1.116469	10.00	22.36927	0	0.00	0.1320549	-20	10.00	0
1.116469	10.00	22.50162	0	0.00	0.132348	-20	10.00	0
1.116469	10.00	22.63399	0	0.00	0.1323649	-20	10.00	0
1.116469	10.00	22.76584	0	0.00	0.1318539	-20	10.00	0
1.116469	10.00	22.89875	0	0.00	0.1329071	-20	10.00	0
1.116469	10.00	23.03115	0	0.00	0.1324032	-20	10.00	0
1.116469	10.00	23.16245	0	0.00	0.1313033	-20	10.00	0
1.116469	10.00	23.30619	0	0.00	0.1437334	-20	10.00	0
1.116469	10.00	23.42632	0	0.00	0.1201329	-20	10.00	0
1.116469	10.00	23.55891	0	0.00	0.13259	-20	10.00	0
1.116469	10.00	23.69134	0	0.00	0.1324258	-20	10.00	0
1.116469	10.00	23.8222	0	0.00	0.1308602	-20	10.00	0
1.116469	10.00	23.95561	0	0.00	0.1334139	-20	10.00	0
1.116469	10.00	24.09988	0	0.00	0.1442728	-20	10.00	0
1.116469	10.00	24.23779	0	0.00	0.137914	-20	10.00	0
1.116469	10.00	24.36311	0	0.00	0.1253111	-20	10.00	0
1.116469	10.00	24.48463	0	0.00	0.121523	-20	10.00	0
1.116469	10.00	24.61748	0	0.00	0.1328491	-20	10.00	0
1.116469	10.00	24.74886	0	0.00	0.1313797	-20	10.00	0
1.116469	10.00	24.87927	0	0.00	0.1304072	-20	10.00	0
1.116469	10.00	25.01174	0	0.00	0.1324768	-20	10.00	0
1.116469	10.00	25.14544	0	0.00	0.1336984	-20	10.00	0
1.116469	10.00	25.27779	0	0.00	0.1323508	-20	10.00	0
1.116469	10.00	25.41044	0	0.00	0.1326481	-20	10.00	0
1.116469	10.00	25.54208	0	0.00	0.131643	-20	10.00	0
1.116469	10.00	25.67521	0	0.00	0.1331251	-20	10.00	0
1.116469	10.00	25.80659	0	0.00	0.1313797	-20	10.00	0
1.116469	10.00	25.93831	0	0.00	0.1317223	-20	10.00	0
1.116469	10.00	26.07038	0	0.00	0.1320691	-20	10.00	0
1.116469	10.00	26.20278	0	0.00	0.1323975	-20	10.00	0
1.116469	10.00	26.33521	0	0.00	0.13243	-20	10.00	0
1.116469	10.00	26.46554	0	0.00	0.1303322	-20	10.00	0
1.116469	10.00	26.59809	0	0.00	0.1325461	-20	10.00	0
1.116469	10.00	26.73141	0	0.00	0.1333247	-20	10.00	0
27.50763
