0.0161154	10.00	-49.93415	0.0161154	0.00	0.0658484	28.28	10.00	28.28
0.04924938	10.00	-49.79876	0.03313398	0.00	0.1353872	28.27854	10.00	28.27862
0.05652707	10.00	-49.76903	0.007277689	0.00	0.02973703	28.27248	10.00	28.27286
0.08131354	10.00	-49.66775	0.02478648	0.00	0.1012789	28.26632	10.00	28.2668
0.09719475	10.00	-49.60286	0.01588121	0.00	0.06489147	28.25856	10.00	28.25908
0.1133756	10.00	-49.53674	0.01618088	0.00	0.06611594	28.24919	10.00	28.24973
0.1296795	10.00	-49.47012	0.01630387	0.00	0.06661846	28.23836	10.00	28.23894
0.1458133	10.00	-49.4042	0.01613376	0.00	0.06592342	28.22601	10.00	28.22663
0.1619242	10.00	-49.33837	0.0161109	0.00	0.06582999	28.21201	10.00	28.21266
0.1781757	10.00	-49.27197	0.01625155	0.00	0.06640472	28.19658	10.00	28.19726
0.1942946	10.00	-49.2061	0.01611887	0.00	0.06586255	28.17951	10.00	28.18021
0.210516	10.00	-49.13982	0.01622141	0.00	0.06628156	28.16116	10.00	28.16189
0.2264991	10.00	-49.07451	0.01598306	0.00	0.06530764	28.14111	10.00	28.14184
0.2426456	10.00	-49.00854	0.01614658	0.00	0.06597579	28.1199	10.00	28.12066
0.2585016	10.00	-48.94375	0.01585592	0.00	0.06478813	28.09683	10.00	28.09761
0.2746176	10.00	-48.8779	0.0161161	0.00	0.06585123	28.07218	10.00	28.07297
0.290775	10.00	-48.81188	0.01615732	0.00	0.06601968	28.04595	10.00	28.04675
0.3069496	10.00	-48.74579	0.01617464	0.00	0.06609046	28.01819	10.00	28.019
0.323118	10.00	-48.67972	0.01616841	0.00	0.06606498	27.98625	10.00	27.98707
0.3407401	10.00	-48.60772	0.01762207	0.00	0.07200474	27.95719	10.00	27.95801
0.3559111	10.00	-48.54753	0.015171	0.00	0.06018881	27.92474	10.00	27.92557
0.3688874	10.00	-48.51471	0.0129763	0.00	0.03281676	27.89149	10.00	27.89233
0.3790754	10.00	-48.49263	0.01018803	0.00	0.02208189	27.85662	10.00	27.85745
0.3843451	10.00	-48.49263	0.005269696	0.00	0	27.82031	10.00	27.82114
0.3843451	10.00	-48.49263	0.0001823108	0.00	0	27.78584	10.00	27.78668
0.3843451	10.00	-48.49263	0	0.00	0	27.75064	10.00	27.75146
0.3843451	10.00	-48.49263	0	0.00	0	27.71364	10.00	27.71447
0.3843451	10.00	-48.49263	0	0.00	0	27.68071	10.00	27.68153
0.3843451	10.00	-48.49263	0	0.00	0	27.64579	10.00	27.64662
0.3843451	10.00	-48.49263	0	0.00	0	27.61058	10.00	27.61141
0.3843451	10.00	-48.49263	0	0.00	0	27.57562	10.00	27.57644
0.3843451	10.00	-48.49263	0	0.00	0	27.54001	10.00	27.54083
0.3843451	10.00	-48.49263	0	0.00	0	27.50556	10.00	27.50639
0.3843451	10.00	-48.49263	0	0.00	0	27.47037	10.00	27.47119
0.3843451	10.00	-48.49263	0	0.00	0	27.43525	10.00	27.43608
0.3843451	10.00	-48.49263	0	0.00	0	27.40027	10.00	27.40108
0.3843451	10.00	-48.49263	0	0.00	0	27.36396	10.00	27.36479
0.3843451	10.00	-48.49263	0	0.00	0	27.32915	10.00	27.32997
0.3843451	10.00	-48.49263	0	0.00	0	27.29451	10.00	27.29533
0.3843451	10.00	-48.49263	0	0.00	0	27.2601	10.00	27.26092
0.3843451	10.00	-48.49263	0	0.00	0	27.22495	10.00	27.22577
0.3843451	10.00	-48.49263	0	0.00	0	27.19002	10.00	27.19084
0.3843451	10.00	-48.49263	0	0.00	0	27.15394	10.00	27.15476
0.3843451	10.00	-48.49263	0	0.00	0	27.11966	10.00	27.12047
0.3843451	10.00	-48.49263	0	0.00	0	27.08485	10.00	27.08566
0.3843451	10.00	-48.49263	0	0.00	0	27.0498	10.00	27.05062
0.3843451	10.00	-48.49263	0	0.00	0	27.01482	10.00	27.01563
0.3843451	10.00	-48.49263	0	0.00	0	26.9797	10.00	26.98051
0.3843451	10.00	-48.49263	0	0.00	0	26.94457	10.00	26.94538
0.3843451	10.00	-48.45269	0	0.00	0.03993887	26.90979	10.00	26.9106
0.3843451	10.00	-48.39981	0	0.00	0.05287718	26.87461	10.00	26.87543
0.3843451	10.00	-48.33669	0	0.00	0.06311972	26.8394	10.00	26.84021
0.3843451	10.00	-48.27092	0	0.00	0.06577013	26.80459	10.00	26.8054
0.3843451	10.00	-48.2053	0	0.00	0.06562898	26.76809	10.00	26.76889
0.3843451	10.00	-48.13646	0	0.00	0.06883526	26.73379	10.00	26.7346
0.3843451	10.00	-48.0718	0	0.00	0.06466214	26.69932	10.00	26.70013
0.3843451	10.00	-48.0068	0	0.00	0.06499904	26.66427	10.00	26.66508
0.3843451	10.00	-47.9407	0	0.00	0.06610178	26.62786	10.00	26.62866
0.3843451	10.00	-47.87204	0	0.00	0.06865973	26.59416	10.00	26.59496
0.3843451	10.00	-47.80849	0	0.00	0.06354383	26.55915	10.00	26.55995
0.3843451	10.00	-47.74248	0	0.00	0.06601685	26.52191	10.00	26.52271
0.3843451	10.00	-47.67225	0	0.00	0.07022253	26.4877	10.00	26.4885
0.3843451	10.00	-47.60776	0	0.00	0.06449793	26.45401	10.00	26.45481
0.3843451	10.00	-47.54422	0	0.00	0.06353959	26.41784	10.00	26.41864
0.3843451	10.00	-47.47602	0	0.00	0.06819825	26.38376	10.00	26.38456
0.3843451	10.00	-47.41175	0	0.00	0.06426295	26.34889	10.00	26.34969
0.3843451	10.00	-47.34601	0	0.00	0.06574647	26.31384	10.00	26.31464
0.3843451	10.00	-47.27991	0	0.00	0.06610037	26.2779	10.00	26.27871
0.3843451	10.00	-47.21216	0	0.00	0.06774668	26.24313	10.00	26.24393
0.3843451	10.00	-47.14658	0	0.00	0.06558226	26.20789	10.00	26.20869
0.3843451	10.00	-47.08014	0	0.00	0.06643727	26.172	10.00	26.17279
0.3843451	10.00	-47.01245	0	0.00	0.06768723	26.13785	10.00	26.13865
0.3843451	10.00	-46.94807	0	0.00	0.06438893	26.10204	10.00	26.10284
0.3843451	10.00	-46.88055	0	0.00	0.0675216	26.06829	10.00	26.06908
0.3843451	10.00	-46.8169	0	0.00	0.06364576	26.03229	10.00	26.03308
0.3843451	10.00	-46.74901	0	0.00	0.06788682	25.99824	10.00	25.99904
0.3843451	10.00	-46.68482	0	0.00	0.06419358	25.96331	10.00	25.9641
0.3843451	10.00	-46.61894	0	0.00	0.06588095	25.92704	10.00	25.92784
0.3843451	10.00	-46.55056	0	0.00	0.06838086	25.89301	10.00	25.89381
0.3843451	10.00	-46.4864	0	0.00	0.06415961	25.85811	10.00	25.8589
0.3843451	10.00	-46.42058	0	0.00	0.06581867	25.82169	10.00	25.82249
0.3843451	10.00	-46.35191	0	0.00	0.06866681	25.78771	10.00	25.7885
0.3843451	10.00	-46.28783	0	0.00	0.06408034	25.75293	10.00	25.75372
0.3843451	10.00	-46.22224	0	0.00	0.06558651	25.71688	10.00	25.71766
0.3843451	10.00	-46.15426	0	0.00	0.06798167	25.68145	10.00	25.68223
0.3843451	10.00	-46.08745	0	0.00	0.0668124	25.64614	10.00	25.64693
0.3843451	10.00	-46.02088	0	0.00	0.06657317	25.6114	10.00	25.61218
0.3843451	10.00	-45.95537	0	0.00	0.06550724	25.57773	10.00	25.57851
0.3843451	10.00	-45.89188	0	0.00	0.06348862	25.54279	10.00	25.54357
0.3843451	10.00	-45.826	0	0.00	0.0658852	25.50754	10.00	25.50832
0.3843451	10.00	-45.75953	0	0.00	0.06646842	25.47258	10.00	25.47336
0.3843451	10.00	-45.6936	0	0.00	0.06592342	25.43746	10.00	25.43825
0.3843451	10.00	-45.62739	0	0.00	0.06621644	25.40244	10.00	25.40322
0.3843451	10.00	-45.56135	0	0.00	0.06603808	25.36746	10.00	25.36824
0.3843451	10.00	-45.49539	0	0.00	0.06596305	25.33139	10.00	25.33218
0.3843451	10.00	-45.42738	0	0.00	0.0680029	25.29583	10.00	25.29661
0.3843451	10.00	-45.36032	0	0.00	0.06706862	25.26226	10.00	25.26304
0.3843451	10.00	-45.29701	0	0.00	0.06330319	25.22696	10.00	25.22774
0.3843451	10.00	-45.23045	0	0.00	0.06655901	25.19205	10.00	25.19282
0.3843451	10.00	-45.16462	0	0.00	0.06583565	25.15677	10.00	25.15755
0.3843451	10.00	-45.09811	0	0.00	0.06650805	25.12142	10.00	25.12219
0.3843451	10.00	-45.03144	0	0.00	0.06667367	25.08696	10.00	25.08774
0.3843451	10.00	-44.96647	0	0.00	0.06496648	25.05152	10.00	25.0523
0.3843451	10.00	-44.89964	0	0.00	0.06682656	25.01687	10.00	25.01765
0.3843451	10.00	-44.8343	0	0.00	0.06533737	24.98184	10.00	24.98261
0.3843451	10.00	-44.76824	0	0.00	0.06606214	24.94683	10.00	24.9476
0.3843451	10.00	-44.70222	0	0.00	0.06602251	24.91084	10.00	24.91161
0.3843451	10.00	-44.63437	0	0.00	0.06785285	24.87658	10.00	24.87736
0.3843451	10.00	-44.56977	0	0.00	0.06459419	24.84174	10.00	24.84251
0.3843451	10.00	-44.50407	0	0.00	0.06570683	24.80659	10.00	24.80736
0.3843451	10.00	-44.43779	0	0.00	0.06627589	24.77146	10.00	24.77223
0.3843451	10.00	-44.37154	0	0.00	0.06624758	24.73657	10.00	24.73734
0.3843451	10.00	-44.30577	0	0.00	0.0657762	24.70112	10.00	24.70189
0.3843451	10.00	-44.23892	0	0.00	0.06685062	24.66624	10.00	24.66701
0.3843451	10.00	-44.17314	0	0.00	0.06577478	24.63109	10.00	24.63186
0.3843451	10.00	-44.10686	0	0.00	0.06627589	24.59627	10.00	24.59703
0.3843451	10.00	-44.04119	0	0.00	0.06567003	24.56109	10.00	24.56185
0.3843451	10.00	-43.97486	0	0.00	0.06633535	24.52619	10.00	24.52695
0.3843451	10.00	-43.90906	0	0.00	0.06580168	24.49134	10.00	24.49211
0.3843451	10.00	-43.84335	0	0.00	0.06570825	24.45611	10.00	24.45687
0.3843451	10.00	-43.77691	0	0.00	0.06644011	24.42101	10.00	24.42177
0.3843451	10.00	-43.71073	0	0.00	0.06618106	24.38598	10.00	24.38675
0.3843451	10.00	-43.64468	0	0.00	0.06604516	24.35104	10.00	24.3518
0.3843451	10.00	-43.57878	0	0.00	0.06589935	24.31323	10.00	24.31399
0.3843451	10.00	-43.5075	0	0.00	0.07128987	24.28092	10.00	24.28168
0.3843451	10.00	-43.44657	0	0.00	0.06092926	24.24607	10.00	24.24683
0.3843451	10.00	-43.38087	0	0.00	0.06569976	24.21033	10.00	24.21109
0.3843451	10.00	-43.31346	0	0.00	0.06740978	24.17571	10.00	24.17647
0.3843451	10.00	-43.24818	0	0.00	0.0652765	24.14067	10.00	24.14144
0.3843451	10.00	-43.18212	0	0.00	0.0660579	24.1046	10.00	24.10536
0.3843451	10.00	-43.11409	0	0.00	0.06802838	24.07049	10.00	24.07125
0.3843451	10.00	-43.04977	0	0.00	0.06432098	24.03562	10.00	24.03638
0.3843451	10.00	-42.98402	0	0.00	0.06575355	24.00051	10.00	24.00127
0.3843451	10.00	-42.91782	0	0.00	0.0661938	23.96505	10.00	23.9658
0.3843451	10.00	-42.85095	0	0.00	0.06687327	23.93032	10.00	23.93107
0.3843451	10.00	-42.78547	0	0.00	0.06548742	23.89529	10.00	23.89605
0.3843451	10.00	-42.71941	0	0.00	0.06605365	23.86029	10.00	23.86105
0.3843451	10.00	-42.65343	0	0.00	0.0659857	23.82532	10.00	23.82608
0.3843451	10.00	-42.58748	0	0.00	0.06594606	23.79029	10.00	23.79104
0.3843451	10.00	-42.52142	0	0.00	0.06606073	23.75502	10.00	23.75577
0.3843451	10.00	-42.45491	0	0.00	0.06650381	23.7201	10.00	23.72086
0.3843451	10.00	-42.38908	0	0.00	0.06583424	23.6851	10.00	23.68585
0.3843451	10.00	-42.32308	0	0.00	0.0660041	23.65002	10.00	23.65078
0.3843451	10.00	-42.25694	0	0.00	0.06614	23.61488	10.00	23.61564
0.3843451	10.00	-42.19067	0	0.00	0.06626315	23.57981	10.00	23.58056
0.3843451	10.00	-42.12453	0	0.00	0.06614283	23.5448	10.00	23.54556
0.3843451	10.00	-42.05852	0	0.00	0.06600835	23.50959	10.00	23.51034
0.3843451	10.00	-41.99213	0	0.00	0.06638914	23.47415	10.00	23.4749
0.3843451	10.00	-41.9253	0	0.00	0.06683505	23.43934	10.00	23.4401
0.3843451	10.00	-41.85968	0	0.00	0.06562331	23.40418	10.00	23.40493
0.3843451	10.00	-41.79336	0	0.00	0.06631836	23.36925	10.00	23.37
0.3843451	10.00	-41.72749	0	0.00	0.06586397	23.33395	10.00	23.3347
0.3843451	10.00	-41.66094	0	0.00	0.06655193	23.29881	10.00	23.29956
0.3843451	10.00	-41.59468	0	0.00	0.06626457	23.26379	10.00	23.26454
0.3843451	10.00	-41.52864	0	0.00	0.0660395	23.22877	10.00	23.22952
0.3843451	10.00	-41.46261	0	0.00	0.06602251	23.19394	10.00	23.19469
0.3843451	10.00	-41.39693	0	0.00	0.06568135	23.15865	10.00	23.15939
0.3843451	10.00	-41.33038	0	0.00	0.06655052	23.12322	10.00	23.12396
0.3843451	10.00	-41.26357	0	0.00	0.06681523	23.0881	10.00	23.08884
0.3843451	10.00	-41.19734	0	0.00	0.06622352	23.05339	10.00	23.05414
0.3843451	10.00	-41.13191	0	0.00	0.06543646	23.01755	10.00	23.01829
0.3843451	10.00	-41.06432	0	0.00	0.06758814	22.98335	10.00	22.98409
0.3843451	10.00	-40.99983	0	0.00	0.06449085	22.94908	10.00	22.94982
0.3843451	10.00	-40.93521	0	0.00	0.06461684	22.9133	10.00	22.91403
0.3843451	10.00	-40.86773	0	0.00	0.06748055	22.87894	10.00	22.87967
0.3843451	10.00	-40.80294	0	0.00	0.06478671	22.84387	10.00	22.84461
0.3843451	10.00	-40.73683	0	0.00	0.06611735	22.80882	10.00	22.80956
0.3843451	10.00	-40.67073	0	0.00	0.06609329	22.77371	10.00	22.77444
0.3843451	10.00	-40.60452	0	0.00	0.06621502	22.73859	10.00	22.73933
0.3843451	10.00	-40.53831	0	0.00	0.06620936	22.70295	10.00	22.70369
0.3843451	10.00	-40.4711	0	0.00	0.06720734	22.66849	10.00	22.66922
0.3843451	10.00	-40.40612	0	0.00	0.06498206	22.63359	10.00	22.63432
0.3843451	10.00	-40.34031	0	0.00	0.06581442	22.59761	10.00	22.59834
0.3843451	10.00	-40.27247	0	0.00	0.06783728	22.56348	10.00	22.56421
0.3843451	10.00	-40.2081	0	0.00	0.06436487	22.52835	10.00	22.52908
0.3843451	10.00	-40.14186	0	0.00	0.06624334	22.49275	10.00	22.49348
0.3843451	10.00	-40.07473	0	0.00	0.06712525	22.45752	10.00	22.45825
0.3843451	10.00	-40.00831	0	0.00	0.0664217	22.42278	10.00	22.42351
0.3843451	10.00	-39.9428	0	0.00	0.06550866	22.38685	10.00	22.38758
0.3843451	10.00	-39.87505	0	0.00	0.06775518	22.35306	10.00	22.35378
0.3843451	10.00	-39.81132	0	0.00	0.06372927	22.31802	10.00	22.31874
0.3843451	10.00	-39.74525	0	0.00	0.06606498	22.28301	10.00	22.28374
0.3843451	10.00	-39.67925	0	0.00	0.06600552	22.24796	10.00	22.24868
0.3843451	10.00	-39.61315	0	0.00	0.06609895	22.21311	10.00	22.21383
0.3843451	10.00	-39.54743	0	0.00	0.06571957	22.17719	10.00	22.17792
0.3843451	10.00	-39.47971	0	0.00	0.06771554	22.14293	10.00	22.14365
0.3843451	10.00	-39.4151	0	0.00	0.06461968	22.10777	10.00	22.10849
0.3843451	10.00	-39.3488	0	0.00	0.06629854	22.07245	10.00	22.07317
0.3843451	10.00	-39.2822	0	0.00	0.06659723	22.03777	10.00	22.03849
0.3843451	10.00	-39.2168	0	0.00	0.06539682	22.00112	10.00	22.00183
0.3843451	10.00	-39.14769	0	0.00	0.06911271	21.96746	10.00	21.96818
0.3843451	10.00	-39.08424	0	0.00	0.06345465	21.93225	10.00	21.93297
0.3843451	10.00	-39.01784	0	0.00	0.06639481	21.89553	10.00	21.89624
0.3843451	10.00	-38.94859	0	0.00	0.06924861	21.86247	10.00	21.86319
0.3843451	10.00	-38.88626	0	0.00	0.0623321	21.82741	10.00	21.82813
0.3843451	10.00	-38.82014	0	0.00	0.06611877	21.79174	10.00	21.79245
0.3843451	10.00	-38.75288	0	0.00	0.06725831	21.75708	10.00	21.7578
0.3843451	10.00	-38.68754	0	0.00	0.06533878	21.72122	10.00	21.72194
0.3843451	10.00	-38.61992	0	0.00	0.06762777	21.68617	10.00	21.68689
0.3843451	10.00	-38.55381	0	0.00	0.06610037	21.65122	10.00	21.65194
0.3843451	10.00	-38.48792	0	0.00	0.06589935	21.61706	10.00	21.61777
0.3843451	10.00	-38.4235	0	0.00	0.06442007	21.58211	10.00	21.58282
0.3843451	10.00	-38.3576	0	0.00	0.06589935	21.54695	10.00	21.54767
0.3843451	10.00	-38.29131	0	0.00	0.06629288	21.51187	10.00	21.51258
0.3843451	10.00	-38.22515	0	0.00	0.0661485	21.47689	10.00	21.4776
0.3843451	10.00	-38.15919	0	0.00	0.06596588	21.44144	10.00	21.44215
0.3843451	10.00	-38.09234	0	0.00	0.06684779	21.40527	10.00	21.40598
0.3843451	10.00	-38.02414	0	0.00	0.06819825	21.37119	10.00	21.37189
0.3843451	10.00	-37.95987	0	0.00	0.06427144	21.33508	10.00	21.33579
0.3843451	10.00	-37.89179	0	0.00	0.06807793	21.30146	10.00	21.30217
0.3843451	10.00	-37.8284	0	0.00	0.06339519	21.26653	10.00	21.26723
0.3843451	10.00	-37.76252	0	0.00	0.06587671	21.23133	10.00	21.23203
0.3843451	10.00	-37.69615	0	0.00	0.06637074	21.19571	10.00	21.19641
0.3843451	10.00	-37.62898	0	0.00	0.06717337	21.16148	10.00	21.16218
0.3843451	10.00	-37.56443	0	0.00	0.06454606	21.12629	10.00	21.12699
0.3843451	10.00	-37.49808	0	0.00	0.06635092	21.08928	10.00	21.08998
0.3843451	10.00	-37.4283	0	0.00	0.06978228	21.05593	10.00	21.05663
0.3843451	10.00	-37.36541	0	0.00	0.06288842	21.0211	10.00	21.02179
0.3843451	10.00	-37.29972	0	0.00	0.06568418	20.98571	10.00	20.98641
0.3843451	10.00	-37.23299	0	0.00	0.0667303	20.95099	10.00	20.95169
0.3843451	10.00	-37.16754	0	0.00	0.06545911	20.91557	10.00	20.91626
0.3843451	10.00	-37.10074	0	0.00	0.06679825	20.8798	10.00	20.8805
0.3843451	10.00	-37.0333	0	0.00	0.06743526	20.84559	10.00	20.84628
0.3843451	10.00	-36.96879	0	0.00	0.06451634	20.81073	10.00	20.81143
0.3843451	10.00	-36.90306	0	0.00	0.06572948	20.77447	10.00	20.77517
0.3843451	10.00	-36.83468	0	0.00	0.06837662	20.74074	10.00	20.74144
0.3843451	10.00	-36.77108	0	0.00	0.06359763	20.70552	10.00	20.70621
0.3843451	10.00	-36.70466	0	0.00	0.0664217	20.67071	10.00	20.67141
0.3843451	10.00	-36.63903	0	0.00	0.06562614	20.63565	10.00	20.63634
0.3843451	10.00	-36.57291	0	0.00	0.0661216	20.60054	10.00	20.60124
0.3843451	10.00	-36.50672	0	0.00	0.06619238	20.56537	10.00	20.56607
0.3843451	10.00	-36.4404	0	0.00	0.06632119	20.53025	10.00	20.53095
0.3843451	10.00	-36.37418	0	0.00	0.06621644	20.49534	10.00	20.49603
0.3843451	10.00	-36.30835	0	0.00	0.06583424	20.46034	10.00	20.46103
0.3843451	10.00	-36.24234	0	0.00	0.06600694	20.42548	10.00	20.42617
0.3843451	10.00	-36.17661	0	0.00	0.06573232	20.39018	10.00	20.39087
0.3843451	10.00	-36.11005	0	0.00	0.06655901	20.35537	10.00	20.35606
0.3843451	10.00	-36.04441	0	0.00	0.06564313	20.3203	10.00	20.321
0.3843451	10.00	-35.97829	0	0.00	0.06611452	20.28505	10.00	20.28574
0.3843451	10.00	-35.91182	0	0.00	0.06646983	20.25022	10.00	20.25091
0.3843451	10.00	-35.84615	0	0.00	0.06567569	20.2149	10.00	20.21559
0.3843451	10.00	-35.77954	0	0.00	0.06660148	20.17926	10.00	20.17995
0.3843451	10.00	-35.71234	0	0.00	0.06720876	20.14475	10.00	20.14544
0.3843451	10.00	-35.64727	0	0.00	0.06506982	20.10981	10.00	20.1105
0.3843451	10.00	-35.58138	0	0.00	0.0658852	20.07384	10.00	20.07452
0.3843451	10.00	-35.51355	0	0.00	0.06783303	20.03973	10.00	20.04042
0.3843451	10.00	-35.44924	0	0.00	0.06430683	20.00474	10.00	20.00542
0.3843451	10.00	-35.38325	0	0.00	0.06599136	19.96943	10.00	19.97011
0.3843451	10.00	-35.31667	0	0.00	0.06657741	19.93471	10.00	19.93539
0.3843451	10.00	-35.2512	0	0.00	0.06547468	19.89925	10.00	19.89993
0.3843451	10.00	-35.18433	0	0.00	0.06686477	19.86324	10.00	19.86392
0.3843451	10.00	-35.11644	0	0.00	0.06789673	19.82905	10.00	19.82973
0.3843451	10.00	-35.05196	0	0.00	0.06447811	19.79408	10.00	19.79476
0.3843451	10.00	-34.98603	0	0.00	0.06593332	19.75923	10.00	19.75991
0.3843451	10.00	-34.92031	0	0.00	0.06571533	19.72444	10.00	19.72512
0.3843451	10.00	-34.85472	0	0.00	0.065595	19.68901	10.00	19.68968
0.3843451	10.00	-34.7879	0	0.00	0.06681807	19.65427	10.00	19.65495
0.3843451	10.00	-34.7224	0	0.00	0.06549592	19.61929	10.00	19.61997
0.3843451	10.00	-34.65644	0	0.00	0.06596588	19.58293	10.00	19.58361
0.3843451	10.00	-34.58788	0	0.00	0.06855922	19.54899	10.00	19.54966
0.3843451	10.00	-34.52387	0	0.00	0.06400389	19.51408	10.00	19.51475
0.3843451	10.00	-34.45804	0	0.00	0.06582999	19.47922	10.00	19.47989
0.3843451	10.00	-34.39231	0	0.00	0.06573232	19.44369	10.00	19.44436
0.3843451	10.00	-34.32532	0	0.00	0.06698793	19.4088	10.00	19.40947
0.3843451	10.00	-34.25952	0	0.00	0.06580168	19.37353	10.00	19.3742
0.3843451	10.00	-34.19302	0	0.00	0.06650522	19.33863	10.00	19.3393
0.3843451	10.00	-34.12722	0	0.00	0.0657946	19.30389	10.00	19.30456
0.3843451	10.00	-34.06171	0	0.00	0.06551432	19.26829	10.00	19.26896
0.3843451	10.00	-33.99458	0	0.00	0.06712808	19.23362	10.00	19.23428
0.3843451	10.00	-33.9292	0	0.00	0.0653855	19.19862	10.00	19.19929
0.3843451	10.00	-33.86321	0	0.00	0.0659857	19.16251	10.00	19.16318
0.3843451	10.00	-33.79512	0	0.00	0.06808784	19.12858	10.00	19.12925
0.3843451	10.00	-33.73113	0	0.00	0.06398691	19.09346	10.00	19.09413
0.3843451	10.00	-33.66492	0	0.00	0.06621785	19.05852	10.00	19.05919
0.3843451	10.00	-33.59903	0	0.00	0.06588379	19.02344	10.00	19.0241
0.3843451	10.00	-33.53288	0	0.00	0.06615699	18.98818	10.00	18.98884
0.3843451	10.00	-33.46638	0	0.00	0.0664939	18.95307	10.00	18.95373
0.3843451	10.00	-33.40019	0	0.00	0.06618813	18.91829	10.00	18.91895
0.3843451	10.00	-33.33459	0	0.00	0.06559642	18.88281	10.00	18.88346
0.3843451	10.00	-33.2677	0	0.00	0.06690016	18.84774	10.00	18.84839
0.3843451	10.00	-33.20156	0	0.00	0.06613151	18.81296	10.00	18.81362
0.3843451	10.00	-33.13599	0	0.00	0.0655766	18.77777	10.00	18.77843
0.3843451	10.00	-33.06964	0	0.00	0.06635092	18.74269	10.00	18.74334
0.3843451	10.00	-33.00349	0	0.00	0.06615133	18.70747	10.00	18.70813
0.3843451	10.00	-32.93708	0	0.00	0.06640613	18.67093	10.00	18.67158
0.3843451	10.00	-32.86816	0	0.00	0.06891453	18.6367	10.00	18.63735
0.3843451	10.00	-32.80363	0	0.00	0.06453757	18.60282	10.00	18.60347
0.3843451	10.00	-32.73974	0	0.00	0.06388357	18.5672	10.00	18.56785
0.3843451	10.00	-32.67257	0	0.00	0.06717195	18.53251	10.00	18.53316
0.3843451	10.00	-32.60717	0	0.00	0.06540673	18.49762	10.00	18.49827
0.3843451	10.00	-32.54138	0	0.00	0.06578469	18.46097	10.00	18.46162
0.3843451	10.00	-32.47226	0	0.00	0.06911837	18.42735	10.00	18.428
0.3843451	10.00	-32.40886	0	0.00	0.06339944	18.39253	10.00	18.39318
0.3843451	10.00	-32.3432	0	0.00	0.06565729	18.35712	10.00	18.35777
0.3843451	10.00	-32.27644	0	0.00	0.06676994	18.32203	10.00	18.32268
0.3843451	10.00	-32.21027	0	0.00	0.06616124	18.28694	10.00	18.28759
0.3843451	10.00	-32.14411	0	0.00	0.06616548	18.25115	10.00	18.2518
0.3843451	10.00	-32.07663	0	0.00	0.06748196	18.21718	10.00	18.21783
0.3843451	10.00	-32.01257	0	0.00	0.06405769	18.18207	10.00	18.18272
0.3843451	10.00	-31.94636	0	0.00	0.06620936	18.14691	10.00	18.14756
0.3843451	10.00	-31.88007	0	0.00	0.06629288	18.11201	10.00	18.11266
0.3843451	10.00	-31.81426	0	0.00	0.06580734	18.07678	10.00	18.07743
0.3843451	10.00	-31.74783	0	0.00	0.06642736	18.04192	10.00	18.04257
0.3843451	10.00	-31.6821	0	0.00	0.06573515	18.00673	10.00	18.00737
0.3843451	10.00	-31.61573	0	0.00	0.06636225	17.97173	10.00	17.97238
0.3843451	10.00	-31.54974	0	0.00	0.06599278	17.93684	10.00	17.93749
0.3843451	10.00	-31.48396	0	0.00	0.06578611	17.9018	10.00	17.90244
0.3843451	10.00	-31.41788	0	0.00	0.06607913	17.86145	10.00	17.86209
0.3843451	10.00	-31.3418	0	0.00	0.07607735	17.83177	10.00	17.83241
0.3843451	10.00	-31.28582	0	0.00	0.05598182	17.79644	10.00	17.79708
0.3843451	10.00	-31.2192	0	0.00	0.06661563	17.76145	10.00	17.76209
0.3843451	10.00	-31.15322	0	0.00	0.06597862	17.72637	10.00	17.72701
0.3843451	10.00	-31.08707	0	0.00	0.06615133	17.69139	10.00	17.69204
0.3843451	10.00	-31.02113	0	0.00	0.06593899	17.65585	10.00	17.65649
0.3843451	10.00	-30.95411	0	0.00	0.06702191	17.6207	10.00	17.62134
0.3843451	10.00	-30.88783	0	0.00	0.06628014	17.5863	10.00	17.58694
0.3843451	10.00	-30.82296	0	0.00	0.06487165	17.55016	10.00	17.5508
0.3843451	10.00	-30.75482	0	0.00	0.06814304	17.51633	10.00	17.51696
0.3843451	10.00	-30.69102	0	0.00	0.06380005	17.48121	10.00	17.48185
0.3843451	10.00	-30.6248	0	0.00	0.06622069	17.44609	10.00	17.44673
0.3843451	10.00	-30.55859	0	0.00	0.06620936	17.41107	10.00	17.4117
0.3843451	10.00	-30.49254	0	0.00	0.06604516	17.37602	10.00	17.37665
0.3843451	10.00	-30.42645	0	0.00	0.0660947	17.34091	10.00	17.34154
0.3843451	10.00	-30.36024	0	0.00	0.06620087	17.30456	10.00	17.30519
0.3843451	10.00	-30.29171	0	0.00	0.06853799	17.27094	10.00	17.27157
0.3843451	10.00	-30.22831	0	0.00	0.06339803	17.23581	10.00	17.23644
0.3843451	10.00	-30.16206	0	0.00	0.06625041	17.1987	10.00	17.19933
0.3843451	10.00	-30.09208	0	0.00	0.06997622	17.16553	10.00	17.16615
0.3843451	10.00	-30.02953	0	0.00	0.06254868	17.13066	10.00	17.13129
0.3843451	10.00	-29.9638	0	0.00	0.06573656	17.09559	10.00	17.09622
0.3843451	10.00	-29.89767	0	0.00	0.06613151	17.05851	10.00	17.05913
0.3843451	10.00	-29.82773	0	0.00	0.06993375	17.02534	10.00	17.02596
0.3843451	10.00	-29.76518	0	0.00	0.06254727	16.99034	10.00	16.99096
0.3843451	10.00	-29.69919	0	0.00	0.0659942	16.95484	10.00	16.95547
0.3843451	10.00	-29.63226	0	0.00	0.06693131	16.91991	10.00	16.92053
0.3843451	10.00	-29.56639	0	0.00	0.06586821	16.8851	10.00	16.88573
0.3843451	10.00	-29.50076	0	0.00	0.06563605	16.84866	10.00	16.84928
0.3843451	10.00	-29.43204	0	0.00	0.06871211	16.81528	10.00	16.8159
0.3843451	10.00	-29.3691	0	0.00	0.06294363	16.78007	10.00	16.78069
0.3843451	10.00	-29.30271	0	0.00	0.06638914	16.74386	10.00	16.74448
0.3843451	10.00	-29.23442	0	0.00	0.06828885	16.70969	10.00	16.71031
0.3843451	10.00	-29.16999	0	0.00	0.06442857	16.6748	10.00	16.67542
0.3843451	10.00	-29.1042	0	0.00	0.0657946	16.63894	10.00	16.63956
0.3843451	10.00	-29.03659	0	0.00	0.06760654	16.6048	10.00	16.60541
0.3843451	10.00	-28.9722	0	0.00	0.06439318	16.56968	10.00	16.5703
0.3843451	10.00	-28.90598	0	0.00	0.06621644	16.53478	10.00	16.5354
0.3843451	10.00	-28.84017	0	0.00	0.06581159	16.49987	10.00	16.50048
0.3843451	10.00	-28.77435	0	0.00	0.06582575	16.46475	10.00	16.46536
0.3843451	10.00	-28.70811	0	0.00	0.06622918	16.42841	10.00	16.42902
0.3843451	10.00	-28.63959	0	0.00	0.06852383	16.39458	10.00	16.39519
0.3843451	10.00	-28.5758	0	0.00	0.06379156	16.35981	10.00	16.36042
0.3843451	10.00	-28.51024	0	0.00	0.0655582	16.32445	10.00	16.32507
0.3843451	10.00	-28.44357	0	0.00	0.06666943	16.28927	10.00	16.28989
0.3843451	10.00	-28.37724	0	0.00	0.06633393	16.25266	10.00	16.25328
0.3843451	10.00	-28.3082	0	0.00	0.06903344	16.21926	10.00	16.21987
0.3843451	10.00	-28.24522	0	0.00	0.06298468	16.18432	10.00	16.18493
0.3843451	10.00	-28.17933	0	0.00	0.06589369	16.14887	10.00	16.14948
0.3843451	10.00	-28.11249	0	0.00	0.06684071	16.11417	10.00	16.11478
0.3843451	10.00	-28.04705	0	0.00	0.06543363	16.07915	10.00	16.07975
0.3843451	10.00	-27.98101	0	0.00	0.0660395	16.04299	10.00	16.0436
0.3843451	10.00	-27.91284	0	0.00	0.06817418	16.00904	10.00	16.00965
0.3843451	10.00	-27.84882	0	0.00	0.06401946	15.9741	10.00	15.9747
0.3843451	10.00	-27.78292	0	0.00	0.06589369	15.93841	10.00	15.93902
0.3843451	10.00	-27.71564	0	0.00	0.06728662	15.90396	10.00	15.90457
0.3843451	10.00	-27.65068	0	0.00	0.06495941	15.86841	10.00	15.86901
0.3843451	10.00	-27.58363	0	0.00	0.06704739	15.83282	10.00	15.83342
0.3843451	10.00	-27.51652	0	0.00	0.06710967	15.79882	10.00	15.79942
0.3843451	10.00	-27.45242	0	0.00	0.06410582	15.76244	10.00	15.76303
0.3843451	10.00	-27.38381	0	0.00	0.06860735	15.72701	10.00	15.72761
0.3843451	10.00	-27.31701	0	0.00	0.06679683	15.69354	10.00	15.69414
0.3843451	10.00	-27.2539	0	0.00	0.06311491	15.65817	10.00	15.65877
0.3843451	10.00	-27.18721	0	0.00	0.06668925	15.62337	10.00	15.62396
0.3843451	10.00	-27.12157	0	0.00	0.06563464	15.58837	10.00	15.58896
0.3843451	10.00	-27.05558	0	0.00	0.06599136	15.55227	10.00	15.55287
0.3843451	10.00	-26.98752	0	0.00	0.0680666	15.5183	10.00	15.51889
0.3843451	10.00	-26.92345	0	0.00	0.06406335	15.48318	10.00	15.48378
0.3843451	10.00	-26.85724	0	0.00	0.06620936	15.44715	10.00	15.44774
0.3843451	10.00	-26.7893	0	0.00	0.06794203	15.41327	10.00	15.41385
0.3843451	10.00	-26.7254	0	0.00	0.06390056	15.37812	10.00	15.37871
0.3843451	10.00	-26.65913	0	0.00	0.06627165	15.34193	10.00	15.34251
0.3843451	10.00	-26.59088	0	0.00	0.06824496	15.30791	10.00	15.30849
0.3843451	10.00	-26.52673	0	0.00	0.06415678	15.27295	10.00	15.27354
0.3843451	10.00	-26.46082	0	0.00	0.06590643	15.2375	10.00	15.23809
0.3843451	10.00	-26.39398	0	0.00	0.06684496	15.2026	10.00	15.20318
0.3843451	10.00	-26.32816	0	0.00	0.06581867	15.16791	10.00	15.1685
0.3843451	10.00	-26.26276	0	0.00	0.06539965	15.13218	10.00	15.13277
0.3843451	10.00	-26.19538	0	0.00	0.06737722	15.09766	10.00	15.09824
0.3843451	10.00	-26.13028	0	0.00	0.06510238	15.06254	10.00	15.06312
0.3843451	10.00	-26.06406	0	0.00	0.06622069	15.02661	10.00	15.02719
0.3843451	10.00	-25.99631	0	0.00	0.06774527	14.99255	10.00	14.99313
0.3843451	10.00	-25.93209	0	0.00	0.06422473	14.95752	10.00	14.9581
0.3843451	10.00	-25.86603	0	0.00	0.0660579	14.92253	10.00	14.92311
0.3843451	10.00	-25.80004	0	0.00	0.06598853	14.88761	10.00	14.88819
0.3843451	10.00	-25.7342	0	0.00	0.0658399	14.85245	10.00	14.85302
0.3843451	10.00	-25.6679	0	0.00	0.06630279	14.81754	10.00	14.81812
0.3843451	10.00	-25.60208	0	0.00	0.0658215	14.78232	10.00	14.7829
0.3843451	10.00	-25.53567	0	0.00	0.0664033	14.74747	10.00	14.74804
0.3843451	10.00	-25.46994	0	0.00	0.0657309	14.71208	10.00	14.71266
0.3843451	10.00	-25.40322	0	0.00	0.06671756	14.6772	10.00	14.67778
0.3843451	10.00	-25.33745	0	0.00	0.06577195	14.64029	10.00	14.64087
0.3843451	10.00	-25.26786	0	0.00	0.06959684	14.60702	10.00	14.6076
0.3843451	10.00	-25.20512	0	0.00	0.06273129	14.57192	10.00	14.57249
0.3843451	10.00	-25.13893	0	0.00	0.06619804	14.53556	10.00	14.53613
0.3843451	10.00	-25.07037	0	0.00	0.06855922	14.50164	10.00	14.50222
0.3843451	10.00	-25.00641	0	0.00	0.06395294	14.4669	10.00	14.46747
0.3843451	10.00	-24.94089	0	0.00	0.06552564	14.42928	10.00	14.42985
0.3843451	10.00	-24.86996	0	0.00	0.07092465	14.39643	10.00	14.39701
0.3843451	10.00	-24.80803	0	0.00	0.06193574	14.36128	10.00	14.36186
0.3843451	10.00	-24.74175	0	0.00	0.06628014	14.32589	10.00	14.32646
0.3843451	10.00	-24.67501	0	0.00	0.06674021	14.29136	10.00	14.29193
0.3843451	10.00	-24.6099	0	0.00	0.06510805	14.25649	10.00	14.25706
0.3843451	10.00	-24.54415	0	0.00	0.06575072	14.22049	10.00	14.22106
0.3843451	10.00	-24.47626	0	0.00	0.06788399	14.18655	10.00	14.18712
0.3843451	10.00	-24.41227	0	0.00	0.06399257	14.15144	10.00	14.15201
0.3843451	10.00	-24.34606	0	0.00	0.06621361	14.1163	10.00	14.11687
0.3843451	10.00	-24.2798	0	0.00	0.06626174	14.0815	10.00	14.08207
0.3843451	10.00	-24.21417	0	0.00	0.06562331	14.0463	10.00	14.04687
0.3843451	10.00	-24.14781	0	0.00	0.06636366	14.01116	10.00	14.01173
0.3843451	10.00	-24.08155	0	0.00	0.06625891	13.97615	10.00	13.97671
0.3843451	10.00	-24.01552	0	0.00	0.06603383	13.94126	10.00	13.94182
0.3843451	10.00	-23.94973	0	0.00	0.06578752	13.90545	10.00	13.90601
0.3843451	10.00	-23.8822	0	0.00	0.06752868	13.87099	10.00	13.87156
0.3843451	10.00	-23.81724	0	0.00	0.06496224	13.83613	10.00	13.83669
0.3843451	10.00	-23.7515	0	0.00	0.06574081	13.80091	10.00	13.80147
0.3843451	10.00	-23.68509	0	0.00	0.06640613	13.76547	10.00	13.76603
0.3843451	10.00	-23.61826	0	0.00	0.06682798	13.73057	10.00	13.73113
0.3843451	10.00	-23.55245	0	0.00	0.06581725	13.69574	10.00	13.6963
0.3843451	10.00	-23.48677	0	0.00	0.06567286	13.66057	10.00	13.66113
0.3843451	10.00	-23.42045	0	0.00	0.06632261	13.62521	10.00	13.62577
0.3843451	10.00	-23.35379	0	0.00	0.06666518	13.59045	10.00	13.59101
0.3843451	10.00	-23.28823	0	0.00	0.06555254	13.55555	10.00	13.55611
0.3843451	10.00	-23.22243	0	0.00	0.06580026	13.51939	10.00	13.51995
0.3843451	10.00	-23.15424	0	0.00	0.06819117	13.48537	10.00	13.48592
0.3843451	10.00	-23.09008	0	0.00	0.06415819	13.45033	10.00	13.45089
0.3843451	10.00	-23.02403	0	0.00	0.0660579	13.41421	10.00	13.41476
0.3843451	10.00	-22.95591	0	0.00	0.06811756	13.38011	10.00	13.38066
0.3843451	10.00	-22.8916	0	0.00	0.06430824	13.34519	10.00	13.34574
0.3843451	10.00	-22.82576	0	0.00	0.06584273	13.31026	10.00	13.31081
0.3843451	10.00	-22.7599	0	0.00	0.06585406	13.27507	10.00	13.27562
0.3843451	10.00	-22.69354	0	0.00	0.06636083	13.23993	10.00	13.24048
0.3843451	10.00	-22.62728	0	0.00	0.06626457	13.20506	10.00	13.20561
0.3843451	10.00	-22.56153	0	0.00	0.06574506	13.17001	10.00	13.17056
0.3843451	10.00	-22.49544	0	0.00	0.06608904	13.13503	10.00	13.13558
0.3843451	10.00	-22.42948	0	0.00	0.06596022	13.09985	10.00	13.1004
0.3843451	10.00	-22.36314	0	0.00	0.0663396	13.06482	10.00	13.06537
0.3843451	10.00	-22.29709	0	0.00	0.0660494	13.02824	10.00	13.02879
0.3843451	10.00	-22.22812	0	0.00	0.06897682	12.99462	10.00	12.99516
0.3843451	10.00	-22.16471	0	0.00	0.0634051	12.95953	10.00	12.96008
0.3843451	10.00	-22.09856	0	0.00	0.06615558	12.92342	10.00	12.92396
0.3843451	10.00	-22.03046	0	0.00	0.06809916	12.88935	10.00	12.88989
0.3843451	10.00	-21.96621	0	0.00	0.06424879	12.85443	10.00	12.85497
0.3843451	10.00	-21.90036	0	0.00	0.06584981	12.81811	10.00	12.81865
0.3843451	10.00	-21.83188	0	0.00	0.0684757	12.78427	10.00	12.7848
0.3843451	10.00	-21.76806	0	0.00	0.06382129	12.74893	10.00	12.74947
0.3843451	10.00	-21.70144	0	0.00	0.06662554	12.71385	10.00	12.71439
0.3843451	10.00	-21.63528	0	0.00	0.06615841	12.67901	10.00	12.67955
0.3843451	10.00	-21.56959	0	0.00	0.0656856	12.64428	10.00	12.64482
0.3843451	10.00	-21.5041	0	0.00	0.06548884	12.60779	10.00	12.60833
0.3843451	10.00	-21.4353	0	0.00	0.0688027	12.57401	10.00	12.57455
0.3843451	10.00	-21.3716	0	0.00	0.06370237	12.53877	10.00	12.5393
0.3843451	10.00	-21.30515	0	0.00	0.06645285	12.50397	10.00	12.50451
0.3843451	10.00	-21.23954	0	0.00	0.06560774	12.46878	10.00	12.46931
0.3843451	10.00	-21.17317	0	0.00	0.06636649	12.43382	10.00	12.43436
0.3843451	10.00	-21.10726	0	0.00	0.06591351	12.39882	10.00	12.39936
0.3843451	10.00	-21.04126	0	0.00	0.0659942	12.36357	10.00	12.36411
0.3843451	10.00	-20.97479	0	0.00	0.06646983	12.32846	10.00	12.32899
0.3843451	10.00	-20.90858	0	0.00	0.06621785	12.29334	10.00	12.29387
0.3843451	10.00	-20.84236	0	0.00	0.06621927	12.25864	10.00	12.25917
0.3843451	10.00	-20.77693	0	0.00	0.06542655	12.2232	10.00	12.22373
0.3843451	10.00	-20.71011	0	0.00	0.06682514	12.18845	10.00	12.18898
0.3843451	10.00	-20.64458	0	0.00	0.06552706	12.15341	10.00	12.15394
0.3843451	10.00	-20.5785	0	0.00	0.06607913	12.11828	10.00	12.11881
0.3843451	10.00	-20.51226	0	0.00	0.06624334	12.08357	10.00	12.08409
0.3843451	10.00	-20.4468	0	0.00	0.06545911	12.04825	10.00	12.04877
0.3843451	10.00	-20.3802	0	0.00	0.06659582	12.01282	10.00	12.01335
0.3843451	10.00	-20.3134	0	0.00	0.06679683	11.97844	10.00	11.97896
0.3843451	10.00	-20.24856	0	0.00	0.06484192	11.94313	10.00	11.94365
0.3843451	10.00	-20.18198	0	0.00	0.06658449	11.90818	10.00	11.9087
0.3843451	10.00	-20.11609	0	0.00	0.06589227	11.87284	10.00	11.87336
0.3843451	10.00	-20.04944	0	0.00	0.06664111	11.838	10.00	11.83852
0.3843451	10.00	-19.98375	0	0.00	0.06569834	11.80264	10.00	11.80316
0.3843451	10.00	-19.91707	0	0.00	0.06667509	11.76584	10.00	11.76636
0.3843451	10.00	-19.84769	0	0.00	0.06938025	11.73265	10.00	11.73317
0.3843451	10.00	-19.78509	0	0.00	0.06259681	11.69673	10.00	11.69724
0.3843451	10.00	-19.71736	0	0.00	0.06773536	11.66283	10.00	11.66335
0.3843451	10.00	-19.65344	0	0.00	0.06391896	11.62795	10.00	11.62847
0.3843451	10.00	-19.58768	0	0.00	0.06575921	11.59274	10.00	11.59326
0.3843451	10.00	-19.52128	0	0.00	0.0664033	11.55764	10.00	11.55816
0.3843451	10.00	-19.45509	0	0.00	0.06618389	11.52264	10.00	11.52315
0.3843451	10.00	-19.3891	0	0.00	0.06599703	11.48743	10.00	11.48795
0.3843451	10.00	-19.3227	0	0.00	0.06639197	11.45254	10.00	11.45306
0.3843451	10.00	-19.25692	0	0.00	0.06578328	11.41594	10.00	11.41646
0.3843451	10.00	-19.18791	0	0.00	0.06901504	11.38243	10.00	11.38294
0.3843451	10.00	-19.12472	0	0.00	0.06318994	11.34742	10.00	11.34793
0.3843451	10.00	-19.05869	0	0.00	0.066031	11.3116	10.00	11.31211
0.3843451	10.00	-18.99115	0	0.00	0.06753151	11.27735	10.00	11.27786
0.3843451	10.00	-18.92658	0	0.00	0.06457579	11.24206	10.00	11.24257
0.3843451	10.00	-18.86002	0	0.00	0.06655759	11.20682	10.00	11.20733
0.3843451	10.00	-18.79358	0	0.00	0.06644294	11.17188	10.00	11.17238
0.3843451	10.00	-18.72768	0	0.00	0.06589652	11.13724	10.00	11.13774
0.3843451	10.00	-18.66237	0	0.00	0.0653133	11.10157	10.00	11.10208
0.3843451	10.00	-18.59512	0	0.00	0.06724698	11.06677	10.00	11.06728
0.3843451	10.00	-18.5295	0	0.00	0.06562473	11.0319	10.00	11.0324
0.3843451	10.00	-18.46374	0	0.00	0.06576063	10.99562	10.00	10.99612
0.3843451	10.00	-18.39532	0	0.00	0.06841766	10.96192	10.00	10.96243
0.3843451	10.00	-18.33179	0	0.00	0.06352826	10.92672	10.00	10.92722
0.3843451	10.00	-18.2654	0	0.00	0.06638773	10.89174	10.00	10.89224
0.3843451	10.00	-18.19944	0	0.00	0.06596164	10.85677	10.00	10.85727
0.3843451	10.00	-18.13351	0	0.00	0.06593191	10.82158	10.00	10.82208
0.3843451	10.00	-18.06715	0	0.00	0.06636225	10.78648	10.00	10.78698
0.3843451	10.00	-18.00096	0	0.00	0.06618813	10.74984	10.00	10.75034
0.3843451	10.00	-17.93187	0	0.00	0.06908581	10.71676	10.00	10.71726
0.3843451	10.00	-17.86949	0	0.00	0.06237881	10.68137	10.00	10.68187
0.3843451	10.00	-17.80276	0	0.00	0.06672888	10.64651	10.00	10.64701
0.3843451	10.00	-17.73703	0	0.00	0.06572948	10.61089	10.00	10.61139
0.3843451	10.00	-17.66986	0	0.00	0.06717054	10.57606	10.00	10.57656
0.3843451	10.00	-17.6042	0	0.00	0.06566437	10.54124	10.00	10.54174
0.3843451	10.00	-17.53854	0	0.00	0.0656587	10.50494	10.00	10.50544
0.3843451	10.00	-17.47009	0	0.00	0.06845305	10.4708	10.00	10.47129
0.3843451	10.00	-17.4057	0	0.00	0.06438752	10.4359	10.00	10.43639
0.3843451	10.00	-17.3399	0	0.00	0.06580168	10.39984	10.00	10.40033
0.3843451	10.00	-17.27191	0	0.00	0.06799158	10.36581	10.00	10.3663
0.3843451	10.00	-17.20773	0	0.00	0.06417801	10.33063	10.00	10.33112
0.3843451	10.00	-17.1414	0	0.00	0.06632969	10.29471	10.00	10.2952
0.3843451	10.00	-17.07366	0	0.00	0.06773536	10.26057	10.00	10.26106
0.3843451	10.00	-17.00929	0	0.00	0.06437761	10.2256	10.00	10.22609
0.3843451	10.00	-16.94335	0	0.00	0.06593474	10.18938	10.00	10.18987
0.3843451	10.00	-16.87505	0	0.00	0.06829876	10.15576	10.00	10.15625
0.3843451	10.00	-16.81166	0	0.00	0.06339236	10.12023	10.00	10.12072
0.3843451	10.00	-16.74467	0	0.00	0.06699643	10.08408	10.00	10.08457
0.3843451	10.00	-16.67649	0	0.00	0.06817135	10.05037	10.00	10.05085
0.3843451	10.00	-16.61292	0	0.00	0.06357073	10.01536	10.00	10.01585
0.3843451	10.00	-16.54692	0	0.00	0.06600269	9.980353	10.00	9.980839
0.3843451	10.00	-16.48091	0	0.00	0.06601401	9.945299	10.00	9.945784
0.3843451	10.00	-16.4148	0	0.00	0.06610037	9.910254	10.00	9.910736
0.3843451	10.00	-16.34872	0	0.00	0.06608338	9.875239	10.00	9.875724
0.3843451	10.00	-16.2827	0	0.00	0.06602251	9.840231	10.00	9.840714
0.3843451	10.00	-16.21668	0	0.00	0.06601543	9.805185	10.00	9.805666
0.3843451	10.00	-16.1506	0	0.00	0.06608338	9.770017	10.00	9.770498
0.3843451	10.00	-16.08429	0	0.00	0.06631412	9.73512	10.00	9.735601
0.3843451	10.00	-16.01848	0	0.00	0.06580168	9.69983	10.00	9.700311
0.3843451	10.00	-15.95194	0	0.00	0.06654344	9.664744	10.00	9.665223
0.3843451	10.00	-15.88578	0	0.00	0.06615982	9.629882	10.00	9.63036
0.3843451	10.00	-15.82004	0	0.00	0.06573798	9.594486	10.00	9.594964
0.3843451	10.00	-15.7533	0	0.00	0.06674445	9.559525	10.00	9.560001
0.3843451	10.00	-15.68738	0	0.00	0.06592342	9.524817	10.00	9.525293
0.3843451	10.00	-15.62193	0	0.00	0.06544637	9.488644	10.00	9.489119
0.3843451	10.00	-15.55372	0	0.00	0.06820957	9.454557	10.00	9.455031
0.3843451	10.00	-15.48944	0	0.00	0.06427569	9.419555	10.00	9.420028
0.3843451	10.00	-15.42344	0	0.00	0.06600269	9.384126	10.00	9.3846
0.3843451	10.00	-15.35664	0	0.00	0.06680533	9.349516	10.00	9.349988
0.3843451	10.00	-15.29137	0	0.00	0.06526234	9.314409	10.00	9.314881
0.3843451	10.00	-15.22518	0	0.00	0.06619804	9.278231	10.00	9.278701
0.3843451	10.00	-15.15696	0	0.00	0.06821948	9.244381	10.00	9.244853
0.3843451	10.00	-15.09313	0	0.00	0.06382695	9.209002	10.00	9.209472
0.3843451	10.00	-15.02642	0	0.00	0.06671048	9.174109	10.00	9.174578
0.3843451	10.00	-14.96062	0	0.00	0.06579885	9.139091	10.00	9.139561
0.3843451	10.00	-14.89459	0	0.00	0.06602817	9.104133	10.00	9.104603
0.3843451	10.00	-14.82867	0	0.00	0.06591775	9.069105	10.00	9.069571
0.3843451	10.00	-14.76262	0	0.00	0.06605224	9.033796	10.00	9.034263
0.3843451	10.00	-14.69604	0	0.00	0.06657741	8.999105	10.00	8.999572
0.3843451	10.00	-14.63063	0	0.00	0.06541381	8.963822	10.00	8.964289
0.3843451	10.00	-14.5641	0	0.00	0.0665307	8.929137	10.00	8.929603
0.3843451	10.00	-14.49869	0	0.00	0.06540532	8.893971	10.00	8.894435
0.3843451	10.00	-14.43238	0	0.00	0.06631128	8.858821	10.00	8.859284
0.3843451	10.00	-14.3661	0	0.00	0.06627873	8.823817	10.00	8.824279
0.3843451	10.00	-14.3001	0	0.00	0.06600552	8.788328	10.00	8.788791
0.3843451	10.00	-14.23318	0	0.00	0.06691857	8.753628	10.00	8.754088
0.3843451	10.00	-14.16775	0	0.00	0.06543504	8.718165	10.00	8.718627
0.3843451	10.00	-14.10088	0	0.00	0.0668676	8.683186	10.00	8.683644
0.3843451	10.00	-14.03492	0	0.00	0.06596022	8.648156	10.00	8.648614
0.3843451	10.00	-13.96887	0	0.00	0.06605224	8.613149	10.00	8.613606
0.3843451	10.00	-13.90285	0	0.00	0.06601118	8.578294	10.00	8.578751
0.3843451	10.00	-13.83713	0	0.00	0.06572524	8.543332	10.00	8.543788
0.3843451	10.00	-13.7712	0	0.00	0.06592342	8.508357	10.00	8.508814
0.3843451	10.00	-13.70525	0	0.00	0.06595031	8.47307	10.00	8.473525
0.3843451	10.00	-13.63872	0	0.00	0.06653919	8.437862	10.00	8.438318
0.3843451	10.00	-13.57233	0	0.00	0.06638773	8.403054	10.00	8.403507
0.3843451	10.00	-13.50669	0	0.00	0.06563747	8.368012	10.00	8.368465
0.3843451	10.00	-13.44061	0	0.00	0.0660763	8.333217	10.00	8.33367
0.3843451	10.00	-13.375	0	0.00	0.06561057	8.297337	10.00	8.297789
0.3843451	10.00	-13.30735	0	0.00	0.06765608	8.262568	10.00	8.263019
0.3843451	10.00	-13.24179	0	0.00	0.06556245	8.227789	10.00	8.22824
0.3843451	10.00	-13.17621	0	0.00	0.06557943	8.192545	10.00	8.192995
0.3843451	10.00	-13.10975	0	0.00	0.06645709	8.15777	10.00	8.158218
0.3843451	10.00	-13.04418	0	0.00	0.06557377	8.122692	10.00	8.12314
0.3843451	10.00	-12.97803	0	0.00	0.06614425	8.086809	10.00	8.087256
0.3843451	10.00	-12.91037	0	0.00	0.06766175	8.052267	10.00	8.052712
0.3843451	10.00	-12.84523	0	0.00	0.06513494	8.017506	10.00	8.017951
0.3843451	10.00	-12.77969	0	0.00	0.06554688	7.981318	10.00	7.981763
0.3843451	10.00	-12.71145	0	0.00	0.06823505	7.947416	10.00	7.947861
0.3843451	10.00	-12.64752	0	0.00	0.06392746	7.912023	10.00	7.912466
0.3843451	10.00	-12.58078	0	0.00	0.06674021	7.876252	10.00	7.876696
0.3843451	10.00	-12.51334	0	0.00	0.06744941	7.842105	10.00	7.842546
0.3843451	10.00	-12.44895	0	0.00	0.06439035	7.807366	10.00	7.807807
0.3843451	10.00	-12.38344	0	0.00	0.06550582	7.771065	10.00	7.771507
0.3843451	10.00	-12.31499	0	0.00	0.0684488	7.737154	10.00	7.737595
0.3843451	10.00	-12.25105	0	0.00	0.06394303	7.70219	10.00	7.702629
0.3843451	10.00	-12.18511	0	0.00	0.06593191	7.656353	10.00	7.656791
0.3843451	10.00	-12.09868	0	0.00	0.08643088	7.596959	10.00	7.597396
0.3843451	10.00	-11.98669	0	0.00	0.1119962	7.562064	10.00	7.562499
0.3843451	10.00	-11.92089	0	0.00	0.06580026	7.526847	10.00	7.527282
0.3843451	10.00	-11.85448	0	0.00	0.06640613	7.490522	10.00	7.490956
0.3843451	10.00	-11.78599	0	0.00	0.06849552	7.456811	10.00	7.457244
0.3843451	10.00	-11.72242	0	0.00	0.06356648	7.421789	10.00	7.422223
0.3843451	10.00	-11.65638	0	0.00	0.06603808	7.386541	10.00	7.386973
0.3843451	10.00	-11.58992	0	0.00	0.06646559	7.351624	10.00	7.352056
0.3843451	10.00	-11.52408	0	0.00	0.0658399	7.316644	10.00	7.317075
0.3843451	10.00	-11.45812	0	0.00	0.06596022	7.281368	10.00	7.281797
0.3843451	10.00	-11.3916	0	0.00	0.06651796	7.246495	10.00	7.246923
0.3843451	10.00	-11.32584	0	0.00	0.0657578	7.211479	10.00	7.211907
0.3843451	10.00	-11.25981	0	0.00	0.06602675	7.176473	10.00	7.1769
0.3843451	10.00	-11.1938	0	0.00	0.06600977	7.141411	10.00	7.141838
0.3843451	10.00	-11.12769	0	0.00	0.06611311	7.105881	10.00	7.106306
0.3843451	10.00	-11.06069	0	0.00	0.06699784	7.07095	10.00	7.071373
0.3843451	10.00	-10.99483	0	0.00	0.0658668	7.035992	10.00	7.036416
0.3843451	10.00	-10.92891	0	0.00	0.06591775	7.001235	10.00	7.001658
0.3843451	10.00	-10.86337	0	0.00	0.0655398	6.965694	10.00	6.966117
0.3843451	10.00	-10.79635	0	0.00	0.06701624	6.931244	10.00	6.931667
0.3843451	10.00	-10.73139	0	0.00	0.06495941	6.895993	10.00	6.896414
0.3843451	10.00	-10.66492	0	0.00	0.06647266	6.859726	10.00	6.860147
0.3843451	10.00	-10.59654	0	0.00	0.06838369	6.825978	10.00	6.826398
0.3843451	10.00	-10.5329	0	0.00	0.06363868	6.790635	10.00	6.791054
0.3843451	10.00	-10.46625	0	0.00	0.06664395	6.755758	10.00	6.756178
0.3843451	10.00	-10.40049	0	0.00	0.06576346	6.720838	10.00	6.721255
0.3843451	10.00	-10.33464	0	0.00	0.0658484	6.68539	10.00	6.685807
0.3843451	10.00	-10.2678	0	0.00	0.06684212	6.650782	10.00	6.651199
0.3843451	10.00	-10.20254	0	0.00	0.06525668	6.61555	10.00	6.615966
0.3843451	10.00	-10.13611	0	0.00	0.06643586	6.580197	10.00	6.580613
0.3843451	10.00	-10.06944	0	0.00	0.06666235	6.545524	10.00	6.545938
0.3843451	10.00	-10.00406	0	0.00	0.06538125	6.510453	10.00	6.510866
0.3843451	10.00	-9.937932	0	0.00	0.06613151	6.474746	10.00	6.475159
0.3843451	10.00	-9.870602	0	0.00	0.0673305	6.440384	10.00	6.440796
0.3843451	10.00	-9.805808	0	0.00	0.06479379	6.4053	10.00	6.405711
0.3843451	10.00	-9.739652	0	0.00	0.06615558	6.369754	10.00	6.370165
0.3843451	10.00	-9.672626	0	0.00	0.06702615	6.335205	10.00	6.335615
0.3843451	10.00	-9.60748	0	0.00	0.06514627	6.300152	10.00	6.300562
0.3843451	10.00	-9.541382	0	0.00	0.06609754	6.264791	10.00	6.2652
0.3843451	10.00	-9.474703	0	0.00	0.06667934	6.229859	10.00	6.230268
0.3843451	10.00	-9.408836	0	0.00	0.0658668	6.194976	10.00	6.195384
0.3843451	10.00	-9.343059	0	0.00	0.06577761	6.15945	10.00	6.159856
0.3843451	10.00	-9.276069	0	0.00	0.06698935	6.124837	10.00	6.125242
0.3843451	10.00	-9.210801	0	0.00	0.065268	6.089636	10.00	6.090041
0.3843451	10.00	-9.144424	0	0.00	0.0663764	6.053455	10.00	6.053859
0.3843451	10.00	-9.0762	0	0.00	0.06822373	6.019798	10.00	6.020201
0.3843451	10.00	-9.012734	0	0.00	0.06346598	5.984403	10.00	5.984807
0.3843451	10.00	-8.945994	0	0.00	0.06674021	5.949682	10.00	5.950084
0.3843451	10.00	-8.880523	0	0.00	0.06547185	5.914457	10.00	5.914859
0.3843451	10.00	-8.814102	0	0.00	0.06642029	5.879547	10.00	5.879948
0.3843451	10.00	-8.748274	0	0.00	0.06582858	5.844596	10.00	5.844996
0.3843451	10.00	-8.682367	0	0.00	0.06590643	5.809295	10.00	5.809695
0.3843451	10.00	-8.615805	0	0.00	0.06656326	5.774582	10.00	5.774981
0.3843451	10.00	-8.550348	0	0.00	0.06545628	5.739317	10.00	5.739715
0.3843451	10.00	-8.48385	0	0.00	0.06649815	5.704312	10.00	5.70471
0.3843451	10.00	-8.417845	0	0.00	0.06600552	5.669034	10.00	5.66943
0.3843451	10.00	-8.35132	0	0.00	0.06652362	5.634443	10.00	5.634839
0.3843451	10.00	-8.286097	0	0.00	0.06522413	5.599146	10.00	5.599541
0.3843451	10.00	-8.219539	0	0.00	0.06655759	5.563946	10.00	5.56434
0.3843451	10.00	-8.153164	0	0.00	0.06637499	5.52897	10.00	5.529364
0.3843451	10.00	-8.087213	0	0.00	0.06595173	5.493764	10.00	5.494156
0.3843451	10.00	-8.020826	0	0.00	0.06638631	5.457785	10.00	5.458178
0.3843451	10.00	-7.952983	0	0.00	0.06784294	5.423436	10.00	5.423828
0.3843451	10.00	-7.888213	0	0.00	0.06476972	5.388903	10.00	5.389293
0.3843451	10.00	-7.823095	0	0.00	0.06511796	5.352896	10.00	5.353287
0.3843451	10.00	-7.755201	0	0.00	0.0678939	5.318963	10.00	5.319352
0.3843451	10.00	-7.691215	0	0.00	0.06398691	5.283474	10.00	5.28373
0.3843451	10.00	-7.624085	0	0.00	0.06712949	5.247609	10.00	5.247846
0.3843451	10.00	-7.556283	0	0.00	0.06780189	5.213778	10.00	5.214025
0.3843451	10.00	-7.492211	0	0.00	0.06407184	5.178928	10.00	5.179133
0.3843451	10.00	-7.426135	0	0.00	0.0660763	5.144099	10.00	5.144167
0.3843451	10.00	-7.360002	0	0.00	0.06613293	5.109532	10.00	5.109477
0.3843451	10.00	-7.294227	0	0.00	0.06577478	5.074638	10.00	5.07446
0.3843451	10.00	-7.227832	0	0.00	0.06639481	5.040064	10.00	5.039866
0.3843451	10.00	-7.162065	0	0.00	0.06576771	5.005291	10.00	5.005204
0.3843451	10.00	-7.095918	0	0.00	0.06614708	4.970976	10.00	4.970973
0.3843451	10.00	-7.030508	0	0.00	0.06540956	4.936155	10.00	4.936288
0.3843451	10.00	-6.964087	0	0.00	0.0664217	4.901603	10.00	4.901846
0.3843451	10.00	-6.898102	0	0.00	0.06598429	4.866313	10.00	4.866668
0.3843451	10.00	-6.830708	0	0.00	0.0673942	4.832125	10.00	4.832693
0.3843451	10.00	-6.76544	0	0.00	0.065268	4.797634	10.00	4.798429
0.3843451	10.00	-6.699451	0	0.00	0.06598853	4.762902	10.00	4.763967
0.3843451	10.00	-6.633024	0	0.00	0.06642736	4.728427	10.00	4.729602
0.3843451	10.00	-6.567108	0	0.00	0.06591634	4.693987	10.00	4.695115
0.3843451	10.00	-6.501278	0	0.00	0.06582999	4.659006	10.00	4.659931
0.3843451	10.00	-6.434435	0	0.00	0.06684212	4.624517	10.00	4.6251
0.3843451	10.00	-6.368586	0	0.00	0.06584981	4.589902	10.00	4.590101
0.3843451	10.00	-6.302675	0	0.00	0.06591067	4.554346	10.00	4.554177
0.3843451	10.00	-6.235066	0	0.00	0.06760937	4.520653	10.00	4.520209
0.3843451	10.00	-6.171151	0	0.00	0.06391472	4.485538	10.00	4.484838
0.3843451	10.00	-6.104466	0	0.00	0.066685	4.449732	10.00	4.448774
0.3843451	10.00	-6.036473	0	0.00	0.06799299	4.41596	10.00	4.414759
0.3843451	10.00	-5.972342	0	0.00	0.0641313	4.381238	10.00	4.379903
0.3843451	10.00	-5.906617	0	0.00	0.06572524	4.344736	10.00	4.343262
0.3843451	10.00	-5.837526	0	0.00	0.06909006	4.311307	10.00	4.309835
0.3843451	10.00	-5.774495	0	0.00	0.0630314	4.276208	10.00	4.27474
0.3843451	10.00	-5.708314	0	0.00	0.06618106	4.241004	10.00	4.239538
0.3843451	10.00	-5.641935	0	0.00	0.06637923	4.205582	10.00	4.20412
0.3843451	10.00	-5.575146	0	0.00	0.06678834	4.170868	10.00	4.169408
0.3843451	10.00	-5.509692	0	0.00	0.06545486	4.135169	10.00	4.133712
0.3843451	10.00	-5.442379	0	0.00	0.0673121	4.100711	10.00	4.099257
0.3843451	10.00	-5.377407	0	0.00	0.06497215	4.064759	10.00	4.063308
0.3843451	10.00	-5.309618	0	0.00	0.06778914	4.030567	10.00	4.029119
0.3843451	10.00	-5.245147	0	0.00	0.06447104	3.995617	10.00	3.994171
0.3843451	10.00	-5.179248	0	0.00	0.06589935	3.96035	10.00	3.958906
0.3843451	10.00	-5.11275	0	0.00	0.06649815	3.925663	10.00	3.924338
0.3843451	10.00	-5.047354	0	0.00	0.06539541	3.890363	10.00	3.889199
0.3843451	10.00	-4.98089	0	0.00	0.06646417	3.855113	10.00	3.854138
0.3843451	10.00	-4.914505	0	0.00	0.0663849	3.819996	10.00	3.819368
0.3843451	10.00	-4.848542	0	0.00	0.06596305	3.785039	10.00	3.784755
0.3843451	10.00	-4.782881	0	0.00	0.06566153	3.749266	10.00	3.749333
0.3843451	10.00	-4.715684	0	0.00	0.06719602	3.714517	10.00	3.715027
0.3843451	10.00	-4.650555	0	0.00	0.06512928	3.679134	10.00	3.680096
0.3843451	10.00	-4.584239	0	0.00	0.06631695	3.642891	10.00	3.644314
0.3843451	10.00	-4.516177	0	0.00	0.06806094	3.608772	10.00	3.610765
0.3843451	10.00	-4.452165	0	0.00	0.06401239	3.5735	10.00	3.576056
0.3843451	10.00	-4.386062	0	0.00	0.0661032	3.536877	10.00	3.540141
0.3843451	10.00	-4.317436	0	0.00	0.06862576	3.503162	10.00	3.507074
0.3843451	10.00	-4.254256	0	0.00	0.06318003	3.467766	10.00	3.472382
0.3843451	10.00	-4.187867	0	0.00	0.06638914	3.432542	10.00	3.438021
0.3843451	10.00	-4.121895	0	0.00	0.06597155	3.397179	10.00	3.403499
0.3843451	10.00	-4.055655	0	0.00	0.0662405	3.362178	10.00	3.369434
0.3843451	10.00	-3.99021	0	0.00	0.06544495	3.326517	10.00	3.334724
0.3843451	10.00	-3.923529	0	0.00	0.06668075	3.291195	10.00	3.300395
0.3843451	10.00	-3.857507	0	0.00	0.06602251	3.255501	10.00	3.265844
0.3843451	10.00	-3.791095	0	0.00	0.06641179	3.220264	10.00	3.231747
0.3843451	10.00	-3.725395	0	0.00	0.06569976	3.184515	10.00	3.197255
0.3843451	10.00	-3.658887	0	0.00	0.06650805	3.148036	10.00	3.162061
0.3843451	10.00	-3.590891	0	0.00	0.06799582	3.113523	10.00	3.128907
0.3843451	10.00	-3.531031	0	0.00	0.05985969	3.078248	10.00	3.095018
0.3843451	10.00	-3.489548	0	0.00	0.0414835	3.040869	10.00	3.059171
0.3843451	10.00	-3.467112	0	0.00	0.02243582	3.007085	10.00	3.026791
0.3851236	10.00	-3.455955	0.0007784279	0.00	0.01115746	2.972073	10.00	2.993212
0.3897386	10.00	-3.455955	0.004615025	0.00	0	2.935703	10.00	2.958329
0.3965097	10.00	-3.455955	0.006771074	0.00	0	2.901189	10.00	2.925223
0.4054369	10.00	-3.455955	0.008927242	0.00	0	2.865913	10.00	2.891385
0.4158398	10.00	-3.455955	0.01040286	0.00	0	2.82937	10.00	2.856327
0.4272789	10.00	-3.455955	0.01143914	0.00	0	2.795303	10.00	2.823643
0.437943	10.00	-3.455955	0.01066414	0.00	0	2.759973	10.00	2.789745
0.4490029	10.00	-3.455955	0.01105981	0.00	0	2.723545	10.00	2.754791
0.452485	10.00	-3.455955	0.003482148	0.00	0	2.689449	10.00	2.722071
0.452485	10.00	-3.455955	0	0.00	0	2.654106	10.00	2.688153
0.452485	10.00	-3.41927	0	0.00	0.03668433	2.618506	10.00	2.653986
0.452485	10.00	-3.367478	0	0.00	0.05179201	2.583423	10.00	2.620312
0.452485	10.00	-3.304993	0	0.00	0.06248526	2.547631	10.00	2.586015
0.452485	10.00	-3.238521	0	0.00	0.06647248	2.512778	10.00	2.552749
0.452485	10.00	-3.173461	0	0.00	0.06505992	2.477487	10.00	2.519181
0.452485	10.00	-3.107594	0	0.00	0.0658668	2.44207	10.00	2.485599
0.452485	10.00	-3.041699	0	0.00	0.0658951	2.406458	10.00	2.45195
0.452485	10.00	-2.975402	0	0.00	0.06629713	2.371032	10.00	2.418413
0.452485	10.00	-2.909173	0	0.00	0.06622918	2.33535	10.00	2.384814
0.452485	10.00	-2.842705	0	0.00	0.066467	2.300205	10.00	2.351712
0.452485	10.00	-2.777003	0	0.00	0.06570259	2.265108	10.00	2.31832
0.452485	10.00	-2.710951	0	0.00	0.06605224	2.228296	10.00	2.2833
0.452485	10.00	-2.641535	0	0.00	0.06941564	2.195022	10.00	2.251661
0.452485	10.00	-2.578574	0	0.00	0.06296062	2.160249	10.00	2.218555
0.452485	10.00	-2.512553	0	0.00	0.06602109	2.124903	10.00	2.184692
0.452485	10.00	-2.445139	0	0.00	0.06741402	2.091288	10.00	2.152165
0.452485	10.00	-2.380694	0	0.00	0.06444556	2.056891	10.00	2.118545
0.452485	10.00	-2.314415	0	0.00	0.06627873	2.021896	10.00	2.084015
0.452485	10.00	-2.246351	0	0.00	0.06806377	1.988986	10.00	2.051299
0.452485	10.00	-2.182083	0	0.00	0.06426861	1.95537	10.00	2.017826
0.452485	10.00	-2.116163	0	0.00	0.06591917	1.921823	10.00	1.984365
0.452485	10.00	-2.050097	0	0.00	0.06606639	1.888166	10.00	1.950938
0.452485	10.00	-1.983831	0	0.00	0.06626599	1.854525	10.00	1.917341
0.452485	10.00	-1.917557	0	0.00	0.06627448	1.820768	10.00	1.883422
0.452485	10.00	-1.850973	0	0.00	0.06658307	1.787548	10.00	1.849838
0.452485	10.00	-1.785369	0	0.00	0.06560491	1.754269	10.00	1.815987
0.452485	10.00	-1.719551	0	0.00	0.06581725	1.720767	10.00	1.781699
0.452485	10.00	-1.653198	0	0.00	0.06635375	1.687613	10.00	1.747567
0.4516734	10.00	-1.587461	-0.0008115629	0.00	0.06573656	1.653893	10.00	1.712662
0.4501997	10.00	-1.520561	-0.001473715	0.00	0.06690016	1.621009	10.00	1.678488
0.4424521	10.00	-1.455376	-0.007747661	0.00	0.06518449	1.58733	10.00	1.64337
0.4293624	10.00	-1.388701	-0.01308969	0.00	0.06667509	1.553835	10.00	1.608432
0.4125478	10.00	-1.322611	-0.01681459	0.00	0.06609046	1.520064	10.00	1.573275
0.3924559	10.00	-1.256264	-0.02009191	0.00	0.06634668	1.486692	10.00	1.538675
0.372067	10.00	-1.191023	-0.02038884	0.00	0.06524111	1.451984	10.00	1.502909
0.3509792	10.00	-1.123545	-0.02108781	0.00	0.06747772	1.418252	10.00	1.46845
0.3305997	10.00	-1.058334	-0.02037955	0.00	0.06521139	1.383965	10.00	1.433744
0.3087647	10.00	-0.9925422	-0.02183503	0.00	0.06579177	1.34897	10.00	1.398591
0.2859909	10.00	-0.9258671	-0.0227738	0.00	0.06667509	1.314539	10.00	1.364183
0.2629876	10.00	-0.8603768	-0.02300323	0.00	0.06549025	1.279507	10.00	1.329549
0.2378537	10.00	-0.7942864	-0.02513389	0.00	0.06609046	1.242983	10.00	1.293799
0.2111249	10.00	-0.725747	-0.02672888	0.00	0.0685394	1.208981	10.00	1.26061
0.1856785	10.00	-0.6620772	-0.02544635	0.00	0.06366982	1.173651	10.00	1.2263
0.1593586	10.00	-0.5962217	-0.02631987	0.00	0.06585547	1.137993	10.00	1.191805
0.1328091	10.00	-0.5297915	-0.02654957	0.00	0.0664302	1.102563	10.00	1.157606
0.1064349	10.00	-0.4638001	-0.02637418	0.00	0.06599136	1.067178	10.00	1.123566
0.08005843	10.00	-0.3978031	-0.02637645	0.00	0.06599703	1.032128	10.00	1.089971
0.05390206	10.00	-0.3323567	-0.02615637	0.00	0.06544637	0.9961438	10.00	1.055557
0.02699098	10.00	-0.265022	-0.02691108	0.00	0.06733475	0.960876	10.00	1.021848
0.0005308017	10.00	-0.1988155	-0.02646018	0.00	0.06620653	0.9257528	10.00	0.9883241
-0.02589317	10.00	-0.1326995	-0.02642397	0.00	0.06611594	0.890997	10.00	0.9551719
-0.05212308	10.00	-0.06706912	-0.02622992	0.00	0.06563039	0.8556842	10.00	0.9213291
-0.07890122	10.00	-6.70338E-05	-0.02677813	0.00	0.06700209	0.8215116	10.00	0.8884212
-0.1036798	10.00	0.06508914	-0.02477859	0.00	0.06515618	0.7872618	10.00	0.8552825
-0.1273631	10.00	0.1307068	-0.02368335	0.00	0.06561765	0.751835	10.00	0.8208409
-0.1519794	10.00	0.1989093	-0.0246163	0.00	0.0682025	0.7185691	10.00	0.7883236
-0.1752111	10.00	0.2632756	-0.02323169	0.00	0.06436628	0.684677	10.00	0.7550229
-0.1989936	10.00	0.3291678	-0.02378247	0.00	0.06589227	0.6509853	10.00	0.7216265
-0.2244074	10.00	0.3959944	-0.02541383	0.00	0.06682656	0.6173465	10.00	0.6878538
-0.2510033	10.00	0.4641927	-0.02659583	0.00	0.06819825	0.5863016	10.00	0.6563509
-0.2763834	10.00	0.5276968	-0.02538016	0.00	0.0635042	0.5531747	10.00	0.62248
-0.3035661	10.00	0.5957111	-0.02718264	0.00	0.06801423	0.5223639	10.00	0.5906631
-0.3289723	10.00	0.6592804	-0.02540618	0.00	0.06356931	0.4901178	10.00	0.5570571
-0.3556322	10.00	0.7259866	-0.02665989	0.00	0.06670623	0.4581507	10.00	0.5233778
-0.3821461	10.00	0.7923276	-0.02651392	0.00	0.06634101	0.4265955	10.00	0.4897292
-0.4084111	10.00	0.8580458	-0.02626499	0.00	0.06571816	0.3948283	10.00	0.4554441
-0.4349482	10.00	0.9244449	-0.02653712	0.00	0.06639905	0.362328	10.00	0.4199569
-0.4621919	10.00	0.9926119	-0.02724374	0.00	0.06816711	0.3314859	10.00	0.3866008
-0.4876309	10.00	1.056263	-0.025439	0.00	0.06365142	0.2979742	10.00	0.3521567
-0.5141205	10.00	1.122543	-0.02648959	0.00	0.06628014	0.2630618	10.00	0.3166045
-0.5415713	10.00	1.191229	-0.02745081	0.00	0.06868521	0.2308547	10.00	0.28361
-0.5669203	10.00	1.254655	-0.02534904	0.00	0.06342634	0.1966975	10.00	0.2486606
-0.5669203	10.00	1.304141	0	0.00	0.04948625	0.1632976	10.00	0.2145658
-0.5669203	10.00	1.320735	0	0.00	0.01659382	0.1291707	10.00	0.1798086
-0.5669203	10.00	1.320735	0	0.00	0	0.09407759	10.00	0.1441488
-0.5669203	10.00	1.320735	0	0.00	0	0.06070537	10.00	0.1103177
-0.5669203	10.00	1.320735	0	0.00	0	0.0264342	10.00	0.07565185
-0.5669203	10.00	1.320735	0	0.00	0	-0.008177574	10.00	0.04072014
-0.5669203	10.00	1.320735	0	0.00	0	-0.042962	10.00	0.005693128
-0.5669203	10.00	1.320735	0	0.00	0	-0.07790114	10.00	-0.02941015
-0.5669203	10.00	1.320735	0	0.00	0	-0.1134719	10.00	-0.06509987
-0.5669203	10.00	1.320735	0	0.00	0	-0.1478364	10.00	-0.09957872
-0.5669203	10.00	1.320735	0	0.00	0	-0.1827927	10.00	-0.1346515
-0.5669203	10.00	1.320735	0	0.00	0	-0.2184954	10.00	-0.1704736
-0.5669203	10.00	1.320735	0	0.00	0	-0.2526342	10.00	-0.2047261
-0.5695895	10.00	1.320735	-0.002669146	0.00	0	-0.2877358	10.00	-0.239945
-0.6204821	10.00	1.358146	-0.05089257	0.00	0.03741109	-0.3226266	10.00	-0.2749519
-0.6787255	10.00	1.402351	-0.05824345	0.00	0.04420504	-0.3576812	10.00	-0.3101233
-0.743013	10.00	1.452534	-0.06428744	0.00	0.05018299	-0.3925926	10.00	-0.3451512
-0.8089534	10.00	1.503789	-0.0659404	0.00	0.05125505	-0.4277964	10.00	-0.3804723
-0.8754458	10.00	1.555473	-0.06649248	0.00	0.05168418	-0.4627757	10.00	-0.4155685
-0.9415151	10.00	1.606829	-0.06606922	0.00	0.05135519	-0.497578	10.00	-0.4504865
-1.007249	10.00	1.657923	-0.06573373	0.00	0.05109441	-0.5327267	10.00	-0.4855651
-1.073556	10.00	1.709463	-0.06630704	0.00	0.05154004	-0.5679411	10.00	-0.5204709
-1.139781	10.00	1.760939	-0.06622493	0.00	0.05147622	-0.6031135	10.00	-0.5551185
-1.205813	10.00	1.812266	-0.06603242	0.00	0.05132658	-0.6383004	10.00	-0.5895551
-1.271727	10.00	1.8635	-0.06591351	0.00	0.05123415	-0.6737878	10.00	-0.6240759
-1.338107	10.00	1.915097	-0.06638065	0.00	0.05159726	-0.7089446	10.00	-0.6581084
-1.403872	10.00	1.966216	-0.06576487	0.00	0.05111862	-0.7442741	10.00	-0.6922587
-1.470134	10.00	2.017721	-0.06626174	0.00	0.05150483	-0.7797098	10.00	-0.7264337
-1.536738	10.00	2.069492	-0.06660431	0.00	0.0517711	-0.8152577	10.00	-0.7606887
-1.603757	10.00	2.121585	-0.06701908	0.00	0.0520935	-0.8494154	10.00	-0.7935962
-1.668374	10.00	2.171812	-0.06461684	0.00	0.05022626	-0.8841121	10.00	-0.8270146
-1.734225	10.00	2.222997	-0.06585123	0.00	0.05118574	-0.9195608	10.00	-0.8611494
-1.80173	10.00	2.275468	-0.06750461	0.00	0.05247091	-0.9537385	10.00	-0.8940521
-1.867039	10.00	2.326233	-0.06530906	0.00	0.05076431	-0.9880857	10.00	-0.9271098
-1.932892	10.00	2.377419	-0.06585264	0.00	0.05118684	-1.022527	10.00	-0.9604462
-1.999243	10.00	2.428993	-0.06635092	0.00	0.05157415	-1.056328	10.00	-0.99335
-2.064678	10.00	2.479856	-0.06543504	0.00	0.05086224	-1.090391	10.00	-1.026696
-2.130937	10.00	2.531358	-0.06625891	0.00	0.05150263	-1.124355	10.00	-1.060138
-2.19733	10.00	2.582966	-0.06639339	0.00	0.05160716	-1.15786	10.00	-1.093275
-2.26315	10.00	2.634127	-0.06582008	0.00	0.05116153	-1.191451	10.00	-1.126333
-2.329146	10.00	2.685425	-0.06599561	0.00	0.05129797	-1.226315	10.00	-1.160862
-2.397967	10.00	2.738919	-0.0688211	0.00	0.0534942	-1.258579	10.00	-1.193029
-2.461969	10.00	2.788668	-0.06400248	0.00	0.04974872	-1.291457	10.00	-1.226014
-2.527496	10.00	2.839602	-0.06552706	0.00	0.05093376	-1.324586	10.00	-1.259477
-2.593816	10.00	2.891152	-0.06631978	0.00	0.05154994	-1.357514	10.00	-1.29287
-2.659667	10.00	2.942338	-0.06585123	0.00	0.05118574	-1.390639	10.00	-1.3265
-2.725719	10.00	2.99368	-0.06605224	0.00	0.05134198	-1.424023	10.00	-1.3604
-2.792059	10.00	3.045245	-0.0663396	0.00	0.05156535	-1.457724	10.00	-1.394603
-2.858774	10.00	3.097102	-0.06671473	0.00	0.05185693	-1.491177	10.00	-1.428524
-2.924733	10.00	3.148371	-0.06595881	0.00	0.05126936	-1.525446	10.00	-1.463243
-2.992038	10.00	3.200687	-0.06730502	0.00	0.05231576	-1.558295	10.00	-1.496494
-3.056298	10.00	3.250636	-0.06426012	0.00	0.04994898	-1.592116	10.00	-1.530701
-3.122209	10.00	3.301868	-0.06591067	0.00	0.05123195	-1.626331	10.00	-1.565277
-3.18863	10.00	3.353497	-0.0664217	0.00	0.05162917	-1.660618	10.00	-1.599897
-3.254934	10.00	3.405035	-0.06630421	0.00	0.05153784	-1.695729	10.00	-1.635128
-3.322484	10.00	3.457541	-0.06754991	0.00	0.05250612	-1.729514	10.00	-1.668845
-3.387059	10.00	3.507734	-0.06457438	0.00	0.05019325	-1.763835	10.00	-1.702968
-3.452269	10.00	3.558421	-0.06520997	0.00	0.05068729	-1.799717	10.00	-1.73851
-3.520297	10.00	3.6113	-0.06802838	0.00	0.05287803	-1.833903	10.00	-1.77212
-3.584601	10.00	3.661283	-0.064304	0.00	0.04998309	-1.869509	10.00	-1.806934
-3.651074	10.00	3.712951	-0.06647266	0.00	0.05166878	-1.905821	10.00	-1.842239
-3.718786	10.00	3.765584	-0.06771271	0.00	0.05263266	-1.940299	10.00	-1.87565
-3.783072	10.00	3.815553	-0.0642856	0.00	0.04996879	-1.975825	10.00	-1.909926
-3.849317	10.00	3.867044	-0.06624475	0.00	0.05149162	-2.011189	10.00	-1.944015
-3.915452	10.00	3.918451	-0.06613576	0.00	0.0514069	-2.046613	10.00	-1.977995
-3.981706	10.00	3.969949	-0.06625324	0.00	0.05149822	-2.08176	10.00	-2.011541
-4.047434	10.00	4.021039	-0.06572807	0.00	0.05109001	-2.117482	10.00	-2.045521
-4.114327	10.00	4.073035	-0.06689309	0.00	0.05199557	-2.152489	10.00	-2.078706
-4.179877	10.00	4.123986	-0.06554971	0.00	0.05095137	-2.187912	10.00	-2.112359
-4.246491	10.00	4.175766	-0.06661422	0.00	0.05177881	-2.2225	10.00	-2.145419
-4.311837	10.00	4.226558	-0.06534586	0.00	0.05079292	-2.257571	10.00	-2.179155
-4.378382	10.00	4.278283	-0.06654485	0.00	0.05172489	-2.292922	10.00	-2.213399
-4.44566	10.00	4.330578	-0.06727812	0.00	0.05229486	-2.326806	10.00	-2.246455
-4.510357	10.00	4.380867	-0.06469753	0.00	0.05028898	-2.361339	10.00	-2.280366
-4.576449	10.00	4.43224	-0.06609187	0.00	0.05137279	-2.396694	10.00	-2.315324
-4.644312	10.00	4.484989	-0.06786276	0.00	0.05274929	-2.430024	10.00	-2.34851
-4.708462	10.00	4.534852	-0.0641497	0.00	0.04986315	-2.464387	10.00	-2.382901
-4.774626	10.00	4.586281	-0.06616407	0.00	0.05142891	-2.500058	10.00	-2.418757
-4.843274	10.00	4.639641	-0.06864841	0.00	0.05335997	-2.533191	10.00	-2.452194
-4.906975	10.00	4.689156	-0.06370096	0.00	0.04951435	-2.567712	10.00	-2.48711
-4.973214	10.00	4.740643	-0.06623909	0.00	0.05148722	-2.60246	10.00	-2.522293
-5.039697	10.00	4.792319	-0.06648257	0.00	0.05167648	-2.636651	10.00	-2.556878
-5.104861	10.00	4.842971	-0.06516467	0.00	0.05065208	-2.671584	10.00	-2.592111
-5.17114	10.00	4.894489	-0.06627873	0.00	0.05151803	-2.706802	10.00	-2.627568
-5.237775	10.00	4.946284	-0.06663545	0.00	0.05179531	-2.741568	10.00	-2.662568
-5.303553	10.00	4.997413	-0.06577761	0.00	0.05112852	-2.77648	10.00	-2.697716
-5.369608	10.00	5.048757	-0.06605507	0.00	0.05134418	-2.81125	10.00	-2.732722
-5.435394	10.00	5.099892	-0.06578611	0.00	0.05113512	-2.846552	10.00	-2.768262
-5.502187	10.00	5.15181	-0.06679258	0.00	0.05191745	-2.881166	10.00	-2.803111
-5.567678	10.00	5.202716	-0.06549167	0.00	0.05090626	-2.916049	10.00	-2.838229
-5.633678	10.00	5.256574	-0.06599986	0.00	0.05385755	-2.951588	10.00	-2.874008
-5.70092	10.00	5.3147	-0.06724132	0.00	0.05812606	-2.985962	10.00	-2.908615
-5.765957	10.00	5.375329	-0.06503727	0.00	0.06062903	-3.020929	10.00	-2.943818
-5.831475	10.00	5.440206	-0.0655178	0.00	0.0648772	-3.055851	10.00	-2.978977
-5.891152	10.00	5.506281	-0.05967693	0.00	0.06607489	-3.090956	10.00	-3.014319
-5.943423	10.00	5.572701	-0.05227121	0.00	0.06642029	-3.125705	10.00	-3.049302
-5.98816	10.00	5.638446	-0.0447372	0.00	0.06574506	-3.160683	10.00	-3.084517
-6.019095	10.00	5.704626	-0.0309351	0.00	0.06617964	-3.195826	10.00	-3.119897
-6.036656	10.00	5.771118	-0.01756071	0.00	0.06649248	-3.230497	10.00	-3.154803
-6.036656	10.00	5.836718	0	0.00	0.06559925	-3.265304	10.00	-3.189845
-6.036656	10.00	5.902573	0	0.00	0.06585547	-3.300821	10.00	-3.225603
-6.036656	10.00	5.969773	0	0.00	0.06720027	-3.335406	10.00	-3.260421
-6.036656	10.00	6.035208	0	0.00	0.06543504	-3.370177	10.00	-3.295427
-6.036656	10.00	6.100997	0	0.00	0.06578894	-3.405275	10.00	-3.330763
-6.036656	10.00	6.167405	0	0.00	0.06640755	-3.440934	10.00	-3.366663
-6.036656	10.00	6.234872	0	0.00	0.06746781	-3.4761	10.00	-3.402067
-6.036656	10.00	6.301409	0	0.00	0.06653636	-3.510546	10.00	-3.436746
-6.036656	10.00	6.366582	0	0.00	0.06517316	-3.544883	10.00	-3.471315
-6.036656	10.00	6.431549	0	0.00	0.06496648	-3.579798	10.00	-3.506466
-6.036656	10.00	6.497609	0	0.00	0.06606073	-3.615811	10.00	-3.542722
-6.036656	10.00	6.565747	0	0.00	0.06813738	-3.649698	10.00	-3.576839
-6.036656	10.00	6.629864	0	0.00	0.06411714	-3.684582	10.00	-3.611958
-6.036656	10.00	6.695864	0	0.00	0.06599986	-3.719527	10.00	-3.647139
-6.036656	10.00	6.761981	0	0.00	0.06611735	-3.754428	10.00	-3.682276
-6.036656	10.00	6.828016	0	0.00	0.06603525	-3.789392	10.00	-3.717476
-6.036656	10.00	6.894169	0	0.00	0.06615274	-3.824523	10.00	-3.752846
-6.036656	10.00	6.960639	0	0.00	0.06646983	-3.859266	10.00	-3.787823
-6.036656	10.00	7.026374	0	0.00	0.06573515	-3.894319	10.00	-3.823112
-6.036656	10.00	7.092694	0	0.00	0.06631978	-3.928931	10.00	-3.857958
-6.036656	10.00	7.158181	0	0.00	0.06548742	-3.964088	10.00	-3.893353
-6.036656	10.00	7.2247	0	0.00	0.06651937	-3.999791	10.00	-3.929297
-6.036656	10.00	7.292252	0	0.00	0.06755133	-4.034073	10.00	-3.963811
-6.036656	10.00	7.357115	0	0.00	0.06486315	-4.068993	10.00	-3.998968
-6.036656	10.00	7.423186	0	0.00	0.06607064	-4.104115	10.00	-4.034327
-6.036656	10.00	7.489637	0	0.00	0.06645143	-4.138962	10.00	-4.06941
-6.036656	10.00	7.555569	0	0.00	0.06593191	-4.173607	10.00	-4.104289
-6.036656	10.00	7.621119	0	0.00	0.06554971	-4.20854	10.00	-4.139458
-6.036656	10.00	7.687213	0	0.00	0.0660947	-4.243237	10.00	-4.174391
-6.036656	10.00	7.752864	0	0.00	0.06565021	-4.278481	10.00	-4.209872
-6.036656	10.00	7.819544	0	0.00	0.06668075	-4.313864	10.00	-4.245494
-6.036656	10.00	7.886491	0	0.00	0.06694688	-4.348697	10.00	-4.280563
-6.036656	10.00	7.952398	0	0.00	0.06590643	-4.383132	10.00	-4.315231
-6.036656	10.00	8.01755	0	0.00	0.06515193	-4.419086	10.00	-4.351427
-6.036656	10.00	8.085574	0	0.00	0.06802414	-4.453293	10.00	-4.385866
-6.036656	10.00	8.150297	0	0.00	0.06472301	-4.488194	10.00	-4.421003
-6.036656	10.00	8.216331	0	0.00	0.06603383	-4.52414	10.00	-4.457192
-6.036656	10.00	8.284342	0	0.00	0.0680114	-4.557905	10.00	-4.491185
-6.036656	10.00	8.348227	0	0.00	0.06388499	-4.592723	10.00	-4.526238
-6.036656	10.00	8.414104	0	0.00	0.06587671	-4.628228	10.00	-4.561984
-6.036656	10.00	8.481281	0	0.00	0.06717762	-4.66332	10.00	-4.597312
-6.036656	10.00	8.547676	0	0.00	0.06639481	-4.698	10.00	-4.632227
-6.036656	10.00	8.613293	0	0.00	0.06561624	-4.732854	10.00	-4.667317
-6.036656	10.00	8.679237	0	0.00	0.06594465	-4.767738	10.00	-4.702436
-6.036656	10.00	8.745238	0	0.00	0.06600127	-4.802321	10.00	-4.737253
-6.036656	10.00	8.810671	0	0.00	0.06543221	-4.838069	10.00	-4.773243
-6.036656	10.00	8.878308	0	0.00	0.06763768	-4.87274	10.00	-4.808149
-6.036656	10.00	8.943908	0	0.00	0.06559925	-4.907743	10.00	-4.843388
-6.036656	10.00	9.010134	0	0.00	0.06622635	-4.942746	10.00	-4.878628
-6.036656	10.00	9.076362	0	0.00	0.06622776	-4.977384	10.00	-4.9135
-6.036656	10.00	9.141897	0	0.00	0.06553555	-5.012685	10.00	-4.949039
-6.036656	10.00	9.208687	0	0.00	0.06678975	-5.047477	10.00	-4.984066
-6.036656	10.00	9.274514	0	0.00	0.06582716	-5.082518	10.00	-5.019345
-6.036656	10.00	9.340814	0	0.00	0.06629996	-5.11713	10.00	-5.054191
-6.036656	10.00	9.406301	0	0.00	0.06548742	-5.151723	10.00	-5.089017
-6.036656	10.00	9.471753	0	0.00	0.06545203	-5.186149	10.00	-5.123676
-6.036656	10.00	9.536888	0	0.00	0.06513494	-5.222013	10.00	-5.159782
-6.036656	10.00	9.604744	0	0.00	0.06785568	-5.256075	10.00	-5.194076
-6.03586	10.00	9.669191	0.000795642	0.00	0.06444697	-5.290772	10.00	-5.229008
-6.031871	10.00	9.734842	0.003989	0.00	0.06565163	-5.32578	10.00	-5.264251
-6.020151	10.00	9.801076	0.01172032	0.00	0.06623343	-5.360558	10.00	-5.299263
-6.006596	10.00	9.866875	0.01355479	0.00	0.06579885	-5.395563	10.00	-5.334506
-5.992311	10.00	9.933107	0.01428534	0.00	0.06623201	-5.431014	10.00	-5.370197
-5.979142	10.00	10.00018	0.01316861	0.00	0.06707712	-5.465394	10.00	-5.404809
-5.966372	10.00	10.06523	0.01276982	0.00	0.06504576	-5.500421	10.00	-5.440073
-5.952077	10.00	10.13151	0.0142948	0.00	0.06627589	-5.535334	10.00	-5.475223
-5.935911	10.00	10.19756	0.01616633	0.00	0.06605648	-5.570189	10.00	-5.510313
-5.917856	10.00	10.26351	0.01805495	0.00	0.06594606	-5.606233	10.00	-5.546601
-5.898525	10.00	10.33171	0.01933152	0.00	0.06819683	-5.641627	10.00	-5.582234
-5.879541	10.00	10.39867	0.01898322	0.00	0.06696811	-5.676489	10.00	-5.617332
-5.860845	10.00	10.46463	0.01869711	0.00	0.06595881	-5.710995	10.00	-5.652072
-5.842337	10.00	10.52992	0.01850731	0.00	0.06528924	-5.746922	10.00	-5.688241
-5.823069	10.00	10.5979	0.01926852	0.00	0.06797459	-5.780714	10.00	-5.722261
-5.804945	10.00	10.66183	0.0181233	0.00	0.06393453	-5.815661	10.00	-5.757444
-5.782361	10.00	10.72795	0.02258426	0.00	0.06612018	-5.850347	10.00	-5.792366
-5.759309	10.00	10.79358	0.02305196	0.00	0.06562898	-5.885363	10.00	-5.827617
-5.734756	10.00	10.85983	0.02455323	0.00	0.06625041	-5.920298	10.00	-5.862791
-5.709618	10.00	10.92593	0.0251382	0.00	0.06610178	-5.955865	10.00	-5.898597
-5.684679	10.00	10.99322	0.02493936	0.00	0.06729228	-5.990176	10.00	-5.933139
-5.660619	10.00	11.05814	0.02405903	0.00	0.06491695	-6.024765	10.00	-5.967962
-5.636365	10.00	11.12358	0.02425419	0.00	0.06544354	-6.059837	10.00	-6.003272
-5.611772	10.00	11.18994	0.0245931	0.00	0.066358	-6.094577	10.00	-6.038246
-5.587412	10.00	11.25567	0.02435964	0.00	0.06572807	-6.129845	10.00	-6.073752
-5.562682	10.00	11.3224	0.02473055	0.00	0.06672888	-6.165357	10.00	-6.109504
-5.53778	10.00	11.38959	0.02490158	0.00	0.06719036	-6.19962	10.00	-6.144
-5.513754	10.00	11.45442	0.02402597	0.00	0.06482776	-6.234638	10.00	-6.179254
-5.4892	10.00	11.52067	0.0245548	0.00	0.06625466	-6.269621	10.00	-6.214473
-5.464669	10.00	11.58686	0.02453067	0.00	0.06618955	-6.304357	10.00	-6.249444
-5.440312	10.00	11.65258	0.02435702	0.00	0.06572099	-6.339353	10.00	-6.284676
-5.416413	10.00	11.7188	0.02389845	0.00	0.06621361	-6.374317	10.00	-6.319877
-5.392536	10.00	11.78495	0.02387699	0.00	0.06615416	-6.409916	10.00	-6.355718
-5.368226	10.00	11.85231	0.02431076	0.00	0.06735598	-6.444071	10.00	-6.390103
-5.344902	10.00	11.91693	0.02332417	0.00	0.06462251	-6.479159	10.00	-6.425428
-5.32094	10.00	11.98332	0.02396129	0.00	0.06638773	-6.514048	10.00	-6.460551
-5.297116	10.00	12.04932	0.02382436	0.00	0.06600835	-6.549304	10.00	-6.496047
-5.273039	10.00	12.11603	0.02407676	0.00	0.06670765	-6.583906	10.00	-6.530883
-5.249409	10.00	12.1815	0.0236297	0.00	0.06546902	-6.618972	10.00	-6.566186
-5.225463	10.00	12.24785	0.02394596	0.00	0.06634526	-6.653882	10.00	-6.601332
-5.201623	10.00	12.3139	0.0238402	0.00	0.06605224	-6.688681	10.00	-6.636366
-5.17786	10.00	12.37974	0.02376305	0.00	0.06583849	-6.724045	10.00	-6.67197
-5.153709	10.00	12.44665	0.02415084	0.00	0.0669129	-6.758514	10.00	-6.706673
-5.13017	10.00	12.51187	0.02353876	0.00	0.06521705	-6.79349	10.00	-6.741885
-5.106286	10.00	12.57804	0.02388466	0.00	0.06617539	-6.829313	10.00	-6.777949
-5.081823	10.00	12.64582	0.02446302	0.00	0.06777783	-6.863398	10.00	-6.812264
-5.059171	10.00	12.71031	0.0226517	0.00	0.06448944	-6.898231	10.00	-6.847331
-5.036023	10.00	12.77621	0.02314792	0.00	0.06590218	-6.933191	10.00	-6.882528
-5.012789	10.00	12.84236	0.02323444	0.00	0.0661485	-6.968246	10.00	-6.917821
-4.989491	10.00	12.90869	0.02329709	0.00	0.06632686	-7.003223	10.00	-6.953035
-4.966247	10.00	12.97487	0.02324488	0.00	0.06617822	-7.038186	10.00	-6.988235
-4.943011	10.00	13.04102	0.02323543	0.00	0.06615133	-7.073008	10.00	-7.023291
-4.91987	10.00	13.1069	0.02314096	0.00	0.06588237	-7.10791	10.00	-7.058429
-4.896675	10.00	13.17294	0.02319566	0.00	0.06603808	-7.142863	10.00	-7.093618
-4.873446	10.00	13.23907	0.02322897	0.00	0.06613293	-7.177555	10.00	-7.128544
-4.850391	10.00	13.30471	0.02305445	0.00	0.06563605	-7.212687	10.00	-7.163913
-4.827043	10.00	13.37118	0.0233483	0.00	0.06647266	-7.248011	10.00	-7.199476
-4.803568	10.00	13.43801	0.0234746	0.00	0.06683222	-7.282624	10.00	-7.234324
-4.780565	10.00	13.5035	0.02300373	0.00	0.06549167	-7.318535	10.00	-7.270478
-4.758015	10.00	13.57145	0.0225496	0.00	0.06794486	-7.352531	10.00	-7.304702
-4.737292	10.00	13.63577	0.02072318	0.00	0.06431815	-7.387438	10.00	-7.339846
-4.717291	10.00	13.70181	0.02000103	0.00	0.06604657	-7.423429	10.00	-7.376081
-4.697988	10.00	13.76991	0.01930343	0.00	0.06809775	-7.457224	10.00	-7.410103
-4.680481	10.00	13.83385	0.01750578	0.00	0.0639402	-7.492243	10.00	-7.445361
-4.662341	10.00	13.90011	0.01814099	0.00	0.06626032	-7.528198	10.00	-7.481556
-4.643717	10.00	13.96814	0.01862389	0.00	0.06802414	-7.561984	10.00	-7.515573
-4.626215	10.00	14.03206	0.01750229	0.00	0.06392746	-7.597149	10.00	-7.550976
-4.607998	10.00	14.0986	0.01821618	0.00	0.06653494	-7.632985	10.00	-7.587052
-4.589436	10.00	14.1664	0.01856227	0.00	0.06779905	-7.666736	10.00	-7.621032
-4.571952	10.00	14.23026	0.01748369	0.00	0.06385951	-7.701781	10.00	-7.656313
-4.553799	10.00	14.29656	0.01815339	0.00	0.06630562	-7.736569	10.00	-7.691339
-4.537052	10.00	14.36239	0.01674688	0.00	0.06582433	-7.771644	10.00	-7.726647
-4.520812	10.00	14.42874	0.01624012	0.00	0.066358	-7.806394	10.00	-7.761635
-4.50472	10.00	14.4945	0.01609184	0.00	0.06575213	-7.841485	10.00	-7.796963
-4.488472	10.00	14.56089	0.01624878	0.00	0.06639339	-7.877076	10.00	-7.832795
-4.471991	10.00	14.62823	0.01648021	0.00	0.067339	-7.912319	10.00	-7.868275
-4.455672	10.00	14.69491	0.01631876	0.00	0.06667934	-7.946996	10.00	-7.903187
-4.439615	10.00	14.76052	0.01605755	0.00	0.06561199	-7.981299	10.00	-7.937722
-4.423731	10.00	14.82542	0.01588398	0.00	0.06490279	-8.016565	10.00	-7.973228
-4.407401	10.00	14.89215	0.0163302	0.00	0.06672605	-8.050969	10.00	-8.007863
-4.39147	10.00	14.95724	0.0159304	0.00	0.06509247	-8.085936	10.00	-8.043066
-4.375279	10.00	15.0234	0.01619127	0.00	0.06615841	-8.121244	10.00	-8.078614
-4.358929	10.00	15.09021	0.01634994	0.00	0.06680674	-8.155954	10.00	-8.113558
-4.342856	10.00	15.15588	0.01607279	0.00	0.06567428	-8.190718	10.00	-8.148556
-4.32676	10.00	15.22165	0.01609635	0.00	0.06577054	-8.225974	10.00	-8.18405
-4.310435	10.00	15.28836	0.016325	0.00	0.06670482	-8.260672	10.00	-8.218984
-4.294368	10.00	15.35401	0.01606725	0.00	0.06565163	-8.295881	10.00	-8.254429
-4.278064	10.00	15.42062	0.01630317	0.00	0.06661563	-8.331095	10.00	-8.289883
-4.261758	10.00	15.48725	0.01630629	0.00	0.06662837	-8.36548	10.00	-8.3245
-4.245836	10.00	15.55231	0.01592174	0.00	0.06505708	-8.400525	10.00	-8.359781
-4.229609	10.00	15.61862	0.01622765	0.00	0.06630704	-8.435276	10.00	-8.394768
-4.213518	10.00	15.68437	0.01609115	0.00	0.0657493	-8.470268	10.00	-8.429997
-4.197955	10.00	15.75057	0.01556231	0.00	0.06620795	-8.50611	10.00	-8.466083
-4.182015	10.00	15.81839	0.0159403	0.00	0.06781604	-8.541146	10.00	-8.501354
-4.166434	10.00	15.88468	0.01558095	0.00	0.06628722	-8.575265	10.00	-8.535702
-4.151261	10.00	15.94923	0.01517335	0.00	0.06455314	-8.609905	10.00	-8.570578
-4.135855	10.00	16.01477	0.01540593	0.00	0.06554263	-8.645199	10.00	-8.606109
-4.120159	10.00	16.08155	0.01569541	0.00	0.06677418	-8.679852	10.00	-8.641
-4.104747	10.00	16.14712	0.01541225	0.00	0.06556953	-8.714788	10.00	-8.676169
-4.089211	10.00	16.21321	0.01553669	0.00	0.06609895	-8.749719	10.00	-8.711335
-4.073677	10.00	16.2793	0.01553403	0.00	0.06608763	-8.784443	10.00	-8.746294
-4.058234	10.00	16.345	0.01544286	0.00	0.06569976	-8.819567	10.00	-8.781657
-4.042613	10.00	16.41146	0.01562121	0.00	0.06645851	-8.854309	10.00	-8.816634
-4.027162	10.00	16.47719	0.01545052	0.00	0.06573232	-8.889333	10.00	-8.851896
-4.011586	10.00	16.54346	0.01557596	0.00	0.06626599	-8.924417	10.00	-8.887217
-3.995983	10.00	16.60984	0.01560257	0.00	0.06637923	-8.95934	10.00	-8.922377
-3.980452	10.00	16.67592	0.0155317	0.00	0.06607772	-8.993962	10.00	-8.957233
-3.965054	10.00	16.74142	0.01539761	0.00	0.06550724	-9.029387	10.00	-8.992898
-3.949299	10.00	16.80845	0.01575463	0.00	0.06702615	-9.064108	10.00	-9.027851
-3.933859	10.00	16.87414	0.01544053	0.00	0.06568985	-9.099144	10.00	-9.063124
-3.918277	10.00	16.94043	0.01558194	0.00	0.06629147	-9.1353	10.00	-9.099524
-3.902197	10.00	17.00884	0.01607938	0.00	0.06840776	-9.168983	10.00	-9.133436
-3.887218	10.00	17.07257	0.01498003	0.00	0.06373069	-9.204105	10.00	-9.168797
-3.871598	10.00	17.13902	0.01561988	0.00	0.06645285	-9.239127	10.00	-9.204055
-3.856023	10.00	17.20528	0.01557496	0.00	0.06626174	-9.273625	10.00	-9.238787
-3.84068	10.00	17.27056	0.01534304	0.00	0.06527508	-9.30865	10.00	-9.274048
-3.825104	10.00	17.33682	0.01557596	0.00	0.06626599	-9.344395	10.00	-9.310035
-3.809207	10.00	17.40446	0.01589671	0.00	0.0676306	-9.378404	10.00	-9.344272
-3.794082	10.00	17.4688	0.01512444	0.00	0.06434505	-9.413275	10.00	-9.37938
-3.778574	10.00	17.53478	0.01550841	0.00	0.06597862	-9.448261	10.00	-9.414602
-3.763015	10.00	17.60098	0.01555932	0.00	0.06619521	-9.483179	10.00	-9.449757
-3.747486	10.00	17.66704	0.01552871	0.00	0.06606498	-9.518157	10.00	-9.48497
-3.73193	10.00	17.73322	0.01555599	0.00	0.06618106	-9.553102	10.00	-9.520151
-3.716389	10.00	17.79934	0.01554069	0.00	0.06611594	-9.587997	10.00	-9.555285
-3.70087	10.00	17.86536	0.01551972	0.00	0.06602675	-9.622929	10.00	-9.590452
-3.685335	10.00	17.93145	0.01553436	0.00	0.06608904	-9.657761	10.00	-9.625518
-3.669845	10.00	17.99735	0.01549044	0.00	0.06590218	-9.692822	10.00	-9.660816
-3.654252	10.00	18.06369	0.01559259	0.00	0.06633677	-9.727722	10.00	-9.695952
-3.638731	10.00	18.12972	0.01552139	0.00	0.06603383	-9.763465	10.00	-9.731936
-3.622835	10.00	18.19735	0.01589538	0.00	0.06762494	-9.7983	10.00	-9.767009
-3.607342	10.00	18.26326	0.0154931	0.00	0.06591351	-9.833144	10.00	-9.802087
-3.591846	10.00	18.32919	0.01549577	0.00	0.06592483	-9.868061	10.00	-9.837239
-3.576318	10.00	18.39525	0.01552838	0.00	0.06606356	-9.902749	10.00	-9.872162
-3.560892	10.00	18.46088	0.01542656	0.00	0.06563039	-9.937728	10.00	-9.907379
-3.545335	10.00	18.52707	0.01555699	0.00	0.0661853	-9.972756	10.00	-9.942643
-3.529757	10.00	18.59334	0.01557729	0.00	0.06627165	-10.00759	10.00	-9.977708
-3.514267	10.00	18.65924	0.01549011	0.00	0.06590077	-10.04276	10.00	-10.01312
-3.498625	10.00	18.72579	0.01564217	0.00	0.06654768	-10.07762	10.00	-10.04822
-3.483122	10.00	18.79174	0.01550342	0.00	0.06595739	-10.11244	10.00	-10.08327
-3.467635	10.00	18.85763	0.01548678	0.00	0.06588662	-10.15819	10.00	-10.12933
-3.447291	10.00	18.94418	0.02034371	0.00	0.08654979	-10.21689	10.00	-10.18843
-3.421184	10.00	19.05525	0.02610766	0.00	0.1110718	-10.25107	10.00	-10.22283
-3.405985	10.00	19.11991	0.01519863	0.00	0.06466072	-10.28588	10.00	-10.25788
-3.390503	10.00	19.18578	0.01548179	0.00	0.06586538	-10.32282	10.00	-10.29507
-3.374074	10.00	19.25567	0.01642909	0.00	0.06989553	-10.35572	10.00	-10.32819
-3.359444	10.00	19.31792	0.01462999	0.00	0.0622415	-10.39062	10.00	-10.36334
-3.34392	10.00	19.38396	0.01552438	0.00	0.06604657	-10.42574	10.00	-10.39869
-3.328304	10.00	19.4504	0.01561555	0.00	0.06643444	-10.46066	10.00	-10.43385
-3.312773	10.00	19.51647	0.01553137	0.00	0.0660763	-10.49551	10.00	-10.46893
-3.297273	10.00	19.58241	0.01549976	0.00	0.06594182	-10.53072	10.00	-10.50438
-3.281615	10.00	19.64903	0.01565847	0.00	0.06661705	-10.5657	10.00	-10.5396
-3.266058	10.00	19.71522	0.01555633	0.00	0.06618247	-10.60045	10.00	-10.57458
-3.250606	10.00	19.78095	0.01545218	0.00	0.06573939	-10.63586	10.00	-10.61023
-3.234855	10.00	19.84797	0.01575131	0.00	0.067012	-10.67138	10.00	-10.64599
-3.21906	10.00	19.91516	0.01579423	0.00	0.0671946	-10.7058	10.00	-10.68064
-3.203754	10.00	19.98028	0.01530611	0.00	0.06511796	-10.74128	10.00	-10.71636
-3.187973	10.00	20.04742	0.01578125	0.00	0.0671394	-10.77582	10.00	-10.75114
-3.172611	10.00	20.11278	0.01536234	0.00	0.06535719	-10.81065	10.00	-10.7862
-3.157122	10.00	20.17867	0.01548911	0.00	0.06589652	-10.84645	10.00	-10.82225
-3.1412	10.00	20.24641	0.015922	0.00	0.06773819	-10.88038	10.00	-10.8564
-3.126113	10.00	20.31059	0.01508684	0.00	0.06418509	-10.9155	10.00	-10.89176
-3.110494	10.00	20.37704	0.01561921	0.00	0.06645001	-10.95042	10.00	-10.92692
-3.094962	10.00	20.44312	0.0155317	0.00	0.06607772	-10.98525	10.00	-10.96199
-3.079471	10.00	20.50903	0.01549077	0.00	0.0659036	-11.02022	10.00	-10.99719
-3.063919	10.00	20.57519	0.01555167	0.00	0.06616265	-11.05545	10.00	-11.03266
-3.048251	10.00	20.64185	0.01566879	0.00	0.06666093	-11.0902	10.00	-11.06764
-3.032799	10.00	20.70759	0.01545118	0.00	0.06573515	-11.12466	10.00	-11.10233
-3.017475	10.00	20.77278	0.01532474	0.00	0.06519723	-11.16008	10.00	-11.13799
-3.001721	10.00	20.8398	0.01575364	0.00	0.06702191	-11.19468	10.00	-11.17283
-2.986333	10.00	20.90527	0.01538829	0.00	0.0654676	-11.22971	10.00	-11.20809
-2.970756	10.00	20.97154	0.01557662	0.00	0.06626882	-11.26487	10.00	-11.24349
-2.955118	10.00	21.03807	0.01563784	0.00	0.06652928	-11.29973	10.00	-11.27859
-2.939614	10.00	21.10403	0.01550475	0.00	0.06596305	-11.33598	10.00	-11.31508
-2.923495	10.00	21.17261	0.01611831	0.00	0.06857338	-11.36952	10.00	-11.34886
-2.908575	10.00	21.23608	0.01492014	0.00	0.06347588	-11.40444	10.00	-11.38401
-2.893044	10.00	21.30216	0.0155307	0.00	0.06607347	-11.43963	10.00	-11.41943
-2.8774	10.00	21.36871	0.0156445	0.00	0.06655759	-11.47439	10.00	-11.45443
-2.861939	10.00	21.43449	0.01546083	0.00	0.0657762	-11.50924	10.00	-11.48952
-2.846439	10.00	21.50043	0.01550043	0.00	0.06594465	-11.5448	10.00	-11.52531
-2.830626	10.00	21.56771	0.01581286	0.00	0.06727388	-11.57919	10.00	-11.55994
-2.815331	10.00	21.63278	0.01529513	0.00	0.06507124	-11.61416	10.00	-11.59515
-2.799779	10.00	21.69894	0.015552	0.00	0.06616407	-11.65088	10.00	-11.63211
-2.78345	10.00	21.76841	0.0163286	0.00	0.06946802	-11.68388	10.00	-11.66533
-2.768774	10.00	21.83085	0.01467658	0.00	0.06243968	-11.71883	10.00	-11.70053
-2.753227	10.00	21.89699	0.01554668	0.00	0.06614142	-11.75416	10.00	-11.73609
-2.737519	10.00	21.96382	0.01570772	0.00	0.06682656	-11.78882	10.00	-11.77099
-2.722102	10.00	22.02941	0.01541658	0.00	0.06558792	-11.82355	10.00	-11.80595
-2.706658	10.00	22.09511	0.01544419	0.00	0.06570542	-11.8585	10.00	-11.84113
-2.691117	10.00	22.16123	0.01554135	0.00	0.06611877	-11.89347	10.00	-11.87634
-2.67556	10.00	22.22742	0.01555666	0.00	0.06618389	-11.92824	10.00	-11.91135
-2.660098	10.00	22.2932	0.01546283	0.00	0.06578469	-11.9634	10.00	-11.94674
-2.644464	10.00	22.35971	0.01563319	0.00	0.06650947	-11.99815	10.00	-11.98173
-2.629008	10.00	22.42547	0.01545651	0.00	0.0657578	-12.03321	10.00	-12.01702
-2.613416	10.00	22.4918	0.01559126	0.00	0.0663311	-12.0681	10.00	-12.05216
-2.597898	10.00	22.55782	0.01551839	0.00	0.06602109	-12.103	10.00	-12.08729
-2.58238	10.00	22.62384	0.01551806	0.00	0.06601968	-12.13785	10.00	-12.12238
-2.566879	10.00	22.68979	0.01550076	0.00	0.06594606	-12.17321	10.00	-12.15797
-2.551155	10.00	22.75668	0.01572436	0.00	0.06689733	-12.20774	10.00	-12.19274
-2.535796	10.00	22.82203	0.01535901	0.00	0.06534303	-12.24301	10.00	-12.22825
-2.520111	10.00	22.88875	0.01568476	0.00	0.06672888	-12.27793	10.00	-12.2634
-2.504582	10.00	22.95482	0.01552871	0.00	0.06606498	-12.31264	10.00	-12.29834
-2.489147	10.00	23.02049	0.01543521	0.00	0.0656672	-12.3489	10.00	-12.33486
-2.473019	10.00	23.0891	0.01612863	0.00	0.06861726	-12.38254	10.00	-12.36871
-2.458061	10.00	23.15274	0.01495774	0.00	0.06363585	-12.41738	10.00	-12.40379
-2.442566	10.00	23.21866	0.01549444	0.00	0.06591917	-12.45334	10.00	-12.44
-2.426572	10.00	23.28671	0.0159942	0.00	0.06804537	-12.48724	10.00	-12.47413
-2.411497	10.00	23.35084	0.01507519	0.00	0.06413554	-12.5222	10.00	-12.50932
-2.395949	10.00	23.41699	0.01554801	0.00	0.06614708	-12.55832	10.00	-12.54569
-2.379882	10.00	23.48534	0.01606707	0.00	0.06835538	-12.59208	10.00	-12.57967
-2.364871	10.00	23.5492	0.01501064	0.00	0.06386092	-12.62696	10.00	-12.61479
-2.349359	10.00	23.6152	0.01551274	0.00	0.06599703	-12.665	10.00	-12.65309
-2.33244	10.00	23.68718	0.01691854	0.00	0.07197784	-12.7319	10.00	-12.72044
-2.302689	10.00	23.81375	0.02975077	0.00	0.126571	-12.76815	10.00	-12.75693
-2.286568	10.00	23.88234	0.01612131	0.00	0.06858612	-12.80132	10.00	-12.79033
-2.271818	10.00	23.94509	0.01475011	0.00	0.06275252	-12.83698	10.00	-12.82622
-2.25596	10.00	24.01256	0.01585845	0.00	0.06746781	-12.87085	10.00	-12.86033
-2.240896	10.00	24.07664	0.01506388	0.00	0.06408741	-12.90689	10.00	-12.89661
-2.224867	10.00	24.14483	0.01602848	0.00	0.06819117	-12.94086	10.00	-12.93081
-2.209759	10.00	24.20911	0.0151078	0.00	0.06427427	-12.97588	10.00	-12.96607
-2.194186	10.00	24.27536	0.01557363	0.00	0.06625608	-13.01069	10.00	-13.00111
-2.178705	10.00	24.34122	0.01548013	0.00	0.0658583	-13.04616	10.00	-13.03683
-2.162928	10.00	24.40835	0.01577759	0.00	0.06712383	-13.08139	10.00	-13.07229
-2.147261	10.00	24.475	0.01566713	0.00	0.06665386	-13.1157	10.00	-13.10683
-2.132004	10.00	24.53991	0.0152572	0.00	0.06490987	-13.15093	10.00	-13.14231
-2.116334	10.00	24.60658	0.01566979	0.00	0.06666518	-13.18606	10.00	-13.17767
-2.101998	10.00	24.67304	0.01433602	0.00	0.066467	-13.221	10.00	-13.21285
-2.087738	10.00	24.73916	0.0142603	0.00	0.06611594	-13.25676	10.00	-13.24885
-2.073146	10.00	24.80681	0.01459188	0.00	0.06765325	-13.29076	10.00	-13.28308
-2.059272	10.00	24.87114	0.01387407	0.00	0.06432523	-13.32562	10.00	-13.31817
-2.045048	10.00	24.93708	0.01422366	0.00	0.06594606	-13.36125	10.00	-13.35405
-2.030307	10.00	25.00543	0.01474057	0.00	0.06834264	-13.39489	10.00	-13.38793
-2.015531	10.00	25.07099	0.01477639	0.00	0.06556528	-13.42768	10.00	-13.42095
-2.000895	10.00	25.13593	0.01463602	0.00	0.06494242	-13.46016	10.00	-13.45366
-1.986136	10.00	25.20142	0.01475853	0.00	0.06548601	-13.49247	10.00	-13.4862
-1.971184	10.00	25.26777	0.01495281	0.00	0.06634809	-13.52385	10.00	-13.51782
-1.956346	10.00	25.33361	0.01483797	0.00	0.06583849	-13.5547	10.00	-13.54891
-1.941439	10.00	25.39975	0.01490687	0.00	0.06614425	-13.58509	10.00	-13.57953
-1.926429	10.00	25.46635	0.01501024	0.00	0.06660289	-13.6149	10.00	-13.60957
-1.911365	10.00	25.53319	0.01506352	0.00	0.06683929	-13.64323	10.00	-13.63813
-1.896703	10.00	25.59825	0.01466186	0.00	0.06505708	-13.6715	10.00	-13.66662
-1.881733	10.00	25.66467	0.01497036	0.00	0.06642595	-13.69987	10.00	-13.69522
-1.86634	10.00	25.73298	0.01539307	0.00	0.06830159	-13.72548	10.00	-13.72104
-1.852073	10.00	25.79628	0.01426659	0.00	0.06330319	-13.75163	10.00	-13.74742
-1.837785	10.00	25.86252	0.01428808	0.00	0.06624475	-13.77699	10.00	-13.77299
-1.823522	10.00	25.92865	0.01426274	0.00	0.06612726	-13.80165	10.00	-13.79787
-1.809229	10.00	25.99492	0.01429327	0.00	0.06626882	-13.82535	10.00	-13.82178
-1.795023	10.00	26.06079	0.01420626	0.00	0.06586538	-13.84831	10.00	-13.84494
-1.780729	10.00	26.12706	0.01429389	0.00	0.06627165	-13.87044	10.00	-13.86727
-1.766393	10.00	26.19352	0.01433541	0.00	0.06646417	-13.89139	10.00	-13.88841
-1.752251	10.00	26.25909	0.01414245	0.00	0.06556953	-13.91184	10.00	-13.90905
-1.73784	10.00	26.3259	0.01441082	0.00	0.06681382	-13.93086	10.00	-13.92825
-1.723817	10.00	26.39092	0.01402337	0.00	0.06501745	-13.94938	10.00	-13.94694
-1.709515	10.00	26.45723	0.01430213	0.00	0.06630987	-13.96741	10.00	-13.96514
-1.694873	10.00	26.52512	0.01464165	0.00	0.06788399	-13.98367	10.00	-13.98156
-1.680933	10.00	26.58975	0.01393971	0.00	0.06462958	-13.99938	10.00	-13.99743
-1.666708	10.00	26.6557	0.01422488	0.00	0.06595173	-14.0142	10.00	-14.0124
-1.65248	10.00	26.72167	0.01422855	0.00	0.06596871	-14.02814	10.00	-14.02649
-1.638212	10.00	26.78782	0.01426763	0.00	0.06614991	-14.04111	10.00	-14.03959
-1.624016	10.00	26.85364	0.01419649	0.00	0.06582008	-14.05327	10.00	-14.05188
-1.609683	10.00	26.92009	0.01433297	0.00	0.06645285	-14.06438	10.00	-14.06312
20.38925
