0.009125059	10.00	-49.93398	0.009125059	0.00	0.06601685	-28.28002	10.00	28.28002
0.05118715	10.00	-49.6496	0.04206209	0.00	0.2843837	-28.27779	10.00	28.27798
0.06042968	10.00	-49.58711	0.009242538	0.00	0.06248923	-28.27188	10.00	28.27241
0.07720628	10.00	-49.47368	0.0167766	0.00	0.1134273	-28.26584	10.00	28.26654
0.08699277	10.00	-49.40944	0.009786488	0.00	0.06424484	-28.25809	10.00	28.25903
0.09697565	10.00	-49.34456	0.009982878	0.00	0.06488054	-28.24895	10.00	28.25001
0.1068159	10.00	-49.28704	0.009840296	0.00	0.05751177	-28.23831	10.00	28.23928
0.1167253	10.00	-49.23043	0.009909389	0.00	0.05661812	-28.22636	10.00	28.22715
0.1264697	10.00	-49.17922	0.009744404	0.00	0.05120995	-28.21305	10.00	28.21351
0.13614	10.00	-49.13726	0.009670286	0.00	0.04195732	-28.19794	10.00	28.19792
0.1460639	10.00	-49.0994	0.009923836	0.00	0.03786	-28.18148	10.00	28.18108
0.1526257	10.00	-49.07623	0.006561788	0.00	0.02316582	-28.16336	10.00	28.16262
0.1585886	10.00	-49.05806	0.005962964	0.00	0.0181782	-28.14394	10.00	28.14296
0.1638295	10.00	-49.05091	0.005240886	0.00	0.007140905	-28.12299	10.00	28.12186
0.1671668	10.00	-49.05091	0.003337251	0.00	0	-28.09932	10.00	28.09809
0.1671668	10.00	-49.05091	0.0001833511	0.00	0	-28.07571	10.00	28.07445
0.1671668	10.00	-49.05091	0	0.00	0	-28.04843	10.00	28.04717
0.1671668	10.00	-49.05091	0	0.00	0	-28.02262	10.00	28.0214
0.1671668	10.00	-49.05091	0	0.00	0	-27.99114	10.00	27.99002
0.1671668	10.00	-49.05091	0	0.00	0	-27.93322	10.00	27.93241
0.1671668	10.00	-49.05091	0	0.00	0	-27.89956	10.00	27.89887
0.1671668	10.00	-49.05091	0	0.00	0	-27.86578	10.00	27.86518
0.1671668	10.00	-49.05091	0	0.00	0	-27.83241	10.00	27.83186
0.1671668	10.00	-49.05091	0	0.00	0	-27.79791	10.00	27.79737
0.1671668	10.00	-49.05091	0	0.00	0	-27.76322	10.00	27.76268
0.1671668	10.00	-49.05091	0	0.00	0	-27.72767	10.00	27.72712
0.1671668	10.00	-49.05091	0	0.00	0	-27.69324	10.00	27.69269
0.1671668	10.00	-49.05091	0	0.00	0	-27.65818	10.00	27.65763
0.1671668	10.00	-49.05091	0	0.00	0	-27.62278	10.00	27.62224
0.1671668	10.00	-49.05091	0	0.00	0	-27.58773	10.00	27.58718
0.1671668	10.00	-49.05091	0	0.00	0	-27.55264	10.00	27.55211
0.1671668	10.00	-49.05091	0	0.00	0	-27.51763	10.00	27.51709
0.1671668	10.00	-49.05091	0	0.00	0	-27.4826	10.00	27.48206
0.1671668	10.00	-49.05091	0	0.00	0	-27.44789	10.00	27.44734
0.1671668	10.00	-49.05091	0	0.00	0	-27.41252	10.00	27.41198
0.1671668	10.00	-49.05091	0	0.00	0	-27.37733	10.00	27.37677
0.1671668	10.00	-49.05091	0	0.00	0	-27.34229	10.00	27.34175
0.1671668	10.00	-49.05091	0	0.00	0	-27.30735	10.00	27.30681
0.1671668	10.00	-49.05091	0	0.00	0	-27.27222	10.00	27.27168
0.1671668	10.00	-49.05091	0	0.00	0	-27.23695	10.00	27.23642
0.1671668	10.00	-49.05091	0	0.00	0	-27.20219	10.00	27.20165
0.1671668	10.00	-49.05091	0	0.00	0	-27.16708	10.00	27.16654
0.1671668	10.00	-49.05091	0	0.00	0	-27.13243	10.00	27.13189
0.1671668	10.00	-49.01785	0	0.00	0.03307129	-27.09705	10.00	27.09651
0.1671668	10.00	-48.96729	0	0.00	0.0505553	-27.062	10.00	27.06147
0.1671668	10.00	-48.90504	0	0.00	0.06224411	-27.0269	10.00	27.02636
0.1671668	10.00	-48.83949	0	0.00	0.06555565	-26.99095	10.00	26.99041
0.1671668	10.00	-48.77169	0	0.00	0.0678033	-26.95573	10.00	26.9552
0.1671668	10.00	-48.70531	0	0.00	0.06637499	-26.92061	10.00	26.92008
0.1671668	10.00	-48.63906	0	0.00	0.06624617	-26.88567	10.00	26.88514
0.1671668	10.00	-48.5732	0	0.00	0.06585972	-26.85096	10.00	26.85042
0.1671668	10.00	-48.50773	0	0.00	0.06547327	-26.8156	10.00	26.81507
0.1671668	10.00	-48.44108	0	0.00	0.06665102	-26.78104	10.00	26.7805
0.1671668	10.00	-48.3759	0	0.00	0.06518166	-26.74596	10.00	26.74543
0.1671668	10.00	-48.30975	0	0.00	0.06615416	-26.71086	10.00	26.71033
0.1671668	10.00	-48.24358	0	0.00	0.06615982	-26.6758	10.00	26.67527
0.1671668	10.00	-48.17747	0	0.00	0.06611877	-26.64086	10.00	26.64033
0.1671668	10.00	-48.11158	0	0.00	0.06588802	-26.60579	10.00	26.60527
0.1671668	10.00	-48.04544	0	0.00	0.06613434	-26.57067	10.00	26.57013
0.1671668	10.00	-47.9792	0	0.00	0.06624192	-26.53566	10.00	26.53513
0.1671668	10.00	-47.9132	0	0.00	0.06599986	-26.50094	10.00	26.50042
0.1671668	10.00	-47.84773	0	0.00	0.06546902	-26.4661	10.00	26.46558
0.1671668	10.00	-47.78206	0	0.00	0.06567144	-26.43106	10.00	26.43054
0.1671668	10.00	-47.71598	0	0.00	0.06607772	-26.39606	10.00	26.39553
0.1671668	10.00	-47.64997	0	0.00	0.06600977	-26.36075	10.00	26.36022
0.1671668	10.00	-47.5834	0	0.00	0.06657175	-26.32604	10.00	26.32551
0.1671668	10.00	-47.51795	0	0.00	0.06545486	-26.29089	10.00	26.29036
0.1671668	10.00	-47.45166	0	0.00	0.06628297	-26.25587	10.00	26.25535
0.1671668	10.00	-47.38564	0	0.00	0.06602675	-26.22086	10.00	26.22033
0.1671668	10.00	-47.31961	0	0.00	0.06602534	-26.18556	10.00	26.18504
0.1671668	10.00	-47.25306	0	0.00	0.06655052	-26.15047	10.00	26.14994
0.1671668	10.00	-47.18686	0	0.00	0.06620087	-26.11555	10.00	26.11503
0.1671668	10.00	-47.12104	0	0.00	0.0658215	-26.08037	10.00	26.07984
0.1671668	10.00	-47.05472	0	0.00	0.06631695	-26.04482	10.00	26.0443
0.1671668	10.00	-46.98768	0	0.00	0.06704172	-26.01033	10.00	26.00981
0.1671668	10.00	-46.92263	0	0.00	0.06505425	-25.9753	10.00	25.97479
0.1671668	10.00	-46.8566	0	0.00	0.06602959	-25.94058	10.00	25.94006
0.1671668	10.00	-46.79113	0	0.00	0.06546194	-25.90532	10.00	25.9048
0.1671668	10.00	-46.72464	0	0.00	0.06649107	-25.87022	10.00	25.86971
0.1671668	10.00	-46.65845	0	0.00	0.06618813	-25.8351	10.00	25.83458
0.1671668	10.00	-46.59223	0	0.00	0.06622635	-25.8001	10.00	25.79958
0.1671668	10.00	-46.52624	0	0.00	0.06598853	-25.76513	10.00	25.76462
0.1671668	10.00	-46.4603	0	0.00	0.06594323	-25.72978	10.00	25.72926
0.1671668	10.00	-46.39365	0	0.00	0.06665244	-25.69374	10.00	25.69321
0.1671668	10.00	-46.32566	0	0.00	0.06798167	-25.65921	10.00	25.65869
0.1671668	10.00	-46.26057	0	0.00	0.06509106	-25.62441	10.00	25.62391
0.1671668	10.00	-46.19497	0	0.00	0.06559925	-25.58906	10.00	25.58854
0.1671668	10.00	-46.12828	0	0.00	0.06669349	-25.55407	10.00	25.55355
0.1671668	10.00	-46.06231	0	0.00	0.06597013	-25.51942	10.00	25.51891
0.1671668	10.00	-45.99699	0	0.00	0.06531755	-25.48366	10.00	25.48315
0.1671668	10.00	-45.92956	0	0.00	0.06743243	-25.448	10.00	25.44748
0.1671668	10.00	-45.86231	0	0.00	0.06724981	-25.41346	10.00	25.41294
0.1671668	10.00	-45.79717	0	0.00	0.0651406	-25.37846	10.00	25.37795
0.1671668	10.00	-45.7312	0	0.00	0.06596871	-25.34341	10.00	25.3429
0.1671668	10.00	-45.66511	0	0.00	0.0660947	-25.30966	10.00	25.30915
0.1671668	10.00	-45.60146	0	0.00	0.06365142	-25.27468	10.00	25.27417
0.1671668	10.00	-45.53551	0	0.00	0.06593899	-25.23963	10.00	25.23913
0.1671668	10.00	-45.46941	0	0.00	0.06610037	-25.20433	10.00	25.20382
0.1671668	10.00	-45.40285	0	0.00	0.06656892	-25.16952	10.00	25.16901
0.1671668	10.00	-45.3372	0	0.00	0.06564879	-25.13448	10.00	25.13398
0.1671668	10.00	-45.27114	0	0.00	0.06605507	-25.09945	10.00	25.09894
0.1671668	10.00	-45.20508	0	0.00	0.06606214	-25.06287	10.00	25.06236
0.1671668	10.00	-45.13611	0	0.00	0.06897257	-25.02853	10.00	25.02803
0.1671668	10.00	-45.07135	0	0.00	0.06475274	-24.99324	10.00	24.99273
0.1671668	10.00	-45.0048	0	0.00	0.06655052	-24.95913	10.00	24.95862
0.1671668	10.00	-44.9405	0	0.00	0.06430683	-24.92419	10.00	24.92368
0.1671668	10.00	-44.87461	0	0.00	0.0658852	-24.88917	10.00	24.88866
0.1671668	10.00	-44.80857	0	0.00	0.06604233	-24.85413	10.00	24.85362
0.1671668	10.00	-44.7425	0	0.00	0.06607205	-24.81808	10.00	24.81757
0.1671668	10.00	-44.67452	0	0.00	0.06797601	-24.78197	10.00	24.78146
0.1671668	10.00	-44.60644	0	0.00	0.06808501	-24.74728	10.00	24.74678
0.1671668	10.00	-44.54102	0	0.00	0.06541381	-24.71282	10.00	24.71231
0.1671668	10.00	-44.47604	0	0.00	0.06498489	-24.67783	10.00	24.67733
0.1671668	10.00	-44.41008	0	0.00	0.06596022	-24.64258	10.00	24.64207
0.1671668	10.00	-44.34359	0	0.00	0.06648682	-24.60841	10.00	24.60791
0.1671668	10.00	-44.27918	0	0.00	0.064413	-24.57361	10.00	24.5731
0.1671668	10.00	-44.21355	0	0.00	0.06562898	-24.53756	10.00	24.53706
0.1671668	10.00	-44.14557	0	0.00	0.06797884	-24.50361	10.00	24.50311
0.1671668	10.00	-44.08155	0	0.00	0.06401805	-24.46852	10.00	24.46802
0.1671668	10.00	-44.0154	0	0.00	0.06615699	-24.43341	10.00	24.43291
0.1671668	10.00	-43.94919	0	0.00	0.06620511	-24.39844	10.00	24.39793
0.1671668	10.00	-43.88324	0	0.00	0.06594748	-24.36335	10.00	24.36285
0.1671668	10.00	-43.81707	0	0.00	0.06617398	-24.32827	10.00	24.32777
0.1671668	10.00	-43.75095	0	0.00	0.06611594	-24.29324	10.00	24.29274
0.1671668	10.00	-43.6849	0	0.00	0.06605507	-24.25804	10.00	24.25755
0.1671668	10.00	-43.61853	0	0.00	0.06637074	-24.2229	10.00	24.22241
0.1671668	10.00	-43.55227	0	0.00	0.06626174	-24.18795	10.00	24.18746
0.1671668	10.00	-43.48636	0	0.00	0.06590501	-24.15289	10.00	24.1524
0.1671668	10.00	-43.42023	0	0.00	0.06612585	-24.11738	10.00	24.11688
0.1671668	10.00	-43.35327	0	0.00	0.06696245	-24.08275	10.00	24.08226
0.1671668	10.00	-43.28799	0	0.00	0.06527933	-24.04784	10.00	24.04735
0.1671668	10.00	-43.22216	0	0.00	0.06582858	-23.977	10.00	23.97651
0.1671668	10.00	-43.08858	0	0.00	0.1335823	-23.93994	10.00	23.93945
0.1671668	10.00	-43.0187	0	0.00	0.06987854	-23.90133	10.00	23.90084
0.1671668	10.00	-42.9459	0	0.00	0.07280737	-23.83502	10.00	23.83453
0.1687105	10.00	-42.82085	0.001543801	0.00	0.1250478	-23.80112	10.00	23.80062
0.171975	10.00	-42.75694	0.003264442	0.00	0.06391189	-23.72945	10.00	23.72896
0.1867291	10.00	-42.6218	0.0147541	0.00	0.1351423	-23.69586	10.00	23.69537
0.1960987	10.00	-42.55844	0.009369628	0.00	0.06334849	-23.62377	10.00	23.62329
0.2214643	10.00	-42.42254	0.02536557	0.00	0.1359081	-23.59076	10.00	23.59027
0.2330851	10.00	-42.36027	0.01162083	0.00	0.06226415	-23.51919	10.00	23.5187
0.2582681	10.00	-42.22534	0.02518301	0.00	0.13493	-23.485	10.00	23.48451
0.2703003	10.00	-42.16087	0.01203219	0.00	0.0644682	-23.41393	10.00	23.41345
0.2953095	10.00	-42.02687	0.02500916	0.00	0.1339985	-23.38072	10.00	23.38024
0.3070011	10.00	-41.96423	0.01169164	0.00	0.06264353	-23.34372	10.00	23.34324
0.3200212	10.00	-41.89447	0.01302004	0.00	0.06976105	-23.27235	10.00	23.27186
0.3438348	10.00	-41.7599	0.02381362	0.00	0.1345747	-23.22884	10.00	23.22836
0.3583544	10.00	-41.67785	0.01451958	0.00	0.0820525	-23.16958	10.00	23.16909
0.378126	10.00	-41.56611	0.01977167	0.00	0.1117329	-23.12135	10.00	23.12086
0.3942205	10.00	-41.47516	0.01609443	0.00	0.09095223	-23.06353	10.00	23.06305
0.4135149	10.00	-41.36612	0.01929448	0.00	0.1090362	-23.01543	10.00	23.01494
0.4295645	10.00	-41.27542	0.01604959	0.00	0.09069885	-22.95953	10.00	22.95904
0.4482163	10.00	-41.17002	0.01865171	0.00	0.1054039	-22.91539	10.00	22.9149
0.4629442	10.00	-41.08679	0.01472799	0.00	0.08323026	-22.8531	10.00	22.85262
0.4837269	10.00	-40.96935	0.02078266	0.00	0.1174462	-22.81294	10.00	22.81246
0.4971273	10.00	-40.89362	0.01340038	0.00	0.0757277	-22.74792	10.00	22.74744
0.517633	10.00	-40.77103	0.02050569	0.00	0.122589	-22.71258	10.00	22.7121
0.5287818	10.00	-40.70438	0.01114884	0.00	0.06665102	-22.64355	10.00	22.64307
0.5505533	10.00	-40.57422	0.02177154	0.00	0.1301566	-22.60841	10.00	22.60794
0.5616328	10.00	-40.50798	0.01107946	0.00	0.06623626	-22.57396	10.00	22.57348
0.5725036	10.00	-40.44299	0.01087085	0.00	0.06498913	-22.50318	10.00	22.5027
0.5948283	10.00	-40.30953	0.02232468	0.00	0.1334634	-22.46789	10.00	22.46741
0.6059589	10.00	-40.24299	0.01113061	0.00	0.06654202	-22.43414	10.00	22.43367
0.6166018	10.00	-40.17936	0.01064283	0.00	0.06362594	-22.39912	10.00	22.39865
0.6276467	10.00	-40.11333	0.01104489	0.00	0.06602959	-22.36399	10.00	22.36352
0.6387304	10.00	-40.04707	0.01108372	0.00	0.06626174	-22.29309	10.00	22.29262
0.6610889	10.00	-39.91341	0.02235854	0.00	0.1336659	-22.25756	10.00	22.25708
0.6722984	10.00	-39.84639	0.01120946	0.00	0.06701341	-22.22446	10.00	22.224
0.6827354	10.00	-39.784	0.01043706	0.00	0.0623958	-22.18873	10.00	22.18826
0.6940084	10.00	-39.7166	0.01127292	0.00	0.06739279	-22.1535	10.00	22.15303
0.7051196	10.00	-39.65018	0.01111119	0.00	0.06642595	-22.0829	10.00	22.08243
0.7273879	10.00	-39.51705	0.02226832	0.00	0.1331265	-22.04713	10.00	22.04667
0.7386672	10.00	-39.44962	0.01127931	0.00	0.06743101	-22.01372	10.00	22.01325
0.7492077	10.00	-39.3866	0.01054054	0.00	0.06301441	-21.9789	10.00	21.97843
0.7601904	10.00	-39.32095	0.01098262	0.00	0.06565729	-21.9432	10.00	21.94273
0.7714497	10.00	-39.25364	0.01125942	0.00	0.0673121	-21.87274	10.00	21.87227
0.7936738	10.00	-39.12077	0.02222404	0.00	0.1328618	-21.83651	10.00	21.83604
0.8050999	10.00	-39.05247	0.01142612	0.00	0.06830867	-21.7997	10.00	21.79924
0.8167081	10.00	-38.98307	0.01160821	0.00	0.06939724	-21.73079	10.00	21.73033
0.8371859	10.00	-38.85312	0.02047779	0.00	0.1299443	-21.69487	10.00	21.69441
0.8478607	10.00	-38.78539	0.01067479	0.00	0.06773819	-21.62696	10.00	21.6265
0.8680382	10.00	-38.65735	0.02017752	0.00	0.1280389	-21.59262	10.00	21.59216
0.8782441	10.00	-38.59259	0.01020588	0.00	0.06476264	-21.52101	10.00	21.52056
0.8995214	10.00	-38.45757	0.0212773	0.00	0.1350177	-21.48797	10.00	21.48751
0.9093407	10.00	-38.39526	0.009819282	0.00	0.06230945	-21.45266	10.00	21.4522
0.9198337	10.00	-38.32867	0.01049298	0.00	0.06658449	-21.38072	10.00	21.38027
0.9412085	10.00	-38.19304	0.02137479	0.00	0.1356363	-21.34779	10.00	21.34732
0.9509972	10.00	-38.13092	0.009788721	0.00	0.06211552	-21.31044	10.00	21.30998
0.9620936	10.00	-38.06051	0.01109641	0.00	0.07041363	-21.24142	10.00	21.24096
0.9826044	10.00	-37.93036	0.0205108	0.00	0.1301538	-21.20619	10.00	21.20574
0.9930697	10.00	-37.86395	0.01046532	0.00	0.06640896	-21.17028	10.00	21.16982
1.003744	10.00	-37.79621	0.0106739	0.00	0.06773253	-21.10005	10.00	21.09959
1.024612	10.00	-37.66379	0.0208684	0.00	0.132423	-21.06491	10.00	21.06446
1.035053	10.00	-37.59754	0.01044056	0.00	0.06625183	-20.99568	10.00	20.99522
1.055626	10.00	-37.46698	0.02057371	0.00	0.130553	-20.96165	10.00	20.96119
1.065737	10.00	-37.40282	0.01011085	0.00	0.06415961	-20.88974	10.00	20.88929
1.087104	10.00	-37.26724	0.02136654	0.00	0.135584	-20.85617	10.00	20.85571
1.097082	10.00	-37.20392	0.009978784	0.00	0.06332159	-20.78547	10.00	20.78502
1.118089	10.00	-37.07062	0.02100626	0.00	0.1332978	-20.75036	10.00	20.74991
1.128523	10.00	-37.00441	0.01043409	0.00	0.06621078	-20.71437	10.00	20.71393
1.139216	10.00	-36.93655	0.01069331	0.00	0.06785568	-20.64444	10.00	20.64399
1.159997	10.00	-36.80469	0.02078051	0.00	0.1318652	-20.60637	10.00	20.60592
1.171308	10.00	-36.73291	0.01131146	0.00	0.07177825	-20.53811	10.00	20.53766
1.191593	10.00	-36.60419	0.02028482	0.00	0.1287198	-20.49999	10.00	20.49954
1.20292	10.00	-36.53231	0.01132708	0.00	0.07187734	-20.43361	10.00	20.43317
1.222643	10.00	-36.40716	0.01972334	0.00	0.1251568	-20.39004	10.00	20.3896
1.235591	10.00	-36.325	0.0129473	0.00	0.08215867	-20.32794	10.00	20.32749
1.254047	10.00	-36.20788	0.01845624	0.00	0.1171163	-20.27962	10.00	20.27918
1.268401	10.00	-36.1168	0.01435382	0.00	0.09108388	-20.22535	10.00	20.22491
1.28453	10.00	-36.01445	0.01612886	0.00	0.1023476	-20.18492	10.00	20.18447
1.296543	10.00	-35.93822	0.01201327	0.00	0.07623165	-20.11988	10.00	20.11944
1.31587	10.00	-35.81557	0.01932759	0.00	0.1226456	-20.08528	10.00	20.08484
1.326151	10.00	-35.75034	0.01028016	0.00	0.06523404	-20.05092	10.00	20.05048
1.336361	10.00	-35.68555	0.01021056	0.00	0.06479237	-20.01547	10.00	20.01504
1.346894	10.00	-35.61871	0.01053247	0.00	0.06683505	-19.94466	10.00	19.94422
1.367937	10.00	-35.48518	0.02104374	0.00	0.1335356	-19.90936	10.00	19.90892
1.378428	10.00	-35.41861	0.01049053	0.00	0.06656892	-19.87545	10.00	19.87501
1.388503	10.00	-35.35468	0.01007471	0.00	0.06393029	-19.84102	10.00	19.84058
1.398733	10.00	-35.28976	0.01023019	0.00	0.06491695	-19.8058	10.00	19.80535
1.409201	10.00	-35.22334	0.01046822	0.00	0.06642736	-19.73511	10.00	19.73468
1.430203	10.00	-35.09006	0.02100247	0.00	0.1332737	-19.69931	10.00	19.69888
1.44084	10.00	-35.02256	0.01063664	0.00	0.06749612	-19.66579	10.00	19.66536
1.450801	10.00	-34.95935	0.009961161	0.00	0.06320976	-19.63054	10.00	19.63009
1.461279	10.00	-34.89286	0.01047804	0.00	0.06648965	-19.56005	10.00	19.55961
1.482225	10.00	-34.75995	0.02094559	0.00	0.1329128	-19.52418	10.00	19.52374
1.492882	10.00	-34.69232	0.01065739	0.00	0.06762777	-19.48922	10.00	19.48879
1.50327	10.00	-34.6264	0.01038813	0.00	0.06591917	-19.45522	10.00	19.45479
1.513374	10.00	-34.56229	0.01010326	0.00	0.06411148	-19.38484	10.00	19.38441
1.534286	10.00	-34.42959	0.0209119	0.00	0.132699	-19.34888	10.00	19.34844
1.544974	10.00	-34.36177	0.01068885	0.00	0.06782737	-19.31507	10.00	19.31464
1.555018	10.00	-34.29803	0.01004392	0.00	0.06373493	-19.28014	10.00	19.2797
1.564763	10.00	-34.23215	0.009744823	0.00	0.0658852	-19.20943	10.00	19.209
1.580609	10.00	-34.09883	0.01584596	0.00	0.133319	-19.17373	10.00	19.1733
1.587306	10.00	-34.03152	0.006696711	0.00	0.06730927	-19.14005	10.00	19.13962
1.593009	10.00	-33.96801	0.005703235	0.00	0.0635042	-19.10469	10.00	19.10426
1.598998	10.00	-33.90133	0.005989153	0.00	0.06668783	-19.06969	10.00	19.06926
1.603647	10.00	-33.83533	0.004648829	0.00	0.0659942	-18.99907	10.00	18.99864
1.611738	10.00	-33.70217	0.008090846	0.00	0.1331605	-18.96337	10.00	18.96294
1.613873	10.00	-33.63484	0.002135058	0.00	0.06732767	-18.92965	10.00	18.92922
1.615273	10.00	-33.57127	0.001400341	0.00	0.06356931	-18.89368	10.00	18.89326
1.615273	10.00	-33.50345	0	0.00	0.0678217	-18.85937	10.00	18.85895
1.615273	10.00	-33.43876	0	0.00	0.0646947	-18.78789	10.00	18.78747
1.615273	10.00	-33.30398	0	0.00	0.1347771	-18.75277	10.00	18.75235
1.615273	10.00	-33.23775	0	0.00	0.06623343	-18.71938	10.00	18.71895
1.615273	10.00	-33.17478	0	0.00	0.06296911	-18.68335	10.00	18.68292
1.615273	10.00	-33.10684	0	0.00	0.06794062	-18.64886	10.00	18.64843
1.615273	10.00	-33.0418	0	0.00	0.06503727	-18.57757	10.00	18.57715
1.615273	10.00	-32.90739	0	0.00	0.1344076	-18.54352	10.00	18.54309
1.615273	10.00	-32.84317	0	0.00	0.06421907	-18.50903	10.00	18.50861
1.615273	10.00	-32.77814	0	0.00	0.06503019	-18.47361	10.00	18.47318
1.615273	10.00	-32.71135	0	0.00	0.066794	-18.40252	10.00	18.40211
1.615273	10.00	-32.57732	0	0.00	0.1340254	-18.36732	10.00	18.3669
1.615273	10.00	-32.51094	0	0.00	0.0663849	-18.33305	10.00	18.33264
1.615273	10.00	-32.44633	0	0.00	0.0646126	-18.29333	10.00	18.29291
1.615273	10.00	-32.37143	0	0.00	0.07489818	-18.22733	10.00	18.22692
1.615273	10.00	-32.24697	0	0.00	0.1244533	-18.19171	10.00	18.1913
1.615273	10.00	-32.17982	0	0.00	0.0671578	-18.15839	10.00	18.15797
1.615273	10.00	-32.11698	0	0.00	0.06283604	-18.12292	10.00	18.1225
1.615273	10.00	-32.05009	0	0.00	0.06688742	-18.08699	10.00	18.08657
1.615273	10.00	-31.98233	0	0.00	0.06775942	-18.01753	10.00	18.01712
1.615273	10.00	-31.85138	0	0.00	0.1309579	-17.9824	10.00	17.98199
1.615273	10.00	-31.78513	0	0.00	0.06624758	-17.94191	10.00	17.9415
1.615273	10.00	-31.70878	0	0.00	0.07634489	-17.87589	10.00	17.87547
1.615273	10.00	-31.58429	0	0.00	0.1244915	-17.83211	10.00	17.8317
1.615273	10.00	-31.50174	0	0.00	0.08255079	-17.7713	10.00	17.77089
1.615273	10.00	-31.38708	0	0.00	0.1146589	-17.73715	10.00	17.73674
1.615273	10.00	-31.32269	0	0.00	0.06439601	-17.70201	10.00	17.7016
1.615273	10.00	-31.25641	0	0.00	0.06627448	-17.63146	10.00	17.63104
1.615273	10.00	-31.12338	0	0.00	0.1330317	-17.59634	10.00	17.59593
1.615273	10.00	-31.05717	0	0.00	0.06620795	-17.56246	10.00	17.56205
1.615273	10.00	-30.9933	0	0.00	0.06387508	-17.52727	10.00	17.52686
1.615273	10.00	-30.92693	0	0.00	0.06636932	-17.45696	10.00	17.45655
1.615273	10.00	-30.79435	0	0.00	0.1325801	-17.42064	10.00	17.42024
1.615273	10.00	-30.72589	0	0.00	0.06845871	-17.38665	10.00	17.38624
1.615273	10.00	-30.66177	0	0.00	0.06411856	-17.35219	10.00	17.35178
1.615273	10.00	-30.59681	0	0.00	0.06496507	-17.28098	10.00	17.28057
1.615273	10.00	-30.46252	0	0.00	0.1342831	-17.24571	10.00	17.24531
1.615273	10.00	-30.39603	0	0.00	0.06649531	-17.21213	10.00	17.21172
1.615273	10.00	-30.3327	0	0.00	0.06332584	-17.17637	10.00	17.17597
1.615273	10.00	-30.26528	0	0.00	0.06742535	-17.1064	10.00	17.106
1.615273	10.00	-30.13335	0	0.00	0.1319304	-17.07028	10.00	17.06988
1.615273	10.00	-30.06523	0	0.00	0.06811331	-17.03705	10.00	17.03665
1.615273	10.00	-30.00257	0	0.00	0.06266476	-17.00162	10.00	17.00122
1.615273	10.00	-29.93577	0	0.00	0.06679966	-16.96659	10.00	16.9662
1.615273	10.00	-29.86972	0	0.00	0.06604516	-16.89616	10.00	16.89576
1.615273	10.00	-29.73689	0	0.00	0.1328278	-16.8607	10.00	16.8603
1.615273	10.00	-29.67004	0	0.00	0.06685062	-16.82672	10.00	16.82632
1.615273	10.00	-29.60597	0	0.00	0.06407326	-16.7913	10.00	16.79091
1.615273	10.00	-29.53919	0	0.00	0.06678409	-16.75634	10.00	16.75595
1.615273	10.00	-29.47328	0	0.00	0.06590501	-16.68596	10.00	16.68556
1.615273	10.00	-29.34055	0	0.00	0.1327372	-16.65006	10.00	16.64966
1.615273	10.00	-29.27285	0	0.00	0.06769572	-16.61574	10.00	16.61534
1.615273	10.00	-29.20814	0	0.00	0.06470602	-16.58116	10.00	16.58077
1.615273	10.00	-29.14295	0	0.00	0.06519298	-16.51073	10.00	16.51034
1.615273	10.00	-29.01015	0	0.00	0.1328052	-16.47437	10.00	16.47398
1.615273	10.00	-28.9416	0	0.00	0.06855073	-16.44093	10.00	16.44053
1.615273	10.00	-28.87853	0	0.00	0.0630682	-16.40536	10.00	16.40496
1.615273	10.00	-28.81145	0	0.00	0.0670757	-16.33471	10.00	16.33433
1.615273	10.00	-28.67826	0	0.00	0.1331945	-16.29948	10.00	16.29909
1.615273	10.00	-28.6118	0	0.00	0.06645143	-16.26484	10.00	16.26445
1.615273	10.00	-28.54649	0	0.00	0.06531472	-16.23054	10.00	16.23015
1.615273	10.00	-28.48181	0	0.00	0.06467771	-16.19553	10.00	16.19514
1.615273	10.00	-28.4158	0	0.00	0.0660126	-16.12475	10.00	16.12436
1.615273	10.00	-28.28234	0	0.00	0.133462	-16.09032	10.00	16.08994
1.615273	10.00	-28.21742	0	0.00	0.06491695	-16.05473	10.00	16.05434
1.615273	10.00	-28.1503	0	0.00	0.06712383	-16.01972	10.00	16.01933
1.615273	10.00	-28.0843	0	0.00	0.06599986	-15.94968	10.00	15.94929
1.615273	10.00	-27.95221	0	0.00	0.1320832	-15.91385	10.00	15.91347
1.615273	10.00	-27.88466	0	0.00	0.0675485	-15.87957	10.00	15.87919
1.615273	10.00	-27.82003	0	0.00	0.06463949	-15.84115	10.00	15.84076
1.615273	10.00	-27.74757	0	0.00	0.07245772	-15.77365	10.00	15.77327
1.615273	10.00	-27.6203	0	0.00	0.1272717	-15.73851	10.00	15.73813
1.615273	10.00	-27.55405	0	0.00	0.06624192	-15.70499	10.00	15.70461
1.615273	10.00	-27.49083	0	0.00	0.06322674	-15.66985	10.00	15.66947
1.615273	10.00	-27.42458	0	0.00	0.06625041	-15.59918	10.00	15.5988
1.615273	10.00	-27.29132	0	0.00	0.1332582	-15.56346	10.00	15.56308
1.615273	10.00	-27.22397	0	0.00	0.06734607	-15.52978	10.00	15.5294
1.615273	10.00	-27.16046	0	0.00	0.06351411	-15.49449	10.00	15.49411
1.615273	10.00	-27.09392	0	0.00	0.06654061	-15.42318	10.00	15.42279
1.615273	10.00	-26.95944	0	0.00	0.134477	-15.38454	10.00	15.38416
1.615273	10.00	-26.88659	0	0.00	0.07285266	-15.31818	10.00	15.3178
1.615273	10.00	-26.76147	0	0.00	0.1251228	-15.28022	10.00	15.27984
1.615273	10.00	-26.68989	0	0.00	0.07157581	-15.21307	10.00	15.21269
1.615273	10.00	-26.56327	0	0.00	0.1266205	-15.17417	10.00	15.1738
1.615273	10.00	-26.48992	0	0.00	0.07334812	-15.10758	10.00	15.10721
1.615273	10.00	-26.36436	0	0.00	0.1255574	-15.07227	10.00	15.07189
1.615273	10.00	-26.29777	0	0.00	0.06659015	-15.03815	10.00	15.03778
1.615273	10.00	-26.23344	0	0.00	0.06433089	-15.00333	10.00	15.00296
1.615273	10.00	-26.16779	0	0.00	0.06565446	-14.96879	10.00	14.96841
1.615273	10.00	-26.10264	0	0.00	0.0651491	-14.89836	10.00	14.89799
1.615273	10.00	-25.96986	0	0.00	0.1327825	-14.86216	10.00	14.86179
1.615273	10.00	-25.90159	0	0.00	0.06826195	-14.82878	10.00	14.82841
1.615273	10.00	-25.83864	0	0.00	0.06295637	-14.79373	10.00	14.79336
1.615273	10.00	-25.77255	0	0.00	0.06608338	-14.72221	10.00	14.72184
1.615273	10.00	-25.6377	0	0.00	0.1348564	-14.68709	10.00	14.68672
1.615273	10.00	-25.57148	0	0.00	0.06621785	-14.65248	10.00	14.65211
1.615273	10.00	-25.50621	0	0.00	0.06527225	-14.61825	10.00	14.61789
1.615273	10.00	-25.44167	0	0.00	0.06453474	-14.58318	10.00	14.58281
1.615273	10.00	-25.37555	0	0.00	0.06612868	-14.51276	10.00	14.51239
1.615627	10.00	-25.24276	0.000353581	0.00	0.1327854	-14.47688	10.00	14.47651
1.615807	10.00	-25.17511	0.0001801509	0.00	0.06765467	-14.44253	10.00	14.44216
1.61598	10.00	-25.11032	0.000172499	0.00	0.06478105	-14.40795	10.00	14.40759
1.616153	10.00	-25.04514	0.0001735771	0.00	0.0651859	-14.33741	10.00	14.33704
1.616507	10.00	-24.91211	0.0003542293	0.00	0.1330288	-14.30115	10.00	14.30079
1.616689	10.00	-24.84375	0.0001820243	0.00	0.06835821	-14.26751	10.00	14.26715
1.616858	10.00	-24.78033	0.0001688879	0.00	0.06342492	-14.23296	10.00	14.2326
1.617032	10.00	-24.71517	0.0001734866	0.00	0.06515193	-14.19757	10.00	14.19721
1.617209	10.00	-24.64844	0.0001777046	0.00	0.06673596	-14.16229	10.00	14.16193
1.617387	10.00	-24.58192	0.0001771354	0.00	0.0665222	-14.09187	10.00	14.09152
1.61774	10.00	-24.44914	0.0003535621	0.00	0.1327783	-14.0561	10.00	14.05574
1.61792	10.00	-24.38168	0.0001796345	0.00	0.06746074	-14.02262	10.00	14.02226
1.618088	10.00	-24.31855	0.0001680964	0.00	0.06312765	-13.98735	10.00	13.98699
1.618265	10.00	-24.25205	0.0001770789	0.00	0.06650098	-13.95148	10.00	13.95112
1.618445	10.00	-24.18441	0.0001801207	0.00	0.06764334	-13.88186	10.00	13.8815
1.618795	10.00	-24.05313	0.0003495628	0.00	0.1312764	-13.84539	10.00	13.84503
1.618978	10.00	-23.98436	0.0001831212	0.00	0.06877014	-13.81178	10.00	13.81142
1.619146	10.00	-23.92098	0.0001687635	0.00	0.06337821	-13.77671	10.00	13.77635
1.619323	10.00	-23.85486	0.0001760611	0.00	0.06611877	-13.70637	10.00	13.70602
1.619676	10.00	-23.72223	0.0003531852	0.00	0.1326367	-13.67049	10.00	13.67014
1.619856	10.00	-23.65457	0.0001801622	0.00	0.06765892	-13.63101	10.00	13.63066
1.620054	10.00	-23.58014	0.0001981837	0.00	0.07442679	-13.56567	10.00	13.56531
1.620382	10.00	-23.45692	0.0003281149	0.00	0.1232217	-13.53066	10.00	13.5303
1.620558	10.00	-23.3909	0.0001757859	0.00	0.06601543	-13.49689	10.00	13.49654
1.620728	10.00	-23.32723	0.0001695401	0.00	0.06366982	-13.46158	10.00	13.46124
1.620905	10.00	-23.26066	0.0001772711	0.00	0.06657317	-13.39105	10.00	13.3907
1.621259	10.00	-23.12766	0.0003541577	0.00	0.133002	-13.35452	10.00	13.35417
1.621442	10.00	-23.05876	0.0001834491	0.00	0.0688933	-13.32155	10.00	13.32121
1.621608	10.00	-22.99661	0.0001654993	0.00	0.06215232	-13.28626	10.00	13.28591
1.621785	10.00	-22.93006	0.000177207	0.00	0.0665491	-13.25127	10.00	13.25092
1.621961	10.00	-22.86409	0.0001756842	0.00	0.06597721	-13.18081	10.00	13.18046
1.622315	10.00	-22.73123	0.000353777	0.00	0.132859	-13.1451	10.00	13.14476
1.622494	10.00	-22.66389	0.0001792953	0.00	0.06733333	-13.11132	10.00	13.11097
1.622663	10.00	-22.6002	0.0001696079	0.00	0.0636953	-13.07593	10.00	13.07558
1.622841	10.00	-22.53346	0.0001777083	0.00	0.06673738	-13.04033	10.00	13.03998
1.62302	10.00	-22.46633	0.0001787449	0.00	0.06712666	-12.96887	10.00	12.96852
1.62302	10.00	-22.33159	0	0.00	0.1347459	-12.92911	10.00	12.92877
1.62302	10.00	-22.25663	0	0.00	0.07495338	-12.86362	10.00	12.86328
1.62302	10.00	-22.13313	0	0.00	0.123502	-12.82346	10.00	12.82312
1.62302	10.00	-22.05742	0	0.00	0.07571638	-12.75916	10.00	12.75883
1.62302	10.00	-21.93617	0	0.00	0.121247	-12.71908	10.00	12.71874
1.62302	10.00	-21.86058	0	0.00	0.07558615	-12.65457	10.00	12.65423
1.62302	10.00	-21.73894	0	0.00	0.1216419	-12.61941	10.00	12.61907
1.62302	10.00	-21.67265	0	0.00	0.06628722	-12.58572	10.00	12.58538
1.62302	10.00	-21.60912	0	0.00	0.06353817	-12.5502	10.00	12.54986
1.62302	10.00	-21.54215	0	0.00	0.06696953	-12.51514	10.00	12.5148
1.62302	10.00	-21.47604	0	0.00	0.06610744	-12.44424	10.00	12.44391
1.62302	10.00	-21.34236	0	0.00	0.1336758	-12.40907	10.00	12.40874
1.62302	10.00	-21.27604	0	0.00	0.06632403	-12.37529	10.00	12.37496
1.62302	10.00	-21.21234	0	0.00	0.0636953	-12.33981	10.00	12.33947
1.62302	10.00	-21.14544	0	0.00	0.066903	-12.3045	10.00	12.30417
1.62302	10.00	-21.07886	0	0.00	0.06658591	-12.23378	10.00	12.23345
1.62302	10.00	-20.94552	0	0.00	0.1333389	-12.1983	10.00	12.19797
1.62302	10.00	-20.8786	0	0.00	0.06691007	-12.16483	10.00	12.1645
1.62302	10.00	-20.81549	0	0.00	0.06311208	-12.12903	10.00	12.12869
1.62302	10.00	-20.74798	0	0.00	0.06751736	-12.05909	10.00	12.05876
1.62302	10.00	-20.6161	0	0.00	0.1318737	-12.02263	10.00	12.0223
1.62302	10.00	-20.54736	0	0.00	0.06874466	-11.9896	10.00	11.98927
1.62302	10.00	-20.48507	0	0.00	0.0622868	-11.95428	10.00	11.95395
1.62302	10.00	-20.41846	0	0.00	0.06660572	-11.91933	10.00	11.919
1.62302	10.00	-20.35513	0	0.00	0.06333201	-11.84837	10.00	11.84804
1.62302	10.00	-20.24465	0	0.00	0.1104882	-11.81306	10.00	11.81274
1.62302	10.00	-20.1929	0	0.00	0.051748	-11.77913	10.00	11.7788
1.62302	10.00	-20.14812	0	0.00	0.04477406	-11.74418	10.00	11.74385
1.62302	10.00	-20.10775	0	0.00	0.04037638	-11.67367	10.00	11.67334
1.62302	10.00	-20.03916	0	0.00	0.06858937	-11.63787	10.00	11.63754
1.62302	10.00	-20.00564	0	0.00	0.03351888	-11.60365	10.00	11.60332
1.62302	10.00	-19.97923	0	0.00	0.02641401	-11.56835	10.00	11.56802
1.62302	10.00	-19.95649	0	0.00	0.02273173	-11.49747	10.00	11.49715
1.62302	10.00	-19.91085	0	0.00	0.04564672	-11.46235	10.00	11.46203
1.62302	10.00	-19.88758	0	0.00	0.02326377	-11.42767	10.00	11.42735
1.62302	10.00	-19.85321	0	0.00	0.03436781	-11.39231	10.00	11.39199
1.62302	10.00	-19.81108	0	0.00	0.04213575	-11.32287	10.00	11.32255
1.62302	10.00	-19.68774	0	0.00	0.1233349	-11.28813	10.00	11.28781
1.62302	10.00	-19.62287	0	0.00	0.06487154	-11.25342	10.00	11.25309
1.62302	10.00	-19.55741	0	0.00	0.06546336	-11.21843	10.00	11.21811
1.62302	10.00	-19.49144	0	0.00	0.0659673	-11.14725	10.00	11.14692
1.62302	10.00	-19.35722	0	0.00	0.134225	-11.1112	10.00	11.11088
1.62302	10.00	-19.28925	0	0.00	0.06796326	-11.0768	10.00	11.07648
1.62302	10.00	-19.22439	0	0.00	0.06486598	-11.00747	10.00	11.00716
1.62302	10.00	-19.09366	0	0.00	0.1307243	-10.97256	10.00	10.97225
1.62302	10.00	-19.02783	0	0.00	0.06582999	-10.93816	10.00	10.93784
1.62302	10.00	-18.96297	0	0.00	0.06486882	-10.90288	10.00	10.90257
1.62302	10.00	-18.89644	0	0.00	0.0665222	-10.8677	10.00	10.86738
1.62302	10.00	-18.8301	0	0.00	0.0663396	-10.7974	10.00	10.79708
1.62302	10.00	-18.69754	0	0.00	0.1325659	-10.7615	10.00	10.76119
1.62302	10.00	-18.62986	0	0.00	0.0676759	-10.72766	10.00	10.72735
1.62302	10.00	-18.56605	0	0.00	0.06380996	-10.69253	10.00	10.69222
1.62302	10.00	-18.49981	0	0.00	0.0662405	-10.65749	10.00	10.65717
1.62302	10.00	-18.43373	0	0.00	0.06608196	-10.58704	10.00	10.58673
1.62302	10.00	-18.30089	0	0.00	0.1328363	-10.55257	10.00	10.55226
1.62302	10.00	-18.2359	0	0.00	0.06499621	-10.51562	10.00	10.51531
1.62302	10.00	-18.16622	0	0.00	0.06967612	-10.48176	10.00	10.48145
1.62302	10.00	-18.10238	0	0.00	0.06384535	-10.41003	10.00	10.40972
1.62302	10.00	-17.96712	0	0.00	0.1352584	-10.37606	10.00	10.37575
1.62302	10.00	-17.90307	0	0.00	0.06404778	-10.33341	10.00	10.3331
1.62302	10.00	-17.82264	0	0.00	0.080426	-10.27103	10.00	10.27072
1.62302	10.00	-17.70501	0	0.00	0.1176302	-10.23609	10.00	10.23579
1.62302	10.00	-17.63915	0	0.00	0.06586114	-10.17996	10.00	10.17965
1.62302	10.00	-17.5333	0	0.00	0.1058526	-10.12983	10.00	10.12953
1.62302	10.00	-17.43878	0	0.00	0.09451383	-10.09481	10.00	10.0945
1.62302	10.00	-17.37274	0	0.00	0.06604657	-10.06187	10.00	10.06156
1.62302	10.00	-17.31062	0	0.00	0.06211693	-10.02609	10.00	10.02579
1.62302	10.00	-17.24316	0	0.00	0.06745932	-9.991544	10.00	9.99124
1.62302	10.00	-17.17801	0	0.00	0.06514627	-9.920149	10.00	9.919847
1.62302	10.00	-17.04341	0	0.00	0.13461	-9.884718	10.00	9.884418
1.62302	10.00	-16.97659	0	0.00	0.06681099	-9.851083	10.00	9.850781
1.62302	10.00	-16.91317	0	0.00	0.06342492	-9.815892	10.00	9.815592
1.62302	10.00	-16.84681	0	0.00	0.06635658	-9.74504	10.00	9.74474
1.62302	10.00	-16.71322	0	0.00	0.1335965	-9.709249	10.00	9.708946
1.62302	10.00	-16.64572	0	0.00	0.06749612	-9.675936	10.00	9.675635
1.62302	10.00	-16.5829	0	0.00	0.06281481	-9.64038	10.00	9.64008
1.62302	10.00	-16.51586	0	0.00	0.06704314	-9.56986	10.00	9.569562
1.62302	10.00	-16.38289	0	0.00	0.1329694	-9.534026	10.00	9.533731
1.62302	10.00	-16.31532	0	0.00	0.06756973	-9.499441	10.00	9.499144
1.62302	10.00	-16.25011	0	0.00	0.06521705	-9.429055	10.00	9.428761
1.62302	10.00	-16.11739	0	0.00	0.1327118	-9.39333	10.00	9.393034
1.62302	10.00	-16.05002	0	0.00	0.06737155	-9.324136	10.00	9.323843
1.62302	10.00	-15.91956	0	0.00	0.1304652	-9.289852	10.00	9.289557
1.62302	10.00	-15.8549	0	0.00	0.06465364	-9.217627	10.00	9.217335
1.62302	10.00	-15.71872	0	0.00	0.1361813	-9.179542	10.00	9.179248
1.62302	10.00	-15.64691	0	0.00	0.07181647	-9.112096	10.00	9.111803
1.62302	10.00	-15.53081	0	0.00	0.1160939	-9.078545	10.00	9.078252
1.62302	10.00	-15.47551	0	0.00	0.0553038	-9.008	10.00	9.00771
1.624662	10.00	-15.36439	0.001642158	0.00	0.1111193	-8.973801	10.00	8.973509
1.629205	10.00	-15.31114	0.004542929	0.00	0.05325062	-8.93838	10.00	8.938091
1.634556	10.00	-15.25599	0.005351362	0.00	0.0551465	-8.867482	10.00	8.867195
1.646563	10.00	-15.14561	0.01200615	0.00	0.1103853	-8.834124	10.00	8.833835
1.654648	10.00	-15.09367	0.008085517	0.00	0.05193917	-8.762638	10.00	8.762353
1.678499	10.00	-14.98629	0.0238512	0.00	0.1073793	-8.729065	10.00	8.728778
1.690315	10.00	-14.93647	0.01181581	0.00	0.04982258	-8.658027	10.00	8.657743
1.716612	10.00	-14.84921	0.02629665	0.00	0.0872556	-8.623715	10.00	8.623428
1.729314	10.00	-14.80831	0.01270256	0.00	0.04089567	-8.551581	10.00	8.551299
1.756016	10.00	-14.72498	0.02670156	0.00	0.08333126	-8.518113	10.00	8.517828
1.768407	10.00	-14.68631	0.01239075	0.00	0.03866953	-8.446882	10.00	8.446597
1.794775	10.00	-14.59102	0.02636863	0.00	0.09529772	-8.408839	10.00	8.40856
1.808857	10.00	-14.53179	0.01408182	0.00	0.05922697	-8.341696	10.00	8.341415
1.833713	10.00	-14.40641	0.02485571	0.00	0.1253819	-8.303602	10.00	8.303319
1.847815	10.00	-14.33457	0.01410238	0.00	0.07183345	-8.235954	10.00	8.235677
1.872856	10.00	-14.20702	0.02504079	0.00	0.1275506	-8.2002	10.00	8.19992
1.886091	10.00	-14.1396	0.01323559	0.00	0.06741827	-8.130694	10.00	8.130417
1.909284	10.00	-14.00854	0.02319265	0.00	0.1310654	-8.096386	10.00	8.096105
1.920732	10.00	-13.94385	0.01144753	0.00	0.06469186	-8.027077	10.00	8.0268
1.941327	10.00	-13.81316	0.0205949	0.00	0.1306875	-7.993146	10.00	7.992869
1.950171	10.00	-13.74918	0.008843889	0.00	0.06398267	-7.920095	10.00	7.919821
1.959874	10.00	-13.61143	0.009703109	0.00	0.1377441	-7.879452	10.00	7.879178
1.96082	10.00	-13.5348	0.0009461127	0.00	0.07663509	-7.815234	10.00	7.81496
1.96082	10.00	-13.41371	0	0.00	0.1210913	-7.780672	10.00	7.780397
1.96082	10.00	-13.34854	0	0.00	0.06516609	-7.710193	10.00	7.70992
1.96082	10.00	-13.21564	0	0.00	0.1329	-7.675135	10.00	7.674862
1.96082	10.00	-13.14953	0	0.00	0.06610603	-7.60505	10.00	7.604777
1.96082	10.00	-13.01738	0	0.00	0.1321526	-7.565774	10.00	7.565501
1.96082	10.00	-12.94332	0	0.00	0.07406016	-7.500451	10.00	7.500181
1.96082	10.00	-12.82015	0	0.00	0.1231708	-7.467186	10.00	7.466917
1.96082	10.00	-12.75743	0	0.00	0.06272563	-7.395172	10.00	7.394906
1.96082	10.00	-12.62164	0	0.00	0.135785	-7.361109	10.00	7.360841
1.96082	10.00	-12.55741	0	0.00	0.06423181	-7.325749	10.00	7.32548
1.96082	10.00	-12.49073	0	0.00	0.06667792	-7.255943	10.00	7.255676
1.96082	10.00	-12.35911	0	0.00	0.1316246	-7.221858	10.00	7.221592
1.96082	10.00	-12.29484	0	0.00	0.06426861	-7.149548	10.00	7.149282
1.96082	10.00	-12.15848	0	0.00	0.1363554	-7.1167	10.00	7.116435
1.96082	10.00	-12.09655	0	0.00	0.06193432	-7.045237	10.00	7.044975
1.96082	10.00	-11.9618	0	0.00	0.1347502	-7.010352	10.00	7.010089
1.96082	10.00	-11.89602	0	0.00	0.06578045	-6.973057	10.00	6.972793
1.96082	10.00	-11.82569	0	0.00	0.07032444	-6.904584	10.00	6.904324
1.96082	10.00	-11.69658	0	0.00	0.1291119	-6.868252	10.00	6.867992
1.96082	10.00	-11.62808	0	0.00	0.06850401	-6.800685	10.00	6.800426
1.96082	10.00	-11.50067	0	0.00	0.1274047	-6.765905	10.00	6.765647
1.96082	10.00	-11.43509	0	0.00	0.06558368	-6.694448	10.00	6.694191
1.96082	10.00	-11.30035	0	0.00	0.1347374	-6.661023	10.00	6.660765
1.96082	10.00	-11.23732	0	0.00	0.06302998	-6.625982	10.00	6.625722
1.96082	10.00	-11.17124	0	0.00	0.06607772	-6.554138	10.00	6.553883
1.96082	10.00	-11.03578	0	0.00	0.1354636	-6.520905	10.00	6.520646
1.96082	10.00	-10.97311	0	0.00	0.06266901	-6.4489	10.00	6.448647
1.96082	10.00	-10.83735	0	0.00	0.1357652	-6.410912	10.00	6.410657
1.96082	10.00	-10.76571	0	0.00	0.07163385	-6.344101	10.00	6.34385
1.96082	10.00	-10.63974	0	0.00	0.125975	-6.31054	10.00	6.310288
1.96082	10.00	-10.57645	0	0.00	0.06328478	-6.239676	10.00	6.239424
1.96082	10.00	-10.44283	0	0.00	0.133622	-6.204596	10.00	6.204344
1.958722	10.00	-10.37668	-0.002097755	0.00	0.06615133	-6.170378	10.00	6.170123
1.954801	10.00	-10.31215	-0.003920536	0.00	0.06452483	-6.099709	10.00	6.099458
1.936383	10.00	-10.1789	-0.01841839	0.00	0.1332511	-6.065112	10.00	6.064864
1.920419	10.00	-10.11367	-0.01596401	0.00	0.06522979	-5.993476	10.00	5.993227
1.87428	10.00	-9.978591	-0.04613892	0.00	0.1350814	-5.959272	10.00	5.959024
1.850378	10.00	-9.914098	-0.02390216	0.00	0.06449369	-5.923205	10.00	5.922958
1.820565	10.00	-9.846091	-0.02981322	0.00	0.06800573	-5.853035	10.00	5.852787
1.743338	10.00	-9.713772	-0.0772265	0.00	0.1323196	-5.819645	10.00	5.819396
1.701104	10.00	-9.65081	-0.04223379	0.00	0.06296203	-5.748531	10.00	5.748284
1.598175	10.00	-9.51672	-0.1029293	0.00	0.1340905	-5.715062	10.00	5.714818
1.547901	10.00	-9.453613	-0.05027432	0.00	0.06310642	-5.678515	10.00	5.678272
1.491667	10.00	-9.384702	-0.05623369	0.00	0.0689117	-5.607918	10.00	5.607676
1.376593	10.00	-9.251582	-0.1150737	0.00	0.1331194	-5.574964	10.00	5.574721
1.321675	10.00	-9.190045	-0.05491805	0.00	0.06153649	-5.538442	10.00	5.538199
1.259477	10.00	-9.123179	-0.06219815	0.00	0.06686592	-5.467389	10.00	5.46715
1.138475	10.00	-8.995691	-0.1210019	0.00	0.1274882	-5.434782	10.00	5.434538
1.081151	10.00	-8.937176	-0.05732468	0.00	0.05851553	-5.362092	10.00	5.361851
0.9520504	10.00	-8.812057	-0.1291002	0.00	0.1251187	-5.316596	10.00	5.316357
0.8687584	10.00	-8.733748	-0.08329205	0.00	0.07830824	-5.258129	10.00	5.257892
0.7926739	10.00	-8.657664	-0.07608445	0.00	0.07608445	-5.217998	10.00	5.21776
0.7712229	10.00	-8.64867	-0.02145102	0.00	0.008994408	-5.152142	10.00	5.151904
0.7712229	10.00	-8.64867	0	0.00	0	-5.105287	10.00	5.105048
0.7712229	10.00	-8.64867	0	0.00	0	-5.047395	10.00	5.047159
0.7712229	10.00	-8.64867	0	0.00	0	-5.006347	10.00	5.006112
0.7712229	10.00	-8.64867	0	0.00	0	-4.940478	10.00	4.940243
0.7712229	10.00	-8.64867	0	0.00	0	-4.906855	10.00	4.90662
0.7712229	10.00	-8.64867	0	0.00	0	-4.838093	10.00	4.837861
0.7712229	10.00	-8.64867	0	0.00	0	-4.802471	10.00	4.802238
0.7712229	10.00	-8.64867	0	0.00	0	-4.768904	10.00	4.768671
0.7712229	10.00	-8.64867	0	0.00	0	-4.732212	10.00	4.731981
0.7712229	10.00	-8.64867	0	0.00	0	-4.694282	10.00	4.694051
0.7712229	10.00	-8.64867	0	0.00	0	-4.627627	10.00	4.627397
0.7712229	10.00	-8.64867	0	0.00	0	-4.592202	10.00	4.591972
0.7712229	10.00	-8.64867	0	0.00	0	-4.557748	10.00	4.557519
0.7712229	10.00	-8.64867	0	0.00	0	-4.523232	10.00	4.523003
0.7712229	10.00	-8.64867	0	0.00	0	-4.488649	10.00	4.488421
0.7712229	10.00	-8.64867	0	0.00	0	-4.417487	10.00	4.417259
0.7712229	10.00	-8.64867	0	0.00	0	-4.382777	10.00	4.382551
0.7712229	10.00	-8.64867	0	0.00	0	-4.34697	10.00	4.346744
0.7712229	10.00	-8.64867	0	0.00	0	-4.313171	10.00	4.312944
0.7712229	10.00	-8.64867	0	0.00	0	-4.278382	10.00	4.278156
0.7712229	10.00	-8.64867	0	0.00	0	-4.207303	10.00	4.20711
0.7712229	10.00	-8.64867	-0.0003569734	0.00	0	-4.172148	10.00	4.171987
0.7704046	10.00	-8.652056	-0.0008183437	0.00	-0.003385695	-4.138378	10.00	4.138254
0.7677682	10.00	-8.668259	-0.002636332	0.00	-0.01620342	-4.102684	10.00	4.102567
0.7643287	10.00	-8.693215	-0.003439489	0.00	-0.02495667	-4.067749	10.00	4.067628
0.7584051	10.00	-8.730434	-0.00592368	0.00	-0.03721859	-3.997588	10.00	3.997429
0.7375329	10.00	-8.852622	-0.02087219	0.00	-0.1221873	-3.961708	10.00	3.961561
0.7170209	10.00	-8.919044	-0.02051202	0.00	-0.06642222	-3.928348	10.00	3.92821
0.6936806	10.00	-8.981412	-0.02334028	0.00	-0.0623678	-3.892954	10.00	3.892828
0.663096	10.00	-9.048225	-0.03058459	0.00	-0.06681382	-3.857515	10.00	3.857401
0.6285844	10.00	-9.115127	-0.03451156	0.00	-0.06690158	-3.787635	10.00	3.787544
0.5362654	10.00	-9.247044	-0.09231899	0.00	-0.1319162	-3.751772	10.00	3.751693
0.4849537	10.00	-9.314743	-0.05131169	0.00	-0.06769997	-3.717205	10.00	3.717137
0.4342312	10.00	-9.379998	-0.0507225	0.00	-0.06525526	-3.676603	10.00	3.676548
0.3731701	10.00	-9.456645	-0.06106108	0.00	-0.07664641	-3.646555	10.00	3.646508
0.3274281	10.00	-9.513372	-0.04574205	0.00	-0.05672783	-3.576339	10.00	3.576314
0.2192625	10.00	-9.645925	-0.1081656	0.00	-0.1325518	-3.541713	10.00	3.5417
0.164659	10.00	-9.711287	-0.05460354	0.00	-0.06536285	-3.50813	10.00	3.508145
0.1111428	10.00	-9.774614	-0.0535162	0.00	-0.06332725	-3.472764	10.00	3.47278
0.0541421	10.00	-9.841301	-0.05700066	0.00	-0.06668641	-3.402469	10.00	3.402484
-0.05915622	10.00	-9.973851	-0.1132983	0.00	-0.1325504	-3.365739	10.00	3.365755
-0.1183542	10.00	-10.04177	-0.05919797	0.00	-0.06791589	-3.332942	10.00	3.332956
-0.1598388	10.00	-10.09223	-0.0414846	0.00	-0.05046719	-3.297532	10.00	3.297548
-0.2013925	10.00	-10.13896	-0.04155368	0.00	-0.04672566	-3.262125	10.00	3.26214
-0.2403602	10.00	-10.16758	-0.03896768	0.00	-0.02862371	-3.191639	10.00	3.191654
-0.3205042	10.00	-10.16758	-0.08014407	0.00	0	-3.155468	10.00	3.155483
-0.367576	10.00	-10.16758	-0.04707175	0.00	0	-3.122664	10.00	3.122681
-0.4180489	10.00	-10.16758	-0.05047297	0.00	0	-3.087235	10.00	3.087251
-0.4822682	10.00	-10.15964	-0.06421921	0.00	0.007940478	-3.05127	10.00	3.051286
-0.5487709	10.00	-10.14042	-0.06650273	0.00	0.01922357	-2.980757	10.00	2.980773
-0.6817318	10.00	-10.06411	-0.1329609	0.00	0.07631332	-2.945133	10.00	2.945148
-0.748908	10.00	-10.021	-0.0671762	0.00	0.0431092	-2.912293	10.00	2.91231
-0.8108281	10.00	-9.977664	-0.06192017	0.00	0.04333363	-2.876995	10.00	2.877011
-0.8773872	10.00	-9.929794	-0.06655901	0.00	0.04786899	-2.841916	10.00	2.841932
-0.9435328	10.00	-9.881582	-0.06614567	0.00	0.0482122	-2.770142	10.00	2.770159
-1.078871	10.00	-9.782938	-0.1353377	0.00	0.0986448	-2.72585	10.00	2.725865
-1.162391	10.00	-9.722061	-0.08352046	0.00	0.06087632	-2.664577	10.00	2.664593
-1.277929	10.00	-9.637848	-0.115538	0.00	0.08421323	-2.620837	10.00	2.620853
-1.360405	10.00	-9.577733	-0.08247576	0.00	0.06011487	-2.559871	10.00	2.559888
-1.475361	10.00	-9.493944	-0.1149562	0.00	0.08378916	-2.520947	10.00	2.520964
-1.548757	10.00	-9.440447	-0.07339625	0.00	0.053497	-2.454077	10.00	2.454093
-1.67485	10.00	-9.348541	-0.1260925	0.00	0.0919062	-2.417493	10.00	2.417509
-1.743834	10.00	-9.29826	-0.0689839	0.00	0.05028093	-2.350224	10.00	2.35024
-1.870678	10.00	-9.205806	-0.1268442	0.00	0.09245409	-2.314957	10.00	2.314974
-1.937176	10.00	-9.157337	-0.06649815	0.00	0.04846912	-2.281157	10.00	2.281173
-2.000911	10.00	-9.110882	-0.06373493	0.00	0.04645507	-2.246075	10.00	2.246091
-2.067062	10.00	-9.062665	-0.06615133	0.00	0.04821633	-2.210824	10.00	2.21084
-2.133533	10.00	-9.012285	-0.06647125	0.00	0.05038041	-2.140613	10.00	2.140629
-2.265924	10.00	-8.909379	-0.1323904	0.00	0.1029062	-2.105022	10.00	2.105038
-2.333035	10.00	-8.857214	-0.06711109	0.00	0.05216502	-2.071203	10.00	2.071219
-2.396804	10.00	-8.807647	-0.06376891	0.00	0.04956717	-2.035768	10.00	2.035784
-2.463622	10.00	-8.75571	-0.06681807	0.00	0.05193726	-2.000725	10.00	2.000741
-2.5297	10.00	-8.704348	-0.06607772	0.00	0.05136179	-1.930322	10.00	1.930338
-2.662452	10.00	-8.601159	-0.1327528	0.00	0.1031879	-1.894695	10.00	1.894711
-2.729631	10.00	-8.548942	-0.06717903	0.00	0.05221783	-1.86047	10.00	1.860487
-2.794165	10.00	-8.49878	-0.06453332	0.00	0.05016134	-1.825319	10.00	1.825335
-2.860448	10.00	-8.447259	-0.06628297	0.00	0.05152133	-1.754937	10.00	1.754953
-2.993161	10.00	-8.344102	-0.1327132	0.00	0.1031571	-1.719404	10.00	1.719421
-3.060162	10.00	-8.292023	-0.06700067	0.00	0.0520792	-1.685134	10.00	1.685149
-3.124784	10.00	-8.241792	-0.06462251	0.00	0.05023066	-1.649361	10.00	1.649377
-3.192238	10.00	-8.189361	-0.06745366	0.00	0.0524313	-1.579036	10.00	1.579052
-3.324843	10.00	-8.086287	-0.1326056	0.00	0.1030735	-1.544303	10.00	1.544319
-3.390336	10.00	-8.03538	-0.06549308	0.00	0.05090736	-1.509598	10.00	1.509615
-3.455776	10.00	-7.984514	-0.06543929	0.00	0.05086554	-1.4745	10.00	1.474553
-3.521957	10.00	-7.933072	-0.06618106	0.00	0.05144211	-1.438953	10.00	1.439041
-3.588986	10.00	-7.880971	-0.06702898	0.00	0.0521012	-1.369411	10.00	1.369571
-3.720114	10.00	-7.779047	-0.1311277	0.00	0.1019247	-1.332735	10.00	1.332932
-3.789271	10.00	-7.72529	-0.06915801	0.00	0.05375608	-1.299989	10.00	1.300187
-3.851016	10.00	-7.677297	-0.06174463	0.00	0.04799371	-1.264664	10.00	1.26486
-3.917627	10.00	-7.62552	-0.06661139	0.00	0.05177661	-1.22964	10.00	1.229836
-3.98367	10.00	-7.574186	-0.06604233	0.00	0.05133428	-1.159214	10.00	1.15941
-4.116465	10.00	-7.470965	-0.1327953	0.00	0.1032209	-1.122891	10.00	1.123086
-4.184959	10.00	-7.417725	-0.0684941	0.00	0.05324003	-1.089694	10.00	1.089888
-4.247556	10.00	-7.369069	-0.06259681	0.00	0.0486561	-1.053608	10.00	1.053803
-4.3156	10.00	-7.317496	-0.06804395	0.00	0.05157241	-1.019399	10.00	1.019592
-4.380108	10.00	-7.273601	-0.06450784	0.00	0.04389532	-0.9486282	10.00	0.9488215
-4.513553	10.00	-7.225437	-0.133445	0.00	0.04816425	-0.9129621	10.00	0.9131551
-4.580805	10.00	-7.207024	-0.06725264	0.00	0.01841267	-0.8792832	10.00	0.8794754
-4.644312	10.00	-7.20501	-0.06350703	0.00	0.0020139	-0.8437902	10.00	0.8439825
-4.711238	10.00	-7.20501	-0.06692564	0.00	0	-0.8088841	10.00	0.8090752
-4.77706	10.00	-7.20501	-0.0658215	0.00	0	-0.7379856	10.00	0.7381757
-4.910748	10.00	-7.20501	-0.1336885	0.00	0	-0.7021826	10.00	0.7023728
-4.978258	10.00	-7.20501	-0.06751028	0.00	0	-0.668972	10.00	0.6691622
-5.040881	10.00	-7.20501	-0.06262229	0.00	0	-0.6327795	10.00	0.632969
-5.109127	10.00	-7.20501	-0.06824638	0.00	0	-0.5986944	10.00	0.5988836
-5.173398	10.00	-7.20501	-0.06427144	0.00	0	-0.5282304	10.00	0.528419
-5.306267	10.00	-7.20501	-0.1328689	0.00	0	-0.4921234	10.00	0.4923112
-5.374352	10.00	-7.20501	-0.06808501	0.00	0	-0.4585569	10.00	0.4587446
-5.437645	10.00	-7.20501	-0.06329328	0.00	0	-0.4233354	10.00	0.4235227
-5.50406	10.00	-7.20501	-0.06641462	0.00	0	-0.352601	10.00	0.352787
-5.63744	10.00	-7.20501	-0.1333799	0.00	0	-0.3178655	10.00	0.3180516
-5.702938	10.00	-7.20501	-0.06549733	0.00	0	-0.2776875	10.00	0.2778727
-5.778699	10.00	-7.20501	-0.07576168	0.00	0	-0.2099605	10.00	0.2101451
-5.906407	10.00	-7.20501	-0.1277077	0.00	0	-0.1551106	10.00	0.1552947
-6.009833	10.00	-7.20501	-0.1034263	0.00	0	-0.1067065	10.00	0.1068901
-6.101105	10.00	-7.20501	-0.09127215	0.00	0	-0.07208727	10.00	0.07227033
-6.166385	10.00	-7.20501	-0.06527933	0.00	0	-0.001782699	10.00	0.001965403
-6.298952	10.00	-7.20501	-0.1325674	0.00	0	0.03804836	10.00	-0.03786662
-6.37406	10.00	-7.20501	-0.07510768	0.00	0	0.1028967	10.00	-0.1027151
-6.496339	10.00	-7.202316	-0.122279	0.00	0.002693631	0.1385961	10.00	-0.1384152
-6.563655	10.00	-7.200834	-0.06731635	0.00	0.001482883	0.1721686	10.00	-0.1719885
-6.626961	10.00	-7.1976	-0.06330602	0.00	0.003233496	0.2075012	10.00	-0.2073207
-6.693583	10.00	-7.193552	-0.06662271	0.00	0.004048003	0.2425886	10.00	-0.2424089
-6.759747	10.00	-7.189532	-0.06616265	0.00	0.00402005	0.3140739	10.00	-0.3138948
-6.89454	10.00	-7.173511	-0.1347941	0.00	0.01602128	0.3488815	10.00	-0.348703
-6.960175	10.00	-7.164439	-0.06563464	0.00	0.00907223	0.3823536	10.00	-0.3821757
-7.023292	10.00	-7.155103	-0.06311633	0.00	0.00933529	0.4177541	10.00	-0.4175763
-7.090043	10.00	-7.14523	-0.06675153	0.00	0.009872958	0.4533584	10.00	-0.4531808
-7.157179	10.00	-7.1353	-0.06713657	0.00	0.009929908	0.5232117	10.00	-0.5230343
-7.288896	10.00	-7.110717	-0.1317166	0.00	0.02458327	0.5593031	10.00	-0.5591272
-7.356953	10.00	-7.098015	-0.0680567	0.00	0.01270194	0.59299	10.00	-0.5928138
-7.420473	10.00	-7.08616	-0.06351977	0.00	0.01185518	0.6284823	10.00	-0.6283067
-7.487398	10.00	-7.072373	-0.06692564	0.00	0.01378691	0.6992292	10.00	-0.6990548
-7.620801	10.00	-7.042308	-0.1334026	0.00	0.03006482	0.7345642	10.00	-0.7343895
-7.687429	10.00	-7.024712	-0.06662837	0.00	0.0175966	0.7683657	10.00	-0.7681918
-7.751167	10.00	-7.003558	-0.06373776	0.00	0.02115335	0.8032851	10.00	-0.8031112
-7.817011	10.00	-6.968317	-0.06584415	0.00	0.03524121	0.8736729	10.00	-0.8735001
-7.949737	10.00	-6.870291	-0.1327259	0.00	0.09802633	0.9088293	10.00	-0.9086567
-8.016028	10.00	-6.817479	-0.06629147	0.00	0.05281172	0.9433016	10.00	-0.9431294
-8.0804	10.00	-6.757513	-0.06437247	0.00	0.05996663	0.9793729	10.00	-0.9792011
-8.145125	10.00	-6.690813	-0.06472405	0.00	0.06669986	1.048948	10.00	-1.048777
-8.249641	10.00	-6.55962	-0.104516	0.00	0.1311928	1.083597	10.00	-1.083427
-8.298529	10.00	-6.494284	-0.0488873	0.00	0.06533595	1.118544	10.00	-1.118374
-8.344007	10.00	-6.428387	-0.04547833	0.00	0.06589652	1.153718	10.00	-1.153549
-8.382716	10.00	-6.362062	-0.03870991	0.00	0.06632544	1.22416	10.00	-1.223992
-8.455095	10.00	-6.229234	-0.07237847	0.00	0.1328278	1.260562	10.00	-1.260393
-8.490503	10.00	-6.160594	-0.03540829	0.00	0.06863991	1.293792	10.00	-1.293623
-8.519186	10.00	-6.097935	-0.02868273	0.00	0.0626591	1.329954	10.00	-1.329786
-8.548419	10.00	-6.029747	-0.02923301	0.00	0.06818834	1.364159	10.00	-1.363991
-8.568576	10.00	-5.965249	-0.02015658	0.00	0.06449793	1.435147	10.00	-1.43498
-8.601336	10.00	-5.831392	-0.03275947	0.00	0.133857	1.470168	10.00	-1.470002
-8.611742	10.00	-5.765355	-0.01040665	0.00	0.06603666	1.50474	10.00	-1.504574
-8.618859	10.00	-5.700165	-0.007117105	0.00	0.06519015	1.539299	10.00	-1.539134
-8.619663	10.00	-5.634999	-0.00080452	0.00	0.06516609	1.610125	10.00	-1.609961
-8.619663	10.00	-5.501448	0	0.00	0.1335512	1.645731	10.00	-1.645567
-8.619663	10.00	-5.434308	0	0.00	0.0671394	1.67926	10.00	-1.679096
-8.619663	10.00	-5.371086	0	0.00	0.0632225	1.714478	10.00	-1.714314
-8.619663	10.00	-5.304677	0	0.00	0.06640896	1.749627	10.00	-1.749463
-8.619663	10.00	-5.2384	0	0.00	0.06627731	1.821276	10.00	-1.821114
-8.619663	10.00	-5.103295	0	0.00	0.1351041	1.856079	10.00	-1.855917
-8.619663	10.00	-5.037671	0	0.00	0.06562473	1.892769	10.00	-1.892608
-8.619663	10.00	-4.968486	0	0.00	0.06918491	1.960348	10.00	-1.960186
-8.619663	10.00	-4.841058	0	0.00	0.1274274	1.99618	10.00	-1.99602
-8.619663	10.00	-4.773491	0	0.00	0.0675669	2.036193	10.00	-2.036033
-8.619663	10.00	-4.698041	0	0.00	0.07545025	2.100292	10.00	-2.100133
-8.619663	10.00	-4.577175	0	0.00	0.1208662	2.136191	10.00	-2.136032
-8.619663	10.00	-4.509482	0	0.00	0.06769289	2.170587	10.00	-2.170428
-8.619663	10.00	-4.444624	0	0.00	0.06485749	2.205357	10.00	-2.205199
-8.619663	10.00	-4.379061	0	0.00	0.06556387	2.240889	10.00	-2.240731
-8.619663	10.00	-4.312061	0	0.00	0.06699926	2.311367	10.00	-2.31121
-8.619663	10.00	-4.179166	0	0.00	0.1328958	2.348927	10.00	-2.348771
-8.619663	10.00	-4.10834	0	0.00	0.07082556	2.391411	10.00	-2.391255
-8.619663	10.00	-4.028233	0	0.00	0.0801075	2.451738	10.00	-2.451584
-8.619663	10.00	-3.914477	0	0.00	0.1137558	2.489525	10.00	-2.489371
-8.619663	10.00	-3.843225	0	0.00	0.07125165	2.557375	10.00	-2.55722
-8.619663	10.00	-3.715287	0	0.00	0.1279384	2.596016	10.00	-2.595863
-8.619663	10.00	-3.642423	0	0.00	0.07286399	2.662421	10.00	-2.662268
-8.619663	10.00	-3.517208	0	0.00	0.1252149	2.696314	10.00	-2.696161
-8.618256	10.00	-3.453299	0.001407825	0.00	0.06390905	2.730785	10.00	-2.730633
-8.615565	10.00	-3.388299	0.002690651	0.00	0.06500046	2.766296	10.00	-2.766145
-8.605661	10.00	-3.321337	0.009903945	0.00	0.06696104	2.836642	10.00	-2.836491
-8.577051	10.00	-3.188692	0.02860976	0.00	0.1326452	2.871606	10.00	-2.871456
-8.560916	10.00	-3.122762	0.0161355	0.00	0.06593049	2.906028	10.00	-2.905878
-8.542517	10.00	-3.057856	0.01839857	0.00	0.06490562	2.941429	10.00	-2.941279
-8.521655	10.00	-2.991102	0.02086175	0.00	0.06675436	3.012145	10.00	-3.011996
-8.474819	10.00	-2.857759	0.04683632	0.00	0.1333431	3.047675	10.00	-3.047527
-8.449989	10.00	-2.790762	0.02482971	0.00	0.06699643	3.081406	10.00	-3.081257
-8.425185	10.00	-2.729007	0.0248039	0.00	0.0617557	3.1169	10.00	-3.116753
-8.399084	10.00	-2.664669	0.0261012	0.00	0.0643376	3.151593	10.00	-3.151446
-8.373572	10.00	-2.602418	0.02551162	0.00	0.06225088	3.22212	10.00	-3.221973
-8.321711	10.00	-2.48617	0.05186235	0.00	0.1162476	3.257963	10.00	-3.257816
-8.295354	10.00	-2.42971	0.0263568	0.00	0.05646015	3.29316	10.00	-3.293015
-8.26947	10.00	-2.376193	0.02588315	0.00	0.05351754	3.327134	10.00	-3.326989
-8.244488	10.00	-2.325778	0.02498276	0.00	0.05041524	3.361931	10.00	-3.361786
-8.2189	10.00	-2.274141	0.0255878	0.00	0.05163621	3.432436	10.00	-3.432292
-8.167053	10.00	-2.178526	0.05184634	0.00	0.09561481	3.468316	10.00	-3.468172
-8.140669	10.00	-2.131179	0.0263844	0.00	0.0473478	3.501924	10.00	-3.501781
-8.115955	10.00	-2.086829	0.02471391	0.00	0.04435005	3.537265	10.00	-3.537122
-8.089967	10.00	-2.042128	0.02598803	0.00	0.0447007	3.572218	10.00	-3.572076
-8.064264	10.00	-1.998555	0.02570318	0.00	0.04357255	3.642688	10.00	-3.642548
-8.012444	10.00	-1.910708	0.05182039	0.00	0.08784698	3.678503	10.00	-3.678362
-7.986107	10.00	-1.866062	0.02633637	0.00	0.04464595	3.712792	10.00	-3.71265
-7.960893	10.00	-1.823319	0.02521407	0.00	0.0427434	3.747822	10.00	-3.747682
-7.935133	10.00	-1.77965	0.02576004	0.00	0.04366894	3.782471	10.00	-3.782331
-7.909653	10.00	-1.736457	0.0254796	0.00	0.04319353	3.852964	10.00	-3.852826
-7.857816	10.00	-1.648581	0.05183751	0.00	0.08787599	3.889053	10.00	-3.888913
-7.831279	10.00	-1.603594	0.02653732	0.00	0.0449866	3.922433	10.00	-3.922295
-7.806733	10.00	-1.561983	0.0245461	0.00	0.04161103	3.957965	10.00	-3.957827
-7.780604	10.00	-1.517689	0.02612881	0.00	0.04429408	3.993351	10.00	-3.993213
-7.754582	10.00	-1.473577	0.02602116	0.00	0.04411159	4.064213	10.00	-4.064075
-7.702475	10.00	-1.385243	0.05210801	0.00	0.08833455	4.099231	10.00	-4.099094
-7.676723	10.00	-1.341589	0.02575121	0.00	0.04365396	4.137858	10.00	-4.137722
-7.648318	10.00	-1.292026	0.02840489	0.00	0.04956308	4.205786	10.00	-4.20565
-7.598368	10.00	-1.203628	0.04995061	0.00	0.08839801	4.243974	10.00	-4.243839
-7.570286	10.00	-1.153931	0.02808194	0.00	0.04969683	4.308705	10.00	-4.308571
-7.522686	10.00	-1.059055	0.04760057	0.00	0.0948761	4.345168	10.00	-4.345034
-7.495872	10.00	-1.005612	0.02681279	0.00	0.05344249	4.379603	10.00	-4.37947
-7.471807	10.00	-0.9532533	0.02406532	0.00	0.05235898	4.413782	10.00	-4.413648
-7.447922	10.00	-0.9006629	0.02388485	0.00	0.05259035	4.448538	10.00	-4.448404
-7.423634	10.00	-0.8471831	0.02428882	0.00	0.05347982	4.518878	10.00	-4.518745
-7.375762	10.00	-0.7350976	0.04787149	0.00	0.1120854	4.554898	10.00	-4.554766
-7.351905	10.00	-0.6770419	0.02385695	0.00	0.05805576	4.589278	10.00	-4.589146
-7.329134	10.00	-0.62163	0.02277054	0.00	0.05541196	4.623809	10.00	-4.623678
-7.306263	10.00	-0.5659735	0.02287097	0.00	0.05565638	4.694791	10.00	-4.694661
-7.259251	10.00	-0.4515681	0.04701283	0.00	0.1144054	4.730123	10.00	-4.729992
-7.23585	10.00	-0.3946219	0.02340101	0.00	0.05694621	4.763757	10.00	-4.763628
-7.213573	10.00	-0.3404114	0.0222768	0.00	0.05421046	4.799812	10.00	-4.799681
-7.189693	10.00	-0.2823	0.02387983	0.00	0.05811142	4.840326	10.00	-4.840198
-7.162859	10.00	-0.2170001	0.02683379	0.00	0.06529987	4.906184	10.00	-4.906056
-7.11924	10.00	-0.110854	0.04361883	0.00	0.1061462	4.940313	10.00	-4.940185
-7.096636	10.00	-0.05584614	0.02260447	0.00	0.05500783	4.980958	10.00	-4.980832
-7.069717	10.00	0.009661842	0.02691931	0.00	0.06550799	5.045619	10.00	-5.045494
-7.026889	10.00	0.1138817	0.04282726	0.00	0.1042199	5.080383	10.00	-5.080257
-7.003865	10.00	0.169912	0.02302461	0.00	0.05603026	5.121738	10.00	-5.121612
-6.976475	10.00	0.2365658	0.02739018	0.00	0.06665383	5.184848	10.00	-5.184724
-6.934675	10.00	0.3382847	0.04179952	0.00	0.1017189	5.220151	10.00	-5.220027
-6.911294	10.00	0.3951837	0.02338162	0.00	0.05689902	5.254238	10.00	-5.254113
-6.888717	10.00	0.4501226	0.02257613	0.00	0.05493887	5.28966	10.00	-5.289536
-6.865257	10.00	0.507214	0.02346067	0.00	0.05709141	5.324676	10.00	-5.324554
-6.842065	10.00	0.5636508	0.02319168	0.00	0.05643681	5.395327	10.00	-5.395205
-6.795271	10.00	0.6775239	0.04679406	0.00	0.1138731	5.431541	10.00	-5.431419
-6.771286	10.00	0.7358918	0.02398524	0.00	0.05836793	5.464868	10.00	-5.464746
-6.749213	10.00	0.7896062	0.02207294	0.00	0.05371437	5.499928	10.00	-5.499805
-6.725992	10.00	0.8461144	0.02322102	0.00	0.0565082	5.53501	10.00	-5.53489
-6.702756	10.00	0.9026589	0.02323593	0.00	0.0565445	5.606381	10.00	-5.606262
-6.655486	10.00	1.017691	0.04727039	0.00	0.1150322	5.641408	10.00	-5.641289
-6.632287	10.00	1.074146	0.02319914	0.00	0.05645496	5.675112	10.00	-5.674993
-6.609964	10.00	1.128468	0.02232254	0.00	0.05432178	5.710392	10.00	-5.710273
-6.586597	10.00	1.185331	0.0233667	0.00	0.05686272	5.745368	10.00	-5.74525
-6.563432	10.00	1.241703	0.02316532	0.00	0.05637268	5.816815	10.00	-5.816697
-6.51611	10.00	1.356859	0.04732111	0.00	0.1151556	5.851691	10.00	-5.851574
-6.493011	10.00	1.413071	0.0230992	0.00	0.05621176	5.885356	10.00	-5.885238
-6.470715	10.00	1.467328	0.02229619	0.00	0.05425765	5.920534	10.00	-5.920417
-6.447416	10.00	1.524028	0.02329957	0.00	0.05669938	5.955656	10.00	-5.95554
-6.424154	10.00	1.580635	0.02326179	0.00	0.05660741	6.02596	10.00	-6.025843
-6.37759	10.00	1.693948	0.04656385	0.00	0.1133128	6.061995	10.00	-6.061879
-6.353723	10.00	1.752029	0.0238674	0.00	0.05808117	6.095607	10.00	-6.095493
-6.331461	10.00	1.806202	0.02226138	0.00	0.05417295	6.131346	10.00	-6.131233
-6.30779	10.00	1.863806	0.02367149	0.00	0.05760444	6.166024	10.00	-6.16591
-6.284822	10.00	1.919698	0.02296743	0.00	0.05589112	6.236423	10.00	-6.236309
-6.238196	10.00	2.033163	0.0466265	0.00	0.1134653	6.272746	10.00	-6.272634
-6.214138	10.00	2.091707	0.02405783	0.00	0.05854458	6.312431	10.00	-6.312321
-6.187853	10.00	2.155672	0.02628486	0.00	0.06396406	6.377175	10.00	-6.377063
-6.144973	10.00	2.260021	0.04288047	0.00	0.1043494	6.413257	10.00	-6.413146
-6.121075	10.00	2.318177	0.02389823	0.00	0.05815619	6.45331	10.00	-6.4532
-6.094547	10.00	2.382732	0.02652751	0.00	0.06455453	6.516977	10.00	-6.516867
-6.052379	10.00	2.485348	0.04216845	0.00	0.1026167	6.551831	10.00	-6.551721
-6.029294	10.00	2.541524	0.02308428	0.00	0.05617546	6.586172	10.00	-6.586064
-6.006549	10.00	2.596874	0.02274518	0.00	0.05535026	6.622549	10.00	-6.62244
-5.982456	10.00	2.655504	0.02409313	0.00	0.0586305	6.656682	10.00	-6.656573
-5.95985	10.00	2.710516	0.02260596	0.00	0.05501146	6.727271	10.00	-6.727163
-5.913097	10.00	2.82429	0.04675328	0.00	0.1137738	6.76307	10.00	-6.762962
-5.889386	10.00	2.88199	0.02371077	0.00	0.05770002	6.796567	10.00	-6.79646
-5.867201	10.00	2.935977	0.02218482	0.00	0.05398661	6.831976	10.00	-6.83187
-5.843749	10.00	2.993048	0.02345272	0.00	0.05707205	6.866946	10.00	-6.866839
-5.820588	10.00	3.04941	0.02316085	0.00	0.05636179	6.937599	10.00	-6.937493
-5.773792	10.00	3.163287	0.04679555	0.00	0.1138767	6.972994	10.00	-6.972888
-5.75035	10.00	3.220332	0.02344178	0.00	0.05704543	7.007395	10.00	-7.00729
-5.727565	10.00	3.275781	0.02278545	0.00	0.05544826	7.042966	10.00	-7.042861
-5.704006	10.00	3.33311	0.02355863	0.00	0.05732977	7.112801	10.00	-7.112696
-5.657753	10.00	3.452044	0.04625358	0.00	0.1189332	7.148442	10.00	-7.148338
-5.634146	10.00	3.512743	0.02360636	0.00	0.06069973	7.182253	10.00	-7.182149
-5.611754	10.00	3.570321	0.02239215	0.00	0.05757761	7.2178	10.00	-7.217698
-5.587561	10.00	3.630861	0.02419325	0.00	0.06053992	7.252638	10.00	-7.252535
-5.56385	10.00	3.690194	0.02371094	0.00	0.05933301	7.325553	10.00	-7.325453
-5.515557	10.00	3.81437	0.04829267	0.00	0.1241764	7.367424	10.00	-7.367324
-5.487826	10.00	3.885677	0.02773127	0.00	0.07130624	7.405686	10.00	-7.405587
-5.462483	10.00	3.950842	0.02534314	0.00	0.06516556	7.464268	10.00	-7.464168
-5.423683	10.00	4.050609	0.03879981	0.00	0.0997671	7.501386	10.00	-7.501286
-5.399098	10.00	4.113824	0.02458438	0.00	0.06321456	7.569036	10.00	-7.568937
-5.354293	10.00	4.229034	0.04480569	0.00	0.1152102	7.606589	10.00	-7.606492
-5.329422	10.00	4.292986	0.02487128	0.00	0.06395226	7.673826	10.00	-7.673729
-5.284889	10.00	4.407493	0.04453222	0.00	0.114507	7.709114	10.00	-7.709015
-5.261516	10.00	4.467593	0.02337316	0.00	0.06010011	7.74295	10.00	-7.742853
-5.239106	10.00	4.525217	0.02241005	0.00	0.05762364	7.778241	10.00	-7.778145
-5.215732	10.00	4.58532	0.02337416	0.00	0.06010267	7.813722	10.00	-7.813625
-5.192233	10.00	4.645743	0.02349896	0.00	0.06042358	7.884473	10.00	-7.884377
-5.145372	10.00	4.766239	0.04686118	0.00	0.1204956	7.919638	10.00	-7.919544
-5.122083	10.00	4.826123	0.02328913	0.00	0.05988405	7.953246	10.00	-7.953151
-5.099823	10.00	4.88336	0.02225989	0.00	0.05723753	7.989475	10.00	-7.989381
-5.075827	10.00	4.945063	0.02399618	0.00	0.06170209	8.05899	10.00	-8.058896
-5.029787	10.00	5.063447	0.04604028	0.00	0.1183847	8.094914	10.00	-8.094821
-5.005992	10.00	5.124629	0.02379381	0.00	0.06118174	8.129735	10.00	-8.129642
-4.98293	10.00	5.183931	0.0230629	0.00	0.05930232	8.163782	10.00	-8.163692
-4.960381	10.00	5.241913	0.02254928	0.00	0.05798163	8.198933	10.00	-8.198841
-4.9371	10.00	5.301775	0.02328068	0.00	0.05986231	8.269167	10.00	-8.269074
-4.890583	10.00	5.421386	0.04651711	0.00	0.1196108	8.305275	10.00	-8.305183
-4.866666	10.00	5.482883	0.02391662	0.00	0.06149753	8.339485	10.00	-8.339395
-4.844008	10.00	5.541144	0.02265767	0.00	0.05826034	8.374092	10.00	-8.374001
-4.821087	10.00	5.600082	0.02292119	0.00	0.05893795	8.409168	10.00	-8.409081
-4.797857	10.00	5.659815	0.02323046	0.00	0.05973319	8.480832	10.00	-8.480744
-4.750392	10.00	5.781863	0.0474648	0.00	0.1220477	8.516287	10.00	-8.516198
-4.72691	10.00	5.842242	0.02348156	0.00	0.06037883	8.550205	10.00	-8.550117
-4.704444	10.00	5.90001	0.02246624	0.00	0.05776812	8.584408	10.00	-8.584319
-4.681792	10.00	5.958256	0.0226522	0.00	0.05824628	8.620032	10.00	-8.619944
-4.658196	10.00	6.018929	0.02359591	0.00	0.06067288	8.690559	10.00	-8.690473
-4.611485	10.00	6.13904	0.04671152	0.00	0.1201107	8.725372	10.00	-8.725286
-4.588428	10.00	6.198327	0.02305693	0.00	0.05928698	8.759428	10.00	-8.759344
-4.56525	10.00	6.256325	0.02317754	0.00	0.05799825	8.794711	10.00	-8.794628
-4.540591	10.00	6.316417	0.02465868	0.00	0.06009244	8.830298	10.00	-8.830215
-4.516372	10.00	6.377022	0.02421931	0.00	0.06060513	8.900323	10.00	-8.900238
-4.467438	10.00	6.496273	0.04893385	0.00	0.1192503	8.93615	10.00	-8.936066
-4.4424	10.00	6.557288	0.02503746	0.00	0.06101552	8.969723	10.00	-8.969642
-4.418937	10.00	6.614468	0.02346357	0.00	0.05718	9.005618	10.00	-9.005537
-4.394507	10.00	6.675601	0.02443032	0.00	0.06113315	9.041015	10.00	-9.040932
-4.370418	10.00	6.73588	0.02408902	0.00	0.0602791	9.110629	10.00	-9.110546
-4.323039	10.00	6.854439	0.04737896	0.00	0.1185586	9.146885	10.00	-9.146803
-4.298364	10.00	6.916183	0.02467454	0.00	0.06174428	9.180049	10.00	-9.179969
-4.2764	10.00	6.972661	0.02196455	0.00	0.0564781	9.215233	10.00	-9.215152
-4.253097	10.00	7.03258	0.02330256	0.00	0.05991856	9.285937	10.00	-9.285859
-4.206268	10.00	7.152992	0.04682886	0.00	0.1204125	9.322214	10.00	-9.322136
-4.182242	10.00	7.214773	0.02402651	0.00	0.06178008	9.355741	10.00	-9.355661
-4.160035	10.00	7.271873	0.02220669	0.00	0.05710074	9.390362	10.00	-9.390285
-4.137106	10.00	7.330832	0.02292915	0.00	0.0589584	9.425404	10.00	-9.425325
-4.113897	10.00	7.39051	0.02320908	0.00	0.05967821	9.496775	10.00	-9.496696
-4.065323	10.00	7.512058	0.0485735	0.00	0.1215478	9.530905	10.00	-9.530828
-4.041471	10.00	7.570185	0.02385232	0.00	0.05812737	9.565604	10.00	-9.565526
-4.015954	10.00	7.629282	0.02551714	0.00	0.05909649	9.600896	10.00	-9.600821
-3.990002	10.00	7.689384	0.0259516	0.00	0.06010267	9.636497	10.00	-9.636423
-3.965122	10.00	7.750018	0.0248806	0.00	0.06063325	9.707052	10.00	-9.706977
-3.917105	10.00	7.870172	0.0480166	0.00	0.1201542	9.742253	10.00	-9.74218
-3.89379	10.00	7.930122	0.02331499	0.00	0.05995053	9.775832	10.00	-9.775757
-3.871552	10.00	7.987305	0.02223852	0.00	0.05718256	9.81167	10.00	-9.811596
-3.847813	10.00	8.048345	0.02373862	0.00	0.06103982	9.846829	10.00	-9.846756
-3.824527	10.00	8.108221	0.02328615	0.00	0.05987637	9.91881	10.00	-9.918736
-3.776854	10.00	8.230803	0.04767264	0.00	0.1225821	9.952904	10.00	-9.95283
-3.754272	10.00	8.288869	0.02258209	0.00	0.05806601	9.992843	10.00	-9.992772
-3.72782	10.00	8.356886	0.02645193	0.00	0.06801664	10.05825	10.00	-10.05818
-3.684498	10.00	8.468282	0.04332249	0.00	0.1113964	10.0925	10.00	-10.09242
-3.661817	10.00	8.526601	0.02268054	0.00	0.05831916	10.13409	10.00	-10.13402
-3.633507	10.00	8.597444	0.02831027	0.00	0.07084214	10.19782	10.00	-10.19775
-3.587809	10.00	8.705972	0.04569784	0.00	0.1085287	10.23394	10.00	-10.23387
-3.562566	10.00	8.767488	0.02524312	0.00	0.0615167	10.30213	10.00	-10.30206
-3.513669	10.00	8.883615	0.04889664	0.00	0.1161256	10.33819	10.00	-10.33812
-3.487151	10.00	8.945029	0.026518	0.00	0.06141442	10.37169	10.00	-10.37162
-3.462516	10.00	9.002082	0.02463497	0.00	0.05705343	10.40705	10.00	-10.40699
-3.436512	10.00	9.062307	0.0260046	0.00	0.06022541	10.44261	10.00	-10.44254
-3.41037	10.00	9.122851	0.02614206	0.00	0.06054376	10.51276	10.00	-10.5127
-3.360058	10.00	9.242337	0.05031139	0.00	0.1194855	10.54867	10.00	-10.5486
-3.334312	10.00	9.303482	0.02574598	0.00	0.06114466	10.58198	10.00	-10.58192
-3.310423	10.00	9.360217	0.02388926	0.00	0.05673508	10.61727	10.00	-10.61721
-3.285116	10.00	9.42032	0.02530724	0.00	0.06010267	10.65282	10.00	-10.65275
-3.259626	10.00	9.480856	0.02548973	0.00	0.06053609	10.72404	10.00	-10.72398
-3.20725	10.00	9.602157	0.0523763	0.00	0.121301	10.75957	10.00	-10.7595
-3.181128	10.00	9.662653	0.02612163	0.00	0.06049645	10.79295	10.00	-10.79289
-3.1578	10.00	9.719503	0.02332822	0.00	0.05685015	10.82851	10.00	-10.82845
-3.1323	10.00	9.780063	0.02549942	0.00	0.0605591	10.86588	10.00	-10.86582
-3.104816	10.00	9.843716	0.02748463	0.00	0.06365309	10.93329	10.00	-10.93323
-3.055248	10.00	9.958511	0.0495675	0.00	0.114796	10.96984	10.00	-10.96978
-3.028371	10.00	10.02076	0.02687738	0.00	0.06224673	11.00262	10.00	-11.00256
-3.004264	10.00	10.07659	0.02410667	0.00	0.0558299	11.03831	10.00	-11.03825
-2.979321	10.00	10.13737	0.02494303	0.00	0.06078539	11.07298	10.00	-11.07292
-2.955094	10.00	10.19641	0.02422691	0.00	0.05904023	11.14376	10.00	-11.1437
-2.905631	10.00	10.31696	0.04946373	0.00	0.1205416	11.17889	10.00	-11.17884
-2.880438	10.00	10.37679	0.02519311	0.00	0.05983162	11.21289	10.00	-11.21283
-2.856061	10.00	10.43468	0.02437699	0.00	0.05789341	11.2485	10.00	-11.24844
-2.831174	10.00	10.49533	0.02488637	0.00	0.06064732	11.28326	10.00	-11.2832
-2.806886	10.00	10.55452	0.02428777	0.00	0.05918854	11.35468	10.00	-11.35462
-2.755668	10.00	10.67615	0.05121795	0.00	0.1216386	11.38933	10.00	-11.38928
-2.730818	10.00	10.73517	0.02485073	0.00	0.0590185	11.42324	10.00	-11.42318
-2.706502	10.00	10.79478	0.02431562	0.00	0.059605	11.45951	10.00	-11.45945
-2.680496	10.00	10.85919	0.026006	0.00	0.06441078	11.49366	10.00	-11.4936
-2.656007	10.00	10.91984	0.02448896	0.00	0.06065344	11.56475	10.00	-11.5647
-2.610216	10.00	11.04612	0.0457908	0.00	0.1262736	11.59992	10.00	-11.59987
-2.587567	10.00	11.10857	0.02264905	0.00	0.06245745	11.63343	10.00	-11.63338
-2.565984	10.00	11.16809	0.02158291	0.00	0.05951744	11.66883	10.00	-11.66877
-2.543188	10.00	11.23095	0.02279604	0.00	0.06286278	11.70381	10.00	-11.70376
-2.520655	10.00	11.29309	0.02253301	0.00	0.06213744	11.77429	10.00	-11.77424
-2.475261	10.00	11.41827	0.04539384	0.00	0.1251789	11.81003	10.00	-11.80998
-2.452895	10.00	11.48175	0.02236638	0.00	0.06347745	11.84372	10.00	-11.84367
-2.431814	10.00	11.54158	0.02108147	0.00	0.05983077	11.87911	10.00	-11.87906
-2.409666	10.00	11.60443	0.02214745	0.00	0.06285612	11.91436	10.00	-11.91431
-2.387609	10.00	11.66703	0.02205725	0.00	0.06260011	11.98453	10.00	-11.98449
-2.34369	10.00	11.79168	0.04391906	0.00	0.1246456	12.0205	10.00	-12.02045
-2.321187	10.00	11.85555	0.02250309	0.00	0.06386545	12.05463	10.00	-12.05458
-2.299823	10.00	11.91618	0.02136382	0.00	0.06063211	12.08999	10.00	-12.08994
-2.276404	10.00	11.98027	0.02341891	0.00	0.0640913	12.12467	10.00	-12.12463
-2.252801	10.00	12.04376	0.02360262	0.00	0.06349438	12.19508	10.00	-12.19503
-2.202316	10.00	12.17395	0.05048581	0.00	0.1301833	12.23113	10.00	-12.23109
-2.177119	10.00	12.24062	0.02519695	0.00	0.0666707	12.26515	10.00	-12.2651
-2.153345	10.00	12.30352	0.02377415	0.00	0.062906	12.33518	10.00	-12.33514
-2.104402	10.00	12.43303	0.04894277	0.00	0.1295017	12.37161	10.00	-12.37156
-2.078947	10.00	12.50038	0.02545455	0.00	0.06735229	12.40907	10.00	-12.40902
-2.052088	10.00	12.56964	0.02685926	0.00	0.06925962	12.47676	10.00	-12.47671
-2.003546	10.00	12.69481	0.04854187	0.00	0.1251707	12.51156	10.00	-12.51151
-1.978589	10.00	12.75916	0.02495732	0.00	0.06435524	12.55348	10.00	-12.55343
-1.949294	10.00	12.83667	0.02929431	0.00	0.07751226	12.61709	10.00	-12.61705
-1.906001	10.00	12.9543	0.04329362	0.00	0.1176274	12.65163	10.00	-12.65159
-1.881234	10.00	13.01817	0.02476675	0.00	0.06386384	12.68571	10.00	-12.68567
-1.856172	10.00	13.08119	0.0250617	0.00	0.06301983	12.72889	10.00	-12.72885
-1.823631	10.00	13.16103	0.03254144	0.00	0.07984576	12.7909	10.00	-12.79086
-1.778029	10.00	13.2757	0.04560161	0.00	0.1146692	12.82657	10.00	-12.82653
-1.751803	10.00	13.34165	0.02622597	0.00	0.06594747	12.86075	10.00	-12.86071
-1.726667	10.00	13.40548	0.02513623	0.00	0.06383135	12.89614	10.00	-12.8961
-1.700643	10.00	13.47221	0.02602447	0.00	0.06673313	12.93071	10.00	-12.93067
-1.675223	10.00	13.5374	0.02541998	0.00	0.06518307	13.00176	10.00	-13.00172
-1.622978	10.00	13.67136	0.05224436	0.00	0.1339674	13.03779	10.00	-13.03776
-1.598451	10.00	13.73932	0.0245274	0.00	0.06795619	13.07874	10.00	-13.0787
-1.572826	10.00	13.81653	0.0256254	0.00	0.07721265	13.14173	10.00	-13.1417
-1.533405	10.00	13.93531	0.03942022	0.00	0.1187782	13.17602	10.00	-13.17598
-1.511949	10.00	13.99996	0.02145637	0.00	0.06465081	13.2111	10.00	-13.21106
-1.489997	10.00	14.06611	0.02195201	0.00	0.06614425	13.28251	10.00	-13.28248
-1.428354	10.00	14.20077	0.06164286	0.00	0.1346624	13.31652	10.00	-13.31649
-1.398382	10.00	14.26489	0.02997232	0.00	0.06411997	13.35138	10.00	-13.35134
-1.367019	10.00	14.33062	0.03136248	0.00	0.06573232	13.38613	10.00	-13.38609
-1.330044	10.00	14.39615	0.03697497	0.00	0.06552706	13.42096	10.00	-13.42093
-1.291372	10.00	14.46241	0.0386719	0.00	0.06626032	13.4917	10.00	-13.49166
-1.217396	10.00	14.59817	0.07397594	0.00	0.1357595	13.52468	10.00	-13.52465
-1.185998	10.00	14.66267	0.03139874	0.00	0.06449935	13.55666	10.00	-13.55664
-1.156813	10.00	14.72642	0.02918492	0.00	0.06375617	13.58921	10.00	-13.58918
-1.126968	10.00	14.79303	0.02984503	0.00	0.06660714	13.62069	10.00	-13.62066
-1.097912	10.00	14.85931	0.02905549	0.00	0.06627731	13.68199	10.00	-13.68197
-1.046091	10.00	14.99219	0.05182094	0.00	0.1328816	13.71124	10.00	-13.71122
-1.021116	10.00	15.05958	0.02497556	0.00	0.06738996	13.73902	10.00	-13.739
-0.9972475	10.00	15.12571	0.02386831	0.00	0.06613009	13.76499	10.00	-13.76497
-0.9741869	10.00	15.1896	0.02306053	0.00	0.06389207	13.79097	10.00	-13.79095
-0.9503354	10.00	15.25568	0.02385144	0.00	0.06608338	13.84129	10.00	-13.84127
-0.9050427	10.00	15.38829	0.04529278	0.00	0.1326042	13.8653	10.00	-13.86528
-0.8830684	10.00	15.45649	0.02197425	0.00	0.06820108	13.88725	10.00	-13.88723
-0.8627596	10.00	15.52147	0.02030876	0.00	0.06498489	13.90819	10.00	-13.90818
-0.843811	10.00	15.58611	0.01894861	0.00	0.06463807	13.92872	10.00	-13.92871
-0.8250746	10.00	15.65221	0.01873644	0.00	0.06609754	13.9685	10.00	-13.96849
-0.7974594	10.00	15.78626	0.02761523	0.00	0.1340523	13.98637	10.00	-13.98636
-0.7843964	10.00	15.8528	0.01306301	0.00	0.06653919	14.00333	10.00	-14.00332
-0.7712973	10.00	15.91952	0.01309914	0.00	0.06672322	14.01843	10.00	-14.01841
-0.7607846	10.00	15.98237	0.0105126	0.00	0.06284737	14.03365	10.00	-14.03363
-0.75215	10.00	16.04955	0.008634669	0.00	0.06717478	14.06181	10.00	-14.0618
-0.7415136	10.00	16.18229	0.01063637	0.00	0.1327457	14.07376	10.00	-14.07375
-0.7381865	10.00	16.24743	0.003327057	0.00	0.06513777	14.08481	10.00	-14.0848
-0.7381865	10.00	16.31281	0	0.00	0.065377	14.09504	10.00	-14.09504
-0.7381865	10.00	16.37914	0	0.00	0.06633818	14.11355	10.00	-14.11354
-0.7381865	10.00	16.51202	0	0.00	0.1328788	14.12099	10.00	-14.12098
-0.7381865	10.00	16.58047	0	0.00	0.06844031	14.12657	10.00	-14.12657
-0.7381865	10.00	16.64487	0	0.00	0.06440309	14.13085	10.00	-14.13085
-0.7381865	10.00	16.70917	0	0.00	0.064304	14.13451	10.00	-14.13451
-0.7381865	10.00	16.77574	0	0.00	0.06656326	14.13975	10.00	-14.13975
-0.7381865	10.00	16.91014	0	0.00	0.1344048	14.14001	10.00	-14.14001
-0.7381865	10.00	16.97647	0	0.00	0.06632544	14.14001	10.00	-14.14001
-0.7381865	10.00	17.04327	0	0.00	0.06680249	14.14001	10.00	-14.14001
-0.7381865	10.00	17.10571	0	0.00	0.06244393	14.14001	10.00	-14.14001
-0.7381865	10.00	17.17204	0	0.00	0.06633393	14.14001	10.00	-14.14001
-0.7381865	10.00	17.30778	0	0.00	0.1357326	14.14001	10.00	-14.14001
-0.7381865	10.00	17.37999	0	0.00	0.07221141	14.14001	10.00	-14.14001
-0.7381865	10.00	17.50559	0	0.00	0.1256056	14.14001	10.00	-14.14001
-0.7381865	10.00	17.57714	0	0.00	0.07154326	14.14001	10.00	-14.14001
-0.7381865	10.00	17.70394	0	0.00	0.1267975	14.14001	10.00	-14.14001
-0.7381865	10.00	17.77668	0	0.00	0.07274367	14.14001	10.00	-14.14001
-0.7381865	10.00	17.90339	0	0.00	0.1267083	14.14001	10.00	-14.14001
-0.7381865	10.00	17.97055	0	0.00	0.06716204	14.14001	10.00	-14.14001
-0.7381865	10.00	18.03921	0	0.00	0.06865831	14.14001	10.00	-14.14001
-0.7381865	10.00	18.16495	0	0.00	0.1257386	14.14001	10.00	-14.14001
-0.7381865	10.00	18.23217	0	0.00	0.06722433	14.14001	10.00	-14.14001
-0.7381865	10.00	18.29663	0	0.00	0.0644583	14.14001	10.00	-14.14001
-0.7381865	10.00	18.36256	0	0.00	0.06592908	14.14001	10.00	-14.14001
-0.7381865	10.00	18.4278	0	0.00	0.06523828	14.14001	10.00	-14.14001
-0.7381865	10.00	18.56256	0	0.00	0.1347615	14.14001	10.00	-14.14001
-0.7381865	10.00	18.62858	0	0.00	0.06602392	14.14001	10.00	-14.14001
-0.7381865	10.00	18.69251	0	0.00	0.06392887	14.14001	10.00	-14.14001
-0.7381865	10.00	18.75987	0	0.00	0.06736306	14.14001	10.00	-14.14001
-0.7381865	10.00	18.82466	0	0.00	0.06478105	14.14001	10.00	-14.14001
-0.7381865	10.00	18.9598	0	0.00	0.1351465	14.14001	10.00	-14.14001
-0.7381865	10.00	19.02415	0	0.00	0.06435354	14.14001	10.00	-14.14001
-0.7381865	10.00	19.09048	0	0.00	0.06631978	14.14001	10.00	-14.14001
-0.7381865	10.00	19.15443	0	0.00	0.06395152	14.14001	10.00	-14.14001
-0.7381865	10.00	19.22114	0	0.00	0.06671048	14.14001	10.00	-14.14001
-0.7381865	10.00	19.35443	0	0.00	0.133295	14.14001	10.00	-14.14001
-0.7381865	10.00	19.42164	0	0.00	0.06720593	14.14001	10.00	-14.14001
-0.7381865	10.00	19.48711	0	0.00	0.06547468	14.14001	10.00	-14.14001
-0.7381865	10.00	19.55154	0	0.00	0.06442857	14.14001	10.00	-14.14001
-0.7381865	10.00	19.61758	0	0.00	0.06603666	14.14001	10.00	-14.14001
-0.7381865	10.00	19.75045	0	0.00	0.1328703	14.14001	10.00	-14.14001
-0.7381865	10.00	19.81816	0	0.00	0.06771129	14.14001	10.00	-14.14001
-0.7381865	10.00	19.88307	0	0.00	0.06491128	14.14001	10.00	-14.14001
-0.7381865	10.00	19.94753	0	0.00	0.06446113	14.14001	10.00	-14.14001
-0.7381865	10.00	20.01449	0	0.00	0.06695396	14.14001	10.00	-14.14001
-0.7381865	10.00	20.14701	0	0.00	0.1325192	14.14001	10.00	-14.14001
-0.7381865	10.00	20.21545	0	0.00	0.06844173	14.14001	10.00	-14.14001
-0.7381865	10.00	20.27851	0	0.00	0.0630597	14.14001	10.00	-14.14001
-0.7381865	10.00	20.34572	0	0.00	0.06721301	14.14001	10.00	-14.14001
-0.7381865	10.00	20.47885	0	0.00	0.1331336	14.14001	10.00	-14.14001
-0.7381865	10.00	20.54561	0	0.00	0.06675861	14.14001	10.00	-14.14001
-0.7381865	10.00	20.61073	0	0.00	0.06511512	14.14001	10.00	-14.14001
-0.7381865	10.00	20.67537	0	0.00	0.0646409	14.14001	10.00	-14.14001
-0.7381865	10.00	20.74134	0	0.00	0.06597438	14.14001	10.00	-14.14001
-0.7381865	10.00	20.87415	0	0.00	0.1328066	14.14001	10.00	-14.14001
-0.7381865	10.00	20.94196	0	0.00	0.06781038	14.14001	10.00	-14.14001
-0.7381865	10.00	21.00656	0	0.00	0.06459986	14.14001	10.00	-14.14001
-0.7381865	10.00	21.0715	0	0.00	0.06493676	14.14001	10.00	-14.14001
-0.7381865	10.00	21.13772	0	0.00	0.0662221	14.14001	10.00	-14.14001
-0.7381865	10.00	21.27209	0	0.00	0.1343736	14.14001	10.00	-14.14001
-0.7381865	10.00	21.33865	0	0.00	0.06655476	14.14001	10.00	-14.14001
-0.7381865	10.00	21.40446	0	0.00	0.06581017	14.14001	10.00	-14.14001
-0.7381865	10.00	21.46771	0	0.00	0.06325789	14.14001	10.00	-14.14001
-0.7381865	10.00	21.53456	0	0.00	0.0668492	14.14001	10.00	-14.14001
-0.7381865	10.00	21.60141	0	0.00	0.06685062	14.14001	10.00	-14.14001
-0.7381865	10.00	21.73392	0	0.00	0.1325093	14.14001	10.00	-14.14001
-0.7381865	10.00	21.80094	0	0.00	0.06701766	14.14001	10.00	-14.14001
-0.7381865	10.00	21.86433	0	0.00	0.06338529	14.14001	10.00	-14.14001
-0.7381865	10.00	21.93327	0	0.00	0.0689386	14.14001	10.00	-14.14001
-0.7381865	10.00	21.99775	0	0.00	0.06448519	14.14001	10.00	-14.14001
-0.7381865	10.00	22.13227	0	0.00	0.134518	14.14001	10.00	-14.14001
-0.7381865	10.00	22.21099	0	0.00	0.0787174	14.14001	10.00	-14.14001
-0.7381865	10.00	22.33302	0	0.00	0.1220298	14.14001	10.00	-14.14001
-0.7381865	10.00	22.43932	0	0.00	0.1063084	14.14001	10.00	-14.14001
-0.7381865	10.00	22.52716	0	0.00	0.08783372	14.14001	10.00	-14.14001
-0.7381865	10.00	22.5954	0	0.00	0.0682393	14.14001	10.00	-14.14001
-0.7381865	10.00	22.6659	0	0.00	0.07050564	14.14001	10.00	-14.14001
-0.7381865	10.00	22.79132	0	0.00	0.125423	14.14001	10.00	-14.14001
-0.7381865	10.00	22.85801	0	0.00	0.06668641	14.14001	10.00	-14.14001
-0.7381865	10.00	22.92212	0	0.00	0.06410582	14.14001	10.00	-14.14001
-0.7381865	10.00	22.98875	0	0.00	0.06662979	14.14001	10.00	-14.14001
-0.7381865	10.00	23.05402	0	0.00	0.06527225	14.14001	10.00	-14.14001
-0.7381865	10.00	23.18868	0	0.00	0.1346568	14.14001	10.00	-14.14001
-0.7381865	10.00	23.25495	0	0.00	0.06627589	14.14001	10.00	-14.14001
-0.7381865	10.00	23.32202	0	0.00	0.06706579	14.14001	10.00	-14.14001
-0.7381865	10.00	23.38444	0	0.00	0.06242411	14.14001	10.00	-14.14001
-0.7381865	10.00	23.45078	0	0.00	0.06633535	14.14001	10.00	-14.14001
-0.7381865	10.00	23.58516	0	0.00	0.1343779	14.14001	10.00	-14.14001
-0.7381865	10.00	23.64998	0	0.00	0.0648221	14.14001	10.00	-14.14001
-0.7381865	10.00	23.71719	0	0.00	0.06721301	14.14001	10.00	-14.14001
-0.7381865	10.00	23.781	0	0.00	0.06380713	14.14001	10.00	-14.14001
-0.7381865	10.00	23.8483	0	0.00	0.06729936	14.14001	10.00	-14.14001
-0.7381865	10.00	23.98037	0	0.00	0.1320719	14.14001	10.00	-14.14001
-0.7381865	10.00	24.04804	0	0.00	0.06767166	14.14001	10.00	-14.14001
-0.7381865	10.00	24.11268	0	0.00	0.06464232	14.14001	10.00	-14.14001
-0.7381865	10.00	24.17785	0	0.00	0.06516467	14.14001	10.00	-14.14001
-0.7381865	10.00	24.24454	0	0.00	0.06669349	14.14001	10.00	-14.14001
-0.7381865	10.00	24.37784	0	0.00	0.1333006	14.14001	10.00	-14.14001
-0.7381865	10.00	24.44532	0	0.00	0.06748196	14.14001	10.00	-14.14001
-0.7381865	10.00	24.50791	0	0.00	0.06258973	14.14001	10.00	-14.14001
-0.7381865	10.00	24.57446	0	0.00	0.06655052	14.14001	10.00	-14.14001
-0.7381865	10.00	24.64231	0	0.00	0.06785143	14.14001	10.00	-14.14001
-0.7381865	10.00	24.77456	0	0.00	0.132246	14.14001	10.00	-14.14001
-0.7381865	10.00	24.83988	0	0.00	0.06531613	14.14001	10.00	-14.14001
-0.7381865	10.00	24.90698	0	0.00	0.06710543	14.14001	10.00	-14.14001
-0.7381865	10.00	24.97051	0	0.00	0.06352685	14.14001	10.00	-14.14001
-0.7381865	10.00	25.03723	0	0.00	0.06671614	14.14001	10.00	-14.14001
-0.7381865	10.00	25.10378	0	0.00	0.06655335	14.14001	10.00	-14.14001
-0.7381865	10.00	25.23611	0	0.00	0.1323338	14.14001	10.00	-14.14001
-0.7381865	10.00	25.3038	0	0.00	0.06768864	14.14001	10.00	-14.14001
-0.7381865	10.00	25.36945	0	0.00	0.06564455	14.14001	10.00	-14.14001
-0.7381865	10.00	25.43328	0	0.00	0.06382978	14.14001	10.00	-14.14001
-0.7381865	10.00	25.49968	0	0.00	0.06640047	14.14001	10.00	-14.14001
-0.7381865	10.00	25.63408	0	0.00	0.1343991	14.14001	10.00	-14.14001
-0.7381865	10.00	25.70028	0	0.00	0.06620795	14.14001	10.00	-14.14001
-0.7381865	10.00	25.76377	0	0.00	0.06348579	14.14001	10.00	-14.14001
-0.7381865	10.00	25.83033	0	0.00	0.06655618	14.14001	10.00	-14.14001
-0.7381865	10.00	25.89733	0	0.00	0.06700775	14.14001	10.00	-14.14001
-0.7381865	10.00	26.03051	0	0.00	0.1331761	14.14001	10.00	-14.14001
-0.7381865	10.00	26.097	0	0.00	0.06648682	14.14001	10.00	-14.14001
-0.7381865	10.00	26.16145	0	0.00	0.06445263	14.14001	10.00	-14.14001
-0.7381865	10.00	26.22636	0	0.00	0.06490704	14.14001	10.00	-14.14001
-0.7381865	10.00	26.29282	0	0.00	0.06646559	14.14001	10.00	-14.14001
-0.7381865	10.00	26.42811	0	0.00	0.1352867	14.14001	10.00	-14.14001
-0.7381865	10.00	26.49375	0	0.00	0.06564172	14.14001	10.00	-14.14001
-0.7381865	10.00	26.57122	0	0.00	0.07746745	14.14001	10.00	-14.14001
22.9671
