-0.01526186	10.00	-49.93507	-0.01526186	0.00	0.06492969	28.28002	10.00	-28.28002
-0.1378717	10.00	-49.5761	-0.1226099	0.00	0.3589663	28.27089	10.00	-28.27288
-0.1941284	10.00	-49.42431	-0.05625664	0.00	0.1517937	28.25982	10.00	-28.26298
-0.2463224	10.00	-49.31492	-0.05219403	0.00	0.109393	28.24434	10.00	-28.2484
-0.307409	10.00	-49.20281	-0.06108662	0.00	0.1121052	28.22929	10.00	-28.23372
-0.3540914	10.00	-49.11714	-0.04668235	0.00	0.08567072	28.20679	10.00	-28.21131
-0.4142362	10.00	-49.00676	-0.0601448	0.00	0.1103768	28.19124	10.00	-28.19561
-0.4493775	10.00	-48.94227	-0.03514135	0.00	0.06449085	28.17461	10.00	-28.17877
-0.4837953	10.00	-48.87911	-0.03441782	0.00	0.06316304	28.13639	10.00	-28.13984
-0.5569915	10.00	-48.74478	-0.07319611	0.00	0.1343283	28.11444	10.00	-28.11773
-0.5941741	10.00	-48.67889	-0.03718264	0.00	0.0658951	28.09174	10.00	-28.09482
-0.6313886	10.00	-48.61512	-0.03721452	0.00	0.06376325	28.06672	10.00	-28.06952
-0.6700209	10.00	-48.54893	-0.03863225	0.00	0.06619238	28.01325	10.00	-28.01549
-0.7477869	10.00	-48.41569	-0.07776599	0.00	0.133244	27.98328	10.00	-27.98522
-0.7837334	10.00	-48.34853	-0.03594657	0.00	0.06716204	27.95445	10.00	-27.95615
-0.8166186	10.00	-48.28595	-0.03288514	0.00	0.06257416	27.92253	10.00	-27.92404
-0.8513711	10.00	-48.21858	-0.03475254	0.00	0.06736872	27.85702	10.00	-27.85821
-0.9206899	10.00	-48.08421	-0.06931887	0.00	0.1343765	27.82289	10.00	-27.82403
-0.9548379	10.00	-48.01801	-0.03414791	0.00	0.06619663	27.78932	10.00	-27.79045
-0.9842412	10.00	-47.95378	-0.0294033	0.00	0.06423322	27.75455	10.00	-27.75567
-1.009323	10.00	-47.88783	-0.02508167	0.00	0.06595314	27.71919	10.00	-27.72031
-1.029516	10.00	-47.82114	-0.02019308	0.00	0.06668075	27.64881	10.00	-27.64992
-1.029869	10.00	-47.68843	-0.0003534	0.00	0.1327174	27.61302	10.00	-27.61413
-1.029869	10.00	-47.62094	0	0.00	0.06748904	27.57959	10.00	-27.5807
-1.029869	10.00	-47.5579	0	0.00	0.06304131	27.5444	10.00	-27.54552
-1.029869	10.00	-47.49155	0	0.00	0.06634101	27.47354	10.00	-27.47465
-1.029869	10.00	-47.35793	0	0.00	0.1336206	27.43864	10.00	-27.43975
-1.029869	10.00	-47.29212	0	0.00	0.06581584	27.40466	10.00	-27.40578
-1.029869	10.00	-47.22805	0	0.00	0.06406476	27.33423	10.00	-27.33534
-1.029869	10.00	-47.09523	0	0.00	0.1328179	27.29661	10.00	-27.29772
-1.029869	10.00	-47.02431	0	0.00	0.07092182	27.2635	10.00	-27.2646
-1.029869	10.00	-46.96185	0	0.00	0.06246092	27.22823	10.00	-27.22933
-1.029869	10.00	-46.89535	0	0.00	0.06650239	27.19318	10.00	-27.19428
-1.029869	10.00	-46.82927	0	0.00	0.06608479	27.12367	10.00	-27.12477
-1.029869	10.00	-46.69819	0	0.00	0.1310725	27.08731	10.00	-27.08841
-1.029869	10.00	-46.62964	0	0.00	0.06855356	27.05434	10.00	-27.05544
-1.029869	10.00	-46.56747	0	0.00	0.06217073	27.01905	10.00	-27.02014
-1.029869	10.00	-46.50092	0	0.00	0.06654485	26.94834	10.00	-26.94944
-1.029869	10.00	-46.36759	0	0.00	0.1333346	26.9128	10.00	-26.91389
-1.029869	10.00	-46.30056	0	0.00	0.06702898	26.8786	10.00	-26.87969
-1.029869	10.00	-46.23608	0	0.00	0.06448236	26.84332	10.00	-26.84441
-1.029869	10.00	-46.16956	0	0.00	0.06651655	26.80012	10.00	-26.80121
-1.029869	10.00	-46.0881	0	0.00	0.0814622	26.73818	10.00	-26.73926
-1.029869	10.00	-45.97129	0	0.00	0.1168049	26.70248	10.00	-26.70357
-1.029869	10.00	-45.904	0	0.00	0.06729511	26.6687	10.00	-26.66978
-1.029869	10.00	-45.84028	0	0.00	0.06371512	26.63347	10.00	-26.63456
-1.029869	10.00	-45.77386	0	0.00	0.06642312	26.59765	10.00	-26.59874
-1.029869	10.00	-45.70631	0	0.00	0.06754708	26.5276	10.00	-26.52868
-1.029869	10.00	-45.57422	0	0.00	0.1320946	26.49279	10.00	-26.49387
-1.029869	10.00	-45.50859	0	0.00	0.06562898	26.45824	10.00	-26.45933
-1.029869	10.00	-45.44344	0	0.00	0.0651491	26.41631	10.00	-26.41738
-1.029869	10.00	-45.36435	0	0.00	0.07908829	26.35168	10.00	-26.35277
-1.029869	10.00	-45.24251	0	0.00	0.1218387	26.31417	10.00	-26.31525
-1.029869	10.00	-45.17177	0	0.00	0.07074487	26.27976	10.00	-26.28083
-1.029869	10.00	-45.10688	0	0.00	0.06489147	26.21114	10.00	-26.21221
-1.029869	10.00	-44.97749	0	0.00	0.1293908	26.17638	10.00	-26.17744
-1.029869	10.00	-44.91194	0	0.00	0.06554546	26.14289	10.00	-26.14396
-1.029869	10.00	-44.8488	0	0.00	0.06314464	26.10773	10.00	-26.1088
-1.029869	10.00	-44.78251	0	0.00	0.06629288	26.07226	10.00	-26.07333
-1.029869	10.00	-44.71561	0	0.00	0.06689025	26.00131	10.00	-26.00237
-1.029869	10.00	-44.58181	0	0.00	0.1337989	25.96576	10.00	-25.96682
-1.029869	10.00	-44.51479	0	0.00	0.06702757	25.9315	10.00	-25.93256
-1.029869	10.00	-44.45018	0	0.00	0.06460127	25.89715	10.00	-25.89822
-1.029869	10.00	-44.38542	0	0.00	0.06476406	25.82612	10.00	-25.82719
-1.029869	10.00	-44.25148	0	0.00	0.1339419	25.78751	10.00	-25.78857
-1.029869	10.00	-44.17867	0	0.00	0.07280596	25.72075	10.00	-25.72182
-1.029869	10.00	-44.0528	0	0.00	0.1258759	25.68432	10.00	-25.68538
-1.029869	10.00	-43.9841	0	0.00	0.06869795	25.651	10.00	-25.65205
-1.029869	10.00	-43.92126	0	0.00	0.06283321	25.6168	10.00	-25.61785
-1.029869	10.00	-43.85676	0	0.00	0.06450501	25.54572	10.00	-25.54678
-1.029869	10.00	-43.72275	0	0.00	0.1340141	25.51124	10.00	-25.5123
-1.029869	10.00	-43.65774	0	0.00	0.06500612	25.47703	10.00	-25.47807
-1.029869	10.00	-43.5932	0	0.00	0.06453474	25.44179	10.00	-25.44284
-1.029869	10.00	-43.52677	0	0.00	0.06643303	25.37144	10.00	-25.37249
-1.029869	10.00	-43.39412	0	0.00	0.1326565	25.33581	10.00	-25.33687
-1.029869	10.00	-43.32695	0	0.00	0.06717195	25.30063	10.00	-25.30168
-1.029869	10.00	-43.26059	0	0.00	0.06634951	25.26648	10.00	-25.26753
-1.029869	10.00	-43.1962	0	0.00	0.06439318	25.23156	10.00	-25.23261
-1.029869	10.00	-43.13035	0	0.00	0.06585123	25.16057	10.00	-25.16162
-1.029869	10.00	-42.99649	0	0.00	0.133864	25.12541	10.00	-25.12646
-1.029869	10.00	-42.9302	0	0.00	0.06628864	25.09157	10.00	-25.09261
-1.029869	10.00	-42.86637	0	0.00	0.06382978	25.05617	10.00	-25.05722
-1.019354	10.00	-42.79964	0.01051574	0.00	0.06672888	25.02118	10.00	-25.02222
-1.007037	10.00	-42.73365	0.01231647	0.00	0.06599136	24.94947	10.00	-24.9505
-0.9778717	10.00	-42.59843	0.02916544	0.00	0.1352216	24.91522	10.00	-24.91627
-0.9558144	10.00	-42.53385	0.02205724	0.00	0.06457721	24.88126	10.00	-24.8823
-0.9327003	10.00	-42.46981	0.02311418	0.00	0.0640407	24.84545	10.00	-24.84649
-0.9070248	10.00	-42.40229	0.02567546	0.00	0.06751452	24.81075	10.00	-24.81179
-0.8846741	10.00	-42.33686	0.02235072	0.00	0.06543646	24.74052	10.00	-24.74156
-0.8407221	10.00	-42.20443	0.04395194	0.00	0.1324329	24.70452	10.00	-24.70555
-0.8181965	10.00	-42.13655	0.02252564	0.00	0.06787267	24.67087	10.00	-24.67191
-0.7971348	10.00	-42.07309	0.02106174	0.00	0.06346173	24.63498	10.00	-24.63601
-0.7753293	10.00	-42.00541	0.0218055	0.00	0.06767732	24.56413	10.00	-24.56516
-0.7322852	10.00	-41.87182	0.04304407	0.00	0.1335951	24.52526	10.00	-24.52629
-0.7086681	10.00	-41.79852	0.02361711	0.00	0.07329999	24.49001	10.00	-24.49104
-0.6872539	10.00	-41.73206	0.02141417	0.00	0.06646276	24.4248	10.00	-24.42583
-0.6476342	10.00	-41.60909	0.0396197	0.00	0.1229669	24.38937	10.00	-24.3904
-0.626111	10.00	-41.54229	0.02152318	0.00	0.06680108	24.35548	10.00	-24.3565
-0.6055192	10.00	-41.47838	0.02059183	0.00	0.06391047	24.32018	10.00	-24.32121
-0.5840754	10.00	-41.41182	0.02144381	0.00	0.06655476	24.2852	10.00	-24.28622
-0.5628209	10.00	-41.34586	0.02125453	0.00	0.0659673	24.21479	10.00	-24.21581
-0.5200431	10.00	-41.21309	0.04277771	0.00	0.1327684	24.17911	10.00	-24.18013
-0.498364	10.00	-41.1458	0.02167916	0.00	0.0672852	24.14529	10.00	-24.14631
-0.4778169	10.00	-41.08203	0.02054713	0.00	0.06377174	24.10982	10.00	-24.11083
-0.4562636	10.00	-41.01514	0.02155328	0.00	0.0668945	24.07483	10.00	-24.07584
-0.4350095	10.00	-40.94917	0.02125408	0.00	0.06596588	24.00425	10.00	-24.00525
-0.3882592	10.00	-40.82509	0.0467503	0.00	0.1240768	23.96689	10.00	-23.9679
-0.3635162	10.00	-40.76079	0.02474299	0.00	0.0643045	23.93486	10.00	-23.93588
-0.3423049	10.00	-40.70625	0.02121126	0.00	0.05454116	23.89892	10.00	-23.89993
-0.3171841	10.00	-40.64634	0.02512088	0.00	0.05990616	23.82922	10.00	-23.83023
-0.2672037	10.00	-40.53146	0.04998031	0.00	0.1148815	23.79309	10.00	-23.79409
-0.2419517	10.00	-40.4719	0.02525203	0.00	0.05955918	23.75971	10.00	-23.76072
-0.2186298	10.00	-40.41689	0.02332192	0.00	0.05500683	23.72455	10.00	-23.72555
-0.194054	10.00	-40.35893	0.02457579	0.00	0.05796419	23.65354	10.00	-23.65454
-0.14184	10.00	-40.25356	0.052214	0.00	0.1053679	23.61826	10.00	-23.61926
-0.115252	10.00	-40.20507	0.02658804	0.00	0.04848975	23.58429	10.00	-23.58529
-0.08965231	10.00	-40.159	0.02559967	0.00	0.046067	23.54919	10.00	-23.55019
-0.06319779	10.00	-40.11204	0.02645452	0.00	0.04696438	23.51375	10.00	-23.51475
-0.03648981	10.00	-40.06462	0.02670798	0.00	0.04741434	23.4418	10.00	-23.4428
0.01773346	10.00	-39.95786	0.05422328	0.00	0.1067716	23.40817	10.00	-23.40918
0.04184559	10.00	-39.90305	0.02411213	0.00	0.05480866	23.3721	10.00	-23.37309
0.06639853	10.00	-39.83831	0.02455294	0.00	0.06473348	23.30282	10.00	-23.30381
0.1135486	10.00	-39.70894	0.04715007	0.00	0.1293702	23.26606	10.00	-23.26705
0.1385634	10.00	-39.6403	0.02501482	0.00	0.06863556	23.19583	10.00	-23.19683
0.1863613	10.00	-39.50916	0.04779792	0.00	0.1311477	23.16228	10.00	-23.16327
0.209196	10.00	-39.4465	0.02283471	0.00	0.06265378	23.12814	10.00	-23.12912
0.2324364	10.00	-39.38274	0.02324038	0.00	0.06376686	23.09201	10.00	-23.09299
0.257019	10.00	-39.31529	0.02458257	0.00	0.06744957	23.02208	10.00	-23.02307
0.3046115	10.00	-39.1847	0.04759252	0.00	0.1305842	22.98813	10.00	-22.98911
0.3277257	10.00	-39.12128	0.02311418	0.00	0.0634206	22.95324	10.00	-22.95422
0.3514693	10.00	-39.05614	0.02374364	0.00	0.06514771	22.91846	10.00	-22.91945
0.3751379	10.00	-38.9912	0.02366853	0.00	0.06494163	22.88278	10.00	-22.88377
0.3994205	10.00	-38.92457	0.02428266	0.00	0.06662668	22.81273	10.00	-22.8137
0.4471025	10.00	-38.79374	0.04768194	0.00	0.1308295	22.77726	10.00	-22.77825
0.4712324	10.00	-38.72753	0.0241299	0.00	0.06620751	22.74322	10.00	-22.7442
0.4944002	10.00	-38.66396	0.02316783	0.00	0.0635678	22.70778	10.00	-22.70876
0.5185193	10.00	-38.59779	0.02411917	0.00	0.06617808	22.67281	10.00	-22.67379
0.5423223	10.00	-38.53247	0.0238029	0.00	0.06531032	22.60249	10.00	-22.60347
0.5901769	10.00	-38.40117	0.04785463	0.00	0.1313034	22.56663	10.00	-22.5676
0.6132795	10.00	-38.33353	0.02310258	0.00	0.06763768	22.53289	10.00	-22.53387
0.6343901	10.00	-38.26992	0.0211106	0.00	0.06360895	22.49753	10.00	-22.4985
0.6578135	10.00	-38.20324	0.02342338	0.00	0.06668641	22.46252	10.00	-22.46349
0.6778025	10.00	-38.13723	0.01998903	0.00	0.06600694	22.39175	10.00	-22.39272
0.7040038	10.00	-38.00377	0.02620133	0.00	0.133462	22.35603	10.00	-22.357
0.7146162	10.00	-37.93643	0.01061233	0.00	0.06734183	22.30575	10.00	-22.30672
0.7240495	10.00	-37.84161	0.009433337	0.00	0.09481534	22.25212	10.00	-22.25308
0.7282358	10.00	-37.74048	0.004186278	0.00	0.1011316	22.21555	10.00	-22.21651
0.7282358	10.00	-37.67152	0	0.00	0.06895983	22.18162	10.00	-22.18258
0.7282358	10.00	-37.60755	0	0.00	0.06397276	22.1474	10.00	-22.14836
0.7282358	10.00	-37.54302	0	0.00	0.06452483	22.11215	10.00	-22.11311
0.7282358	10.00	-37.47655	0	0.00	0.06647408	22.04138	10.00	-22.04234
0.7282358	10.00	-37.3431	0	0.00	0.133445	22.00587	10.00	-22.00684
0.7282358	10.00	-37.27615	0	0.00	0.06694829	21.9713	10.00	-21.97226
0.7282358	10.00	-37.21096	0	0.00	0.06519723	21.93712	10.00	-21.93807
0.7282358	10.00	-37.1465	0	0.00	0.06446254	21.90183	10.00	-21.90279
0.7282358	10.00	-37.07996	0	0.00	0.06653353	21.83052	10.00	-21.83147
0.7282358	10.00	-36.9455	0	0.00	0.1344614	21.79612	10.00	-21.79707
0.7282358	10.00	-36.88062	0	0.00	0.06487589	21.75849	10.00	-21.75945
0.7282358	10.00	-36.80968	0	0.00	0.0709473	21.72483	10.00	-21.72579
0.7282358	10.00	-36.74621	0	0.00	0.06346739	21.69169	10.00	-21.69264
0.7214125	10.00	-36.68371	-0.006823315	0.00	0.06249914	21.65637	10.00	-21.65732
0.7076926	10.00	-36.61711	-0.01371984	0.00	0.06660006	21.62092	10.00	-21.62187
0.6926288	10.00	-36.55027	-0.01506384	0.00	0.06684071	21.55085	10.00	-21.5518
0.6926288	10.00	-36.41814	0	0.00	0.1321285	21.51542	10.00	-21.51637
0.6926288	10.00	-36.35133	0	0.00	0.06681099	21.48029	10.00	-21.48123
0.6926288	10.00	-36.28509	0	0.00	0.06623767	21.44632	10.00	-21.44727
0.6926288	10.00	-36.22104	0	0.00	0.06405061	21.41082	10.00	-21.41176
0.6926288	10.00	-36.15409	0	0.00	0.06694829	21.37566	10.00	-21.3766
0.6926288	10.00	-36.0878	0	0.00	0.0662943	21.30563	10.00	-21.30657
0.6926288	10.00	-35.95574	0	0.00	0.132062	21.2695	10.00	-21.27044
0.6926288	10.00	-35.88761	0	0.00	0.06812747	21.23479	10.00	-21.23573
0.6926288	10.00	-35.82217	0	0.00	0.06544212	21.20102	10.00	-21.20196
0.6926288	10.00	-35.75849	0	0.00	0.06368114	21.16562	10.00	-21.16656
0.6926288	10.00	-35.69173	0	0.00	0.06675436	21.09534	10.00	-21.09628
0.6871434	10.00	-35.55922	-0.00548537	0.00	0.132515	21.0598	10.00	-21.06073
0.6830709	10.00	-35.49219	-0.004072517	0.00	0.06702615	21.02448	10.00	-21.02541
0.6777351	10.00	-35.4256	-0.005335823	0.00	0.06659298	20.99076	10.00	-20.99169
0.6726393	10.00	-35.362	-0.005095817	0.00	0.06359763	20.95484	10.00	-20.95577
0.6593434	10.00	-35.29427	-0.0132959	0.00	0.06772545	20.88441	10.00	-20.88533
0.6191231	10.00	-35.16146	-0.04022026	0.00	0.1328137	20.84403	10.00	-20.84496
0.5938576	10.00	-35.08533	-0.02526553	0.00	0.07612831	20.7792	10.00	-20.78012
0.5509184	10.00	-34.96309	-0.04293914	0.00	0.1222478	20.74174	10.00	-20.74267
0.5206379	10.00	-34.89245	-0.03028047	0.00	0.07063162	20.67389	10.00	-20.67481
0.4533984	10.00	-34.76451	-0.06723957	0.00	0.1279441	20.63729	10.00	-20.63822
0.4224744	10.00	-34.6955	-0.03092395	0.00	0.06901504	20.56935	10.00	-20.57027
0.4224744	10.00	-34.56738	0	0.00	0.1281196	20.53368	10.00	-20.5346
0.4224744	10.00	-34.50011	0	0.00	0.06725972	20.49997	10.00	-20.50088
0.4224744	10.00	-34.43655	0	0.00	0.0635679	20.46469	10.00	-20.46561
0.4224744	10.00	-34.37004	0	0.00	0.06651089	20.4296	10.00	-20.43052
0.4190944	10.00	-34.30386	-0.003379983	0.00	0.06617398	20.35914	10.00	-20.36006
0.377574	10.00	-34.17101	-0.04152044	0.00	0.132859	20.32338	10.00	-20.32429
0.3538861	10.00	-34.10357	-0.0236879	0.00	0.0674395	20.28903	10.00	-20.28994
0.3292523	10.00	-34.03879	-0.02463378	0.00	0.06477538	20.25469	10.00	-20.2556
0.3040013	10.00	-33.97404	-0.02525106	0.00	0.0647499	20.21947	10.00	-20.22037
0.2600918	10.00	-33.90762	-0.04390945	0.00	0.06641887	20.14649	10.00	-20.1474
0.1251513	10.00	-33.77002	-0.1349406	0.00	0.1376054	20.11407	10.00	-20.11498
0.06461991	10.00	-33.70889	-0.06053135	0.00	0.0611232	20.07851	10.00	-20.07942
-0.002433139	10.00	-33.64184	-0.06705305	0.00	0.06705305	20.03797	10.00	-20.03887
-0.07889128	10.00	-33.56538	-0.07645814	0.00	0.07645814	19.97335	10.00	-19.97426
-0.1948312	10.00	-33.44354	-0.11594	0.00	0.1218387	19.93716	10.00	-19.93806
-0.2591127	10.00	-33.37529	-0.06428145	0.00	0.06824638	19.90358	10.00	-19.90448
-0.3175318	10.00	-33.31197	-0.05841912	0.00	0.06332442	19.86916	10.00	-19.87006
-0.3730055	10.00	-33.24707	-0.05547367	0.00	0.06489996	19.83389	10.00	-19.83479
-0.4272743	10.00	-33.18056	-0.05426878	0.00	0.06650381	19.76352	10.00	-19.76442
-0.5317075	10.00	-33.04786	-0.1044332	0.00	0.1327018	19.72814	10.00	-19.72904
-0.589371	10.00	-32.98116	-0.05766351	0.00	0.06670623	19.6926	10.00	-19.6935
-0.6544433	10.00	-32.91414	-0.06507226	0.00	0.06701908	19.6583	10.00	-19.6592
-0.7184905	10.00	-32.84946	-0.06404723	0.00	0.06467346	19.62349	10.00	-19.62438
-0.7841393	10.00	-32.78382	-0.06564879	0.00	0.06564879	19.58857	10.00	-19.58946
-0.8499792	10.00	-32.71798	-0.0658399	0.00	0.0658399	19.51668	10.00	-19.51756
-0.985549	10.00	-32.58241	-0.1355698	0.00	0.1355698	19.48279	10.00	-19.48368
-1.049435	10.00	-32.51852	-0.0638864	0.00	0.0638864	19.44674	10.00	-19.44763
-1.11741	10.00	-32.45055	-0.06797459	0.00	0.06797459	19.41263	10.00	-19.41352
-1.181739	10.00	-32.38622	-0.06432948	0.00	0.06432948	19.37814	10.00	-19.37902
-1.246781	10.00	-32.32117	-0.06504151	0.00	0.06504151	19.34323	10.00	-19.34412
-1.312601	10.00	-32.25536	-0.06582008	0.00	0.06582008	19.27207	10.00	-19.27295
-1.446791	10.00	-32.12117	-0.1341896	0.00	0.1341896	19.23813	10.00	-19.23902
-1.501485	10.00	-32.05718	-0.05469445	0.00	0.06398833	19.20177	10.00	-19.20265
-1.544159	10.00	-31.98861	-0.04267432	0.00	0.06856772	19.1675	10.00	-19.16838
-1.570613	10.00	-31.92398	-0.02645399	0.00	0.06462533	19.13309	10.00	-19.13398
-1.590887	10.00	-31.85911	-0.02027337	0.00	0.06487165	19.09777	10.00	-19.09865
-1.609124	10.00	-31.7925	-0.0182371	0.00	0.06661139	19.02738	10.00	-19.02825
-1.657033	10.00	-31.65976	-0.0479093	0.00	0.1327386	18.99118	10.00	-18.99206
-1.686291	10.00	-31.59152	-0.02925728	0.00	0.06824496	18.9571	10.00	-18.95797
-1.715088	10.00	-31.52725	-0.02879719	0.00	0.06426861	18.88621	10.00	-18.88708
-1.777575	10.00	-31.39357	-0.06248756	0.00	0.13368	18.8506	10.00	-18.85148
-1.808957	10.00	-31.32644	-0.03138174	0.00	0.06713516	18.81678	10.00	-18.81765
-1.837535	10.00	-31.26265	-0.02857836	0.00	0.06378023	18.74533	10.00	-18.7462
-1.882249	10.00	-31.12793	-0.0447135	0.00	0.1347275	18.71107	10.00	-18.71194
-1.90807	10.00	-31.06332	-0.02582088	0.00	0.06460693	18.67594	10.00	-18.67681
-1.938389	10.00	-30.99708	-0.03031956	0.00	0.06623484	18.60567	10.00	-18.60654
-2.005458	10.00	-30.86458	-0.06706905	0.00	0.1325022	18.57094	10.00	-18.5718
-2.036071	10.00	-30.79909	-0.03061285	0.00	0.06549025	18.53662	10.00	-18.53748
-2.062562	10.00	-30.73438	-0.02649108	0.00	0.06471593	18.46546	10.00	-18.46633
-2.10969	10.00	-30.6002	-0.04712769	0.00	0.1341726	18.43084	10.00	-18.4317
-2.133889	10.00	-30.53491	-0.0241991	0.00	0.0652949	18.35985	10.00	-18.3607
-2.188689	10.00	-30.40104	-0.05479934	0.00	0.1338711	18.31772	10.00	-18.31859
-2.225043	10.00	-30.32162	-0.03635496	0.00	0.07941953	18.25455	10.00	-18.2554
-2.280734	10.00	-30.20248	-0.05569059	0.00	0.1191392	18.21887	10.00	-18.21973
-2.313475	10.00	-30.13522	-0.03274113	0.00	0.06725689	18.149	10.00	-18.14985
-2.385278	10.00	-30.00345	-0.07180305	0.00	0.1317718	18.11368	10.00	-18.11454
-2.421562	10.00	-29.93686	-0.03628372	0.00	0.06658732	18.07017	10.00	-18.07102
-2.466275	10.00	-29.85481	-0.04471308	0.00	0.08205675	18.00654	10.00	-18.00739
-2.531652	10.00	-29.73483	-0.06537689	0.00	0.1199786	17.97265	10.00	-17.9735
-2.566471	10.00	-29.67093	-0.03481892	0.00	0.06389914	17.90443	10.00	-17.90528
-2.636563	10.00	-29.5423	-0.07009217	0.00	0.1286321	17.86997	10.00	-17.87082
-2.671973	10.00	-29.47731	-0.03540978	0.00	0.06498347	17.79874	10.00	-17.79958
-2.745165	10.00	-29.34299	-0.07319225	0.00	0.1343213	17.75561	10.00	-17.75645
-2.787115	10.00	-29.26167	-0.04194972	0.00	0.08132065	17.69412	10.00	-17.69496
-2.84693	10.00	-29.14572	-0.05981562	0.00	0.1159542	17.66047	10.00	-17.66131
-2.879658	10.00	-29.08227	-0.0327276	0.00	0.06344333	17.62468	10.00	-17.62552
-2.914475	10.00	-29.01478	-0.03481753	0.00	0.06749471	17.55364	10.00	-17.55448
-2.983577	10.00	-28.88082	-0.06910127	0.00	0.1339546	17.52041	10.00	-17.52125
-3.015898	10.00	-28.81817	-0.03232159	0.00	0.06265627	17.48505	10.00	-17.48588
-3.050299	10.00	-28.75148	-0.03440057	0.00	0.06668641	17.4133	10.00	-17.41414
-3.120086	10.00	-28.6162	-0.06978768	0.00	0.1352853	17.37831	10.00	-17.37914
-3.154129	10.00	-28.55021	-0.03404202	0.00	0.06599136	17.34396	10.00	-17.34479
-3.18754	10.00	-28.48544	-0.03341183	0.00	0.06476972	17.27268	10.00	-17.27351
-3.25687	10.00	-28.35104	-0.06932909	0.00	0.1343963	17.23754	10.00	-17.23837
-3.291057	10.00	-28.28477	-0.03418734	0.00	0.06627306	17.20388	10.00	-17.20471
-3.323797	10.00	-28.2213	-0.03274002	0.00	0.06346739	17.13288	10.00	-17.13371
-3.390268	10.00	-28.08742	-0.06647129	0.00	0.1338824	17.09753	10.00	-17.09835
-3.42207	10.00	-28.02076	-0.03180149	0.00	0.06665244	17.06475	10.00	-17.06557
-3.45156	10.00	-27.95896	-0.02949025	0.00	0.06180834	17.02933	10.00	-17.03015
-3.483432	10.00	-27.89215	-0.03187241	0.00	0.06680108	16.95771	10.00	-16.95853
-3.545251	10.00	-27.75711	-0.06181911	0.00	0.1350475	16.9238	10.00	-16.92462
-3.573898	10.00	-27.69317	-0.02864623	0.00	0.0639317	16.88382	10.00	-16.88464
-3.606946	10.00	-27.61779	-0.03304829	0.00	0.07538513	16.81796	10.00	-16.81878
-3.656578	10.00	-27.4936	-0.04963221	0.00	0.1241857	16.78383	10.00	-16.78464
-3.681061	10.00	-27.42922	-0.02448304	0.00	0.06437902	16.71053	10.00	-16.71134
-3.730949	10.00	-27.291	-0.04988759	0.00	0.1382198	16.67731	10.00	-16.67812
-3.753555	10.00	-27.22837	-0.02260632	0.00	0.06263362	16.64364	10.00	-16.64445
-3.776468	10.00	-27.16489	-0.02291288	0.00	0.06348296	16.57207	10.00	-16.57288
-3.819949	10.00	-27.02994	-0.04348147	0.00	0.1349526	16.53732	10.00	-16.53813
-3.841063	10.00	-26.96441	-0.0211136	0.00	0.06552989	16.50369	10.00	-16.50449
-3.861497	10.00	-26.90099	-0.02043402	0.00	0.06342068	16.43153	10.00	-16.43234
-3.909288	10.00	-26.76493	-0.04779098	0.00	0.136061	16.39212	10.00	-16.39292
-3.935394	10.00	-26.6906	-0.02610636	0.00	0.07432487	16.32735	10.00	-16.32815
-3.97829	10.00	-26.56848	-0.04289588	0.00	0.1221247	16.29301	10.00	-16.29381
-4.001034	10.00	-26.50372	-0.02274418	0.00	0.06475274	16.25835	10.00	-16.25915
-4.023993	10.00	-26.43836	-0.02295848	0.00	0.06536285	16.18705	10.00	-16.18785
-4.071213	10.00	-26.30392	-0.04721968	0.00	0.1344345	16.15294	10.00	-16.15373
-4.093808	10.00	-26.2396	-0.02259502	0.00	0.06432806	16.08088	10.00	-16.08168
-4.141529	10.00	-26.10373	-0.04772087	0.00	0.1358614	16.04651	10.00	-16.04731
-4.166179	10.00	-26.03892	-0.02465047	0.00	0.06481927	16.01107	10.00	-16.01187
-4.192236	10.00	-25.9721	-0.02605704	0.00	0.06681665	15.94123	10.00	-15.94202
-4.243601	10.00	-25.84039	-0.05136551	0.00	0.1317138	15.90645	10.00	-15.90725
-4.269173	10.00	-25.77481	-0.02557124	0.00	0.06557094	15.87279	10.00	-15.87358
-4.293926	10.00	-25.71134	-0.02475311	0.00	0.06347305	15.80122	10.00	-15.802
-4.346563	10.00	-25.57637	-0.05263686	0.00	0.1349738	15.76711	10.00	-15.7679
-4.371636	10.00	-25.51207	-0.02507385	0.00	0.06429551	15.69545	10.00	-15.69623
-4.424338	10.00	-25.37693	-0.05270145	0.00	0.1351395	15.66166	10.00	-15.66245
-4.449183	10.00	-25.31322	-0.02484475	0.00	0.06370804	15.61757	10.00	-15.61835
-4.481604	10.00	-25.23009	-0.03242156	0.00	0.08313683	15.55386	10.00	-15.55465
-4.528451	10.00	-25.10996	-0.04684703	0.00	0.1201273	15.49067	10.00	-15.49145
-4.566844	10.00	-24.9908	-0.0383928	0.00	0.119159	15.45189	10.00	-15.45267
-4.590404	10.00	-24.91768	-0.02355964	0.00	0.07312163	15.39741	10.00	-15.39818
-4.619528	10.00	-24.81494	-0.02912448	0.00	0.102744	15.34692	10.00	-15.3477
-4.646511	10.00	-24.71975	-0.0269821	0.00	0.09518623	15.30718	10.00	-15.30795
-4.667758	10.00	-24.64479	-0.02124798	0.00	0.07495763	15.24079	10.00	-15.24156
-4.703241	10.00	-24.51962	-0.03548298	0.00	0.1251752	15.20663	10.00	-15.2074
-4.7215	10.00	-24.4552	-0.01825893	0.00	0.064413	15.17215	10.00	-15.17292
-4.739933	10.00	-24.39018	-0.01843267	0.00	0.06502594	15.13675	10.00	-15.13752
-4.758852	10.00	-24.32343	-0.01891941	0.00	0.06674304	15.06529	10.00	-15.06606
-4.79705	10.00	-24.18868	-0.03819756	0.00	0.1347516	15.03035	10.00	-15.03112
-4.815727	10.00	-24.1228	-0.01867705	0.00	0.06588802	14.99589	10.00	-14.99665
-4.834149	10.00	-24.05781	-0.01842184	0.00	0.06498772	14.96151	10.00	-14.96227
-4.852524	10.00	-23.99298	-0.01837489	0.00	0.0648221	14.92653	10.00	-14.92729
-4.87122	10.00	-23.92703	-0.01869631	0.00	0.06595597	14.85635	10.00	-14.85712
-4.90873	10.00	-23.7947	-0.03750979	0.00	0.1323253	14.82078	10.00	-14.82154
-4.927746	10.00	-23.72762	-0.01901612	0.00	0.06708419	14.78508	10.00	-14.78584
-4.946828	10.00	-23.6603	-0.01908233	0.00	0.06731776	14.75051	10.00	-14.75127
-4.965306	10.00	-23.59512	-0.01847802	0.00	0.0651859	14.67916	10.00	-14.67992
-5.003443	10.00	-23.46058	-0.03813697	0.00	0.1345378	14.64413	10.00	-14.64489
-5.022166	10.00	-23.39453	-0.01872319	0.00	0.06605082	14.61032	10.00	-14.61108
-5.040239	10.00	-23.33077	-0.01807274	0.00	0.06375617	14.53912	10.00	-14.53988
-5.078294	10.00	-23.19652	-0.03805471	0.00	0.1342477	14.50387	10.00	-14.50462
-5.095211	10.00	-23.13003	-0.01691687	0.00	0.06649248	14.4702	10.00	-14.47095
-5.110747	10.00	-23.06655	-0.0155365	0.00	0.06348296	14.39915	10.00	-14.3999
-5.143533	10.00	-22.93258	-0.03278615	0.00	0.133966	14.3646	10.00	-14.36535
-5.15948	10.00	-22.86742	-0.01594669	0.00	0.06515901	14.33053	10.00	-14.33128
-5.1752	10.00	-22.80319	-0.01572011	0.00	0.06423322	14.25895	10.00	-14.2597
-5.208234	10.00	-22.66821	-0.03303351	0.00	0.1349767	14.22472	10.00	-14.22547
-5.224028	10.00	-22.60368	-0.0157946	0.00	0.06453757	14.18937	10.00	-14.19011
-5.240345	10.00	-22.537	-0.01631738	0.00	0.06667367	14.11863	10.00	-14.11937
-5.272991	10.00	-22.40361	-0.0326448	0.00	0.1333884	14.08511	10.00	-14.08586
-5.288457	10.00	-22.34042	-0.01546652	0.00	0.06319702	14.04955	10.00	-14.05029
-5.304868	10.00	-22.27336	-0.01641126	0.00	0.0670573	13.97815	10.00	-13.97889
-5.333908	10.00	-22.13872	-0.02903965	0.00	0.1346384	13.94345	10.00	-13.94419
-5.34612	10.00	-22.07329	-0.01221238	0.00	0.06543363	13.90862	10.00	-13.90936
-5.357741	10.00	-22.00762	-0.01162062	0.00	0.06567003	13.8383	10.00	-13.83903
-5.379923	10.00	-21.87501	-0.02218189	0.00	0.1326098	13.80305	10.00	-13.80379
-5.391038	10.00	-21.80856	-0.01111569	0.00	0.06645285	13.76835	10.00	-13.76908
-5.401987	10.00	-21.7431	-0.01094805	0.00	0.06545062	13.69808	10.00	-13.69881
-5.424149	10.00	-21.61061	-0.02216224	0.00	0.1324923	13.66423	10.00	-13.66496
-5.434826	10.00	-21.54678	-0.01067764	0.00	0.06383403	13.59316	10.00	-13.59389
-5.457241	10.00	-21.41278	-0.02241465	0.00	0.1340013	13.55823	10.00	-13.55896
-5.46826	10.00	-21.3469	-0.01101861	0.00	0.06587246	13.48848	10.00	-13.4892
-5.490262	10.00	-21.21537	-0.02200194	0.00	0.131534	13.45415	10.00	-13.45487
-5.501089	10.00	-21.15064	-0.01082752	0.00	0.06473009	13.38082	10.00	-13.38154
-5.5202	10.00	-21.01238	-0.01911105	0.00	0.1382622	13.34838	10.00	-13.34911
-5.528063	10.00	-20.95121	-0.007862618	0.00	0.0611685	13.31172	10.00	-13.31244
-5.536951	10.00	-20.88206	-0.008887773	0.00	0.06914385	13.24311	10.00	-13.24383
-5.55358	10.00	-20.7527	-0.01662921	0.00	0.1293696	13.2061	10.00	-13.20682
-5.562549	10.00	-20.68292	-0.008969109	0.00	0.06977662	13.13717	10.00	-13.13789
-5.579257	10.00	-20.55294	-0.01670763	0.00	0.1299797	13.09063	10.00	-13.09134
-5.590538	10.00	-20.46517	-0.01128144	0.00	0.08776577	13.03337	10.00	-13.03408
-5.604416	10.00	-20.3572	-0.01387835	0.00	0.1079689	12.98885	10.00	-12.98956
-5.612769	10.00	-20.27325	-0.008352968	0.00	0.08395645	12.92642	10.00	-12.92713
-5.623342	10.00	-20.15553	-0.01057211	0.00	0.117718	12.89257	10.00	-12.89328
-5.629074	10.00	-20.0917	-0.005732475	0.00	0.06382978	12.84672	10.00	-12.84742
-5.636838	10.00	-20.00525	-0.007764541	0.00	0.08645636	12.78581	10.00	-12.78652
-5.643816	10.00	-19.8904	-0.006978041	0.00	0.1148458	12.7469	10.00	-12.74761
-5.644722	10.00	-19.81703	-0.0009057775	0.00	0.07336794	12.68108	10.00	-12.68178
-5.646255	10.00	-19.69291	-0.001532407	0.00	0.1241249	12.64752	10.00	-12.64822
-5.647036	10.00	-19.62963	-0.0007811193	0.00	0.06327063	12.61159	10.00	-12.6123
-5.647872	10.00	-19.56188	-0.0008364317	0.00	0.06775093	12.5423	10.00	-12.54299
-5.649486	10.00	-19.43121	-0.001613217	0.00	0.1306705	12.5068	10.00	-12.5075
-5.650312	10.00	-19.36428	-0.0008263129	0.00	0.06693131	12.47313	10.00	-12.47383
-5.651095	10.00	-19.30079	-0.0007838455	0.00	0.06349146	12.43792	10.00	-12.43862
-5.651915	10.00	-19.2344	-0.0008196195	0.00	0.06638914	12.36736	10.00	-12.36806
-5.653558	10.00	-19.10135	-0.001642594	0.00	0.1330501	12.33156	10.00	-12.33225
-5.654391	10.00	-19.03384	-0.0008334607	0.00	0.06751028	12.29646	10.00	-12.29715
-5.655209	10.00	-18.96764	-0.0008172602	0.00	0.06619804	12.26274	10.00	-12.26343
-5.65784	10.00	-18.90408	-0.002631351	0.00	0.0635679	12.22767	10.00	-12.22836
-5.660577	10.00	-18.83794	-0.00273747	0.00	0.06613151	12.15769	10.00	-12.15838
-5.666039	10.00	-18.70599	-0.005462225	0.00	0.1319558	12.12181	10.00	-12.1225
-5.66884	10.00	-18.63833	-0.002800813	0.00	0.06766175	12.08737	10.00	-12.08806
-5.671528	10.00	-18.57339	-0.00268819	0.00	0.064941	12.05225	10.00	-12.05294
-5.67427	10.00	-18.50717	-0.002741044	0.00	0.06621785	11.98157	10.00	-11.98225
-5.679787	10.00	-18.37388	-0.005517306	0.00	0.1332865	11.94617	10.00	-11.94686
-5.682549	10.00	-18.30714	-0.002762608	0.00	0.06673879	11.91222	10.00	-11.9129
-5.6852	10.00	-18.24312	-0.002650043	0.00	0.06401946	11.87706	10.00	-11.87774
-5.687944	10.00	-18.17682	-0.002744795	0.00	0.06630845	11.80657	10.00	-11.80724
-5.693447	10.00	-18.04389	-0.005502364	0.00	0.1329255	11.77215	10.00	-11.77283
-5.698018	10.00	-17.979	-0.004571249	0.00	0.06489288	11.73617	10.00	-11.73685
-5.703455	10.00	-17.91114	-0.00543677	0.00	0.06785285	11.70226	10.00	-11.70294
-5.712292	10.00	-17.84721	-0.008837236	0.00	0.06393453	11.66726	10.00	-11.66793
-5.722694	10.00	-17.7812	-0.01040219	0.00	0.06600835	11.59671	10.00	-11.59739
-5.743656	10.00	-17.64818	-0.02096187	0.00	0.1330161	11.56181	10.00	-11.56248
-5.754028	10.00	-17.58237	-0.01037252	0.00	0.06582008	11.52701	10.00	-11.52768
-5.76437	10.00	-17.51674	-0.01034129	0.00	0.0656219	11.49185	10.00	-11.49253
-5.774817	10.00	-17.45045	-0.01044658	0.00	0.06629005	11.42169	10.00	-11.42236
-5.795667	10.00	-17.31814	-0.02085056	0.00	0.1323097	11.38589	10.00	-11.38656
-5.806304	10.00	-17.25064	-0.01063687	0.00	0.06749754	11.35202	10.00	-11.35269
-5.814513	10.00	-17.18678	-0.008209067	0.00	0.06386375	11.31662	10.00	-11.31729
-5.823093	10.00	-17.12003	-0.0085799	0.00	0.0667487	11.28171	10.00	-11.28238
-5.831554	10.00	-17.05421	-0.008460899	0.00	0.06582291	11.21133	10.00	-11.21199
-5.848615	10.00	-16.92148	-0.01706118	0.00	0.1327302	11.17677	10.00	-11.17743
-5.856991	10.00	-16.85632	-0.008375742	0.00	0.06516042	11.14164	10.00	-11.1423
-5.865506	10.00	-16.79007	-0.008515304	0.00	0.06624617	11.10652	10.00	-11.10718
-5.874019	10.00	-16.72385	-0.008512756	0.00	0.06622635	11.03548	10.00	-11.03614
-5.891236	10.00	-16.5899	-0.0172173	0.00	0.1339447	11.00075	10.00	-11.00141
-5.899654	10.00	-16.52441	-0.008417957	0.00	0.06548884	10.96556	10.00	-10.96622
-5.908184	10.00	-16.45806	-0.008529496	0.00	0.06635658	10.93108	10.00	-10.93174
-5.916542	10.00	-16.39303	-0.008358091	0.00	0.06502311	10.86033	10.00	-10.86098
-5.928523	10.00	-16.25962	-0.01198136	0.00	0.1334096	10.82408	10.00	-10.82474
-5.934661	10.00	-16.19128	-0.006137897	0.00	0.06834406	10.75565	10.00	-10.7563
-5.94625	10.00	-16.06224	-0.01158916	0.00	0.1290426	10.72003	10.00	-10.72068
-5.952282	10.00	-15.99507	-0.006031869	0.00	0.06716346	10.68572	10.00	-10.68637
-5.958093	10.00	-15.93037	-0.005810915	0.00	0.06470319	10.65069	10.00	-10.65134
-5.964024	10.00	-15.86433	-0.005931308	0.00	0.06604374	10.61574	10.00	-10.61639
-5.969944	10.00	-15.79841	-0.005920121	0.00	0.06591917	10.54439	10.00	-10.54503
-5.982027	10.00	-15.66387	-0.01208293	0.00	0.1345407	10.50879	10.00	-10.50943
-5.988055	10.00	-15.59675	-0.006028055	0.00	0.067121	10.4757	10.00	-10.47634
-5.993659	10.00	-15.53434	-0.005604327	0.00	0.06240288	10.43979	10.00	-10.44043
-5.999741	10.00	-15.46663	-0.00608145	0.00	0.06771554	10.4011	10.00	-10.40174
-6.006292	10.00	-15.39368	-0.006550946	0.00	0.07294326	10.33438	10.00	-10.33502
-6.017591	10.00	-15.26787	-0.01129942	0.00	0.1258165	10.2943	10.00	-10.29494
-6.024377	10.00	-15.1923	-0.006786266	0.00	0.0755635	10.2282	10.00	-10.22883
-6.035573	10.00	-15.06765	-0.0111953	0.00	0.1246571	10.19345	10.00	-10.19409
-6.041456	10.00	-15.00214	-0.005883507	0.00	0.06551149	10.12361	10.00	-10.12424
-6.053285	10.00	-14.87043	-0.01182867	0.00	0.1317095	10.08857	10.00	-10.0892
-6.059218	10.00	-14.80437	-0.005932707	0.00	0.06605931	10.05448	10.00	-10.05511
-6.064991	10.00	-14.74008	-0.005773793	0.00	0.06428985	10.0194	10.00	-10.02003
-6.070932	10.00	-14.67393	-0.005940462	0.00	0.06614567	9.949478	10.00	-9.950104
-6.082773	10.00	-14.54208	-0.01184138	0.00	0.1318511	9.914379	10.00	-9.915004
-6.088717	10.00	-14.4759	-0.005943894	0.00	0.06618389	9.879096	10.00	-9.879723
-6.094692	10.00	-14.40937	-0.005975041	0.00	0.0665307	9.844631	10.00	-9.845257
-6.100529	10.00	-14.34438	-0.005836341	0.00	0.0649863	9.773125	10.00	-9.773747
-6.112638	10.00	-14.20954	-0.01210951	0.00	0.1348365	9.738343	10.00	-9.738965
-6.118528	10.00	-14.14395	-0.005890372	0.00	0.06558792	9.704627	10.00	-9.705248
-6.124238	10.00	-14.08038	-0.005709718	0.00	0.06357639	9.667221	10.00	-9.667838
-6.130573	10.00	-14.00984	-0.006334696	0.00	0.07053537	9.599051	10.00	-9.599666
-6.142118	10.00	-13.8813	-0.01154453	0.00	0.1285457	9.563075	10.00	-9.563691
-6.14821	10.00	-13.81346	-0.006092129	0.00	0.06783444	9.529401	10.00	-9.530016
-6.153913	10.00	-13.74996	-0.005702726	0.00	0.06349853	9.494042	10.00	-9.494657
-6.159901	10.00	-13.68329	-0.005988136	0.00	0.0666765	9.458294	10.00	-9.458905
-6.165954	10.00	-13.61588	-0.006053736	0.00	0.06740694	9.38849	10.00	-9.389102
-6.177775	10.00	-13.48426	-0.01182104	0.00	0.1316246	9.352976	10.00	-9.353586
-6.183789	10.00	-13.41729	-0.006014198	0.00	0.0669667	9.319142	10.00	-9.319752
-6.189519	10.00	-13.35349	-0.005729805	0.00	0.06380005	9.283775	10.00	-9.284385
-6.195508	10.00	-13.2868	-0.005989026	0.00	0.06668641	9.248706	10.00	-9.249313
-6.201447	10.00	-13.22067	-0.005939063	0.00	0.06613009	9.177798	10.00	-9.178403
-6.21734	10.00	-13.08697	-0.01589206	0.00	0.1337069	9.142646	10.00	-9.14325
-6.225218	10.00	-13.02068	-0.007878561	0.00	0.0662858	9.108709	10.00	-9.109314
-6.232824	10.00	-12.95669	-0.007605657	0.00	0.06398974	9.073424	10.00	-9.074026
-6.242021	10.00	-12.89015	-0.009197065	0.00	0.06653778	9.037865	10.00	-9.038467
-6.251938	10.00	-12.8231	-0.009917136	0.00	0.06705022	8.967367	10.00	-8.967966
-6.272887	10.00	-12.69017	-0.02094938	0.00	0.1329368	8.932957	10.00	-8.933554
-6.283113	10.00	-12.62528	-0.01022529	0.00	0.0648858	8.898498	10.00	-8.899096
-6.293352	10.00	-12.5603	-0.01023934	0.00	0.06497498	8.863378	10.00	-8.863974
-6.303788	10.00	-12.49408	-0.01043632	0.00	0.06622493	8.828205	10.00	-8.828801
-6.315524	10.00	-12.42776	-0.01173585	0.00	0.06632119	8.756824	10.00	-8.757414
-6.341949	10.00	-12.29315	-0.0264256	0.00	0.1346044	8.721944	10.00	-8.722538
-6.354861	10.00	-12.22739	-0.01291183	0.00	0.06576912	8.68778	10.00	-8.68837
-6.367509	10.00	-12.16296	-0.01264726	0.00	0.06442149	8.65251	10.00	-8.653102
-6.380565	10.00	-12.09646	-0.01305606	0.00	0.06650381	8.613831	10.00	-8.61442
-6.394884	10.00	-12.02352	-0.01431887	0.00	0.07293618	8.547429	10.00	-8.548018
-6.419465	10.00	-11.89831	-0.02458113	0.00	0.1252092	8.512291	10.00	-8.512877
-6.432473	10.00	-11.83206	-0.01300771	0.00	0.06625749	8.477902	10.00	-8.47849
-6.445203	10.00	-11.76721	-0.01273036	0.00	0.06484475	8.44265	10.00	-8.443233
-6.459541	10.00	-11.70074	-0.01433785	0.00	0.0664755	8.371949	10.00	-8.372533
-6.49604	10.00	-11.56742	-0.0364994	0.00	0.1333148	8.335045	10.00	-8.335628
-6.518462	10.00	-11.49783	-0.02242169	0.00	0.06958976	8.266948	10.00	-8.267527
-6.563565	10.00	-11.36942	-0.04510302	0.00	0.1284084	8.230791	10.00	-8.23137
-6.589492	10.00	-11.30125	-0.0259274	0.00	0.06817701	8.196946	10.00	-8.197525
-6.61438	10.00	-11.23743	-0.02488781	0.00	0.06381845	8.161863	10.00	-8.16244
-6.640178	10.00	-11.17128	-0.02579813	0.00	0.06615274	8.127229	10.00	-8.127806
-6.665648	10.00	-11.10596	-0.02546966	0.00	0.06531047	8.05643	10.00	-8.057006
-6.71771	10.00	-10.97246	-0.05206274	0.00	0.1335016	8.020729	10.00	-8.021302
-6.743963	10.00	-10.90515	-0.02625246	0.00	0.06731776	7.987215	10.00	-7.987788
-6.768609	10.00	-10.84195	-0.02464546	0.00	0.06319702	7.951865	10.00	-7.952435
-6.794604	10.00	-10.77529	-0.02599521	0.00	0.0666581	7.916891	10.00	-7.917462
-6.817767	10.00	-10.70934	-0.02316334	0.00	0.06594606	7.845366	10.00	-7.845935
-6.857305	10.00	-10.57447	-0.03953762	0.00	0.1348719	7.8111	10.00	-7.811668
-6.87562	10.00	-10.50986	-0.0183151	0.00	0.06461118	7.772837	10.00	-7.773404
-6.896072	10.00	-10.43771	-0.02045266	0.00	0.07215196	7.705127	10.00	-7.705692
-6.932265	10.00	-10.31003	-0.03619242	0.00	0.127678	7.669546	10.00	-7.670111
-6.951283	10.00	-10.24294	-0.01901853	0.00	0.06709269	7.632017	10.00	-7.63258
-6.971343	10.00	-10.17217	-0.02005942	0.00	0.07076469	7.598165	10.00	-7.598727
-6.989438	10.00	-10.10834	-0.01809481	0.00	0.06383403	7.529745	10.00	-7.530304
-7.02601	10.00	-9.979321	-0.03657243	0.00	0.1290185	7.495034	10.00	-7.495593
-7.044563	10.00	-9.913871	-0.01855306	0.00	0.06545062	7.457488	10.00	-7.458045
-7.064632	10.00	-9.843072	-0.02006905	0.00	0.07079867	7.390125	10.00	-7.390679
-7.100639	10.00	-9.716048	-0.03600704	0.00	0.127024	7.355269	10.00	-7.355824
-7.11927	10.00	-9.650322	-0.0186313	0.00	0.06572665	7.321267	10.00	-7.321822
-7.137444	10.00	-9.58621	-0.01817346	0.00	0.06411148	7.286062	10.00	-7.286615
-7.156262	10.00	-9.519824	-0.01881829	0.00	0.06638631	7.21555	10.00	-7.216102
-7.193951	10.00	-9.386866	-0.03768916	0.00	0.1329581	7.179252	10.00	-7.179801
-7.213354	10.00	-9.318417	-0.01940294	0.00	0.0684488	7.14601	10.00	-7.14656
-7.231122	10.00	-9.255738	-0.01776737	0.00	0.06267892	7.11024	10.00	-7.110789
-7.248936	10.00	-9.188288	-0.01781381	0.00	0.06745083	7.075745	10.00	-7.076292
-7.264855	10.00	-9.12324	-0.01591932	0.00	0.06504717	7.00527	10.00	-7.005818
-7.297377	10.00	-8.990353	-0.03252216	0.00	0.1328873	6.970191	10.00	-6.970737
-7.313566	10.00	-8.924204	-0.01618885	0.00	0.0661485	6.935706	10.00	-6.936251
-7.32948	10.00	-8.859179	-0.01591377	0.00	0.06502452	6.900376	10.00	-6.900919
-7.345785	10.00	-8.792557	-0.01630491	0.00	0.06662271	6.865292	10.00	-6.865835
-7.361974	10.00	-8.726404	-0.01618989	0.00	0.06615274	6.794371	10.00	-6.794912
-7.394703	10.00	-8.592672	-0.03272898	0.00	0.1337324	6.75969	10.00	-6.760228
-7.410708	10.00	-8.527274	-0.01600523	0.00	0.06539824	6.725478	10.00	-6.726017
-7.426497	10.00	-8.462763	-0.01578802	0.00	0.06451067	6.690097	10.00	-6.690634
-7.442824	10.00	-8.396047	-0.01632777	0.00	0.06671614	6.654282	10.00	-6.654816
-7.459353	10.00	-8.328509	-0.01652871	0.00	0.06753717	6.584283	10.00	-6.584815
-7.491656	10.00	-8.196517	-0.03230321	0.00	0.1319926	6.548631	10.00	-6.549164
-7.508109	10.00	-8.129292	-0.01645214	0.00	0.06722433	6.514956	10.00	-6.515488
-7.52365	10.00	-8.065791	-0.015541	0.00	0.06350137	6.479903	10.00	-6.480433
-7.539825	10.00	-7.999695	-0.01617603	0.00	0.06609612	6.408128	10.00	-6.408658
-7.572948	10.00	-7.864355	-0.03312255	0.00	0.1353405	6.37345	10.00	-6.373977
-7.588952	10.00	-7.798962	-0.01600385	0.00	0.06539258	6.337242	10.00	-6.337767
-7.605662	10.00	-7.730685	-0.0167099	0.00	0.06827752	6.269108	10.00	-6.269631
-7.637104	10.00	-7.60221	-0.03144231	0.00	0.1284749	6.234164	10.00	-6.234687
-7.65323	10.00	-7.536319	-0.01612579	0.00	0.06589086	6.199673	10.00	-6.200198
-7.669147	10.00	-7.471282	-0.01591689	0.00	0.06503727	6.164205	10.00	-6.164727
-7.687458	10.00	-7.4044	-0.01831113	0.00	0.06688176	6.129198	10.00	-6.12972
-7.708086	10.00	-7.338391	-0.02062861	0.00	0.06600835	6.05872	10.00	-6.059239
-7.754767	10.00	-7.205493	-0.0466802	0.00	0.1328986	6.024184	10.00	-6.024703
-7.77764	10.00	-7.140372	-0.02287346	0.00	0.06512079	5.989211	10.00	-5.989727
-7.800804	10.00	-7.074425	-0.02316383	0.00	0.06594748	5.918166	10.00	-5.918682
-7.853047	10.00	-6.94046	-0.05224326	0.00	0.1339645	5.883102	10.00	-5.883616
-7.878832	10.00	-6.874341	-0.02578488	0.00	0.06611877	5.849036	10.00	-5.849551
-7.898284	10.00	-6.810107	-0.01945232	0.00	0.06423464	5.813663	10.00	-5.814174
-7.916547	10.00	-6.743403	-0.0182623	0.00	0.0667034	5.778031	10.00	-5.778542
-7.932991	10.00	-6.676213	-0.01644383	0.00	0.06719036	5.707684	10.00	-5.708193
-7.965454	10.00	-6.543565	-0.03246361	0.00	0.1326481	5.672592	10.00	-5.673102
-7.981648	10.00	-6.477395	-0.01619405	0.00	0.06616973	5.63777	10.00	-5.638278
-7.997718	10.00	-6.411732	-0.01607002	0.00	0.06566295	5.603461	10.00	-5.603969
-8.013551	10.00	-6.347039	-0.01583271	0.00	0.06469328	5.568508	10.00	-5.569013
-8.029681	10.00	-6.28113	-0.0161303	0.00	0.06590926	5.498103	10.00	-5.498608
-8.062172	10.00	-6.148371	-0.03249064	0.00	0.1327585	5.463356	10.00	-5.463858
-8.078207	10.00	-6.08285	-0.01603538	0.00	0.0655214	5.428318	10.00	-5.428819
-8.094377	10.00	-6.01678	-0.01616945	0.00	0.06606922	5.393142	10.00	-5.393642
-8.11061	10.00	-5.950451	-0.01623319	0.00	0.06632969	5.32217	10.00	-5.322669
-8.143362	10.00	-5.816622	-0.03275254	0.00	0.1338286	5.286279	10.00	-5.286776
-8.159925	10.00	-5.748945	-0.01656301	0.00	0.06767732	5.251502	10.00	-5.251998
-8.175974	10.00	-5.683368	-0.01604889	0.00	0.0655766	5.181696	10.00	-5.182192
-8.204365	10.00	-5.55174	-0.02839054	0.00	0.1316288	5.146654	10.00	-5.147148
-8.217977	10.00	-5.485663	-0.01361194	0.00	0.0660763	5.112102	10.00	-5.112595
-8.231399	10.00	-5.42051	-0.01342181	0.00	0.06515335	5.041525	10.00	-5.042017
-8.258814	10.00	-5.287427	-0.02741547	0.00	0.1330826	5.001772	10.00	-5.002262
-8.274256	10.00	-5.212468	-0.01544182	0.00	0.07495905	4.936091	10.00	-4.936579
-8.296172	10.00	-5.088615	-0.02191639	0.00	0.1238531	4.902322	10.00	-4.90281
-8.306824	10.00	-5.02494	-0.01065112	0.00	0.06367548	4.866822	10.00	-4.867307
-8.318021	10.00	-4.957998	-0.01119738	0.00	0.06694122	4.832144	10.00	-4.83263
-8.328959	10.00	-4.89261	-0.01093763	0.00	0.06538833	4.76208	10.00	-4.762564
-8.351058	10.00	-4.760493	-0.02209949	0.00	0.1321172	4.726352	10.00	-4.726834
-8.362327	10.00	-4.693123	-0.01126913	0.00	0.06737014	4.691566	10.00	-4.692048
-8.373299	10.00	-4.627529	-0.01097196	0.00	0.06559359	4.657224	10.00	-4.657703
-8.384131	10.00	-4.562771	-0.01083226	0.00	0.0647584	4.622085	10.00	-4.622564
-8.395215	10.00	-4.496511	-0.01108349	0.00	0.06626032	4.550628	10.00	-4.551106
-8.417753	10.00	-4.36177	-0.02253826	0.00	0.1347403	4.515883	10.00	-4.51636
-8.428712	10.00	-4.296253	-0.01095918	0.00	0.06551715	4.481991	10.00	-4.482467
-8.439403	10.00	-4.232346	-0.01068995	0.00	0.06390764	4.44709	10.00	-4.447563
-8.450411	10.00	-4.166533	-0.01100866	0.00	0.065813	4.376588	10.00	-4.377061
-8.472648	10.00	-4.033591	-0.0222373	0.00	0.1329411	4.340839	10.00	-4.341311
-8.485229	10.00	-3.966182	-0.0125812	0.00	0.06740978	4.306365	10.00	-4.306836
-8.497992	10.00	-3.901177	-0.01276176	0.00	0.06500471	4.271692	10.00	-4.272161
-8.510827	10.00	-3.835794	-0.01283596	0.00	0.06538267	4.236746	10.00	-4.237216
-8.523764	10.00	-3.7699	-0.01293628	0.00	0.06589369	4.164733	10.00	-4.165199
-8.550422	10.00	-3.63411	-0.02665849	0.00	0.1357906	4.129629	10.00	-4.130095
-8.563417	10.00	-3.567914	-0.01299548	0.00	0.06619521	4.096464	10.00	-4.096928
-8.575695	10.00	-3.505376	-0.01227764	0.00	0.06253877	4.061301	10.00	-4.061765
-8.588712	10.00	-3.439073	-0.0130166	0.00	0.06630279	4.026174	10.00	-4.026637
-8.601715	10.00	-3.372835	-0.01300381	0.00	0.06623767	3.955979	10.00	-3.95644
-8.627701	10.00	-3.240473	-0.0259854	0.00	0.1323621	3.9205	10.00	-3.92096
-8.640835	10.00	-3.173572	-0.01313415	0.00	0.06690158	3.876698	10.00	-3.877156
-8.65705	10.00	-3.090977	-0.01621503	0.00	0.08259467	3.844885	10.00	-3.845343
-8.668827	10.00	-3.030989	-0.01177686	0.00	0.0599879	3.780133	10.00	-3.78059
-8.692797	10.00	-2.908891	-0.0239703	0.00	0.1220978	3.745298	10.00	-3.745753
-8.705693	10.00	-2.843203	-0.01289599	0.00	0.06568843	3.711133	10.00	-3.711586
-8.718341	10.00	-2.77878	-0.01264754	0.00	0.06442291	3.675794	10.00	-3.676248
-8.731422	10.00	-2.712145	-0.01308191	0.00	0.06663545	3.64076	10.00	-3.641213
-8.744391	10.00	-2.646082	-0.01296935	0.00	0.06606214	3.569646	10.00	-3.570096
-8.770718	10.00	-2.511986	-0.02632583	0.00	0.1340962	3.534609	10.00	-3.535058
-8.783689	10.00	-2.445918	-0.01297047	0.00	0.06606781	3.500818	10.00	-3.501265
-8.796197	10.00	-2.3822	-0.01250914	0.00	0.06371795	3.465489	10.00	-3.465935
-8.809276	10.00	-2.315582	-0.01307857	0.00	0.06661846	3.42965	10.00	-3.430096
-8.822543	10.00	-2.248004	-0.01326699	0.00	0.06757823	3.35946	10.00	-3.359904
-8.848527	10.00	-2.11565	-0.02598373	0.00	0.1323536	3.323706	10.00	-3.32415
-8.861762	10.00	-2.048232	-0.01323559	0.00	0.06741827	3.29049	10.00	-3.290932
-8.874059	10.00	-1.985597	-0.01229654	0.00	0.06263503	3.255177	10.00	-3.255618
-8.887131	10.00	-1.91901	-0.01307246	0.00	0.06658732	3.220139	10.00	-3.220579
-8.900102	10.00	-1.85294	-0.01297074	0.00	0.06606922	3.149731	10.00	-3.15017
-8.926167	10.00	-1.720176	-0.02606432	0.00	0.1327641	3.114322	10.00	-3.11476
-8.939274	10.00	-1.653408	-0.01310803	0.00	0.06676852	3.080256	10.00	-3.080692
-8.951885	10.00	-1.58917	-0.01261113	0.00	0.06423747	3.044827	10.00	-3.045262
-8.965001	10.00	-1.522363	-0.01311553	0.00	0.06680674	3.009914	10.00	-3.010349
-8.977925	10.00	-1.456532	-0.01292406	0.00	0.06583141	2.938729	10.00	-2.939161
-9.004277	10.00	-1.322301	-0.02635224	0.00	0.1342307	2.903545	10.00	-2.903976
-9.017303	10.00	-1.255956	-0.01302494	0.00	0.06634526	2.869776	10.00	-2.870207
-9.029803	10.00	-1.192281	-0.0125008	0.00	0.06367548	2.834704	10.00	-2.835133
-9.042787	10.00	-1.126146	-0.01298353	0.00	0.06613434	2.764374	10.00	-2.764803
-9.068822	10.00	-0.9935308	-0.02603514	0.00	0.1326155	2.728204	10.00	-2.728631
-9.082211	10.00	-0.9253269	-0.01338983	0.00	0.06820391	2.692392	10.00	-2.692818
-9.095469	10.00	-0.8577968	-0.01325754	0.00	0.0675301	2.623356	10.00	-2.62378
-9.124806	10.00	-0.7276203	-0.02933776	0.00	0.1301765	2.587568	10.00	-2.587991
-9.140669	10.00	-0.6601355	-0.01586244	0.00	0.0674848	2.552801	10.00	-2.553223
-9.156078	10.00	-0.5945787	-0.01540926	0.00	0.06555679	2.518495	10.00	-2.518916
-9.171284	10.00	-0.5298897	-0.01520529	0.00	0.06468903	2.483787	10.00	-2.484207
-9.186667	10.00	-0.4644419	-0.01538364	0.00	0.06544778	2.412176	10.00	-2.412594
-9.218407	10.00	-0.32941	-0.03173952	0.00	0.1350319	2.377383	10.00	-2.377787
-9.233831	10.00	-0.2637881	-0.01542456	0.00	0.0656219	2.333272	10.00	-2.333612
-9.253404	10.00	-0.1805197	-0.01957243	0.00	0.08326848	2.272623	10.00	-2.272876
-9.280314	10.00	-0.06603346	-0.02691022	0.00	0.1144862	2.23789	10.00	-2.23805
-9.295733	10.00	-0.0004342124	-0.01541924	0.00	0.06559925	2.204169	10.00	-2.204241
-9.310703	10.00	0.06325259	-0.01496971	0.00	0.0636868	2.133179	10.00	-2.133008
-9.342224	10.00	0.1973544	-0.03152091	0.00	0.1341019	2.0987	10.00	-2.098411
-9.357533	10.00	0.2624865	-0.01530944	0.00	0.06513211	2.064255	10.00	-2.063844
-9.372831	10.00	0.3275691	-0.01529779	0.00	0.06508256	2.029045	10.00	-2.028482
-9.388478	10.00	0.3941395	-0.01564749	0.00	0.06657033	1.99407	10.00	-1.993358
-9.404021	10.00	0.4602625	-0.01554235	0.00	0.06612302	1.922495	10.00	-1.921471
-9.435848	10.00	0.5956681	-0.03182736	0.00	0.1354056	1.887516	10.00	-1.886311
-9.451406	10.00	0.6618562	-0.01555766	0.00	0.06618813	1.854433	10.00	-1.853058
-9.466128	10.00	0.7244884	-0.01472183	0.00	0.0626322	1.819385	10.00	-1.817799
-9.481732	10.00	0.7908747	-0.01560424	0.00	0.06638631	1.784604	10.00	-1.78279
-9.497221	10.00	0.8567698	-0.01548878	0.00	0.0658951	1.713727	10.00	-1.711451
-9.528784	10.00	0.9910501	-0.03156284	0.00	0.1342802	1.678665	10.00	-1.676168
-9.544388	10.00	1.057433	-0.01560357	0.00	0.06638348	1.642369	10.00	-1.639614
-9.560536	10.00	1.126137	-0.01614892	0.00	0.06870361	1.57494	10.00	-1.571705
-9.590566	10.00	1.253894	-0.0300296	0.00	0.1277572	1.539978	10.00	-1.536495
-9.606137	10.00	1.320141	-0.0155713	0.00	0.06624617	1.505756	10.00	-1.501982
-9.621381	10.00	1.384994	-0.01524389	0.00	0.06485324	1.470111	10.00	-1.466032
-9.637259	10.00	1.452542	-0.01587741	0.00	0.0675485	1.4357	10.00	-1.431327
-9.652586	10.00	1.517752	-0.01532774	0.00	0.06520997	1.365761	10.00	-1.360793
-9.683739	10.00	1.650287	-0.03115258	0.00	0.1325348	1.330784	10.00	-1.325515
-9.699328	10.00	1.716611	-0.0155896	0.00	0.06632403	1.29659	10.00	-1.291006
-9.714572	10.00	1.781464	-0.01524389	0.00	0.06485324	1.261443	10.00	-1.255529
-9.730241	10.00	1.848124	-0.01566846	0.00	0.06665952	1.226665	10.00	-1.220428
-9.745744	10.00	1.91408	-0.01550309	0.00	0.06595597	1.155861	10.00	-1.148964
-9.777323	10.00	2.048429	-0.03157914	0.00	0.1343496	1.122048	10.00	-1.114847
-9.792401	10.00	2.112579	-0.01507852	0.00	0.0641497	1.087523	10.00	-1.079968
-9.80781	10.00	2.17813	-0.01540793	0.00	0.06555112	1.052611	10.00	-1.044726
-9.823387	10.00	2.244402	-0.01557729	0.00	0.06627165	0.9826086	10.00	-0.9740623
-9.854621	10.00	2.377285	-0.03123443	0.00	0.132883	0.947451	10.00	-0.9385585
-9.870304	10.00	2.444005	-0.01568276	0.00	0.06672039	0.9133785	10.00	-0.9041192
-9.885513	10.00	2.50871	-0.01520895	0.00	0.0647046	0.8784304	10.00	-0.8688275
-9.901117	10.00	2.575099	-0.0156049	0.00	0.06638914	0.8437482	10.00	-0.833805
-9.916625	10.00	2.641073	-0.01550741	0.00	0.06597438	0.7731135	10.00	-0.7624649
-9.948224	10.00	2.775508	-0.0315991	0.00	0.1344345	0.7386469	10.00	-0.7276596
-9.963652	10.00	2.841141	-0.01542722	0.00	0.06563322	0.7042537	10.00	-0.6929652
-9.979043	10.00	2.906624	-0.01539195	0.00	0.06548318	0.6699506	10.00	-0.6584228
-9.994379	10.00	2.97187	-0.01533606	0.00	0.06524536	0.6353526	10.00	-0.6236435
-10.00983	10.00	3.037606	-0.01545151	0.00	0.06573656	0.5652578	10.00	-0.5533068
-10.0411	10.00	3.170651	-0.03127236	0.00	0.1330444	0.5302571	10.00	-0.5183116
-10.05669	10.00	3.236945	-0.01558261	0.00	0.0662943	0.4960848	10.00	-0.4841648
-10.07188	10.00	3.301593	-0.01519564	0.00	0.06464798	0.4608739	10.00	-0.4490228
-10.08751	10.00	3.368098	-0.01563219	0.00	0.06650522	0.3902772	10.00	-0.3786659
-10.11881	10.00	3.501247	-0.03129698	0.00	0.1331492	0.3539352	10.00	-0.3425502
-10.13488	10.00	3.569617	-0.0160704	0.00	0.06836954	0.3205972	10.00	-0.3094103
-10.14962	10.00	3.632333	-0.01474146	0.00	0.06271572	0.2854739	10.00	-0.2744944
-10.16515	10.00	3.698409	-0.01553137	0.00	0.0660763	0.21469	10.00	-0.2041287
-10.19645	10.00	3.831571	-0.03129998	0.00	0.1331619	0.1800257	10.00	-0.1696349
-10.21178	10.00	3.896792	-0.0153304	0.00	0.06522129	0.1450131	10.00	-0.1347855
-10.22727	10.00	3.962683	-0.01548778	0.00	0.06589086	0.1095611	10.00	-0.09947027
-10.24296	10.00	4.029432	-0.01568942	0.00	0.0667487	0.03826234	10.00	-0.0284461
-10.27452	10.00	4.163672	-0.03155353	0.00	0.1342406	0.0027836	10.00	0.006906714
-10.29022	10.00	4.230474	-0.01570206	0.00	0.06680249	-0.03111968	10.00	0.04073022
-10.30523	10.00	4.294354	-0.01501497	0.00	0.06387933	-0.06619196	10.00	0.07574349
-10.32077	10.00	4.360466	-0.01553969	0.00	0.06611169	-0.104352	10.00	0.1138389
-10.33768	10.00	4.432397	-0.01690756	0.00	0.07193112	-0.1720287	10.00	0.1814022
-10.36767	10.00	4.559968	-0.02998601	0.00	0.1275718	-0.2091305	10.00	0.2184791
-10.3841	10.00	4.629905	-0.01643874	0.00	0.06993658	-0.2423955	10.00	0.2517219
-10.39884	10.00	4.69261	-0.0147388	0.00	0.0627044	-0.2796084	10.00	0.28891
-10.41533	10.00	4.762756	-0.01648798	0.00	0.07014608	-0.3736792	10.00	0.3829177
-10.45701	10.00	4.940078	-0.04167996	0.00	0.1773222	-0.4179288	10.00	0.4271556
-10.47662	10.00	5.023508	-0.01961036	0.00	0.08342986	-0.4515029	10.00	0.4607546
-10.49151	10.00	5.086864	-0.01489186	0.00	0.06335557	-0.4861887	10.00	0.4954662
-10.5069	10.00	5.152317	-0.01538497	0.00	0.06545345	-0.5224121	10.00	0.5317596
-10.52297	10.00	5.220706	-0.01607506	0.00	0.06838936	-0.5923272	10.00	0.6018103
-10.554	10.00	5.352706	-0.0310268	0.00	0.1319997	-0.6281002	10.00	0.637652
-10.56987	10.00	5.420245	-0.01587508	0.00	0.06753859	-0.661486	10.00	0.6711283
-10.58469	10.00	5.483289	-0.01481865	0.00	0.06304413	-0.6963816	10.00	0.7061181
-10.60018	10.00	5.549184	-0.01548878	0.00	0.0658951	-0.7318509	10.00	0.7416829
-10.61593	10.00	5.616162	-0.01574332	0.00	0.06697802	-0.8025264	10.00	0.8125589
-10.64733	10.00	5.749753	-0.0314008	0.00	0.1335908	-0.8373622	10.00	0.8475187
-10.6628	10.00	5.815589	-0.01547514	0.00	0.06583707	-0.8710359	10.00	0.8813157
-10.679	10.00	5.879272	-0.01620198	0.00	0.06368256	-0.9066628	10.00	0.9171003
-10.69941	10.00	5.946661	-0.02040742	0.00	0.06738854	-0.9771525	10.00	0.9879013
-10.74624	10.00	6.079992	-0.04683235	0.00	0.1333318	-1.012617	10.00	1.023522
-10.76981	10.00	6.147074	-0.02356211	0.00	0.06708136	-1.046644	10.00	1.057698
-10.79241	10.00	6.211434	-0.02260645	0.00	0.06436062	-1.081364	10.00	1.092577
-10.81549	10.00	6.277134	-0.02307682	0.00	0.06569976	-1.116342	10.00	1.127735
-10.83873	10.00	6.343306	-0.0232424	0.00	0.06617115	-1.186476	10.00	1.198274
-10.87895	10.00	6.476129	-0.04022326	0.00	0.1328236	-1.222167	10.00	1.23417
-10.89811	10.00	6.543721	-0.01916018	0.00	0.06759238	-1.255583	10.00	1.267772
-10.91605	10.00	6.607002	-0.01793791	0.00	0.06328054	-1.290897	10.00	1.303309
-10.93501	10.00	6.673889	-0.01896034	0.00	0.06688742	-1.325621	10.00	1.338254
-10.95366	10.00	6.739661	-0.01864414	0.00	0.06577195	-1.395861	10.00	1.408937
-10.99137	10.00	6.8727	-0.03771203	0.00	0.1330387	-1.431128	10.00	1.444426
-11.0103	10.00	6.939497	-0.01893466	0.00	0.06679683	-1.465811	10.00	1.47934
-11.02893	10.00	7.005207	-0.01862649	0.00	0.06570967	-1.500107	10.00	1.513924
-11.04736	10.00	7.070213	-0.01842706	0.00	0.06500612	-1.535084	10.00	1.549171
-11.06614	10.00	7.136469	-0.01878138	0.00	0.06625608	-1.605247	10.00	1.619873
-11.10381	10.00	7.26937	-0.0376731	0.00	0.1329014	-1.640879	10.00	1.655778
-11.12294	10.00	7.336864	-0.01913209	0.00	0.06749329	-1.674672	10.00	1.689832
-11.1411	10.00	7.400914	-0.0181562	0.00	0.06405061	-1.709895	10.00	1.725348
-11.16004	10.00	7.467712	-0.01893506	0.00	0.06679825	-1.77939	10.00	1.79548
-11.1974	10.00	7.599538	-0.03736814	0.00	0.1318256	-1.814223	10.00	1.830606
-11.21612	10.00	7.665569	-0.01871758	0.00	0.066031	-1.848049	10.00	1.864765
-11.23432	10.00	7.72976	-0.01819593	0.00	0.06419075	-1.883173	10.00	1.900234
-11.25322	10.00	7.796447	-0.01890377	0.00	0.06668783	-1.954005	10.00	1.971727
-11.29134	10.00	7.930929	-0.03812092	0.00	0.1344812	-1.987377	10.00	2.005453
-11.30931	10.00	7.994308	-0.017966	0.00	0.06337962	-2.022449	10.00	2.040944
-11.3282	10.00	8.06097	-0.01889654	0.00	0.06666235	-2.05687	10.00	2.075747
-11.34675	10.00	8.126383	-0.01854222	0.00	0.06541239	-2.091879	10.00	2.11117
-11.36561	10.00	8.192921	-0.01886123	0.00	0.06653778	-2.161639	10.00	2.181757
-11.40319	10.00	8.325509	-0.03758442	0.00	0.1325886	-2.19595	10.00	2.21648
-11.42168	10.00	8.390739	-0.01849046	0.00	0.06522979	-2.230742	10.00	2.251726
-11.44045	10.00	8.456934	-0.01876413	0.00	0.06619521	-2.266226	10.00	2.287675
-11.4596	10.00	8.524487	-0.01914894	0.00	0.06755275	-2.335244	10.00	2.357656
-11.49687	10.00	8.655981	-0.03727425	0.00	0.1314944	-2.369431	10.00	2.392313
-11.51535	10.00	8.721162	-0.01847641	0.00	0.06518024	-2.404782	10.00	2.428182
-11.53447	10.00	8.788614	-0.01912045	0.00	0.06745224	-2.439576	10.00	2.463515
-11.55332	10.00	8.855111	-0.01884959	0.00	0.06649673	-2.510807	10.00	2.535718
-11.59186	10.00	8.99109	-0.03854546	0.00	0.1359789	-2.544949	10.00	2.570192
-11.61028	10.00	9.056074	-0.01842104	0.00	0.06498489	-2.579134	10.00	2.604711
-11.62871	10.00	9.121071	-0.01842425	0.00	0.06499621	-2.621094	10.00	2.647029
-11.65132	10.00	9.20084	-0.02261189	0.00	0.07976918	-2.683188	10.00	2.70952
-11.68473	10.00	9.318715	-0.03341364	0.00	0.1178751	-2.719048	10.00	2.745487
-11.70399	10.00	9.386642	-0.01925528	0.00	0.06792787	-2.75882	10.00	2.785392
-11.72531	10.00	9.461878	-0.02132663	0.00	0.07523508	-2.825257	10.00	2.85208
-11.76095	10.00	9.587594	-0.03563626	0.00	0.125716	-2.858636	10.00	2.885596
-11.77884	10.00	9.650716	-0.01789297	0.00	0.06312199	-2.892913	10.00	2.920022
-11.79723	10.00	9.715585	-0.01838814	0.00	0.06486882	-2.934401	10.00	2.961743
-11.8195	10.00	9.794153	-0.02227161	0.00	0.07856876	-2.996845	10.00	3.024525
-11.85304	10.00	9.912462	-0.03353643	0.00	0.1183083	-3.031745	10.00	3.059644
-11.86986	10.00	9.978583	-0.01682252	0.00	0.0661216	-3.100831	10.00	3.1292
-11.90191	10.00	10.10954	-0.03204962	0.00	0.1309564	-3.135696	10.00	3.164316
-11.91809	10.00	10.17563	-0.01617395	0.00	0.06608763	-3.171482	10.00	3.200385
-11.93207	10.00	10.2435	-0.01398229	0.00	0.06787408	-3.206342	10.00	3.235547
-11.94378	10.00	10.30966	-0.0117078	0.00	0.06616265	-3.240876	10.00	3.270395
-11.95474	10.00	10.37523	-0.01096675	0.00	0.06556245	-3.274768	10.00	3.304595
-11.96426	10.00	10.4396	-0.009521422	0.00	0.06437477	-3.309558	10.00	3.339758
-11.97277	10.00	10.5058	-0.008509664	0.00	0.06620229	-3.344246	10.00	3.374817
-11.97999	10.00	10.57189	-0.007215396	0.00	0.06609046	-3.378916	10.00	3.409844
-11.98593	10.00	10.63804	-0.005940208	0.00	0.06614283	-3.450394	10.00	3.482087
-11.99026	10.00	10.77451	-0.004327801	0.00	0.1364744	-3.484247	10.00	3.516301
-11.99168	10.00	10.83915	-0.001423853	0.00	0.06463666	-3.553485	10.00	3.586349
-11.99168	10.00	10.97132	0	0.00	0.1321682	-3.587241	10.00	3.62058
-11.99168	10.00	11.03576	0	0.00	0.06444839	-3.658246	10.00	3.692485
-11.99168	10.00	11.1711	0	0.00	0.1353377	-3.692095	10.00	3.726664
-11.99168	10.00	11.23553	0	0.00	0.06443281	-3.726593	10.00	3.761438
-11.99168	10.00	11.30108	0	0.00	0.06554263	-3.797626	10.00	3.832968
-11.99168	10.00	11.43591	0	0.00	0.1348295	-3.83088	10.00	3.866333
-11.99168	10.00	11.49889	0	0.00	0.0629861	-3.866741	10.00	3.902279
-11.99168	10.00	11.56676	0	0.00	0.06786276	-3.937565	10.00	3.973196
-11.99168	10.00	11.70077	0	0.00	0.1340141	-3.970567	10.00	4.006124
-11.99168	10.00	11.76312	0	0.00	0.06235333	-4.009173	10.00	4.044663
-11.99168	10.00	11.83607	0	0.00	0.07295176	-4.07689	10.00	4.112396
-11.99168	10.00	11.96428	0	0.00	0.1282046	-4.111115	10.00	4.146663
-11.99168	10.00	12.02906	0	0.00	0.06478246	-4.145183	10.00	4.180824
-11.99168	10.00	12.09362	0	0.00	0.0645588	-4.216088	10.00	4.252009
-11.99168	10.00	12.22803	0	0.00	0.134409	-4.250099	10.00	4.286153
-11.99168	10.00	12.29247	0	0.00	0.06444414	-4.321332	10.00	4.357782
-11.99168	10.00	12.42757	0	0.00	0.1350956	-4.355443	10.00	4.3921
-11.99168	10.00	12.4923	0	0.00	0.06473009	-4.425405	10.00	4.462599
-11.99168	10.00	12.62513	0	0.00	0.1328321	-4.459526	10.00	4.497048
-11.99168	10.00	12.68995	0	0.00	0.06481644	-4.530053	10.00	4.568247
-11.99168	10.00	12.82391	0	0.00	0.1339645	-4.563759	10.00	4.602314
-11.99168	10.00	12.88793	0	0.00	0.06401946	-4.634401	10.00	4.673836
-11.99168	10.00	13.02222	0	0.00	0.1342901	-4.66733	10.00	4.707158
-11.99168	10.00	13.08493	0	0.00	0.0627044	-4.737928	10.00	4.778615
-11.99168	10.00	13.21953	0	0.00	0.1346058	-4.782186	10.00	4.823442
-11.99168	10.00	13.30407	0	0.00	0.08454108	-4.841926	10.00	4.883979
-11.99168	10.00	13.41849	0	0.00	0.1144197	-4.875012	10.00	4.917389
-11.99168	10.00	13.48185	0	0.00	0.06335698	-4.944937	10.00	4.987961
-11.99168	10.00	13.61577	0	0.00	0.1339164	-4.981276	10.00	5.024596
-11.99168	10.00	13.68519	0	0.00	0.06942414	-5.064998	10.00	5.108912
-11.99168	10.00	13.8449	0	0.00	0.1597125	-5.090377	10.00	5.134393
-11.99168	10.00	13.89306	0	0.00	0.04815651	-5.123967	10.00	5.168147
-11.99168	10.00	13.95674	0	0.00	0.06367548	-5.18787	10.00	5.232342
-11.99168	10.00	14.07781	0	0.00	0.12107	-5.239202	10.00	5.283947
-11.99168	10.00	14.17512	0	0.00	0.09731808	-5.29268	10.00	5.337787
-11.99168	10.00	14.27659	0	0.00	0.1014643	-5.327089	10.00	5.372424
-11.99168	10.00	14.34198	0	0.00	0.06539116	-5.362758	10.00	5.408362
-11.99168	10.00	14.4099	0	0.00	0.06792221	-5.431674	10.00	5.477838
-11.99168	10.00	14.54129	0	0.00	0.1313854	-5.466344	10.00	5.512796
-11.99168	10.00	14.60741	0	0.00	0.06612302	-5.509984	10.00	5.556839
-11.99168	10.00	14.69061	0	0.00	0.08320337	-5.545451	10.00	5.592693
-11.99168	10.00	14.7582	0	0.00	0.06759097	-5.605443	10.00	5.65336
-11.99168	10.00	14.87256	0	0.00	0.1143517	-5.644265	10.00	5.692598
-11.99168	10.00	14.94662	0	0.00	0.07406016	-5.707989	10.00	5.757102
-11.99168	10.00	15.06822	0	0.00	0.1216066	-5.743746	10.00	5.793183
-11.99168	10.00	15.13638	0	0.00	0.06815578	-5.776847	10.00	5.826554
-11.99168	10.00	15.19944	0	0.00	0.06305829	-5.811808	10.00	5.861739
-11.99168	10.00	15.26597	0	0.00	0.06653494	-5.882323	10.00	5.932621
-11.99168	10.00	15.39997	0	0.00	0.1339943	-5.917294	10.00	5.967671
-11.99168	10.00	15.46624	0	0.00	0.06627731	-5.951235	10.00	6.001647
-11.99168	10.00	15.53055	0	0.00	0.064304	-6.021753	10.00	6.072121
-11.99168	10.00	15.664	0	0.00	0.1334563	-6.056866	10.00	6.107119
-11.99168	10.00	15.7303	0	0.00	0.06629854	-6.091054	10.00	6.141233
-11.99168	10.00	15.79482	0	0.00	0.06451775	-6.161859	10.00	6.211889
-11.99168	10.00	15.92843	0	0.00	0.1336149	-6.197391	10.00	6.247371
-11.99168	10.00	15.99551	0	0.00	0.06707287	-6.230828	10.00	6.280837
-11.99168	10.00	16.05866	0	0.00	0.0631503	-6.26602	10.00	6.316081
-11.99168	10.00	16.12515	0	0.00	0.0664939	-6.336617	10.00	6.386847
-11.99168	10.00	16.25862	0	0.00	0.1334691	-6.371499	10.00	6.421846
-11.99168	10.00	16.32458	0	0.00	0.06596164	-6.405963	10.00	6.456419
-11.99168	10.00	16.38978	0	0.00	0.06519581	-6.476613	10.00	6.527339
-11.99168	10.00	16.52343	0	0.00	0.1336545	-6.511041	10.00	6.561914
-11.99168	10.00	16.5886	0	0.00	0.0651675	-6.545223	10.00	6.596241
-11.99168	10.00	16.6533	0	0.00	0.06470036	-6.615466	10.00	6.666811
-11.99168	10.00	16.78629	0	0.00	0.1329878	-6.649548	10.00	6.701048
-11.99168	10.00	16.85081	0	0.00	0.06452624	-6.684676	10.00	6.736342
-11.99168	10.00	16.91738	0	0.00	0.06656609	-6.755	10.00	6.806981
-11.99168	10.00	17.05066	0	0.00	0.1332822	-6.789136	10.00	6.841275
-11.99168	10.00	17.11535	0	0.00	0.06468762	-6.82419	10.00	6.876438
-11.987	10.00	17.18176	0.004678046	0.00	0.06640896	-6.894397	10.00	6.946782
-11.9686	10.00	17.3149	0.01840333	0.00	0.1331421	-6.928788	10.00	6.98108
-11.95455	10.00	17.38006	0.01405299	0.00	0.06515476	-6.963597	10.00	7.01577
-11.93775	10.00	17.44606	0.01679298	0.00	0.06600552	-7.034654	10.00	7.086608
-11.90089	10.00	17.58071	0.03686526	0.00	0.1346511	-7.079578	10.00	7.131364
-11.87764	10.00	17.66564	0.02325177	0.00	0.08492754	-7.13984	10.00	7.191227
-11.84655	10.00	17.7792	0.03108982	0.00	0.1135562	-7.175508	10.00	7.226607
-11.82689	10.00	17.84624	0.0196549	0.00	0.06704739	-7.209264	10.00	7.260117
-11.80584	10.00	17.90967	0.02105046	0.00	0.06342775	-7.244592	10.00	7.295183
-11.78253	10.00	17.97604	0.02331151	0.00	0.06636791	-7.315323	10.00	7.365403
-11.73585	10.00	18.10894	0.0466807	0.00	0.1329	-7.349599	10.00	7.399428
-11.71323	10.00	18.17334	0.02261938	0.00	0.06439742	-7.387317	10.00	7.436883
-11.68833	10.00	18.24422	0.02489664	0.00	0.07088077	-7.456069	10.00	7.505231
-11.64291	10.00	18.37353	0.04542174	0.00	0.1293158	-7.491253	10.00	7.540209
-11.62031	10.00	18.43971	0.02260409	0.00	0.06617822	-7.525163	10.00	7.573958
-11.59913	10.00	18.50352	0.02117778	0.00	0.06381138	-7.596226	10.00	7.644744
-11.55474	10.00	18.63728	0.04439168	0.00	0.1337579	-7.630379	10.00	7.678761
-11.5334	10.00	18.70156	0.02133328	0.00	0.06427994	-7.665622	10.00	7.713892
-11.51136	10.00	18.76797	0.0220408	0.00	0.06641179	-7.73873	10.00	7.786838
-11.46695	10.00	18.90581	0.04441008	0.00	0.1378347	-7.771928	10.00	7.819961
-11.44678	10.00	18.96843	0.02017632	0.00	0.06262088	-7.810533	10.00	7.858528
-11.4233	10.00	19.04131	0.02348074	0.00	0.07287673	-7.877368	10.00	7.925342
-11.38264	10.00	19.16748	0.04065412	0.00	0.1261774	-7.914111	10.00	7.962075
-11.36028	10.00	19.23689	0.02236239	0.00	0.06940573	-7.981917	10.00	8.02991
-11.31898	10.00	19.36507	0.04129996	0.00	0.1281819	-8.020828	10.00	8.068851
-11.29528	10.00	19.43864	0.02370286	0.00	0.07356612	-8.090364	10.00	8.138491
-11.25289	10.00	19.57019	0.04238501	0.00	0.1315496	-8.122493	10.00	8.170703
-11.23331	10.00	19.63095	0.01957792	0.00	0.06076364	-8.168902	10.00	8.217268
-11.20502	10.00	19.71876	0.02829301	0.00	0.08781248	-8.227682	10.00	8.276252
-11.16915	10.00	19.8301	0.03587469	0.00	0.1113436	-8.262365	10.00	8.310955
-11.148	10.00	19.89572	0.02114188	0.00	0.06561765	-8.297029	10.00	8.345573
-11.1269	10.00	19.96123	0.02110448	0.00	0.06550158	-8.365819	10.00	8.414158
-11.08506	10.00	20.09107	0.04183542	0.00	0.1298438	-8.39998	10.00	8.448101
-11.06433	10.00	20.15541	0.02073048	0.00	0.0643408	-8.435821	10.00	8.483655
-11.04261	10.00	20.22285	0.02172796	0.00	0.06743667	-8.507002	10.00	8.554134
-10.9995	10.00	20.35663	0.04310473	0.00	0.1337833	-8.542151	10.00	8.588856
-10.97827	10.00	20.42253	0.02123447	0.00	0.06590501	-8.576673	10.00	8.622984
-10.9574	10.00	20.48729	0.02086366	0.00	0.06475415	-8.647849	10.00	8.693367
-10.91438	10.00	20.62081	0.04301899	0.00	0.1335172	-8.683115	10.00	8.728289
-10.89305	10.00	20.68701	0.0213307	0.00	0.0662037	-8.719335	10.00	8.764171
-10.87114	10.00	20.75503	0.02191496	0.00	0.06801706	-8.788996	10.00	8.833263
-10.82899	10.00	20.88585	0.04215195	0.00	0.1308262	-8.824211	10.00	8.868189
-10.80704	10.00	20.95199	0.02194825	0.00	0.06613293	-8.859061	10.00	8.902752
-10.78468	10.00	21.01744	0.02235556	0.00	0.06545062	-8.929113	10.00	8.97223
-10.73847	10.00	21.14899	0.04620884	0.00	0.1315566	-8.96373	10.00	9.006565
-10.71564	10.00	21.214	0.02283517	0.00	0.06501178	-9.035015	10.00	9.077268
-10.67121	10.00	21.34788	0.04443161	0.00	0.1338782	-9.069834	10.00	9.111801
-10.65014	10.00	21.41327	0.02106845	0.00	0.06538974	-9.108343	10.00	9.149995
-10.62684	10.00	21.48559	0.02330104	0.00	0.07231899	-9.176434	10.00	9.21753
-10.58564	10.00	21.61347	0.04120281	0.00	0.1278804	-9.211335	10.00	9.252141
-10.56452	10.00	21.67901	0.02111588	0.00	0.06553697	-9.257111	10.00	9.297544
-10.53599	10.00	21.76498	0.02853301	0.00	0.08597365	-9.32037	10.00	9.360287
-10.49541	10.00	21.88379	0.04057856	0.00	0.1188023	-9.386198	10.00	9.425571
-10.45318	10.00	22.00741	0.0422254	0.00	0.1236238	-9.422361	10.00	9.461442
-10.42801	10.00	22.07401	0.02517124	0.00	0.06660268	-9.46328	10.00	9.502025
-10.39879	10.00	22.14862	0.02922364	0.00	0.07461236	-9.529757	10.00	9.567958
-10.35373	10.00	22.2638	0.04505988	0.00	0.1151732	-9.561863	10.00	9.599801
-10.33197	10.00	22.31884	0.02176228	0.00	0.05504061	-9.598239	10.00	9.63588
-10.30731	10.00	22.38054	0.02465819	0.00	0.06170337	-9.66869	10.00	9.705751
-10.25955	10.00	22.50004	0.04775296	0.00	0.1194945	-9.714684	10.00	9.751369
-10.22838	10.00	22.57805	0.03117605	0.00	0.07801329	-9.775847	10.00	9.812035
-10.18692	10.00	22.68179	0.04145889	0.00	0.1037446	-9.809006	10.00	9.844921
-10.16444	10.00	22.73804	0.02247757	0.00	0.05624669	-9.843169	10.00	9.878805
-10.14129	10.00	22.79598	0.02315557	0.00	0.05794327	-9.878798	10.00	9.914144
-10.11714	10.00	22.85642	0.02415136	0.00	0.06043508	-9.913719	10.00	9.948777
-10.09347	10.00	22.91565	0.02366904	0.00	0.05922817	-9.948936	10.00	9.983705
-10.06959	10.00	22.97538	0.02387239	0.00	0.05973702	-10.02021	10.00	10.0544
-10.02128	10.00	23.09628	0.04831242	0.00	0.1208945	-10.05596	10.00	10.08985
-9.997052	10.00	23.15691	0.02422851	0.00	0.06062814	-10.09	10.00	10.12361
-9.973978	10.00	23.21465	0.02307484	0.00	0.05774127	-10.12481	10.00	10.15814
-9.950377	10.00	23.2737	0.02360058	0.00	0.05905685	-10.15992	10.00	10.19296
-9.926579	10.00	23.33198	0.0237978	0.00	0.05827348	-10.22999	10.00	10.26246
-9.879087	10.00	23.447	0.04749188	0.00	0.1150189	-10.26675	10.00	10.29891
-9.85417	10.00	23.50734	0.02491774	0.00	0.0603474	-10.30171	10.00	10.33359
-9.830469	10.00	23.56474	0.02370072	0.00	0.05739994	-10.33567	10.00	10.36727
-9.807454	10.00	23.62048	0.02301506	0.00	0.05573936	-10.37148	10.00	10.40279
-9.783182	10.00	23.67927	0.02427193	0.00	0.05878334	-10.40665	10.00	10.43767
-9.759341	10.00	23.73701	0.02384071	0.00	0.05773898	-10.47802	10.00	10.50846
-9.710964	10.00	23.85417	0.04837731	0.00	0.1171633	-10.51303	10.00	10.54319
-9.687228	10.00	23.91165	0.02373546	0.00	0.05748408	-10.54771	10.00	10.57758
-9.663723	10.00	23.96858	0.02350555	0.00	0.05692726	-10.58324	10.00	10.61282
-9.639638	10.00	24.02691	0.02408494	0.00	0.05833045	-10.61881	10.00	10.6481
-9.615527	10.00	24.0853	0.02411048	0.00	0.05839233	-10.68909	10.00	10.7178
-9.567892	10.00	24.20067	0.04763493	0.00	0.1153654	-10.72419	10.00	10.75261
-9.544103	10.00	24.25829	0.02379013	0.00	0.05761648	-10.75843	10.00	10.78658
-9.520889	10.00	24.3145	0.0232133	0.00	0.05621947	-10.79514	10.00	10.82298
-9.494672	10.00	24.37343	0.02621756	0.00	0.05892694	-10.86485	10.00	10.89212
-9.44362	10.00	24.48406	0.0510514	0.00	0.1106272	-10.89927	10.00	10.92626
-9.418407	10.00	24.53682	0.02521296	0.00	0.05275785	-10.93391	10.00	10.96061
-9.393043	10.00	24.588	0.02536422	0.00	0.05118503	-10.96926	10.00	10.99568
-9.367147	10.00	24.63833	0.02589529	0.00	0.05032784	-11.04013	10.00	11.06596
-9.311382	10.00	24.73275	0.0557658	0.00	0.09442492	-11.07498	10.00	11.10053
-9.282056	10.00	24.77792	0.02932555	0.00	0.04516864	-11.11092	10.00	11.13618
-9.2505	10.00	24.82321	0.03155643	0.00	0.04528372	-11.14632	10.00	11.17129
-9.212343	10.00	24.86201	0.03815625	0.00	0.03879997	-11.18051	10.00	11.2052
-9.174243	10.00	24.89638	0.0381007	0.00	0.03436991	-11.21558	10.00	11.23998
-9.133902	10.00	24.92652	0.0403417	0.00	0.03014072	-11.25095	10.00	11.27506
-9.093195	10.00	24.95564	0.04070596	0.00	0.02912623	-11.32166	10.00	11.34519
-9.013124	10.00	25.00486	0.08007151	0.00	0.04921296	-11.35668	10.00	11.37992
-8.974102	10.00	25.02859	0.03902206	0.00	0.02373802	-11.39271	10.00	11.41566
-8.933957	10.00	25.05301	0.04014415	0.00	0.02442061	-11.42794	10.00	11.45059
-8.894706	10.00	25.07689	0.03925135	0.00	0.0238775	-11.4615	10.00	11.48388
-8.857308	10.00	25.09964	0.03739772	0.00	0.02274989	-11.4969	10.00	11.519
-8.817861	10.00	25.12364	0.03944788	0.00	0.02399706	-11.53242	10.00	11.55423
-8.778275	10.00	25.14772	0.03958646	0.00	0.02408136	-11.56891	10.00	11.59042
-8.738282	10.00	25.17245	0.03999214	0.00	0.02473176	-11.63839	10.00	11.65933
-8.663395	10.00	25.21955	0.07488742	0.00	0.04709285	-11.67251	10.00	11.69317
-8.627232	10.00	25.24268	0.03616262	0.00	0.02313104	-11.70891	10.00	11.72927
-8.588663	10.00	25.26735	0.03856851	0.00	0.02466994	-11.74317	10.00	11.76325
-8.552356	10.00	25.29057	0.03630799	0.00	0.02322403	-11.7786	10.00	11.79839
-8.51481	10.00	25.31459	0.03754608	0.00	0.02401596	-11.81352	10.00	11.83302
-8.477807	10.00	25.33825	0.03700212	0.00	0.02366802	-11.88407	10.00	11.903
-8.403039	10.00	25.38608	0.07476787	0.00	0.04782449	-11.92011	10.00	11.93874
-8.364854	10.00	25.4105	0.0381851	0.00	0.0244247	-11.954	10.00	11.97236
-8.328932	10.00	25.43348	0.03592219	0.00	0.02297726	-11.98942	10.00	12.00748
-8.291402	10.00	25.45749	0.03753011	0.00	0.02400574	-12.02523	10.00	12.043
-8.253454	10.00	25.48176	0.03794786	0.00	0.02427296	-12.05997	10.00	12.07746
-8.216636	10.00	25.50531	0.03681841	0.00	0.02355051	-12.13044	10.00	12.14735
-8.141966	10.00	25.5582	0.07466962	0.00	0.05288698	-12.16707	10.00	12.18367
-8.103149	10.00	25.58835	0.03881692	0.00	0.03015763	-12.2017	10.00	12.21803
-8.067075	10.00	25.62128	0.03607434	0.00	0.03292512	-12.23571	10.00	12.25176
-8.031651	10.00	25.65485	0.03542431	0.00	0.03356882	-12.27081	10.00	12.28657
-7.995096	10.00	25.69077	0.03655479	0.00	0.03591656	-12.30624	10.00	12.32172
-7.958834	10.00	25.72703	0.03626213	0.00	0.03626213	-12.34139	10.00	12.35657
-7.922871	10.00	25.76299	0.03596284	0.00	0.03596284	-12.41191	10.00	12.42651
-7.850704	10.00	25.83516	0.07216635	0.00	0.07216635	-12.44862	10.00	12.46292
-7.813138	10.00	25.87272	0.03756572	0.00	0.03756572	-12.4829	10.00	12.49692
-7.778058	10.00	25.9078	0.03508041	0.00	0.03508041	-12.51715	10.00	12.5309
-7.743005	10.00	25.94286	0.03505341	0.00	0.03505341	-12.55238	10.00	12.56584
-7.706952	10.00	25.97891	0.03605309	0.00	0.03605309	-12.58782	10.00	12.60098
-7.670691	10.00	26.01517	0.03626135	0.00	0.03626135	-12.62282	10.00	12.6357
-7.634869	10.00	26.04972	0.03582168	0.00	0.03454859	-12.69417	10.00	12.70646
-7.561858	10.00	26.11884	0.07301098	0.00	0.06911879	-12.72905	10.00	12.74106
-7.526156	10.00	26.15264	0.03570136	0.00	0.03379813	-12.76458	10.00	12.7763
-7.489802	10.00	26.18511	0.03635392	0.00	0.03247789	-12.79924	10.00	12.81068
-7.454329	10.00	26.21428	0.03547303	0.00	0.02916952	-12.83387	10.00	12.84502
-7.418895	10.00	26.24153	0.03543447	0.00	0.02724881	-12.86972	10.00	12.88057
-7.381557	10.00	26.26974	0.03733829	0.00	0.02821151	-12.90439	10.00	12.91496
-7.345449	10.00	26.29703	0.03610731	0.00	0.02728143	-12.97522	10.00	12.98522
-7.271671	10.00	26.35277	0.07377847	0.00	0.05574445	-13.01046	10.00	13.02017
-7.234971	10.00	26.3805	0.03670003	0.00	0.02772927	-13.04641	10.00	13.05582
-7.197531	10.00	26.40879	0.03744034	0.00	0.02828862	-13.08054	10.00	13.08967
-7.161983	10.00	26.43565	0.03554756	0.00	0.0268585	-13.11596	10.00	13.1248
-7.125091	10.00	26.46352	0.03689237	0.00	0.02787459	-13.15142	10.00	13.15997
-7.08816	10.00	26.49142	0.03693084	0.00	0.02790366	-13.1864	10.00	13.19466
-7.051725	10.00	26.51895	0.03643468	0.00	0.02752878	-13.25766	10.00	13.26534
-6.977512	10.00	26.57503	0.07421339	0.00	0.05607305	-13.29302	10.00	13.30041
-6.940681	10.00	26.60285	0.03683035	0.00	0.02782774	-13.33207	10.00	13.33914
-6.900007	10.00	26.63359	0.04067479	0.00	0.03073246	-13.39795	10.00	13.40448
-6.83104	10.00	26.68569	0.06896604	0.00	0.05210834	-13.43231	10.00	13.43855
-6.79457	10.00	26.71325	0.03647001	0.00	0.02755547	-13.46701	10.00	13.47296
-6.757458	10.00	26.74129	0.03711297	0.00	0.02804127	-13.49942	10.00	13.50509
-6.722499	10.00	26.7677	0.03495798	0.00	0.02641304	-13.53281	10.00	13.53819
-6.685866	10.00	26.79538	0.0366333	0.00	0.02767885	-13.56571	10.00	13.57081
-6.649018	10.00	26.82323	0.03684841	0.00	0.02784138	-13.5978	10.00	13.60263
-6.612173	10.00	26.85106	0.03684527	0.00	0.027839	-13.6601	10.00	13.6644
-6.538566	10.00	26.90668	0.07360654	0.00	0.05561454	-13.68972	10.00	13.69376
-6.50143	10.00	26.93474	0.03713652	0.00	0.02805907	-13.71732	10.00	13.72113
-6.465713	10.00	26.96172	0.03571713	0.00	0.02698663	-13.74534	10.00	13.7489
-6.428297	10.00	26.98999	0.03741523	0.00	0.02826964	-13.77168	10.00	13.77501
-6.391913	10.00	27.01748	0.03638444	0.00	0.02749082	-13.79913	10.00	13.80223
-6.352661	10.00	27.04714	0.03925148	0.00	0.02965705	-13.84721	10.00	13.8499
-6.281221	10.00	27.10112	0.07144055	0.00	0.053978	-13.8701	10.00	13.87258
-6.244609	10.00	27.12878	0.03661132	0.00	0.02766224	-13.89128	10.00	13.89358
-6.209331	10.00	27.15544	0.03527829	0.00	0.02665505	-13.91258	10.00	13.91469
-6.172395	10.00	27.18334	0.03693634	0.00	0.02790781	-13.9327	10.00	13.93463
-6.135909	10.00	27.21091	0.03648571	0.00	0.02756734	-13.95211	10.00	13.95387
-6.099051	10.00	27.23876	0.03685783	0.00	0.0278485	-13.9889	10.00	13.99034
-6.025688	10.00	27.29419	0.07336317	0.00	0.05543066	-14.00586	10.00	14.00714
-5.988113	10.00	27.32258	0.03757459	0.00	0.02839006	-14.02133	10.00	14.02248
-5.951754	10.00	27.35005	0.03635932	0.00	0.02747184	-14.0356	10.00	14.03662
-5.916077	10.00	27.37701	0.03567709	0.00	0.02695637	-14.04933	10.00	14.05022
-5.879485	10.00	27.40466	0.03659169	0.00	0.02764741	-14.0624	10.00	14.06317
-5.842096	10.00	27.43291	0.03738932	0.00	0.02825007	-14.07405	10.00	14.07472
-5.806012	10.00	27.46017	0.03608376	0.00	0.02726364	-14.09611	10.00	14.09656
-5.73185	10.00	27.5162	0.07416236	0.00	0.0560345	-14.10509	10.00	14.10546
-5.695027	10.00	27.54403	0.0368225	0.00	0.0278218	-14.11314	10.00	14.11343
-5.657559	10.00	27.57234	0.0374686	0.00	0.02830998	-14.12581	10.00	14.12596
-5.583681	10.00	27.62816	0.07387816	0.00	0.05581978	-14.13018	10.00	14.13028
-5.548759	10.00	27.65454	0.03492108	0.00	0.02638516	-14.13406	10.00	14.13412
-5.511679	10.00	27.68256	0.03708078	0.00	0.02801695	-14.13897	10.00	14.13897
-5.437512	10.00	27.7386	0.07416628	0.00	0.05603747	-14.13983	10.00	14.13983
-5.3995	10.00	27.76732	0.03801265	0.00	0.02872104	-14.14001	10.00	14.14001
-5.327719	10.00	27.82155	0.07178048	0.00	0.05423484	-14.14001	10.00	14.14001
-5.291266	10.00	27.84909	0.03645352	0.00	0.02754302	-14.14001	10.00	14.14001
-5.217688	10.00	27.90469	0.07357827	0.00	0.05559319	-14.14001	10.00	14.14001
-5.181527	10.00	27.93201	0.0361607	0.00	0.02732177	-14.14001	10.00	14.14001
-5.107825	10.00	27.9877	0.07370231	0.00	0.05568691	-14.14001	10.00	14.14001
-5.07199	10.00	28.01477	0.0358349	0.00	0.0270756	-14.14001	10.00	14.14001
-4.997722	10.00	28.07089	0.07426755	0.00	0.05611398	-14.14001	10.00	14.14001
-4.962198	10.00	28.09773	0.03552401	0.00	0.02684071	-14.14001	10.00	14.14001
-4.922833	10.00	28.12747	0.03936531	0.00	0.02974306	-14.14001	10.00	14.14001
-4.851147	10.00	28.18163	0.07168549	0.00	0.05416306	-14.14001	10.00	14.14001
-4.813818	10.00	28.20984	0.03732887	0.00	0.02820439	-14.14001	10.00	14.14001
-4.740741	10.00	28.26505	0.07307741	0.00	0.05521475	-14.14001	10.00	14.14001
-4.705808	10.00	28.29145	0.03493286	0.00	0.02639406	-14.14001	10.00	14.14001
-4.667891	10.00	28.3201	0.03791766	0.00	0.02864927	-14.14001	10.00	14.14001
-4.593923	10.00	28.37598	0.07396767	0.00	0.0558874	-14.14001	10.00	14.14001
-4.559227	10.00	28.4022	0.03469656	0.00	0.02621551	-14.14001	10.00	14.14001
-4.521355	10.00	28.43081	0.03787134	0.00	0.02861427	-14.14001	10.00	14.14001
-4.446736	10.00	28.48719	0.07461847	0.00	0.05637913	-14.14001	10.00	14.14001
-4.409743	10.00	28.51514	0.03699365	0.00	0.02795111	-14.14001	10.00	14.14001
-4.336418	10.00	28.56798	0.0733247	0.00	0.05284115	-14.14001	10.00	14.14001
-4.296945	10.00	28.59574	0.03947365	0.00	0.02775734	-14.14001	10.00	14.14001
-4.226295	10.00	28.64172	0.07064921	0.00	0.04597903	-14.14001	10.00	14.14001
-4.190873	10.00	28.66477	0.03542274	0.00	0.02305338	-14.14001	10.00	14.14001
-4.115396	10.00	28.71389	0.07547655	0.00	0.0491207	-14.14001	10.00	14.14001
-4.077705	10.00	28.73569	0.0376907	0.00	0.02179416	-14.14001	10.00	14.14001
-4.002709	10.00	28.77399	0.07499629	0.00	0.03830472	-14.14001	10.00	14.14001
-3.94016	10.00	28.8023	0.06254938	0.00	0.02830418	-14.14001	10.00	14.14001
-3.889529	10.00	28.82521	0.05063088	0.00	0.02291095	-14.14001	10.00	14.14001
-3.850728	10.00	28.84148	0.03880079	0.00	0.01627026	-14.14001	10.00	14.14001
-3.813129	10.00	28.856	0.0375987	0.00	0.01451862	-14.14001	10.00	14.14001
-3.774238	10.00	28.87102	0.03889167	0.00	0.0150179	-14.14001	10.00	14.14001
-3.696745	10.00	28.90094	0.07749253	0.00	0.02992349	-14.14001	10.00	14.14001
-3.657562	10.00	28.91607	0.03918249	0.00	0.01513019	-14.14001	10.00	14.14001
-3.618711	10.00	28.93107	0.03885201	0.00	0.01500258	-14.14001	10.00	14.14001
-3.58139	10.00	28.94548	0.03732027	0.00	0.01441111	-14.14001	10.00	14.14001
-3.542944	10.00	28.95905	0.03844636	0.00	0.01357024	-14.14001	10.00	14.14001
-3.504503	10.00	28.97198	0.0384414	0.00	0.01293073	-14.14001	10.00	14.14001
-3.426372	10.00	28.99826	0.07813033	0.00	0.02628109	-14.14001	10.00	14.14001
-3.38818	10.00	29.01111	0.03819272	0.00	0.01284708	-14.14001	10.00	14.14001
-3.348955	10.00	29.02431	0.03922462	0.00	0.01319418	-14.14001	10.00	14.14001
21.49548
