0.06737316	10.00	-49.90205	0.06737316	0.00	0.09794769	40	10.00	0
0.5848352	10.00	-49.25596	0.517462	0.00	0.6460905	39.97859	10.00	-3.448719E-05
0.7273083	10.00	-49.07807	0.1424731	0.00	0.1778885	39.9614	10.00	-6.69218E-05
0.8020505	10.00	-48.98475	0.07474223	0.00	0.09332134	39.94698	10.00	-8.973252E-05
0.8546847	10.00	-48.91903	0.0526342	0.00	0.06571779	39.92785	10.00	-0.0001117493
0.9142733	10.00	-48.84464	0.05958865	0.00	0.07440095	39.90235	10.00	-0.0001315683
0.979906	10.00	-48.76269	0.06563262	0.00	0.0819473	39.87138	10.00	-5.237947E-05
1.044882	10.00	-48.68156	0.06497621	0.00	0.08112773	39.83958	10.00	0.0001611952
1.099491	10.00	-48.61338	0.05460871	0.00	0.06818311	39.79786	10.00	0.0005058444
1.16642	10.00	-48.53621	0.06692861	0.00	0.07717114	39.74794	10.00	0.001040621
1.218899	10.00	-48.45506	0.05247953	0.00	0.08114619	39.70327	10.00	0.001507512
1.266258	10.00	-48.41384	0.04735892	0.00	0.04121839	39.65242	10.00	0.002159614
1.297591	10.00	-48.39214	0.03133266	0.00	0.02170007	39.59657	10.00	0.002849679
1.307749	10.00	-48.39214	0.01015842	0.00	0	39.52756	10.00	0.00359766
1.307749	10.00	-48.39214	0	0.00	0	39.45427	10.00	0.004365713
1.307749	10.00	-48.39214	0	0.00	0	39.37746	10.00	0.005195048
1.307749	10.00	-48.39214	0	0.00	0	39.3143	10.00	0.005754624
1.307749	10.00	-48.39214	0	0.00	0	39.24557	10.00	0.006321853
1.307749	10.00	-48.39214	0	0.00	0	39.17521	10.00	0.006838037
1.307749	10.00	-48.39214	0	0.00	0	39.09578	10.00	0.007283742
1.307749	10.00	-48.39214	0	0.00	0	39.01049	10.00	0.007718925
1.307749	10.00	-48.39214	0	0.00	0	38.94181	10.00	0.008114579
1.307749	10.00	-48.39214	0	0.00	0	38.86801	10.00	0.008498084
1.307749	10.00	-48.39214	0	0.00	0	38.79458	10.00	0.00895833
1.307749	10.00	-48.39214	0	0.00	0	38.70751	10.00	0.009564706
1.307749	10.00	-48.39214	0	0.00	0	38.61953	10.00	0.01007664
1.307749	10.00	-48.30651	0	0.00	0.08562619	38.53011	10.00	0.01054643
1.307749	10.00	-48.17657	0	0.00	0.1299432	38.44005	10.00	0.01102818
1.307749	10.00	-48.04438	0	0.00	0.1321894	38.34843	10.00	0.01153092
1.307749	10.00	-47.9112	0	0.00	0.1331831	38.27277	10.00	0.01196831
1.307749	10.00	-47.80228	0	0.00	0.1089173	38.19263	10.00	0.0124173
1.307749	10.00	-47.68776	0	0.00	0.1145159	38.10796	10.00	0.01291995
1.307749	10.00	-47.56723	0	0.00	0.1205335	38.01503	10.00	0.01340305
1.307749	10.00	-47.43555	0	0.00	0.1316812	37.93008	10.00	0.01385951
1.307749	10.00	-47.31567	0	0.00	0.1198824	37.8367	10.00	0.01438096
1.307749	10.00	-47.18483	0	0.00	0.1308389	37.74239	10.00	0.01492963
1.307749	10.00	-47.0533	0	0.00	0.1315297	37.64703	10.00	0.01553837
1.307749	10.00	-46.92059	0	0.00	0.1327061	37.55276	10.00	0.01609744
1.307749	10.00	-46.78941	0	0.00	0.1311787	37.47131	10.00	0.01653591
1.307749	10.00	-46.67608	0	0.00	0.1133325	37.36235	10.00	0.01709113
1.307749	10.00	-46.5242	0	0.00	0.1518773	37.2806	10.00	0.01751617
1.307749	10.00	-46.41006	0	0.00	0.114145	37.1734	10.00	0.018058
1.307749	10.00	-46.26028	0	0.00	0.1497822	37.0955	10.00	0.01844802
1.307749	10.00	-46.15152	0	0.00	0.1087545	37.01538	10.00	0.0188331
1.307749	10.00	-46.03963	0	0.00	0.1118886	36.93624	10.00	0.01926664
1.307749	10.00	-45.92933	0	0.00	0.1103074	36.8408	10.00	0.01980751
1.307749	10.00	-45.7961	0	0.00	0.1332199	36.76512	10.00	0.02027529
1.307749	10.00	-45.69026	0	0.00	0.1058483	36.68649	10.00	0.02074466
1.307749	10.00	-45.58011	0	0.00	0.1101446	36.60566	10.00	0.02124544
1.307749	10.00	-45.46689	0	0.00	0.1132235	36.51064	10.00	0.02184833
1.307749	10.00	-45.33359	0	0.00	0.1333006	36.43082	10.00	0.02239441
1.307749	10.00	-45.22172	0	0.00	0.1118688	36.35247	10.00	0.02295169
1.307749	10.00	-45.11188	0	0.00	0.1098445	36.27456	10.00	0.02355447
1.307749	10.00	-45.00274	0	0.00	0.1091367	36.18036	10.00	0.02428434
1.307749	10.00	-44.87086	0	0.00	0.1318794	36.10286	10.00	0.0248927
1.307749	10.00	-44.76248	0	0.00	0.108378	35.99199	10.00	0.02579431
1.307749	10.00	-44.60757	0	0.00	0.1549165	35.91059	10.00	0.02646733
1.307749	10.00	-44.49392	0	0.00	0.1136453	35.80231	10.00	0.02738603
1.307749	10.00	-44.34306	0	0.00	0.1508623	35.72618	10.00	0.028155
1.307749	10.00	-44.23705	0	0.00	0.106014	35.64583	10.00	0.02892864
1.307749	10.00	-44.1253	0	0.00	0.1117471	35.55678	10.00	0.02974563
1.307749	10.00	-44.00152	0	0.00	0.1237738	35.45742	10.00	0.03055853
1.307749	10.00	-43.86347	0	0.00	0.1380556	35.36602	10.00	0.03130625
1.307749	10.00	-43.73673	0	0.00	0.1267352	35.27884	10.00	0.03201896
1.307749	10.00	-43.61612	0	0.00	0.1206114	35.18279	10.00	0.0327218
1.307749	10.00	-43.48342	0	0.00	0.132699	35.0863	10.00	0.03337178
1.307749	10.00	-43.35048	0	0.00	0.1329453	35.00538	10.00	0.03380213
1.307749	10.00	-43.23928	0	0.00	0.1111936	34.92398	10.00	0.03418569
1.307749	10.00	-43.12767	0	0.00	0.1116112	34.84147	10.00	0.0345238
1.307749	10.00	-43.01482	0	0.00	0.1128526	34.74919	10.00	0.03485565
1.307749	10.00	-42.88877	0	0.00	0.126043	34.65152	10.00	0.03514364
1.307749	10.00	-42.75549	0	0.00	0.1332865	34.57249	10.00	0.03533907
1.307749	10.00	-42.64777	0	0.00	0.1077197	34.48792	10.00	0.03553594
1.307749	10.00	-42.53258	0	0.00	0.1151912	34.39306	10.00	0.03577209
1.307749	10.00	-42.40347	0	0.00	0.1291091	34.30465	10.00	0.03599855
1.307749	10.00	-42.28318	0	0.00	0.1202929	34.21531	10.00	0.03620433
1.307749	10.00	-42.16156	0	0.00	0.1216207	34.11876	10.00	0.0364068
1.307749	10.00	-42.03013	0	0.00	0.1314264	34.0212	10.00	0.03662108
1.307749	10.00	-41.89732	0	0.00	0.1328038	33.92369	10.00	0.03680162
1.307749	10.00	-41.76457	0	0.00	0.1327528	33.82683	10.00	0.03691747
1.307749	10.00	-41.63271	0	0.00	0.1318596	33.72958	10.00	0.03699977
1.307749	10.00	-41.5002	0	0.00	0.1325093	33.63297	10.00	0.03708006
1.307749	10.00	-41.36867	0	0.00	0.1315326	33.53563	10.00	0.03715445
1.307749	10.00	-41.23608	0	0.00	0.1325872	33.4381	10.00	0.03722577
1.307749	10.00	-41.10345	0	0.00	0.1326353	33.34023	10.00	0.03730813
1.307749	10.00	-40.97043	0	0.00	0.1330204	33.24355	10.00	0.03741861
1.307749	10.00	-40.83927	0	0.00	0.1311603	33.14624	10.00	0.03756451
1.307749	10.00	-40.70752	0	0.00	0.1317435	33.04831	10.00	0.03775316
1.307749	10.00	-40.57503	0	0.00	0.1324966	32.95033	10.00	0.03795283
1.307749	10.00	-40.44247	0	0.00	0.1325532	32.85391	10.00	0.0381464
1.307749	10.00	-40.31207	0	0.00	0.1304114	32.75546	10.00	0.03837039
1.307749	10.00	-40.17891	0	0.00	0.1331577	32.65722	10.00	0.03857404
1.307749	10.00	-40.04591	0	0.00	0.132992	32.56122	10.00	0.03876798
1.307749	10.00	-39.91591	0	0.00	0.1299995	32.46304	10.00	0.03898591
1.307749	10.00	-39.78294	0	0.00	0.1329765	32.36408	10.00	0.03922039
1.307749	10.00	-39.64886	0	0.00	0.1340735	32.26113	10.00	0.03947661
1.307749	10.00	-39.50945	0	0.00	0.1394173	32.16614	10.00	0.03972541
1.307749	10.00	-39.38087	0	0.00	0.1285712	32.07228	10.00	0.03996048
1.302492	10.00	-39.25389	-0.005256609	0.00	0.1269886	31.9743	10.00	0.04019218
1.297007	10.00	-39.12138	-0.005484961	0.00	0.1325051	31.87606	10.00	0.04041352
1.291508	10.00	-38.98853	-0.005499317	0.00	0.1328519	31.77833	10.00	0.04062501
1.279638	10.00	-38.85636	-0.01187012	0.00	0.132171	31.68066	10.00	0.0408358
1.266497	10.00	-38.72427	-0.01314132	0.00	0.1320847	31.58244	10.00	0.04105328
1.25457	10.00	-38.59148	-0.01192631	0.00	0.1327967	31.50214	10.00	0.04121795
1.24482	10.00	-38.48291	-0.009750585	0.00	0.1085705	31.38598	10.00	0.04145288
1.230716	10.00	-38.32586	-0.01410419	0.00	0.1570469	31.29916	10.00	0.04162991
1.230716	10.00	-38.20847	0	0.00	0.1173896	31.19147	10.00	0.04184343
1.230716	10.00	-38.06293	0	0.00	0.145544	31.09542	10.00	0.04202975
1.230716	10.00	-37.93315	0	0.00	0.1297787	30.99628	10.00	0.04221979
1.230716	10.00	-37.79918	0	0.00	0.1339645	30.89819	10.00	0.04240463
1.230716	10.00	-37.66667	0	0.00	0.1325136	30.80145	10.00	0.04258231
1.230716	10.00	-37.53596	0	0.00	0.1307045	30.70414	10.00	0.04274981
1.230716	10.00	-37.40453	0	0.00	0.1314321	30.60507	10.00	0.04291866
1.230716	10.00	-37.2707	0	0.00	0.1338301	30.50672	10.00	0.04309257
1.225218	10.00	-37.13789	-0.005497911	0.00	0.1328179	30.40885	10.00	0.04326294
1.210785	10.00	-37.00569	-0.01443265	0.00	0.1321979	30.31151	10.00	0.04342205
1.195159	10.00	-36.87422	-0.01562605	0.00	0.1314689	30.21335	10.00	0.04362457
1.17555	10.00	-36.74164	-0.01960878	0.00	0.1325759	30.11551	10.00	0.04383307
1.14961	10.00	-36.60951	-0.02594038	0.00	0.1321328	30.01842	10.00	0.04404215
1.12387	10.00	-36.4784	-0.02573973	0.00	0.1311107	29.92089	10.00	0.04424142
1.098017	10.00	-36.34671	-0.02585311	0.00	0.1316883	29.82258	10.00	0.04444483
1.071954	10.00	-36.21395	-0.02606266	0.00	0.1327556	29.72462	10.00	0.04463078
1.021653	10.00	-36.08168	-0.0503017	0.00	0.1322701	29.6261	10.00	0.04481335
0.960753	10.00	-35.94865	-0.06089961	0.00	0.1330387	29.5293	10.00	0.04500205
0.8996544	10.00	-35.81794	-0.06109865	0.00	0.1307087	29.43012	10.00	0.04519311
0.8409439	10.00	-35.68402	-0.05871045	0.00	0.1339221	29.33344	10.00	0.04537708
0.7799194	10.00	-35.55347	-0.06102454	0.00	0.1305502	29.23471	10.00	0.0455627
0.7175946	10.00	-35.42014	-0.06232478	0.00	0.1333318	29.13653	10.00	0.04572874
0.6556258	10.00	-35.28756	-0.06196878	0.00	0.1325702	29.03817	10.00	0.04589513
0.5935558	10.00	-35.15478	-0.06207003	0.00	0.1327868	28.93565	10.00	0.04606679
0.5288648	10.00	-35.01638	-0.06469101	0.00	0.1383939	28.83797	10.00	0.04623355
0.4672341	10.00	-34.88454	-0.06163066	0.00	0.1318468	28.74515	10.00	0.04639027
0.4086618	10.00	-34.75923	-0.05857229	0.00	0.125304	28.64653	10.00	0.04654818
0.3412768	10.00	-34.62611	-0.06738503	0.00	0.1331265	28.54915	10.00	0.04669471
0.2747387	10.00	-34.49465	-0.0665381	0.00	0.1314533	28.45106	10.00	0.04684048
0.2077349	10.00	-34.36228	-0.06700385	0.00	0.1323734	28.35148	10.00	0.04698705
0.1397057	10.00	-34.22788	-0.06802919	0.00	0.1343991	28.25498	10.00	0.04709999
0.06875884	10.00	-34.09768	-0.07094683	0.00	0.1302005	28.1573	10.00	0.04721606
-0.003076601	10.00	-33.96585	-0.07183544	0.00	0.1318313	28.05898	10.00	0.04731492
-0.07536174	10.00	-33.83319	-0.07228514	0.00	0.1326565	27.96117	10.00	0.04741181
-0.1523817	10.00	-33.70123	-0.07701994	0.00	0.1319657	27.86351	10.00	0.04750743
-0.2267302	10.00	-33.56947	-0.07434852	0.00	0.1317605	27.76533	10.00	0.04760021
-0.3001962	10.00	-33.437	-0.073466	0.00	0.1324697	27.66709	10.00	0.04769173
-0.3736999	10.00	-33.30446	-0.07350369	0.00	0.1325376	27.5692	10.00	0.04778158
-0.4469406	10.00	-33.17239	-0.0732407	0.00	0.1320634	27.47199	10.00	0.04786216
-0.5196757	10.00	-33.04124	-0.07273512	0.00	0.1311518	27.37433	10.00	0.0479572
-0.5927452	10.00	-32.90949	-0.07306956	0.00	0.1317548	27.27498	10.00	0.04804949
-0.6670898	10.00	-32.77543	-0.07434449	0.00	0.1340537	27.17868	10.00	0.04813756
-0.7391497	10.00	-32.6455	-0.07205996	0.00	0.1299344	27.07957	10.00	0.04822338
-0.8133168	10.00	-32.51176	-0.07416707	0.00	0.1337338	26.98168	10.00	0.04830997
-0.8865622	10.00	-32.3797	-0.07324541	0.00	0.1320719	26.8838	10.00	0.04838538
-0.9559689	10.00	-32.24763	-0.06940666	0.00	0.1320677	26.78625	10.00	0.04845928
-1.023871	10.00	-32.116	-0.06790222	0.00	0.1316303	26.68747	10.00	0.04853337
-1.092613	10.00	-31.98274	-0.06874198	0.00	0.1332582	26.58984	10.00	0.04859922
-1.160573	10.00	-31.851	-0.06795991	0.00	0.1317421	26.49171	10.00	0.04865905
-1.228868	10.00	-31.7186	-0.06829509	0.00	0.1323918	26.39415	10.00	0.04871242
-1.296756	10.00	-31.587	-0.06788835	0.00	0.1316034	26.2963	10.00	0.04876531
-1.364845	10.00	-31.45501	-0.06808843	0.00	0.1319912	26.19801	10.00	0.04882594
-1.433253	10.00	-31.3224	-0.06840827	0.00	0.1326112	26.0999	10.00	0.04888595
-1.501517	10.00	-31.19007	-0.06826369	0.00	0.132331	26.00179	10.00	0.04894487
-1.569781	10.00	-31.05774	-0.06826442	0.00	0.1323324	25.90375	10.00	0.04900771
-1.637997	10.00	-30.9255	-0.06821622	0.00	0.132239	25.80589	10.00	0.04906814
-1.706086	10.00	-30.7935	-0.06808843	0.00	0.1319912	25.69827	10.00	0.04916831
-1.780979	10.00	-30.64832	-0.07489347	0.00	0.145183	25.60095	10.00	0.04925686
-1.848695	10.00	-30.51705	-0.06771601	0.00	0.1312693	25.51081	10.00	0.04933784
-1.906696	10.00	-30.39549	-0.05800049	0.00	0.1215627	25.41372	10.00	0.04942429
-1.96411	10.00	-30.26452	-0.05741407	0.00	0.1309649	25.31549	10.00	0.04949647
-2.022197	10.00	-30.13202	-0.05808677	0.00	0.1324994	25.21404	10.00	0.04957
-2.082179	10.00	-29.9952	-0.05998202	0.00	0.1368226	25.11997	10.00	0.04964263
-2.137802	10.00	-29.86832	-0.05562307	0.00	0.1268796	25.02235	10.00	0.04971701
-2.195528	10.00	-29.73665	-0.05772622	0.00	0.131677	24.92482	10.00	0.04978186
-2.253193	10.00	-29.60511	-0.05766478	0.00	0.1315368	24.82612	10.00	0.04984683
-2.311546	10.00	-29.472	-0.058353	0.00	0.1331067	24.72955	10.00	0.04991364
-2.368631	10.00	-29.34179	-0.05708516	0.00	0.1302147	24.63054	10.00	0.04998845
-2.427193	10.00	-29.2082	-0.05856214	0.00	0.1335838	24.53376	10.00	0.05008264
-2.484484	10.00	-29.07752	-0.05729057	0.00	0.1306832	24.43495	10.00	0.05020297
-2.54305	10.00	-28.94393	-0.05856586	0.00	0.1335922	24.33723	10.00	0.05028691
-2.603597	10.00	-28.81166	-0.06054711	0.00	0.1322687	24.23937	10.00	0.05038009
-2.665604	10.00	-28.67901	-0.06200717	0.00	0.1326523	24.1423	10.00	0.05051089
-2.727147	10.00	-28.54735	-0.06154332	0.00	0.13166	24.04501	10.00	0.05066651
-2.788875	10.00	-28.41529	-0.06172793	0.00	0.1320549	23.94726	10.00	0.05085177
-2.850893	10.00	-28.28262	-0.06201841	0.00	0.1326764	23.85137	10.00	0.0509864
-2.911727	10.00	-28.15248	-0.06083331	0.00	0.1301411	23.75251	10.00	0.05113695
-2.978349	10.00	-28.01829	-0.0666224	0.00	0.1341868	23.65525	10.00	0.05127249
-3.042516	10.00	-27.88648	-0.06416675	0.00	0.1318114	23.55753	10.00	0.05135685
-3.105616	10.00	-27.75422	-0.06310049	0.00	0.1322517	23.46084	10.00	0.05144772
-3.168004	10.00	-27.62347	-0.06238793	0.00	0.1307583	23.36137	10.00	0.05152345
-3.232122	10.00	-27.48908	-0.06411764	0.00	0.1343835	23.264	10.00	0.05162907
-3.294825	10.00	-27.35766	-0.06270334	0.00	0.1314193	23.1659	10.00	0.05171211
-3.357955	10.00	-27.22535	-0.06312953	0.00	0.1323126	23.068	10.00	0.05179236
-3.420938	10.00	-27.09335	-0.06298296	0.00	0.1320054	22.96998	10.00	0.05187088
-3.47503	10.00	-26.9612	-0.05409182	0.00	0.1321427	22.87186	10.00	0.05194789
-3.527913	10.00	-26.82888	-0.05288302	0.00	0.1323196	22.77332	10.00	0.05202378
-3.581005	10.00	-26.69604	-0.05309235	0.00	0.1328434	22.67562	10.00	0.05209309
-3.633647	10.00	-26.56432	-0.05264201	0.00	0.1317166	22.57662	10.00	0.05217903
-3.686998	10.00	-26.43083	-0.05335089	0.00	0.1334903	22.47683	10.00	0.0522627
-3.740761	10.00	-26.29631	-0.05376276	0.00	0.1345209	22.38155	10.00	0.05234639
-3.792087	10.00	-26.16789	-0.05132607	0.00	0.128424	22.28349	10.00	0.0524304
-3.844914	10.00	-26.03571	-0.05282701	0.00	0.1321795	22.18047	10.00	0.05251274
-3.900402	10.00	-25.89687	-0.0554883	0.00	0.1388384	22.08774	10.00	0.05260308
-3.950346	10.00	-25.77191	-0.04994394	0.00	0.1249657	21.98845	10.00	0.05268489
-4.003818	10.00	-25.63811	-0.05347139	0.00	0.1337918	21.89107	10.00	0.05277226
-4.056254	10.00	-25.50691	-0.05243663	0.00	0.1312027	21.7933	10.00	0.05285866
-4.108896	10.00	-25.37519	-0.05264201	0.00	0.1317166	21.6951	10.00	0.05294291
-4.161767	10.00	-25.24291	-0.05287057	0.00	0.1322885	21.59723	10.00	0.05302625
-4.214466	10.00	-25.11104	-0.05269971	0.00	0.131861	21.49884	10.00	0.05307901
-4.267434	10.00	-24.97851	-0.05296788	0.00	0.132532	21.40067	10.00	0.05311231
-4.320285	10.00	-24.84627	-0.05285133	0.00	0.1322404	21.30369	10.00	0.05313771
-4.372486	10.00	-24.71566	-0.05220072	0.00	0.1306124	21.20428	10.00	0.0531386
-4.425997	10.00	-24.58177	-0.053511	0.00	0.1338909	21.10609	10.00	0.05314544
-4.478854	10.00	-24.44951	-0.05285699	0.00	0.1322545	21.00775	10.00	0.053152
-4.531781	10.00	-24.31709	-0.05292714	0.00	0.13243	20.91034	10.00	0.05304914
-4.584208	10.00	-24.18591	-0.05242702	0.00	0.1311787	20.81154	10.00	0.05304521
-4.637381	10.00	-24.05286	-0.05317268	0.00	0.1330444	20.71344	10.00	0.05294016
-4.682494	10.00	-23.92078	-0.04511292	0.00	0.1320776	20.61629	10.00	0.05293393
-4.71958	10.00	-23.78996	-0.03708565	0.00	0.130829	20.51719	10.00	0.05281485
-4.757401	10.00	-23.65653	-0.03782077	0.00	0.1334224	20.4185	10.00	0.05282172
-4.795079	10.00	-23.52361	-0.03767832	0.00	0.1329198	20.32209	10.00	0.05271072
-4.835643	10.00	-23.39381	-0.04056444	0.00	0.1297999	20.22363	10.00	0.05259679
-4.874502	10.00	-23.26126	-0.03885872	0.00	0.132556	20.12408	10.00	0.0524809
-4.907306	10.00	-23.12722	-0.03280382	0.00	0.1340382	20.0273	10.00	0.05235988
-4.939195	10.00	-22.99692	-0.03188922	0.00	0.130301	19.92796	10.00	0.05224091
-4.964158	10.00	-22.86316	-0.02496319	0.00	0.1337522	19.82981	10.00	0.05212263
-4.986262	10.00	-22.73102	-0.02210446	0.00	0.1321469	19.73237	10.00	0.05200458
-5.008207	10.00	-22.59983	-0.0219444	0.00	0.13119	19.63364	10.00	0.05190633
-5.033017	10.00	-22.46689	-0.02481049	0.00	0.132934	19.53541	10.00	0.05180715
-5.06154	10.00	-22.33465	-0.02852274	0.00	0.1322418	19.43708	10.00	0.05170707
-5.090092	10.00	-22.20227	-0.02855205	0.00	0.1323777	19.3387	10.00	0.05160005
-5.11738	10.00	-22.06981	-0.02728746	0.00	0.1324612	19.23708	10.00	0.0514909
-5.145562	10.00	-21.93301	-0.02818242	0.00	0.1368056	19.12297	10.00	0.05136755
-5.177209	10.00	-21.77938	-0.03164737	0.00	0.1536255	19.02201	10.00	0.05126356
-5.20521	10.00	-21.64346	-0.02800045	0.00	0.1359223	18.93191	10.00	0.05116993
-5.230195	10.00	-21.52218	-0.02498488	0.00	0.1212838	18.84311	10.00	0.05107406
-5.25829	10.00	-21.40265	-0.02809542	0.00	0.1195285	18.75009	10.00	0.05096759
-5.287727	10.00	-21.27741	-0.029437	0.00	0.1252361	18.65174	10.00	0.05085454
-5.32269	10.00	-21.14503	-0.03496328	0.00	0.1323862	18.55435	10.00	0.05074767
-5.354775	10.00	-21.01393	-0.03208496	0.00	0.1311008	18.45634	10.00	0.05063931
-5.387064	10.00	-20.88199	-0.03228866	0.00	0.1319332	18.35809	10.00	0.05053023
-5.421993	10.00	-20.74973	-0.03492889	0.00	0.1322559	18.25946	10.00	0.05042022
-5.458342	10.00	-20.61697	-0.03634864	0.00	0.1327641	18.16071	10.00	0.05030393
-5.494733	10.00	-20.48405	-0.03639127	0.00	0.1329198	18.06247	10.00	0.05018792
-5.530937	10.00	-20.35181	-0.03620447	0.00	0.1322375	17.96447	10.00	0.05007703
-5.567051	10.00	-20.21991	-0.03611416	0.00	0.1319077	17.86628	10.00	0.04996533
-5.608358	10.00	-20.08773	-0.04130632	0.00	0.1321738	17.76793	10.00	0.0498518
-5.6587	10.00	-19.95535	-0.05034262	0.00	0.1323777	17.66951	10.00	0.04974041
-5.714202	10.00	-19.8229	-0.05550184	0.00	0.1324541	17.57266	10.00	0.04963034
-5.772614	10.00	-19.69254	-0.05841198	0.00	0.1303619	17.47309	10.00	0.04951621
-5.835256	10.00	-19.55853	-0.06264173	0.00	0.1340098	17.375	10.00	0.0494035
-5.896961	10.00	-19.42652	-0.06170543	0.00	0.1320068	17.27683	10.00	0.04929319
-5.958719	10.00	-19.2944	-0.06175771	0.00	0.1321186	17.17869	10.00	0.04918252
-6.020466	10.00	-19.16231	-0.06174712	0.00	0.132096	17.08036	10.00	0.04907124
-6.082321	10.00	-19.02998	-0.06185432	0.00	0.1323253	16.98216	10.00	0.04895993
-6.140258	10.00	-18.89782	-0.05793722	0.00	0.1321583	16.88437	10.00	0.04884867
-6.201773	10.00	-18.76622	-0.06151552	0.00	0.1316005	16.78501	10.00	0.04873528
-6.264281	10.00	-18.6325	-0.06250807	0.00	0.1337239	16.68678	10.00	0.04862296
-6.326073	10.00	-18.50031	-0.06179145	0.00	0.1321908	16.5904	10.00	0.04851317
-6.386701	10.00	-18.37061	-0.06062819	0.00	0.1297022	16.49112	10.00	0.04841182
-6.44915	10.00	-18.23701	-0.06244852	0.00	0.1335965	16.39261	10.00	0.04831873
-6.51112	10.00	-18.10444	-0.06197011	0.00	0.132573	16.29447	10.00	0.04822488
-6.572856	10.00	-17.97236	-0.06173653	0.00	0.1320733	16.19597	10.00	0.04812261
-6.630963	10.00	-17.83982	-0.05810663	0.00	0.1325447	16.09661	10.00	0.04801914
-6.689582	10.00	-17.7061	-0.05861923	0.00	0.133714	15.99995	10.00	0.0479179
-6.746601	10.00	-17.57604	-0.05701876	0.00	0.1300632	15.89768	10.00	0.04781021
-6.80693	10.00	-17.43843	-0.06032892	0.00	0.1376139	15.80123	10.00	0.04770807
-6.849998	10.00	-17.30866	-0.04306825	0.00	0.1297702	15.69352	10.00	0.04759368
-6.891082	10.00	-17.16372	-0.04108389	0.00	0.1449338	15.60399	10.00	0.04749825
-6.925229	10.00	-17.04326	-0.03414716	0.00	0.1204628	15.50861	10.00	0.0473962
-6.961607	10.00	-16.91493	-0.03637741	0.00	0.1283305	15.41162	10.00	0.04729175
-6.998596	10.00	-16.78444	-0.03698974	0.00	0.1304907	15.31226	10.00	0.04718034
-7.032608	10.00	-16.65075	-0.03401202	0.00	0.1336857	15.21389	10.00	0.04706979
-7.057311	10.00	-16.5184	-0.02470243	0.00	0.132355	15.11589	10.00	0.04695931
-7.075538	10.00	-16.38653	-0.01822683	0.00	0.1318652	15.01881	10.00	0.04684975
-7.092325	10.00	-16.25594	-0.01678715	0.00	0.1305983	14.91915	10.00	0.0467369
-7.113454	10.00	-16.12186	-0.0211294	0.00	0.1340792	14.82093	10.00	0.04662554
-7.134276	10.00	-15.98973	-0.020822	0.00	0.1321285	14.72264	10.00	0.04650844
-7.157674	10.00	-15.8575	-0.02339831	0.00	0.1322276	14.62446	10.00	0.04639022
-7.183606	10.00	-15.72541	-0.02593121	0.00	0.1320861	14.52629	10.00	0.04627183
-7.209533	10.00	-15.59335	-0.02592731	0.00	0.1320662	14.42811	10.00	0.04615314
-7.235464	10.00	-15.46126	-0.02593065	0.00	0.1320832	14.32967	10.00	0.04603388
-7.261458	10.00	-15.32886	-0.02599457	0.00	0.1324088	14.23099	10.00	0.04590258
-7.28752	10.00	-15.1961	-0.0260621	0.00	0.1327528	14.13306	10.00	0.04577205
-7.313383	10.00	-15.06437	-0.02586284	0.00	0.1317378	14.03484	10.00	0.04564122
-7.339322	10.00	-14.93224	-0.02593899	0.00	0.1321257	13.93669	10.00	0.04551039
-7.370356	10.00	-14.80021	-0.03103413	0.00	0.1320309	13.83851	10.00	0.04537967
-7.401399	10.00	-14.66814	-0.03104278	0.00	0.1320677	13.73999	10.00	0.04524818
-7.43255	10.00	-14.53561	-0.03115158	0.00	0.1325306	13.64223	10.00	0.04512176
-7.463459	10.00	-14.40411	-0.03090868	0.00	0.1314972	13.54314	10.00	0.04499358
-7.505111	10.00	-14.27083	-0.04165139	0.00	0.133278	13.44546	10.00	0.04486726
-7.563977	10.00	-14.13946	-0.05886613	0.00	0.1313754	13.34795	10.00	0.04474118
-7.625282	10.00	-14.00831	-0.06130576	0.00	0.1311518	13.24782	10.00	0.04461171
-7.685627	10.00	-13.87363	-0.06034465	0.00	0.1346752	13.15146	10.00	0.04448714
-7.742441	10.00	-13.74404	-0.05681397	0.00	0.1295961	13.05198	10.00	0.04435815
-7.801103	10.00	-13.61023	-0.05866205	0.00	0.1338117	12.95062	10.00	0.04422724
-7.86087	10.00	-13.47389	-0.05976668	0.00	0.1363314	12.85557	10.00	0.04410432
-7.916912	10.00	-13.34606	-0.05604197	0.00	0.1278351	12.7575	10.00	0.04397748
-7.974741	10.00	-13.21415	-0.05782923	0.00	0.1319119	12.65897	10.00	0.04384997
-8.032835	10.00	-13.08163	-0.05809422	0.00	0.1325164	12.56067	10.00	0.04372257
-8.090796	10.00	-12.94942	-0.05796017	0.00	0.1322106	12.4616	10.00	0.04360058
-8.149209	10.00	-12.81617	-0.05841382	0.00	0.1332454	12.36438	10.00	0.04348014
-8.20653	10.00	-12.68542	-0.05732036	0.00	0.1307512	12.26606	10.00	0.04335832
-8.260662	10.00	-12.55318	-0.05413296	0.00	0.1322432	12.16779	10.00	0.04323643
-8.313487	10.00	-12.42101	-0.05282474	0.00	0.1321738	12.06942	10.00	0.04311431
-8.363797	10.00	-12.28871	-0.05030978	0.00	0.1322913	11.97129	10.00	0.04299244
-8.411432	10.00	-12.15673	-0.04763544	0.00	0.1319799	11.87258	10.00	0.04286604
-8.459347	10.00	-12.02398	-0.04791441	0.00	0.1327528	11.77455	10.00	0.0427404
-8.503103	10.00	-11.89214	-0.0437565	0.00	0.131844	11.67626	10.00	0.04261436
-8.536736	10.00	-11.75994	-0.03363279	0.00	0.1321951	11.57753	10.00	0.04248768
-8.569234	10.00	-11.62716	-0.03249757	0.00	0.1327868	11.47954	10.00	0.04236181
-8.601484	10.00	-11.49538	-0.0322502	0.00	0.131776	11.38141	10.00	0.04223559
-8.63378	10.00	-11.36341	-0.03229663	0.00	0.1319657	11.28332	10.00	0.04211004
-8.666066	10.00	-11.23149	-0.03228554	0.00	0.1319204	11.18468	10.00	0.0419837
-8.698528	10.00	-11.09885	-0.03246223	0.00	0.1326424	11.08636	10.00	0.04185769
-8.721926	10.00	-10.96663	-0.02339705	0.00	0.1322206	10.98929	10.00	0.04173325
-8.74376	10.00	-10.83609	-0.021835	0.00	0.130536	10.89091	10.00	0.041607
-8.76589	10.00	-10.7038	-0.02212933	0.00	0.1322956	10.79184	10.00	0.04148355
-8.788173	10.00	-10.57058	-0.02228348	0.00	0.1332171	10.69282	10.00	0.04135675
-8.810447	10.00	-10.43743	-0.02227329	0.00	0.1331562	10.59422	10.00	0.04123048
-8.832624	10.00	-10.30484	-0.02217787	0.00	0.1325858	10.49674	10.00	0.04106806
-8.85455	10.00	-10.17376	-0.02192593	0.00	0.1310796	10.39841	10.00	0.04089249
-8.876669	10.00	-10.04153	-0.0221182	0.00	0.132229	10.30014	10.00	0.04071676
-8.898772	10.00	-9.909387	-0.02210423	0.00	0.1321455	10.20171	10.00	0.04054033
-8.924756	10.00	-9.777033	-0.02598373	0.00	0.1323536	10.10354	10.00	0.04036377
-8.950674	10.00	-9.645015	-0.02591787	0.00	0.1320181	10.00625	10.00	0.04017758
-8.976357	10.00	-9.514196	-0.0256822	0.00	0.1308177	9.901462	10.00	0.04010414
-9.004035	10.00	-9.373211	-0.02767841	0.00	0.1409858	9.808731	10.00	0.03990983
-9.028543	10.00	-9.248371	-0.0245086	0.00	0.1248397	9.710738	10.00	0.03971679
-9.078745	10.00	-9.116365	-0.05020103	0.00	0.1320054	9.612814	10.00	0.03955666
-9.139215	10.00	-8.984262	-0.06047129	0.00	0.1321031	9.515012	10.00	0.03939191
-9.200991	10.00	-8.852107	-0.06177491	0.00	0.1321554	9.416973	10.00	0.03921949
-9.241154	10.00	-8.719483	-0.04016282	0.00	0.132624	9.314789	10.00	0.03906254
-9.273665	10.00	-8.581164	-0.03251213	0.00	0.1383189	9.212965	10.00	0.03893524
-9.306098	10.00	-8.443184	-0.03243261	0.00	0.1379805	9.116106	10.00	0.03866017
-9.336969	10.00	-8.311849	-0.03087075	0.00	0.1313358	9.027237	10.00	0.03838827
-9.365303	10.00	-8.191303	-0.02833432	0.00	0.1205449	8.9294	10.00	0.03813426
-9.396485	10.00	-8.058645	-0.03118153	0.00	0.132658	8.831672	10.00	0.03788498
-9.427579	10.00	-7.926358	-0.03109435	0.00	0.1322871	8.734035	10.00	0.03760856
-9.458596	10.00	-7.794401	-0.03101682	0.00	0.1319572	8.6361	10.00	0.03727917
-9.489676	10.00	-7.662173	-0.03108037	0.00	0.1322276	8.538038	10.00	0.03692183
-9.52077	10.00	-7.529889	-0.03109368	0.00	0.1322843	8.440064	10.00	0.03655921
-9.551812	10.00	-7.397824	-0.03104211	0.00	0.1320648	8.341906	10.00	0.03620435
-9.582902	10.00	-7.265555	-0.03109002	0.00	0.1322687	8.244767	10.00	0.0358473
-9.618739	10.00	-7.13466	-0.03583706	0.00	0.1308956	8.145678	10.00	0.03548241
-9.655297	10.00	-7.001133	-0.03655754	0.00	0.1335271	8.048827	10.00	0.03513176
-9.687235	10.00	-6.870634	-0.03193772	0.00	0.1304992	7.949059	10.00	0.03477707
-9.727926	10.00	-6.736263	-0.04069181	0.00	0.1343708	7.851315	10.00	0.03441346
-9.769035	10.00	-6.604722	-0.04110858	0.00	0.1315411	7.753587	10.00	0.03402075
-9.815215	10.00	-6.473247	-0.04617999	0.00	0.1314745	7.655477	10.00	0.03363058
-9.871794	10.00	-6.341271	-0.05657925	0.00	0.1319757	7.55608	10.00	0.03322269
-9.92911	10.00	-6.207579	-0.05731539	0.00	0.1336927	7.458376	10.00	0.0328178
-9.984176	10.00	-6.076165	-0.05506586	0.00	0.1314137	7.361148	10.00	0.03242455
-10.04151	10.00	-5.945383	-0.05733401	0.00	0.1307823	7.261109	10.00	0.03201116
-10.07705	10.00	-5.810821	-0.03553789	0.00	0.1345619	7.163499	10.00	0.03161271
-10.07705	10.00	-5.679529	0	0.00	0.1312919	7.065999	10.00	0.03121162
-10.07705	10.00	-5.548394	0	0.00	0.1311348	6.967876	10.00	0.03084192
-10.07705	10.00	-5.416382	0	0.00	0.1320125	6.863782	10.00	0.03043947
-10.07705	10.00	-5.27633	0	0.00	0.1400515	6.77037	10.00	0.03004916
-10.0859	10.00	-5.150657	-0.008852818	0.00	0.1256735	6.672262	10.00	0.02962943
-10.1016	10.00	-5.018588	-0.01569739	0.00	0.1320691	6.57377	10.00	0.02921596
-10.12637	10.00	-4.885858	-0.02477244	0.00	0.1327302	6.476174	10.00	0.02881246
-10.16371	10.00	-4.754138	-0.03733805	0.00	0.1317194	6.378597	10.00	0.02838156
-10.21899	10.00	-4.622199	-0.05528593	0.00	0.1319388	6.280807	10.00	0.02796714
-10.27955	10.00	-4.489913	-0.06055488	0.00	0.1322857	6.18287	10.00	0.02760953
-10.34152	10.00	-4.357334	-0.06197342	0.00	0.1325801	6.085017	10.00	0.02727018
-10.40351	10.00	-4.224733	-0.06198268	0.00	0.1325999	5.977245	10.00	0.02686896
-10.46624	10.00	-4.07841	-0.06273051	0.00	0.1463239	5.875341	10.00	0.02647609
-10.51898	10.00	-3.939726	-0.05274091	0.00	0.1386841	5.787116	10.00	0.02612704
-10.57415	10.00	-3.819186	-0.05517784	0.00	0.1205392	5.697518	10.00	0.02576017
-10.63147	10.00	-3.696569	-0.05731638	0.00	0.1226173	5.600634	10.00	0.02538829
-10.69354	10.00	-3.563789	-0.06206672	0.00	0.1327797	5.504705	10.00	0.02502731
-10.75885	10.00	-3.432245	-0.06531023	0.00	0.1315439	5.408569	10.00	0.0247001
-10.83083	10.00	-3.30014	-0.07198508	0.00	0.1321059	5.312757	10.00	0.02432051
-10.89771	10.00	-3.168012	-0.06687917	0.00	0.1321271	5.217414	10.00	0.02396205
-10.95932	10.00	-3.036219	-0.06160551	0.00	0.131793	5.122598	10.00	0.02372159
-11.02057	10.00	-2.905174	-0.06125614	0.00	0.1310456	5.02597	10.00	0.02353851
-11.08043	10.00	-2.771596	-0.05985308	0.00	0.1335781	4.930197	10.00	0.02343076
-11.13456	10.00	-2.639343	-0.05413702	0.00	0.1322531	4.83413	10.00	0.02325676
-11.19638	10.00	-2.507102	-0.06181461	0.00	0.1322404	4.738157	10.00	0.0231308
-11.24277	10.00	-2.375023	-0.04639231	0.00	0.132079	4.642734	10.00	0.02302583
-11.29385	10.00	-2.244044	-0.051079	0.00	0.1309791	4.545166	10.00	0.02294568
-11.34596	10.00	-2.110424	-0.05210911	0.00	0.1336206	4.449348	10.00	0.02279531
-11.39316	10.00	-1.979644	-0.04720218	0.00	0.1307795	4.352411	10.00	0.02260405
-11.44074	10.00	-1.847817	-0.04758026	0.00	0.131827	4.254791	10.00	0.02236383
-11.48849	10.00	-1.71552	-0.0477499	0.00	0.132297	4.1563	10.00	0.02212992
-11.54053	10.00	-1.582065	-0.05204452	0.00	0.1334549	4.058643	10.00	0.02191132
-11.59213	10.00	-1.449762	-0.05159516	0.00	0.1323027	3.961024	10.00	0.0216439
-11.64754	10.00	-1.317541	-0.05540456	0.00	0.132222	3.862963	10.00	0.02133121
-11.70833	10.00	-1.184725	-0.06079723	0.00	0.1328151	3.766221	10.00	0.02098615
-11.76968	10.00	-1.053486	-0.06134679	0.00	0.1312395	3.669084	10.00	0.02069961
-11.83134	10.00	-0.9215768	-0.06165977	0.00	0.1319091	3.570979	10.00	0.02045472
-11.89361	10.00	-0.7883583	-0.06227184	0.00	0.1332185	3.474024	10.00	0.02027951
-11.9551	10.00	-0.6568143	-0.06148906	0.00	0.1315439	3.376634	10.00	0.02015701
-12.01685	10.00	-0.5247099	-0.06175109	0.00	0.1321045	3.278957	10.00	0.02003295
-12.0788	10.00	-0.3921736	-0.0619529	0.00	0.1325362	3.181717	10.00	0.01989951
-12.14048	10.00	-0.2602405	-0.06167102	0.00	0.1319332	3.084345	10.00	0.01976706
-12.20235	10.00	-0.1278755	-0.06187284	0.00	0.1323649	2.987382	10.00	0.01959301
-12.26416	10.00	0.004367677	-0.06181594	0.00	0.1322432	2.889175	10.00	0.01944214
-12.32685	10.00	0.1384766	-0.06268805	0.00	0.1341089	2.782923	10.00	0.01934711
-12.39478	10.00	0.2838068	-0.06793334	0.00	0.1453302	2.685427	10.00	0.01923308
-12.45737	10.00	0.4176992	-0.06258681	0.00	0.1338923	2.592537	10.00	0.01917363
-12.51343	10.00	0.5455611	-0.05605376	0.00	0.127862	2.505225	10.00	0.01898581
-12.56155	10.00	0.6659828	-0.04812788	0.00	0.1204217	2.409924	10.00	0.01878649
-12.58487	10.00	0.7977207	-0.02331164	0.00	0.1317378	2.315632	10.00	0.01862598
-12.60167	10.00	0.9284605	-0.01680534	0.00	0.1307399	2.219216	10.00	0.01848839
-12.6189	10.00	1.062486	-0.01722767	0.00	0.1340254	2.124866	10.00	0.01835884
-12.63961	10.00	1.193894	-0.02070845	0.00	0.131408	2.029897	10.00	0.01827266
-12.63961	10.00	1.326158	0	0.00	0.1322644	1.935093	10.00	0.0182326
-12.63961	10.00	1.458488	0	0.00	0.1323296	1.84043	10.00	0.01820683
-12.63961	10.00	1.590675	0	0.00	0.1321866	1.74554	10.00	0.01832087
-12.63961	10.00	1.722717	0	0.00	0.1320422	1.650301	10.00	0.0184425
-12.63961	10.00	1.855082	0	0.00	0.1323649	1.548348	10.00	0.01854556
-12.63961	10.00	1.997067	0	0.00	0.1419852	1.46032	10.00	0.01873492
-12.63961	10.00	2.119955	0	0.00	0.1228876	1.366798	10.00	0.01891791
-12.63961	10.00	2.250533	0	0.00	0.1305785	1.271993	10.00	0.01914523
-12.63961	10.00	2.382837	0	0.00	0.1323041	1.176125	10.00	0.01945459
-12.63961	10.00	2.516465	0	0.00	0.1336276	1.082783	10.00	0.01974991
-12.63961	10.00	2.646784	0	0.00	0.1303194	0.9879324	10.00	0.02005472
-12.63961	10.00	2.779533	0	0.00	0.1327486	0.8930144	10.00	0.02036973
-12.63961	10.00	2.912724	0	0.00	0.1331916	0.7945787	10.00	0.02056039
-12.63961	10.00	3.050562	0	0.00	0.1378376	0.704151	10.00	0.02062146
-12.63961	10.00	3.176933	0	0.00	0.1263714	0.6105967	10.00	0.0206795
-12.63961	10.00	3.307472	0	0.00	0.1305388	0.5155004	10.00	0.02070434
-12.63961	10.00	3.439806	0	0.00	0.1323338	0.4190274	10.00	0.02074212
-12.63961	10.00	3.57353	0	0.00	0.1337239	0.3242797	10.00	0.02079421
-12.63961	10.00	3.704183	0	0.00	0.1306535	0.2272342	10.00	0.02083971
-12.63961	10.00	3.837995	0	0.00	0.1338117	0.1314827	10.00	0.02090684
-12.63961	10.00	3.970109	0	0.00	0.1321144	0.03597804	10.00	0.02092902
-12.63961	10.00	4.102054	0	0.00	0.1319445	-0.0593889	10.00	0.02096657
-12.63961	10.00	4.233759	0	0.00	0.1317053	-0.154531	10.00	0.02097171
-12.63961	10.00	4.365149	0	0.00	0.1313896	-0.2511954	10.00	0.02092949
-12.63961	10.00	4.498451	0	0.00	0.133302	-0.3578227	10.00	0.0207372
-12.63961	10.00	4.645174	0	0.00	0.1467231	-0.4542729	10.00	0.02051267
-12.63961	10.00	4.777411	0	0.00	0.1322375	-0.5517697	10.00	0.02030428
-12.63961	10.00	4.910581	0	0.00	0.133169	-0.6371931	10.00	0.02021924
-12.63961	10.00	5.026883	0	0.00	0.1163024	-0.7350153	10.00	0.02010898
-12.63961	10.00	5.159599	0	0.00	0.132716	-0.832347	10.00	0.01997434
-12.63961	10.00	5.291395	0	0.00	0.1317959	-0.9301964	10.00	0.0198378
-12.63961	10.00	5.423815	0	0.00	0.1324201	-1.027843	10.00	0.0197355
-12.63961	10.00	5.555833	0	0.00	0.1320181	-1.125886	10.00	0.01965882
-12.63961	10.00	5.688262	0	0.00	0.1324286	-1.223859	10.00	0.01961668
-12.63961	10.00	5.820661	0	0.00	0.1323989	-1.321521	10.00	0.01954472
-12.63961	10.00	5.95255	0	0.00	0.1318893	-1.421038	10.00	0.01947495
-12.63961	10.00	6.086953	0	0.00	0.1344034	-1.51748	10.00	0.0193771
-12.63961	10.00	6.217212	0	0.00	0.1302586	-1.614157	10.00	0.01934227
-12.63961	10.00	6.347872	0	0.00	0.1306606	-1.712084	10.00	0.01924736
-12.63961	10.00	6.480195	0	0.00	0.1323225	-1.811077	10.00	0.01911611
-12.63961	10.00	6.613886	0	0.00	0.1336913	-1.907656	10.00	0.01892808
-12.63961	10.00	6.744255	0	0.00	0.130369	-2.006595	10.00	0.01870111
-12.63961	10.00	6.877748	0	0.00	0.1334932	-2.104523	10.00	0.01846725
-12.63961	10.00	7.009855	0	0.00	0.1321073	-2.207919	10.00	0.01817635
-12.63961	10.00	7.149164	0	0.00	0.1393083	-2.301164	10.00	0.01791991
-12.63961	10.00	7.274711	0	0.00	0.1255475	-2.399417	10.00	0.01765968
-12.63961	10.00	7.406854	0	0.00	0.1321427	-2.496432	10.00	0.01741577
-12.63961	10.00	7.537287	0	0.00	0.1304327	-2.595601	10.00	0.01717496
-12.63961	10.00	7.670601	0	0.00	0.1333148	-2.694761	10.00	0.0169469
-12.63961	10.00	7.803901	0	0.00	0.1332992	-2.7925	10.00	0.01673986
-12.63961	10.00	7.935266	0	0.00	0.1313655	-2.891231	10.00	0.01651437
-12.63961	10.00	8.067968	0	0.00	0.1327018	-2.989171	10.00	0.01632482
-12.63961	10.00	8.199597	0	0.00	0.1316288	-3.088145	10.00	0.01613262
-12.63961	10.00	8.33263	0	0.00	0.1330331	-3.186032	10.00	0.01593751
-12.63961	10.00	8.464192	0	0.00	0.1315623	-3.2843	10.00	0.01573014
-12.63961	10.00	8.596263	0	0.00	0.1320705	-3.382623	10.00	0.01551567
-12.63961	10.00	8.728398	0	0.00	0.1321356	-3.479819	10.00	0.01530388
-12.63961	10.00	8.859016	0	0.00	0.1306181	-3.583579	10.00	0.01507803
-12.63961	10.00	8.998457	0	0.00	0.13944	-3.681347	10.00	0.0147426
-12.63961	10.00	9.129822	0	0.00	0.1313655	-3.777588	10.00	0.01441243
-12.63961	10.00	9.259077	0	0.00	0.1292549	-3.874615	10.00	0.01406316
-12.63961	10.00	9.389383	0	0.00	0.1303067	-3.973005	10.00	0.01370978
-12.63961	10.00	9.521515	0	0.00	0.1321314	-4.072146	10.00	0.01337388
-12.63961	10.00	9.654652	0	0.00	0.1331364	-4.169817	10.00	0.01304703
-12.63961	10.00	9.785872	0	0.00	0.1312197	-4.268068	10.00	0.01271161
-12.63961	10.00	9.917989	0	0.00	0.1321172	-4.366326	10.00	0.01239022
-12.63961	10.00	10.05022	0	0.00	0.132229	-4.464538	10.00	0.01203099
-12.63961	10.00	10.18242	0	0.00	0.1321993	-4.562705	10.00	0.01167576
-12.63961	10.00	10.31455	0	0.00	0.1321314	-4.661009	10.00	0.01135749
-12.63961	10.00	10.44681	0	0.00	0.1322588	-4.759305	10.00	0.01104276
-12.63961	10.00	10.579	0	0.00	0.1321894	-4.857734	10.00	0.01068472
-12.63961	10.00	10.71128	0	0.00	0.1322814	-4.956235	10.00	0.01029338
-12.63669	10.00	10.8436	0.002914906	0.00	0.1323239	-5.05478	10.00	0.009908015
-12.6184	10.00	10.97594	0.01829199	0.00	0.1323366	-5.15297	10.00	0.009527652
-12.59379	10.00	11.10779	0.02460758	0.00	0.1318468	-5.255416	10.00	0.009132597
-12.56279	10.00	11.24533	0.03099893	0.00	0.1375474	-5.349918	10.00	0.008769799
-12.52805	10.00	11.37222	0.03474026	0.00	0.1268895	-5.448416	10.00	0.008385811
-12.49185	10.00	11.50447	0.03620796	0.00	0.1322503	-5.546654	10.00	0.008004434
-12.45573	10.00	11.63637	0.03611261	0.00	0.131902	-5.645282	10.00	0.007629319
-12.41562	10.00	11.76882	0.04010838	0.00	0.1324442	-5.743508	10.00	0.007271375
-12.3693	10.00	11.90071	0.04632667	0.00	0.1318921	-5.842077	10.00	0.006916299
-12.32281	10.00	12.03306	0.04648579	0.00	0.1323451	-5.940371	10.00	0.006564083
-12.27646	10.00	12.16503	0.04635402	0.00	0.13197	-6.038732	10.00	0.006227467
-12.23007	10.00	12.29709	0.04638584	0.00	0.1320606	-6.136454	10.00	0.005888658
-12.18399	10.00	12.42828	0.04608005	0.00	0.13119	-6.234712	10.00	0.005541634
-12.13766	10.00	12.56019	0.04633612	0.00	0.131919	-6.334175	10.00	0.005186563
-12.09075	10.00	12.69373	0.04690395	0.00	0.1335356	-6.433407	10.00	0.004823176
-12.04396	10.00	12.82693	0.0467871	0.00	0.133203	-6.531367	10.00	0.004457076
-11.99777	10.00	12.95844	0.04619243	0.00	0.1315099	-6.629007	10.00	0.004094613
-11.95173	10.00	13.08953	0.04604177	0.00	0.131081	-6.728076	10.00	0.003729532
-11.90502	10.00	13.22252	0.04671451	0.00	0.1329963	-6.826816	10.00	0.003369094
-11.85718	10.00	13.35506	0.04783879	0.00	0.1325433	-6.925085	10.00	0.002998525
-11.80957	10.00	13.48697	0.04760887	0.00	0.1319063	-7.023502	10.00	0.002629587
-11.76189	10.00	13.61907	0.0476799	0.00	0.1321031	-7.121907	10.00	0.002276606
-11.71421	10.00	13.75118	0.04768041	0.00	0.1321045	-7.220547	10.00	0.001916329
-11.66642	10.00	13.88358	0.04778719	0.00	0.1324003	-7.318858	10.00	0.001558693
-11.61879	10.00	14.01555	0.04763085	0.00	0.1319672	-7.417325	10.00	0.001194902
-11.57108	10.00	14.14772	0.04770647	0.00	0.1321767	-7.515684	10.00	0.0008330817
-11.52343	10.00	14.27975	0.04765128	0.00	0.1320238	-7.614938	10.00	0.0004612902
-11.47534	10.00	14.41298	0.04808915	0.00	0.1332369	-7.712961	10.00	9.467547E-05
-11.42785	10.00	14.54456	0.04748932	0.00	0.131575	-7.811507	10.00	-0.0002617413
-11.38011	10.00	14.67684	0.04774478	0.00	0.1322828	-7.908725	10.00	-0.0006032214
-11.333	10.00	14.80735	0.04710561	0.00	0.1305119	-8.007243	10.00	-0.0009454497
-11.28527	10.00	14.9396	0.04773048	0.00	0.1322432	-8.10749	10.00	-0.001266625
-11.2367	10.00	15.07417	0.04857197	0.00	0.1345747	-8.205497	10.00	-0.001578133
-11.18921	10.00	15.20574	0.04748575	0.00	0.1315651	-8.304297	10.00	-0.001898528
-11.14135	10.00	15.33836	0.04786638	0.00	0.1326197	-8.400968	10.00	-0.002210425
-11.09702	10.00	15.46812	0.04432383	0.00	0.1297674	-8.500035	10.00	-0.002527637
-11.05418	10.00	15.6011	0.04284476	0.00	0.1329765	-8.599046	10.00	-0.002836914
-11.01264	10.00	15.73401	0.04153593	0.00	0.1329085	-8.697495	10.00	-0.003142127
-10.97134	10.00	15.86616	0.04130057	0.00	0.1321554	-8.795951	10.00	-0.003443472
-10.93004	10.00	15.99832	0.04130234	0.00	0.1321611	-8.894312	10.00	-0.003742201
-10.88622	10.00	16.1278	0.04381852	0.00	0.129474	-8.993198	10.00	-0.004040165
-10.84089	10.00	16.25668	0.04533727	0.00	0.1288786	-9.091627	10.00	-0.00433263
-10.79576	10.00	16.38495	0.04512549	0.00	0.1282766	-9.190174	10.00	-0.004622908
-10.7493	10.00	16.50314	0.04646093	0.00	0.1181856	-9.288649	10.00	-0.004912822
-10.7016	10.00	16.61867	0.04770391	0.00	0.1155324	-9.387006	10.00	-0.00518975
-10.65394	10.00	16.73408	0.04765179	0.00	0.1154062	-9.485858	10.00	-0.005465557
-10.60605	10.00	16.85006	0.04788937	0.00	0.1159816	-9.583799	10.00	-0.005715089
-10.55861	10.00	16.96498	0.04744896	0.00	0.114915	-9.682627	10.00	-0.005965088
-10.51073	10.00	17.08093	0.04787762	0.00	0.1159531	-9.781915	10.00	-0.006205227
-10.46263	10.00	17.19741	0.0480963	0.00	0.1164827	-9.879199	10.00	-0.006436546
-10.4155	10.00	17.31154	0.04712605	0.00	0.1141329	-9.977922	10.00	-0.006668955
-10.36768	10.00	17.42736	0.0478204	0.00	0.1158145	-10.07656	10.00	-0.006898714
-10.31991	10.00	17.54307	0.04777902	0.00	0.1157143	-10.17961	10.00	-0.007143576
-10.26999	10.00	17.66396	0.04991672	0.00	0.1208915	-10.27472	10.00	-0.007359034
-10.22392	10.00	17.77677	0.04606896	0.00	0.1128087	-10.37296	10.00	-0.007585154
-10.17633	10.00	17.89841	0.04758742	0.00	0.1216336	-10.47043	10.00	-0.00780715
-10.12912	10.00	18.02035	0.04721138	0.00	0.121939	-10.56759	10.00	-0.008025376
-10.08206	10.00	18.1419	0.04706423	0.00	0.1215589	-10.66646	10.00	-0.008245412
-10.03417	10.00	18.26557	0.04788171	0.00	0.1236703	-10.76512	10.00	-0.0084741
-9.986386	10.00	18.39285	0.04778872	0.00	0.1272763	-10.86456	10.00	-0.008706171
-9.938225	10.00	18.52112	0.04816119	0.00	0.1282683	-10.96287	10.00	-0.00893242
-9.890612	10.00	18.64793	0.04761399	0.00	0.126811	-11.06141	10.00	-0.009156029
-9.842887	10.00	18.77503	0.04772435	0.00	0.1271049	-11.15999	10.00	-0.009376731
-9.79514	10.00	18.9022	0.04774632	0.00	0.1271634	-11.2585	10.00	-0.009594182
-9.747424	10.00	19.02928	0.04771668	0.00	0.1270845	-11.35717	10.00	-0.009812918
-9.699642	10.00	19.15654	0.04778208	0.00	0.1272587	-11.45487	10.00	-0.01002684
-9.652325	10.00	19.28256	0.04731663	0.00	0.126019	-11.55442	10.00	-0.01024108
-9.604115	10.00	19.41096	0.04821024	0.00	0.128399	-11.65236	10.00	-0.01044869
-9.555408	10.00	19.53093	0.04870616	0.00	0.119968	-11.75098	10.00	-0.01065412
-9.505086	10.00	19.64275	0.0503227	0.00	0.1118247	-11.8498	10.00	-0.01086429
-9.452094	10.00	19.74325	0.05299221	0.00	0.1004958	-11.948	10.00	-0.01106835
-9.399443	10.00	19.83799	0.05265106	0.00	0.09474639	-12.0463	10.00	-0.01127695
-9.332681	10.00	19.92391	0.06676166	0.00	0.0859185	-12.14503	10.00	-0.01148219
-9.256664	10.00	19.9871	0.07601676	0.00	0.06319234	-12.24392	10.00	-0.01168406
-9.180517	10.00	20.04784	0.07614757	0.00	0.06073178	-12.34209	10.00	-0.01188071
-9.106198	10.00	20.10813	0.07431816	0.00	0.06028986	-12.44069	10.00	-0.0120745
-9.031542	10.00	20.16869	0.07465684	0.00	0.0605646	-12.53934	10.00	-0.01227051
-8.956863	10.00	20.22927	0.07467841	0.00	0.0605821	-12.63773	10.00	-0.01246022
-8.882372	10.00	20.2897	0.07449149	0.00	0.06043047	-12.73637	10.00	-0.01264638
-8.807698	10.00	20.35028	0.07467362	0.00	0.06057821	-12.83472	10.00	-0.01282787
-8.733238	10.00	20.4158	0.07446034	0.00	0.06551615	-12.93332	10.00	-0.01299823
-8.658585	10.00	20.48277	0.07465365	0.00	0.0669673	-13.03059	10.00	-0.01317063
-8.587469	10.00	20.55894	0.07111499	0.00	0.07616981	-13.13103	10.00	-0.01334426
-8.517944	10.00	20.64281	0.0695248	0.00	0.08387999	-13.22886	10.00	-0.01351467
-8.450235	10.00	20.72705	0.06770871	0.00	0.08423077	-13.32737	10.00	-0.01368162
-8.383327	10.00	20.81187	0.06690783	0.00	0.0848267	-13.42745	10.00	-0.01384622
-8.315363	10.00	20.89804	0.06796543	0.00	0.08616754	-13.52442	10.00	-0.01400092
-8.249506	10.00	20.98153	0.06585668	0.00	0.08349404	-13.62284	10.00	-0.01415888
-8.182665	10.00	21.06628	0.06684119	0.00	0.08474222	-13.72208	10.00	-0.01431298
-8.115262	10.00	21.15173	0.06740294	0.00	0.08545442	-13.81936	10.00	-0.01445896
-8.049196	10.00	21.23549	0.06606519	0.00	0.08375839	-13.91842	10.00	-0.01460926
-7.981925	10.00	21.32078	0.06727183	0.00	0.08528818	-14.01671	10.00	-0.01476702
-7.91516	10.00	21.40542	0.06676452	0.00	0.08464501	-14.11413	10.00	-0.01490714
-7.848982	10.00	21.48932	0.06617769	0.00	0.08390102	-14.2136	10.00	-0.01504366
-7.787892	10.00	21.57884	0.06109012	0.00	0.08951916	-14.31307	10.00	-0.01596779
-7.732203	10.00	21.66799	0.05568869	0.00	0.08914693	-14.41171	10.00	-0.01629958
-7.680569	10.00	21.77475	0.05163491	0.00	0.1067634	-14.51678	10.00	-0.01657718
-7.625484	10.00	21.89275	0.05508519	0.00	0.1180006	-14.60716	10.00	-0.01675021
-7.579328	10.00	21.99414	0.04615596	0.00	0.1013903	-14.70687	10.00	-0.01689568
-7.529713	10.00	22.10598	0.04961482	0.00	0.1118359	-14.80485	10.00	-0.0169967
-7.480941	10.00	22.21846	0.04877122	0.00	0.1124828	-14.90268	10.00	-0.01707709
-7.432236	10.00	22.33207	0.04870512	0.00	0.1136029	-15.00059	10.00	-0.01715085
-7.383423	10.00	22.44592	0.04881372	0.00	0.1138562	-15.09877	10.00	-0.01720669
-7.334448	10.00	22.56271	0.04897477	0.00	0.1167909	-15.19759	10.00	-0.01724368
-7.285107	10.00	22.68167	0.04934149	0.00	0.1189546	-15.29524	10.00	-0.01726212
-7.236277	10.00	22.79939	0.04882998	0.00	0.1177214	-15.39386	10.00	-0.01724559
-7.186848	10.00	22.91855	0.04942806	0.00	0.1191633	-15.49107	10.00	-0.01717376
-7.137933	10.00	23.03648	0.04891549	0.00	0.1179276	-15.58759	10.00	-0.01708434
-7.08912	10.00	23.15416	0.04881267	0.00	0.1176797	-15.68437	10.00	-0.01702499
-7.039959	10.00	23.27268	0.04916102	0.00	0.1185195	-15.78013	10.00	-0.01695671
-6.990981	10.00	23.39076	0.04897845	0.00	0.1180793	-15.87544	10.00	-0.01699781
-6.942039	10.00	23.50875	0.04894172	0.00	0.1179908	-15.9703	10.00	-0.01699974
-6.893027	10.00	23.62563	0.0490115	0.00	0.1168785	-16.06362	10.00	-0.01702227
-6.843265	10.00	23.73114	0.04976282	0.00	0.1055124	-16.15733	10.00	-0.01700361
-6.78793	10.00	23.82483	0.05533457	0.00	0.09369474	-16.25201	10.00	-0.0169674
-6.734327	10.00	23.92	0.05360322	0.00	0.09516113	-16.34372	10.00	-0.01686268
-6.67849	10.00	24.01241	0.05583705	0.00	0.09241015	-16.43659	10.00	-0.01670481
-6.621836	10.00	24.10617	0.0566539	0.00	0.09376204	-16.53047	10.00	-0.01654477
-6.565634	10.00	24.20133	0.05620237	0.00	0.09516414	-16.62296	10.00	-0.01645135
-6.508784	10.00	24.29542	0.05684931	0.00	0.09408544	-16.71519	10.00	-0.016227
-6.452031	10.00	24.38934	0.05675343	0.00	0.09392676	-16.80661	10.00	-0.0160428
-6.395578	10.00	24.48277	0.05645242	0.00	0.09342859	-16.90161	10.00	-0.01590367
-6.338033	10.00	24.58021	0.05754589	0.00	0.09743904	-16.98859	10.00	-0.01587131
-6.284995	10.00	24.67002	0.05303724	0.00	0.08980482	-17.07899	10.00	-0.01587539
-6.229628	10.00	24.76377	0.05536719	0.00	0.09374999	-17.16955	10.00	-0.01573374
-6.174101	10.00	24.85779	0.05552734	0.00	0.09402116	-17.25996	10.00	-0.01555913
-6.118474	10.00	24.95198	0.0556264	0.00	0.09418889	-17.34885	10.00	-0.01527625
-6.064769	10.00	25.04506	0.05370532	0.00	0.09308709	-17.442	10.00	-0.01481967
-6.008397	10.00	25.14277	0.05637199	0.00	0.09770921	-17.52687	10.00	-0.01430246
-5.955455	10.00	25.23242	0.05294233	0.00	0.08964411	-17.61546	10.00	-0.0137405
-5.900021	10.00	25.32628	0.05543363	0.00	0.09386247	-17.70251	10.00	-0.01318126
-5.844664	10.00	25.42001	0.0553577	0.00	0.09373391	-17.78802	10.00	-0.01249503
-5.789408	10.00	25.51357	0.05525567	0.00	0.09356116	-17.87252	10.00	-0.01168158
-5.723487	10.00	25.59878	0.06592028	0.00	0.08520461	-17.95466	10.00	-0.01095553
-5.655283	10.00	25.67595	0.06820381	0.00	0.07716536	-18.03496	10.00	-0.01014103
-5.585814	10.00	25.75053	0.06946915	0.00	0.07458895	-18.11265	10.00	-0.009240518
-5.515805	10.00	25.82308	0.07000963	0.00	0.07254278	-18.19088	10.00	-0.008424212
-5.442791	10.00	25.89479	0.07301407	0.00	0.07171661	-18.26609	10.00	-0.007856933
-5.370963	10.00	25.95641	0.07182772	0.00	0.06161676	-18.33869	10.00	-0.007244258
-5.299847	10.00	26.01615	0.07111576	0.00	0.05974229	-18.41118	10.00	-0.006583648
-5.226765	10.00	26.07495	0.07308195	0.00	0.05879671	-18.4805	10.00	-0.006051439
-5.154782	10.00	26.12774	0.07198354	0.00	0.05279646	-18.54743	10.00	-0.005405526
-5.082555	10.00	26.17944	0.07222651	0.00	0.05169121	-18.61102	10.00	-0.004879725
-5.011562	10.00	26.23024	0.07099312	0.00	0.0508085	-18.67324	10.00	-0.004470721
-4.939846	10.00	26.28157	0.07171665	0.00	0.05132631	-18.73365	10.00	-0.00371399
-4.867522	10.00	26.34104	0.0723237	0.00	0.05947187	-18.79115	10.00	-0.003131679
-4.796991	10.00	26.40392	0.07053089	0.00	0.0628749	-18.8472	10.00	-0.002447805
-4.726532	10.00	26.47697	0.07045859	0.00	0.07305495	-18.90032	10.00	-0.001761218
-4.658043	10.00	26.54932	0.06848933	0.00	0.07234608	-18.94984	10.00	-0.0005440896
-4.591141	10.00	26.62752	0.0669018	0.00	0.07820384	-18.99786	10.00	0.0009073465
-4.524128	10.00	26.70736	0.06701316	0.00	0.07983251	-19.0445	10.00	0.002525787
-4.4561	10.00	26.7936	0.06802776	0.00	0.08624656	-19.08788	10.00	0.004011535
-4.389537	10.00	26.87799	0.06656318	0.00	0.08438975	-19.13179	10.00	0.005413648
-4.318684	10.00	26.96782	0.07085375	0.00	0.08982939	-19.1751	10.00	0.006732101
-4.247809	10.00	27.06548	0.07087389	0.00	0.09765864	-19.21342	10.00	0.007626866
-4.183155	10.00	27.15638	0.0646546	0.00	0.09089694	-19.24561	10.00	0.008605258
-4.125303	10.00	27.23771	0.0578519	0.00	0.08133314	-19.27508	10.00	0.00940583
-4.069102	10.00	27.31672	0.05620121	0.00	0.07901245	-19.30714	10.00	0.01000269
-4.005519	10.00	27.40611	0.06358273	0.00	0.08939002	-19.33772	10.00	0.01038902
-3.942388	10.00	27.49487	0.06313088	0.00	0.08875477	-19.36645	10.00	0.01075966
-3.879501	10.00	27.58328	0.06288705	0.00	0.08841198	-19.39418	10.00	0.01128534
-3.816542	10.00	27.67179	0.06295865	0.00	0.08851264	-19.42091	10.00	0.01187441
-3.753492	10.00	27.76043	0.0630505	0.00	0.08864178	-19.44601	10.00	0.01222667
-3.690612	10.00	27.84883	0.0628803	0.00	0.08840249	-19.47075	10.00	0.01264634
-3.627056	10.00	27.93819	0.0635557	0.00	0.08935203	-19.49408	10.00	0.01294192
-3.564227	10.00	28.02652	0.06282897	0.00	0.08833033	-19.51656	10.00	0.0130734
-3.501143	10.00	28.11521	0.06308427	0.00	0.08868925	-19.53796	10.00	0.01294517
-3.437605	10.00	28.20453	0.06353747	0.00	0.0893264	-19.55851	10.00	0.0128718
-3.375016	10.00	28.29253	0.0625892	0.00	0.08799323	-19.57846	10.00	0.01269938
-3.311909	10.00	28.38125	0.06310657	0.00	0.08872059	-19.59794	10.00	0.01255375
-3.248828	10.00	28.46993	0.06308158	0.00	0.08868545	-19.61663	10.00	0.01246125
-3.186524	10.00	28.55753	0.06230418	0.00	0.08759253	-19.63498	10.00	0.01242645
21.56931
