0.007764149	10.00	-49.93468	0.007764149	0.00	0.06532321	-28.28002	10.00	-28.28002
0.05222924	10.00	-49.56057	0.04446509	0.00	0.3741044	-28.27646	10.00	-28.27506
0.06344542	10.00	-49.46621	0.01121617	0.00	0.0943666	-28.27151	10.00	-28.26885
0.07292119	10.00	-49.38648	0.009475776	0.00	0.07972388	-28.2618	10.00	-28.25694
0.08622823	10.00	-49.27452	0.01330704	0.00	0.111958	-28.25329	10.00	-28.24731
0.09418537	10.00	-49.20758	0.007957134	0.00	0.06694688	-28.23316	10.00	-28.22535
0.1099268	10.00	-49.07514	0.01574147	0.00	0.13244	-28.2197	10.00	-28.21108
0.1179937	10.00	-49.00727	0.008066835	0.00	0.06786983	-28.19099	10.00	-28.18098
0.1333138	10.00	-48.87837	0.01532017	0.00	0.1288954	-28.17209	10.00	-28.16178
0.1416193	10.00	-48.80849	0.008305416	0.00	0.06987713	-28.13362	10.00	-28.12284
0.1570989	10.00	-48.67826	0.01547967	0.00	0.1302373	-28.10942	10.00	-28.09852
0.1655157	10.00	-48.60744	0.008416799	0.00	0.07081424	-28.08175	10.00	-28.07081
0.1744684	10.00	-48.53212	0.008952681	0.00	0.07532285	-28.03553	10.00	-28.02464
0.1884155	10.00	-48.41478	0.01394707	0.00	0.1173428	-28.0065	10.00	-27.99586
0.196328	10.00	-48.34821	0.007912547	0.00	0.06657175	-27.94687	10.00	-27.9365
0.2119369	10.00	-48.21688	0.01560889	0.00	0.1313245	-27.91547	10.00	-27.90517
0.2196363	10.00	-48.1521	0.007699373	0.00	0.06477822	-27.84855	10.00	-27.83837
0.2225878	10.00	-48.01812	0.002951546	0.00	0.1339872	-27.81453	10.00	-27.80438
0.2225878	10.00	-47.95341	0	0.00	0.06470319	-27.7436	10.00	-27.73347
0.2225878	10.00	-47.81963	0	0.00	0.1337791	-27.70963	10.00	-27.6995
0.2225878	10.00	-47.75557	0	0.00	0.06406618	-27.63853	10.00	-27.62843
0.2225878	10.00	-47.62415	0	0.00	0.1314202	-27.60444	10.00	-27.59434
0.2225878	10.00	-47.5636	0	0.00	0.06054945	-27.53323	10.00	-27.52315
0.2225878	10.00	-47.46833	0	0.00	0.0952696	-27.49622	10.00	-27.48615
0.2225878	10.00	-47.43301	0	0.00	0.03532046	-27.45778	10.00	-27.44771
0.2225878	10.00	-47.40825	0	0.00	0.02475619	-27.39265	10.00	-27.3826
0.2225878	10.00	-47.38771	0	0.00	0.02053647	-27.34521	10.00	-27.33517
0.2225878	10.00	-47.37795	0	0.00	0.009766006	-27.28757	10.00	-27.27754
0.2225878	10.00	-47.37135	0	0.00	0.006604325	-27.24533	10.00	-27.23532
0.2225878	10.00	-47.37135	0	0.00	0	-27.18145	10.00	-27.17145
0.2225878	10.00	-47.37135	0	0.00	0	-27.11063	10.00	-27.10066
0.2225878	10.00	-47.37135	0	0.00	0	-27.07349	10.00	-27.06352
0.2225878	10.00	-47.37135	0	0.00	0	-27.00451	10.00	-26.99455
0.2225878	10.00	-47.37135	0	0.00	0	-26.96894	10.00	-26.95899
0.2225878	10.00	-47.37135	0	0.00	0	-26.90064	10.00	-26.89072
0.2225878	10.00	-47.37135	0	0.00	0	-26.86364	10.00	-26.85371
0.2225878	10.00	-47.37135	0	0.00	0	-26.79581	10.00	-26.7859
0.2225878	10.00	-47.37135	0	0.00	0	-26.75508	10.00	-26.74519
0.2225878	10.00	-47.37135	0	0.00	0	-26.69069	10.00	-26.68081
0.2225878	10.00	-47.37135	0	0.00	0	-26.65732	10.00	-26.64746
0.2225878	10.00	-47.37135	0	0.00	0	-26.58628	10.00	-26.57642
0.2225878	10.00	-47.37135	0	0.00	0	-26.55156	10.00	-26.54171
0.2225878	10.00	-47.37135	0	0.00	0	-26.48132	10.00	-26.47149
0.2225878	10.00	-47.37135	0	0.00	0	-26.44257	10.00	-26.43275
0.2225878	10.00	-47.37135	0	0.00	0	-26.37481	10.00	-26.36501
0.2225878	10.00	-47.37135	0	0.00	0	-26.33535	10.00	-26.32556
0.2225878	10.00	-47.37135	0	0.00	0.0001980744	-26.27026	10.00	-26.26048
0.2225878	10.00	-47.35081	0	0.00	0.02053078	-26.23669	10.00	-26.22692
0.2225878	10.00	-47.3341	0	0.00	0.0167158	-26.16543	10.00	-26.15569
0.2225878	10.00	-47.27521	0	0.00	0.05888794	-26.12992	10.00	-26.12018
0.2225878	10.00	-47.24002	0	0.00	0.03518987	-26.09594	10.00	-26.08621
0.2225878	10.00	-47.20325	0	0.00	0.03676936	-26.02536	10.00	-26.01564
0.2225878	10.00	-47.123	0	0.00	0.08025417	-25.99127	10.00	-25.98157
0.2225878	10.00	-47.08176	0	0.00	0.04124149	-25.95501	10.00	-25.94531
0.2225878	10.00	-47.03589	0	0.00	0.0458677	-25.88531	10.00	-25.87562
0.2225878	10.00	-46.94138	0	0.00	0.09450307	-25.85158	10.00	-25.8419
0.2225878	10.00	-46.89443	0	0.00	0.04695093	-25.7797	10.00	-25.77004
0.2225878	10.00	-46.79432	0	0.00	0.1001121	-25.74627	10.00	-25.73662
0.2225878	10.00	-46.74778	0	0.00	0.04654633	-25.67429	10.00	-25.66467
0.2225878	10.00	-46.64756	0	0.00	0.1002124	-25.63409	10.00	-25.62447
0.2225878	10.00	-46.59158	0	0.00	0.0559798	-25.56952	10.00	-25.55991
0.2225878	10.00	-46.49931	0	0.00	0.09227736	-25.53654	10.00	-25.52694
0.2225878	10.00	-46.45157	0	0.00	0.04773487	-25.49953	10.00	-25.48994
0.2225878	10.00	-46.39666	0	0.00	0.05491145	-25.43036	10.00	-25.42078
0.2225878	10.00	-46.28394	0	0.00	0.1127255	-25.39605	10.00	-25.38648
0.2225878	10.00	-46.22488	0	0.00	0.05905681	-25.32421	10.00	-25.31466
0.2225878	10.00	-46.09204	0	0.00	0.1328347	-25.29068	10.00	-25.28115
0.2225878	10.00	-46.02885	0	0.00	0.06318852	-25.25415	10.00	-25.24463
0.2225878	10.00	-45.95997	0	0.00	0.0688848	-25.18352	10.00	-25.17401
0.2225878	10.00	-45.82682	0	0.00	0.1331506	-25.15049	10.00	-25.14099
0.2225878	10.00	-45.76453	0	0.00	0.06229105	-25.10789	10.00	-25.0984
0.2225878	10.00	-45.68421	0	0.00	0.08032125	-25.04332	10.00	-25.03384
0.2225878	10.00	-45.57425	0	0.00	0.1099607	-25.00649	10.00	-24.99702
0.2225878	10.00	-45.51289	0	0.00	0.06135492	-24.93892	10.00	-24.92947
0.2225878	10.00	-45.404	0	0.00	0.1088952	-24.90398	10.00	-24.89454
0.2225878	10.00	-45.35151	0	0.00	0.05248581	-24.8663	10.00	-24.85687
0.2225878	10.00	-45.29904	0	0.00	0.05246694	-24.79827	10.00	-24.78886
0.2225878	10.00	-45.2217	0	0.00	0.07734171	-24.76476	10.00	-24.75535
0.2225878	10.00	-45.18972	0	0.00	0.031975	-24.69316	10.00	-24.68377
0.2225878	10.00	-45.13577	0	0.00	0.05395568	-24.65905	10.00	-24.64967
0.2225878	10.00	-45.11069	0	0.00	0.02507551	-24.6233	10.00	-24.61392
0.2225878	10.00	-45.0844	0	0.00	0.02629608	-24.55212	10.00	-24.54277
0.2225878	10.00	-45.02947	0	0.00	0.05492914	-24.51676	10.00	-24.50741
0.2225878	10.00	-45.00217	0	0.00	0.02729363	-24.4469	10.00	-24.43756
0.2225878	10.00	-44.93678	0	0.00	0.06539668	-24.40999	10.00	-24.40067
0.2225878	10.00	-44.89281	0	0.00	0.04396813	-24.34224	10.00	-24.33293
0.2225878	10.00	-44.78239	0	0.00	0.1104237	-24.30776	10.00	-24.29846
0.2225878	10.00	-44.71926	0	0.00	0.06312465	-24.23712	10.00	-24.22784
0.2225878	10.00	-44.5861	0	0.00	0.1331647	-24.19963	10.00	-24.19037
0.2225878	10.00	-44.51543	0	0.00	0.07067268	-24.13237	10.00	-24.12311
0.2225878	10.00	-44.38858	0	0.00	0.1268414	-24.09701	10.00	-24.08776
0.2225878	10.00	-44.32192	0	0.00	0.06666376	-24.06383	10.00	-24.05458
0.2225878	10.00	-44.25935	0	0.00	0.06257558	-23.99224	10.00	-23.98302
0.2225878	10.00	-44.12438	0	0.00	0.1349625	-23.95885	10.00	-23.94964
0.2225878	10.00	-44.06145	0	0.00	0.06293514	-23.88698	10.00	-23.87779
0.2225878	10.00	-43.92595	0	0.00	0.1355004	-23.8515	10.00	-23.84231
0.2225878	10.00	-43.85904	0	0.00	0.06691149	-23.81801	10.00	-23.80883
0.2225878	10.00	-43.7959	0	0.00	0.06313473	-23.74655	10.00	-23.73739
0.2225878	10.00	-43.66117	0	0.00	0.1347275	-23.71227	10.00	-23.70312
0.2225878	10.00	-43.59653	0	0.00	0.06463666	-23.67794	10.00	-23.6688
0.2225878	10.00	-43.53181	0	0.00	0.06472301	-23.60729	10.00	-23.59816
0.2225878	10.00	-43.39862	0	0.00	0.1331973	-23.57356	10.00	-23.56444
0.2225878	10.00	-43.33502	0	0.00	0.06359763	-23.53629	10.00	-23.52718
0.2225878	10.00	-43.26475	0	0.00	0.07027066	-23.46454	10.00	-23.45544
0.2225878	10.00	-43.12946	0	0.00	0.1352853	-23.43127	10.00	-23.42218
0.2225878	10.00	-43.06672	0	0.00	0.06273837	-23.397	10.00	-23.38792
0.2225878	10.00	-43.00212	0	0.00	0.06460269	-23.32683	10.00	-23.31776
0.2225878	10.00	-42.86983	0	0.00	0.1322927	-23.29297	10.00	-23.28392
0.2225878	10.00	-42.80598	0	0.00	0.06384535	-23.25673	10.00	-23.24769
0.2225878	10.00	-42.73767	0	0.00	0.06831008	-23.18584	10.00	-23.17682
0.2225878	10.00	-42.60402	0	0.00	0.1336517	-23.15065	10.00	-23.14163
0.2225878	10.00	-42.53766	0	0.00	0.066358	-23.11692	10.00	-23.10791
0.2225878	10.00	-42.47406	0	0.00	0.06360754	-23.0465	10.00	-23.03751
0.2225878	10.00	-42.34129	0	0.00	0.1327655	-23.01229	10.00	-23.00331
0.2225878	10.00	-42.27679	0	0.00	0.06449652	-22.94127	10.00	-22.9323
0.2225878	10.00	-42.14288	0	0.00	0.1339107	-22.90748	10.00	-22.89851
0.2225878	10.00	-42.07918	0	0.00	0.06370521	-22.83469	10.00	-22.82575
0.2225878	10.00	-41.94196	0	0.00	0.1372218	-22.80212	10.00	-22.79319
0.211722	10.00	-41.88055	-0.01086589	0.00	0.0614049	-22.73029	10.00	-22.72137
0.143164	10.00	-41.74511	-0.06855799	0.00	0.1354438	-22.69534	10.00	-22.68644
0.09897031	10.00	-41.67922	-0.04419365	0.00	0.06588379	-22.65571	10.00	-22.64682
0.0459566	10.00	-41.6045	-0.05301371	0.00	0.0747184	-22.58962	10.00	-22.58074
-0.04607907	10.00	-41.47989	-0.09203567	0.00	0.1246147	-22.55659	10.00	-22.54771
-0.09206396	10.00	-41.41763	-0.0459849	0.00	0.06226274	-22.48497	10.00	-22.47612
-0.1957115	10.00	-41.2826	-0.1036476	0.00	0.1350262	-22.44999	10.00	-22.44114
-0.2482504	10.00	-41.21665	-0.05253881	0.00	0.0659489	-22.41592	10.00	-22.40708
-0.3000557	10.00	-41.1524	-0.05180538	0.00	0.06424738	-22.34528	10.00	-22.33646
-0.4087377	10.00	-41.01922	-0.1086819	0.00	0.1331846	-22.31071	10.00	-22.3019
-0.4644473	10.00	-40.95404	-0.05570962	0.00	0.065176	-22.24024	10.00	-22.23144
-0.5741582	10.00	-40.82117	-0.1097109	0.00	0.1328689	-22.20636	10.00	-22.19757
-0.6268945	10.00	-40.75731	-0.05273633	0.00	0.063868	-22.13503	10.00	-22.12626
-0.7418433	10.00	-40.62283	-0.1149487	0.00	0.1344812	-22.10123	10.00	-22.09246
-0.7938538	10.00	-40.55909	-0.05201047	0.00	0.06373635	-22.06541	10.00	-22.05666
-0.8313043	10.00	-40.49156	-0.03745055	0.00	0.06752868	-21.99339	10.00	-21.98465
-0.8882024	10.00	-40.35577	-0.05689815	0.00	0.1357864	-21.95698	10.00	-21.94824
-0.9196294	10.00	-40.28712	-0.03142698	0.00	0.06865407	-21.88921	10.00	-21.8805
-0.9793497	10.00	-40.15936	-0.05972033	0.00	0.1277601	-21.84929	10.00	-21.84059
-1.011616	10.00	-40.0841	-0.03226615	0.00	0.0752634	-21.78381	10.00	-21.77512
-1.060962	10.00	-39.96063	-0.04934594	0.00	0.1234694	-21.73819	10.00	-21.72952
-1.092835	10.00	-39.87463	-0.03187287	0.00	0.08600055	-21.67819	10.00	-21.66954
-1.136946	10.00	-39.76152	-0.0441111	0.00	0.1131117	-21.64272	10.00	-21.63407
-1.162383	10.00	-39.69463	-0.02543698	0.00	0.06688742	-21.57309	10.00	-21.56446
-1.216122	10.00	-39.56335	-0.05373951	0.00	0.131282	-21.53811	10.00	-21.52948
-1.244399	10.00	-39.49739	-0.02827658	0.00	0.06595739	-21.46871	10.00	-21.4601
-1.300498	10.00	-39.36654	-0.05609861	0.00	0.1308545	-21.43499	10.00	-21.42639
-1.327747	10.00	-39.30297	-0.02724975	0.00	0.06356224	-21.36173	10.00	-21.35314
-1.386963	10.00	-39.16485	-0.0592155	0.00	0.1381249	-21.32804	10.00	-21.31947
-1.419726	10.00	-39.10133	-0.03276338	0.00	0.06351269	-21.29445	10.00	-21.28589
-1.454853	10.00	-39.03799	-0.03512677	0.00	0.06333858	-21.2236	10.00	-21.21505
-1.532809	10.00	-38.90443	-0.07795601	0.00	0.1335696	-21.18987	10.00	-21.18133
-1.571158	10.00	-38.84083	-0.03834948	0.00	0.06359763	-21.15441	10.00	-21.14587
-1.612776	10.00	-38.77396	-0.04161799	0.00	0.06687044	-21.08282	10.00	-21.0743
-1.696778	10.00	-38.63899	-0.08400157	0.00	0.134971	-21.0483	10.00	-21.03979
-1.737278	10.00	-38.57391	-0.04049999	0.00	0.06507407	-21.0131	10.00	-21.00461
-1.77858	10.00	-38.50755	-0.0413017	0.00	0.06636225	-20.94302	10.00	-20.93455
-1.86081	10.00	-38.37543	-0.08222987	0.00	0.1321243	-20.90874	10.00	-20.90026
-1.901043	10.00	-38.31078	-0.04023304	0.00	0.06464515	-20.87318	10.00	-20.86472
-1.942771	10.00	-38.24373	-0.04172812	0.00	0.06704739	-20.80298	10.00	-20.79454
-2.025141	10.00	-38.11138	-0.08237083	0.00	0.1323508	-20.76901	10.00	-20.76057
-2.064999	10.00	-38.04734	-0.03985773	0.00	0.06404211	-20.69783	10.00	-20.68941
-2.148525	10.00	-37.91314	-0.08352583	0.00	0.1342066	-20.66315	10.00	-20.65473
-2.189224	10.00	-37.84774	-0.04069909	0.00	0.06539399	-20.62854	10.00	-20.62014
-2.229821	10.00	-37.78251	-0.0405969	0.00	0.06522979	-20.5566	10.00	-20.54821
-2.314241	10.00	-37.64687	-0.08442005	0.00	0.1356434	-20.51215	10.00	-20.50378
-2.366389	10.00	-37.56308	-0.05214781	0.00	0.08378942	-20.45151	10.00	-20.44315
-2.437558	10.00	-37.44873	-0.0711688	0.00	0.1143517	-20.41561	10.00	-20.40725
-2.47969	10.00	-37.38103	-0.0421325	0.00	0.06769714	-20.38288	10.00	-20.37453
-2.518091	10.00	-37.31933	-0.03840054	0.00	0.06170075	-20.31112	10.00	-20.30279
-2.602291	10.00	-37.18404	-0.08420068	0.00	0.1352909	-20.27662	10.00	-20.2683
-2.645289	10.00	-37.119	-0.04299795	0.00	0.0650401	-20.24061	10.00	-20.2323
-2.692806	10.00	-37.0511	-0.04751621	0.00	0.06789673	-20.17186	10.00	-20.16357
-2.797333	10.00	-36.92147	-0.1045273	0.00	0.1296315	-20.13781	10.00	-20.12953
-2.849715	10.00	-36.85728	-0.05238243	0.00	0.06419217	-20.10066	10.00	-20.09239
-2.909562	10.00	-36.78726	-0.05984652	0.00	0.07001585	-20.03154	10.00	-20.02328
-3.033592	10.00	-36.66071	-0.1240303	0.00	0.1265544	-19.99682	10.00	-19.98857
-3.097774	10.00	-36.6016	-0.06418172	0.00	0.05911183	-19.96206	10.00	-19.95382
-3.163329	10.00	-36.55191	-0.06555537	0.00	0.04968625	-19.89059	10.00	-19.88236
-3.298078	10.00	-36.45891	-0.1347488	0.00	0.09299655	-19.85668	10.00	-19.84846
-3.361991	10.00	-36.41542	-0.0639133	0.00	0.04349075	-19.82273	10.00	-19.81452
-3.426012	10.00	-36.37186	-0.06402088	0.00	0.04356395	-19.78732	10.00	-19.77912
-3.492759	10.00	-36.32644	-0.06674729	0.00	0.04541918	-19.71531	10.00	-19.70713
-3.62853	10.00	-36.23011	-0.1357708	0.00	0.09633122	-19.68177	10.00	-19.67359
-3.691778	10.00	-36.1834	-0.06324798	0.00	0.04671256	-19.64739	10.00	-19.63922
-3.756613	10.00	-36.12986	-0.06483484	0.00	0.05353465	-19.57544	10.00	-19.5673
-3.892234	10.00	-36.00737	-0.1356208	0.00	0.1224888	-19.54059	10.00	-19.53245
-3.957949	10.00	-35.94611	-0.06571533	0.00	0.06126113	-19.5067	10.00	-19.49857
-4.021839	10.00	-35.88655	-0.06388924	0.00	0.05955881	-19.43578	10.00	-19.42766
-4.155564	10.00	-35.76189	-0.1337253	0.00	0.1246614	-19.40148	10.00	-19.39338
-4.220222	10.00	-35.70161	-0.06465789	0.00	0.06027536	-19.36388	10.00	-19.35579
-4.291105	10.00	-35.63554	-0.0708836	0.00	0.0660791	-19.29508	10.00	-19.287
-4.420833	10.00	-35.5146	-0.1297277	0.00	0.1209347	-19.24651	10.00	-19.23844
-4.512408	10.00	-35.42923	-0.09157509	0.00	0.08536811	-19.19052	10.00	-19.18246
-4.617959	10.00	-35.32777	-0.1055511	0.00	0.1014629	-19.15334	10.00	-19.14529
-4.688081	10.00	-35.26036	-0.07012202	0.00	0.06740609	-19.1145	10.00	-19.10646
-4.761302	10.00	-35.19139	-0.07322071	0.00	0.06896679	-19.04832	10.00	-19.0403
-4.886086	10.00	-35.07386	-0.1247845	0.00	0.1175349	-19.0158	10.00	-19.00778
-4.947389	10.00	-35.01612	-0.06130297	0.00	0.05774144	-18.94317	10.00	-18.93517
-5.084321	10.00	-34.88715	-0.1369316	0.00	0.1289762	-18.90828	10.00	-18.90029
-5.150115	10.00	-34.82517	-0.0657946	0.00	0.06197211	-18.83915	10.00	-18.83118
-5.280438	10.00	-34.70242	-0.1303223	0.00	0.1227509	-18.8046	10.00	-18.79664
-5.345582	10.00	-34.64043	-0.06514485	0.00	0.0619909	-18.76918	10.00	-18.76124
-5.41235	10.00	-34.57625	-0.0667671	0.00	0.06418111	-18.73531	10.00	-18.72737
-5.476213	10.00	-34.51486	-0.06386375	0.00	0.06139021	-18.6638	10.00	-18.65587
-5.611053	10.00	-34.38132	-0.1348394	0.00	0.1335337	-18.62885	10.00	-18.62094
-5.676921	10.00	-34.31546	-0.06586821	0.00	0.06586821	-18.59517	10.00	-18.58726
-5.740432	10.00	-34.25195	-0.06351127	0.00	0.06351127	-18.55975	10.00	-18.55185
-5.807212	10.00	-34.18517	-0.06677984	0.00	0.06677984	-18.48896	10.00	-18.48108
-5.940676	10.00	-34.0517	-0.1334634	0.00	0.1334634	-18.45371	10.00	-18.44584
-6.007144	10.00	-33.98523	-0.06646842	0.00	0.06646842	-18.41953	10.00	-18.41166
-6.071595	10.00	-33.92078	-0.06445122	0.00	0.06445122	-18.34735	10.00	-18.3395
-6.207669	10.00	-33.78471	-0.1360738	0.00	0.1360738	-18.31328	10.00	-18.30544
-6.271901	10.00	-33.72048	-0.06423181	0.00	0.06423181	-18.24268	10.00	-18.23485
-6.405035	10.00	-33.58735	-0.1331336	0.00	0.1331336	-18.20937	10.00	-18.20156
-6.467815	10.00	-33.52456	-0.06278083	0.00	0.06278083	-18.17403	10.00	-18.16623
-6.534445	10.00	-33.45793	-0.06662979	0.00	0.06662979	-18.10281	10.00	-18.09503
-6.66872	10.00	-33.32366	-0.1342746	0.00	0.1342746	-18.06756	10.00	-18.05977
-6.735197	10.00	-33.25718	-0.06647691	0.00	0.06647691	-18.03357	10.00	-18.0258
-6.799261	10.00	-33.19312	-0.06406476	0.00	0.06406476	-17.96276	10.00	-17.95501
-6.932767	10.00	-33.05961	-0.1335059	0.00	0.1335059	-17.9276	10.00	-17.91985
-6.999078	10.00	-32.9933	-0.06631128	0.00	0.06631128	-17.89409	10.00	-17.88635
-7.06223	10.00	-32.93015	-0.06315172	0.00	0.06315172	-17.82252	10.00	-17.8148
-7.197193	10.00	-32.79519	-0.1349625	0.00	0.1349625	-17.78744	10.00	-17.77972
-7.263324	10.00	-32.72905	-0.06613151	0.00	0.06613151	-17.75331	10.00	-17.74561
-7.327665	10.00	-32.66471	-0.0643408	0.00	0.0643408	-17.71848	10.00	-17.71078
-7.393343	10.00	-32.59903	-0.06567852	0.00	0.06567852	-17.64801	10.00	-17.64034
-7.526188	10.00	-32.46619	-0.1328448	0.00	0.1328448	-17.61419	10.00	-17.60652
-7.589967	10.00	-32.40241	-0.06377882	0.00	0.06377882	-17.57859	10.00	-17.57092
-7.657097	10.00	-32.33528	-0.06712949	0.00	0.06712949	-17.50662	10.00	-17.49898
-7.792774	10.00	-32.1996	-0.1356774	0.00	0.1356774	-17.47258	10.00	-17.46494
-7.856963	10.00	-32.13541	-0.06418934	0.00	0.06418934	-17.43817	10.00	-17.43054
-7.921828	10.00	-32.07055	-0.06486457	0.00	0.06486457	-17.36684	10.00	-17.35923
-8.056326	10.00	-31.93605	-0.1344982	0.00	0.1344982	-17.33159	10.00	-17.32399
-8.122765	10.00	-31.86961	-0.06643869	0.00	0.06643869	-17.29801	10.00	-17.29041
-8.186084	10.00	-31.80629	-0.06331876	0.00	0.06331876	-17.26277	10.00	-17.25519
-8.25252	10.00	-31.73986	-0.06643586	0.00	0.06643586	-17.19208	10.00	-17.18451
-8.376775	10.00	-31.60657	-0.1242549	0.00	0.1332893	-17.15828	10.00	-17.15071
-8.434337	10.00	-31.54284	-0.05756227	0.00	0.06373352	-17.08655	10.00	-17.07901
-8.560399	10.00	-31.40761	-0.1260628	0.00	0.1352286	-17.05157	10.00	-17.04403
-8.621885	10.00	-31.34165	-0.06148547	0.00	0.06595597	-17.01765	10.00	-17.01013
-8.681491	10.00	-31.27771	-0.05960632	0.00	0.0639402	-16.94593	10.00	-16.93843
-8.807548	10.00	-31.14249	-0.1260562	0.00	0.1352216	-16.91119	10.00	-16.90369
-8.868609	10.00	-31.07699	-0.06106187	0.00	0.06550158	-16.87703	10.00	-16.86954
-8.928658	10.00	-31.01257	-0.06004839	0.00	0.06441441	-16.80673	10.00	-16.79926
-9.052205	10.00	-30.88004	-0.1235476	0.00	0.1325306	-16.77266	10.00	-16.7652
-9.11209	10.00	-30.8158	-0.05988476	0.00	0.06423888	-16.69636	10.00	-16.68891
-9.243413	10.00	-30.67194	-0.1313227	0.00	0.1438594	-16.66383	10.00	-16.65639
-9.299384	10.00	-30.61063	-0.055971	0.00	0.0613143	-16.62556	10.00	-16.61813
-9.36037	10.00	-30.53846	-0.0609857	0.00	0.07216612	-16.56013	10.00	-16.55271
-9.469407	10.00	-30.41509	-0.1090379	0.00	0.1233732	-16.52615	10.00	-16.51875
-9.526641	10.00	-30.35103	-0.05723353	0.00	0.06405627	-16.48094	10.00	-16.47355
-9.602796	10.00	-30.2658	-0.07615495	0.00	0.0852333	-16.41936	10.00	-16.41198
-9.706533	10.00	-30.1497	-0.1037377	0.00	0.1161042	-16.38627	10.00	-16.3789
-9.762281	10.00	-30.08731	-0.05574739	0.00	0.06239297	-16.3152	10.00	-16.30784
-9.882009	10.00	-29.9533	-0.1197274	0.00	0.1339999	-16.24447	10.00	-16.23713
-10.00115	10.00	-29.81996	-0.1191456	0.00	0.1333488	-16.20819	10.00	-16.20086
-10.06227	10.00	-29.75156	-0.06111268	0.00	0.06839785	-16.17599	10.00	-16.16867
-10.11651	10.00	-29.69085	-0.05423975	0.00	0.0607056	-16.10453	10.00	-16.09722
-10.2369	10.00	-29.55611	-0.1203914	0.00	0.1347431	-16.06909	10.00	-16.0618
-10.29788	10.00	-29.48931	-0.06098222	0.00	0.06680391	-16.03114	10.00	-16.02385
-10.36458	10.00	-29.41775	-0.06670328	0.00	0.07155317	-15.96611	10.00	-15.95883
-10.47889	10.00	-29.29513	-0.1143062	0.00	0.1226173	-15.92952	10.00	-15.92226
-10.5432	10.00	-29.22615	-0.06430683	0.00	0.06898248	-15.89648	10.00	-15.88923
-10.60125	10.00	-29.16388	-0.05805575	0.00	0.06227689	-15.86143	10.00	-15.85419
-10.66286	10.00	-29.09779	-0.06160687	0.00	0.06608621	-15.79041	10.00	-15.78318
-10.7877	10.00	-28.96387	-0.1248408	0.00	0.1339178	-15.75581	10.00	-15.74858
-10.84852	10.00	-28.89863	-0.06081906	0.00	0.06524111	-15.72018	10.00	-15.71297
-10.91112	10.00	-28.83147	-0.06260319	0.00	0.06715497	-15.68647	10.00	-15.67927
-10.96668	10.00	-28.76792	-0.05555747	0.00	0.06355799	-15.65094	10.00	-15.64374
-11.02072	10.00	-28.7009	-0.05403575	0.00	0.06701341	-15.61573	10.00	-15.60854
-11.07359	10.00	-28.63454	-0.05287036	0.00	0.06636508	-15.54497	10.00	-15.5378
-11.176	10.00	-28.50111	-0.1024186	0.00	0.1334252	-15.51027	10.00	-15.50311
-11.22558	10.00	-28.43571	-0.04957251	0.00	0.06540532	-15.47437	10.00	-15.46723
-11.27621	10.00	-28.36803	-0.0506371	0.00	0.06767449	-15.44033	10.00	-15.43319
-11.32425	10.00	-28.30384	-0.04803253	0.00	0.06419358	-15.40558	10.00	-15.39844
-11.37327	10.00	-28.23833	-0.04902182	0.00	0.06551573	-15.37045	10.00	-15.36332
-11.42283	10.00	-28.17208	-0.04956307	0.00	0.06623909	-15.30046	10.00	-15.29335
-11.52157	10.00	-28.04013	-0.0987353	0.00	0.1319558	-15.26475	10.00	-15.25765
-11.57193	10.00	-27.97282	-0.05036488	0.00	0.06731068	-15.22895	10.00	-15.22186
-11.6244	10.00	-27.90531	-0.05247311	0.00	0.06750745	-15.19527	10.00	-15.18818
-11.67377	10.00	-27.8418	-0.04936471	0.00	0.06350844	-15.16016	10.00	-15.15309
-11.72521	10.00	-27.77562	-0.05144541	0.00	0.0661853	-15.12519	10.00	-15.11812
-11.77647	10.00	-27.70968	-0.05125285	0.00	0.06593757	-15.05365	10.00	-15.0466
-11.88132	10.00	-27.57479	-0.1048494	0.00	0.1348903	-15.01941	10.00	-15.01237
-11.93148	10.00	-27.51025	-0.05016574	0.00	0.06453899	-14.98369	10.00	-14.97666
-11.98384	10.00	-27.44289	-0.05235538	0.00	0.06735598	-14.94887	10.00	-14.94185
-12.03487	10.00	-27.37724	-0.05102839	0.00	0.06564879	-14.91502	10.00	-14.908
-12.08447	10.00	-27.31343	-0.04960788	0.00	0.06382129	-14.87938	10.00	-14.87237
-12.1367	10.00	-27.24623	-0.05222664	0.00	0.06719036	-14.80905	10.00	-14.80206
-12.23977	10.00	-27.11364	-0.103068	0.00	0.1325985	-14.77379	10.00	-14.7668
-12.29144	10.00	-27.04716	-0.05167208	0.00	0.06647691	-14.73837	10.00	-14.73139
-12.34335	10.00	-26.98037	-0.05191305	0.00	0.06678692	-14.7042	10.00	-14.69724
-12.39342	10.00	-26.91596	-0.05006781	0.00	0.064413	-14.63231	10.00	-14.62536
-12.49879	10.00	-26.7804	-0.1053687	0.00	0.1355585	-14.59715	10.00	-14.59021
-12.55032	10.00	-26.71411	-0.05152573	0.00	0.06628864	-14.56357	10.00	-14.55664
-12.59953	10.00	-26.6508	-0.04921287	0.00	0.0633131	-14.49253	10.00	-14.48562
-12.70363	10.00	-26.51687	-0.1041023	0.00	0.1339291	-14.45696	10.00	-14.45005
-12.75576	10.00	-26.4498	-0.05213201	0.00	0.06706862	-14.42337	10.00	-14.41647
-12.80499	10.00	-26.38647	-0.04922497	0.00	0.06332867	-14.35192	10.00	-14.34504
-12.90969	10.00	-26.25177	-0.1047041	0.00	0.1347035	-14.31906	10.00	-14.31219
-12.95665	10.00	-26.18982	-0.04695248	0.00	0.06194848	-14.24699	10.00	-14.24014
-13.04911	10.00	-26.05394	-0.09246143	0.00	0.1358798	-14.21266	10.00	-14.20581
-13.09253	10.00	-25.9892	-0.04342357	0.00	0.06473575	-14.14162	10.00	-14.13479
-13.18496	10.00	-25.85527	-0.09243285	0.00	0.133932	-14.10753	10.00	-14.10071
-13.22995	10.00	-25.791	-0.04498209	0.00	0.06427569	-14.07334	10.00	-14.06652
-13.27506	10.00	-25.72652	-0.0451198	0.00	0.06447245	-14.00031	10.00	-13.99352
-13.37142	10.00	-25.58884	-0.09635297	0.00	0.1376804	-13.96268	10.00	-13.9559
-13.42107	10.00	-25.5179	-0.04964812	0.00	0.07094306	-13.89523	10.00	-13.88846
-13.51007	10.00	-25.39072	-0.08900522	0.00	0.1271811	-13.85464	10.00	-13.84788
-13.55473	10.00	-25.31419	-0.04466338	0.00	0.07652609	-13.78996	10.00	-13.78322
-13.61763	10.00	-25.19226	-0.06289939	0.00	0.1219321	-13.75112	10.00	-13.74438
-13.65542	10.00	-25.11902	-0.03778228	0.00	0.07324195	-13.6847	10.00	-13.67799
-13.72001	10.00	-24.9938	-0.06459353	0.00	0.1252163	-13.64553	10.00	-13.63883
-13.7581	10.00	-24.91996	-0.03809482	0.00	0.07384782	-13.58006	10.00	-13.57337
-13.82178	10.00	-24.79651	-0.06367928	0.00	0.123444	-13.54131	10.00	-13.53463
-13.85947	10.00	-24.72346	-0.03768662	0.00	0.07305651	-13.47561	10.00	-13.46894
-13.92338	10.00	-24.59957	-0.06390638	0.00	0.1238842	-13.44176	10.00	-13.4351
-13.9563	10.00	-24.53575	-0.03292185	0.00	0.06381987	-13.406	10.00	-13.39936
-13.99107	10.00	-24.46835	-0.03477153	0.00	0.06740553	-13.33556	10.00	-13.32893
-14.06343	10.00	-24.33555	-0.07236227	0.00	0.1327981	-13.30196	10.00	-13.29534
-14.09796	10.00	-24.27218	-0.03453043	0.00	0.06336971	-13.2663	10.00	-13.25968
-14.13461	10.00	-24.20493	-0.03664241	0.00	0.06724557	-13.19521	10.00	-13.18861
-14.20763	10.00	-24.07092	-0.07302101	0.00	0.134007	-13.16073	10.00	-13.15414
-14.24305	10.00	-24.00591	-0.03542444	0.00	0.06501037	-13.12627	10.00	-13.11969
-14.27846	10.00	-23.94094	-0.03540669	0.00	0.06497781	-13.05501	10.00	-13.04844
-14.35166	10.00	-23.80659	-0.0732069	0.00	0.1343482	-13.02158	10.00	-13.01502
-14.38601	10.00	-23.74355	-0.03435072	0.00	0.06303989	-12.94934	10.00	-12.94281
-14.46022	10.00	-23.60736	-0.07420813	0.00	0.1361856	-12.91644	10.00	-12.90991
-14.49402	10.00	-23.54534	-0.03379765	0.00	0.06202492	-12.84484	10.00	-12.83832
-14.57151	10.00	-23.41033	-0.07748897	0.00	0.1350092	-12.80949	10.00	-12.80298
-14.61234	10.00	-23.34368	-0.04083259	0.00	0.06664536	-12.77559	10.00	-12.76909
-14.65213	10.00	-23.27975	-0.03978725	0.00	0.06392887	-12.70455	10.00	-12.69807
-14.71603	10.00	-23.14583	-0.06390084	0.00	0.1339291	-12.67008	10.00	-12.66361
-14.74641	10.00	-23.08084	-0.03037596	0.00	0.06498347	-12.63592	10.00	-12.62946
-14.77651	10.00	-23.01643	-0.03010797	0.00	0.06441016	-12.56417	10.00	-12.55772
-14.83975	10.00	-22.88116	-0.06323131	0.00	0.1352711	-12.53084	10.00	-12.5244
-14.86912	10.00	-22.81832	-0.02937415	0.00	0.06284029	-12.49529	10.00	-12.48886
-14.90045	10.00	-22.7513	-0.03132815	0.00	0.06702049	-12.42386	10.00	-12.41745
-14.9634	10.00	-22.61662	-0.06295604	0.00	0.1346822	-12.39056	10.00	-12.38416
-14.99092	10.00	-22.55385	-0.02751645	0.00	0.06276668	-12.31893	10.00	-12.31255
-15.04751	10.00	-22.41879	-0.05659385	0.00	0.1350602	-12.28534	10.00	-12.27896
-15.07344	10.00	-22.35545	-0.02592669	0.00	0.06333716	-12.21367	10.00	-12.20731
-15.12221	10.00	-22.22033	-0.04876918	0.00	0.1351211	-12.18033	10.00	-12.17398
-15.1449	10.00	-22.15748	-0.02268705	0.00	0.06285728	-12.14408	10.00	-12.13774
-15.16956	10.00	-22.08913	-0.02466739	0.00	0.06834406	-12.07363	10.00	-12.06731
-15.2175	10.00	-21.95631	-0.04793843	0.00	0.1328193	-12.04003	10.00	-12.03371
-15.2416	10.00	-21.89295	-0.02409544	0.00	0.0633598	-11.96856	10.00	-11.96226
-15.29415	10.00	-21.7582	-0.0525524	0.00	0.1347573	-11.93458	10.00	-11.92829
-15.31913	10.00	-21.69415	-0.02497835	0.00	0.06405061	-11.86299	10.00	-11.85671
-15.36524	10.00	-21.55915	-0.04610846	0.00	0.1349922	-11.82898	10.00	-11.82271
-15.38776	10.00	-21.49504	-0.02251894	0.00	0.06411148	-11.75826	10.00	-11.75202
-15.43459	10.00	-21.36172	-0.04682986	0.00	0.1333247	-11.72421	10.00	-11.71797
-15.45714	10.00	-21.29751	-0.02255176	0.00	0.06420491	-11.6522	10.00	-11.64597
-15.50483	10.00	-21.16174	-0.04768855	0.00	0.1357694	-11.61907	10.00	-11.61285
-15.52677	10.00	-21.09927	-0.02194267	0.00	0.06247083	-11.54865	10.00	-11.54245
-15.5734	10.00	-20.96651	-0.04663396	0.00	0.132767	-11.51184	10.00	-11.50565
-15.59778	10.00	-20.89712	-0.02437207	0.00	0.06938733	-11.44192	10.00	-11.43575
-15.64153	10.00	-20.76528	-0.04375463	0.00	0.1318383	-11.40194	10.00	-11.39577
-15.66582	10.00	-20.68989	-0.02429122	0.00	0.07539221	-11.33644	10.00	-11.33029
-15.69126	10.00	-20.5664	-0.02543804	0.00	0.1234836	-11.29784	10.00	-11.2917
-15.70555	10.00	-20.49363	-0.01428719	0.00	0.07277481	-11.23167	10.00	-11.22555
-15.73004	10.00	-20.36888	-0.02449054	0.00	0.1247477	-11.19531	10.00	-11.18919
-15.7435	10.00	-20.30031	-0.01346097	0.00	0.0685663	-11.12634	10.00	-11.12024
-15.76651	10.00	-20.17028	-0.02301029	0.00	0.1300349	-11.0884	10.00	-11.08232
-15.77847	10.00	-20.09876	-0.01196268	0.00	0.07151636	-11.02146	10.00	-11.01539
-15.79225	10.00	-19.97255	-0.01377938	0.00	0.1262143	-10.98201	10.00	-10.97595
-15.79965	10.00	-19.89817	-0.007399635	0.00	0.07437441	-10.91672	10.00	-10.91067
-15.81428	10.00	-19.77507	-0.01463168	0.00	0.1231028	-10.88328	10.00	-10.87724
-15.82178	10.00	-19.71202	-0.007493937	0.00	0.06304979	-10.81164	10.00	-10.80562
-15.83783	10.00	-19.57695	-0.01605375	0.00	0.1350673	-10.77807	10.00	-10.77206
-15.84535	10.00	-19.51366	-0.00752254	0.00	0.06329045	-10.70644	10.00	-10.70045
-15.8614	10.00	-19.37862	-0.01605123	0.00	0.135046	-10.67278	10.00	-10.66679
-15.86895	10.00	-19.31515	-0.007544076	0.00	0.06347164	-10.60157	10.00	-10.5956
-15.881	10.00	-19.18089	-0.01205713	0.00	0.1342533	-10.56706	10.00	-10.5611
-15.88685	10.00	-19.11584	-0.005842571	0.00	0.06505567	-10.52954	10.00	-10.52359
-15.8932	10.00	-19.04509	-0.006353892	0.00	0.07074912	-10.45955	10.00	-10.45361
-15.90505	10.00	-18.91312	-0.01185143	0.00	0.1319629	-10.42692	10.00	-10.421
-15.90819	10.00	-18.85161	-0.003141815	0.00	0.06151107	-10.38864	10.00	-10.38273
-15.90978	10.00	-18.77944	-0.001589841	0.00	0.07217178	-10.32058	10.00	-10.31468
-15.91137	10.00	-18.65112	-0.001584171	0.00	0.1283178	-10.28741	10.00	-10.28152
-15.91214	10.00	-18.58859	-0.0007720316	0.00	0.06253453	-10.21639	10.00	-10.21052
-15.91379	10.00	-18.45469	-0.001653045	0.00	0.1338966	-10.18199	10.00	-10.17612
-15.91459	10.00	-18.38982	-0.0008009024	0.00	0.06487306	-10.11149	10.00	-10.10564
-15.91623	10.00	-18.2569	-0.001640987	0.00	0.1329198	-10.07296	10.00	-10.06712
-15.91713	10.00	-18.18426	-0.0008968296	0.00	0.07264316	-10.00558	10.00	-9.999755
-15.9187	10.00	-18.05722	-0.001568355	0.00	0.1270367	-9.970166	10.00	-9.964353
-15.91952	10.00	-17.99045	-0.0008243031	0.00	0.06676852	-9.932692	10.00	-9.926885
-15.9204	10.00	-17.91979	-0.0008723104	0.00	0.0706571	-9.865788	10.00	-9.859999
-15.92195	10.00	-17.79366	-0.001557258	0.00	0.1261378	-9.830689	10.00	-9.82491
-15.92277	10.00	-17.72749	-0.0008168932	0.00	0.06616832	-9.760833	10.00	-9.755071
-15.9244	10.00	-17.59578	-0.001625992	0.00	0.1317053	-9.724181	10.00	-9.718427
-15.92525	10.00	-17.52668	-0.0008531215	0.00	0.0691028	-9.655456	10.00	-9.649717
-15.92685	10.00	-17.3971	-0.001599743	0.00	0.1295791	-9.621414	10.00	-9.615685
-15.92764	10.00	-17.33292	-0.0007923216	0.00	0.06417801	-9.55019	10.00	-9.544475
-15.9332	10.00	-17.19863	-0.005558969	0.00	0.134293	-9.513486	10.00	-9.507781
-15.93473	10.00	-17.12943	-0.001524388	0.00	0.06920048	-9.445263	10.00	-9.439579
-15.93473	10.00	-17.00081	0	0.00	0.1286221	-9.411065	10.00	-9.405384
-15.93473	10.00	-16.93633	0	0.00	0.06447387	-9.340145	10.00	-9.334479
-15.93473	10.00	-16.80261	0	0.00	0.1337225	-9.305051	10.00	-9.299397
-15.93473	10.00	-16.73645	0	0.00	0.06616407	-9.232864	10.00	-9.227231
-15.93473	10.00	-16.60035	0	0.00	0.136095	-9.198111	10.00	-9.192482
-15.93473	10.00	-16.53483	0	0.00	0.06552423	-9.129433	10.00	-9.123821
-15.93473	10.00	-16.40534	0	0.00	0.1294871	-9.095622	10.00	-9.090021
-15.93473	10.00	-16.3416	0	0.00	0.0637406	-9.023848	10.00	-9.018261
-15.93473	10.00	-16.20627	0	0.00	0.1353263	-8.989495	10.00	-8.983918
-15.93473	10.00	-16.14151	0	0.00	0.06476831	-8.919473	10.00	-8.913912
-15.93473	10.00	-16.00949	0	0.00	0.132021	-8.883968	10.00	-8.878415
-15.93473	10.00	-15.94254	0	0.00	0.0669398	-8.814265	10.00	-8.808729
-15.93473	10.00	-15.81113	0	0.00	0.1314193	-8.773915	10.00	-8.768391
-15.93473	10.00	-15.73505	0	0.00	0.07607452	-8.707831	10.00	-8.702322
-15.93473	10.00	-15.61046	0	0.00	0.1245948	-8.673735	10.00	-8.668234
-15.93473	10.00	-15.54618	0	0.00	0.06427852	-8.602728	10.00	-8.597245
-15.93473	10.00	-15.4123	0	0.00	0.133881	-8.569024	10.00	-8.563547
-15.93473	10.00	-15.34875	0	0.00	0.06354667	-8.497425	10.00	-8.491968
-15.93473	10.00	-15.21376	0	0.00	0.1349894	-8.464092	10.00	-8.458644
-15.93473	10.00	-15.15092	0	0.00	0.06284454	-8.392642	10.00	-8.387206
-15.93473	10.00	-15.0162	0	0.00	0.1347162	-8.359552	10.00	-8.35413
-15.93473	10.00	-14.95382	0	0.00	0.06238023	-8.315942	10.00	-8.310527
-15.93473	10.00	-14.87159	0	0.00	0.08222662	-8.253926	10.00	-8.248528
-15.93473	10.00	-14.75467	0	0.00	0.1169224	-8.216881	10.00	-8.211491
-15.93473	10.00	-14.68483	0	0.00	0.06984457	-8.148702	10.00	-8.143331
-15.93473	10.00	-14.55629	0	0.00	0.1285401	-8.113202	10.00	-8.107838
-15.93473	10.00	-14.48935	0	0.00	0.06693272	-8.078783	10.00	-8.073427
-15.93473	10.00	-14.42446	0	0.00	0.06489147	-8.044884	10.00	-8.039533
-15.93473	10.00	-14.36054	0	0.00	0.06392179	-8.009512	10.00	-8.004171
-15.93473	10.00	-14.29385	0	0.00	0.06668783	-7.974483	10.00	-7.969153
-15.93473	10.00	-14.22781	0	0.00	0.06603808	-7.903005	10.00	-7.897689
-15.93473	10.00	-14.09305	0	0.00	0.1347658	-7.868293	10.00	-7.86299
-15.93473	10.00	-14.02761	0	0.00	0.06544354	-7.834252	10.00	-7.828955
-15.93473	10.00	-13.96342	0	0.00	0.06418367	-7.799014	10.00	-7.793725
-15.93473	10.00	-13.89699	0	0.00	0.06643586	-7.728023	10.00	-7.722752
-15.93473	10.00	-13.76314	0	0.00	0.1338442	-7.693003	10.00	-7.687739
-15.93473	10.00	-13.69711	0	0.00	0.06602959	-7.65903	10.00	-7.653776
-15.93473	10.00	-13.63306	0	0.00	0.06405061	-7.623959	10.00	-7.618715
-15.93473	10.00	-13.56694	0	0.00	0.06612302	-7.552195	10.00	-7.546968
-15.93473	10.00	-13.43164	0	0.00	0.135298	-7.51778	10.00	-7.512561
-15.93473	10.00	-13.36675	0	0.00	0.06488863	-7.484042	10.00	-7.478831
-15.93473	10.00	-13.30315	0	0.00	0.06360471	-7.448051	10.00	-7.44285
-15.93473	10.00	-13.23529	0	0.00	0.06785709	-7.413464	10.00	-7.408268
-15.93473	10.00	-13.17007	0	0.00	0.06521988	-7.342239	10.00	-7.337062
-15.93473	10.00	-13.03579	0	0.00	0.1342802	-7.307585	10.00	-7.302418
-15.93473	10.00	-12.97045	0	0.00	0.06533737	-7.273287	10.00	-7.268126
-15.93473	10.00	-12.90579	0	0.00	0.06466638	-7.23834	10.00	-7.23319
-15.93473	10.00	-12.8399	0	0.00	0.06588237	-7.167244	10.00	-7.162109
-15.93473	10.00	-12.70585	0	0.00	0.1340509	-7.132301	10.00	-7.127175
-15.93473	10.00	-12.63997	0	0.00	0.06588095	-7.098227	10.00	-7.09311
-15.93473	10.00	-12.57573	0	0.00	0.0642403	-7.062659	10.00	-7.057552
-15.93473	10.00	-12.50867	0	0.00	0.0670573	-6.990741	10.00	-6.985648
-15.93473	10.00	-12.37307	0	0.00	0.1355995	-6.955924	10.00	-6.950842
-15.93473	10.00	-12.30744	0	0.00	0.06563747	-6.922434	10.00	-6.917362
-15.93473	10.00	-12.24429	0	0.00	0.06314322	-6.88666	10.00	-6.881593
-15.93473	10.00	-12.17684	0	0.00	0.06745083	-6.852357	10.00	-6.847298
-15.93473	10.00	-12.11217	0	0.00	0.06467629	-6.781552	10.00	-6.77651
-15.93473	10.00	-11.97867	0	0.00	0.1334946	-6.746356	10.00	-6.741323
-15.93473	10.00	-11.91232	0	0.00	0.06635658	-6.711813	10.00	-6.706791
-15.93473	10.00	-11.84719	0	0.00	0.06512503	-6.67724	10.00	-6.672225
-15.93473	10.00	-11.78201	0	0.00	0.06518166	-6.642355	10.00	-6.63735
-15.93473	10.00	-11.71624	0	0.00	0.06577054	-6.571846	10.00	-6.566858
-15.93473	10.00	-11.5833	0	0.00	0.1329368	-6.536837	10.00	-6.531857
-15.93473	10.00	-11.51729	0	0.00	0.06600977	-6.502338	10.00	-6.497366
-15.93473	10.00	-11.45225	0	0.00	0.06504434	-6.467194	10.00	-6.462231
-15.93473	10.00	-11.38599	0	0.00	0.06625466	-6.39657	10.00	-6.391622
-15.93473	10.00	-11.25284	0	0.00	0.1331577	-6.361473	10.00	-6.356533
-15.93473	10.00	-11.18666	0	0.00	0.06617256	-6.326359	10.00	-6.321429
-15.93473	10.00	-11.12046	0	0.00	0.06620511	-6.29199	10.00	-6.287069
-15.93473	10.00	-11.05566	0	0.00	0.06479803	-6.220922	10.00	-6.216018
-15.93473	10.00	-10.92167	0	0.00	0.1339886	-6.186932	10.00	-6.182037
-15.93473	10.00	-10.85758	0	0.00	0.064086	-6.150856	10.00	-6.14597
-15.93473	10.00	-10.78957	0	0.00	0.06801564	-6.116494	10.00	-6.111616
-15.93473	10.00	-10.72478	0	0.00	0.06478529	-6.044433	10.00	-6.039573
-15.93473	10.00	-10.58892	0	0.00	0.1358642	-6.009892	10.00	-6.00504
-15.93473	10.00	-10.5238	0	0.00	0.0651222	-5.970047	10.00	-5.965201
-15.93473	10.00	-10.44867	0	0.00	0.07512891	-5.904545	10.00	-5.899715
-15.93473	10.00	-10.32517	0	0.00	0.1234963	-5.869386	10.00	-5.864564
-15.93473	10.00	-10.25888	0	0.00	0.06628864	-5.832426	10.00	-5.827615
-15.93473	10.00	-10.1892	0	0.00	0.06968319	-5.765198	10.00	-5.760405
-15.93473	10.00	-10.06245	0	0.00	0.1267479	-5.730585	10.00	-5.725801
-15.93473	10.00	-9.997195	0	0.00	0.06525668	-5.696376	10.00	-5.691599
-15.93473	10.00	-9.932696	0	0.00	0.06449935	-5.661509	10.00	-5.656737
-15.93473	10.00	-9.866953	0	0.00	0.06574364	-5.626316	10.00	-5.621555
-15.93473	10.00	-9.800603	0	0.00	0.06634951	-5.591321	10.00	-5.586569
-15.93473	10.00	-9.734626	0	0.00	0.06597721	-5.556179	10.00	-5.551434
-15.93473	10.00	-9.668367	0	0.00	0.06625891	-5.485225	10.00	-5.480499
-15.93473	10.00	-9.534594	0	0.00	0.1337734	-5.450669	10.00	-5.44595
-15.93473	10.00	-9.469439	0	0.00	0.06515476	-5.414997	10.00	-5.410288
-15.93473	10.00	-9.402187	0	0.00	0.06725123	-5.381096	10.00	-5.376397
-15.93473	10.00	-9.338274	0	0.00	0.0639133	-5.345774	10.00	-5.341081
-15.93473	10.00	-9.271673	0	0.00	0.06660148	-5.310772	10.00	-5.306091
-15.93473	10.00	-9.205686	0	0.00	0.06598712	-5.275874	10.00	-5.271197
-15.93137	10.00	-9.139883	0.00336104	0.00	0.0658031	-5.240084	10.00	-5.235419
-15.924	10.00	-9.072411	0.007366231	0.00	0.06747206	-5.170379	10.00	-5.16573
-15.90583	10.00	-8.940989	0.01816559	0.00	0.1314222	-5.134254	10.00	-5.129613
-15.89576	10.00	-8.872876	0.01007416	0.00	0.0681119	-5.099371	10.00	-5.094738
-15.88603	10.00	-8.807107	0.009727654	0.00	0.06576912	-5.064449	10.00	-5.059824
-15.87629	10.00	-8.741267	0.009738123	0.00	0.0658399	-5.029795	10.00	-5.02518
-15.866	10.00	-8.675932	0.01029623	0.00	0.06533595	-4.995563	10.00	-4.990956
-15.8552	10.00	-8.61139	0.01079603	0.00	0.06454182	-4.960219	10.00	-4.955619
-15.84276	10.00	-8.544751	0.01243721	0.00	0.06663828	-4.92494	10.00	-4.92035
-15.82842	10.00	-8.478236	0.0143464	0.00	0.06651513	-4.889689	10.00	-4.885107
-15.81344	10.00	-8.411774	0.01497866	0.00	0.06646276	-4.855065	10.00	-4.850492
-15.79683	10.00	-8.346497	0.0166075	0.00	0.0652765	-4.819968	10.00	-4.815404
-15.77871	10.00	-8.280326	0.01811657	0.00	0.06617115	-4.749706	10.00	-4.745158
-15.73475	10.00	-8.147853	0.0439651	0.00	0.1324725	-4.712993	10.00	-4.708455
-15.70977	10.00	-8.078637	0.02498212	0.00	0.06921605	-4.677846	10.00	-4.673317
-15.68457	10.00	-8.012371	0.02520064	0.00	0.06626599	-4.64369	10.00	-4.639169
-15.65945	10.00	-7.947974	0.0251136	0.00	0.06439742	-4.609734	10.00	-4.60522
-15.63511	10.00	-7.883952	0.02434738	0.00	0.0640223	-4.575016	10.00	-4.570509
-15.61085	10.00	-7.818494	0.02425944	0.00	0.06545769	-4.539547	10.00	-4.535049
-15.588	10.00	-7.751621	0.02284149	0.00	0.06687327	-4.504532	10.00	-4.500044
-15.5661	10.00	-7.685606	0.02190879	0.00	0.06601401	-4.469123	10.00	-4.464642
-15.54394	10.00	-7.618844	0.02215732	0.00	0.06676286	-4.433913	10.00	-4.429443
-15.52191	10.00	-7.552462	0.02203094	0.00	0.06638207	-4.364056	10.00	-4.359601
-15.47692	10.00	-7.420753	0.04498672	0.00	0.1317081	-4.328412	10.00	-4.323967
-15.45397	10.00	-7.353552	0.02295366	0.00	0.06720168	-4.293151	10.00	-4.288714
-15.43062	10.00	-7.287071	0.02335129	0.00	0.06648116	-4.25807	10.00	-4.253643
-15.40738	10.00	-7.220931	0.02323146	0.00	0.06614	-4.223692	10.00	-4.219273
-15.38462	10.00	-7.156114	0.02276656	0.00	0.06481644	-4.18933	10.00	-4.184918
-15.36186	10.00	-7.091326	0.02275661	0.00	0.06478813	-4.15412	10.00	-4.149717
-15.33854	10.00	-7.024944	0.02331648	0.00	0.06638207	-4.118242	10.00	-4.113846
-15.31609	10.00	-6.957296	0.02245094	0.00	0.06764759	-4.083827	10.00	-4.079441
-15.29456	10.00	-6.892414	0.02153342	0.00	0.06488297	-4.048707	10.00	-4.044328
-15.27258	10.00	-6.826196	0.02197644	0.00	0.06621785	-3.978497	10.00	-3.974136
-15.22865	10.00	-6.693824	0.04393174	0.00	0.132372	-3.942813	10.00	-3.938461
-15.20632	10.00	-6.626547	0.02232786	0.00	0.06727671	-3.90759	10.00	-3.903246
-15.18428	10.00	-6.560135	0.0220408	0.00	0.06641179	-3.872465	10.00	-3.86813
-15.16231	10.00	-6.493913	0.02197785	0.00	0.0662221	-3.837164	10.00	-3.832837
-15.14086	10.00	-6.427357	0.02144427	0.00	0.06655618	-3.803743	10.00	-3.799424
-15.12056	10.00	-6.364344	0.02030266	0.00	0.06301299	-3.768584	10.00	-3.764275
-15.0992	10.00	-6.298058	0.02135716	0.00	0.0662858	-3.733345	10.00	-3.729044
-15.0778	10.00	-6.231618	0.02140687	0.00	0.06644011	-3.698223	10.00	-3.69393
-15.0571	10.00	-6.1654	0.02069408	0.00	0.06621785	-3.627691	10.00	-3.623416
-15.01554	10.00	-6.032419	0.04155849	0.00	0.1329807	-3.592939	10.00	-3.588674
-14.99507	10.00	-5.966901	0.02047554	0.00	0.06551857	-3.557002	10.00	-3.552743
-14.97389	10.00	-5.901111	0.0211754	0.00	0.06578973	-3.521431	10.00	-3.517182
-14.95293	10.00	-5.835995	0.02095863	0.00	0.06511624	-3.487804	10.00	-3.483563
-14.93312	10.00	-5.774436	0.01981373	0.00	0.06155914	-3.452786	10.00	-3.448553
-14.91249	10.00	-5.710332	0.02063259	0.00	0.06410327	-3.417636	10.00	-3.413412
-14.88985	10.00	-5.645985	0.02263648	0.00	0.06434792	-3.38201	10.00	-3.377795
-14.86691	10.00	-5.580768	0.02294206	0.00	0.06521657	-3.347267	10.00	-3.343059
-14.84453	10.00	-5.517165	0.02237442	0.00	0.06360297	-3.297292	10.00	-3.293097
-14.81326	10.00	-5.425681	0.03127008	0.00	0.09148381	-3.241782	10.00	-3.237601
-14.77853	10.00	-5.324062	0.03473441	0.00	0.101619	-3.207281	10.00	-3.203107
-14.75694	10.00	-5.260903	0.02158839	0.00	0.06315901	-3.171941	10.00	-3.167777
-14.73483	10.00	-5.196212	0.02211221	0.00	0.06469154	-3.137347	10.00	-3.13319
-14.71318	10.00	-5.132881	0.02164711	0.00	0.06333083	-3.102278	10.00	-3.098131
-14.69124	10.00	-5.068686	0.02194262	0.00	0.06419536	-3.06727	10.00	-3.063131
-14.66933	10.00	-5.004599	0.0219055	0.00	0.06408677	-3.03226	10.00	-3.028129
-14.64743	10.00	-4.940506	0.02190738	0.00	0.06409227	-2.961798	10.00	-2.957683
-14.60334	10.00	-4.811516	0.04409007	0.00	0.12899	-2.926255	10.00	-2.92215
-14.5811	10.00	-4.746452	0.02223953	0.00	0.06506401	-2.891034	10.00	-2.886936
-14.55906	10.00	-4.681974	0.0220394	0.00	0.06447849	-2.856339	10.00	-2.852252
-14.53735	10.00	-4.618464	0.02170818	0.00	0.0635095	-2.821191	10.00	-2.817111
-14.51535	10.00	-4.554119	0.02199382	0.00	0.06434517	-2.787123	10.00	-2.783051
-14.49404	10.00	-4.491752	0.02131778	0.00	0.06236733	-2.751924	10.00	-2.747861
-14.47201	10.00	-4.427317	0.02202436	0.00	0.06443451	-2.71618	10.00	-2.712126
-14.44965	10.00	-4.361884	0.02236591	0.00	0.06543374	-2.681318	10.00	-2.677273
-14.42783	10.00	-4.298065	0.02181389	0.00	0.06381875	-2.64661	10.00	-2.642572
-14.40611	10.00	-4.234528	0.02171758	0.00	0.06353699	-2.5754	10.00	-2.57138
-14.36156	10.00	-4.104169	0.04455799	0.00	0.1303589	-2.541616	10.00	-2.537604
-14.34042	10.00	-4.042324	0.02113925	0.00	0.06184503	-2.505461	10.00	-2.501459
-14.31779	10.00	-3.976138	0.02262289	0.00	0.06618556	-2.470278	10.00	-2.466284
-14.29642	10.00	-3.911731	0.02137266	0.00	0.06440702	-2.43554	10.00	-2.431554
-14.27532	10.00	-3.848139	0.0211022	0.00	0.06359197	-2.400571	10.00	-2.396593
-14.25408	10.00	-3.784123	0.02124313	0.00	0.06401668	-2.365602	10.00	-2.361632
-14.23283	10.00	-3.720107	0.02124267	0.00	0.0640153	-2.331087	10.00	-2.327126
-14.21187	10.00	-3.656925	0.02096628	0.00	0.06318238	-2.296082	10.00	-2.292129
-14.1906	10.00	-3.592842	0.02126502	0.00	0.06408265	-2.225523	10.00	-2.221588
-14.14774	10.00	-3.463678	0.04286163	0.00	0.1291645	-2.190275	10.00	-2.186349
-14.12633	10.00	-3.399153	0.02141189	0.00	0.06452522	-2.154773	10.00	-2.150856
-14.10476	10.00	-3.334162	0.0215665	0.00	0.06499116	-2.120205	10.00	-2.116296
-14.08376	10.00	-3.27088	0.02099912	0.00	0.06328134	-2.085732	10.00	-2.081831
-14.06282	10.00	-3.207772	0.02094165	0.00	0.06310816	-2.051006	10.00	-2.047114
-14.04173	10.00	-3.144203	0.02109445	0.00	0.06356861	-2.015706	10.00	-2.011822
-14.02028	10.00	-3.079582	0.02144381	0.00	0.06462143	-1.980683	10.00	-1.976807
-13.99901	10.00	-3.015466	0.02127597	0.00	0.06411564	-1.945533	10.00	-1.941666
-13.97766	10.00	-2.951123	0.02135168	0.00	0.0643438	-1.875112	10.00	-1.871262
-13.93488	10.00	-2.822207	0.04277908	0.00	0.1289158	-1.839611	10.00	-1.835769
-13.91331	10.00	-2.757218	0.02156559	0.00	0.06498841	-1.804305	10.00	-1.800472
-13.89186	10.00	-2.692586	0.02144746	0.00	0.06463243	-1.769554	10.00	-1.765729
-13.87012	10.00	-2.630872	0.02174483	0.00	0.06171345	-1.735333	10.00	-1.731518
-13.84808	10.00	-2.571352	0.02203693	0.00	0.05952001	-1.700407	10.00	-1.696599
-13.82304	10.00	-2.511878	0.02504291	0.00	0.05947493	-1.665264	10.00	-1.661464
-13.7972	10.00	-2.452036	0.02583898	0.00	0.05984185	-1.62954	10.00	-1.62575
-13.77028	10.00	-2.393161	0.02691844	0.00	0.05887491	-1.594929	10.00	-1.591146
-13.7442	10.00	-2.336118	0.02608056	0.00	0.05704233	-1.524644	10.00	-1.520879
-13.69124	10.00	-2.220285	0.05296052	0.00	0.1158331	-1.489561	10.00	-1.485804
-13.66416	10.00	-2.162466	0.02707633	0.00	0.05781941	-1.453609	10.00	-1.449861
-13.63576	10.00	-2.103215	0.0284031	0.00	0.05925107	-1.418834	10.00	-1.415095
-13.60892	10.00	-2.045904	0.02683818	0.00	0.05731085	-1.385022	10.00	-1.381292
-13.58221	10.00	-1.990181	0.02671199	0.00	0.05572328	-1.349799	10.00	-1.346076
-13.55438	10.00	-1.93213	0.02782774	0.00	0.0580508	-1.31428	10.00	-1.310566
-13.52762	10.00	-1.873593	0.02676398	0.00	0.0585371	-1.279493	10.00	-1.275788
-13.50014	10.00	-1.817532	0.02748251	0.00	0.05606051	-1.244566	10.00	-1.240869
-13.47191	10.00	-1.761883	0.02823107	0.00	0.05564915	-1.17353	10.00	-1.16985
-13.4093	10.00	-1.659077	0.06260468	0.00	0.1028065	-1.139476	10.00	-1.135805
-13.38053	10.00	-1.611036	0.02876865	0.00	0.048041	-1.100906	10.00	-1.097244
-13.34795	10.00	-1.556623	0.03258388	0.00	0.05441208	-1.032171	10.00	-1.028525
-13.28988	10.00	-1.459656	0.05806756	0.00	0.0969675	-0.9927424	10.00	-0.9891057
-13.25657	10.00	-1.404032	0.0333095	0.00	0.0556238	-0.925079	10.00	-0.9214605
-13.19941	10.00	-1.308579	0.05716053	0.00	0.09545284	-0.8857076	10.00	-0.8820979
-13.16615	10.00	-1.253036	0.03326129	0.00	0.0555433	-0.8207988	10.00	-0.8172053
-13.11131	10.00	-1.161467	0.05483461	0.00	0.09156876	-0.7783677	10.00	-0.7747838
-13.07624	10.00	-1.101608	0.03507138	0.00	0.05985954	-0.7159109	10.00	-0.7123425
-13.02462	10.00	-1.013498	0.05162283	0.00	0.08810941	-0.6728076	10.00	-0.6692493
-12.98899	10.00	-0.9526908	0.0356268	0.00	0.06080752	-0.6108562	10.00	-0.6073124
-12.93779	10.00	-0.8652932	0.0512058	0.00	0.08739763	-0.5662225	10.00	-0.5626905
-12.9009	10.00	-0.8023281	0.03689091	0.00	0.06296511	-0.5062599	10.00	-0.5027419
-12.85134	10.00	-0.7177363	0.04956188	0.00	0.08459181	-0.4725046	10.00	-0.4689951
-12.82344	10.00	-0.6701168	0.02789997	0.00	0.04761944	-0.4004521	10.00	-0.3969599
-12.76388	10.00	-0.5684698	0.05955444	0.00	0.101647	-0.367414	10.00	-0.36393
-12.73657	10.00	-0.5218619	0.02730732	0.00	0.04660791	-0.3276306	10.00	-0.3241561
-12.70369	10.00	-0.4657381	0.0328826	0.00	0.05612374	-0.2608701	10.00	-0.2574122
-12.64851	10.00	-0.3715574	0.05517998	0.00	0.09418074	-0.2234873	10.00	-0.2200383
-12.61761	10.00	-0.3188199	0.03089861	0.00	0.05273749	-0.1541171	10.00	-0.1506844
-12.56028	10.00	-0.2209564	0.05733773	0.00	0.09786357	-0.1181693	10.00	-0.1147457
-12.53056	10.00	-0.1702441	0.02971206	0.00	0.0507123	-0.04993705	10.00	-0.04652974
-12.47417	10.00	-0.07398624	0.05639694	0.00	0.09625782	-0.01383694	10.00	-0.01043858
-12.44433	10.00	-0.02305892	0.02983804	0.00	0.05092732	0.05453005	10.00	0.05791169
-12.38782	10.00	0.0733885	0.05650802	0.00	0.09644742	0.09095258	10.00	0.09432561
-12.35771	10.00	0.1247713	0.03010489	0.00	0.05138277	0.1597293	10.00	0.1630857
-12.30087	10.00	0.221797	0.05684686	0.00	0.09702575	0.1956822	10.00	0.1990297
-12.27115	10.00	0.2725167	0.0297164	0.00	0.05071971	0.264897	10.00	0.2682275
-12.21394	10.00	0.37016	0.05720866	0.00	0.09764326	0.3010754	10.00	0.3043974
-12.1847	10.00	0.4211985	0.02924272	0.00	0.05103853	0.369963	10.00	0.3732679
-12.12902	10.00	0.51838	0.05568048	0.00	0.09718145	0.4052943	10.00	0.4085912
-12.10046	10.00	0.5682237	0.02855817	0.00	0.04984375	0.4752049	10.00	0.4784847
-12.04395	10.00	0.6668488	0.05650764	0.00	0.09862513	0.5101519	10.00	0.5134228
-12.01571	10.00	0.7161493	0.02824684	0.00	0.04930038	0.5803993	10.00	0.5836533
-11.95893	10.00	0.81525	0.05678013	0.00	0.09910072	0.6144005	10.00	0.6176465
-11.93144	10.00	0.8632168	0.02748279	0.00	0.04796686	0.6864662	10.00	0.6896945
-11.87319	10.00	0.9648818	0.05824937	0.00	0.101665	0.7193136	10.00	0.7225339
-11.84665	10.00	1.011221	0.02655003	0.00	0.04633887	0.7561259	10.00	0.7593374
-11.81689	10.00	1.063153	0.02975492	0.00	0.0519325	0.8257573	10.00	0.8289518
-11.76061	10.00	1.161384	0.05628189	0.00	0.09823111	0.8604952	10.00	0.8636813
-11.73253	10.00	1.21039	0.02807814	0.00	0.04900593	0.9307362	10.00	0.933905
-11.67576	10.00	1.309482	0.05677466	0.00	0.09909118	0.9666302	10.00	0.9697904
-11.64674	10.00	1.360119	0.02901272	0.00	0.0506371	1.035957	10.00	1.0391
-11.59071	10.00	1.45792	0.0560355	0.00	0.09780108	1.071219	10.00	1.074353
-11.56221	10.00	1.507665	0.02850173	0.00	0.04974525	1.141366	10.00	1.144484
-11.50551	10.00	1.606624	0.05669881	0.00	0.09895879	1.175966	10.00	1.179075
-11.47754	10.00	1.655435	0.02796647	0.00	0.04881104	1.246406	10.00	1.249498
-11.4206	10.00	1.754808	0.0569361	0.00	0.09937293	1.283994	10.00	1.287077
-11.39022	10.00	1.807834	0.03038182	0.00	0.05302665	1.351664	10.00	1.354731
-11.33553	10.00	1.903299	0.05469674	0.00	0.09546449	1.38714	10.00	1.390198
-11.30685	10.00	1.953346	0.02867469	0.00	0.05004712	1.456776	10.00	1.459817
-11.25057	10.00	2.051583	0.05628553	0.00	0.09823747	1.492128	10.00	1.495161
-11.22199	10.00	2.101456	0.02857455	0.00	0.04987235	1.562459	10.00	1.565475
-11.16514	10.00	2.200674	0.05684749	0.00	0.09921829	1.596953	10.00	1.59996
-11.13726	10.00	2.249336	0.0278809	0.00	0.04866169	1.66788	10.00	1.67087
-11.07993	10.00	2.349395	0.05732935	0.00	0.1000593	1.714329	10.00	1.717308
-11.04239	10.00	2.414922	0.03754412	0.00	0.06552731	1.771471	10.00	1.774436
-10.9962	10.00	2.495535	0.04618718	0.00	0.08061241	1.821718	10.00	1.82467
-10.95559	10.00	2.566419	0.04061367	0.00	0.07088473	1.876597	10.00	1.879537
-10.91123	10.00	2.643839	0.04435807	0.00	0.07741999	1.940656	10.00	1.94358
-10.85945	10.00	2.734209	0.05177769	0.00	0.09036975	1.983038	10.00	1.985951
-10.8252	10.00	2.793999	0.03425669	0.00	0.05978963	2.020229	10.00	2.023134
-10.79513	10.00	2.846466	0.03006139	0.00	0.05246739	2.088266	10.00	2.091154
-10.74014	10.00	2.942448	0.0549929	0.00	0.09598137	2.133009	10.00	2.135886
-10.70398	10.00	3.005567	0.0361647	0.00	0.06311975	2.200688	10.00	2.20355
-10.64927	10.00	3.101046	0.05470463	0.00	0.09547826	2.262569	10.00	2.265416
-10.59925	10.00	3.188344	0.05001776	0.00	0.08729807	2.297993	10.00	2.30083
-10.57062	10.00	3.238317	0.02863221	0.00	0.04997298	2.332496	10.00	2.335325
-10.54273	10.00	3.286991	0.02788818	0.00	0.0486744	2.367167	10.00	2.369988
-10.51598	10.00	3.335903	0.02675821	0.00	0.04891166	2.402362	10.00	2.405173
-10.48881	10.00	3.385553	0.02716209	0.00	0.04964992	2.472852	10.00	2.475646
-10.43441	10.00	3.484995	0.05440241	0.00	0.09944284	2.50843	10.00	2.511216
-10.40695	10.00	3.535187	0.02745819	0.00	0.05019118	2.543213	10.00	2.54599
-10.38011	10.00	3.584256	0.02684455	0.00	0.04906948	2.577697	10.00	2.580466
-10.35349	10.00	3.632904	0.02661392	0.00	0.04864792	2.612517	10.00	2.615277
-10.32662	10.00	3.682025	0.02687294	0.00	0.04912138	2.647415	10.00	2.650167
-10.29969	10.00	3.731257	0.02693321	0.00	0.04923154	2.717798	10.00	2.720533
-10.24537	10.00	3.830549	0.05432013	0.00	0.09929243	2.753952	10.00	2.756678
-10.21747	10.00	3.881552	0.02790206	0.00	0.05100252	2.787454	10.00	2.790173
-10.19161	10.00	3.928815	0.02585657	0.00	0.04726355	2.822289	10.00	2.824999
-10.16473	10.00	3.977958	0.02688453	0.00	0.04914257	2.893528	10.00	2.89622
-10.10975	10.00	4.078457	0.05498013	0.00	0.1004989	2.929282	10.00	2.931965
-10.08215	10.00	4.128896	0.02759379	0.00	0.05043903	2.962765	10.00	2.965441
-10.05631	10.00	4.176132	0.02584151	0.00	0.04723601	2.998179	10.00	3.000846
-10.02898	10.00	4.226092	0.02733187	0.00	0.04996027	3.03314	10.00	3.035799
-10.002	10.00	4.275413	0.02698188	0.00	0.04932051	3.103845	10.00	3.106487
-9.947427	10.00	4.37516	0.05456872	0.00	0.09974683	3.139142	10.00	3.141775
-9.920186	10.00	4.424953	0.0272409	0.00	0.04979397	3.173362	10.00	3.175987
-9.893776	10.00	4.473228	0.02640996	0.00	0.04827508	3.208064	10.00	3.21068
-9.866994	10.00	4.522184	0.02678197	0.00	0.04895509	3.242874	10.00	3.245482
-9.840129	10.00	4.571291	0.02686541	0.00	0.04910761	3.313383	10.00	3.315973
-9.787	10.00	4.67076	0.05312912	0.00	0.09946826	3.349944	10.00	3.352526
-9.75945	10.00	4.722338	0.02754981	0.00	0.05157872	3.383141	10.00	3.385715
-9.734435	10.00	4.769171	0.02501468	0.00	0.04683246	3.418251	10.00	3.420816
-9.707979	10.00	4.818701	0.02645565	0.00	0.04953024	3.453678	10.00	3.456235
-9.681285	10.00	4.868679	0.02669496	0.00	0.04997828	3.524738	10.00	3.527278
-9.62774	10.00	4.968926	0.05354494	0.00	0.1002468	3.559236	10.00	3.561767
-9.601745	10.00	5.017593	0.02599456	0.00	0.04866699	3.593546	10.00	3.59607
-9.575891	10.00	5.065996	0.02585369	0.00	0.04840324	3.629469	10.00	3.631983
-9.548823	10.00	5.116673	0.02706836	0.00	0.05067735	3.663719	10.00	3.666224
-9.523015	10.00	5.164991	0.02580787	0.00	0.04831745	3.734169	10.00	3.736658
-9.46993	10.00	5.264378	0.05308555	0.00	0.0993867	3.769135	10.00	3.771615
-9.443583	10.00	5.313704	0.02634703	0.00	0.04932687	3.80364	10.00	3.806112
-9.417583	10.00	5.362382	0.02600022	0.00	0.04867758	3.838942	10.00	3.841406
-9.390982	10.00	5.412185	0.02660105	0.00	0.04980244	3.874111	10.00	3.876566
-9.364481	10.00	5.461799	0.02650035	0.00	0.04961391	3.946681	10.00	3.949117
-9.309799	10.00	5.564174	0.05468211	0.00	0.1023758	3.980483	10.00	3.982912
-9.284328	10.00	5.61186	0.02547068	0.00	0.04768617	4.014036	10.00	4.016456
-9.259046	10.00	5.659195	0.02528285	0.00	0.04733452	4.049113	10.00	4.051526
-9.232614	10.00	5.70868	0.02643133	0.00	0.04948469	4.120048	10.00	4.122443
-9.179164	10.00	5.80875	0.05345046	0.00	0.1000699	4.155581	10.00	4.157968
-9.152389	10.00	5.858878	0.0267753	0.00	0.05012868	4.189144	10.00	4.191523
-9.127099	10.00	5.906226	0.02528964	0.00	0.04734723	4.224562	10.00	4.226932
-9.10041	10.00	5.956191	0.02668818	0.00	0.04996557	4.259486	10.00	4.261847
-9.074095	10.00	6.005458	0.02631535	0.00	0.04926756	4.331378	10.00	4.333722
-9.019923	10.00	6.10688	0.05417236	0.00	0.1014214	4.366808	10.00	4.369143
-8.993225	10.00	6.156863	0.02669723	0.00	0.04998251	4.437181	10.00	4.439498
-8.940199	10.00	6.256139	0.05302672	0.00	0.09927654	4.491227	10.00	4.493531
-8.899474	10.00	6.332383	0.04072446	0.00	0.07624428	4.541063	10.00	4.543356
-8.861921	10.00	6.40269	0.03755286	0.00	0.07030641	4.577302	10.00	4.579586
-8.834615	10.00	6.453813	0.02730654	0.00	0.05112327	4.61046	10.00	4.612735
-8.80963	10.00	6.500589	0.0249847	0.00	0.04677632	4.651855	10.00	4.654121
-8.778438	10.00	6.558988	0.03119268	0.00	0.0583989	4.716618	10.00	4.718868
-8.729638	10.00	6.650351	0.04879943	0.00	0.09136222	4.751987	10.00	4.754229
-8.702986	10.00	6.700894	0.02665197	0.00	0.05054349	4.786332	10.00	4.788565
-8.677107	10.00	6.750599	0.02587915	0.00	0.0497049	4.820543	10.00	4.822767
-8.651329	10.00	6.800109	0.02577788	0.00	0.0495104	4.855312	10.00	4.857528
-8.62513	10.00	6.850429	0.02619937	0.00	0.05031992	4.890773	10.00	4.89298
-8.59841	10.00	6.901749	0.02671986	0.00	0.0513196	4.960561	10.00	4.962752
-8.545822	10.00	7.002751	0.0525877	0.00	0.1010028	4.995811	10.00	4.997995
-8.51926	10.00	7.053767	0.02656145	0.00	0.05101535	5.031578	10.00	5.033751
-8.492311	10.00	7.105529	0.02695012	0.00	0.05176186	5.066881	10.00	5.069046
-8.465709	10.00	7.156621	0.02660161	0.00	0.0510925	5.100836	10.00	5.102993
-8.440124	10.00	7.205762	0.02558552	0.00	0.04914095	5.13572	10.00	5.137869
-8.413837	10.00	7.256248	0.02628593	0.00	0.05048617	5.170754	10.00	5.172894
-8.387439	10.00	7.306951	0.02639851	0.00	0.05070241	5.206005	10.00	5.208136
-8.360877	10.00	7.357967	0.02656201	0.00	0.05101644	5.242231	10.00	5.244353
-8.33358	10.00	7.410395	0.02729692	0.00	0.05242795	5.31369	10.00	5.315795
-8.279735	10.00	7.513814	0.05384592	0.00	0.1034194	5.347348	10.00	5.349445
-8.254373	10.00	7.562526	0.02536205	0.00	0.04871174	5.418223	10.00	5.420302
-8.200967	10.00	7.665099	0.05340521	0.00	0.1025729	5.452545	10.00	5.454616
-8.174479	10.00	7.714769	0.0264876	0.00	0.04967013	5.524032	10.00	5.526086
-8.116696	10.00	7.818231	0.05778329	0.00	0.1034618	5.556839	10.00	5.558884
-8.090179	10.00	7.86571	0.02651665	0.00	0.04747843	5.629277	10.00	5.631306
-8.031628	10.00	7.970547	0.05855159	0.00	0.1048374	5.66254	10.00	5.664562
-8.004742	10.00	8.018687	0.02688624	0.00	0.04814018	5.733722	10.00	5.735726
-7.947206	10.00	8.121704	0.05753508	0.00	0.1030174	5.769761	10.00	5.771755
-7.918078	10.00	8.17386	0.02912863	0.00	0.05215521	5.839303	10.00	5.841281
-7.861867	10.00	8.274507	0.05621089	0.00	0.1006464	5.873084	10.00	5.875053
-7.833946	10.00	8.320929	0.02792107	0.00	0.04642205	5.94413	10.00	5.946084
-7.775223	10.00	8.415968	0.05872286	0.00	0.09503959	5.97832	10.00	5.980263
-7.746965	10.00	8.461701	0.02825804	0.00	0.04573403	6.049829	10.00	6.051756
-7.687859	10.00	8.557361	0.05910577	0.00	0.09565929	6.0835	10.00	6.085419
-7.660028	10.00	8.602404	0.02783109	0.00	0.04504302	6.122665	10.00	6.124574
-7.627656	10.00	8.654796	0.03237186	0.00	0.052392	6.189986	10.00	6.191878
-7.575701	10.00	8.74485	0.05195536	0.00	0.09005389	6.223627	10.00	6.225511
-7.549737	10.00	8.789853	0.02596377	0.00	0.04500284	6.260398	10.00	6.262272
-7.521359	10.00	8.83904	0.0283778	0.00	0.04918706	6.32945	10.00	6.331307
-7.466805	10.00	8.931413	0.05455396	0.00	0.09237299	6.364529	10.00	6.36638
-7.439093	10.00	8.978337	0.02771266	0.00	0.04692421	6.434688	10.00	6.43652
-7.383665	10.00	9.07219	0.05542829	0.00	0.09385344	6.470139	10.00	6.471963
-7.355658	10.00	9.119613	0.02800687	0.00	0.04742237	6.539743	10.00	6.541551
-7.300668	10.00	9.212724	0.05498994	0.00	0.0931112	6.573598	10.00	6.575397
-7.273922	10.00	9.258011	0.0267458	0.00	0.04528708	6.646114	10.00	6.647896
-7.216632	10.00	9.355017	0.05728964	0.00	0.09700515	6.679751	10.00	6.681525
-7.190058	10.00	9.400013	0.02657438	0.00	0.04499682	6.750995	10.00	6.752751
-7.133773	10.00	9.495317	0.05628482	0.00	0.09530374	6.78919	10.00	6.790936
-7.103597	10.00	9.546412	0.03017607	0.00	0.05109536	6.855124	10.00	6.856853
-7.051509	10.00	9.63461	0.05208818	0.00	0.08819782	6.891412	10.00	6.893133
-7.02284	10.00	9.683154	0.02866943	0.00	0.04854425	6.961586	10.00	6.963292
-6.9674	10.00	9.777027	0.05543956	0.00	0.09387252	6.995691	10.00	6.997388
-6.940454	10.00	9.822652	0.02694511	0.00	0.04562455	7.067585	10.00	7.069263
-6.883658	10.00	9.918821	0.05679613	0.00	0.09616952	7.10371	10.00	7.105381
-6.855117	10.00	9.967149	0.0285419	0.00	0.04832831	7.172746	10.00	7.174398
-6.800578	10.00	10.0595	0.05453913	0.00	0.09234788	7.208444	10.00	7.210089
-6.772376	10.00	10.10725	0.02820202	0.00	0.04775281	7.279105	10.00	7.280733
-6.716551	10.00	10.20177	0.05582452	0.00	0.09452435	7.31117	10.00	7.312789
-6.691219	10.00	10.24467	0.0253317	0.00	0.04289266	7.348029	10.00	7.34964
-6.662098	10.00	10.29398	0.02912143	0.00	0.04930959	7.418063	10.00	7.419657
-6.606771	10.00	10.38766	0.05532686	0.00	0.09368169	7.452649	10.00	7.454237
-6.579445	10.00	10.43393	0.02732592	0.00	0.04626936	7.522653	10.00	7.524221
-6.52414	10.00	10.52757	0.05530491	0.00	0.09364452	7.559294	10.00	7.560853
-6.495193	10.00	10.57659	0.02894644	0.00	0.04901329	7.626255	10.00	7.627798
-6.442292	10.00	10.66616	0.052902	0.00	0.08957581	7.660469	10.00	7.662005
-6.415262	10.00	10.71193	0.02702993	0.00	0.04576818	7.731445	10.00	7.732965
-6.360483	10.00	10.80688	0.05477848	0.00	0.09494719	7.767003	10.00	7.768513
-6.333041	10.00	10.85444	0.02744255	0.00	0.047566	7.836671	10.00	7.838163
-6.279274	10.00	10.94764	0.05376674	0.00	0.09319356	7.871796	10.00	7.873281
-6.252165	10.00	10.99462	0.02710878	0.00	0.04698748	7.941854	10.00	7.943321
-6.198096	10.00	11.08834	0.05406922	0.00	0.09371784	7.977196	10.00	7.978653
-6.17082	10.00	11.13562	0.02727566	0.00	0.04727674	8.047619	10.00	8.049059
-6.11647	10.00	11.22982	0.05435026	0.00	0.09420496	8.084283	10.00	8.085716
-6.087505	10.00	11.28088	0.02896483	0.00	0.05105239	8.152345	10.00	8.153761
-6.032492	10.00	11.38932	0.05501353	0.00	0.1084428	8.186294	10.00	8.187702
-6.00319	10.00	11.44589	0.02930156	0.00	0.05657324	8.257345	10.00	8.258736
-5.944464	10.00	11.56558	0.05872659	0.00	0.1196907	8.292265	10.00	8.293647
-5.9156	10.00	11.62441	0.02886311	0.00	0.05882592	8.362432	10.00	8.363797
-5.858886	10.00	11.74773	0.05671398	0.00	0.1233233	8.397779	10.00	8.399135
-5.830316	10.00	11.80986	0.02857091	0.00	0.06212681	8.467813	10.00	8.469152
-5.77371	10.00	11.93295	0.05660596	0.00	0.1230884	8.501807	10.00	8.50314
-5.746231	10.00	11.9927	0.02747915	0.00	0.05975279	8.572747	10.00	8.574059
-5.688894	10.00	12.11738	0.05733663	0.00	0.1246772	8.607277	10.00	8.608584
-5.660981	10.00	12.17807	0.02791306	0.00	0.06069633	8.678441	10.00	8.679729
-5.60606	10.00	12.30315	0.05492103	0.00	0.1250744	8.711922	10.00	8.713202
-5.580221	10.00	12.36199	0.02583861	0.00	0.05884357	8.783806	10.00	8.785071
-5.523428	10.00	12.48834	0.05679316	0.00	0.1263492	8.818827	10.00	8.820083
-5.495761	10.00	12.54989	0.02766699	0.00	0.06155145	8.889435	10.00	8.890673
-5.442558	10.00	12.67399	0.05320266	0.00	0.1240966	8.926786	10.00	8.928014
-5.414413	10.00	12.741	0.02814555	0.00	0.06701402	8.994913	10.00	8.996122
-5.36308	10.00	12.86447	0.05133342	0.00	0.1234676	9.038566	10.00	9.039767
-5.332576	10.00	12.94359	0.03050306	0.00	0.0791167	9.098996	10.00	9.100182
-5.291455	10.00	13.05531	0.04112168	0.00	0.1117263	9.134637	10.00	9.135815
-5.2672	10.00	13.12186	0.02425405	0.00	0.06654817	9.204538	10.00	9.2057
-5.218357	10.00	13.25238	0.04884414	0.00	0.1305169	9.239589	10.00	9.24074
-5.194504	10.00	13.31846	0.02385247	0.00	0.06608621	9.308961	10.00	9.310095
-5.153629	10.00	13.44926	0.04087455	0.00	0.1307922	9.344128	10.00	9.345256
-5.134192	10.00	13.51556	0.01943704	0.00	0.06630421	9.414122	10.00	9.41523
-5.098064	10.00	13.64752	0.03612851	0.00	0.1319601	9.449301	10.00	9.450401
-5.079904	10.00	13.71385	0.01816037	0.00	0.0663311	9.519514	10.00	9.520597
-5.043661	10.00	13.84623	0.03624245	0.00	0.1323763	9.555472	10.00	9.556547
-5.0251	10.00	13.91402	0.01856111	0.00	0.06779481	9.624798	10.00	9.625858
-4.989313	10.00	14.04474	0.03578706	0.00	0.130713	9.659384	10.00	9.660435
-4.971461	10.00	14.10994	0.01785226	0.00	0.06520572	9.731097	10.00	9.732129
-4.934443	10.00	14.24515	0.03701719	0.00	0.135206	9.765897	10.00	9.76692
-4.91648	10.00	14.31076	0.0179631	0.00	0.06561057	9.835453	10.00	9.836459
-4.880576	10.00	14.4419	0.03590411	0.00	0.1311405	9.881228	10.00	9.882224
-4.856947	10.00	14.5282	0.02362886	0.00	0.0863049	9.939401	10.00	9.940382
-4.82692	10.00	14.63788	0.03002712	0.00	0.1096747	9.974771	10.00	9.975745
-4.808663	10.00	14.70456	0.01825726	0.00	0.066685	10.04598	10.00	10.04694
-4.771904	10.00	14.83883	0.03675868	0.00	0.1342618	10.08975	10.00	10.0907
-4.74931	10.00	14.92135	0.02259408	0.00	0.08252531	10.15016	10.00	10.15109
-4.718128	10.00	15.03524	0.03118244	0.00	0.1138945	10.18552	10.00	10.18644
-4.699875	10.00	15.10191	0.01825222	0.00	0.0666666	10.2557	10.00	10.2566
-4.658525	10.00	15.23423	0.04135057	0.00	0.1323154	10.28994	10.00	10.29084
-4.63835	10.00	15.29879	0.0201756	0.00	0.0645588	10.36008	10.00	10.36096
-4.597023	10.00	15.43102	0.04132623	0.00	0.1322375	10.39573	10.00	10.3966
-4.576016	10.00	15.49824	0.02100685	0.00	0.06721867	10.43039	10.00	10.43125
-4.555597	10.00	15.56358	0.02041936	0.00	0.06533878	10.46457	10.00	10.46542
-4.535455	10.00	15.62803	0.02014154	0.00	0.0644498	10.49987	10.00	10.50072
-4.514655	10.00	15.69459	0.0208007	0.00	0.06655901	10.57065	10.00	10.57148
-4.47166	10.00	15.82803	0.04299436	0.00	0.1334408	10.60566	10.00	10.60649
-4.450389	10.00	15.89405	0.02127095	0.00	0.06601826	10.64089	10.00	10.6417
-4.428994	10.00	15.96045	0.02139547	0.00	0.06640472	10.67476	10.00	10.67556
-4.408418	10.00	16.02431	0.02057632	0.00	0.06386234	10.71007	10.00	10.71087
-4.386965	10.00	16.0909	0.02145248	0.00	0.06658166	10.78125	10.00	10.78203
-4.341126	10.00	16.2251	0.04583915	0.00	0.1342038	10.81647	10.00	10.81724
-4.318448	10.00	16.2915	0.02267806	0.00	0.06639481	10.85113	10.00	10.85189
-4.296128	10.00	16.35684	0.02231978	0.00	0.06534586	10.88551	10.00	10.88626
-4.274614	10.00	16.42167	0.02151369	0.00	0.06482352	10.92047	10.00	10.92122
-4.252738	10.00	16.48758	0.02187684	0.00	0.06591775	10.99139	10.00	10.99211
-4.208364	10.00	16.62128	0.04437336	0.00	0.1337027	11.02625	10.00	11.02697
-4.186547	10.00	16.68702	0.02181718	0.00	0.06573798	11.06046	10.00	11.06117
-4.165146	10.00	16.75151	0.02140093	0.00	0.06448378	11.09572	10.00	11.09642
-4.143083	10.00	16.81799	0.02206289	0.00	0.06647833	11.13072	10.00	11.13142
-4.12118	10.00	16.88398	0.02190362	0.00	0.06599844	11.20363	10.00	11.2043
-4.075559	10.00	17.02144	0.04562069	0.00	0.137461	11.24423	10.00	11.2449
-4.050151	10.00	17.098	0.02540741	0.00	0.07655582	11.30834	10.00	11.30899
-4.01004	10.00	17.21886	0.04011178	0.00	0.120862	11.3444	10.00	11.34505
-3.988131	10.00	17.28686	0.02190903	0.00	0.06799866	11.41321	10.00	11.41383
-3.946336	10.00	17.41658	0.04179437	0.00	0.1297164	11.44662	10.00	11.44724
-3.926038	10.00	17.47958	0.0202981	0.00	0.06299884	11.48337	10.00	11.48398
-3.903716	10.00	17.54886	0.02232271	0.00	0.06928258	11.5524	10.00	11.55299
-3.861783	10.00	17.67901	0.04193302	0.00	0.1301467	11.58721	10.00	11.58779
-3.840634	10.00	17.74464	0.02114826	0.00	0.06563747	11.65765	10.00	11.65821
-3.797846	10.00	17.87745	0.0427882	0.00	0.1328009	11.69153	10.00	11.69209
-3.777264	10.00	17.94132	0.02058179	0.00	0.06387933	11.76382	10.00	11.76436
-3.733346	10.00	18.07763	0.04391795	0.00	0.1363073	11.79868	10.00	11.79921
-3.712175	10.00	18.14334	0.02117107	0.00	0.06570825	11.86799	10.00	11.8685
-3.67007	10.00	18.27402	0.04210497	0.00	0.1306804	11.9024	10.00	11.90291
-3.649164	10.00	18.33891	0.02090608	0.00	0.0648858	11.97423	10.00	11.97472
-3.605534	10.00	18.47432	0.04363061	0.00	0.1354155	12.0087	10.00	12.00918
-3.584592	10.00	18.53932	0.02094165	0.00	0.06499621	12.04358	10.00	12.04405
-3.563407	10.00	18.60507	0.02118521	0.00	0.06575213	12.11328	10.00	12.11373
-3.521064	10.00	18.73649	0.04234259	0.00	0.1314179	12.14722	10.00	12.14766
-3.500449	10.00	18.80047	0.02061463	0.00	0.06398125	12.2185	10.00	12.21893
-3.457148	10.00	18.93486	0.04330176	0.00	0.1343949	12.25415	10.00	12.25457
-3.435488	10.00	19.00209	0.02165955	0.00	0.06722433	12.32361	10.00	12.32401
-3.393296	10.00	19.13304	0.04219163	0.00	0.1309494	12.35999	10.00	12.36038
-3.371197	10.00	19.20163	0.02209922	0.00	0.06858895	12.42957	10.00	12.42995
-3.328926	10.00	19.33282	0.04227098	0.00	0.1311957	12.47135	10.00	12.47172
-3.303549	10.00	19.41158	0.02537719	0.00	0.0787627	12.53466	10.00	12.53501
-3.265088	10.00	19.53096	0.03846122	0.00	0.1193714	12.57797	10.00	12.57831
-3.238781	10.00	19.6126	0.02630671	0.00	0.08164765	12.64087	10.00	12.64119
-3.20057	10.00	19.7312	0.03821082	0.00	0.1185942	12.67503	10.00	12.67535
-3.179817	10.00	19.79561	0.02075328	0.00	0.06441158	12.745	10.00	12.7453
-3.137312	10.00	19.92753	0.04250496	0.00	0.1319219	12.78324	10.00	12.78353
-3.114084	10.00	19.99962	0.02322852	0.00	0.07209392	12.85067	10.00	12.85095
-3.073123	10.00	20.12675	0.04096108	0.00	0.1271301	12.88807	10.00	12.88833
-3.050404	10.00	20.19727	0.0227186	0.00	0.0705113	12.95471	10.00	12.95496
-3.009921	10.00	20.32291	0.04048263	0.00	0.1256452	12.98993	10.00	12.99017
-2.988525	10.00	20.38932	0.02139638	0.00	0.06640755	13.05979	10.00	13.06002
-2.949912	10.00	20.52104	0.03861264	0.00	0.1317166	13.09503	10.00	13.09524
-2.930439	10.00	20.58746	0.01947314	0.00	0.06642736	13.16595	10.00	13.16615
-2.891241	10.00	20.72118	0.03919775	0.00	0.1337126	13.19872	10.00	13.19891
-2.873127	10.00	20.78297	0.01811409	0.00	0.06179135	13.23666	10.00	13.23684
-2.852157	10.00	20.8545	0.02096996	0.00	0.07153335	13.30572	10.00	13.30588
-2.813988	10.00	20.9847	0.03816903	0.00	0.1302034	13.34024	10.00	13.34039
-2.79491	10.00	21.04978	0.01907808	0.00	0.06507973	13.37845	10.00	13.3786
-2.773704	10.00	21.12212	0.02120649	0.00	0.07234023	13.4461	10.00	13.44623
-2.735797	10.00	21.25143	0.03790634	0.00	0.1293073	13.4802	10.00	13.48033
-2.716349	10.00	21.31777	0.01944824	0.00	0.06634243	13.51759	10.00	13.5177
-2.694832	10.00	21.39117	0.02151689	0.00	0.07339908	13.57765	10.00	13.57775
-2.659572	10.00	21.51145	0.03526005	0.00	0.1202802	13.60911	10.00	13.60921
-2.640395	10.00	21.57687	0.01917685	0.00	0.06541664	13.6437	10.00	13.64379
-2.6187	10.00	21.65088	0.02169575	0.00	0.07400919	13.70127	10.00	13.70135
-2.581363	10.00	21.77824	0.03733658	0.00	0.1273637	13.7278	10.00	13.72788
-2.563095	10.00	21.84056	0.01826764	0.00	0.06231511	13.75922	10.00	13.75929
-2.540781	10.00	21.91668	0.02231448	0.00	0.07611982	13.80848	10.00	13.80853
-2.5044	10.00	22.04078	0.03638048	0.00	0.1241022	13.83303	10.00	13.83308
-2.485	10.00	22.10696	0.0194001	0.00	0.06617822	13.88042	10.00	13.88046
-2.446107	10.00	22.23963	0.03889316	0.00	0.1326735	13.90198	10.00	13.90202
-2.426909	10.00	22.30512	0.01919801	0.00	0.06548884	13.94372	10.00	13.94375
-2.38813	10.00	22.4374	0.03877904	0.00	0.1322843	13.96325	10.00	13.96327
-2.368214	10.00	22.50534	0.01991592	0.00	0.06793778	13.99895	10.00	13.99897
-2.329861	10.00	22.63617	0.03835286	0.00	0.1308305	14.01545	10.00	14.01546
-2.310109	10.00	22.70355	0.01975242	0.00	0.06738005	14.04602	10.00	14.04602
-2.269891	10.00	22.83636	0.04021812	0.00	0.1328066	14.05872	10.00	14.05873
-2.250755	10.00	22.89955	0.01913595	0.00	0.06318994	14.07214	10.00	14.07214
-2.22972	10.00	22.9713	0.02103469	0.00	0.07175418	14.09414	10.00	14.09414
-2.191957	10.00	23.10012	0.03776318	0.00	0.1288189	14.10314	10.00	14.10314
-2.17328	10.00	23.16383	0.0186768	0.00	0.06371087	14.11242	10.00	14.11242
-2.15166	10.00	23.23759	0.02162022	0.00	0.07375156	14.12504	10.00	14.12504
-2.114665	10.00	23.36378	0.03699506	0.00	0.1261987	14.12954	10.00	14.12954
-2.095971	10.00	23.42755	0.01869381	0.00	0.06376891	14.13752	10.00	14.13752
-2.056926	10.00	23.56074	0.03904504	0.00	0.1331916	14.13984	10.00	14.13984
-2.037592	10.00	23.6267	0.01933371	0.00	0.06595173	14.14001	10.00	14.14001
-1.998811	10.00	23.75899	0.03878112	0.00	0.1322913	14.14001	10.00	14.14001
-1.979843	10.00	23.82369	0.01896853	0.00	0.06470602	14.14001	10.00	14.14001
-1.940553	10.00	23.95772	0.03928946	0.00	0.1340254	14.14001	10.00	14.14001
-1.921707	10.00	24.02201	0.01884653	0.00	0.06428985	14.14001	10.00	14.14001
-1.882443	10.00	24.15594	0.03926373	0.00	0.1339376	14.14001	10.00	14.14001
-1.861825	10.00	24.22628	0.02061806	0.00	0.07033294	14.14001	10.00	14.14001
-1.822745	10.00	24.35959	0.03907948	0.00	0.1333091	14.14001	10.00	14.14001
-1.793366	10.00	24.45981	0.02937985	0.00	0.1002214	14.14001	10.00	14.14001
-1.766479	10.00	24.55153	0.02688709	0.00	0.09171806	14.14001	10.00	14.14001
-1.741318	10.00	24.63736	0.02516079	0.00	0.08582926	14.14001	10.00	14.14001
-1.707497	10.00	24.75273	0.0338205	0.00	0.1153695	14.14001	10.00	14.14001
-1.688847	10.00	24.81635	0.01865066	0.00	0.06362169	14.14001	10.00	14.14001
-1.666127	10.00	24.89385	0.02271949	0.00	0.07750142	14.14001	10.00	14.14001
-1.630528	10.00	25.01528	0.03559867	0.00	0.1214353	14.14001	10.00	14.14001
-1.606139	10.00	25.09848	0.02438977	0.00	0.08319912	14.14001	10.00	14.14001
-1.57165	10.00	25.21613	0.03448903	0.00	0.11765	14.14001	10.00	14.14001
-1.553611	10.00	25.27767	0.01803815	0.00	0.0615323	14.14001	10.00	14.14001
-1.533883	10.00	25.34496	0.01972835	0.00	0.06729794	14.14001	10.00	14.14001
-1.494186	10.00	25.48038	0.03969697	0.00	0.1354155	14.14001	10.00	14.14001
-1.474325	10.00	25.54813	0.01986073	0.00	0.06774952	14.14001	10.00	14.14001
-1.435958	10.00	25.67901	0.03836697	0.00	0.1308786	14.14001	10.00	14.14001
-1.416182	10.00	25.74647	0.01977607	0.00	0.06746074	14.14001	10.00	14.14001
-1.378224	10.00	25.87595	0.03795781	0.00	0.1294828	14.14001	10.00	14.14001
-1.359563	10.00	25.93961	0.01866103	0.00	0.06365708	14.14001	10.00	14.14001
-1.320133	10.00	26.07411	0.03943014	0.00	0.1345053	14.14001	10.00	14.14001
-1.301899	10.00	26.13631	0.01823402	0.00	0.06220045	14.14001	10.00	14.14001
-1.282257	10.00	26.20332	0.01964203	0.00	0.0670035	14.14001	10.00	14.14001
-1.242551	10.00	26.33877	0.03970651	0.00	0.1354481	14.14001	10.00	14.14001
-1.223126	10.00	26.40503	0.019425	0.00	0.06626315	14.14001	10.00	14.14001
-1.204839	10.00	26.46741	0.01828714	0.00	0.06238164	14.14001	10.00	14.14001
-1.165226	10.00	26.60254	0.03961273	0.00	0.1351281	14.14001	10.00	14.14001
-1.146854	10.00	26.66521	0.01837179	0.00	0.06267042	14.14001	10.00	14.14001
-1.106806	10.00	26.80182	0.04004845	0.00	0.1366145	14.14001	10.00	14.14001
21.34776
