0.1084442	10.00	-49.87081	0.1084442	0.00	0.1291891	40	10.00	0
0.2793659	10.00	-49.67373	0.1709217	0.00	0.197079	39.98918	10.00	0.001726727
0.3124759	10.00	-49.63492	0.03310998	0.00	0.03881041	39.97163	10.00	0.003831688
0.3573791	10.00	-49.58315	0.04490329	0.00	0.05177515	39.95772	10.00	0.004979723
0.386511	10.00	-49.54956	0.02913183	0.00	0.03359006	39.93951	10.00	0.006186753
0.4206026	10.00	-49.51025	0.03409162	0.00	0.03930889	39.91909	10.00	0.007283059
0.4545989	10.00	-49.47105	0.03399632	0.00	0.03919901	39.89599	10.00	0.008292562
0.4892301	10.00	-49.43112	0.03463117	0.00	0.03993101	39.87232	10.00	0.009116766
0.5214466	10.00	-49.39397	0.03221647	0.00	0.03714678	39.8466	10.00	0.00988901
0.5537261	10.00	-49.35675	0.03227952	0.00	0.03721948	39.81762	10.00	0.01061666
0.5874172	10.00	-49.31791	0.03369108	0.00	0.03884706	39.78677	10.00	0.01125491
0.6207486	10.00	-49.27947	0.03333139	0.00	0.03843231	39.75404	10.00	0.01180697
0.6537855	10.00	-49.24138	0.0330369	0.00	0.03809275	39.7187	10.00	0.01228518
0.687278	10.00	-49.20276	0.03349261	0.00	0.03861821	39.68128	10.00	0.01267914
0.7206782	10.00	-49.16425	0.03340017	0.00	0.03851163	39.6417	10.00	0.01298956
0.7540655	10.00	-49.12575	0.03338728	0.00	0.03849676	39.59977	10.00	0.01321697
0.7875983	10.00	-49.08709	0.03353273	0.00	0.03866447	39.55579	10.00	0.01335822
0.8210127	10.00	-49.04856	0.03341451	0.00	0.03852815	39.50933	10.00	0.01341401
0.8533673	10.00	-49.00526	0.03235454	0.00	0.04329491	39.46128	10.00	0.01338177
0.8815043	10.00	-48.9498	0.028137	0.00	0.05546372	39.41166	10.00	0.01329292
0.9085823	10.00	-48.88877	0.02707807	0.00	0.06102573	39.36184	10.00	0.01320288
0.9319202	10.00	-48.82298	0.02333786	0.00	0.06579958	39.31226	10.00	0.01311323
0.9493796	10.00	-48.75687	0.0174594	0.00	0.06610886	39.26294	10.00	0.0130241
0.9591056	10.00	-48.69111	0.009725979	0.00	0.0657578	39.21213	10.00	0.01293235
0.9651893	10.00	-48.62337	0.006083739	0.00	0.06774102	39.1623	10.00	0.01284237
0.9651893	10.00	-48.56723	0	0.00	0.05614201	39.11301	10.00	0.01275321
0.9651893	10.00	-48.51741	0	0.00	0.04981285	39.0632	10.00	0.01266323
0.9651893	10.00	-48.51595	0	0.00	0.001463175	39.01354	10.00	0.01257352
0.9651893	10.00	-48.51595	0	0.00	0	38.96394	10.00	0.0125471
0.9651893	10.00	-48.51595	0	0.00	0	38.91431	10.00	0.01252072
0.9651893	10.00	-48.51595	0	0.00	0	38.86449	10.00	0.01249421
0.9651893	10.00	-48.51595	0	0.00	0	38.81541	10.00	0.01246813
0.9651893	10.00	-48.51595	0	0.00	0	38.76592	10.00	0.01244187
0.9651893	10.00	-48.51595	0	0.00	0	38.7161	10.00	0.01241536
0.9651893	10.00	-48.51595	0	0.00	0	38.6656	10.00	0.01238858
0.9651893	10.00	-48.51595	0	0.00	0	38.6171	10.00	0.01236273
0.9651893	10.00	-48.51595	0	0.00	0	38.56737	10.00	0.01233625
0.9651893	10.00	-48.51595	0	0.00	0	38.51644	10.00	0.01230919
0.9651893	10.00	-48.51595	0	0.00	0	38.46869	10.00	0.01228379
0.9651893	10.00	-48.51595	0	0.00	0	38.41798	10.00	0.01225687
0.9651893	10.00	-48.51595	0	0.00	0	38.32799	10.00	0.01220907
0.9651893	10.00	-48.51595	0	0.00	0	38.27011	10.00	0.01217833
0.9651893	10.00	-48.51595	0	0.00	0	38.22059	10.00	0.01215191
0.9651893	10.00	-48.51595	0	0.00	0	38.17103	10.00	0.01212557
0.9651893	10.00	-48.51595	0	0.00	0	38.12126	10.00	0.01209914
0.9651893	10.00	-48.51595	0	0.00	0.0008192874	38.07204	10.00	0.01207301
0.9651893	10.00	-48.5037	0	0.00	0.01224936	38.02245	10.00	0.01204666
0.9651893	10.00	-48.45678	0	0.00	0.04691818	37.97234	10.00	0.01201994
0.9651893	10.00	-48.3945	0	0.00	0.06228385	37.92331	10.00	0.01199387
0.9651893	10.00	-48.33103	0	0.00	0.06347239	37.8737	10.00	0.01196752
0.9651893	10.00	-48.26488	0	0.00	0.06614425	37.82316	10.00	0.01194073
0.9651893	10.00	-48.1975	0	0.00	0.06738288	37.77459	10.00	0.01191485
0.9716328	10.00	-48.13274	0.006443485	0.00	0.06476406	37.72501	10.00	0.01188851
0.9788507	10.00	-48.06662	0.007217869	0.00	0.06611311	37.67476	10.00	0.01186182
0.9829211	10.00	-47.99963	0.004070366	0.00	0.06699076	37.626	10.00	0.01183596
0.9843532	10.00	-47.93462	0.00143221	0.00	0.06501603	37.57638	10.00	0.01180953
0.9851701	10.00	-47.86845	0.0008167883	0.00	0.06615982	37.52674	10.00	0.01178316
0.9866278	10.00	-47.80228	0.001457749	0.00	0.06617539	37.47718	10.00	0.01175682
0.9887235	10.00	-47.73619	0.00209569	0.00	0.06608621	37.42747	10.00	0.01173034
0.9901835	10.00	-47.66991	0.001460026	0.00	0.06627873	37.3764	10.00	0.01170324
0.9923429	10.00	-47.60182	0.002159434	0.00	0.06809633	37.32742	10.00	0.01167712
0.9931493	10.00	-47.53651	0.0008063025	0.00	0.06531047	37.27824	10.00	0.01165108
0.9933238	10.00	-47.47095	0.0001745684	0.00	0.0655582	37.17174	10.00	0.01159445
0.993702	10.00	-47.32894	0.0003781461	0.00	0.1420107	37.07285	10.00	0.01154186
0.9940531	10.00	-47.19709	0.0003510781	0.00	0.1318454	36.98115	10.00	0.01149312
0.9940531	10.00	-47.07481	0	0.00	0.122279	36.93122	10.00	0.01146656
0.9940531	10.00	-47.00824	0	0.00	0.06657317	36.88175	10.00	0.01144025
0.9940531	10.00	-46.94228	0	0.00	0.06595881	36.83098	10.00	0.01141331
0.9940531	10.00	-46.8746	0	0.00	0.06768864	36.78223	10.00	0.01138746
0.9940531	10.00	-46.80959	0	0.00	0.06500612	36.73246	10.00	0.01136095
0.9940531	10.00	-46.74324	0	0.00	0.06635092	36.68251	10.00	0.01133437
0.9940531	10.00	-46.67664	0	0.00	0.06660006	36.63419	10.00	0.01130864
0.9940531	10.00	-46.61221	0	0.00	0.06442291	36.58475	10.00	0.01128234
0.9940531	10.00	-46.54629	0	0.00	0.065922	36.53445	10.00	0.01125563
0.9940531	10.00	-46.47921	0	0.00	0.06707712	36.48561	10.00	0.0112296
0.9940531	10.00	-46.4141	0	0.00	0.06511654	36.43592	10.00	0.01120322
0.9940531	10.00	-46.34783	0	0.00	0.06626599	36.38654	10.00	0.011177
0.9940531	10.00	-46.282	0	0.00	0.06583141	36.33694	10.00	0.01115065
0.9940531	10.00	-46.21587	0	0.00	0.06613717	36.28718	10.00	0.01112416
0.9940531	10.00	-46.14952	0	0.00	0.06634668	36.23609	10.00	0.01109703
0.9940531	10.00	-46.08141	0	0.00	0.06811331	36.18775	10.00	0.01107125
0.9940531	10.00	-46.01695	0	0.00	0.06445263	36.13876	10.00	0.01104527
0.9940531	10.00	-45.95163	0	0.00	0.06532038	36.08921	10.00	0.01101892
0.9940531	10.00	-45.88557	0	0.00	0.06606073	36.03895	10.00	0.01099215
0.9940531	10.00	-45.81855	0	0.00	0.06702332	35.99	10.00	0.01096614
0.9940531	10.00	-45.75329	0	0.00	0.06525809	35.94019	10.00	0.01093971
0.9940531	10.00	-45.68687	0	0.00	0.06641746	35.89072	10.00	0.0109134
0.9940531	10.00	-45.62091	0	0.00	0.06596164	35.84024	10.00	0.01088664
0.9940531	10.00	-45.5536	0	0.00	0.06731493	35.79062	10.00	0.01086019
0.9940531	10.00	-45.48743	0	0.00	0.06616124	35.74131	10.00	0.01083397
0.9940531	10.00	-45.42171	0	0.00	0.06572807	35.69242	10.00	0.01080807
0.9940531	10.00	-45.35651	0	0.00	0.06519581	35.64304	10.00	0.01078179
0.9940531	10.00	-45.29068	0	0.00	0.06583424	35.59357	10.00	0.01075548
0.9940531	10.00	-45.2247	0	0.00	0.06597013	35.5437	10.00	0.01072894
0.9940531	10.00	-45.15822	0	0.00	0.0664854	35.49421	10.00	0.01070269
0.9940531	10.00	-45.09223	0	0.00	0.06598995	35.44484	10.00	0.0106764
0.9940531	10.00	-45.0264	0	0.00	0.06582716	35.39454	10.00	0.01064971
0.9940531	10.00	-44.95933	0	0.00	0.06707287	35.34537	10.00	0.01062351
0.9940531	10.00	-44.89377	0	0.00	0.06555679	35.29606	10.00	0.01059728
0.9940531	10.00	-44.82804	0	0.00	0.06573798	35.24596	10.00	0.01057066
0.9940531	10.00	-44.76123	0	0.00	0.06680533	35.19649	10.00	0.0105444
0.9940531	10.00	-44.69527	0	0.00	0.06596305	35.14669	10.00	0.0105179
0.9940531	10.00	-44.62887	0	0.00	0.06639764	35.09699	10.00	0.0104915
0.9940531	10.00	-44.5626	0	0.00	0.06627023	35.04818	10.00	0.01046548
0.9940531	10.00	-44.49752	0	0.00	0.06507832	34.99854	10.00	0.01043919
0.9940531	10.00	-44.43133	0	0.00	0.06619238	34.94767	10.00	0.01041216
0.9940531	10.00	-44.36352	0	0.00	0.06781038	34.89946	10.00	0.01038654
0.9940531	10.00	-44.29924	0	0.00	0.06427994	34.84976	10.00	0.01036008
0.9940531	10.00	-44.23296	0	0.00	0.06627306	34.80042	10.00	0.010334
0.9940531	10.00	-44.16719	0	0.00	0.06577903	34.75094	10.00	0.01030759
0.9940531	10.00	-44.10121	0	0.00	0.06597721	34.70118	10.00	0.0102811
0.9940531	10.00	-44.03486	0	0.00	0.06634526	34.65143	10.00	0.01025467
0.9940531	10.00	-43.96852	0	0.00	0.06633677	34.60228	10.00	0.01022849
0.9940531	10.00	-43.90299	0	0.00	0.06553555	34.55247	10.00	0.01021709
0.9940531	10.00	-43.83658	0	0.00	0.06641321	34.50293	10.00	0.01020562
0.9940531	10.00	-43.77052	0	0.00	0.06605507	34.45353	10.00	0.01019418
0.9940531	10.00	-43.70465	0	0.00	0.0658668	34.40287	10.00	0.01018249
0.9940531	10.00	-43.6371	0	0.00	0.06755275	34.354	10.00	0.01017114
0.9940531	10.00	-43.57195	0	0.00	0.06515335	34.30472	10.00	0.0101598
0.9940531	10.00	-43.50624	0	0.00	0.06570542	34.25459	10.00	0.01014821
0.9940531	10.00	-43.4394	0	0.00	0.06683929	34.20559	10.00	0.01013687
0.9940531	10.00	-43.37407	0	0.00	0.06534161	34.15602	10.00	0.01012543
0.9940531	10.00	-43.30799	0	0.00	0.06607772	34.10489	10.00	0.01011358
0.9940531	10.00	-43.2398	0	0.00	0.06818126	34.05682	10.00	0.01010255
0.9940531	10.00	-43.17571	0	0.00	0.06409308	34.00739	10.00	0.01009103
0.9940531	10.00	-43.1098	0	0.00	0.06590784	33.95618	10.00	0.01007911
0.9940531	10.00	-43.04152	0	0.00	0.0682846	33.90848	10.00	0.01006816
0.9940531	10.00	-42.97793	0	0.00	0.06359196	33.85849	10.00	0.01005657
0.9940531	10.00	-42.91127	0	0.00	0.06666093	33.8089	10.00	0.0100452
0.9940531	10.00	-42.84515	0	0.00	0.06611452	33.75938	10.00	0.01003375
0.9940531	10.00	-42.77913	0	0.00	0.06602675	33.70993	10.00	0.01002228
0.9940531	10.00	-42.71319	0	0.00	0.06593616	33.65513	10.00	0.01000959
0.9940531	10.00	-42.64013	0	0.00	0.07306359	33.61003	10.00	0.009999155
0.9940531	10.00	-42.58	0	0.00	0.0601238	33.56017	10.00	0.009987691
0.9940531	10.00	-42.51351	0	0.00	0.06649248	33.51102	10.00	0.009976337
0.9940531	10.00	-42.44798	0	0.00	0.06552564	33.46136	10.00	0.009964892
0.9940531	10.00	-42.38177	0	0.00	0.06621785	33.41037	10.00	0.00995306
0.9940531	10.00	-42.31379	0	0.00	0.06798025	33.3623	10.00	0.00994187
0.9940531	10.00	-42.24969	0	0.00	0.06409591	33.31247	10.00	0.009930333
0.9940531	10.00	-42.18324	0	0.00	0.06645001	33.26289	10.00	0.009918942
0.9940531	10.00	-42.11714	0	0.00	0.06609612	33.21336	10.00	0.009907495
0.9940531	10.00	-42.0511	0	0.00	0.06604657	33.16389	10.00	0.00989605
0.9940531	10.00	-41.98515	0	0.00	0.06594748	33.11453	10.00	0.009884604
0.9940531	10.00	-41.91932	0	0.00	0.06582858	33.06473	10.00	0.009873122
0.9940531	10.00	-41.85293	0	0.00	0.06639056	33.01509	10.00	0.009861676
0.9940531	10.00	-41.78674	0	0.00	0.0661853	32.96567	10.00	0.009850211
0.9940531	10.00	-41.72084	0	0.00	0.06590077	32.91617	10.00	0.009838765
0.9940531	10.00	-41.65484	0	0.00	0.06600127	32.86697	10.00	0.009827429
0.9940531	10.00	-41.58925	0	0.00	0.065595	32.81609	10.00	0.009815672
0.9940531	10.00	-41.5214	0	0.00	0.06784294	32.76806	10.00	0.009804483
0.9940531	10.00	-41.45736	0	0.00	0.06404353	32.7183	10.00	0.009793018
0.9940531	10.00	-41.39102	0	0.00	0.0663396	32.66864	10.00	0.009781553
0.9940531	10.00	-41.32481	0	0.00	0.06621644	32.6189	10.00	0.009770163
0.9940531	10.00	-41.25848	0	0.00	0.06632544	32.56928	10.00	0.009758625
0.9940531	10.00	-41.19233	0	0.00	0.06615416	32.51969	10.00	0.009747107
0.9940531	10.00	-41.1262	0	0.00	0.06612585	32.47052	10.00	0.00973577
0.9940531	10.00	-41.06064	0	0.00	0.06555679	32.42094	10.00	0.009724379
0.9940531	10.00	-40.99454	0	0.00	0.06610037	32.37094	10.00	0.009712805
0.9940531	10.00	-40.92788	0	0.00	0.06665952	32.32166	10.00	0.009701395
0.9940531	10.00	-40.86216	0	0.00	0.06571957	32.27234	10.00	0.009689967
0.9940531	10.00	-40.7964	0	0.00	0.06576063	32.2225	10.00	0.00967843
0.9940531	10.00	-40.72995	0	0.00	0.06645285	32.17328	10.00	0.009667167
0.9940531	10.00	-40.66433	0	0.00	0.06562614	32.12328	10.00	0.009655574
0.9940531	10.00	-40.59766	0	0.00	0.06665952	32.07372	10.00	0.009644129
0.9940531	10.00	-40.53157	0	0.00	0.06608904	32.02386	10.00	0.009632573
0.9940531	10.00	-40.4651	0	0.00	0.06647974	31.97314	10.00	0.009620889
0.9940531	10.00	-40.39747	0	0.00	0.06762353	31.925	10.00	0.009609791
0.9940531	10.00	-40.33329	0	0.00	0.06418651	31.87553	10.00	0.009598327
0.9940531	10.00	-40.26733	0	0.00	0.06595597	31.82553	10.00	0.009586752
0.9940531	10.00	-40.20066	0	0.00	0.0666666	31.77651	10.00	0.009575416
0.9940531	10.00	-40.1353	0	0.00	0.06536568	31.72712	10.00	0.009563952
0.9940531	10.00	-40.06944	0	0.00	0.06585406	31.67669	10.00	0.009552286
0.9940531	10.00	-40.0022	0	0.00	0.06723849	31.62797	10.00	0.009541096
0.9940531	10.00	-39.93724	0	0.00	0.06496224	31.57828	10.00	0.009529559
0.9940531	10.00	-39.87099	0	0.00	0.066249	31.52885	10.00	0.009518113
0.9940531	10.00	-39.80508	0	0.00	0.06590926	31.47914	10.00	0.009506723
0.9940531	10.00	-39.73881	0	0.00	0.06627448	31.42969	10.00	0.009495276
0.9940531	10.00	-39.67287	0	0.00	0.06593899	31.37992	10.00	0.009483739
0.9940531	10.00	-39.60651	0	0.00	0.06635517	31.33054	10.00	0.009472274
0.9940531	10.00	-39.54068	0	0.00	0.06584132	31.28086	10.00	0.009460755
0.9940531	10.00	-39.47443	0	0.00	0.06624192	31.23148	10.00	0.009449382
0.9940531	10.00	-39.40859	0	0.00	0.06584273	31.18189	10.00	0.009437918
0.9940531	10.00	-39.34248	0	0.00	0.06611169	31.13224	10.00	0.009426473
0.9940531	10.00	-39.27628	0	0.00	0.0662037	31.08209	10.00	0.00941488
0.9940531	10.00	-39.20939	0	0.00	0.06688035	31.03302	10.00	0.009403544
0.9940531	10.00	-39.14398	0	0.00	0.06541523	30.98335	10.00	0.009392098
0.9940531	10.00	-39.07774	0	0.00	0.06623484	30.93403	10.00	0.009380744
0.9940531	10.00	-39.01199	0	0.00	0.06575213	30.88382	10.00	0.009369096
0.9940531	10.00	-38.94504	0	0.00	0.06695537	30.8343	10.00	0.009357631
0.9940531	10.00	-38.87902	0	0.00	0.06601826	30.78514	10.00	0.009346295
0.9940531	10.00	-38.81347	0	0.00	0.06555254	30.73561	10.00	0.009334849
0.9940531	10.00	-38.74742	0	0.00	0.06604657	30.68574	10.00	0.009323367
0.9940531	10.00	-38.68094	0	0.00	0.06648116	30.63659	10.00	0.009311957
0.9940531	10.00	-38.6154	0	0.00	0.0655398	30.58716	10.00	0.009300511
0.9940531	10.00	-38.5495	0	0.00	0.06590077	30.53671	10.00	0.009288846
0.9940531	10.00	-38.48223	0	0.00	0.06726255	30.4879	10.00	0.009277564
0.9940531	10.00	-38.41715	0	0.00	0.06508681	30.43827	10.00	0.009266119
0.9940531	10.00	-38.35098	0	0.00	0.06617256	30.38815	10.00	0.009254526
0.9940531	10.00	-38.28415	0	0.00	0.06682656	30.33894	10.00	0.00924319
0.9940531	10.00	-38.21853	0	0.00	0.06561765	30.28942	10.00	0.009231799
0.9940531	10.00	-38.1525	0	0.00	0.06602675	30.23982	10.00	0.009220353
0.9940531	10.00	-38.08637	0	0.00	0.06613576	30.19021	10.00	0.009208907
0.9940531	10.00	-38.02023	0	0.00	0.06614425	30.14076	10.00	0.00919737
0.9940531	10.00	-37.95429	0	0.00	0.06593474	30.09136	10.00	0.009185997
0.9940531	10.00	-37.88842	0	0.00	0.06586821	30.04181	10.00	0.009174551
0.9940531	10.00	-37.82235	0	0.00	0.06607205	29.99218	10.00	0.009163014
0.9940531	10.00	-37.75618	0	0.00	0.06616832	29.94257	10.00	0.009151568
0.9940531	10.00	-37.69004	0	0.00	0.06614	29.89306	10.00	0.009140103
0.9940531	10.00	-37.62402	0	0.00	0.06601685	29.84123	10.00	0.009128181
0.9940531	10.00	-37.55491	0	0.00	0.0691113	29.79341	10.00	0.009117175
0.9940531	10.00	-37.49115	0	0.00	0.06376183	29.74347	10.00	0.009105637
0.9940531	10.00	-37.42458	0	0.00	0.06657458	29.69399	10.00	0.009094192
0.9940531	10.00	-37.35859	0	0.00	0.06598429	29.64476	10.00	0.009082763
0.9940531	10.00	-37.29296	0	0.00	0.06563181	29.59485	10.00	0.009071225
0.9940531	10.00	-37.22641	0	0.00	0.06654627	29.54533	10.00	0.009059762
0.9940531	10.00	-37.16038	0	0.00	0.06603242	29.49613	10.00	0.009048426
0.9940531	10.00	-37.09479	0	0.00	0.06559359	29.44608	10.00	0.009036851
0.9940531	10.00	-37.02805	0	0.00	0.06673596	29.39654	10.00	0.009025387
0.9940531	10.00	-36.96199	0	0.00	0.06606073	29.31518	10.00	0.009006597
0.9940531	10.00	-36.85352	0	0.00	0.1084728	29.24813	10.00	0.008991122
0.9940531	10.00	-36.76412	0	0.00	0.08939793	29.19856	10.00	0.008979676
0.9940531	10.00	-36.69802	0	0.00	0.0660947	29.14874	10.00	0.00896812
0.9940531	10.00	-36.6316	0	0.00	0.06642736	29.09974	10.00	0.008956858
0.9940531	10.00	-36.56627	0	0.00	0.06532746	29.0505	10.00	0.008945448
0.9940531	10.00	-36.50061	0	0.00	0.06566437	29.00072	10.00	0.008933911
0.9940531	10.00	-36.43423	0	0.00	0.0663764	28.95138	10.00	0.008922483
0.9940531	10.00	-36.36845	0	0.00	0.06577761	28.90098	10.00	0.008910909
0.9940531	10.00	-36.30125	0	0.00	0.06720027	28.85069	10.00	0.008899244
0.9940531	10.00	-36.23419	0	0.00	0.06706013	28.80069	10.00	0.00888765
0.9940531	10.00	-36.16752	0	0.00	0.06666943	28.75129	10.00	0.008876278
0.9940531	10.00	-36.10167	0	0.00	0.0658583	28.7028	10.00	0.008864997
0.9940531	10.00	-36.037	0	0.00	0.06466214	28.65304	10.00	0.008853532
0.9940531	10.00	-35.97066	0	0.00	0.06634101	28.60343	10.00	0.008841995
0.9940531	10.00	-35.90452	0	0.00	0.06614283	28.55387	10.00	0.008830623
0.9940531	10.00	-35.83844	0	0.00	0.06608196	28.5051	10.00	0.008819341
0.9940531	10.00	-35.7734	0	0.00	0.06503585	28.45548	10.00	0.008807896
0.9940531	10.00	-35.70725	0	0.00	0.06615133	28.40573	10.00	0.008796412
0.9940531	10.00	-35.64092	0	0.00	0.06632969	28.35631	10.00	0.008784967
0.9940531	10.00	-35.57502	0	0.00	0.0659036	28.30687	10.00	0.008773521
0.9940531	10.00	-35.50911	0	0.00	0.06591209	28.2572	10.00	0.008762056
0.9940531	10.00	-35.44286	0	0.00	0.06623909	28.20775	10.00	0.00875061
0.9940531	10.00	-35.37694	0	0.00	0.06592342	28.15709	10.00	0.008738927
0.9940531	10.00	-35.30939	0	0.00	0.06754567	28.10853	10.00	0.008727718
0.9940531	10.00	-35.24465	0	0.00	0.06474283	28.05899	10.00	0.008716272
0.9940531	10.00	-35.1786	0	0.00	0.06605507	28.00861	10.00	0.008704606
0.9940531	10.00	-35.11141	0	0.00	0.06718753	27.95956	10.00	0.008693197
0.9940531	10.00	-35.04601	0	0.00	0.06539824	27.90967	10.00	0.008681715
0.9940531	10.00	-34.9795	0	0.00	0.06651513	27.86069	10.00	0.008670378
0.9940531	10.00	-34.91419	0	0.00	0.06530906	27.81073	10.00	0.008658878
0.9940531	10.00	-34.84758	0	0.00	0.06660997	27.76147	10.00	0.00864745
0.9940531	10.00	-34.78191	0	0.00	0.06567003	27.71205	10.00	0.008636078
0.9940531	10.00	-34.71601	0	0.00	0.06590077	27.66236	10.00	0.008624558
0.9940531	10.00	-34.64975	0	0.00	0.06625608	27.61288	10.00	0.008613094
0.9940531	10.00	-34.58379	0	0.00	0.06596588	27.56296	10.00	0.008601556
0.9940531	10.00	-34.51722	0	0.00	0.06657033	27.51379	10.00	0.00859022
0.9940531	10.00	-34.45167	0	0.00	0.06554546	27.46399	10.00	0.008578738
0.9940531	10.00	-34.38526	0	0.00	0.06641321	27.41406	10.00	0.008567182
0.9940531	10.00	-34.3187	0	0.00	0.06656184	27.36508	10.00	0.008555845
0.9940531	10.00	-34.25339	0	0.00	0.06530339	27.31512	10.00	0.008544272
0.9940531	10.00	-34.18677	0	0.00	0.06661846	27.26561	10.00	0.008532807
0.9940531	10.00	-34.12076	0	0.00	0.06601543	27.21611	10.00	0.008521435
0.9940531	10.00	-34.05475	0	0.00	0.06600694	27.16646	10.00	0.008509988
0.9940531	10.00	-33.98856	0	0.00	0.06619238	27.11583	10.00	0.008498231
0.9940531	10.00	-33.92105	0	0.00	0.06750603	27.06762	10.00	0.008487097
0.9940531	10.00	-33.85676	0	0.00	0.06428985	27.01798	10.00	0.00847565
0.9940531	10.00	-33.79058	0	0.00	0.0661853	26.96844	10.00	0.008464186
0.9940531	10.00	-33.72453	0	0.00	0.06604374	26.91919	10.00	0.008452777
0.9940531	10.00	-33.65886	0	0.00	0.06566861	26.86937	10.00	0.008441313
0.9940531	10.00	-33.59243	0	0.00	0.06643727	26.81979	10.00	0.008429775
0.9940531	10.00	-33.52633	0	0.00	0.06609895	26.77015	10.00	0.008418403
0.9940531	10.00	-33.46014	0	0.00	0.06618813	26.72056	10.00	0.008406938
0.9940531	10.00	-33.39403	0	0.00	0.06611169	26.67115	10.00	0.008395492
0.9940531	10.00	-33.32814	0	0.00	0.06589086	26.6214	10.00	0.008383954
0.9940531	10.00	-33.26181	0	0.00	0.0663311	26.57207	10.00	0.0083726
0.9940531	10.00	-33.19603	0	0.00	0.06577478	26.5223	10.00	0.008361137
0.9940531	10.00	-33.12967	0	0.00	0.06636083	26.47265	10.00	0.008349617
0.9940531	10.00	-33.06347	0	0.00	0.0662037	26.42315	10.00	0.008338152
0.9940531	10.00	-32.99747	0	0.00	0.06600127	26.37347	10.00	0.008326706
0.9940531	10.00	-32.93122	0	0.00	0.06624192	26.32405	10.00	0.008315261
0.9940531	10.00	-32.86534	0	0.00	0.06588379	26.27453	10.00	0.008303796
0.9940531	10.00	-32.79931	0	0.00	0.06602817	26.22488	10.00	0.00829235
0.9940531	10.00	-32.7331	0	0.00	0.06620936	26.17537	10.00	0.008280886
0.9940531	10.00	-32.6671	0	0.00	0.06600835	26.12531	10.00	0.008269312
0.9940531	10.00	-32.60035	0	0.00	0.06674021	26.07527	10.00	0.008257719
0.9940531	10.00	-32.53363	0	0.00	0.06672464	26.02594	10.00	0.00824631
0.9940531	10.00	-32.46785	0	0.00	0.06577478	25.97486	10.00	0.008234552
0.9940531	10.00	-32.39975	0	0.00	0.06810623	25.92685	10.00	0.008223436
0.9940531	10.00	-32.33573	0	0.00	0.06401663	25.87746	10.00	0.008211991
0.9940531	10.00	-32.26988	0	0.00	0.06585123	25.82603	10.00	0.00820005
0.9940531	10.00	-32.20131	0	0.00	0.06857621	25.77811	10.00	0.008188915
0.9940531	10.00	-32.13742	0	0.00	0.06388357	25.72873	10.00	0.008177616
0.9940531	10.00	-32.07156	0	0.00	0.06585547	25.67929	10.00	0.008166078
0.9940531	10.00	-32.00566	0	0.00	0.06590501	25.62977	10.00	0.008154632
0.9940531	10.00	-31.93962	0	0.00	0.06603525	25.58026	10.00	0.008143259
0.9940531	10.00	-31.87362	0	0.00	0.0660041	25.53071	10.00	0.008131796
0.9940531	10.00	-31.80756	0	0.00	0.06606498	25.48105	10.00	0.00812035
0.9940531	10.00	-31.74133	0	0.00	0.0662221	25.43156	10.00	0.008108903
0.9940531	10.00	-31.67535	0	0.00	0.06598429	25.38153	10.00	0.008097311
0.9940531	10.00	-31.60865	0	0.00	0.06670199	25.33262	10.00	0.008086103
0.9940531	10.00	-31.54343	0	0.00	0.0652128	25.28359	10.00	0.008074693
0.9940531	10.00	-31.47806	0	0.00	0.065377	25.23428	10.00	0.008063285
0.9940531	10.00	-31.41231	0	0.00	0.06574647	25.18488	10.00	0.008051893
0.9940531	10.00	-31.34644	0	0.00	0.06587104	25.13373	10.00	0.008040062
0.9940531	10.00	-31.27824	0	0.00	0.06819683	25.08484	10.00	0.008028781
0.9940531	10.00	-31.21306	0	0.00	0.0651859	25.03528	10.00	0.008017335
0.9940531	10.00	-31.14698	0	0.00	0.06608055	24.98654	10.00	0.008006054
0.9940531	10.00	-31.08199	0	0.00	0.06499197	24.93589	10.00	0.007994371
0.9940531	10.00	-31.01447	0	0.00	0.06752019	24.88685	10.00	0.007983034
0.9940531	10.00	-30.94908	0	0.00	0.06538833	24.83778	10.00	0.007971698
0.9940531	10.00	-30.88365	0	0.00	0.0654308	24.78737	10.00	0.007960033
0.9940531	10.00	-30.81643	0	0.00	0.06721867	24.73762	10.00	0.007948549
0.9940531	10.00	-30.7501	0	0.00	0.06632403	24.68831	10.00	0.00793714
0.9940531	10.00	-30.68435	0	0.00	0.06575072	24.63797	10.00	0.007925548
0.9940531	10.00	-30.61722	0	0.00	0.06712808	24.58918	10.00	0.00791434
0.9940531	10.00	-30.55217	0	0.00	0.06505142	24.53944	10.00	0.007902803
0.9940531	10.00	-30.48586	0	0.00	0.06630845	24.49012	10.00	0.00789132
0.9940531	10.00	-30.4201	0	0.00	0.06575921	24.44045	10.00	0.007879929
0.9940531	10.00	-30.35387	0	0.00	0.06623484	24.39092	10.00	0.007868483
0.9940531	10.00	-30.28783	0	0.00	0.06604233	24.34136	10.00	0.007857037
0.9940531	10.00	-30.22175	0	0.00	0.06607772	24.29151	10.00	0.007845481
0.9940531	10.00	-30.15528	0	0.00	0.06646559	24.24207	10.00	0.007834035
0.9940531	10.00	-30.08937	0	0.00	0.06591917	24.19254	10.00	0.007822644
0.9940531	10.00	-30.02333	0	0.00	0.06603525	24.14294	10.00	0.007811125
0.9940531	10.00	-29.9572	0	0.00	0.06613293	24.09353	10.00	0.007799678
0.9940531	10.00	-29.89131	0	0.00	0.06588379	24.04396	10.00	0.007788214
0.9940531	10.00	-29.82522	0	0.00	0.06608904	23.99377	10.00	0.00777664
0.9940531	10.00	-29.7583	0	0.00	0.06692423	23.94495	10.00	0.007765432
0.9940531	10.00	-29.69321	0	0.00	0.06509247	23.89492	10.00	0.00775384
0.9940531	10.00	-29.6265	0	0.00	0.06670906	23.84512	10.00	0.007742302
0.9940531	10.00	-29.5601	0	0.00	0.06639764	23.79596	10.00	0.007730875
0.9940531	10.00	-29.49454	0	0.00	0.06555537	23.74654	10.00	0.007719428
0.9940531	10.00	-29.42866	0	0.00	0.06588662	23.69646	10.00	0.007707909
0.9940531	10.00	-29.36188	0	0.00	0.06677701	23.64751	10.00	0.00769661
0.9940531	10.00	-29.29662	0	0.00	0.06525809	23.59783	10.00	0.007685164
0.9940531	10.00	-29.23038	0	0.00	0.0662405	23.54821	10.00	0.007673718
0.9940531	10.00	-29.16422	0	0.00	0.06616832	23.49844	10.00	0.007662162
0.9940531	10.00	-29.09785	0	0.00	0.06636083	23.44924	10.00	0.007650827
0.9940531	10.00	-29.03226	0	0.00	0.06559359	23.39953	10.00	0.007639344
0.9940531	10.00	-28.96597	0	0.00	0.06628722	23.34992	10.00	0.007627897
0.9940531	10.00	-28.89983	0	0.00	0.06614425	23.30035	10.00	0.007616378
0.9940531	10.00	-28.83374	0	0.00	0.06609187	23.25084	10.00	0.007604987
0.9940531	10.00	-28.76773	0	0.00	0.06600835	23.20097	10.00	0.007593523
0.9940531	10.00	-28.70123	0	0.00	0.06649956	23.15149	10.00	0.007582059
0.9940531	10.00	-28.63526	0	0.00	0.06596871	23.10208	10.00	0.00757054
0.9940531	10.00	-28.56938	0	0.00	0.0658852	23.05266	10.00	0.007559094
0.9940531	10.00	-28.50348	0	0.00	0.06589369	23.00275	10.00	0.007547611
0.9940531	10.00	-28.43694	0	0.00	0.06654202	22.95334	10.00	0.007536165
0.9940531	10.00	-28.37105	0	0.00	0.06588802	22.90385	10.00	0.007524719
0.9940531	10.00	-28.30507	0	0.00	0.06597721	22.85407	10.00	0.007513237
0.9940531	10.00	-28.23869	0	0.00	0.06638207	22.80473	10.00	0.007501828
0.9940531	10.00	-28.17291	0	0.00	0.06578328	22.7546	10.00	0.007490235
0.9940531	10.00	-28.10606	0	0.00	0.06684779	22.70504	10.00	0.007478788
0.9940531	10.00	-28.03998	0	0.00	0.06607772	22.65572	10.00	0.007467379
0.9940531	10.00	-27.97423	0	0.00	0.06575496	22.60653	10.00	0.00745597
0.9940531	10.00	-27.90864	0	0.00	0.06558792	22.55565	10.00	0.007444268
0.9940531	10.00	-27.8408	0	0.00	0.06783869	22.50641	10.00	0.007432932
0.9940531	10.00	-27.77515	0	0.00	0.06565587	22.45656	10.00	0.007421394
0.9940531	10.00	-27.70868	0	0.00	0.06646842	22.40729	10.00	0.00741004
0.9940531	10.00	-27.64299	0	0.00	0.06568702	22.35798	10.00	0.00739863
0.9940531	10.00	-27.57723	0	0.00	0.06575638	22.30223	10.00	0.007385719
0.9940531	10.00	-27.50291	0	0.00	0.07432345	22.20949	10.00	0.007364384
0.9940531	10.00	-27.37925	0	0.00	0.123662	22.15945	10.00	0.00735281
0.9940531	10.00	-27.31254	0	0.00	0.0667119	22.1101	10.00	0.007341309
0.9940531	10.00	-27.24673	0	0.00	0.06580876	22.06037	10.00	0.007329844
0.9940531	10.00	-27.18043	0	0.00	0.06629571	22.01011	10.00	0.007318179
0.9815453	10.00	-27.11342	-0.01250775	0.00	0.06701624	21.96144	10.00	0.007307045
0.9587489	10.00	-27.04852	-0.02279639	0.00	0.06490137	21.9118	10.00	0.007295525
0.9329381	10.00	-26.98233	-0.02581083	0.00	0.0661853	21.86097	10.00	0.007283841
0.902571	10.00	-26.91456	-0.03036705	0.00	0.06777216	21.8119	10.00	0.007272505
0.8732575	10.00	-26.84914	-0.0293135	0.00	0.06542089	21.76246	10.00	0.007261041
0.8456327	10.00	-26.78321	-0.02762487	0.00	0.06592625	21.70965	10.00	0.007248863
0.8277207	10.00	-26.71281	-0.01791196	0.00	0.07040372	21.61407	10.00	0.007226794
0.8187428	10.00	-26.58536	-0.008977964	0.00	0.12745	21.56452	10.00	0.007215275
0.8134496	10.00	-26.5193	-0.005293175	0.00	0.06606073	21.51565	10.00	0.007204067
0.8082281	10.00	-26.45413	-0.005221491	0.00	0.06516609	21.46625	10.00	0.007192621
0.8029502	10.00	-26.38826	-0.005277863	0.00	0.06586963	21.41647	10.00	0.007181066
0.7963464	10.00	-26.32189	-0.006603758	0.00	0.06637499	21.36648	10.00	0.007169492
0.7884251	10.00	-26.25524	-0.007921297	0.00	0.06664536	21.31759	10.00	0.00715821
0.7806771	10.00	-26.19005	-0.007747998	0.00	0.06518732	21.26701	10.00	0.007146599
0.7726606	10.00	-26.12261	-0.008016528	0.00	0.06744658	21.21828	10.00	0.007135318
0.766197	10.00	-26.05764	-0.006463624	0.00	0.06496648	21.16878	10.00	0.007123872
0.760269	10.00	-25.99163	-0.005928003	0.00	0.06600694	21.11865	10.00	0.00711228
0.7562082	10.00	-25.9248	-0.004060733	0.00	0.06683222	21.06982	10.00	0.007101072
0.7528826	10.00	-25.85969	-0.003325683	0.00	0.06511088	21.02002	10.00	0.007089516
0.7527058	10.00	-25.79329	-0.0001768074	0.00	0.06639905	20.96984	10.00	0.007077942
0.7527058	10.00	-25.72639	0	0.00	0.06690016	20.92091	10.00	0.007066642
0.7527058	10.00	-25.66114	0	0.00	0.06524961	20.87092	10.00	0.00705505
0.7527058	10.00	-25.59449	0	0.00	0.06664678	20.82194	10.00	0.007043714
0.7527058	10.00	-25.52919	0	0.00	0.06530764	20.77232	10.00	0.007032268
0.7527058	10.00	-25.46302	0	0.00	0.06616124	20.72266	10.00	0.007020804
0.7527058	10.00	-25.39681	0	0.00	0.06621785	20.67327	10.00	0.007009468
0.7527058	10.00	-25.33096	0	0.00	0.06585264	20.62366	10.00	0.006997948
0.7527058	10.00	-25.26482	0	0.00	0.06613434	20.57396	10.00	0.006986466
0.7527058	10.00	-25.19854	0	0.00	0.06627589	20.52477	10.00	0.006975057
0.7527058	10.00	-25.13296	0	0.00	0.06558226	20.47499	10.00	0.0069635
0.7527058	10.00	-25.06659	0	0.00	0.0663764	20.42306	10.00	0.006951542
0.7527058	10.00	-24.99735	0	0.00	0.06923728	20.37565	10.00	0.006940663
0.7527058	10.00	-24.93413	0	0.00	0.06321825	20.32575	10.00	0.006929107
0.7527058	10.00	-24.86759	0	0.00	0.06653636	20.27563	10.00	0.006917515
0.7527058	10.00	-24.80076	0	0.00	0.06683222	20.2269	10.00	0.006906234
0.7527058	10.00	-24.73579	0	0.00	0.0649679	20.17746	10.00	0.006894861
0.7527058	10.00	-24.66988	0	0.00	0.06591209	20.12818	10.00	0.006883452
0.7512582	10.00	-24.60417	-0.001447584	0.00	0.06571391	20.07817	10.00	0.00687186
0.7401039	10.00	-24.53748	-0.01115429	0.00	0.06668358	20.02897	10.00	0.006860523
0.7215107	10.00	-24.47189	-0.01859318	0.00	0.06559217	19.97736	10.00	0.006848601
0.6940079	10.00	-24.40308	-0.02750286	0.00	0.06881544	19.92961	10.00	0.006837632
0.6673309	10.00	-24.33941	-0.026677	0.00	0.06366416	19.88001	10.00	0.006826113
0.6389766	10.00	-24.27327	-0.02835426	0.00	0.06613859	19.83066	10.00	0.006814776
0.6094944	10.00	-24.20748	-0.02948222	0.00	0.06579743	19.78079	10.00	0.00680322
0.5771247	10.00	-24.14098	-0.0323697	0.00	0.0664939	19.73129	10.00	0.006791701
0.5437166	10.00	-24.07498	-0.03340806	0.00	0.06600127	19.68189	10.00	0.006780383
0.5103759	10.00	-24.00911	-0.0333407	0.00	0.06586821	19.63208	10.00	0.006768845
0.4767601	10.00	-23.9427	-0.03361585	0.00	0.06641179	19.58299	10.00	0.006757436
0.4436279	10.00	-23.87724	-0.0331322	0.00	0.06545628	19.53313	10.00	0.006745954
0.413845	10.00	-23.81078	-0.02978287	0.00	0.06646842	19.48365	10.00	0.006734581
0.3874759	10.00	-23.7448	-0.02636909	0.00	0.06597862	19.43264	10.00	0.006722751
0.3596335	10.00	-23.67678	-0.02784238	0.00	0.06801706	19.38424	10.00	0.006711469
0.3325935	10.00	-23.61225	-0.02704001	0.00	0.06453049	19.33482	10.00	0.006700024
0.3037068	10.00	-23.54636	-0.02888669	0.00	0.06589227	19.284	10.00	0.006688413
0.274001	10.00	-23.4786	-0.02970586	0.00	0.06776084	19.23495	10.00	0.006677004
0.2440579	10.00	-23.41319	-0.02994308	0.00	0.06541239	19.18585	10.00	0.006665649
0.2159943	10.00	-23.34772	-0.02806357	0.00	0.06546053	19.13634	10.00	0.006654203
0.1902553	10.00	-23.28172	-0.02573906	0.00	0.06600127	19.08709	10.00	0.006642793
0.166551	10.00	-23.21605	-0.0237043	0.00	0.06567569	19.03749	10.00	0.006631347
0.1401208	10.00	-23.14992	-0.02643019	0.00	0.06613151	18.988	10.00	0.006619957
0.1124662	10.00	-23.08392	-0.02765453	0.00	0.06599703	18.93832	10.00	0.006608511
0.08278993	10.00	-23.01769	-0.02967631	0.00	0.0662306	18.88894	10.00	0.006597028
0.05647628	10.00	-22.95185	-0.02631365	0.00	0.0658399	18.83909	10.00	0.006585545
0.02798001	10.00	-22.88538	-0.02849627	0.00	0.06646983	18.78947	10.00	0.006574099
0.0008984616	10.00	-22.81922	-0.02708155	0.00	0.06615841	18.73994	10.00	0.006562709
-0.03061328	10.00	-22.75318	-0.03151174	0.00	0.06604516	18.69056	10.00	0.006551226
-0.06329862	10.00	-22.68734	-0.03268534	0.00	0.06583282	18.64052	10.00	0.006539633
-0.09900653	10.00	-22.62063	-0.03570791	0.00	0.06671614	18.5904	10.00	0.006528132
-0.1380089	10.00	-22.5538	-0.03900238	0.00	0.06682656	18.54164	10.00	0.006516778
-0.1772162	10.00	-22.48878	-0.03920734	0.00	0.06502028	18.48461	10.00	0.006503666
-0.2245379	10.00	-22.41274	-0.04732164	0.00	0.07603488	18.39227	10.00	0.006482293
-0.3011636	10.00	-22.28963	-0.07662576	0.00	0.1231198	18.34279	10.00	0.006470847
-0.3422248	10.00	-22.22365	-0.04106119	0.00	0.06597579	18.29356	10.00	0.006459438
-0.3799017	10.00	-22.158	-0.03767689	0.00	0.06564455	18.24374	10.00	0.006448029
-0.4167399	10.00	-22.09158	-0.0368382	0.00	0.06642453	18.19439	10.00	0.006436619
-0.4532343	10.00	-22.02577	-0.03649435	0.00	0.06580451	18.14288	10.00	0.006424606
-0.4913207	10.00	-21.9571	-0.03808645	0.00	0.0686753	18.09534	10.00	0.006413654
-0.5264781	10.00	-21.89371	-0.03515739	0.00	0.06339378	18.04553	10.00	0.00640219
-0.5645913	10.00	-21.8273	-0.03811319	0.00	0.06640472	17.99431	10.00	0.006390341
-0.6044505	10.00	-21.75901	-0.03985913	0.00	0.06829451	17.94657	10.00	0.006379317
-0.6366705	10.00	-21.69535	-0.03222006	0.00	0.06365425	17.89698	10.00	0.00636787
-0.6682167	10.00	-21.62923	-0.03154619	0.00	0.06611735	17.84774	10.00	0.006356461
-0.6995474	10.00	-21.56357	-0.03133073	0.00	0.06566578	17.79793	10.00	0.006345052
-0.7312321	10.00	-21.49716	-0.03168465	0.00	0.06640755	17.74873	10.00	0.006333642
-0.761262	10.00	-21.43156	-0.03002991	0.00	0.06560208	17.69916	10.00	0.006322178
-0.7902325	10.00	-21.36548	-0.02897047	0.00	0.06608338	17.64962	10.00	0.006310659
-0.8191954	10.00	-21.29941	-0.02896302	0.00	0.06606639	17.59991	10.00	0.006299287
-0.8501716	10.00	-21.23314	-0.03097612	0.00	0.0662674	17.55041	10.00	0.006287822
-0.881024	10.00	-21.16714	-0.03085238	0.00	0.06600269	17.50077	10.00	0.006276376
-0.9119611	10.00	-21.10096	-0.03093708	0.00	0.06618389	17.45136	10.00	0.006264857
-0.9427612	10.00	-21.03506	-0.03080011	0.00	0.06589086	17.40173	10.00	0.006253392
-0.973691	10.00	-20.9689	-0.03092981	0.00	0.06616832	17.35131	10.00	0.0062418
-1.005116	10.00	-20.90167	-0.03142475	0.00	0.06722716	17.30249	10.00	0.006230592
-1.035545	10.00	-20.83657	-0.0304289	0.00	0.06509672	17.25297	10.00	0.006219146
-1.066406	10.00	-20.77055	-0.03086099	0.00	0.06602109	17.20343	10.00	0.0062077
-1.097282	10.00	-20.7045	-0.03087621	0.00	0.06605365	17.15381	10.00	0.006196163
-1.128207	10.00	-20.63834	-0.03092517	0.00	0.06615841	17.10414	10.00	0.006184717
-1.159165	10.00	-20.57211	-0.03095826	0.00	0.06622918	17.05497	10.00	0.006173381
-1.189814	10.00	-20.50654	-0.03064858	0.00	0.0655667	17.0046	10.00	0.006161715
-1.222502	10.00	-20.4394	-0.03268807	0.00	0.0671479	16.95558	10.00	0.006150379
-1.254955	10.00	-20.37403	-0.0324527	0.00	0.06536426	16.90583	10.00	0.006138823
-1.288528	10.00	-20.3077	-0.03357358	0.00	0.06632827	16.85573	10.00	0.006127249
-1.323638	10.00	-20.2409	-0.03510952	0.00	0.06680674	16.80694	10.00	0.006116041
-1.358456	10.00	-20.17584	-0.03481844	0.00	0.06505425	16.75715	10.00	0.006104485
-1.394631	10.00	-20.10946	-0.03617496	0.00	0.06638773	16.70617	10.00	0.006092728
-1.431672	10.00	-20.04148	-0.03704119	0.00	0.06797742	16.65812	10.00	0.00608163
-1.466581	10.00	-19.97741	-0.03490917	0.00	0.06406476	16.60816	10.00	0.00607011
-1.502881	10.00	-19.9108	-0.03629915	0.00	0.06661563	16.55893	10.00	0.006058628
-1.538641	10.00	-19.84517	-0.03576075	0.00	0.06562756	16.50954	10.00	0.006047292
-1.574529	10.00	-19.77931	-0.03588802	0.00	0.06586114	16.45974	10.00	0.006035736
-1.611997	10.00	-19.71291	-0.0374678	0.00	0.06640047	16.41002	10.00	0.006024199
-1.652616	10.00	-19.64661	-0.04061923	0.00	0.06629713	16.36069	10.00	0.006012844
-1.692274	10.00	-19.58084	-0.03965804	0.00	0.06576771	16.31111	10.00	0.006001398
-1.731494	10.00	-19.51474	-0.03921943	0.00	0.06610178	16.2615	10.00	0.005989952
-1.770743	10.00	-19.44859	-0.03924883	0.00	0.06615133	16.21212	10.00	0.005978524
-1.811717	10.00	-19.38275	-0.04097397	0.00	0.06583565	16.16273	10.00	0.005967188
-1.852704	10.00	-19.3169	-0.04098719	0.00	0.06585689	16.11212	10.00	0.005955431
-1.894702	10.00	-19.24941	-0.04199858	0.00	0.06748196	16.06278	10.00	0.005944095
-1.935642	10.00	-19.18363	-0.04093961	0.00	0.06578045	16.01349	10.00	0.005932686
-1.976549	10.00	-19.11791	-0.04090701	0.00	0.06572807	15.9643	10.00	0.005921331
-2.017369	10.00	-19.05232	-0.04081979	0.00	0.06558792	15.9147	10.00	0.005909885
-2.058526	10.00	-18.98619	-0.04115722	0.00	0.06613009	15.8629	10.00	0.005897945
-2.101509	10.00	-18.91713	-0.04298267	0.00	0.06906316	15.81551	10.00	0.00588692
-2.140834	10.00	-18.85394	-0.0393256	0.00	0.06318711	15.76603	10.00	0.005875474
-2.183809	10.00	-18.78797	-0.04297493	0.00	0.06597155	15.71589	10.00	0.005863882
-2.228006	10.00	-18.72111	-0.04419675	0.00	0.06685345	15.66692	10.00	0.005852619
-2.27117	10.00	-18.65582	-0.04316359	0.00	0.06529065	15.61719	10.00	0.005841081
-2.315012	10.00	-18.58951	-0.04384207	0.00	0.06631695	15.56774	10.00	0.005829617
-2.358596	10.00	-18.52358	-0.04358471	0.00	0.06592766	15.51804	10.00	0.005818171
-2.402402	10.00	-18.45732	-0.04380557	0.00	0.06626174	15.46866	10.00	0.005806835
-2.44593	10.00	-18.39148	-0.04352763	0.00	0.06584132	15.41896	10.00	0.00579537
-2.489739	10.00	-18.32521	-0.04380931	0.00	0.0662674	15.36904	10.00	0.005783833
-2.53374	10.00	-18.25865	-0.04400116	0.00	0.06655759	15.3198	10.00	0.005772405
-2.577147	10.00	-18.19299	-0.0434069	0.00	0.0656587	15.2702	10.00	0.00576096
-2.620867	10.00	-18.12686	-0.04372041	0.00	0.06613293	15.22049	10.00	0.005749495
-2.664687	10.00	-18.06058	-0.04381961	0.00	0.06628297	15.17077	10.00	0.005737939
-2.708508	10.00	-17.99429	-0.04382055	0.00	0.06628439	15.1216	10.00	0.005726603
-2.750583	10.00	-17.92873	-0.04207542	0.00	0.06556528	15.07178	10.00	0.005715066
-2.792566	10.00	-17.8623	-0.04198276	0.00	0.06642312	15.02256	10.00	0.005703711
-2.834052	10.00	-17.79667	-0.04148619	0.00	0.06563747	14.97283	10.00	0.005692174
-2.875953	10.00	-17.73037	-0.04190134	0.00	0.0662943	14.92224	10.00	0.005680489
-2.913368	10.00	-17.66291	-0.03741523	0.00	0.06746498	14.87149	10.00	0.005668806
-2.949582	10.00	-17.59525	-0.03621326	0.00	0.06766033	14.82343	10.00	0.005657616
-2.9814	10.00	-17.53116	-0.03181876	0.00	0.06408741	14.77391	10.00	0.00564617
-3.01354	10.00	-17.46514	-0.03213954	0.00	0.06602109	14.72276	10.00	0.005634413
-3.046079	10.00	-17.39694	-0.03253904	0.00	0.06819825	14.67466	10.00	0.005623296
-3.076682	10.00	-17.3328	-0.03060332	0.00	0.06414121	14.62526	10.00	0.005611887
-3.108104	10.00	-17.26694	-0.03142191	0.00	0.06585689	14.57399	10.00	0.005600038
-3.14072	10.00	-17.19858	-0.03261603	0.00	0.06835963	14.52605	10.00	0.005588885
-3.171218	10.00	-17.13466	-0.03049728	0.00	0.06391896	14.45013	10.00	0.005571377
-3.219517	10.00	-17.03343	-0.04829896	0.00	0.1012293	14.37733	10.00	0.005554584
-3.265829	10.00	-16.93637	-0.04631259	0.00	0.09706611	14.32814	10.00	0.005543248
-3.297123	10.00	-16.87078	-0.03129359	0.00	0.06558792	14.27669	10.00	0.005531381
-3.329854	10.00	-16.80218	-0.03273085	0.00	0.06860027	14.2295	10.00	0.005520448
-3.359873	10.00	-16.73926	-0.0300191	0.00	0.06291673	14.17969	10.00	0.00550891
-3.391562	10.00	-16.67284	-0.03168938	0.00	0.06641746	14.13048	10.00	0.0054975
-3.422864	10.00	-16.60724	-0.03130237	0.00	0.06560633	14.08089	10.00	0.005486109
-3.454415	10.00	-16.54111	-0.03155024	0.00	0.06612585	14.03123	10.00	0.005474664
-3.486004	10.00	-16.47491	-0.03158941	0.00	0.06620795	13.98182	10.00	0.005463218
-3.517444	10.00	-16.40901	-0.03144015	0.00	0.0658951	13.93189	10.00	0.005451662
-3.549206	10.00	-16.34244	-0.03176232	0.00	0.06657033	13.88222	10.00	0.005440216
-3.5808	10.00	-16.27622	-0.03159347	0.00	0.06621644	13.83064	10.00	0.005428349
-3.613615	10.00	-16.20745	-0.0328146	0.00	0.0687758	13.78333	10.00	0.005417342
-3.643712	10.00	-16.14437	-0.03009744	0.00	0.06308094	13.73322	10.00	0.005405823
-3.675591	10.00	-16.07755	-0.03187917	0.00	0.06681523	13.68395	10.00	0.005394414
-3.706932	10.00	-16.01187	-0.03134019	0.00	0.0656856	13.63421	10.00	0.005382876
-3.738581	10.00	-15.94553	-0.03164953	0.00	0.06633393	13.58263	10.00	0.005371009
-3.771389	10.00	-15.87677	-0.03280852	0.00	0.06876306	13.53522	10.00	0.005360058
-3.801554	10.00	-15.81355	-0.03016431	0.00	0.06322108	13.48583	10.00	0.005348648
-3.83297	10.00	-15.7477	-0.03141584	0.00	0.06584415	13.43477	10.00	0.005336799
-3.865454	10.00	-15.67962	-0.03248433	0.00	0.06808359	13.38642	10.00	0.00532561
-3.896215	10.00	-15.61515	-0.03076137	0.00	0.06447245	13.33694	10.00	0.005314219
-3.927694	10.00	-15.54917	-0.03147865	0.00	0.06597579	13.28756	10.00	0.005302809
-3.959102	10.00	-15.48334	-0.03140841	0.00	0.06582858	13.2379	10.00	0.00529129
-3.990698	10.00	-15.41712	-0.03159549	0.00	0.06622069	13.18834	10.00	0.005279826
-4.022224	10.00	-15.35105	-0.03152593	0.00	0.06607489	13.13879	10.00	0.005268454
-4.053743	10.00	-15.28499	-0.03151917	0.00	0.06606073	13.08923	10.00	0.005256934
-4.085272	10.00	-15.21891	-0.03152863	0.00	0.06608055	13.03922	10.00	0.005245415
-4.117091	10.00	-15.15222	-0.03181973	0.00	0.06669066	12.98978	10.00	0.005233969
-4.148541	10.00	-15.0863	-0.0314496	0.00	0.06591492	12.93988	10.00	0.005222413
-4.180283	10.00	-15.01977	-0.03174205	0.00	0.06652787	12.89014	10.00	0.005210876
-4.21193	10.00	-14.95344	-0.03164683	0.00	0.06632827	12.84114	10.00	0.005199539
-4.243104	10.00	-14.88811	-0.03117404	0.00	0.06533737	12.79183	10.00	0.005188185
-4.27447	10.00	-14.82237	-0.03136586	0.00	0.06573939	12.74214	10.00	0.005176666
-4.306082	10.00	-14.75611	-0.03161238	0.00	0.06625608	12.69276	10.00	0.005165256
-4.337492	10.00	-14.69028	-0.03141043	0.00	0.06583282	12.6431	10.00	0.005153865
-4.365242	10.00	-14.62405	-0.02774944	0.00	0.06622352	12.59254	10.00	0.005142108
-4.392833	10.00	-14.55665	-0.02759089	0.00	0.0674027	12.54365	10.00	0.0051309
-4.418888	10.00	-14.49146	-0.02605454	0.00	0.06519157	12.49431	10.00	0.00511949
-4.445181	10.00	-14.42567	-0.02629385	0.00	0.06579036	12.4449	10.00	0.005108081
-4.471511	10.00	-14.35979	-0.02632949	0.00	0.06587954	12.39522	10.00	0.005096691
-4.497983	10.00	-14.29355	-0.02647206	0.00	0.06623626	12.3454	10.00	0.005085153
-4.525815	10.00	-14.22713	-0.02783248	0.00	0.0664217	12.29542	10.00	0.00507356
-4.554388	10.00	-14.16049	-0.02857213	0.00	0.06664678	12.24654	10.00	0.005062279
-4.582326	10.00	-14.09531	-0.02793916	0.00	0.06517033	12.197	10.00	0.005050907
-4.606809	10.00	-14.02926	-0.02448188	0.00	0.0660579	12.14519	10.00	0.005038893
-4.629733	10.00	-13.96018	-0.02292403	0.00	0.06907307	12.09772	10.00	0.005027941
-4.650129	10.00	-13.89688	-0.02039616	0.00	0.06330319	12.04834	10.00	0.005016532
-4.671338	10.00	-13.83105	-0.02120938	0.00	0.06582716	11.99873	10.00	0.005004995
-4.692653	10.00	-13.7649	-0.0213152	0.00	0.06615558	11.94925	10.00	0.004993695
-4.713909	10.00	-13.69893	-0.0212559	0.00	0.06597155	11.89935	10.00	0.004982158
-4.735343	10.00	-13.6324	-0.02143423	0.00	0.06652503	11.84825	10.00	0.004970235
-4.755317	10.00	-13.56427	-0.01997401	0.00	0.06813596	11.80046	10.00	0.004959284
-4.773383	10.00	-13.50054	-0.01806511	0.00	0.06372927	11.75094	10.00	0.004947838
-4.79082	10.00	-13.43451	-0.01743696	0.00	0.06602392	11.70107	10.00	0.004936355
-4.805161	10.00	-13.36802	-0.01434213	0.00	0.06649531	11.65171	10.00	0.004924873
-4.818718	10.00	-13.30221	-0.01355624	0.00	0.06580593	11.60213	10.00	0.004913409
-4.832336	10.00	-13.2361	-0.01361865	0.00	0.06610886	11.55243	10.00	0.004901962
-4.845987	10.00	-13.16984	-0.01365044	0.00	0.06626315	11.50289	10.00	0.004890516
-4.859596	10.00	-13.10378	-0.01360903	0.00	0.06606214	11.45335	10.00	0.004879052
-4.873203	10.00	-13.03772	-0.01360699	0.00	0.06605224	11.40394	10.00	0.004867717
-4.886775	10.00	-12.97184	-0.0135717	0.00	0.06588095	11.35427	10.00	0.004856197
-4.900416	10.00	-12.90562	-0.01364139	0.00	0.06621927	11.30268	10.00	0.004844256
-4.914588	10.00	-12.83683	-0.01417242	0.00	0.06879704	11.25412	10.00	0.004833048
-4.927925	10.00	-12.77209	-0.01333608	0.00	0.06473716	11.20489	10.00	0.004821639
-4.941448	10.00	-12.70644	-0.01352358	0.00	0.06564738	11.15378	10.00	0.004809882
-4.955486	10.00	-12.6383	-0.0140377	0.00	0.06814304	11.10583	10.00	0.004798803
-4.968657	10.00	-12.57436	-0.01317161	0.00	0.06393878	11.05626	10.00	0.004787356
-4.982272	10.00	-12.50827	-0.01361428	0.00	0.06608763	11.005	10.00	0.004775452
-4.996351	10.00	-12.43993	-0.0140794	0.00	0.06834547	10.95718	10.00	0.004764409
-5.009488	10.00	-12.37616	-0.01313661	0.00	0.06376891	10.90753	10.00	0.004753037
-5.023124	10.00	-12.30997	-0.01363615	0.00	0.0661938	10.85664	10.00	0.004741279
-5.037103	10.00	-12.24211	-0.01397938	0.00	0.06785993	10.79099	10.00	0.004726152
-5.055135	10.00	-12.15457	-0.01803164	0.00	0.08753078	10.70921	10.00	0.004707198
-5.077595	10.00	-12.04555	-0.02246037	0.00	0.1090292	10.65974	10.00	0.004695752
-5.091184	10.00	-11.97958	-0.01358832	0.00	0.06596164	10.61059	10.00	0.004684416
-5.105953	10.00	-11.91405	-0.01476905	0.00	0.06553272	10.5609	10.00	0.00467286
-5.121527	10.00	-11.84779	-0.01557396	0.00	0.06625749	10.51133	10.00	0.004661487
-5.137061	10.00	-11.7817	-0.01553436	0.00	0.06608904	10.4618	10.00	0.004650041
-5.152586	10.00	-11.71566	-0.01552472	0.00	0.06604799	10.41218	10.00	0.004638577
-5.168137	10.00	-11.6495	-0.015551	0.00	0.06615982	10.36283	10.00	0.004627168
-5.184878	10.00	-11.5837	-0.01674112	0.00	0.06580168	10.3133	10.00	0.004615722
-5.202319	10.00	-11.51766	-0.01744108	0.00	0.0660395	10.26403	10.00	0.004604368
-5.220303	10.00	-11.45197	-0.01798441	0.00	0.06568843	10.21424	10.00	0.00459283
-5.238481	10.00	-11.38557	-0.01817742	0.00	0.06639339	10.16266	10.00	0.004580889
-5.257307	10.00	-11.31681	-0.0188262	0.00	0.06876306	10.11495	10.00	0.004569938
-5.274724	10.00	-11.2532	-0.01741664	0.00	0.06361461	10.06562	10.00	0.004558529
-5.292731	10.00	-11.18742	-0.01800728	0.00	0.06577195	10.0155	10.00	0.004547009
-5.311027	10.00	-11.1206	-0.0182964	0.00	0.06682798	9.966204	10.00	0.0045356
-5.329023	10.00	-11.05487	-0.01799604	0.00	0.0657309	9.916822	10.00	0.004524191
-5.34705	10.00	-10.98902	-0.01802666	0.00	0.06584273	9.867247	10.00	0.004512726
-5.365148	10.00	-10.92292	-0.01809758	0.00	0.06610178	9.817194	10.00	0.004501079
-5.383419	10.00	-10.85618	-0.01827121	0.00	0.06673596	9.767087	10.00	0.00448956
-5.40171	10.00	-10.78938	-0.01829137	0.00	0.06680957	9.7161	10.00	0.004477766
-5.420323	10.00	-10.72139	-0.01861265	0.00	0.06798308	9.668527	10.00	0.004466814
-5.437689	10.00	-10.65796	-0.01736625	0.00	0.06343058	9.61931	10.00	0.004455387
-5.455655	10.00	-10.59234	-0.01796581	0.00	0.06562048	9.569808	10.00	0.004444014
-5.473726	10.00	-10.52634	-0.01807084	0.00	0.0660041	9.52019	10.00	0.004432495
-5.491838	10.00	-10.46018	-0.0181127	0.00	0.06615699	9.47069	10.00	0.004421104
-5.509908	10.00	-10.39418	-0.01806968	0.00	0.06599986	9.420757	10.00	0.004409456
-5.529425	10.00	-10.3276	-0.01951713	0.00	0.06657741	9.371634	10.00	0.004398194
-5.54926	10.00	-10.26211	-0.0198347	0.00	0.06549733	9.321995	10.00	0.00438673
-5.569944	10.00	-10.19592	-0.02068435	0.00	0.06618672	9.272313	10.00	0.004375283
-5.590646	10.00	-10.12968	-0.0207016	0.00	0.06624192	9.222765	10.00	0.004363746
-5.611292	10.00	-10.06361	-0.02064586	0.00	0.06606356	9.173104	10.00	0.004352299
-5.631985	10.00	-9.997398	-0.0206932	0.00	0.06621502	9.123961	10.00	0.004340963
-5.652462	10.00	-9.931874	-0.02047731	0.00	0.06552423	9.073831	10.00	0.004329444
-5.673351	10.00	-9.865033	-0.02088873	0.00	0.06684071	9.024392	10.00	0.004317925
-5.693951	10.00	-9.799115	-0.0206003	0.00	0.06591775	8.975012	10.00	0.004306516
-5.714527	10.00	-9.733275	-0.02057597	0.00	0.0658399	8.922477	10.00	0.004294447
-5.736418	10.00	-9.663229	-0.02189074	0.00	0.07004699	8.875451	10.00	0.004283514
-5.756013	10.00	-9.600527	-0.01959519	0.00	0.06270157	8.826356	10.00	0.004272178
-5.776471	10.00	-9.535067	-0.02045741	0.00	0.06546053	8.776639	10.00	0.004260696
-5.797187	10.00	-9.468778	-0.0207162	0.00	0.06628864	8.726749	10.00	0.004249158
-5.817975	10.00	-9.402259	-0.02078831	0.00	0.06651937	8.677669	10.00	0.004237804
-5.838426	10.00	-9.336818	-0.02045121	0.00	0.06544071	8.628091	10.00	0.004226431
-5.860365	10.00	-9.270713	-0.02193886	0.00	0.06610461	8.578593	10.00	0.004214985
-5.882907	10.00	-9.204718	-0.02254171	0.00	0.06599561	8.52891	10.00	0.004203447
-5.906175	10.00	-9.138473	-0.02326825	0.00	0.06624475	8.47949	10.00	0.004192038
-5.929319	10.00	-9.07258	-0.02314444	0.00	0.06589227	8.42963	10.00	0.004180482
-5.95267	10.00	-9.006101	-0.02335079	0.00	0.06647974	8.379939	10.00	0.004169091
-5.975942	10.00	-8.939846	-0.02327173	0.00	0.06625466	8.330567	10.00	0.004157681
-5.999064	10.00	-8.874016	-0.02312257	0.00	0.06582999	8.280625	10.00	0.004146089
-6.022454	10.00	-8.807427	-0.02338907	0.00	0.06658874	8.23131	10.00	0.00413468
-6.045549	10.00	-8.741674	-0.02309572	0.00	0.06575355	8.18174	10.00	0.004123234
-6.068764	10.00	-8.675581	-0.02321505	0.00	0.06609329	8.132413	10.00	0.004111806
-6.093139	10.00	-8.609812	-0.02437485	0.00	0.06576912	8.082823	10.00	0.00410036
-6.118925	10.00	-8.543692	-0.02578543	0.00	0.06612018	8.032772	10.00	0.004088841
-6.144949	10.00	-8.476958	-0.02602447	0.00	0.06673313	7.983253	10.00	0.004077395
-6.170698	10.00	-8.410932	-0.025749	0.00	0.06602675	7.933273	10.00	0.004065802
-6.196686	10.00	-8.344292	-0.02598803	0.00	0.0666397	7.883436	10.00	0.004054265
-6.2226	10.00	-8.277843	-0.02591351	0.00	0.0664486	7.833994	10.00	0.004042874
-6.248308	10.00	-8.21192	-0.0257087	0.00	0.06592342	7.785238	10.00	0.004031538
-6.27366	10.00	-8.146913	-0.02535153	0.00	0.06500754	7.733894	10.00	0.004019744
-6.300357	10.00	-8.078453	-0.02669741	0.00	0.06845871	7.68565	10.00	0.004008481
-6.325443	10.00	-8.014129	-0.02508544	0.00	0.06432523	7.636606	10.00	0.0039972
-6.350945	10.00	-7.948736	-0.02550168	0.00	0.06539258	7.584778	10.00	0.003985204
-6.377893	10.00	-7.879633	-0.02694859	0.00	0.0691028	7.537029	10.00	0.003974162
-6.402721	10.00	-7.815968	-0.02482819	0.00	0.06366558	7.487176	10.00	0.003962697
-6.428644	10.00	-7.749496	-0.02592234	0.00	0.06647125	7.436264	10.00	0.003950976
-6.455116	10.00	-7.681613	-0.02647273	0.00	0.06788258	7.387736	10.00	0.003939695
-6.480349	10.00	-7.61691	-0.02523284	0.00	0.06470319	7.337829	10.00	0.003928139
-6.5063	10.00	-7.550365	-0.02595105	0.00	0.06654485	7.289546	10.00	0.003917023
-6.531405	10.00	-7.485989	-0.02510531	0.00	0.06437619	7.238503	10.00	0.003905266
-6.557947	10.00	-7.417931	-0.02654118	0.00	0.06805811	7.190468	10.00	0.003894076
-6.582923	10.00	-7.353885	-0.02497669	0.00	0.06404636	7.140879	10.00	0.00388263
-6.608708	10.00	-7.287766	-0.02578488	0.00	0.06611877	7.091133	10.00	0.003871074
-6.634574	10.00	-7.221439	-0.02586603	0.00	0.06632686	7.041732	10.00	0.003859665
-6.660262	10.00	-7.15557	-0.02568772	0.00	0.06586963	6.992154	10.00	0.003848292
-6.686041	10.00	-7.089467	-0.02577881	0.00	0.0661032	6.942975	10.00	0.003836865
-6.711613	10.00	-7.023894	-0.02557179	0.00	0.06557235	6.893913	10.00	0.003825528
-6.737123	10.00	-6.958479	-0.02551052	0.00	0.06541523	6.843836	10.00	0.003813955
-6.763162	10.00	-6.891709	-0.02603882	0.00	0.06676994	6.794836	10.00	0.003802618
-6.78864	10.00	-6.826375	-0.0254785	0.00	0.06533312	6.745009	10.00	0.003791136
-6.814549	10.00	-6.75994	-0.02590854	0.00	0.06643586	6.695691	10.00	0.003779726
-6.840193	10.00	-6.694182	-0.02564411	0.00	0.0657578	6.646128	10.00	0.003768354
-6.865964	10.00	-6.628098	-0.02577108	0.00	0.06608338	6.594748	10.00	0.003756413
-6.89268	10.00	-6.559592	-0.02671618	0.00	0.06850684	6.546082	10.00	0.003745132
-6.917985	10.00	-6.494703	-0.02530516	0.00	0.06488863	6.496964	10.00	0.003733796
-6.943525	10.00	-6.429213	-0.02553977	0.00	0.06549025	6.447767	10.00	0.00372246
-6.969107	10.00	-6.363616	-0.02558118	0.00	0.06559642	6.398231	10.00	0.003711087
-6.994864	10.00	-6.297568	-0.02575728	0.00	0.06604799	6.348802	10.00	0.003699586
-7.020566	10.00	-6.231664	-0.02570152	0.00	0.06590501	6.299202	10.00	0.00368814
-7.046356	10.00	-6.165531	-0.0257904	0.00	0.06613293	6.249519	10.00	0.003676676
-7.07219	10.00	-6.099286	-0.02583401	0.00	0.06624475	6.198942	10.00	0.00366501
-7.098488	10.00	-6.031849	-0.02629884	0.00	0.06743667	6.149625	10.00	0.003653583
-7.124132	10.00	-5.966094	-0.02564301	0.00	0.06575496	6.099985	10.00	0.003642137
-7.149943	10.00	-5.899908	-0.02581138	0.00	0.06618672	6.04967	10.00	0.003630545
-7.176105	10.00	-5.83282	-0.02616248	0.00	0.06708702	6.000833	10.00	0.003619263
-7.202761	10.00	-5.767704	-0.02665507	0.00	0.06511654	5.951234	10.00	0.003607817
-7.230471	10.00	-5.701572	-0.02771088	0.00	0.06613151	5.90171	10.00	0.003596353
-7.260698	10.00	-5.63554	-0.0302269	0.00	0.06603242	5.852195	10.00	0.003584834
-7.291558	10.00	-5.569522	-0.03085966	0.00	0.06601826	5.802338	10.00	0.003573443
-7.322632	10.00	-5.503045	-0.03107405	0.00	0.06647691	5.752158	10.00	0.003561777
-7.353907	10.00	-5.436138	-0.03127521	0.00	0.06690724	5.703528	10.00	0.003550569
-7.384216	10.00	-5.371298	-0.03030847	0.00	0.06483909	5.653874	10.00	0.00353905
-7.413239	10.00	-5.305093	-0.02902384	0.00	0.06620511	5.604112	10.00	0.003527567
-7.442327	10.00	-5.238744	-0.02908714	0.00	0.06634951	5.554687	10.00	0.003516231
-7.471217	10.00	-5.172843	-0.02889041	0.00	0.06590077	5.505198	10.00	0.003504694
-7.500144	10.00	-5.106857	-0.02892765	0.00	0.0659857	5.45529	10.00	0.003493229
-7.529317	10.00	-5.040314	-0.02917216	0.00	0.06654344	5.406074	10.00	0.00348182
-7.558085	10.00	-4.974692	-0.02876816	0.00	0.0656219	5.356684	10.00	0.003470466
-7.58823	10.00	-4.908839	-0.0301446	0.00	0.06585264	5.306204	10.00	0.0034588
-7.619691	10.00	-4.841533	-0.03146181	0.00	0.06730644	5.257202	10.00	0.003447446
-7.650232	10.00	-4.776197	-0.03054072	0.00	0.06533595	5.208008	10.00	0.003436036
-7.678988	10.00	-4.710605	-0.02875513	0.00	0.06559217	5.156796	10.00	0.003424279
-7.708921	10.00	-4.642323	-0.02993423	0.00	0.06828177	5.108809	10.00	0.003413144
-7.735732	10.00	-4.578341	-0.02681046	0.00	0.06398267	5.058906	10.00	0.003401662
-7.762324	10.00	-4.511803	-0.02659256	0.00	0.06653778	5.009536	10.00	0.003390252
-7.788633	10.00	-4.445975	-0.02630856	0.00	0.06582716	4.960004	10.00	0.003378714
-7.816307	10.00	-4.379933	-0.02767351	0.00	0.06604233	4.910329	10.00	0.003367269
-7.844701	10.00	-4.3137	-0.02839492	0.00	0.06623343	4.860682	10.00	0.003355878
-7.873081	10.00	-4.247503	-0.02837914	0.00	0.06619663	4.811426	10.00	0.003344469
-7.901236	10.00	-4.181829	-0.02815521	0.00	0.06567428	4.761703	10.00	0.003336012
-7.929658	10.00	-4.115532	-0.02842223	0.00	0.06629713	4.712043	10.00	0.003327555
-7.958045	10.00	-4.049318	-0.02838642	0.00	0.06621361	4.662555	10.00	0.00331919
-7.986332	10.00	-3.983334	-0.02828811	0.00	0.06598429	4.612778	10.00	0.003310734
-8.014786	10.00	-3.916965	-0.02845318	0.00	0.06636932	4.563475	10.00	0.003302314
-8.042969	10.00	-3.851227	-0.02818252	0.00	0.06573798	4.513438	10.00	0.003293821
-8.071569	10.00	-3.784512	-0.02860126	0.00	0.06671473	4.46228	10.00	0.00328498
-8.100812	10.00	-3.716301	-0.02924272	0.00	0.06821099	4.414635	10.00	0.003277036
-8.128047	10.00	-3.652774	-0.02723458	0.00	0.06352685	4.364787	10.00	0.00326858
-8.156541	10.00	-3.58631	-0.02849384	0.00	0.06646417	4.314984	10.00	0.003260031
-8.185008	10.00	-3.519907	-0.02846775	0.00	0.0664033	4.265862	10.00	0.003251703
-8.209916	10.00	-3.454411	-0.02490779	0.00	0.06549592	4.216152	10.00	0.003243247
-8.234481	10.00	-3.38813	-0.02456425	0.00	0.06628014	4.166633	10.00	0.003234863
-8.257032	10.00	-3.322105	-0.02255186	0.00	0.06602534	4.117311	10.00	0.003226462
-8.278857	10.00	-3.256343	-0.02182517	0.00	0.06576204	4.067673	10.00	0.003218024
-8.300182	10.00	-3.190158	-0.02132477	0.00	0.0661853	4.008358	10.00	0.003207993
-8.325664	10.00	-3.111072	-0.02548118	0.00	0.07908545	3.967919	10.00	0.003201037
-8.343037	10.00	-3.057153	-0.0173727	0.00	0.05391933	3.918325	10.00	0.003192599
-8.364342	10.00	-2.991027	-0.02130562	0.00	0.06612585	3.86875	10.00	0.003184234
-8.385639	10.00	-2.924927	-0.02129741	0.00	0.06610037	3.819654	10.00	0.003175906
-8.406731	10.00	-2.859466	-0.02109125	0.00	0.06546053	3.770065	10.00	0.003167449
-8.428034	10.00	-2.793347	-0.02130334	0.00	0.06611877	3.720479	10.00	0.003159011
-8.449336	10.00	-2.727233	-0.02130197	0.00	0.06611452	3.67092	10.00	0.003150628
-8.469347	10.00	-2.661154	-0.02001089	0.00	0.06607913	3.621482	10.00	0.003142226
-8.488032	10.00	-2.595236	-0.01868547	0.00	0.06591775	3.571955	10.00	0.003133788
-8.506751	10.00	-2.529201	-0.01871878	0.00	0.06603525	3.522227	10.00	0.003125313
-8.525546	10.00	-2.462897	-0.01879502	0.00	0.06630421	3.472839	10.00	0.003116985
-8.544212	10.00	-2.397045	-0.01866662	0.00	0.06585123	3.422541	10.00	0.0031084
-8.561924	10.00	-2.329983	-0.01771137	0.00	0.06706296	3.364537	10.00	0.003098571
-8.580852	10.00	-2.252644	-0.01892746	0.00	0.07733863	3.274635	10.00	0.003083306
-8.610188	10.00	-2.132774	-0.02933629	0.00	0.1198696	3.225224	10.00	0.003074886
-8.626311	10.00	-2.066893	-0.01612337	0.00	0.06588095	3.175199	10.00	0.003066392
-8.642635	10.00	-2.000193	-0.01632396	0.00	0.06670057	3.124372	10.00	0.00305779
-8.659221	10.00	-1.932423	-0.01658552	0.00	0.06776933	3.076795	10.00	0.003049681
-8.674746	10.00	-1.868987	-0.01552507	0.00	0.06343625	3.026552	10.00	0.003041115
-8.69114	10.00	-1.801996	-0.01639498	0.00	0.06699076	2.977365	10.00	0.003032841
-8.707191	10.00	-1.736414	-0.01605027	0.00	0.06558226	2.927473	10.00	0.003024311
-8.724759	10.00	-1.669892	-0.01756856	0.00	0.0665222	2.878422	10.00	0.003015983
-8.742665	10.00	-1.604489	-0.01790613	0.00	0.06540249	2.828875	10.00	0.003007527
-8.760753	10.00	-1.538427	-0.01808673	0.00	0.06606214	2.779328	10.00	0.002999162
-8.778839	10.00	-1.472365	-0.01808673	0.00	0.06606214	2.72977	10.00	0.002990724
-8.79693	10.00	-1.406287	-0.018091	0.00	0.06607772	2.680192	10.00	0.002982267
-8.815028	10.00	-1.340183	-0.01809836	0.00	0.06610461	2.630623	10.00	0.002973829
-8.833123	10.00	-1.274091	-0.01809487	0.00	0.06609187	2.580745	10.00	0.002965354
-8.851331	10.00	-1.207587	-0.01820765	0.00	0.06650381	2.531081	10.00	0.002957062
-8.86946	10.00	-1.141369	-0.01812936	0.00	0.06621785	2.481539	10.00	0.002948551
-8.887546	10.00	-1.075313	-0.01808518	0.00	0.06605648	2.431722	10.00	0.002940076
-8.90573	10.00	-1.008891	-0.01818517	0.00	0.0664217	2.382506	10.00	0.003063062
-8.923723	10.00	-0.9431742	-0.01799217	0.00	0.06571674	2.332807	10.00	0.003298874
-8.941885	10.00	-0.8768375	-0.01816192	0.00	0.06633677	2.283499	10.00	0.003532706
-8.959904	10.00	-0.8110216	-0.0180193	0.00	0.06581584	2.23384	10.00	0.003842061
-8.978038	10.00	-0.7447868	-0.01813401	0.00	0.06623484	2.182317	10.00	0.00424915
-8.996882	10.00	-0.6759586	-0.01884403	0.00	0.06882818	2.134879	10.00	0.004703372
-9.014259	10.00	-0.6124884	-0.0173771	0.00	0.06347022	2.085803	10.00	0.005335839
-9.032274	10.00	-0.5466867	-0.01801542	0.00	0.06580168	2.036024	10.00	0.006139345
-9.050565	10.00	-0.4798828	-0.01828981	0.00	0.06680391	1.987219	10.00	0.006962621
-9.068503	10.00	-0.4143614	-0.01793868	0.00	0.0655214	1.938108	10.00	0.008010817
-9.086542	10.00	-0.3484748	-0.01803868	0.00	0.06588662	1.887744	10.00	0.009159168
-9.105027	10.00	-0.2809574	-0.01848514	0.00	0.06751736	1.839501	10.00	0.01036521
-9.122772	10.00	-0.216141	-0.01774568	0.00	0.06481644	1.790217	10.00	0.01171024
-9.140891	10.00	-0.1499614	-0.0181189	0.00	0.06617964	1.740562	10.00	0.01306748
-9.159208	10.00	-0.08305695	-0.01831733	0.00	0.06690441	1.692384	10.00	0.01451784
-9.17709	10.00	-0.01774789	-0.01788055	0.00	0.06530906	1.643024	10.00	0.01594739
-9.195395	10.00	0.04911122	-0.01830493	0.00	0.06685911	1.593734	10.00	0.01720881
-9.213724	10.00	0.1160623	-0.01833012	0.00	0.06695113	1.546388	10.00	0.01833225
-9.230127	10.00	0.1805334	-0.01640258	0.00	0.06447104	1.497814	10.00	0.01954628
-9.24633	10.00	0.2467413	-0.0162034	0.00	0.06620795	1.449628	10.00	0.02076049
-9.262442	10.00	0.3125727	-0.01611125	0.00	0.06583141	1.401271	10.00	0.02207417
-9.278656	10.00	0.378826	-0.01621448	0.00	0.06625324	1.352825	10.00	0.02322164
-9.294902	10.00	0.445208	-0.01624601	0.00	0.06638207	1.304929	10.00	0.02418878
-9.310961	10.00	0.5108257	-0.01605893	0.00	0.06561765	1.256568	10.00	0.02499953
-9.327168	10.00	0.5770478	-0.01620686	0.00	0.0662221	1.208102	10.00	0.02564338
-9.343406	10.00	0.6433973	-0.01623804	0.00	0.06634951	1.159511	10.00	0.02611013
-9.359665	10.00	0.7098317	-0.01625883	0.00	0.06643444	1.111472	10.00	0.02640427
-9.375734	10.00	0.7754947	-0.01607002	0.00	0.06566295	1.062474	10.00	0.02654966
-9.390808	10.00	0.8423765	-0.01507309	0.00	0.06688176	1.014387	10.00	0.02645396
-9.403657	10.00	0.9078242	-0.01284874	0.00	0.06544778	0.9658717	10.00	0.02620351
-9.414688	10.00	0.9737717	-0.01103116	0.00	0.06594748	0.9172227	10.00	0.02592581
-9.425703	10.00	1.039627	-0.01101577	0.00	0.06585547	0.868062	10.00	0.02552192
-9.434881	10.00	1.106022	-0.009177303	0.00	0.06639481	0.8190939	10.00	0.02505378
-9.443355	10.00	1.171948	-0.008474181	0.00	0.06592625	0.76898	10.00	0.02469483
-9.451991	10.00	1.239132	-0.00863576	0.00	0.06718328	0.7205043	10.00	0.02446193
-9.460328	10.00	1.303993	-0.008337349	0.00	0.06486174	0.6709888	10.00	0.02430706
-9.46755	10.00	1.370142	-0.007221732	0.00	0.0661485	0.6201716	10.00	0.02424542
-9.469699	10.00	1.437898	-0.00214866	0.00	0.06775659	0.5719782	10.00	0.02418726
-9.46987	10.00	1.502157	-0.0001711081	0.00	0.0642587	0.5222696	10.00	0.02412716
-9.46987	10.00	1.568436	0	0.00	0.06627873	0.472667	10.00	0.02406728
-9.46987	10.00	1.634573	0	0.00	0.06613717	0.4230432	10.00	0.02399443
-9.46987	10.00	1.700763	0	0.00	0.06618955	0.3734342	10.00	0.02392164
-9.46987	10.00	1.766932	0	0.00	0.06616973	0.3236952	10.00	0.02386161
-9.46987	10.00	1.833251	0	0.00	0.06631836	0.2740607	10.00	0.02380344
-9.46987	10.00	1.89943	0	0.00	0.06617964	0.224532	10.00	0.02374539
-9.46987	10.00	1.96547	0	0.00	0.0660395	0.1751377	10.00	0.02368761
-9.46987	10.00	2.031329	0	0.00	0.06585972	0.1256082	10.00	0.02362951
-9.46987	10.00	2.097369	0	0.00	0.0660395	0.07593555	10.00	0.02357139
-9.46987	10.00	2.163599	0	0.00	0.0662306	0.02618456	10.00	0.02351313
-9.46987	10.00	2.229935	0	0.00	0.06633535	-0.02331976	10.00	0.02345508
-9.46987	10.00	2.29594	0	0.00	0.06600552	-0.07341598	10.00	0.0233964
-9.46987	10.00	2.362736	0	0.00	0.06679542	-0.1223949	10.00	0.023339
-9.46987	10.00	2.428042	0	0.00	0.06530622	-0.1724235	10.00	0.02328038
-9.46987	10.00	2.494747	0	0.00	0.06670482	-0.2221753	10.00	0.0232221
-9.46987	10.00	2.561084	0	0.00	0.06633677	-0.2714305	10.00	0.0231644
-9.46987	10.00	2.626758	0	0.00	0.06567428	-0.3207822	10.00	0.02310655
-9.46987	10.00	2.692559	0	0.00	0.06580168	-0.3700913	10.00	0.02304878
-9.46987	10.00	2.758306	0	0.00	0.06574647	-0.4195368	10.00	0.02299084
-9.46987	10.00	2.824234	0	0.00	0.06592766	-0.4693829	10.00	0.0229325
-9.46987	10.00	2.890695	0	0.00	0.06646134	-0.5181578	10.00	0.02287537
-9.46987	10.00	2.955729	0	0.00	0.06503443	-0.5682937	10.00	0.02281661
-9.46987	10.00	3.022577	0	0.00	0.06684779	-0.6198664	10.00	0.02275627
-9.46987	10.00	3.091342	0	0.00	0.06876448	-0.6667135	10.00	0.02273561
-9.46987	10.00	3.153811	0	0.00	0.06246941	-0.7161321	10.00	0.02280948
-9.46987	10.00	3.219797	0	0.00	0.0659857	-0.7655355	10.00	0.02299437
-9.46987	10.00	3.28574	0	0.00	0.06594323	-0.8150731	10.00	0.02317953
-9.46987	10.00	3.351863	0	0.00	0.06612302	-0.8644933	10.00	0.02343757
-9.46987	10.00	3.417781	0	0.00	0.06591775	-0.9139934	10.00	0.02369614
-9.46987	10.00	3.483932	0	0.00	0.06615133	-0.9642586	10.00	0.02404173
-9.46987	10.00	3.55108	0	0.00	0.0671479	-1.013761	10.00	0.02446471
-9.46987	10.00	3.617312	0	0.00	0.06623201	-1.06371	10.00	0.02489151
-9.46987	10.00	3.68427	0	0.00	0.0669582	-1.112301	10.00	0.02535598
-9.46987	10.00	3.749572	0	0.00	0.06530198	-1.161682	10.00	0.02594447
-9.46987	10.00	3.815777	0	0.00	0.06620511	-1.211363	10.00	0.02655819
-9.46987	10.00	3.882355	0	0.00	0.06657741	-1.260235	10.00	0.02729094
-9.46987	10.00	3.947706	0	0.00	0.06535152	-1.310114	10.00	0.02805359
-9.46987	10.00	4.014548	0	0.00	0.06684212	-1.359096	10.00	0.02887393
-9.46987	10.00	4.080141	0	0.00	0.06559217	-1.408396	10.00	0.02975446
-9.46987	10.00	4.146217	0	0.00	0.0660763	-1.458486	10.00	0.0307008
-9.46987	10.00	4.21344	0	0.00	0.06722292	-1.5076	10.00	0.03167032
-9.46987	10.00	4.279492	0	0.00	0.06605224	-1.55581	10.00	0.03262232
-9.46987	10.00	4.344551	0	0.00	0.0650585	-1.604533	10.00	0.03372261
-9.46987	10.00	4.410374	0	0.00	0.06582291	-1.655759	10.00	0.03487704
-9.46987	10.00	4.479577	0	0.00	0.06920331	-1.702229	10.00	0.03575779
-9.46987	10.00	4.542331	0	0.00	0.06275394	-1.751384	10.00	0.03653104
-9.46987	10.00	4.608673	0	0.00	0.06634243	-1.80015	10.00	0.0371324
-9.46987	10.00	4.674454	0	0.00	0.06578045	-1.849213	10.00	0.03757175
-9.46987	10.00	4.740599	0	0.00	0.06614567	-1.898489	10.00	0.03785019
-9.46987	10.00	4.80697	0	0.00	0.06637074	-1.947471	10.00	0.03796797
-9.46987	10.00	4.872869	0	0.00	0.06589935	-1.996832	10.00	0.0379342
-9.46987	10.00	4.939182	0	0.00	0.0663127	-2.046129	10.00	0.0377375
-9.46987	10.00	5.005351	0	0.00	0.06616832	-2.095482	10.00	0.03737525
-9.46987	10.00	5.071551	0	0.00	0.06620087	-2.14522	10.00	0.03701766
-9.46987	10.00	5.138089	0	0.00	0.06653778	-2.194035	10.00	0.03674157
-9.46987	10.00	5.203404	0	0.00	0.06531472	-2.243467	10.00	0.03654467
-9.46987	10.00	5.269442	0	0.00	0.06603808	-2.29325	10.00	0.03644229
-9.46987	10.00	5.335818	0	0.00	0.0663764	-2.34279	10.00	0.03634076
-9.46987	10.00	5.401873	0	0.00	0.06605507	-2.391993	10.00	0.03623978
-9.46987	10.00	5.467478	0	0.00	0.06560491	-2.441878	10.00	0.03613748
-9.46987	10.00	5.533993	0	0.00	0.06651513	-2.494058	10.00	0.03603048
-9.46987	10.00	5.603566	0	0.00	0.06957278	-2.540877	10.00	0.03593434
-9.46987	10.00	5.665993	0	0.00	0.06242694	-2.590481	10.00	0.03583266
-9.46987	10.00	5.732131	0	0.00	0.06613859	-2.640508	10.00	0.03573003
-9.46987	10.00	5.798835	0	0.00	0.0667034	-2.689708	10.00	0.03561621
-9.46987	10.00	5.86446	0	0.00	0.06562473	-2.73928	10.00	0.03550162
-9.46987	10.00	5.930582	0	0.00	0.0661216	-2.788726	10.00	0.03540024
-9.46987	10.00	5.996509	0	0.00	0.06592766	-2.838248	10.00	0.03529876
-9.46987	10.00	6.062539	0	0.00	0.06602959	-2.887672	10.00	0.03519749
-9.46987	10.00	6.128438	0	0.00	0.06589935	-2.939708	10.00	0.03509078
-9.46987	10.00	6.19782	0	0.00	0.06938167	-2.987547	10.00	0.03499283
-9.46987	10.00	6.261607	0	0.00	0.06378731	-3.047956	10.00	0.03486894
-9.46987	10.00	6.342153	0	0.00	0.08054633	-3.135796	10.00	0.03468895
-9.46987	10.00	6.459274	0	0.00	0.1171206	-3.185101	10.00	0.03458789
-9.46987	10.00	6.525015	0	0.00	0.06574081	-3.234875	10.00	0.03448581
-9.46987	10.00	6.591383	0	0.00	0.06636791	-3.284413	10.00	0.03438443
-9.46987	10.00	6.657434	0	0.00	0.06605082	-3.333926	10.00	0.03428282
-9.46987	10.00	6.723452	0	0.00	0.06601826	-3.38353	10.00	0.03418113
-9.46987	10.00	6.78959	0	0.00	0.06613859	-3.433206	10.00	0.03407936
-9.46987	10.00	6.855825	0	0.00	0.06623484	-3.482849	10.00	0.03397751
-9.46987	10.00	6.922018	0	0.00	0.06619238	-3.533184	10.00	0.03387452
-9.46987	10.00	6.989133	0	0.00	0.06711534	-3.582568	10.00	0.03377324
-9.46987	10.00	7.054977	0	0.00	0.06584415	-3.633644	10.00	0.03366854
-9.46987	10.00	7.12308	0	0.00	0.0681034	-3.681376	10.00	0.03369797
-9.46987	10.00	7.186814	0	0.00	0.06373352	-3.731263	10.00	0.03372878
-9.46987	10.00	7.253427	0	0.00	0.0666128	-3.782344	10.00	0.03387467
-9.46987	10.00	7.321609	0	0.00	0.06818268	-3.830399	10.00	0.0340115
-9.46987	10.00	7.385752	0	0.00	0.06414262	-3.879718	10.00	0.03415129
-9.46987	10.00	7.451583	0	0.00	0.06583141	-3.931385	10.00	0.03437446
-9.46987	10.00	7.520499	0	0.00	0.06891595	-3.97898	10.00	0.03459582
-9.46987	10.00	7.584026	0	0.00	0.06352685	-4.028232	10.00	0.0348901
-9.46987	10.00	7.649821	0	0.00	0.0657946	-4.078961	10.00	0.03527777
-9.46987	10.00	7.717693	0	0.00	0.06787267	-4.126857	10.00	0.03564255
-9.46987	10.00	7.781775	0	0.00	0.06408175	-4.176123	10.00	0.03614558
-9.46987	10.00	7.847827	0	0.00	0.06605224	-4.227012	10.00	0.0366684
-9.46987	10.00	7.916057	0	0.00	0.06822939	-4.274353	10.00	0.03720932
-9.46987	10.00	7.979497	0	0.00	0.06344049	-4.323612	10.00	0.03777023
-9.46987	10.00	8.045507	0	0.00	0.06600977	-4.372827	10.00	0.0384594
-9.46987	10.00	8.111318	0	0.00	0.06581017	-4.422414	10.00	0.03915886
-9.46987	10.00	8.177617	0	0.00	0.06629996	-4.471552	10.00	0.03993319
-9.46987	10.00	8.243418	0	0.00	0.06580026	-4.5214	10.00	0.04071625
-9.46987	10.00	8.310167	0	0.00	0.06675012	-4.570697	10.00	0.04154513
-9.46987	10.00	8.376235	0	0.00	0.06606781	-4.619823	10.00	0.0424213
-9.46987	10.00	8.442162	0	0.00	0.06592625	-4.668904	10.00	0.04333532
-9.46987	10.00	8.508039	0	0.00	0.06587812	-4.717879	10.00	0.04426182
-9.46987	10.00	8.573997	0	0.00	0.06595739	-4.767125	10.00	0.04502774
-9.46987	10.00	8.640277	0	0.00	0.06628014	-4.816097	10.00	0.04562588
-9.46987	10.00	8.706131	0	0.00	0.06585406	-4.865565	10.00	0.04606404
-9.46987	10.00	8.772614	0	0.00	0.06648257	-4.914956	10.00	0.04633339
-9.46987	10.00	8.838962	0	0.00	0.06634809	-4.964036	10.00	0.04644383
-9.46987	10.00	8.904811	0	0.00	0.0658484	-5.013122	10.00	0.04640007
-9.46987	10.00	8.970581	0	0.00	0.06577054	-5.062513	10.00	0.04619276
-9.46987	10.00	9.036713	0	0.00	0.06613151	-5.11193	10.00	0.04586417
-9.46987	10.00	9.102833	0	0.00	0.06612018	-5.161217	10.00	0.04553659
-9.46987	10.00	9.168781	0	0.00	0.0659489	-5.212629	10.00	0.04528097
-9.46987	10.00	9.237464	0	0.00	0.06868238	-5.260435	10.00	0.0451353
-9.46987	10.00	9.301208	0	0.00	0.06374343	-5.310093	10.00	0.04498431
-9.46987	10.00	9.367419	0	0.00	0.06621219	-5.359497	10.00	0.0448341
-9.46987	10.00	9.433292	0	0.00	0.06587246	-5.409137	10.00	0.04468328
-9.46987	10.00	9.499481	0	0.00	0.06618955	-5.458804	10.00	0.04453221
-9.46987	10.00	9.565705	0	0.00	0.06622352	-5.508081	10.00	0.04438245
-9.46987	10.00	9.631409	0	0.00	0.065704	-5.557743	10.00	0.04423138
-9.46987	10.00	9.697624	0	0.00	0.06621502	-5.607111	10.00	0.04408132
-9.46987	10.00	9.76345	0	0.00	0.06582575	-5.657034	10.00	0.04392955
-9.46987	10.00	9.830016	0	0.00	0.06656609	-5.706531	10.00	0.04377902
-9.46987	10.00	9.896013	0	0.00	0.06599703	-5.758461	10.00	0.04362116
-9.46987	10.00	9.965253	0	0.00	0.06924012	-5.805835	10.00	0.04347712
-9.46987	10.00	10.02842	0	0.00	0.0631687	-5.855052	10.00	0.04332743
-9.46987	10.00	10.09405	0	0.00	0.06562473	-5.904729	10.00	0.04317635
-9.46987	10.00	10.16028	0	0.00	0.06623626	-5.954307	10.00	0.04302566
-9.46987	10.00	10.22639	0	0.00	0.0661032	-6.003922	10.00	0.04287476
-9.46987	10.00	10.29254	0	0.00	0.06615699	-6.053619	10.00	0.04272369
-9.46987	10.00	10.35881	0	0.00	0.06626315	-6.103925	10.00	0.04257075
-9.46987	10.00	10.42588	0	0.00	0.06707428	-6.153201	10.00	0.04242084
-9.46987	10.00	10.49158	0	0.00	0.065704	-6.203914	10.00	0.04226664
-9.46987	10.00	10.5592	0	0.00	0.06761786	-6.251848	10.00	0.04212094
-9.46987	10.00	10.62312	0	0.00	0.0639133	-6.301094	10.00	0.04197125
-9.467152	10.00	10.68878	0.002718016	0.00	0.06566153	-6.352582	10.00	0.04181475
-9.461651	10.00	10.75743	0.005500969	0.00	0.06865407	-6.400664	10.00	0.04166851
-9.454652	10.00	10.82154	0.006999187	0.00	0.06411006	-6.449913	10.00	0.04151874
-9.446211	10.00	10.88721	0.0084407	0.00	0.06566578	-6.499524	10.00	0.04136799
-9.437708	10.00	10.95336	0.008502749	0.00	0.0661485	-6.549263	10.00	0.0412167
-9.429183	10.00	11.01968	0.008524948	0.00	0.06632119	-6.598663	10.00	0.04106657
-9.420716	10.00	11.08554	0.008466722	0.00	0.06586821	-6.648178	10.00	0.04091602
-9.41223	10.00	11.15156	0.008486191	0.00	0.06601968	-6.697597	10.00	0.04076581
-9.40376	10.00	11.21746	0.008469814	0.00	0.06589227	-6.747225	10.00	0.04061491
-9.395254	10.00	11.28363	0.008506207	0.00	0.06617539	-6.796995	10.00	0.04046369
-9.386724	10.00	11.34999	0.008529861	0.00	0.06635942	-6.846768	10.00	0.04031226
-9.378194	10.00	11.41636	0.008530589	0.00	0.06636508	-6.89627	10.00	0.04016173
-9.368431	10.00	11.48236	0.009762619	0.00	0.06600552	-6.945634	10.00	0.04001166
-9.358696	10.00	11.54818	0.009735191	0.00	0.06582008	-6.995202	10.00	0.03986098
-9.348921	10.00	11.61427	0.009775181	0.00	0.06609046	-7.044923	10.00	0.03970984
-9.339115	10.00	11.68057	0.00980554	0.00	0.06629571	-7.094294	10.00	0.03955964
-9.329379	10.00	11.7464	0.009736448	0.00	0.06582858	-7.14395	10.00	0.03940872
-9.317021	10.00	11.81261	0.01235742	0.00	0.06621078	-7.195504	10.00	0.03925193
-9.30286	10.00	11.88135	0.01416076	0.00	0.06874041	-7.243264	10.00	0.03910671
-9.287892	10.00	11.94503	0.01496805	0.00	0.06367972	-7.292792	10.00	0.03895617
-9.270452	10.00	12.01107	0.0174407	0.00	0.06603808	-7.344458	10.00	0.03879907
-9.252258	10.00	12.07996	0.01819365	0.00	0.06888905	-7.392488	10.00	0.03865298
-9.235965	10.00	12.144	0.01629346	0.00	0.06404211	-7.441638	10.00	0.03850357
-9.219292	10.00	12.20953	0.01667305	0.00	0.06553414	-7.493472	10.00	0.03834601
-9.20037	10.00	12.27864	0.01892193	0.00	0.06911271	-7.541242	10.00	0.03820072
-9.182931	10.00	12.34234	0.01743873	0.00	0.0636953	-7.590982	10.00	0.03804958
-9.164131	10.00	12.40866	0.01879984	0.00	0.06632119	-7.642	10.00	0.03789439
-9.144848	10.00	12.47669	0.01928296	0.00	0.06802555	-7.690166	10.00	0.03774798
-9.126643	10.00	12.54091	0.01820476	0.00	0.0642219	-7.739482	10.00	0.03759807
-9.108004	10.00	12.60666	0.01863973	0.00	0.06575638	-7.788657	10.00	0.03744852
-9.089417	10.00	12.67223	0.01858636	0.00	0.06556811	-7.838535	10.00	0.03729687
-9.07121	10.00	12.73874	0.01820765	0.00	0.06650381	-7.887802	10.00	0.03714718
-9.053225	10.00	12.80443	0.01798519	0.00	0.06569126	-7.937126	10.00	0.03699719
-9.035219	10.00	12.87019	0.01800573	0.00	0.06576629	-7.986525	10.00	0.03684706
-9.017185	10.00	12.93606	0.01803325	0.00	0.0658668	-8.036244	10.00	0.03669585
-8.999035	10.00	13.00235	0.01815029	0.00	0.0662943	-8.085662	10.00	0.03654562
-8.980996	10.00	13.06824	0.01803945	0.00	0.06588944	-8.135462	10.00	0.03639426
-8.962815	10.00	13.13465	0.01818013	0.00	0.0664033	-8.187354	10.00	0.03623648
-8.938512	10.00	13.20384	0.02430345	0.00	0.06919198	-8.234417	10.00	0.03609334
-8.915257	10.00	13.26659	0.02325529	0.00	0.06274828	-8.283924	10.00	0.0359428
-8.893349	10.00	13.3326	0.02190832	0.00	0.0660126	-8.334499	10.00	0.03578911
-8.870316	10.00	13.40003	0.02303296	0.00	0.06743384	-8.383241	10.00	0.03564094
-8.848118	10.00	13.46251	0.02219794	0.00	0.06247201	-8.433018	10.00	0.03548965
-8.824804	10.00	13.52502	0.023313	0.00	0.06251612	-8.483819	10.00	0.03533516
-8.801013	10.00	13.58751	0.02379132	0.00	0.06248706	-8.532334	10.00	0.03518772
-8.777664	10.00	13.64531	0.02334869	0.00	0.05780016	-8.581795	10.00	0.03503729
-8.753861	10.00	13.70232	0.02380342	0.00	0.05701006	-8.632618	10.00	0.0348828
-8.727435	10.00	13.75762	0.02642581	0.00	0.05529571	-8.68035	10.00	0.0347378
-8.702615	10.00	13.80894	0.02482101	0.00	0.05132141	-8.730267	10.00	0.03458603
-8.677303	10.00	13.8626	0.025311	0.00	0.05366706	-8.780863	10.00	0.0344322
-8.652302	10.00	13.917	0.02500179	0.00	0.05439645	-8.829542	10.00	0.0342843
-8.628245	10.00	13.96934	0.02405588	0.00	0.05233843	-8.878862	10.00	0.03413439
-8.603874	10.00	14.02236	0.02437171	0.00	0.05302558	-8.928247	10.00	0.03398418
-8.57947	10.00	14.07546	0.02440424	0.00	0.05309635	-8.977968	10.00	0.03383297
-8.5549	10.00	14.12892	0.02457002	0.00	0.05345704	-9.027472	10.00	0.03368251
-8.530437	10.00	14.18214	0.02446194	0.00	0.0532219	-9.077135	10.00	0.03353144
-8.505896	10.00	14.23554	0.02454221	0.00	0.05339654	-9.127104	10.00	0.03337953
-8.481203	10.00	14.28926	0.02469278	0.00	0.05372414	-9.176488	10.00	0.03322932
-8.4568	10.00	14.34235	0.02440318	0.00	0.05309406	-9.225863	10.00	0.03307919
-8.432401	10.00	14.39544	0.02439899	0.00	0.05308493	-9.276107	10.00	0.03292655
-8.407572	10.00	14.44946	0.02482866	0.00	0.05401977	-9.325226	10.00	0.03277715
-8.3833	10.00	14.50227	0.02427203	0.00	0.0528087	-9.374815	10.00	0.03262639
-8.358795	10.00	14.55558	0.02450496	0.00	0.0533155	-9.424253	10.00	0.03247611
-8.334365	10.00	14.60874	0.02443046	0.00	0.05315341	-9.474615	10.00	0.03232295
-8.309477	10.00	14.66288	0.02488742	0.00	0.05414761	-9.522985	10.00	0.03217594
-8.285576	10.00	14.71489	0.02390164	0.00	0.05200285	-9.572798	10.00	0.03202451
-8.26096	10.00	14.76973	0.02461619	0.00	0.05484377	-9.622656	10.00	0.03187292
-8.236321	10.00	14.82527	0.0246377	0.00	0.05553539	-9.671702	10.00	0.03172389
-8.212085	10.00	14.8799	0.02423688	0.00	0.05463191	-9.721224	10.00	0.03157328
-8.187613	10.00	14.93506	0.02447139	0.00	0.05516052	-9.771623	10.00	0.03141998
-8.162709	10.00	14.98924	0.0249042	0.00	0.05418414	-9.82044	10.00	0.03127166
-8.138586	10.00	15.04173	0.02412356	0.00	0.05248567	-9.870366	10.00	0.03111983
-8.113914	10.00	15.0967	0.02467179	0.00	0.05496766	-9.919896	10.00	0.03096922
-8.089438	10.00	15.15187	0.02447558	0.00	0.05516998	-9.969168	10.00	0.03081952
-8.065089	10.00	15.20675	0.02434915	0.00	0.05488499	-10.01906	10.00	0.03066768
-8.040434	10.00	15.26233	0.02465553	0.00	0.0555756	-10.06844	10.00	0.03051763
-8.016032	10.00	15.31733	0.02440109	0.00	0.05500206	-10.11815	10.00	0.03036656
-7.99147	10.00	15.37269	0.02456267	0.00	0.05536629	-10.16736	10.00	0.03021694
-7.967154	10.00	15.42751	0.02431609	0.00	0.05481048	-10.21715	10.00	0.03006558
-7.94255	10.00	15.48297	0.02460412	0.00	0.05545971	-10.26707	10.00	0.0299138
-7.917877	10.00	15.53858	0.02467284	0.00	0.05561462	-10.31643	10.00	0.02976359
-7.893486	10.00	15.59356	0.02439112	0.00	0.05497959	-10.36592	10.00	0.02961331
-7.86903	10.00	15.64869	0.02445617	0.00	0.05512623	-10.4154	10.00	0.02946289
-7.844582	10.00	15.70379	0.02444778	0.00	0.0551073	-10.46501	10.00	0.02931206
-7.820063	10.00	15.75906	0.02451913	0.00	0.05526813	-10.51444	10.00	0.02916178
-7.795637	10.00	15.81412	0.02442574	0.00	0.05505764	-10.56416	10.00	0.02901056
-7.771067	10.00	15.8695	0.02456949	0.00	0.05538166	-10.61373	10.00	0.02885988
-7.746574	10.00	15.92471	0.0244929	0.00	0.05520901	-10.66306	10.00	0.02870997
-7.722195	10.00	15.97966	0.02437905	0.00	0.05495239	-10.71281	10.00	0.02855868
-7.698253	10.00	16.03508	0.02394239	0.00	0.05541595	-10.7628	10.00	0.0284067
-7.674198	10.00	16.09075	0.02405479	0.00	0.05567612	-10.812	10.00	0.02825715
-7.650517	10.00	16.14557	0.02368079	0.00	0.05481048	-10.86136	10.00	0.02810702
-7.626768	10.00	16.20053	0.02374977	0.00	0.05497013	-10.91347	10.00	0.02794864
-7.601687	10.00	16.25858	0.02508022	0.00	0.05804951	-10.96144	10.00	0.02780274
-7.578603	10.00	16.31202	0.02308455	0.00	0.05343044	-11.01097	10.00	0.02765213
-7.554765	10.00	16.36719	0.02383765	0.00	0.05517353	-11.06211	10.00	0.02749661
-7.530155	10.00	16.42415	0.02461017	0.00	0.05696156	-11.11007	10.00	0.0273508
-7.507072	10.00	16.47758	0.0230825	0.00	0.05342571	-11.15968	10.00	0.0271999
-7.483199	10.00	16.53283	0.02387341	0.00	0.05525631	-11.20912	10.00	0.02704962
-7.459408	10.00	16.5879	0.02379115	0.00	0.05506591	-11.25865	10.00	0.02689909
-7.435571	10.00	16.64307	0.02383714	0.00	0.05517235	-11.30826	10.00	0.02674818
-7.411696	10.00	16.69833	0.02387444	0.00	0.05525868	-11.35785	10.00	0.02659743
-7.387831	10.00	16.75357	0.02386524	0.00	0.05523739	-11.40787	10.00	0.02644522
-7.363758	10.00	16.80929	0.0240737	0.00	0.05571987	-11.45665	10.00	0.02629698
-7.340284	10.00	16.86362	0.02347336	0.00	0.05433036	-11.50685	10.00	0.02614441
-7.316123	10.00	16.91954	0.02416055	0.00	0.05592091	-11.55567	10.00	0.02599602
-7.29263	10.00	16.97392	0.0234938	0.00	0.05437767	-11.60526	10.00	0.02584519
-7.268767	10.00	17.02915	0.02386268	0.00	0.05523147	-11.65473	10.00	0.02569484
-7.244956	10.00	17.08426	0.02381159	0.00	0.05511322	-11.7042	10.00	0.02554439
-7.221152	10.00	17.13935	0.02380342	0.00	0.05509429	-11.75548	10.00	0.02538848
-7.196469	10.00	17.19648	0.02468272	0.00	0.05712949	-11.80343	10.00	0.02524279
-7.173393	10.00	17.2499	0.02307637	0.00	0.05341152	-11.85296	10.00	0.02509214
-7.149558	10.00	17.30506	0.02383509	0.00	0.05516762	-11.90305	10.00	0.02494001
-7.125455	10.00	17.36085	0.02410282	0.00	0.05578728	-11.95198	10.00	0.02479127
-7.101903	10.00	17.41536	0.02355153	0.00	0.0545113	-12.00163	10.00	0.02464028
-7.078014	10.00	17.47065	0.02388925	0.00	0.05529297	-12.0511	10.00	0.02448985
-7.054202	10.00	17.52577	0.0238121	0.00	0.0551144	-12.10078	10.00	0.02433879
-7.030295	10.00	17.5811	0.02390662	0.00	0.05533317	-12.15164	10.00	0.02418425
-7.005822	10.00	17.63775	0.02447375	0.00	0.05664581	-12.2003	10.00	0.02403638
-6.982404	10.00	17.69195	0.02341818	0.00	0.05420265	-12.24997	10.00	0.02388524
-6.958497	10.00	17.74728	0.02390713	0.00	0.05533436	-12.29896	10.00	0.02373635
-6.934923	10.00	17.80185	0.0235735	0.00	0.05456214	-12.34853	10.00	0.02358567
-6.911068	10.00	17.85706	0.02385451	0.00	0.05521255	-12.39809	10.00	0.02343497
-6.887214	10.00	17.91227	0.02385451	0.00	0.05521255	-12.44851	10.00	0.02328172
-6.862952	10.00	17.96843	0.02426223	0.00	0.05615624	-12.49837	10.00	0.02313014
-6.838953	10.00	18.02397	0.02399859	0.00	0.05554604	-12.54805	10.00	0.02297907
-6.815049	10.00	18.0793	0.02390458	0.00	0.05532844	-12.59656	10.00	0.02283156
-6.791705	10.00	18.13333	0.02334359	0.00	0.05402999	-12.64592	10.00	0.0226815
-6.767949	10.00	18.18832	0.0237559	0.00	0.05498432	-12.69543	10.00	0.02253093
-6.744121	10.00	18.24347	0.02382845	0.00	0.05515224	-12.74581	10.00	0.02237777
-6.719876	10.00	18.29959	0.02424485	0.00	0.05611603	-12.79469	10.00	0.02222914
-6.696351	10.00	18.35403	0.02352445	0.00	0.05444862	-12.84413	10.00	0.02207886
-6.672562	10.00	18.4091	0.02378962	0.00	0.05506236	-12.89459	10.00	0.02192539
-6.648279	10.00	18.4653	0.02428317	0.00	0.05620472	-12.94341	10.00	0.021777
-6.624782	10.00	18.51968	0.02349635	0.00	0.05438358	-12.9928	10.00	0.02162687
-6.601012	10.00	18.5747	0.0237697	0.00	0.05501625	-13.04284	10.00	0.02147474
-6.576929	10.00	18.63044	0.0240834	0.00	0.05574234	-13.09209	10.00	0.02132505
-6.55323	10.00	18.6853	0.02369868	0.00	0.05485187	-13.14163	10.00	0.02117449
-6.52939	10.00	18.74047	0.0238402	0.00	0.05517944	-13.19184	10.00	0.02102177
-6.505223	10.00	18.79641	0.02416719	0.00	0.05593628	-13.24081	10.00	0.02087289
-6.48166	10.00	18.85095	0.02356277	0.00	0.05453731	-13.29014	10.00	0.02072291
-6.457917	10.00	18.9059	0.02374313	0.00	0.05495476	-13.34116	10.00	0.02056786
-6.433364	10.00	18.96273	0.02455294	0.00	0.05682911	-13.38924	10.00	0.02042167
-6.410229	10.00	19.01628	0.02313513	0.00	0.05354751	-13.43912	10.00	0.02026998
-6.386223	10.00	19.07184	0.02400625	0.00	0.05556378	-13.48854	10.00	0.02011962
-6.362435	10.00	19.1269	0.02378758	0.00	0.05505764	-13.53838	10.00	0.01996812
-6.338456	10.00	19.1824	0.02397969	0.00	0.05550228	-13.58824	10.00	0.01981661
-6.314461	10.00	19.23794	0.0239945	0.00	0.05553658	-13.63754	10.00	0.0196667
-6.290734	10.00	19.29286	0.02372678	0.00	0.05491691	-13.68702	10.00	0.01951627
-6.266921	10.00	19.34797	0.02381364	0.00	0.05511795	-13.73649	10.00	0.01936599
-6.243112	10.00	19.40308	0.02380904	0.00	0.0551073	-13.7859	10.00	0.01921571
-6.219335	10.00	19.45811	0.02377634	0.00	0.05503162	-13.83536	10.00	0.01906542
-6.19553	10.00	19.51321	0.02380495	0.00	0.05509784	-13.88531	10.00	0.01891351
-6.171496	10.00	19.56884	0.02403435	0.00	0.05562881	-13.93479	10.00	0.01876308
-6.14768	10.00	19.62396	0.02381619	0.00	0.05512386	-13.98416	10.00	0.01861302
-6.123921	10.00	19.67896	0.02375897	0.00	0.05499142	-14.03391	10.00	0.01846181
-6.099979	10.00	19.73437	0.02394137	0.00	0.05541359	-14.0837	10.00	0.01831037
-6.076017	10.00	19.78983	0.02396232	0.00	0.05546207	-14.1337	10.00	0.01815831
-6.051954	10.00	19.84553	0.02406348	0.00	0.05569622	-14.18326	10.00	0.01800778
-6.028109	10.00	19.90072	0.02384429	0.00	0.0551889	-14.23207	10.00	0.01785931
-6.004614	10.00	19.9551	0.02349482	0.00	0.05438003	-14.28172	10.00	0.01770832
-5.98072	10.00	20.0104	0.02389487	0.00	0.05530597	-14.33174	10.00	0.01755634
-5.956652	10.00	20.06611	0.02406756	0.00	0.05570568	-14.38092	10.00	0.01740679
-5.932984	10.00	20.12089	0.02366751	0.00	0.05477973	-14.43051	10.00	0.01725603
-5.90912	10.00	20.17612	0.02386473	0.00	0.05523621	-14.48067	10.00	0.01710346
-5.884979	10.00	20.232	0.02414114	0.00	0.05587597	-14.52988	10.00	0.01695392
-5.861297	10.00	20.28681	0.02368131	0.00	0.05481166	-14.57922	10.00	0.01680391
-5.837552	10.00	20.34177	0.02374517	0.00	0.05495949	-14.62938	10.00	0.01665134
-5.813413	10.00	20.39764	0.02413909	0.00	0.05587124	-14.6787	10.00	0.01650143
-5.789676	10.00	20.45258	0.02373751	0.00	0.05494175	-14.72826	10.00	0.01635075
-5.765826	10.00	20.50779	0.02384991	0.00	0.05520191	-14.77769	10.00	0.01620047
-5.742036	10.00	20.56285	0.02378962	0.00	0.05506236	-14.82731	10.00	0.01604962
-5.718157	10.00	20.61812	0.02387852	0.00	0.05526813	-14.87665	10.00	0.01589971
-5.694413	10.00	20.67307	0.02374415	0.00	0.05495712	-14.92655	10.00	0.01574787
-5.6704	10.00	20.72865	0.02401392	0.00	0.05558151	-14.97596	10.00	0.01559781
-5.645345	10.00	20.7805	0.02505422	0.00	0.05184676	-15.0254	10.00	0.01544739
-5.620275	10.00	20.83175	0.02507091	0.00	0.05124295	-15.07507	10.00	0.01529647
-5.595089	10.00	20.88194	0.02518503	0.00	0.05019372	-15.12509	10.00	0.01514434
-5.569728	10.00	20.93184	0.02536161	0.00	0.04989989	-15.17591	10.00	0.01498969
-5.543954	10.00	20.98386	0.02577344	0.00	0.05202264	-15.22388	10.00	0.01484389
-5.519634	10.00	21.03295	0.02432047	0.00	0.04908988	-15.27412	10.00	0.01469117
-5.494807	10.00	21.08437	0.02482709	0.00	0.05142175	-15.32347	10.00	0.01454102
-5.470417	10.00	21.13489	0.02438954	0.00	0.05051551	-15.37228	10.00	0.0143927
-5.4463	10.00	21.18484	0.02411726	0.00	0.04995156	-15.42202	10.00	0.01424149
-5.42172	10.00	21.23575	0.02458051	0.00	0.05091104	-15.47119	10.00	0.01409194
-5.397423	10.00	21.28607	0.02429616	0.00	0.0503221	-15.52234	10.00	0.01393649
-5.372147	10.00	21.33842	0.02527617	0.00	0.05235188	-15.56982	10.00	0.01379216
-5.348684	10.00	21.38702	0.02346305	0.00	0.04859656	-15.62028	10.00	0.01363861
-5.323748	10.00	21.43867	0.02493621	0.00	0.05164776	-15.66962	10.00	0.01348863
-5.299368	10.00	21.48916	0.0243801	0.00	0.05049595	-15.71854	10.00	0.01333981
-5.275193	10.00	21.53924	0.02417497	0.00	0.05007109	-15.76796	10.00	0.01318961
-5.250768	10.00	21.58982	0.02442469	0.00	0.05058831	-15.81817	10.00	0.01303696
-5.22596	10.00	21.6412	0.02480767	0.00	0.05138154	-15.86766	10.00	0.0128865
-5.201504	10.00	21.69186	0.02445617	0.00	0.05065351	-15.91733	10.00	0.01273551
-5.176959	10.00	21.7427	0.02454536	0.00	0.05083823	-15.96708	10.00	0.01258422
-5.152372	10.00	21.79362	0.0245868	0.00	0.05092408	-16.01666	10.00	0.01243337
-5.127871	10.00	21.84437	0.02450077	0.00	0.05074587	-16.06608	10.00	0.01228324
-5.10345	10.00	21.89495	0.02442154	0.00	0.05058179	-16.1157	10.00	0.01213239
-5.078933	10.00	21.94573	0.02451703	0.00	0.05077956	-16.16553	10.00	0.01198081
-5.054305	10.00	21.99674	0.02462773	0.00	0.05100884	-16.2148	10.00	0.01183112
-5.02996	10.00	22.04716	0.02434495	0.00	0.05042315	-16.26472	10.00	0.01167928
-5.005291	10.00	22.09826	0.02466865	0.00	0.05109359	-16.31384	10.00	0.01152996
-4.981017	10.00	22.14853	0.02427465	0.00	0.05027755	-16.36349	10.00	0.01137904
-4.956481	10.00	22.19935	0.02453539	0.00	0.05081759	-16.41357	10.00	0.01122676
-4.931738	10.00	22.2506	0.02474315	0.00	0.05124789	-16.46313	10.00	0.01107615
-4.907245	10.00	22.30133	0.02449342	0.00	0.05073066	-16.51295	10.00	0.01092472
-4.882627	10.00	22.35232	0.02461828	0.00	0.05098927	-16.56208	10.00	0.01077532
-4.85835	10.00	22.4026	0.02427622	0.00	0.05028081	-16.61197	10.00	0.01062362
-4.833695	10.00	22.45366	0.024655	0.00	0.05106533	-16.66098	10.00	0.01047459
-4.809475	10.00	22.50383	0.02422009	0.00	0.05016454	-16.71075	10.00	0.01032323
-4.784881	10.00	22.55477	0.02459467	0.00	0.05094038	-16.76013	10.00	0.01017308
-4.76048	10.00	22.60531	0.02440056	0.00	0.05053833	-16.80941	10.00	0.01002332
-4.736128	10.00	22.65574	0.02435177	0.00	0.05043728	-16.85943	10.00	0.009871111
-4.71141	10.00	22.70694	0.02471849	0.00	0.05119682	-16.90881	10.00	0.009721052
-4.687009	10.00	22.75748	0.02440056	0.00	0.05053833	-16.95822	10.00	0.00957092
-4.662595	10.00	22.80805	0.0244142	0.00	0.05056658	-17.00847	10.00	0.009417983
-4.637112	10.00	22.85948	0.02548273	0.00	0.05143587	-17.05746	10.00	0.009269097
-4.612272	10.00	22.90962	0.0248405	0.00	0.05013954	-17.1071	10.00	0.009118176
-4.586457	10.00	22.95979	0.02581469	0.00	0.0501712	-17.1569	10.00	0.008966742
-4.560562	10.00	23.00948	0.02589474	0.00	0.04968382	-17.20607	10.00	0.008817269
-4.534997	10.00	23.05853	0.02556517	0.00	0.04905148	-17.25581	10.00	0.008665983
-4.509132	10.00	23.10815	0.02586493	0.00	0.04962662	-17.30519	10.00	0.008515923
-4.483458	10.00	23.15741	0.02567392	0.00	0.04926014	-17.35489	10.00	0.008364855
-4.457615	10.00	23.207	0.02584285	0.00	0.04958425	-17.40458	10.00	0.008213715
-4.431776	10.00	23.25658	0.02583953	0.00	0.0495779	-17.45469	10.00	0.008061346
-4.405722	10.00	23.30657	0.02605428	0.00	0.04998993	-17.50349	10.00	0.007913029
-4.380343	10.00	23.35526	0.02537858	0.00	0.04869347	-17.55309	10.00	0.007762199
-4.35455	10.00	23.40475	0.02579261	0.00	0.04948787	-17.60321	10.00	0.007609848
-4.328493	10.00	23.45474	0.02605759	0.00	0.04999628	-17.65223	10.00	0.007460817
-4.303	10.00	23.50366	0.0254923	0.00	0.04891166	-17.70187	10.00	0.007309896
-4.277191	10.00	23.55318	0.02580973	0.00	0.0495207	-17.75139	10.00	0.007159397
-4.251442	10.00	23.60258	0.02574845	0.00	0.04940313	-17.80144	10.00	0.007007192
-4.225416	10.00	23.65252	0.02602668	0.00	0.04993697	-17.85055	10.00	0.006857867
-4.199879	10.00	23.70151	0.02553701	0.00	0.04899746	-17.90184	10.00	0.006701958
-4.17321	10.00	23.75268	0.02666871	0.00	0.05116882	-17.94992	10.00	0.006555695
-4.148206	10.00	23.80066	0.02500374	0.00	0.04797427	-17.99924	10.00	0.006405783
-4.122563	10.00	23.84986	0.02564301	0.00	0.04920083	-18.05047	10.00	0.006250021
-4.095925	10.00	23.90097	0.02663779	0.00	0.0511095	-18.09873	10.00	0.006103245
-4.070832	10.00	23.94911	0.02509372	0.00	0.04814692	-18.14817	10.00	0.005952892
-4.045121	10.00	23.99845	0.02571091	0.00	0.0493311	-18.19755	10.00	0.005802815
-4.019446	10.00	24.04771	0.02567447	0.00	0.0492612	-18.24814	10.00	0.005648978
-3.993138	10.00	24.09818	0.02630822	0.00	0.05047716	-18.29717	10.00	0.00550002
-3.968279	10.00	24.14709	0.0248588	0.00	0.0489106	-18.34645	10.00	0.005350254
-3.943928	10.00	24.19626	0.02435124	0.00	0.04916375	-18.39631	10.00	0.005198526
-3.919285	10.00	24.24601	0.02464294	0.00	0.04975267	-18.44646	10.00	0.005046175
-3.894504	10.00	24.29604	0.02478092	0.00	0.05003123	-18.49567	10.00	0.004896556
-3.870188	10.00	24.34514	0.02431662	0.00	0.04909384	-18.54525	10.00	0.004745727
-3.845686	10.00	24.3946	0.02450182	0.00	0.04946774	-18.59444	10.00	0.004596255
-3.82138	10.00	24.44431	0.02430613	0.00	0.0497077	-18.64413	10.00	0.004445114
-3.796825	10.00	24.49517	0.02455428	0.00	0.05085671	-18.69389	10.00	0.0042939
-3.772236	10.00	24.5461	0.02458943	0.00	0.05092951	-18.74405	10.00	0.004141476
-3.747452	10.00	24.59743	0.02478407	0.00	0.05133264	-18.79247	10.00	0.003994186
-3.723522	10.00	24.64699	0.02392944	0.00	0.04956255	-18.84217	10.00	0.003843118
-3.698963	10.00	24.69786	0.024559	0.00	0.05086648	-18.89351	10.00	0.003686971
-3.673595	10.00	24.7504	0.0253685	0.00	0.05254313	-18.94728	10.00	0.003523379
-3.647022	10.00	24.80544	0.02657306	0.00	0.05503799	-19.042	10.00	0.003235456
-3.600212	10.00	24.90239	0.04681015	0.00	0.09695297	-19.08897	10.00	0.00309264
-3.577003	10.00	24.95046	0.02320913	0.00	0.04807064	-19.13732	10.00	0.002942911
-3.552634	10.00	25.00094	0.02436908	0.00	0.05047313	-19.18463	10.00	0.002795254
-3.528184	10.00	25.05158	0.02444935	0.00	0.05063938	-19.23083	10.00	0.002649687
-3.503675	10.00	25.10234	0.02450969	0.00	0.05076435	-19.27863	10.00	0.002497812
-3.477629	10.00	25.15629	0.0260458	0.00	0.05394595	-19.31964	10.00	0.002367172
-3.454564	10.00	25.20406	0.02306485	0.00	0.04777182	-19.36206	10.00	0.002231709
-3.430002	10.00	25.25814	0.02456162	0.00	0.05408049	-19.40303	10.00	0.002100518
-3.405517	10.00	25.31781	0.02448503	0.00	0.05966926	-19.4425	10.00	0.001973766
-3.381148	10.00	25.37847	0.02436908	0.00	0.06066008	-19.48172	10.00	0.001847435
-3.356746	10.00	25.4428	0.02440222	0.00	0.0643361	-19.51875	10.00	0.001727835
-3.33287	10.00	25.50639	0.02387597	0.00	0.06358919	-19.5549	10.00	0.001610599
-3.308696	10.00	25.57078	0.02417435	0.00	0.06438386	-19.58857	10.00	0.001501011
-3.285288	10.00	25.63312	0.02340796	0.00	0.06234274	-19.6222	10.00	0.001391111
-3.260988	10.00	25.69784	0.02429952	0.00	0.06471725	-19.65381	10.00	0.001287263
-3.237173	10.00	25.76126	0.02381517	0.00	0.06342725	-19.68356	10.00	0.001189099
-3.213767	10.00	25.8236	0.02340592	0.00	0.0623373	-19.71295	10.00	0.001091632
-3.189604	10.00	25.88795	0.0241626	0.00	0.06435256	-19.74038	10.00	0.001000124
-3.165946	10.00	25.95097	0.02365883	0.00	0.06301087	-19.76666	10.00	0.0009119547
-3.142125	10.00	26.01441	0.02382079	0.00	0.06344222	-19.79171	10.00	0.0008271041
-3.118199	10.00	26.07813	0.02392553	0.00	0.06372117	-19.81528	10.00	0.0007468745
-3.094405	10.00	26.1415	0.02379422	0.00	0.06337146	-19.83804	10.00	0.0006686071
-3.070023	10.00	26.20644	0.02438229	0.00	0.06493769	-19.85868	10.00	0.0005968863
-3.046433	10.00	26.26926	0.02358985	0.00	0.06282716	-19.87809	10.00	0.0005287047
-3.022725	10.00	26.33431	0.02370736	0.00	0.06504817	-19.89617	10.00	0.0004643007
-2.998971	10.00	26.39949	0.02375437	0.00	0.06517715	-19.91336	10.00	0.0004022071
-2.974542	10.00	26.46652	0.02442879	0.00	0.06702761	-19.92834	10.00	0.0003470453
-2.95128	10.00	26.5291	0.02326235	0.00	0.06257899	-19.94231	10.00	0.0002944875
-2.927439	10.00	26.59323	0.02384071	0.00	0.06413488	-19.95489	10.00	0.0002458355
-2.903571	10.00	26.65744	0.02386831	0.00	0.0642091	-19.96649	10.00	0.0001996041
-2.878699	10.00	26.72435	0.02487227	0.00	0.06690991	-19.97571	10.00	0.0001610196
-2.855782	10.00	26.786	0.02291645	0.00	0.06164849	-19.98376	10.00	0.0001252407
-2.832168	10.00	26.84953	0.02361437	0.00	0.063526	-19.99037	10.00	9.320262E-05
-2.808161	10.00	26.91411	0.02400677	0.00	0.06458158	-19.99422	10.00	6.580353E-05
-2.784288	10.00	26.97833	0.0238729	0.00	0.06422147	-19.99643	10.00	4.276862E-05
-2.757728	10.00	27.03771	0.02656032	0.00	0.05937864	-19.99805	10.00	2.494225E-05
-2.731371	10.00	27.09089	0.02635721	0.00	0.05317739	-19.99899	10.00	1.3058E-05
-2.704782	10.00	27.14324	0.02658804	0.00	0.05235475	-19.99957	10.00	5.722046E-06
-2.678649	10.00	27.19407	0.02613374	0.00	0.05082703	-19.99992	10.00	1.100393E-06
-2.652279	10.00	27.24535	0.02637022	0.00	0.05128697	-20	10.00	0
-2.625565	10.00	27.29601	0.02671363	0.00	0.05066044	-20	10.00	0
-2.598039	10.00	27.34389	0.02752641	0.00	0.047881	-20	10.00	0
-2.570245	10.00	27.39096	0.02779392	0.00	0.0470618	-20	10.00	0
-2.543076	10.00	27.43805	0.02716847	0.00	0.04709093	-20	10.00	0
-2.514841	10.00	27.48478	0.02823531	0.00	0.04672936	-20	10.00	0
-2.485937	10.00	27.53156	0.02890407	0.00	0.04677957	-20	10.00	0
20.65926
