0.03687992	10.00	-49.98759	0.03687992	0.00	0.01240548	28.28002	10.00	-28.28002
0.2222569	10.00	-49.92524	0.185377	0.00	0.06235617	28.27594	10.00	-28.27683
0.2669227	10.00	-49.91021	0.04466585	0.00	0.01502448	28.27077	10.00	-28.27234
0.3078675	10.00	-49.89644	0.04094473	0.00	0.01377278	28.26436	10.00	-28.26642
0.3464477	10.00	-49.88346	0.0385802	0.00	0.01297741	28.24856	10.00	-28.25108
0.4245681	10.00	-49.8546	0.07812042	0.00	0.02886989	28.2379	10.00	-28.24049
0.4625939	10.00	-49.84054	0.03802583	0.00	0.01405268	28.22602	10.00	-28.22856
0.4999365	10.00	-49.82674	0.03734258	0.00	0.01380018	28.21233	10.00	-28.2146
0.5386679	10.00	-49.81243	0.03873139	0.00	0.01431343	28.19692	10.00	-28.19883
0.5779058	10.00	-49.79793	0.03923784	0.00	0.01450059	28.16316	10.00	-28.16424
0.655989	10.00	-49.76907	0.07808324	0.00	0.02885615	28.14321	10.00	-28.1439
0.6948526	10.00	-49.75471	0.03886358	0.00	0.01436228	28.12304	10.00	-28.12336
0.7312896	10.00	-49.74124	0.03643709	0.00	0.01346555	28.10002	10.00	-28.09995
0.7702358	10.00	-49.72556	0.0389462	0.00	0.01568509	28.07565	10.00	-28.07519
0.808176	10.00	-49.70746	0.03794013	0.00	0.01809797	28.02372	10.00	-28.02252
0.8829223	10.00	-49.65965	0.0747463	0.00	0.04781069	27.99486	10.00	-27.99335
0.9199923	10.00	-49.63148	0.03707002	0.00	0.02816431	27.96465	10.00	-27.96284
0.9570216	10.00	-49.60081	0.03702928	0.00	0.03067505	27.93307	10.00	-27.93101
0.9945916	10.00	-49.56711	0.03757004	0.00	0.03370183	27.90089	10.00	-27.89863
1.031146	10.00	-49.53183	0.03655401	0.00	0.03527757	27.83431	10.00	-27.83179
1.103427	10.00	-49.4557	0.07228128	0.00	0.07613457	27.79955	10.00	-27.797
1.13943	10.00	-49.41521	0.03600295	0.00	0.04048133	27.76494	10.00	-27.76239
1.173746	10.00	-49.37331	0.03431574	0.00	0.04190281	27.72973	10.00	-27.72717
1.208642	10.00	-49.3307	0.03489601	0.00	0.04261139	27.69455	10.00	-27.692
1.243495	10.00	-49.28814	0.03485286	0.00	0.0425587	27.62392	10.00	-27.62139
1.312193	10.00	-49.20784	0.06869818	0.00	0.08030368	27.58914	10.00	-27.5866
1.346027	10.00	-49.16956	0.03383464	0.00	0.03828029	27.55458	10.00	-27.55204
1.379009	10.00	-49.13153	0.03298172	0.00	0.03802914	27.51889	10.00	-27.51636
1.413071	10.00	-49.09225	0.03406153	0.00	0.03927419	27.44872	10.00	-27.44619
1.480045	10.00	-49.00606	0.06697447	0.00	0.08619238	27.41312	10.00	-27.41059
1.510775	10.00	-48.95583	0.03073039	0.00	0.05023143	27.3789	10.00	-27.37639
1.538429	10.00	-48.90382	0.02765393	0.00	0.05201312	27.34425	10.00	-27.34173
1.563912	10.00	-48.8448	0.02548236	0.00	0.05901594	27.27316	10.00	-27.27065
1.610996	10.00	-48.71205	0.04708394	0.00	0.1327501	27.23779	10.00	-27.23528
1.632481	10.00	-48.64537	0.02148532	0.00	0.06668358	27.18326	10.00	-27.18074
1.65267	10.00	-48.54253	0.0201891	0.00	0.1028374	27.1447	10.00	-27.1422
1.664125	10.00	-48.46984	0.01145512	0.00	0.07268988	27.06489	10.00	-27.06238
1.674727	10.00	-48.31934	0.01060206	0.00	0.1505056	27.02786	10.00	-27.02536
1.680997	10.00	-48.24952	0.00627024	0.00	0.06981767	26.98713	10.00	-26.98463
1.687895	10.00	-48.17272	0.006897252	0.00	0.0767993	26.92192	10.00	-26.91942
1.695366	10.00	-48.04975	0.00747157	0.00	0.1229683	26.87843	10.00	-26.87594
1.700348	10.00	-47.96777	0.004981391	0.00	0.08198456	26.81768	10.00	-26.8152
1.707308	10.00	-47.85322	0.006959893	0.00	0.1145471	26.78234	10.00	-26.77985
1.711356	10.00	-47.78659	0.004048519	0.00	0.06663121	26.74804	10.00	-26.74555
1.715286	10.00	-47.72191	0.003929653	0.00	0.06467488	26.71336	10.00	-26.71087
1.719259	10.00	-47.65652	0.003973346	0.00	0.06539399	26.67791	10.00	-26.67543
1.724614	10.00	-47.58968	0.005355332	0.00	0.06683646	26.64312	10.00	-26.64065
1.731141	10.00	-47.52408	0.006527002	0.00	0.06560349	26.60802	10.00	-26.60554
1.738368	10.00	-47.45789	0.007226214	0.00	0.06618955	26.53765	10.00	-26.53517
1.752855	10.00	-47.32519	0.01448705	0.00	0.1326962	26.50327	10.00	-26.50081
1.75993	10.00	-47.26039	0.007075069	0.00	0.06480511	26.46762	10.00	-26.46515
1.767269	10.00	-47.19316	0.007339495	0.00	0.06722716	26.43223	10.00	-26.42977
1.774554	10.00	-47.12644	0.007284477	0.00	0.06672322	26.39743	10.00	-26.39497
1.781718	10.00	-47.06081	0.007164705	0.00	0.06562614	26.35977	10.00	-26.35731
1.788783	10.00	-46.98981	0.00706444	0.00	0.07100534	26.29124	10.00	-26.28879
1.801639	10.00	-46.86059	0.0128557	0.00	0.1292139	26.25732	10.00	-26.25487
1.808002	10.00	-46.79663	0.006363489	0.00	0.06396002	26.22158	10.00	-26.21913
1.814707	10.00	-46.72924	0.006705021	0.00	0.06739279	26.18653	10.00	-26.18408
1.821284	10.00	-46.66313	0.006577281	0.00	0.06610886	26.15187	10.00	-26.14941
1.827786	10.00	-46.59778	0.006501932	0.00	0.06535152	26.11742	10.00	-26.11497
1.834248	10.00	-46.53283	0.006461371	0.00	0.06494384	26.08235	10.00	-26.0799
1.840827	10.00	-46.4667	0.006579675	0.00	0.06613293	26.04729	10.00	-26.04486
1.847403	10.00	-46.40061	0.006575309	0.00	0.06608904	26.01212	10.00	-26.00968
1.854002	10.00	-46.33428	0.006599392	0.00	0.0663311	25.9415	10.00	-25.93906
1.86596	10.00	-46.20113	0.01195809	0.00	0.1331506	25.90685	10.00	-25.90442
1.871827	10.00	-46.1358	0.005867107	0.00	0.06532887	25.87139	10.00	-25.86896
1.877833	10.00	-46.06892	0.006006188	0.00	0.06687751	25.83575	10.00	-25.83332
1.883868	10.00	-46.00173	0.006034793	0.00	0.06719602	25.80105	10.00	-25.79862
1.892912	10.00	-45.9363	0.009043663	0.00	0.06542797	25.76702	10.00	-25.76459
1.902403	10.00	-45.87214	0.009490645	0.00	0.06416669	25.73195	10.00	-25.72952
1.912183	10.00	-45.806	0.009780834	0.00	0.06612868	25.69671	10.00	-25.69429
1.92201	10.00	-45.73956	0.009827106	0.00	0.06644152	25.66172	10.00	-25.6593
1.931131	10.00	-45.67358	0.009120559	0.00	0.06598429	25.5915	10.00	-25.58908
1.944305	10.00	-45.54117	0.01317372	0.00	0.1324102	25.55613	10.00	-25.55371
1.950294	10.00	-45.47448	0.005989153	0.00	0.06668783	25.51823	10.00	-25.51581
1.956712	10.00	-45.40302	0.006418348	0.00	0.07146682	25.44985	10.00	-25.44744
1.968291	10.00	-45.27409	0.01157886	0.00	0.1289279	25.41564	10.00	-25.41323
1.974084	10.00	-45.20958	0.005792989	0.00	0.0645036	25.344	10.00	-25.3416
1.986215	10.00	-45.07451	0.01213048	0.00	0.1350701	25.30857	10.00	-25.30617
1.992215	10.00	-45.00771	0.00599996	0.00	0.06680816	25.23938	10.00	-25.23699
2.003932	10.00	-44.87724	0.01171731	0.00	0.1304695	25.20497	10.00	-25.20258
2.009758	10.00	-44.81237	0.005825917	0.00	0.06487023	25.13396	10.00	-25.13157
2.021785	10.00	-44.67845	0.01202687	0.00	0.1339164	25.0992	10.00	-25.09681
2.02767	10.00	-44.61292	0.00588516	0.00	0.06552989	25.06479	10.00	-25.0624
2.033497	10.00	-44.54803	0.005827315	0.00	0.0648858	24.99223	10.00	-24.98985
2.045785	10.00	-44.41121	0.01228762	0.00	0.1368198	24.95807	10.00	-24.95569
2.051568	10.00	-44.34682	0.005783073	0.00	0.06439318	24.92228	10.00	-24.9199
2.05763	10.00	-44.27932	0.006062253	0.00	0.06750178	24.85308	10.00	-24.85071
2.069347	10.00	-44.14885	0.01171743	0.00	0.1304709	24.8059	10.00	-24.80353
2.077338	10.00	-44.05988	0.007989944	0.00	0.08896618	24.74934	10.00	-24.74698
2.086914	10.00	-43.95325	0.009576797	0.00	0.1066354	24.71497	10.00	-24.7126
2.092736	10.00	-43.88843	0.00582134	0.00	0.06481927	24.67712	10.00	-24.67476
2.099145	10.00	-43.81706	0.006409067	0.00	0.07136348	24.60729	10.00	-24.60493
2.11097	10.00	-43.68539	0.01182524	0.00	0.1316713	24.57164	10.00	-24.56928
2.117007	10.00	-43.61816	0.00603759	0.00	0.06722716	24.53456	10.00	-24.53221
2.123286	10.00	-43.54826	0.006277995	0.00	0.06990402	24.46737	10.00	-24.46503
2.134663	10.00	-43.42157	0.01137799	0.00	0.1266913	24.43419	10.00	-24.43184
2.140283	10.00	-43.359	0.005619582	0.00	0.06257275	24.36243	10.00	-24.36009
2.152434	10.00	-43.2237	0.01215108	0.00	0.1352994	24.31738	10.00	-24.31504
2.160063	10.00	-43.13875	0.007628637	0.00	0.08494311	24.25703	10.00	-24.2547
2.169181	10.00	-43.02496	0.009118072	0.00	0.1137968	24.21162	10.00	-24.2093
2.178527	10.00	-42.93935	0.009346416	0.00	0.08560985	24.15253	10.00	-24.1502
2.20472	10.00	-42.82791	0.02619317	0.00	0.1114356	24.1164	10.00	-24.11407
2.22667	10.00	-42.75979	0.02194917	0.00	0.06812322	24.04146	10.00	-24.03913
2.276303	10.00	-42.61848	0.04963366	0.00	0.1413071	24.01052	10.00	-24.00821
2.296792	10.00	-42.56015	0.02048831	0.00	0.05833026	23.94168	10.00	-23.93935
2.342391	10.00	-42.43033	0.04559975	0.00	0.1298226	23.90726	10.00	-23.90494
2.365186	10.00	-42.36543	0.0227944	0.00	0.06489571	23.87346	10.00	-23.87115
2.387568	10.00	-42.30171	0.02238171	0.00	0.06372078	23.80237	10.00	-23.80006
2.434655	10.00	-42.16765	0.04708742	0.00	0.134058	23.7662	10.00	-23.7639
2.4586	10.00	-42.09948	0.02394546	0.00	0.06817277	23.69666	10.00	-23.69436
2.504658	10.00	-41.96835	0.04605818	0.00	0.1311277	23.66203	10.00	-23.65974
2.528226	10.00	-41.90306	0.02356737	0.00	0.06529631	23.62743	10.00	-23.62513
2.550513	10.00	-41.83781	0.02228739	0.00	0.06525102	23.55699	10.00	-23.5547
2.592017	10.00	-41.705	0.04150363	0.00	0.1328052	23.52306	10.00	-23.52077
2.612015	10.00	-41.64101	0.0199982	0.00	0.06399115	23.45132	10.00	-23.44904
2.654287	10.00	-41.50574	0.04227206	0.00	0.135264	23.41646	10.00	-23.41418
2.674829	10.00	-41.44002	0.02054146	0.00	0.06572948	23.38098	10.00	-23.37869
2.696388	10.00	-41.3731	0.02155966	0.00	0.06691432	23.31183	10.00	-23.30955
2.738397	10.00	-41.24272	0.04200919	0.00	0.1303831	23.27796	10.00	-23.27568
2.758971	10.00	-41.17886	0.02057404	0.00	0.06385526	23.24219	10.00	-23.23991
2.780708	10.00	-41.1114	0.02173663	0.00	0.06746357	23.17169	10.00	-23.16942
2.823534	10.00	-40.97848	0.04282651	0.00	0.1329198	23.13737	10.00	-23.1351
2.844385	10.00	-40.91376	0.02085043	0.00	0.0647131	23.06565	10.00	-23.06339
2.887952	10.00	-40.77855	0.04356721	0.00	0.1352187	23.03097	10.00	-23.02871
2.909024	10.00	-40.71315	0.0210721	0.00	0.06540107	22.99566	10.00	-22.99339
2.930482	10.00	-40.64655	0.02145795	0.00	0.06659865	22.92548	10.00	-22.92322
2.971832	10.00	-40.51424	0.04134968	0.00	0.1323126	22.89087	10.00	-22.88862
2.992225	10.00	-40.44898	0.02039282	0.00	0.06525385	22.8565	10.00	-22.85425
3.012482	10.00	-40.38416	0.020257	0.00	0.06481927	22.78596	10.00	-22.78372
3.054045	10.00	-40.25117	0.04156291	0.00	0.1329949	22.75195	10.00	-22.74971
3.074085	10.00	-40.18704	0.02004023	0.00	0.06412563	22.71424	10.00	-22.712
3.09631	10.00	-40.11592	0.02222475	0.00	0.07111575	22.64474	10.00	-22.6425
3.137262	10.00	-39.98489	0.04095197	0.00	0.13104	22.61	10.00	-22.60777
3.157732	10.00	-39.91939	0.02046979	0.00	0.06550016	22.57003	10.00	-22.5678
3.181282	10.00	-39.84403	0.02355059	0.00	0.07535824	22.50582	10.00	-22.50359
3.219127	10.00	-39.72293	0.03784507	0.00	0.1210984	22.46623	10.00	-22.464
3.242453	10.00	-39.64829	0.02332542	0.00	0.07463771	22.39984	10.00	-22.39762
3.281575	10.00	-39.52311	0.03912269	0.00	0.1251865	22.36391	10.00	-22.36169
3.30275	10.00	-39.45535	0.02117452	0.00	0.06775518	22.33136	10.00	-22.32914
3.321926	10.00	-39.39399	0.01917669	0.00	0.06136243	22.26038	10.00	-22.25817
3.363754	10.00	-39.26015	0.04182702	0.00	0.13384	22.22625	10.00	-22.22403
3.384491	10.00	-39.19579	0.02073778	0.00	0.06436345	22.19057	10.00	-22.18835
3.406167	10.00	-39.12851	0.02167597	0.00	0.06727529	22.11982	10.00	-22.11761
3.449148	10.00	-38.99511	0.04298067	0.00	0.1333983	22.08599	10.00	-22.08378
3.469701	10.00	-38.93132	0.0205526	0.00	0.06378873	22.05017	10.00	-22.04797
3.491462	10.00	-38.86378	0.02176126	0.00	0.06754	21.97966	10.00	-21.97746
3.534297	10.00	-38.73083	0.04283563	0.00	0.1329482	21.94587	10.00	-21.94367
3.554827	10.00	-38.66712	0.02052934	0.00	0.06371653	21.90997	10.00	-21.90777
3.577946	10.00	-38.59943	0.02311951	0.00	0.06768723	21.83812	10.00	-21.83593
3.625533	10.00	-38.46395	0.04758712	0.00	0.1354806	21.8035	10.00	-21.80132
3.648456	10.00	-38.39869	0.02292219	0.00	0.06525951	21.73316	10.00	-21.73098
3.696329	10.00	-38.26991	0.04787302	0.00	0.1287852	21.69771	10.00	-21.69553
3.720455	10.00	-38.205	0.02412632	0.00	0.0649032	21.65509	10.00	-21.65291
3.750239	10.00	-38.12697	0.02978432	0.00	0.07803064	21.59324	10.00	-21.59106
3.794595	10.00	-38.01372	0.0443563	0.00	0.1132483	21.54605	10.00	-21.54387
3.828436	10.00	-37.92732	0.03384096	0.00	0.08640107	21.5128	10.00	-21.51064
3.852271	10.00	-37.86647	0.02383435	0.00	0.06085268	21.4532	10.00	-21.45103
3.895012	10.00	-37.76387	0.04274129	0.00	0.1025954	21.41868	10.00	-21.41652
3.921651	10.00	-37.71329	0.02663884	0.00	0.05058386	21.34828	10.00	-21.34612
3.991411	10.00	-37.62811	0.06976003	0.00	0.08518371	21.3149	10.00	-21.31274
4.028152	10.00	-37.59624	0.03674112	0.00	0.03186466	21.24255	10.00	-21.2404
4.107772	10.00	-37.547	0.07961994	0.00	0.04923821	21.20803	10.00	-21.20588
4.14576	10.00	-37.52351	0.03798783	0.00	0.02349226	21.1724	10.00	-21.17025
4.184321	10.00	-37.49926	0.03856168	0.00	0.02424945	21.1039	10.00	-21.10176
4.258451	10.00	-37.46015	0.07412939	0.00	0.03911255	21.06869	10.00	-21.06654
4.297206	10.00	-37.44133	0.03875535	0.00	0.01882311	21.03452	10.00	-21.03238
4.334804	10.00	-37.42431	0.03759787	0.00	0.01701339	20.96335	10.00	-20.96121
4.413123	10.00	-37.38887	0.07831871	0.00	0.03543995	20.92625	10.00	-20.92412
4.453949	10.00	-37.3704	0.04082659	0.00	0.01847441	20.85758	10.00	-20.85545
4.529523	10.00	-37.3362	0.07557413	0.00	0.034198	20.82252	10.00	-20.82039
4.56811	10.00	-37.31874	0.03858598	0.00	0.01746052	20.7881	10.00	-20.78597
4.605984	10.00	-37.30286	0.03787464	0.00	0.0158819	20.71824	10.00	-20.71611
4.682865	10.00	-37.277	0.07688116	0.00	0.0258609	20.68383	10.00	-20.68171
4.720731	10.00	-37.26426	0.03786555	0.00	0.01273702	20.64635	10.00	-20.64423
4.761979	10.00	-37.25039	0.04124794	0.00	0.01387477	20.5778	10.00	-20.57569
4.837412	10.00	-37.22501	0.07543285	0.00	0.02537372	20.54235	10.00	-20.54023
4.876431	10.00	-37.21189	0.0390189	0.00	0.01312498	20.5085	10.00	-20.5064
4.913676	10.00	-37.19936	0.03724509	0.00	0.01252832	20.43744	10.00	-20.43533
4.991885	10.00	-37.17305	0.07820883	0.00	0.02630749	20.40253	10.00	-20.40044
5.030287	10.00	-37.16013	0.03840257	0.00	0.01291766	20.33177	10.00	-20.32967
5.108167	10.00	-37.13393	0.07788	0.00	0.02619688	20.28112	10.00	-20.27903
5.162052	10.00	-37.09392	0.05388488	0.00	0.0400149	20.22641	10.00	-20.22431
5.213272	10.00	-37.02073	0.0512201	0.00	0.07319654	20.19226	10.00	-20.19017
5.222796	10.00	-36.9582	0.009524143	0.00	0.06252264	20.12187	10.00	-20.11977
5.222796	10.00	-36.82547	0	0.00	0.1327358	20.08725	10.00	-20.08517
5.222796	10.00	-36.7602	0	0.00	0.06526659	20.05211	10.00	-20.05002
5.222796	10.00	-36.69393	0	0.00	0.06627023	19.98142	10.00	-19.97934
5.222796	10.00	-36.56065	0	0.00	0.1332808	19.94743	10.00	-19.94535
5.222796	10.00	-36.49656	0	0.00	0.06409166	19.91299	10.00	-19.91092
5.222796	10.00	-36.43162	0	0.00	0.06493676	19.87763	10.00	-19.87556
5.222796	10.00	-36.36494	0	0.00	0.0666765	19.80657	10.00	-19.8045
5.222796	10.00	-36.23095	0	0.00	0.1339886	19.77232	10.00	-19.77026
5.222796	10.00	-36.16638	0	0.00	0.06457296	19.73746	10.00	-19.73539
5.222796	10.00	-36.10064	0	0.00	0.06574506	19.66568	10.00	-19.66362
5.222796	10.00	-35.96531	0	0.00	0.135332	19.63118	10.00	-19.62912
5.222796	10.00	-35.90025	0	0.00	0.06505708	19.5973	10.00	-19.59525
5.222796	10.00	-35.83637	0	0.00	0.06387791	19.5262	10.00	-19.52414
5.222796	10.00	-35.7023	0	0.00	0.1340735	19.4916	10.00	-19.48955
5.222796	10.00	-35.63705	0	0.00	0.06524111	19.4559	10.00	-19.45386
5.222796	10.00	-35.56975	0	0.00	0.06730502	19.38592	10.00	-19.38387
5.253815	10.00	-35.43779	0.03101848	0.00	0.1319643	19.35089	10.00	-19.34885
5.282125	10.00	-35.37175	0.02831057	0.00	0.06603666	19.3161	10.00	-19.31406
5.289288	10.00	-35.30614	0.007163005	0.00	0.06561057	19.24617	10.00	-19.24413
5.289288	10.00	-35.17429	0	0.00	0.1318525	19.21153	10.00	-19.2095
5.289288	10.00	-35.10897	0	0.00	0.0653133	19.13765	10.00	-19.13562
5.289288	10.00	-34.96966	0	0.00	0.1393112	19.10445	10.00	-19.10242
5.289288	10.00	-34.90707	0	0.00	0.06259398	19.06158	10.00	-19.05956
5.289288	10.00	-34.82623	0	0.00	0.08083369	18.99912	10.00	-18.9971
5.289288	10.00	-34.70846	0	0.00	0.117776	18.95841	10.00	-18.95639
5.289288	10.00	-34.63169	0	0.00	0.07676532	18.89438	10.00	-18.89236
5.289288	10.00	-34.51096	0	0.00	0.1207303	18.85935	10.00	-18.85734
5.289288	10.00	-34.44492	0	0.00	0.06604233	18.77169	10.00	-18.76969
5.289288	10.00	-34.27964	0	0.00	0.1652813	18.7395	10.00	-18.73749
5.289288	10.00	-34.21893	0	0.00	0.0607141	18.70568	10.00	-18.70368
5.289288	10.00	-34.15516	0	0.00	0.06376608	18.64892	10.00	-18.64692
5.289288	10.00	-34.04813	0	0.00	0.1070304	18.61376	10.00	-18.61176
5.289288	10.00	-33.98183	0	0.00	0.06629996	18.5803	10.00	-18.5783
5.289288	10.00	-33.91874	0	0.00	0.0630866	18.50873	10.00	-18.50673
5.289288	10.00	-33.78379	0	0.00	0.1349512	18.474	10.00	-18.47201
5.289288	10.00	-33.71832	0	0.00	0.0654761	18.44018	10.00	-18.43819
5.289288	10.00	-33.65454	0	0.00	0.06376891	18.40517	10.00	-18.40318
5.289288	10.00	-33.58853	0	0.00	0.06601826	18.33353	10.00	-18.33154
5.289288	10.00	-33.45343	0	0.00	0.1350928	18.29892	10.00	-18.29694
5.289288	10.00	-33.38818	0	0.00	0.06525385	18.26394	10.00	-18.26196
5.289288	10.00	-33.32223	0	0.00	0.06595031	18.22969	10.00	-18.22772
5.289288	10.00	-33.25766	0	0.00	0.06456588	18.15859	10.00	-18.15663
5.289288	10.00	-33.1236	0	0.00	0.1340665	18.12274	10.00	-18.12077
5.289288	10.00	-33.05599	0	0.00	0.06760795	18.08695	10.00	-18.08499
5.289288	10.00	-32.98851	0	0.00	0.06747489	18.01733	10.00	-18.01537
5.289288	10.00	-32.85723	0	0.00	0.1312848	17.98333	10.00	-17.98137
5.293183	10.00	-32.79313	0.003895076	0.00	0.06410582	17.91284	10.00	-17.91088
5.311556	10.00	-32.6602	0.018373	0.00	0.1329227	17.87787	10.00	-17.87592
5.326415	10.00	-32.59427	0.01485838	0.00	0.06592908	17.84389	10.00	-17.84193
5.345819	10.00	-32.5302	0.01940431	0.00	0.06407609	17.77274	10.00	-17.77079
5.398139	10.00	-32.39604	0.05231944	0.00	0.1341599	17.73749	10.00	-17.73554
5.42277	10.00	-32.32957	0.0246314	0.00	0.06646134	17.70379	10.00	-17.70184
5.450013	10.00	-32.26788	0.02724308	0.00	0.06170072	17.63235	10.00	-17.63041
5.503848	10.00	-32.14752	0.05383518	0.00	0.1203547	17.59727	10.00	-17.59534
5.5354	10.00	-32.0942	0.03155227	0.00	0.05332349	17.56404	10.00	-17.56211
5.564081	10.00	-32.04671	0.02868079	0.00	0.04748786	17.49311	10.00	-17.49118
5.646032	10.00	-31.96605	0.08195138	0.00	0.08065622	17.45926	10.00	-17.45733
5.686986	10.00	-31.93251	0.04095351	0.00	0.03353832	17.38744	10.00	-17.38551
5.769963	10.00	-31.87314	0.08297654	0.00	0.05937199	17.35287	10.00	-17.35095
5.808638	10.00	-31.84394	0.03867519	0.00	0.02920758	17.31881	10.00	-17.31689
5.846738	10.00	-31.81516	0.03809986	0.00	0.02877309	17.24793	10.00	-17.24602
5.928621	10.00	-31.75528	0.08188374	0.00	0.05988416	17.21238	10.00	-17.21047
5.969693	10.00	-31.72654	0.04107196	0.00	0.02873902	17.17869	10.00	-17.17678
6.008614	10.00	-31.69992	0.03892019	0.00	0.02661827	17.10676	10.00	-17.10485
6.089087	10.00	-31.64309	0.08047307	0.00	0.05683349	17.07209	10.00	-17.07019
6.127869	10.00	-31.6157	0.03878185	0.00	0.02738938	17.03816	10.00	-17.03625
6.165838	10.00	-31.58888	0.03796967	0.00	0.02681579	16.96733	10.00	-16.96544
6.245066	10.00	-31.53681	0.07922752	0.00	0.05207489	16.93335	10.00	-16.93145
6.283088	10.00	-31.51181	0.03802259	0.00	0.02499159	16.89816	10.00	-16.89626
6.322459	10.00	-31.48594	0.03937061	0.00	0.02587762	16.82484	10.00	-16.82295
6.404477	10.00	-31.43203	0.08201762	0.00	0.05390877	16.79139	10.00	-16.7895
6.441905	10.00	-31.40743	0.03742795	0.00	0.02460075	16.75838	10.00	-16.75649
6.477626	10.00	-31.38316	0.03572208	0.00	0.02427173	16.72296	10.00	-16.72108
6.515313	10.00	-31.35711	0.03768667	0.00	0.026046	16.6511	10.00	-16.64922
6.591771	10.00	-31.30427	0.07645807	0.00	0.05284167	16.61351	10.00	-16.61163
6.631763	10.00	-31.27663	0.03999191	0.00	0.0276392	16.5457	10.00	-16.54383
6.703908	10.00	-31.22677	0.07214551	0.00	0.04986119	16.50605	10.00	-16.50417
6.746102	10.00	-31.19761	0.04219332	0.00	0.02916063	16.4411	10.00	-16.43923
6.815199	10.00	-31.14985	0.06909741	0.00	0.04775459	16.39807	10.00	-16.39621
6.860981	10.00	-31.11821	0.04578138	0.00	0.03164041	16.33504	10.00	-16.33318
6.928045	10.00	-31.06956	0.06706455	0.00	0.04865129	16.30151	10.00	-16.29965
6.963726	10.00	-31.04368	0.03568096	0.00	0.02588439	16.24907	10.00	-16.24721
7.019514	10.00	-31.00321	0.05578754	0.00	0.0404705	16.19712	10.00	-16.19526
7.074794	10.00	-30.9631	0.05528033	0.00	0.04010255	16.1566	10.00	-16.15475
7.1179	10.00	-30.92813	0.04310631	0.00	0.03496955	16.08993	10.00	-16.08808
7.188836	10.00	-30.86085	0.07093538	0.00	0.06728362	16.05525	10.00	-16.0534
7.22574	10.00	-30.82395	0.03690467	0.00	0.03690467	16.01377	10.00	-16.01192
7.269872	10.00	-30.77603	0.04413113	0.00	0.04791758	15.95041	10.00	-15.94857
7.338438	10.00	-30.69936	0.06856637	0.00	0.07666361	15.91616	10.00	-15.91432
7.374881	10.00	-30.65792	0.03644299	0.00	0.04144588	15.88033	10.00	-15.8785
7.412999	10.00	-30.61457	0.038118	0.00	0.04335084	15.80826	10.00	-15.80642
7.489684	10.00	-30.52736	0.07668491	0.00	0.08721222	15.77031	10.00	-15.76848
7.530057	10.00	-30.48144	0.04037293	0.00	0.04591532	15.70447	10.00	-15.70264
7.600111	10.00	-30.40537	0.07005434	0.00	0.076065	15.67124	10.00	-15.66941
7.635466	10.00	-30.36699	0.03535507	0.00	0.03838853	15.60073	10.00	-15.59891
7.710484	10.00	-30.28553	0.07501709	0.00	0.08145355	15.56584	10.00	-15.56402
7.747612	10.00	-30.24522	0.03712833	0.00	0.04031394	15.53135	10.00	-15.52954
7.784301	10.00	-30.20538	0.03668901	0.00	0.03983692	15.45969	10.00	-15.45788
7.86447	10.00	-30.12914	0.08016987	0.00	0.07624479	15.42636	10.00	-15.42455
7.902974	10.00	-30.10037	0.03850301	0.00	0.02876697	15.39094	10.00	-15.38914
7.94389	10.00	-30.07174	0.04091585	0.00	0.02862978	15.31958	10.00	-15.31777
8.022431	10.00	-30.01535	0.07854178	0.00	0.05638981	15.28431	10.00	-15.28251
8.061243	10.00	-29.98749	0.03881153	0.00	0.02786511	15.24988	10.00	-15.24808
8.099127	10.00	-29.96029	0.03788456	0.00	0.02719957	15.17981	10.00	-15.17802
8.176234	10.00	-29.90493	0.0771067	0.00	0.05535948	15.14603	10.00	-15.14423
8.21342	10.00	-29.87823	0.03718561	0.00	0.02669775	15.1104	10.00	-15.10861
8.252626	10.00	-29.84813	0.03920727	0.00	0.03010065	15.03907	10.00	-15.03728
8.329825	10.00	-29.78005	0.0771981	0.00	0.0680815	15.00407	10.00	-15.00229
8.367055	10.00	-29.74346	0.03722977	0.00	0.03659091	14.96983	10.00	-14.96805
8.403489	10.00	-29.70702	0.0364342	0.00	0.0364342	14.8994	10.00	-14.89762
8.478428	10.00	-29.62694	0.0749388	0.00	0.08008261	14.86571	10.00	-14.86394
8.513653	10.00	-29.58864	0.0352249	0.00	0.03829997	14.79362	10.00	-14.79185
8.589046	10.00	-29.5014	0.07539333	0.00	0.08724038	14.76018	10.00	-14.75841
8.624006	10.00	-29.46095	0.03496034	0.00	0.04045388	14.68915	10.00	-14.68739
8.698281	10.00	-29.375	0.07427462	0.00	0.08594587	14.65535	10.00	-14.65359
8.733626	10.00	-29.3341	0.0353458	0.00	0.04089992	14.61975	10.00	-14.61799
8.770853	10.00	-29.29102	0.03722603	0.00	0.04307559	14.54886	10.00	-14.5471
8.84499	10.00	-29.20524	0.07413723	0.00	0.0857869	14.515	10.00	-14.51324
8.879776	10.00	-29.16427	0.03478575	0.00	0.04096714	14.44372	10.00	-14.44197
8.950412	10.00	-29.07411	0.07063639	0.00	0.09015819	14.40921	10.00	-14.40746
8.983975	10.00	-29.03047	0.03356372	0.00	0.04364386	14.37475	10.00	-14.37301
9.016862	10.00	-28.985	0.03288642	0.00	0.04546851	14.3034	10.00	-14.30166
9.082356	10.00	-28.87651	0.06549467	0.00	0.1084847	14.26866	10.00	-14.26692
9.114247	10.00	-28.82179	0.03189008	0.00	0.05472534	14.19831	10.00	-14.19657
9.176253	10.00	-28.70327	0.0620065	0.00	0.118522	14.16303	10.00	-14.16129
9.207348	10.00	-28.64383	0.03109456	0.00	0.05943555	14.09312	10.00	-14.09139
9.268966	10.00	-28.52733	0.06161808	0.00	0.1165032	14.05449	10.00	-14.05277
9.303013	10.00	-28.46648	0.03404707	0.00	0.06084746	13.98796	10.00	-13.98624
9.361651	10.00	-28.36533	0.05863846	0.00	0.1011521	13.95229	10.00	-13.95057
9.393096	10.00	-28.31109	0.03144461	0.00	0.05424235	13.87839	10.00	-13.87667
9.458229	10.00	-28.20278	0.06513237	0.00	0.1083066	13.84402	10.00	-13.84231
9.488517	10.00	-28.15241	0.03028862	0.00	0.050366	13.77682	10.00	-13.77512
9.547748	10.00	-28.05392	0.05923068	0.00	0.09849285	13.72363	10.00	-13.72193
9.592683	10.00	-27.97597	0.04493532	0.00	0.077951	13.6731	10.00	-13.6714
9.635373	10.00	-27.90191	0.04268995	0.00	0.07405587	13.63707	10.00	-13.63537
9.665818	10.00	-27.8491	0.03044507	0.00	0.05281421	13.57568	10.00	-13.57398
9.718811	10.00	-27.75912	0.05299281	0.00	0.08998408	13.52073	10.00	-13.51904
9.766235	10.00	-27.68059	0.04742397	0.00	0.07852164	13.46082	10.00	-13.45913
9.816849	10.00	-27.59936	0.05061344	0.00	0.08123853	13.4227	10.00	-13.42101
9.849062	10.00	-27.54835	0.03221345	0.00	0.05100898	13.34917	10.00	-13.34748
9.911184	10.00	-27.44998	0.06212192	0.00	0.09836809	13.28669	10.00	-13.28501
9.96397	10.00	-27.36639	0.0527865	0.00	0.08358575	13.25337	10.00	-13.2517
9.99212	10.00	-27.32182	0.02814895	0.00	0.04457297	13.21826	10.00	-13.21658
10.02178	10.00	-27.27485	0.02966553	0.00	0.04697442	13.14697	10.00	-13.1453
10.08202	10.00	-27.17947	0.06023047	0.00	0.09537304	13.11196	10.00	-13.11029
10.1116	10.00	-27.13263	0.02958054	0.00	0.04683984	13.07697	10.00	-13.0753
10.14116	10.00	-27.08582	0.02956151	0.00	0.04680971	13.04257	10.00	-13.04091
10.17022	10.00	-27.03981	0.02905852	0.00	0.04601324	13.00767	10.00	-13.006
10.19971	10.00	-26.9931	0.02949491	0.00	0.04670425	12.93704	10.00	-12.93538
10.25809	10.00	-26.89861	0.05838403	0.00	0.09449121	12.90207	10.00	-12.90041
10.28764	10.00	-26.85184	0.02954057	0.00	0.04677656	12.86611	10.00	-12.86446
10.31867	10.00	-26.80374	0.03103365	0.00	0.04810132	12.83245	10.00	-12.83079
10.34773	10.00	-26.75869	0.02906116	0.00	0.04504402	12.79675	10.00	-12.7951
10.37789	10.00	-26.71094	0.03015774	0.00	0.04775381	12.7257	10.00	-12.72406
10.43792	10.00	-26.61589	0.06002751	0.00	0.09505165	12.69025	10.00	-12.68861
10.46787	10.00	-26.56846	0.02995159	0.00	0.04742739	12.6569	10.00	-12.65526
10.49605	10.00	-26.52384	0.02817876	0.00	0.04462018	12.58508	10.00	-12.58344
10.55672	10.00	-26.42776	0.06067892	0.00	0.09608314	12.55059	10.00	-12.54895
10.58586	10.00	-26.38161	0.02913971	0.00	0.0461418	12.51621	10.00	-12.51457
10.61491	10.00	-26.33562	0.02904837	0.00	0.04599717	12.44498	10.00	-12.44335
10.67509	10.00	-26.24032	0.0601791	0.00	0.09529169	12.4116	10.00	-12.40997
10.7033	10.00	-26.19566	0.02820667	0.00	0.04466437	12.376	10.00	-12.37437
10.73337	10.00	-26.14804	0.03007274	0.00	0.04761923	12.30465	10.00	-12.30303
10.79235	10.00	-26.04999	0.05897668	0.00	0.09805565	12.27045	10.00	-12.26884
10.82062	10.00	-26.00236	0.02826797	0.00	0.04762318	12.23485	10.00	-12.23323
10.85005	10.00	-25.95277	0.02943528	0.00	0.04958975	12.16448	10.00	-12.16287
10.90822	10.00	-25.85478	0.05816497	0.00	0.09799078	12.13101	10.00	-12.1294
10.93589	10.00	-25.80817	0.02766911	0.00	0.04661428	12.05935	10.00	-12.05775
10.99512	10.00	-25.70838	0.05923112	0.00	0.09978693	12.0247	10.00	-12.02309
11.02376	10.00	-25.66012	0.02864839	0.00	0.04826407	11.9542	10.00	-11.9526
11.08204	10.00	-25.56194	0.05827419	0.00	0.09817479	11.91988	10.00	-11.91827
11.11041	10.00	-25.51414	0.02837099	0.00	0.04779673	11.88516	10.00	-11.88356
11.13911	10.00	-25.46579	0.02870114	0.00	0.04835294	11.81396	10.00	-11.81237
11.19796	10.00	-25.36665	0.05884761	0.00	0.09914082	11.77946	10.00	-11.77787
11.22837	10.00	-25.31293	0.03040905	0.00	0.05371582	11.74544	10.00	-11.74385
11.25649	10.00	-25.25624	0.028124	0.00	0.05669835	11.67358	10.00	-11.672
11.31589	10.00	-25.13256	0.0593962	0.00	0.1236792	11.64	10.00	-11.63841
11.34365	10.00	-25.07413	0.02776593	0.00	0.05842957	11.56867	10.00	-11.56709
11.3987	10.00	-24.94486	0.0550485	0.00	0.1292712	11.53506	10.00	-11.53348
11.42465	10.00	-24.88393	0.02594697	0.00	0.06093164	11.46431	10.00	-11.46274
11.47925	10.00	-24.7557	0.05460464	0.00	0.1282289	11.42859	10.00	-11.42702
11.50683	10.00	-24.69094	0.02757409	0.00	0.06475262	11.35907	10.00	-11.35751
11.56048	10.00	-24.56495	0.05365433	0.00	0.1259972	11.32515	10.00	-11.32359
11.58667	10.00	-24.50346	0.02618223	0.00	0.06148411	11.25305	10.00	-11.25149
11.64363	10.00	-24.37278	0.05696458	0.00	0.1306796	11.2169	10.00	-11.21534
11.67219	10.00	-24.30726	0.02856266	0.00	0.06552417	11.14692	10.00	-11.14537
11.72493	10.00	-24.18042	0.05273592	0.00	0.1268409	11.08356	10.00	-11.08202
11.77267	10.00	-24.06326	0.04774656	0.00	0.117154	11.04374	10.00	-11.04219
11.80269	10.00	-23.9889	0.03001309	0.00	0.07436921	10.97197	10.00	-10.97043
11.85677	10.00	-23.85488	0.05408297	0.00	0.1340118	10.93563	10.00	-10.93409
11.88416	10.00	-23.78702	0.02738801	0.00	0.06786453	10.86922	10.00	-10.86768
11.93299	10.00	-23.66302	0.04883052	0.00	0.124001	10.82108	10.00	-10.81955
11.96839	10.00	-23.57313	0.03539708	0.00	0.08988791	10.76015	10.00	-10.75862
12.01319	10.00	-23.45935	0.04480667	0.00	0.1137828	10.71452	10.00	-10.71299
12.04758	10.00	-23.37914	0.03438805	0.00	0.08021101	10.65849	10.00	-10.65696
12.09082	10.00	-23.28475	0.04324321	0.00	0.09438834	10.62296	10.00	-10.62144
12.11954	10.00	-23.23138	0.02871656	0.00	0.05336318	10.58831	10.00	-10.58678
12.14819	10.00	-23.18122	0.02865025	0.00	0.05016562	10.55395	10.00	-10.55243
12.17659	10.00	-23.13275	0.02839767	0.00	0.04846892	10.48341	10.00	-10.4819
12.23747	10.00	-23.03323	0.06088147	0.00	0.09951593	10.44795	10.00	-10.44644
12.26808	10.00	-22.9832	0.0306118	0.00	0.05003759	10.41352	10.00	-10.41201
12.29717	10.00	-22.93462	0.02909087	0.00	0.04857908	10.3787	10.00	-10.37719
12.32659	10.00	-22.88549	0.02942006	0.00	0.0491288	10.34371	10.00	-10.3422
12.35615	10.00	-22.83613	0.02956024	0.00	0.04936288	10.27221	10.00	-10.27071
12.41656	10.00	-22.73133	0.06040935	0.00	0.1047944	10.2381	10.00	-10.2366
12.44476	10.00	-22.67574	0.02819474	0.00	0.05559548	10.20296	10.00	-10.20146
12.47316	10.00	-22.6159	0.02840402	0.00	0.0598393	10.13257	10.00	-10.13108
12.53006	10.00	-22.48574	0.05689969	0.00	0.1301528	10.09776	10.00	-10.09627
12.55693	10.00	-22.42075	0.02686657	0.00	0.0649977	10.02609	10.00	-10.02461
12.6057	10.00	-22.28561	0.04877378	0.00	0.1351338	9.992924	10.00	-9.991439
12.62828	10.00	-22.22307	0.02257465	0.00	0.06254585	9.921415	10.00	-9.919937
12.67694	10.00	-22.08824	0.04866445	0.00	0.1348309	9.886789	10.00	-9.885312
12.70051	10.00	-22.02294	0.02356584	0.00	0.06529207	9.850366	10.00	-9.848891
12.72529	10.00	-21.95427	0.02478797	0.00	0.06867813	9.782175	10.00	-9.780705
12.7717	10.00	-21.82569	0.04640719	0.00	0.1285769	9.748025	10.00	-9.746558
12.79494	10.00	-21.7613	0.02324089	0.00	0.06439176	9.711924	10.00	-9.710457
12.81951	10.00	-21.69322	0.0245698	0.00	0.06807368	9.640789	10.00	-9.639327
12.86792	10.00	-21.55909	0.04841103	0.00	0.1341287	9.607327	10.00	-9.605865
12.8907	10.00	-21.496	0.02277288	0.00	0.06309509	9.53583	10.00	-9.534376
12.93935	10.00	-21.36119	0.04865729	0.00	0.1348111	9.501821	10.00	-9.500365
12.9625	10.00	-21.29706	0.02314586	0.00	0.06412847	9.430842	10.00	-9.429394
13.0108	10.00	-21.16323	0.04830373	0.00	0.1338315	9.397149	10.00	-9.395699
13.03373	10.00	-21.09969	0.02293178	0.00	0.06353534	9.325738	10.00	-9.324296
13.08233	10.00	-20.96505	0.048597	0.00	0.134644	9.290787	10.00	-9.289346
13.10612	10.00	-20.89914	0.02378707	0.00	0.06590501	9.253718	10.00	-9.252281
13.13135	10.00	-20.8306	0.02522685	0.00	0.06854056	9.185273	10.00	-9.183839
13.17793	10.00	-20.70529	0.0465809	0.00	0.1253092	9.151985	10.00	-9.150553
13.20058	10.00	-20.64435	0.02265384	0.00	0.06094202	9.113815	10.00	-9.112382
13.22656	10.00	-20.57447	0.02597842	0.00	0.0698856	9.045199	10.00	-9.043773
13.27325	10.00	-20.44885	0.04669585	0.00	0.1256184	9.01115	10.00	-9.009726
13.29705	10.00	-20.38651	0.02379357	0.00	0.06233572	8.972031	10.00	-8.970608
13.32153	10.00	-20.31275	0.02448049	0.00	0.07376289	8.904306	10.00	-8.90289
13.3602	10.00	-20.18505	0.03867058	0.00	0.1276964	8.868779	10.00	-8.867364
13.37984	10.00	-20.11806	0.0196383	0.00	0.06699076	8.826573	10.00	-8.825159
13.40317	10.00	-20.03848	0.02332992	0.00	0.07958373	8.764442	10.00	-8.763032
13.43638	10.00	-19.92133	0.03320819	0.00	0.1171503	8.727355	10.00	-8.725947
13.4562	10.00	-19.8514	0.01982307	0.00	0.06993092	8.690628	10.00	-8.689224
13.47583	10.00	-19.78215	0.01962966	0.00	0.06924861	8.625219	10.00	-8.623816
13.51079	10.00	-19.65881	0.03496214	0.00	0.1233378	8.590235	10.00	-8.588836
13.53077	10.00	-19.59285	0.01997488	0.00	0.06596022	8.518963	10.00	-8.517567
13.57276	10.00	-19.45846	0.04199866	0.00	0.1343892	8.48441	10.00	-8.483019
13.59186	10.00	-19.39331	0.01909925	0.00	0.06515193	8.413262	10.00	-8.411872
13.62729	10.00	-19.25916	0.03543023	0.00	0.1341542	8.36961	10.00	-8.368224
13.64823	10.00	-19.17685	0.02094081	0.00	0.08230872	8.307374	10.00	-8.305991
13.67809	10.00	-19.0595	0.02985555	0.00	0.1173485	8.272334	10.00	-8.270955
13.69554	10.00	-18.99343	0.0174493	0.00	0.06607064	8.203547	10.00	-8.202173
13.72979	10.00	-18.86373	0.03425371	0.00	0.1296994	8.169501	10.00	-8.168128
13.74675	10.00	-18.79953	0.01695507	0.00	0.06419925	8.098292	10.00	-8.096923
13.78221	10.00	-18.66526	0.03546051	0.00	0.1342689	8.063164	10.00	-8.061795
13.7997	10.00	-18.59902	0.01749379	0.00	0.06623909	7.990987	10.00	-7.989625
13.83301	10.00	-18.46293	0.03330581	0.00	0.1360893	7.958174	10.00	-7.956812
13.84635	10.00	-18.40106	0.01334495	0.00	0.06187204	7.88858	10.00	-7.887225
13.86703	10.00	-18.26983	0.02067945	0.00	0.131224	7.855076	10.00	-7.853723
13.87699	10.00	-18.20666	0.009955361	0.00	0.06317295	7.818374	10.00	-7.81702
13.88789	10.00	-18.13745	0.01090635	0.00	0.06920756	7.749068	10.00	-7.747721
13.90849	10.00	-18.00678	0.02059334	0.00	0.1306776	7.712531	10.00	-7.711182
13.91934	10.00	-17.93788	0.01085705	0.00	0.06889471	7.641468	10.00	-7.640123
13.94046	10.00	-17.80389	0.0211158	0.00	0.1339929	7.608944	10.00	-7.607605
13.95012	10.00	-17.74257	0.009663796	0.00	0.06132279	7.574593	10.00	-7.573256
13.96033	10.00	-17.67779	0.01020744	0.00	0.06477255	7.503009	10.00	-7.501676
13.9816	10.00	-17.54282	0.02127061	0.00	0.1349753	7.469097	10.00	-7.467764
13.99168	10.00	-17.47887	0.01007716	0.00	0.06394586	7.431155	10.00	-7.429825
14.00295	10.00	-17.40733	0.01127421	0.00	0.07154185	7.363278	10.00	-7.361951
14.02312	10.00	-17.27935	0.02016905	0.00	0.1279851	7.329112	10.00	-7.327788
14.03327	10.00	-17.21492	0.01015212	0.00	0.06442149	7.257539	10.00	-7.256221
14.05062	10.00	-17.07997	0.01734703	0.00	0.134954	7.224208	10.00	-7.222889
14.0587	10.00	-17.01712	0.008078967	0.00	0.06285162	7.18854	10.00	-7.187223
14.06735	10.00	-16.94986	0.00864504	0.00	0.06725547	7.117057	10.00	-7.115744
14.08467	10.00	-16.81508	0.0173252	0.00	0.1347842	7.083817	10.00	-7.082509
14.09273	10.00	-16.75241	0.008055858	0.00	0.06267184	7.012936	10.00	-7.01163
14.10861	10.00	-16.61875	0.01588584	0.00	0.1336545	6.978145	10.00	-6.976843
14.11641	10.00	-16.55315	0.007796959	0.00	0.06559925	6.907693	10.00	-6.906395
14.12963	10.00	-16.42031	0.01321653	0.00	0.1328406	6.872334	10.00	-6.871038
14.13561	10.00	-16.35364	0.005987755	0.00	0.06667226	6.802352	10.00	-6.801061
14.14746	10.00	-16.22169	0.01185067	0.00	0.1319544	6.767542	10.00	-6.766253
14.15336	10.00	-16.15605	0.005894821	0.00	0.06563747	6.697341	10.00	-6.696056
14.16525	10.00	-16.02368	0.01188766	0.00	0.1323664	6.658417	10.00	-6.657133
14.16971	10.00	-15.95029	0.004459564	0.00	0.07339625	6.591148	10.00	-6.589868
14.17741	10.00	-15.82345	0.007706808	0.00	0.1268399	6.556967	10.00	-6.55569
14.18133	10.00	-15.759	0.003915977	0.00	0.0644498	6.52092	10.00	-6.519646
14.18414	10.00	-15.69103	0.00281347	0.00	0.06796751	6.451021	10.00	-6.449749
14.19215	10.00	-15.55923	0.008008189	0.00	0.1318001	6.41736	10.00	-6.416091
14.19416	10.00	-15.49576	0.002012688	0.00	0.06346881	6.346229	10.00	-6.344964
14.19416	10.00	-15.36164	0	0.00	0.1341231	6.310044	10.00	-6.308781
14.19416	10.00	-15.29341	0	0.00	0.06822798	6.273621	10.00	-6.272361
14.19416	10.00	-15.22473	0	0.00	0.06867813	6.206192	10.00	-6.204936
14.19416	10.00	-15.09759	0	0.00	0.12714	6.172473	10.00	-6.171218
14.19416	10.00	-15.03401	0	0.00	0.06358064	6.101614	10.00	-6.100364
14.19416	10.00	-14.9004	0	0.00	0.1336078	6.067286	10.00	-6.066037
14.19416	10.00	-14.83567	0	0.00	0.06473009	5.99577	10.00	-5.994525
14.19416	10.00	-14.70082	0	0.00	0.1348479	5.962104	10.00	-5.960862
14.19416	10.00	-14.63735	0	0.00	0.06347872	5.92628	10.00	-5.925039
14.19416	10.00	-14.5698	0	0.00	0.0675485	5.856085	10.00	-5.85485
14.19416	10.00	-14.43744	0	0.00	0.1323564	5.819696	10.00	-5.818463
14.19416	10.00	-14.36883	0	0.00	0.06861443	5.750199	10.00	-5.748971
14.19416	10.00	-14.23779	0	0.00	0.1310385	5.708033	10.00	-5.706805
14.19416	10.00	-14.15828	0	0.00	0.07951012	5.64469	10.00	-5.643466
14.19416	10.00	-14.03884	0	0.00	0.1194379	5.586862	10.00	-5.585643
14.19416	10.00	-13.9298	0	0.00	0.1090362	5.539225	10.00	-5.538009
14.19416	10.00	-13.83998	0	0.00	0.08982261	5.499811	10.00	-5.498596
14.19416	10.00	-13.76567	0	0.00	0.07431637	5.429326	10.00	-5.428115
14.19416	10.00	-13.63276	0	0.00	0.1329057	5.364832	10.00	-5.363625
14.19416	10.00	-13.51115	0	0.00	0.1216066	5.329977	10.00	-5.328772
14.19416	10.00	-13.44543	0	0.00	0.06572241	5.292826	10.00	-5.291623
14.19416	10.00	-13.37538	0	0.00	0.07005124	5.225031	10.00	-5.223833
14.19416	10.00	-13.24755	0	0.00	0.1278294	5.189567	10.00	-5.188371
14.19416	10.00	-13.18068	0	0.00	0.06687044	5.120591	10.00	-5.119398
14.19416	10.00	-13.05062	0	0.00	0.130059	5.085069	10.00	-5.083879
14.19416	10.00	-12.98364	0	0.00	0.06697802	5.05064	10.00	-5.049452
14.19416	10.00	-12.91872	0	0.00	0.06491836	5.015856	10.00	-5.014671
14.19416	10.00	-12.85314	0	0.00	0.06558509	4.980818	10.00	-4.979635
14.19416	10.00	-12.78707	0	0.00	0.06606639	4.910275	10.00	-4.909096
14.19416	10.00	-12.65406	0	0.00	0.1330147	4.874659	10.00	-4.873482
14.19416	10.00	-12.5869	0	0.00	0.0671578	4.840431	10.00	-4.839255
14.19416	10.00	-12.52236	0	0.00	0.06453757	4.805583	10.00	-4.80441
14.19416	10.00	-12.45665	0	0.00	0.06570825	4.73401	10.00	-4.732841
14.19416	10.00	-12.3217	0	0.00	0.1349554	4.698956	10.00	-4.697792
14.19416	10.00	-12.2556	0	0.00	0.0660947	4.664403	10.00	-4.663238
14.19416	10.00	-12.19045	0	0.00	0.06515335	4.593367	10.00	-4.592207
14.19416	10.00	-12.05651	0	0.00	0.1339419	4.558737	10.00	-4.557579
14.19416	10.00	-11.99121	0	0.00	0.06529773	4.521031	10.00	-4.519876
14.19416	10.00	-11.92011	0	0.00	0.07109594	4.453246	10.00	-4.452094
14.19416	10.00	-11.7923	0	0.00	0.1278139	4.418804	10.00	-4.417655
14.19416	10.00	-11.72736	0	0.00	0.06494242	4.347792	10.00	-4.346647
14.2023	10.00	-11.59346	0.008135571	0.00	0.1338966	4.311818	10.00	-4.310676
14.20314	10.00	-11.52563	0.0008374103	0.00	0.0678302	4.242687	10.00	-4.241549
14.20314	10.00	-11.39528	0	0.00	0.130352	4.204324	10.00	-4.203187
14.20314	10.00	-11.32294	0	0.00	0.07233598	4.137692	10.00	-4.136559
14.20314	10.00	-11.19731	0	0.00	0.1256381	4.103951	10.00	-4.102819
14.20314	10.00	-11.13368	0	0.00	0.06362311	4.067655	10.00	-4.066527
14.20314	10.00	-11.06525	0	0.00	0.06843606	3.997633	10.00	-3.996509
14.20314	10.00	-10.93321	0	0.00	0.1320323	3.963887	10.00	-3.962765
14.20314	10.00	-10.86959	0	0.00	0.06362877	3.892049	10.00	-3.890932
14.20314	10.00	-10.73413	0	0.00	0.1354551	3.858716	10.00	-3.857601
14.20314	10.00	-10.67128	0	0.00	0.06285162	3.78731	10.00	-3.786199
14.20314	10.00	-10.53664	0	0.00	0.1346412	3.754185	10.00	-3.753075
14.20314	10.00	-10.47418	0	0.00	0.0624595	3.682386	10.00	-3.681281
14.20314	10.00	-10.3388	0	0.00	0.1353801	3.647682	10.00	-3.646578
14.20314	10.00	-10.27336	0	0.00	0.06543788	3.611995	10.00	-3.610893
14.20314	10.00	-10.20607	0	0.00	0.06728945	3.542084	10.00	-3.540986
14.20314	10.00	-10.07425	0	0.00	0.1318228	3.5082	10.00	-3.507104
14.20314	10.00	-10.01036	0	0.00	0.06389065	3.436927	10.00	-3.435837
14.20314	10.00	-9.87597	0	0.00	0.1343878	3.403608	10.00	-3.40252
14.20314	10.00	-9.813145	0	0.00	0.06282472	3.332497	10.00	-3.331414
14.20314	10.00	-9.679061	0	0.00	0.1340834	3.297862	10.00	-3.29678
14.20314	10.00	-9.613753	0	0.00	0.06530764	3.226826	10.00	-3.225748
14.20314	10.00	-9.479811	0	0.00	0.1339433	3.193497	10.00	-3.192421
14.20314	10.00	-9.416967	0	0.00	0.06284312	3.15681	10.00	-3.155735
14.20314	10.00	-9.347791	0	0.00	0.06917641	3.086212	10.00	-3.085143
14.20314	10.00	-9.214676	0	0.00	0.1331152	3.037095	10.00	-3.036028
14.20314	10.00	-9.122062	0	0.00	0.09261412	2.980875	10.00	-2.979813
14.20314	10.00	-9.016056	0	0.00	0.1060055	2.924696	10.00	-2.923637
14.20314	10.00	-8.910127	0	0.00	0.105929	2.876278	10.00	-2.875221
14.20314	10.00	-8.81883	0	0.00	0.09129622	2.829844	10.00	-2.82879
14.20314	10.00	-8.731277	0	0.00	0.08755343	2.77248	10.00	-2.771429
14.20314	10.00	-8.623113	0	0.00	0.1081642	2.72788	10.00	-2.726832
14.20314	10.00	-8.539017	0	0.00	0.0840966	2.666326	10.00	-2.665281
14.20314	10.00	-8.422954	0	0.00	0.1160632	2.631482	10.00	-2.630439
14.20314	10.00	-8.357252	0	0.00	0.06570117	2.561735	10.00	-2.560697
14.20314	10.00	-8.22574	0	0.00	0.1315113	2.527714	10.00	-2.526679
14.20314	10.00	-8.161592	0	0.00	0.06414828	2.492871	10.00	-2.491837
14.20314	10.00	-8.095893	0	0.00	0.06569976	2.457051	10.00	-2.456019
14.20314	10.00	-8.028353	0	0.00	0.06754	2.386307	10.00	-2.385279
14.20314	10.00	-7.89496	0	0.00	0.1333926	2.350839	10.00	-2.349813
14.20314	10.00	-7.828083	0	0.00	0.06687751	2.317256	10.00	-2.316231
14.20314	10.00	-7.76476	0	0.00	0.06332301	2.281931	10.00	-2.280909
14.20314	10.00	-7.698153	0	0.00	0.06660714	2.247197	10.00	-2.246178
14.20314	10.00	-7.632659	0	0.00	0.06549308	2.175101	10.00	-2.174086
14.20314	10.00	-7.496719	0	0.00	0.1359407	2.138847	10.00	-2.137834
14.20314	10.00	-7.428359	0	0.00	0.06835963	2.069475	10.00	-2.068466
14.19899	10.00	-7.297554	-0.004148016	0.00	0.130805	2.032857	10.00	-2.03185
14.19479	10.00	-7.228508	-0.004195254	0.00	0.06904618	1.964572	10.00	-1.96357
14.18448	10.00	-7.099753	-0.01031663	0.00	0.1287552	1.93107	10.00	-1.930069
14.17941	10.00	-7.036582	-0.005061563	0.00	0.06317012	1.85948	10.00	-1.858485
14.1686	10.00	-6.901596	-0.01081592	0.00	0.1349866	1.823964	10.00	-1.82297
14.16323	10.00	-6.834628	-0.00536588	0.00	0.06696811	1.789433	10.00	-1.788441
14.15676	10.00	-6.769517	-0.00647799	0.00	0.06511088	1.719085	10.00	-1.718097
14.14099	10.00	-6.636872	-0.01576587	0.00	0.1326452	1.685711	10.00	-1.684725
14.13351	10.00	-6.573944	-0.007479467	0.00	0.06292806	1.648898	10.00	-1.647915
14.12526	10.00	-6.504531	-0.008250229	0.00	0.06941281	1.578941	10.00	-1.577962
14.10958	10.00	-6.372623	-0.01567821	0.00	0.1319077	1.545227	10.00	-1.54425
14.10203	10.00	-6.309052	-0.007555854	0.00	0.06357073	1.474803	10.00	-1.47383
14.08624	10.00	-6.176263	-0.01578303	0.00	0.1327896	1.440193	10.00	-1.439222
14.07849	10.00	-6.111003	-0.007756578	0.00	0.06525951	1.36944	10.00	-1.368474
14.06263	10.00	-5.977595	-0.01585656	0.00	0.1334082	1.334588	10.00	-1.333623
14.05482	10.00	-5.911879	-0.007810924	0.00	0.06571674	1.264561	10.00	-1.263601
14.03657	10.00	-5.779839	-0.0182509	0.00	0.1320394	1.229967	10.00	-1.229008
14.02629	10.00	-5.714609	-0.0102795	0.00	0.06522979	1.158434	10.00	-1.157479
14.00503	10.00	-5.579729	-0.02125567	0.00	0.1348804	1.125456	10.00	-1.124504
13.99523	10.00	-5.517548	-0.009798982	0.00	0.06218063	1.089064	10.00	-1.088115
13.98442	10.00	-5.448929	-0.01081355	0.00	0.06861868	1.01919	10.00	-1.018244
13.96366	10.00	-5.317176	-0.02076288	0.00	0.1317534	0.9848213	10.00	-0.9838776
13.95344	10.00	-5.252372	-0.01021235	0.00	0.0648037	0.9138603	10.00	-0.9129205
13.93236	10.00	-5.118571	-0.02108568	0.00	0.1338017	0.8797238	10.00	-0.878786
13.92346	10.00	-5.054204	-0.008896913	0.00	0.06436628	0.808737	10.00	-0.8078036
13.90626	10.00	-4.920354	-0.01720511	0.00	0.1338499	0.774699	10.00	-0.7737676
13.89801	10.00	-4.856174	-0.008249827	0.00	0.06418084	0.7033569	10.00	-0.7024298
13.87551	10.00	-4.721654	-0.02250132	0.00	0.1345194	0.6694676	10.00	-0.6685427
13.86296	10.00	-4.657753	-0.01254499	0.00	0.06390056	0.597807	10.00	-0.596887
13.82204	10.00	-4.522634	-0.04091858	0.00	0.1351196	0.5631784	10.00	-0.56226
13.79974	10.00	-4.457339	-0.02230237	0.00	0.0652949	0.4934832	10.00	-0.4925687
13.75358	10.00	-4.325924	-0.04615911	0.00	0.1314151	0.4572559	10.00	-0.4563437
13.72959	10.00	-4.257616	-0.02399319	0.00	0.06830867	0.3868675	10.00	-0.3859594
13.67783	10.00	-4.124894	-0.05175856	0.00	0.1327217	0.3507575	10.00	-0.3498515
13.65128	10.00	-4.056806	-0.02655278	0.00	0.06808784	0.2648375	10.00	-0.2639369
13.5881	10.00	-3.894799	-0.06317925	0.00	0.1620071	0.2350733	10.00	-0.2341745
13.56621	10.00	-3.838677	-0.02188634	0.00	0.05612196	0.1779619	10.00	-0.1770665
13.52421	10.00	-3.73099	-0.04199566	0.00	0.1076872	0.106696	10.00	-0.1058048
13.47181	10.00	-3.596613	-0.0524039	0.00	0.1343765	0.07351367	10.00	-0.07262456
13.44741	10.00	-3.534046	-0.0243998	0.00	0.06256709	0.02634306	10.00	-0.02545661
13.41273	10.00	-3.445102	-0.03468604	0.00	0.08894353	-0.03227933	10.00	0.03316266
13.36748	10.00	-3.334566	-0.04524755	0.00	0.1105367	-0.07099562	10.00	0.07187629
13.33618	10.00	-3.261564	-0.03129638	0.00	0.0730013	-0.1399463	10.00	0.1408229
13.28044	10.00	-3.131554	-0.05573692	0.00	0.1300108	-0.1855285	10.00	0.1864024
13.2436	10.00	-3.045605	-0.03684682	0.00	0.08594817	-0.243048	10.00	0.243918
13.1971	10.00	-2.93715	-0.04649608	0.00	0.1084558	-0.2783786	10.00	0.2792467
13.16854	10.00	-2.870531	-0.02855999	0.00	0.06661846	-0.3117006	10.00	0.3125666
13.14161	10.00	-2.807701	-0.026936	0.00	0.06283038	-0.3471293	10.00	0.3479936
13.11297	10.00	-2.740897	-0.02863949	0.00	0.06680391	-0.4181777	10.00	0.4190377
13.05553	10.00	-2.606931	-0.05743252	0.00	0.133966	-0.4516656	10.00	0.4525234
13.02846	10.00	-2.543788	-0.02707012	0.00	0.06314322	-0.4874631	10.00	0.4883192
12.99953	10.00	-2.476289	-0.02893746	0.00	0.06749895	-0.5586996	10.00	0.5595508
12.94194	10.00	-2.341969	-0.05758423	0.00	0.1343198	-0.5918717	10.00	0.5927212
12.91513	10.00	-2.27942	-0.02681523	0.00	0.06254868	-0.6278535	10.00	0.628701
12.88604	10.00	-2.211575	-0.02908615	0.00	0.06784577	-0.6976855	10.00	0.6985288
12.82959	10.00	-2.079902	-0.05644939	0.00	0.1316727	-0.7341477	10.00	0.7349887
12.80012	10.00	-2.01115	-0.02947454	0.00	0.06875174	-0.7681511	10.00	0.7689895
12.77263	10.00	-1.947036	-0.02748643	0.00	0.06411431	-0.83885	10.00	0.8396845
12.71548	10.00	-1.813728	-0.05715032	0.00	0.1333077	-0.8732722	10.00	0.8741047
12.68765	10.00	-1.748822	-0.02782568	0.00	0.06490562	-0.9446488	10.00	0.945477
12.62605	10.00	-1.614238	-0.06160722	0.00	0.1345846	-0.9786332	10.00	0.9794589
12.59175	10.00	-1.550159	-0.03429642	0.00	0.06407892	-1.049789	10.00	1.050611
12.51344	10.00	-1.415989	-0.07830632	0.00	0.1341698	-1.083424	10.00	1.084244
12.4752	10.00	-1.352568	-0.03824278	0.00	0.06342068	-1.118674	10.00	1.119492
12.43384	10.00	-1.286103	-0.04136602	0.00	0.06646559	-1.189921	10.00	1.190735
12.35022	10.00	-1.15176	-0.0836104	0.00	0.1343425	-1.223029	10.00	1.22384
12.31016	10.00	-1.089335	-0.04006054	0.00	0.06242553	-1.259668	10.00	1.260477
12.26449	10.00	-1.02025	-0.04567163	0.00	0.0690844	-1.329372	10.00	1.330177
12.1776	10.00	-0.8888183	-0.08688961	0.00	0.1314321	-1.36422	10.00	1.365024
12.13416	10.00	-0.8231087	-0.0434406	0.00	0.06570967	-1.434492	10.00	1.435291
12.04657	10.00	-0.6906078	-0.08759616	0.00	0.1325008	-1.47001	10.00	1.470807
12.00229	10.00	-0.6236369	-0.04427443	0.00	0.06697094	-1.540358	10.00	1.541151
11.9146	10.00	-0.4909903	-0.08769256	0.00	0.1326466	-1.574385	10.00	1.575176
11.87218	10.00	-0.4268306	-0.04241585	0.00	0.06415961	-1.611175	10.00	1.611964
11.82632	10.00	-0.3574603	-0.04586067	0.00	0.06937034	-1.680513	10.00	1.681298
11.73989	10.00	-0.226719	-0.08643293	0.00	0.1307413	-1.71435	10.00	1.715132
11.69771	10.00	-0.162919	-0.04217815	0.00	0.06380005	-1.751776	10.00	1.752556
11.65106	10.00	-0.09234821	-0.04665426	0.00	0.07057076	-1.820752	10.00	1.821529
11.56508	10.00	0.03771074	-0.08598185	0.00	0.130059	-1.855643	10.00	1.856418
11.52158	10.00	0.1034997	-0.043493	0.00	0.06578894	-1.92513	10.00	1.925899
11.43497	10.00	0.2345198	-0.08661729	0.00	0.1310201	-1.961222	10.00	1.96199
11.38997	10.00	0.3025751	-0.04499128	0.00	0.06805528	-2.032905	10.00	2.033668
11.30062	10.00	0.4377358	-0.0893546	0.00	0.1351607	-2.066198	10.00	2.06696
11.25912	10.00	0.5005138	-0.04150248	0.00	0.062778	-2.10375	10.00	2.10451
11.21231	10.00	0.571321	-0.04681054	0.00	0.07080716	-2.171765	10.00	2.17252
11.12752	10.00	0.6995666	-0.08478305	0.00	0.1282456	-2.205374	10.00	2.206127
11.08563	10.00	0.7629377	-0.04189459	0.00	0.06337113	-2.27678	10.00	2.277528
10.99662	10.00	0.8975775	-0.08901022	0.00	0.1346398	-2.311157	10.00	2.311903
10.95502	10.00	0.9623967	-0.04159668	0.00	0.06481927	-2.384484	10.00	2.385226
10.87031	10.00	1.100662	-0.08471287	0.00	0.1382651	-2.435436	10.00	2.436175
10.81889	10.00	1.196734	-0.05142	0.00	0.09607238	-2.486538	10.00	2.487275
10.77105	10.00	1.293092	-0.04784094	0.00	0.09635832	-2.529296	10.00	2.53003
10.7357	10.00	1.373714	-0.03534381	0.00	0.08062135	-2.596617	10.00	2.597347
10.68006	10.00	1.500651	-0.05564852	0.00	0.1269376	-2.628146	10.00	2.628874
10.65399	10.00	1.560102	-0.02606244	0.00	0.05944999	-2.69758	10.00	2.698303
10.5966	10.00	1.691023	-0.05739483	0.00	0.1309211	-2.731997	10.00	2.732718
10.56815	10.00	1.755918	-0.0284498	0.00	0.06489571	-2.802735	10.00	2.803452
10.5058	10.00	1.8893	-0.06234794	0.00	0.1333813	-2.836169	10.00	2.836884
10.47633	10.00	1.952341	-0.02946811	0.00	0.06304131	-2.907519	10.00	2.90823
10.41345	10.00	2.086876	-0.06288722	0.00	0.134535	-2.94294	10.00	2.94365
10.38223	10.00	2.153666	-0.03122029	0.00	0.06678975	-2.977289	10.00	2.977997
10.35195	10.00	2.218432	-0.03027472	0.00	0.06476689	-3.047654	10.00	3.048356
10.29379	10.00	2.351107	-0.05816372	0.00	0.1326749	-3.081843	10.00	3.082545
10.26365	10.00	2.415577	-0.03013576	0.00	0.06446962	-3.153002	10.00	3.153699
10.20093	10.00	2.549751	-0.0627185	0.00	0.134174	-3.18581	10.00	3.186503
10.17202	10.00	2.61161	-0.02891559	0.00	0.06185929	-3.221964	10.00	3.222656
10.14015	10.00	2.679782	-0.03186611	0.00	0.06817135	-3.292466	10.00	3.293154
10.07801	10.00	2.812719	-0.06214017	0.00	0.1329368	-3.328791	10.00	3.329477
10.04599	10.00	2.881211	-0.03201631	0.00	0.06849269	-3.397444	10.00	3.398126
9.998018	10.00	3.010662	-0.04797588	0.00	0.1294503	-3.432583	10.00	3.433263
9.974105	10.00	3.076918	-0.02391378	0.00	0.06625608	-3.503207	10.00	3.503884
9.926041	10.00	3.210084	-0.0480636	0.00	0.1331661	-3.537794	10.00	3.538467
9.900608	10.00	3.275301	-0.02543323	0.00	0.06521705	-3.57172	10.00	3.572392
9.875662	10.00	3.339268	-0.02494578	0.00	0.06396709	-3.644887	10.00	3.645555
9.821859	10.00	3.47723	-0.05380223	0.00	0.1379621	-3.677828	10.00	3.678493
9.797638	10.00	3.539341	-0.02422204	0.00	0.06211127	-3.714283	10.00	3.714947
9.770831	10.00	3.60808	-0.02680671	0.00	0.068739	-3.782976	10.00	3.783634
9.72032	10.00	3.737604	-0.05051149	0.00	0.1295239	-3.817502	10.00	3.818159
9.694932	10.00	3.802705	-0.02538796	0.00	0.06510097	-3.888075	10.00	3.888727
9.643037	10.00	3.935775	-0.05189436	0.00	0.1330699	-3.922468	10.00	3.923118
9.617747	10.00	4.000624	-0.0252897	0.00	0.064849	-3.993412	10.00	3.994057
9.56558	10.00	4.134393	-0.05216707	0.00	0.1337692	-4.028889	10.00	4.029533
9.539493	10.00	4.201289	-0.02608795	0.00	0.06689592	-4.099014	10.00	4.099654
9.487927	10.00	4.333514	-0.0515648	0.00	0.1322248	-4.132894	10.00	4.133532
9.463015	10.00	4.397396	-0.02491265	0.00	0.06388216	-4.169452	10.00	4.170087
9.436133	10.00	4.466328	-0.02688179	0.00	0.06893152	-4.239156	10.00	4.239789
9.384877	10.00	4.597761	-0.0512562	0.00	0.1314335	-4.274497	10.00	4.275126
9.360826	10.00	4.664398	-0.02405122	0.00	0.06663687	-4.344006	10.00	4.34463
9.313521	10.00	4.795461	-0.04730437	0.00	0.1310626	-4.378522	10.00	4.379146
9.29003	10.00	4.860545	-0.02349073	0.00	0.06508398	-4.4513	10.00	4.451917
9.240502	10.00	4.997769	-0.04952842	0.00	0.1372246	-4.484499	10.00	4.485116
9.217908	10.00	5.060369	-0.02259406	0.00	0.06259964	-4.554564	10.00	4.555177
9.166387	10.00	5.192482	-0.05152119	0.00	0.132113	-4.587916	10.00	4.588526
9.141863	10.00	5.255367	-0.02452401	0.00	0.06288559	-4.626727	10.00	4.627336
9.113323	10.00	5.32855	-0.02853958	0.00	0.07318249	-4.694642	10.00	4.695245
9.063384	10.00	5.456606	-0.04993902	0.00	0.1280559	-4.741254	10.00	4.741856
9.029109	10.00	5.544497	-0.03427587	0.00	0.08789176	-4.800925	10.00	4.801524
8.98523	10.00	5.657012	-0.04387813	0.00	0.1125143	-4.84847	10.00	4.849065
8.95027	10.00	5.746659	-0.03496041	0.00	0.08964707	-4.904115	10.00	4.904705
8.909353	10.00	5.851579	-0.04091641	0.00	0.1049197	-4.952387	10.00	4.952975
8.873857	10.00	5.942602	-0.03549699	0.00	0.09102301	-5.010998	10.00	5.011583
8.830758	10.00	6.053116	-0.04309809	0.00	0.1105141	-5.051565	10.00	5.052149
8.800928	10.00	6.129609	-0.02983081	0.00	0.07649353	-5.116209	10.00	5.116787
8.753394	10.00	6.251498	-0.04753377	0.00	0.1218883	-5.154364	10.00	5.154942
8.725337	10.00	6.323443	-0.02805709	0.00	0.07194528	-5.221183	10.00	5.221755
8.676205	10.00	6.44943	-0.04913249	0.00	0.1259878	-5.259072	10.00	5.259641
8.648343	10.00	6.520874	-0.02786112	0.00	0.07144275	-5.326297	10.00	5.326864
8.598909	10.00	6.647633	-0.04943335	0.00	0.1267592	-5.361265	10.00	5.36183
8.573197	10.00	6.713566	-0.02571256	0.00	0.06593332	-5.395036	10.00	5.395596
8.548366	10.00	6.77724	-0.0248315	0.00	0.06367407	-5.466216	10.00	5.466772
8.496024	10.00	6.911457	-0.05234152	0.00	0.1342165	-5.500149	10.00	5.500706
8.471072	10.00	6.975441	-0.0249524	0.00	0.06398408	-5.571474	10.00	5.572023
8.418627	10.00	7.109923	-0.0524453	0.00	0.1344826	-5.604936	10.00	5.605484
8.39402	10.00	7.17302	-0.02460627	0.00	0.06309651	-5.640678	10.00	5.641229
8.367735	10.00	7.240421	-0.02628504	0.00	0.06740128	-5.711644	10.00	5.712187
8.315555	10.00	7.374226	-0.05218088	0.00	0.1338046	-5.744586	10.00	5.745127
8.291331	10.00	7.43634	-0.02422315	0.00	0.0621141	-5.816905	10.00	5.817441
8.238153	10.00	7.572702	-0.05317842	0.00	0.1363625	-5.851068	10.00	5.851605
8.213031	10.00	7.637122	-0.02512243	0.00	0.06442007	-5.921772	10.00	5.922301
8.161042	10.00	7.770433	-0.05198821	0.00	0.1333105	-5.957004	10.00	5.957533
8.135133	10.00	7.83687	-0.02590909	0.00	0.06643727	-5.990386	10.00	5.990912
8.110587	10.00	7.899812	-0.0245461	0.00	0.06294221	-6.061466	10.00	6.061987
8.058321	10.00	8.033836	-0.05226645	0.00	0.134024	-6.096737	10.00	6.097259
8.032383	10.00	8.100348	-0.0259378	0.00	0.06651089	-6.166513	10.00	6.16703
7.981075	10.00	8.231913	-0.05130754	0.00	0.1315651	-6.200755	10.00	6.201271
7.955896	10.00	8.296476	-0.02517874	0.00	0.06456447	-6.271751	10.00	6.27226
7.903691	10.00	8.430344	-0.05220516	0.00	0.1338669	-6.306455	10.00	6.306962
7.878172	10.00	8.49578	-0.0255188	0.00	0.06543646	-6.379116	10.00	6.379621
7.824742	10.00	8.63279	-0.0534307	0.00	0.1370094	-6.411323	10.00	6.411822
7.801061	10.00	8.693512	-0.02368049	0.00	0.06072259	-6.448022	10.00	6.448521
7.774075	10.00	8.762712	-0.02698613	0.00	0.06919906	-6.517061	10.00	6.517555
7.723308	10.00	8.892891	-0.05076709	0.00	0.1301793	-6.552247	10.00	6.552739
7.697436	10.00	8.959231	-0.02587155	0.00	0.06634101	-6.622862	10.00	6.623353
7.64551	10.00	9.092385	-0.05192693	0.00	0.1331534	-6.656893	10.00	6.657381
7.620485	10.00	9.156553	-0.02502416	0.00	0.0641681	-6.727271	10.00	6.727751
7.568736	10.00	9.28925	-0.05174918	0.00	0.1326976	-6.762748	10.00	6.76323
7.542646	10.00	9.356151	-0.02608961	0.00	0.06690016	-6.833101	10.00	6.83358
7.490914	10.00	9.488806	-0.05173261	0.00	0.1326551	-6.868558	10.00	6.869033
7.464842	10.00	9.555661	-0.02607194	0.00	0.06685486	-6.902161	10.00	6.902635
7.440133	10.00	9.619022	-0.0247095	0.00	0.06336122	-6.974035	10.00	6.974505
7.387281	10.00	9.754545	-0.05285106	0.00	0.1355231	-7.033939	10.00	7.034403
7.343232	10.00	9.867498	-0.04404927	0.00	0.1129531	-7.080219	10.00	7.080679
7.309204	10.00	9.954756	-0.03402856	0.00	0.08725758	-7.114819	10.00	7.115279
7.28376	10.00	10.02	-0.02544427	0.00	0.06524536	-7.185665	10.00	7.186119
7.231666	10.00	10.15358	-0.05209365	0.00	0.1335809	-7.216821	10.00	7.217277
7.208754	10.00	10.21233	-0.02291204	0.00	0.0587521	-7.253908	10.00	7.254358
7.181484	10.00	10.28226	-0.02726988	0.00	0.06992667	-7.323537	10.00	7.323985
7.130283	10.00	10.41355	-0.05120045	0.00	0.1312905	-7.358998	10.00	7.359442
7.104208	10.00	10.48041	-0.0260747	0.00	0.06686194	-7.428344	10.00	7.428783
7.053217	10.00	10.61117	-0.05099177	0.00	0.1307554	-7.466725	10.00	7.467164
7.024993	10.00	10.68354	-0.02822381	0.00	0.07237279	-7.534075	10.00	7.53451
6.975469	10.00	10.81053	-0.04952444	0.00	0.1269928	-7.604604	10.00	7.605037
6.92103	10.00	10.94353	-0.05443892	0.00	0.1329906	-7.639461	10.00	7.639889
6.892855	10.00	11.00924	-0.02817463	0.00	0.06571957	-7.709959	10.00	7.710383
6.835868	10.00	11.14217	-0.05698708	0.00	0.1329269	-7.748078	10.00	7.748501
6.80714	10.00	11.21405	-0.02872827	0.00	0.07188158	-7.814438	10.00	7.814856
6.757133	10.00	11.33918	-0.05000674	0.00	0.1251228	-7.85078	10.00	7.851197
6.729745	10.00	11.4077	-0.02738744	0.00	0.06852666	-7.920333	10.00	7.920743
6.677334	10.00	11.53884	-0.05241175	0.00	0.1311405	-7.957603	10.00	7.958012
6.649247	10.00	11.60912	-0.02808728	0.00	0.07027774	-8.024652	10.00	8.025058
6.598719	10.00	11.73555	-0.05052723	0.00	0.1264252	-8.058058	10.00	8.05846
6.573545	10.00	11.79853	-0.02517366	0.00	0.06298751	-8.094851	10.00	8.095252
6.545819	10.00	11.86791	-0.02772689	0.00	0.06937601	-8.164461	10.00	8.164859
6.49336	10.00	11.99917	-0.0524587	0.00	0.131258	-8.199807	10.00	8.200203
6.466724	10.00	12.06581	-0.02663556	0.00	0.06664536	-8.26985	10.00	8.27024
6.413942	10.00	12.19788	-0.05278288	0.00	0.1320691	-8.304226	10.00	8.304617
6.388035	10.00	12.2627	-0.02590631	0.00	0.06482068	-8.375236	10.00	8.375621
6.334525	10.00	12.39659	-0.05351043	0.00	0.1338895	-8.409186	10.00	8.409569
6.308939	10.00	12.46061	-0.02558552	0.00	0.06401805	-8.44547	10.00	8.445849
6.281597	10.00	12.52903	-0.02734275	0.00	0.06841484	-8.515481	10.00	8.515856
6.228837	10.00	12.66103	-0.05275911	0.00	0.1320096	-8.54908	10.00	8.549456
6.203517	10.00	12.72439	-0.02532076	0.00	0.06335557	-8.587149	10.00	8.587522
6.174829	10.00	12.79617	-0.0286881	0.00	0.07178108	-8.655266	10.00	8.655634
6.123497	10.00	12.92461	-0.05133229	0.00	0.1284395	-8.689273	10.00	8.689637
6.09787	10.00	12.98873	-0.02562626	0.00	0.06411997	-8.761137	10.00	8.761499
6.043714	10.00	13.12424	-0.05415596	0.00	0.1355047	-8.795193	10.00	8.795551
6.018051	10.00	13.18845	-0.02566303	0.00	0.06421199	-8.830765	10.00	8.831119
5.991245	10.00	13.25552	-0.02680585	0.00	0.06707145	-8.900509	10.00	8.900862
5.938686	10.00	13.38703	-0.05255941	0.00	0.1315099	-8.93597	10.00	8.93632
5.911962	10.00	13.45389	-0.02672382	0.00	0.06686619	-9.005505	10.00	9.005852
5.859563	10.00	13.585	-0.0523993	0.00	0.1311093	-9.039731	10.00	9.040077
5.833768	10.00	13.64954	-0.02579429	0.00	0.0645404	-9.110684	10.00	9.111028
5.780299	10.00	13.78333	-0.05346913	0.00	0.1337862	-9.146703	10.00	9.14704
5.753158	10.00	13.85124	-0.02714134	0.00	0.06791089	-9.216705	10.00	9.217038
5.700405	10.00	13.98324	-0.05275289	0.00	0.1319941	-9.262862	10.00	9.263195
5.665622	10.00	14.07027	-0.03478351	0.00	0.0870325	-9.321942	10.00	9.322268
5.6211	10.00	14.18167	-0.04452178	0.00	0.1113988	-9.35564	10.00	9.355968
5.595705	10.00	14.24521	-0.02539487	0.00	0.063541	-9.42683	10.00	9.42715
5.542058	10.00	14.37944	-0.05364735	0.00	0.1342321	-9.460163	10.00	9.46048
5.516939	10.00	14.44229	-0.02511822	0.00	0.06284878	-9.49883	10.00	9.499145
5.487802	10.00	14.5152	-0.02913788	0.00	0.07290646	-9.566318	10.00	9.566628
5.436943	10.00	14.64245	-0.05085876	0.00	0.1272547	-9.600551	10.00	9.600862
5.411145	10.00	14.707	-0.02579768	0.00	0.06454889	-9.672226	10.00	9.672533
5.35713	10.00	14.84215	-0.05401508	0.00	0.1351522	-9.705459	10.00	9.705763
5.332087	10.00	14.90481	-0.02504297	0.00	0.06266052	-9.740739	10.00	9.741043
5.3055	10.00	14.97134	-0.02658747	0.00	0.06652503	-9.812623	10.00	9.812921
5.251329	10.00	15.10688	-0.0541701	0.00	0.1355401	-9.845691	10.00	9.845983
5.226412	10.00	15.16922	-0.02491737	0.00	0.06234625	-9.883607	10.00	9.8839
5.197836	10.00	15.24072	-0.02857552	0.00	0.07149938	-9.952569	10.00	9.952859
5.145868	10.00	15.37075	-0.05196819	0.00	0.1300306	-9.987597	10.00	9.987882
5.119474	10.00	15.4368	-0.02639455	0.00	0.06604233	-10.02213	10.00	10.02242
5.093447	10.00	15.50192	-0.02602681	0.00	0.0651222	-10.09265	10.00	10.09293
5.040303	10.00	15.63489	-0.05314383	0.00	0.1329722	-10.12653	10.00	10.12681
5.014775	10.00	15.69876	-0.02552839	0.00	0.06387508	-10.19794	10.00	10.19822
4.960957	10.00	15.83342	-0.0538182	0.00	0.1346596	-10.24302	10.00	10.2433
4.926985	10.00	15.91843	-0.03397166	0.00	0.08500115	-10.30357	10.00	10.30383
4.881361	10.00	16.03258	-0.0456233	0.00	0.114155	-10.33856	10.00	10.33883
4.854989	10.00	16.09857	-0.02637248	0.00	0.06598712	-10.40859	10.00	10.40885
4.802219	10.00	16.2306	-0.05276987	0.00	0.1320365	-10.45689	10.00	10.45715
4.765821	10.00	16.32168	-0.03639816	0.00	0.09107256	-10.51304	10.00	10.5133
4.723504	10.00	16.42756	-0.04231761	0.00	0.1058837	-10.5549	10.00	10.55516
4.691957	10.00	16.50649	-0.03154628	0.00	0.07893257	-10.61867	10.00	10.61891
4.643908	10.00	16.62672	-0.0480498	0.00	0.1202264	-10.65769	10.00	10.65794
4.614499	10.00	16.7003	-0.02940887	0.00	0.07358452	-10.72417	10.00	10.72442
4.560755	10.00	16.82566	-0.05374335	0.00	0.1253607	-10.75786	10.00	10.7581
4.533528	10.00	16.88918	-0.0272273	0.00	0.06350986	-10.82831	10.00	10.82854
4.476579	10.00	17.02201	-0.05694884	0.00	0.1328377	-10.86253	10.00	10.86277
4.448912	10.00	17.08655	-0.02766667	0.00	0.06453474	-10.93354	10.00	10.93377
4.391517	10.00	17.22043	-0.0573955	0.00	0.1338796	-10.96757	10.00	10.9678
4.364005	10.00	17.2846	-0.02751192	0.00	0.06417377	-11.03868	10.00	11.03891
4.306521	10.00	17.41869	-0.0574835	0.00	0.1340849	-11.07417	10.00	11.07439
4.277836	10.00	17.4856	-0.028685	0.00	0.06691007	-11.14383	10.00	11.14405
4.224066	10.00	17.61695	-0.0537708	0.00	0.1313585	-11.17845	10.00	11.17866
4.19798	10.00	17.68222	-0.02608508	0.00	0.065268	-11.24974	10.00	11.24996
4.148156	10.00	17.81666	-0.04982467	0.00	0.1344388	-11.28328	10.00	11.2835
4.125331	10.00	17.8799	-0.02282449	0.00	0.06323807	-11.32475	10.00	11.32495
4.097113	10.00	17.95808	-0.02821882	0.00	0.07818373	-11.38915	10.00	11.38936
4.05093	10.00	18.07952	-0.04618234	0.00	0.1214381	-11.42371	10.00	11.42391
4.025518	10.00	18.14468	-0.0254117	0.00	0.06516184	-11.49557	10.00	11.49577
3.972676	10.00	18.28018	-0.05284223	0.00	0.1355004	-11.53943	10.00	11.53962
3.940431	10.00	18.36287	-0.03224545	0.00	0.08268526	-11.59876	10.00	11.59895
3.896797	10.00	18.47476	-0.04363358	0.00	0.1118872	-11.63761	10.00	11.6378
3.868231	10.00	18.54801	-0.02856663	0.00	0.07325186	-11.70444	10.00	11.70463
3.819091	10.00	18.67401	-0.04913967	0.00	0.1260062	-11.73933	10.00	11.73951
3.793432	10.00	18.73981	-0.02565846	0.00	0.0657946	-11.80993	10.00	11.81011
3.74152	10.00	18.87292	-0.05191258	0.00	0.1331166	-11.84441	10.00	11.84459
3.716166	10.00	18.93794	-0.02535374	0.00	0.0650132	-11.91757	10.00	11.91774
3.662368	10.00	19.07589	-0.05379837	0.00	0.1379522	-11.94898	10.00	11.94915
3.63927	10.00	19.13512	-0.02309808	0.00	0.05922915	-11.98702	10.00	11.98719
3.611301	10.00	19.20684	-0.02796877	0.00	0.07171879	-12.05518	10.00	12.05534
3.561181	10.00	19.33536	-0.05011955	0.00	0.1285188	-12.08928	10.00	12.08944
3.53611	10.00	19.39965	-0.02507164	0.00	0.06428985	-12.16068	10.00	12.16084
3.483604	10.00	19.53428	-0.05250548	0.00	0.1346369	-12.19435	10.00	12.1945
3.458847	10.00	19.59777	-0.02475753	0.00	0.06348438	-12.23302	10.00	12.23317
3.430409	10.00	19.67069	-0.02843745	0.00	0.07292061	-12.30048	10.00	12.30062
3.380809	10.00	19.79787	-0.04960007	0.00	0.1271868	-12.33459	10.00	12.33474
3.355726	10.00	19.8622	-0.02508378	0.00	0.06432098	-12.40595	10.00	12.40609
3.303249	10.00	19.99676	-0.05247677	0.00	0.1345633	-12.43971	10.00	12.43985
3.278428	10.00	20.06041	-0.02482046	0.00	0.06364576	-12.51103	10.00	12.51117
3.225979	10.00	20.1949	-0.05244917	0.00	0.1344925	-12.54526	10.00	12.54539
3.200812	10.00	20.25943	-0.02516659	0.00	0.06453332	-12.61604	10.00	12.61617
3.148768	10.00	20.39289	-0.05204452	0.00	0.1334549	-12.65156	10.00	12.65168
3.122647	10.00	20.45987	-0.02612108	0.00	0.06698085	-12.72109	10.00	12.72121
3.071522	10.00	20.59097	-0.05112537	0.00	0.131098	-12.75947	10.00	12.75959
3.043296	10.00	20.66334	-0.02822547	0.00	0.07237703	-12.82677	10.00	12.82688
2.99381	10.00	20.79024	-0.0494858	0.00	0.1268937	-12.86992	10.00	12.87004
2.962076	10.00	20.87161	-0.03173426	0.00	0.08137444	-12.93306	10.00	12.93317
2.915651	10.00	20.99065	-0.04642471	0.00	0.1190444	-12.96667	10.00	12.96678
2.890941	10.00	21.05402	-0.0247106	0.00	0.06336405	-13.0378	10.00	13.0379
2.838635	10.00	21.18814	-0.05230509	0.00	0.1341231	-13.07242	10.00	13.07252
2.813174	10.00	21.25343	-0.02546138	0.00	0.06528924	-13.11368	10.00	13.11378
2.782835	10.00	21.33123	-0.03033925	0.00	0.07779728	-13.17745	10.00	13.17755
2.735944	10.00	21.45147	-0.04689119	0.00	0.1202405	-13.22054	10.00	13.22063
2.704262	10.00	21.53271	-0.03168182	0.00	0.08123996	-13.2826	10.00	13.28269
2.658626	10.00	21.64973	-0.04563584	0.00	0.1170215	-13.32641	10.00	13.32649
2.626413	10.00	21.73233	-0.03221289	0.00	0.08260175	-13.38748	10.00	13.38757
2.581502	10.00	21.84749	-0.04491101	0.00	0.1151628	-13.42144	10.00	13.42152
2.556533	10.00	21.91152	-0.02496951	0.00	0.06402796	-13.4574	10.00	13.45748
2.529792	10.00	21.98009	-0.02674047	0.00	0.06856913	-13.52534	10.00	13.52541
2.478661	10.00	22.11121	-0.05113144	0.00	0.1311136	-13.56394	10.00	13.56401
2.448914	10.00	22.18748	-0.0297469	0.00	0.07627837	-13.62441	10.00	13.62448
2.401089	10.00	22.31012	-0.0478247	0.00	0.1226343	-13.6593	10.00	13.65937
2.371959	10.00	22.38482	-0.02913027	0.00	0.07469717	-13.71533	10.00	13.71539
2.32353	10.00	22.509	-0.04842918	0.00	0.1241843	-13.75203	10.00	13.75208
2.289832	10.00	22.59541	-0.03369733	0.00	0.08640824	-13.79761	10.00	13.79766
2.246068	10.00	22.70763	-0.04376386	0.00	0.1122213	-13.8224	10.00	13.82245
2.220764	10.00	22.77251	-0.02530405	0.00	0.0648858	-13.87095	10.00	13.87099
2.169333	10.00	22.9044	-0.05143175	0.00	0.1318836	-13.89363	10.00	13.89368
2.143281	10.00	22.9712	-0.02605152	0.00	0.06680249	-13.93629	10.00	13.93632
2.092123	10.00	23.10238	-0.05115794	0.00	0.1311815	-13.95555	10.00	13.95557
2.066792	10.00	23.16734	-0.02533165	0.00	0.06495658	-13.99324	10.00	13.99327
2.0147	10.00	23.30092	-0.052092	0.00	0.1335767	-14.0101	10.00	14.01013
1.988676	10.00	23.36765	-0.02602392	0.00	0.06673171	-14.04175	10.00	14.04177
1.936777	10.00	23.50073	-0.05189878	0.00	0.1330812	-14.05502	10.00	14.05504
1.911876	10.00	23.56458	-0.02490106	0.00	0.06385243	-14.08062	10.00	14.08064
1.860171	10.00	23.69716	-0.05170501	0.00	0.1325843	-14.09149	10.00	14.09151
1.834057	10.00	23.76413	-0.02611335	0.00	0.06696104	-14.11088	10.00	14.11089
1.782269	10.00	23.89693	-0.05178893	0.00	0.1327995	-14.11811	10.00	14.11812
1.757321	10.00	23.9609	-0.02494798	0.00	0.06397276	-14.12366	10.00	14.12367
1.731307	10.00	24.0276	-0.02601343	0.00	0.06670482	-14.13269	10.00	14.13268
1.679384	10.00	24.16075	-0.05192307	0.00	0.1331435	-14.13584	10.00	14.13583
1.654197	10.00	24.22533	-0.02518757	0.00	0.06458712	-14.13848	10.00	14.13848
1.627041	10.00	24.29497	-0.02715506	0.00	0.06963223	-14.14001	10.00	14.14001
1.576059	10.00	24.4257	-0.05098294	0.00	0.1307328	-14.14001	10.00	14.14001
1.551093	10.00	24.48972	-0.02496509	0.00	0.06401663	-14.14001	10.00	14.14001
1.525112	10.00	24.55634	-0.02598141	0.00	0.06662271	-14.14001	10.00	14.14001
1.473629	10.00	24.68835	-0.05148254	0.00	0.1320139	-14.14001	10.00	14.14001
1.447942	10.00	24.75422	-0.02568772	0.00	0.06586963	-14.14001	10.00	14.14001
1.396141	10.00	24.88705	-0.05180052	0.00	0.1328292	-14.14001	10.00	14.14001
1.370909	10.00	24.95175	-0.02523173	0.00	0.06470036	-14.14001	10.00	14.14001
1.318392	10.00	25.08642	-0.05251762	0.00	0.1346681	-14.14001	10.00	14.14001
1.293674	10.00	25.1498	-0.02471778	0.00	0.06338245	-14.14001	10.00	14.14001
1.268101	10.00	25.21538	-0.02557345	0.00	0.0655766	-14.14001	10.00	14.14001
1.213771	10.00	25.35469	-0.05432944	0.00	0.139314	-14.14001	10.00	14.14001
1.190533	10.00	25.41428	-0.02323775	0.00	0.0595873	-14.14001	10.00	14.14001
1.163705	10.00	25.48307	-0.02682824	0.00	0.06879421	-14.14001	10.00	14.14001
1.112409	10.00	25.61461	-0.0512965	0.00	0.1315368	-14.14001	10.00	14.14001
1.086829	10.00	25.6802	-0.02558007	0.00	0.06559359	-14.14001	10.00	14.14001
1.055618	10.00	25.76024	-0.03121093	0.00	0.08003248	-14.14001	10.00	14.14001
1.008866	10.00	25.88012	-0.04675152	0.00	0.1198824	-14.14001	10.00	14.14001
0.9784563	10.00	25.9581	-0.03040991	0.00	0.07797847	-14.14001	10.00	14.14001
0.9296026	10.00	26.08337	-0.04885371	0.00	0.1252729	-14.14001	10.00	14.14001
0.8804038	10.00	26.20953	-0.04919873	0.00	0.1261576	-14.14001	10.00	14.14001
0.8485095	10.00	26.29131	-0.03189436	0.00	0.08178496	-14.14001	10.00	14.14001
0.8027842	10.00	26.40856	-0.04572527	0.00	0.1172508	-14.14001	10.00	14.14001
0.7689384	10.00	26.49535	-0.03384583	0.00	0.08678902	-14.14001	10.00	14.14001
0.7254086	10.00	26.60697	-0.04352979	0.00	0.1116211	-14.14001	10.00	14.14001
21.10538
