0.006139041	10.00	-49.93164	0.006139041	0.00	0.0683568	28.28	10.00	-28.28
0.01893137	10.00	-49.7892	0.01279233	0.00	0.1424396	28.27796	10.00	-28.27784
0.02267894	10.00	-49.74747	0.003747575	0.00	0.04172838	28.27273	10.00	-28.27239
0.03004505	10.00	-49.66545	0.007366111	0.00	0.08201994	28.26697	10.00	-28.26641
0.03565154	10.00	-49.60303	0.005606488	0.00	0.06242694	28.25946	10.00	-28.25869
0.04154064	10.00	-49.53745	0.0058891	0.00	0.06557377	28.25013	10.00	-28.24916
0.04761701	10.00	-49.4698	0.006076365	0.00	0.06765892	28.23937	10.00	-28.23822
0.05358633	10.00	-49.40333	0.005969321	0.00	0.066467	28.22727	10.00	-28.22596
0.05944403	10.00	-49.3381	0.0058577	0.00	0.06522413	28.21364	10.00	-28.21218
0.06531113	10.00	-49.27278	0.005867107	0.00	0.06532887	28.19832	10.00	-28.19671
0.07124753	10.00	-49.20668	0.005936394	0.00	0.06610037	28.18137	10.00	-28.17963
0.07721189	10.00	-49.14026	0.005964363	0.00	0.06641179	28.16309	10.00	-28.16122
0.08309896	10.00	-49.07471	0.005887067	0.00	0.06555112	28.14208	10.00	-28.14009
0.08934657	10.00	-49.00515	0.006247611	0.00	0.0695657	28.12165	10.00	-28.11957
0.09496234	10.00	-48.94262	0.005615768	0.00	0.06253028	28.09846	10.00	-28.09629
0.1009309	10.00	-48.87616	0.005968558	0.00	0.06645851	28.07363	10.00	-28.07139
0.1069142	10.00	-48.80954	0.005983305	0.00	0.06662271	28.04779	10.00	-28.04549
0.1127715	10.00	-48.74432	0.005857318	0.00	0.06521988	28.02001	10.00	-28.01766
0.1187219	10.00	-48.67806	0.005950378	0.00	0.06625608	27.98996	10.00	-27.98756
0.1248163	10.00	-48.6102	0.006094418	0.00	0.06785993	27.95995	10.00	-27.95752
0.1305872	10.00	-48.54594	0.005770869	0.00	0.06425729	27.92757	10.00	-27.92513
0.1365247	10.00	-48.47983	0.005937538	0.00	0.06611311	27.89275	10.00	-27.8903
0.1426189	10.00	-48.41197	0.006094163	0.00	0.06785709	27.85865	10.00	-27.85619
0.1483943	10.00	-48.34766	0.005775445	0.00	0.06430824	27.82359	10.00	-27.82114
0.1530504	10.00	-48.28157	0.004656109	0.00	0.06609754	27.78817	10.00	-27.78572
0.1530504	10.00	-48.25746	0	0.00	0.02410946	27.75268	10.00	-27.75023
0.1530504	10.00	-48.25209	0	0.00	0.005360889	27.71802	10.00	-27.71558
0.1530504	10.00	-48.25209	0	0.00	0	27.68309	10.00	-27.68065
0.1530504	10.00	-48.25209	0	0.00	0	27.64814	10.00	-27.6457
0.1530504	10.00	-48.25209	0	0.00	0	27.61303	10.00	-27.6106
0.1530504	10.00	-48.25209	0	0.00	0	27.57768	10.00	-27.57524
0.1530504	10.00	-48.25209	0	0.00	0	27.54256	10.00	-27.54013
0.1530504	10.00	-48.25209	0	0.00	0	27.50779	10.00	-27.50536
0.1530504	10.00	-48.25209	0	0.00	0	27.47252	10.00	-27.47009
0.1530504	10.00	-48.25209	0	0.00	0	27.43752	10.00	-27.4351
0.1530504	10.00	-48.25209	0	0.00	0	27.40235	10.00	-27.39992
0.1530504	10.00	-48.25209	0	0.00	0	27.36749	10.00	-27.36506
0.1530504	10.00	-48.25209	0	0.00	0	27.33263	10.00	-27.33021
0.1530504	10.00	-48.25209	0	0.00	0	27.29721	10.00	-27.2948
0.1530504	10.00	-48.25209	0	0.00	0	27.26184	10.00	-27.25943
0.1530504	10.00	-48.25209	0	0.00	0	27.22756	10.00	-27.22514
0.1530504	10.00	-48.25209	0	0.00	0	27.19172	10.00	-27.1893
0.1530504	10.00	-48.25209	0	0.00	0	27.15756	10.00	-27.15515
0.1530504	10.00	-48.25209	0	0.00	0	27.12259	10.00	-27.12018
0.1530504	10.00	-48.25209	0	0.00	0	27.08694	10.00	-27.08454
0.1530504	10.00	-48.25209	0	0.00	0	27.05243	10.00	-27.05002
0.1530504	10.00	-48.25209	0	0.00	0	27.01711	10.00	-27.01471
0.1530504	10.00	-48.25209	0	0.00	0	26.98139	10.00	-26.97899
0.1530504	10.00	-48.25209	0	0.00	0	26.94737	10.00	-26.94497
0.1530504	10.00	-48.25209	0	0.00	0	26.91215	10.00	-26.90976
0.1530504	10.00	-48.25209	0	0.00	0	26.87681	10.00	-26.87442
0.1530504	10.00	-48.24546	0	0.00	0.006630518	26.842	10.00	-26.8396
0.1530504	10.00	-48.23385	0	0.00	0.01161561	26.80694	10.00	-26.80454
0.1530504	10.00	-48.20423	0	0.00	0.02962113	26.7721	10.00	-26.76971
0.1530504	10.00	-48.16525	0	0.00	0.03897754	26.73695	10.00	-26.73456
0.1530504	10.00	-48.10604	0	0.00	0.05920662	26.70145	10.00	-26.69906
0.1530504	10.00	-48.04039	0	0.00	0.06564901	26.6669	10.00	-26.66452
0.1530504	10.00	-47.97525	0	0.00	0.06514768	26.63175	10.00	-26.62937
0.1530504	10.00	-47.90899	0	0.00	0.06626174	26.59575	10.00	-26.59337
0.1530504	10.00	-47.84109	0	0.00	0.06788965	26.56166	10.00	-26.55929
0.1530504	10.00	-47.77682	0	0.00	0.06427286	26.52673	10.00	-26.52435
0.1530504	10.00	-47.71095	0	0.00	0.06587812	26.49133	10.00	-26.48895
0.1530504	10.00	-47.6442	0	0.00	0.06674162	26.45617	10.00	-26.4538
0.1530504	10.00	-47.5779	0	0.00	0.06629854	26.42093	10.00	-26.41856
0.1530504	10.00	-47.51146	0	0.00	0.06645001	26.38616	10.00	-26.38379
0.1530504	10.00	-47.44589	0	0.00	0.06556387	26.35145	10.00	-26.34908
0.1530504	10.00	-47.38044	0	0.00	0.0654492	26.31629	10.00	-26.31393
0.1530504	10.00	-47.31416	0	0.00	0.06628014	26.28088	10.00	-26.27852
0.1530504	10.00	-47.24739	0	0.00	0.0667756	26.2461	10.00	-26.24374
0.1530504	10.00	-47.1818	0	0.00	0.06558368	26.21067	10.00	-26.20832
0.1530504	10.00	-47.11501	0	0.00	0.06678975	26.17617	10.00	-26.17381
0.1530504	10.00	-47.04995	0	0.00	0.06506275	26.14093	10.00	-26.13858
0.1530504	10.00	-46.98351	0	0.00	0.06644294	26.10591	10.00	-26.10356
0.1530504	10.00	-46.91747	0	0.00	0.06604374	26.07088	10.00	-26.06853
0.1530504	10.00	-46.85143	0	0.00	0.06603808	26.03595	10.00	-26.0336
0.1530504	10.00	-46.78556	0	0.00	0.06586538	26.00089	10.00	-25.99854
0.1530504	10.00	-46.71945	0	0.00	0.06611311	25.96588	10.00	-25.96353
0.1530504	10.00	-46.65343	0	0.00	0.06602109	25.93089	10.00	-25.92855
0.1530504	10.00	-46.58747	0	0.00	0.06596022	25.89588	10.00	-25.89354
0.1530504	10.00	-46.52145	0	0.00	0.06602109	25.86061	10.00	-25.85827
0.1530504	10.00	-46.45493	0	0.00	0.06650947	25.82575	10.00	-25.82341
0.1530504	10.00	-46.38921	0	0.00	0.06572524	25.78894	10.00	-25.78661
0.1530504	10.00	-46.31981	0	0.00	0.06939583	25.75554	10.00	-25.75322
0.1530504	10.00	-46.25684	0	0.00	0.0629776	25.7204	10.00	-25.71807
0.1530504	10.00	-46.19056	0	0.00	0.06627306	25.68499	10.00	-25.68266
0.1530504	10.00	-46.12381	0	0.00	0.06675719	25.65051	10.00	-25.64818
0.1530504	10.00	-46.05878	0	0.00	0.06502311	25.61536	10.00	-25.61304
0.1530504	10.00	-45.99252	0	0.00	0.06626457	25.57969	10.00	-25.57737
0.1530504	10.00	-45.92526	0	0.00	0.06725972	25.54513	10.00	-25.54281
0.1530504	10.00	-45.86009	0	0.00	0.0651675	25.51032	10.00	-25.508
0.1530504	10.00	-45.79445	0	0.00	0.06564172	25.47468	10.00	-25.47236
0.1530504	10.00	-45.72725	0	0.00	0.0672031	25.43991	10.00	-25.4376
0.1530504	10.00	-45.66168	0	0.00	0.06556245	25.40501	10.00	-25.40271
0.1530504	10.00	-45.59589	0	0.00	0.06579602	25.36918	10.00	-25.36687
0.1530504	10.00	-45.52832	0	0.00	0.0675669	25.3349	10.00	-25.33259
0.1530504	10.00	-45.46368	0	0.00	0.06463807	25.29803	10.00	-25.29573
0.1530504	10.00	-45.39416	0	0.00	0.0695204	25.26471	10.00	-25.26241
0.1530504	10.00	-45.33133	0	0.00	0.06282755	25.22981	10.00	-25.22751
0.1530504	10.00	-45.26553	0	0.00	0.06580026	25.1944	10.00	-25.19211
0.1530504	10.00	-45.19876	0	0.00	0.06676994	25.15956	10.00	-25.15726
0.1530504	10.00	-45.13306	0	0.00	0.06570117	25.12458	10.00	-25.12229
0.1530504	10.00	-45.06712	0	0.00	0.06594323	25.0895	10.00	-25.08721
0.1530504	10.00	-45.00097	0	0.00	0.06615274	25.05453	10.00	-25.05224
0.1530504	10.00	-44.93503	0	0.00	0.06593616	25.01932	10.00	-25.01703
0.1530504	10.00	-44.86863	0	0.00	0.06640188	24.98386	10.00	-24.98158
0.1530504	10.00	-44.80178	0	0.00	0.06684637	24.94916	10.00	-24.94688
0.1530504	10.00	-44.73635	0	0.00	0.06543646	24.91433	10.00	-24.91205
0.1530504	10.00	-44.67067	0	0.00	0.06567569	24.87815	10.00	-24.87587
0.1530504	10.00	-44.60244	0	0.00	0.06822798	24.84398	10.00	-24.8417
0.1530504	10.00	-44.53802	0	0.00	0.06442007	24.80909	10.00	-24.80681
0.1530504	10.00	-44.47223	0	0.00	0.06579319	24.77373	10.00	-24.77146
0.1530504	10.00	-44.40556	0	0.00	0.0666666	24.73899	10.00	-24.73672
0.1530504	10.00	-44.34006	0	0.00	0.06550724	24.7038	10.00	-24.70153
0.1530504	10.00	-44.2737	0	0.00	0.06635517	24.6686	10.00	-24.66633
0.1530504	10.00	-44.20734	0	0.00	0.06636225	24.63382	10.00	-24.63156
0.1530504	10.00	-44.14176	0	0.00	0.06558084	24.59877	10.00	-24.59651
0.1530504	10.00	-44.07566	0	0.00	0.0660947	24.56386	10.00	-24.5616
0.1530504	10.00	-44.00985	0	0.00	0.06581867	24.5288	10.00	-24.52653
0.1530504	10.00	-43.94372	0	0.00	0.06612585	24.49345	10.00	-24.49119
0.1530504	10.00	-43.87708	0	0.00	0.06664253	24.4588	10.00	-24.45655
0.1530504	10.00	-43.81175	0	0.00	0.06532604	24.42361	10.00	-24.42136
0.1530504	10.00	-43.74539	0	0.00	0.06635942	24.38849	10.00	-24.38624
0.1530504	10.00	-43.67918	0	0.00	0.06621361	24.35353	10.00	-24.35128
0.1530504	10.00	-43.61325	0	0.00	0.06593049	24.31855	10.00	-24.31631
0.1530504	10.00	-43.5473	0	0.00	0.0659489	24.28268	10.00	-24.28044
0.1530504	10.00	-43.47966	0	0.00	0.0676391	24.2483	10.00	-24.24607
0.1530504	10.00	-43.41484	0	0.00	0.06481219	24.21327	10.00	-24.21103
0.1530504	10.00	-43.34879	0	0.00	0.0660579	24.17656	10.00	-24.17432
0.1530504	10.00	-43.27956	0	0.00	0.06922879	24.14314	10.00	-24.1409
0.1530504	10.00	-43.21655	0	0.00	0.06301583	24.10827	10.00	-24.10604
0.1530504	10.00	-43.1508	0	0.00	0.06574506	24.07277	10.00	-24.07054
0.1530504	10.00	-43.08386	0	0.00	0.06693555	24.03806	10.00	-24.03583
0.1530504	10.00	-43.01842	0	0.00	0.06544071	24.00277	10.00	-24.00055
0.1530504	10.00	-42.95187	0	0.00	0.06655052	23.96673	10.00	-23.9645
0.1530504	10.00	-42.88391	0	0.00	0.06796468	23.93271	10.00	-23.93048
0.1530504	10.00	-42.81976	0	0.00	0.06414262	23.89771	10.00	-23.89548
0.1530504	10.00	-42.75377	0	0.00	0.0659942	23.86223	10.00	-23.86001
0.1530504	10.00	-42.68687	0	0.00	0.066903	23.82764	10.00	-23.82543
0.1530504	10.00	-42.62165	0	0.00	0.0652128	23.79263	10.00	-23.79042
0.1530504	10.00	-42.55564	0	0.00	0.0660126	23.75667	10.00	-23.75445
0.1530504	10.00	-42.48783	0	0.00	0.06781179	23.72263	10.00	-23.72042
0.1530504	10.00	-42.42364	0	0.00	0.06418934	23.68751	10.00	-23.6853
0.1530504	10.00	-42.35743	0	0.00	0.06621644	23.65224	10.00	-23.65004
0.1470782	10.00	-42.29092	-0.005972245	0.00	0.06649956	23.61745	10.00	-23.61525
0.1322935	10.00	-42.22532	-0.01478469	0.00	0.06560208	23.58233	10.00	-23.58013
0.1000568	10.00	-42.1591	-0.0322367	0.00	0.06622069	23.54692	10.00	-23.54472
0.05397667	10.00	-42.09233	-0.04608014	0.00	0.06676852	23.51221	10.00	-23.51001
0.005634187	10.00	-42.02688	-0.04834248	0.00	0.06545486	23.47697	10.00	-23.47477
-0.04600818	10.00	-41.96044	-0.05164237	0.00	0.06643869	23.44179	10.00	-23.4396
-0.09756803	10.00	-41.89411	-0.05155984	0.00	0.06633252	23.40719	10.00	-23.405
-0.1501713	10.00	-41.82887	-0.05260324	0.00	0.06523687	23.37204	10.00	-23.36985
-0.204261	10.00	-41.76258	-0.05408973	0.00	0.06628439	23.33694	10.00	-23.33475
-0.2582676	10.00	-41.6964	-0.05400657	0.00	0.06618247	23.30202	10.00	-23.29983
-0.3119946	10.00	-41.63057	-0.05372702	0.00	0.0658399	23.26663	10.00	-23.26444
-0.3664528	10.00	-41.56383	-0.05445823	0.00	0.06673596	23.23204	10.00	-23.22985
-0.4196785	10.00	-41.4986	-0.05322568	0.00	0.06522554	23.19674	10.00	-23.19456
-0.4739796	10.00	-41.43206	-0.05430112	0.00	0.06654344	23.16129	10.00	-23.15911
-0.5285291	10.00	-41.36521	-0.05454948	0.00	0.06684779	23.12676	10.00	-23.12459
-0.58166	10.00	-41.3001	-0.05313096	0.00	0.06510946	23.09155	10.00	-23.08937
-0.637771	10.00	-41.2337	-0.0561109	0.00	0.06639764	23.05605	10.00	-23.05387
-0.694987	10.00	-41.16677	-0.05721603	0.00	0.06693839	23.02146	10.00	-23.01929
-0.7507329	10.00	-41.10155	-0.05574592	0.00	0.06521846	22.9863	10.00	-22.98413
-0.8074008	10.00	-41.03525	-0.05666792	0.00	0.06629713	22.95051	10.00	-22.94834
-0.8650876	10.00	-40.96776	-0.05768671	0.00	0.06748904	22.91637	10.00	-22.91421
-0.9200978	10.00	-40.9034	-0.05501025	0.00	0.06435779	22.88098	10.00	-22.87882
-0.9771396	10.00	-40.83667	-0.0570418	0.00	0.06673454	22.84635	10.00	-22.84418
-1.032962	10.00	-40.77136	-0.05582214	0.00	0.06530764	22.81117	10.00	-22.80901
-1.089653	10.00	-40.70504	-0.05669091	0.00	0.06632403	22.77606	10.00	-22.7739
-1.146247	10.00	-40.63882	-0.05659411	0.00	0.06621078	22.74114	10.00	-22.73898
-1.202526	10.00	-40.57298	-0.05627952	0.00	0.06584273	22.70608	10.00	-22.70393
-1.259033	10.00	-40.50687	-0.05650699	0.00	0.06610886	22.67073	10.00	-22.66858
-1.316004	10.00	-40.44022	-0.05697041	0.00	0.06665102	22.63595	10.00	-22.63381
-1.372052	10.00	-40.37465	-0.05604841	0.00	0.06557235	22.60085	10.00	-22.5987
-1.428637	10.00	-40.30845	-0.05658443	0.00	0.06619946	22.56524	10.00	-22.56309
-1.486032	10.00	-40.2413	-0.05739512	0.00	0.0671479	22.53078	10.00	-22.52864
-1.541556	10.00	-40.17635	-0.05552449	0.00	0.06495941	22.49566	10.00	-22.49352
-1.598168	10.00	-40.11011	-0.05661226	0.00	0.06623201	22.45934	10.00	-22.4572
-1.656703	10.00	-40.04163	-0.05853491	0.00	0.06848136	22.42572	10.00	-22.42359
-1.710877	10.00	-39.97825	-0.05417416	0.00	0.06337962	22.39039	10.00	-22.38826
-1.767824	10.00	-39.91163	-0.05694621	0.00	0.06662271	22.35448	10.00	-22.35234
-1.825712	10.00	-39.8439	-0.05788878	0.00	0.06772545	22.32054	10.00	-22.3184
-1.880411	10.00	-39.77991	-0.05469808	0.00	0.06399257	22.28538	10.00	-22.28325
-1.937066	10.00	-39.71363	-0.05665582	0.00	0.06628297	22.24985	10.00	-22.24772
-1.994339	10.00	-39.64662	-0.0572729	0.00	0.06700492	22.21484	10.00	-22.21271
-2.050768	10.00	-39.5806	-0.05642834	0.00	0.06601685	22.18007	10.00	-22.17795
-2.106794	10.00	-39.51506	-0.05602663	0.00	0.06554688	22.14511	10.00	-22.14298
-2.163146	10.00	-39.44913	-0.05635211	0.00	0.06592766	22.11006	10.00	-22.10794
-2.21964	10.00	-39.38304	-0.05649368	0.00	0.06609329	22.07498	10.00	-22.07286
-2.27617	10.00	-39.3169	-0.05652998	0.00	0.06613576	22.04005	10.00	-22.03794
-2.332465	10.00	-39.25104	-0.05629525	0.00	0.06586114	22.00504	10.00	-22.00293
-2.388897	10.00	-39.18502	-0.05643197	0.00	0.06602109	21.97	10.00	-21.96789
-2.445364	10.00	-39.11896	-0.05646706	0.00	0.06606214	21.93497	10.00	-21.93286
-2.50183	10.00	-39.0529	-0.05646585	0.00	0.06606073	21.90001	10.00	-21.8979
-2.558175	10.00	-38.98698	-0.05634485	0.00	0.06591917	21.86329	10.00	-21.86119
-2.617349	10.00	-38.91775	-0.05917377	0.00	0.06922879	21.82989	10.00	-21.82779
-2.671179	10.00	-38.85477	-0.05383053	0.00	0.0629776	21.79457	10.00	-21.79246
-2.728117	10.00	-38.78816	-0.05693774	0.00	0.0666128	21.75866	10.00	-21.75655
-2.785996	10.00	-38.72044	-0.0578791	0.00	0.06771412	21.72435	10.00	-21.72225
-2.841284	10.00	-38.65576	-0.05528734	0.00	0.06468195	21.68637	10.00	-21.68428
-2.902483	10.00	-38.58416	-0.06119927	0.00	0.07159846	21.6544	10.00	-21.6523
-2.954025	10.00	-38.52386	-0.05154247	0.00	0.06030075	21.61965	10.00	-21.61755
-3.010032	10.00	-38.45834	-0.05600727	0.00	0.06552423	21.58439	10.00	-21.5823
-3.06685	10.00	-38.39187	-0.05681796	0.00	0.06647266	21.54882	10.00	-21.54673
-3.12418	10.00	-38.32479	-0.05732977	0.00	0.06707145	21.51437	10.00	-21.51228
-3.179714	10.00	-38.25982	-0.05553417	0.00	0.06497073	21.47923	10.00	-21.47715
-3.236335	10.00	-38.19358	-0.05662072	0.00	0.06624192	21.44392	10.00	-21.44184
-3.293257	10.00	-38.12699	-0.05692201	0.00	0.0665944	21.409	10.00	-21.40692
-3.349533	10.00	-38.06115	-0.05627589	0.00	0.06583849	21.37373	10.00	-21.37164
-3.406385	10.00	-37.99464	-0.05685184	0.00	0.0665123	21.33847	10.00	-21.33639
-3.46321	10.00	-37.92816	-0.05682522	0.00	0.06648116	21.3034	10.00	-21.30132
-3.519728	10.00	-37.86203	-0.05651788	0.00	0.0661216	21.26882	10.00	-21.26674
-3.575459	10.00	-37.79683	-0.0557314	0.00	0.06520148	21.23402	10.00	-21.23195
-3.631541	10.00	-37.73122	-0.05608229	0.00	0.06561199	21.199	10.00	-21.19693
-3.687986	10.00	-37.66519	-0.05644407	0.00	0.06603525	21.16383	10.00	-21.16177
-3.744664	10.00	-37.59888	-0.05667881	0.00	0.06630987	21.12876	10.00	-21.1267
-3.801188	10.00	-37.53275	-0.05652393	0.00	0.06612868	21.09383	10.00	-21.09177
-3.857485	10.00	-37.46688	-0.05629646	0.00	0.06586255	21.05867	10.00	-21.05661
-3.91415	10.00	-37.40059	-0.0566655	0.00	0.0662943	21.02344	10.00	-21.02138
-3.970937	10.00	-37.33416	-0.0567865	0.00	0.06643586	20.98849	10.00	-20.98644
-4.027259	10.00	-37.26826	-0.05632186	0.00	0.06589227	20.95336	10.00	-20.95131
-4.083877	10.00	-37.20202	-0.05661831	0.00	0.06623909	20.91836	10.00	-20.91631
-4.140293	10.00	-37.13602	-0.05641624	0.00	0.06600269	20.88347	10.00	-20.88143
-4.196517	10.00	-37.07024	-0.05622386	0.00	0.06577761	20.84833	10.00	-20.84629
-4.253156	10.00	-37.00398	-0.05663887	0.00	0.06626315	20.81319	10.00	-20.81115
-4.309784	10.00	-36.93773	-0.05662799	0.00	0.06625041	20.77819	10.00	-20.77615
-4.366198	10.00	-36.87173	-0.05641382	0.00	0.06599986	20.73969	10.00	-20.73765
-4.428257	10.00	-36.79913	-0.06205956	0.00	0.07260494	20.70799	10.00	-20.70596
-4.479335	10.00	-36.73937	-0.05107784	0.00	0.05975717	20.67312	10.00	-20.67109
-4.535543	10.00	-36.67361	-0.05620813	0.00	0.06575921	20.63757	10.00	-20.63554
-4.574667	10.00	-36.61436	-0.03912383	0.00	0.05924558	20.60295	10.00	-20.60091
-4.596334	10.00	-36.56551	-0.02166731	0.00	0.04885023	20.56804	10.00	-20.56601
-4.596334	10.00	-36.53984	0	0.00	0.02567006	20.53288	10.00	-20.53085
-4.596334	10.00	-36.52362	0	0.00	0.0162228	20.49774	10.00	-20.49572
-4.596334	10.00	-36.52362	0	0.00	0	20.46279	10.00	-20.46077
-4.596334	10.00	-36.52362	0	0.00	0	20.42762	10.00	-20.4256
-4.596334	10.00	-36.52362	0	0.00	0	20.39241	10.00	-20.39039
-4.596334	10.00	-36.52362	0	0.00	0	20.35761	10.00	-20.3556
-4.596334	10.00	-36.52362	0	0.00	0	20.32256	10.00	-20.32055
-4.596334	10.00	-36.52362	0	0.00	0	20.2875	10.00	-20.28549
-4.596334	10.00	-36.52362	0	0.00	0	20.25231	10.00	-20.2503
-4.596334	10.00	-36.52362	0	0.00	0	20.21711	10.00	-20.21511
-4.596334	10.00	-36.52362	0	0.00	0	20.18223	10.00	-20.18023
-4.596334	10.00	-36.52362	0	0.00	0	20.14668	10.00	-20.14467
-4.596334	10.00	-36.52362	0	0.00	0	20.11209	10.00	-20.11009
-4.596334	10.00	-36.52362	0	0.00	0	20.07719	10.00	-20.07519
-4.596334	10.00	-36.52362	0	0.00	0	20.04111	10.00	-20.03911
-4.596334	10.00	-36.52362	0	0.00	0	20.00703	10.00	-20.00504
-4.596334	10.00	-36.52362	0	0.00	0	19.97188	10.00	-19.96988
-4.596334	10.00	-36.52362	0	0.00	0	19.93587	10.00	-19.93388
-4.596334	10.00	-36.52362	0	0.00	0	19.9019	10.00	-19.89991
-4.596334	10.00	-36.52362	0	0.00	0.0007908885	19.8668	10.00	-19.86482
-4.596334	10.00	-36.51575	0	0.00	0.007864765	19.83074	10.00	-19.82875
-4.571785	10.00	-36.48264	0.02454885	0.00	0.0331105	19.79675	10.00	-19.79477
-4.564169	10.00	-36.43594	0.007616088	0.00	0.04670476	19.7614	10.00	-19.75942
-4.564169	10.00	-36.37381	0	0.00	0.06213472	19.72606	10.00	-19.72408
-4.564169	10.00	-36.30782	0	0.00	0.06598602	19.69141	10.00	-19.68943
-4.564169	10.00	-36.24248	0	0.00	0.06533737	19.65557	10.00	-19.65359
-4.564169	10.00	-36.17489	0	0.00	0.06758955	19.62127	10.00	-19.6193
-4.564169	10.00	-36.11023	0	0.00	0.0646593	19.58641	10.00	-19.58444
-4.564169	10.00	-36.04449	0	0.00	0.06573798	19.55138	10.00	-19.54942
-4.564169	10.00	-35.97845	0	0.00	0.06604799	19.51621	10.00	-19.51425
-4.564169	10.00	-35.91213	0	0.00	0.0663127	19.48136	10.00	-19.47939
-4.564169	10.00	-35.84641	0	0.00	0.06572665	19.44612	10.00	-19.44415
-4.564169	10.00	-35.77996	0	0.00	0.06644435	19.41126	10.00	-19.4093
-4.564169	10.00	-35.71424	0	0.00	0.06572382	19.37615	10.00	-19.37419
-4.564169	10.00	-35.64804	0	0.00	0.06620087	19.34123	10.00	-19.33927
-4.564169	10.00	-35.58219	0	0.00	0.06584698	19.30616	10.00	-19.3042
-4.564169	10.00	-35.51606	0	0.00	0.06612868	19.27127	10.00	-19.26931
-4.564169	10.00	-35.45027	0	0.00	0.06579177	19.23595	10.00	-19.234
-4.564169	10.00	-35.38367	0	0.00	0.0665944	19.20084	10.00	-19.19889
-4.564169	10.00	-35.31747	0	0.00	0.06620936	19.16559	10.00	-19.16364
-4.564169	10.00	-35.25101	0	0.00	0.06645709	19.13052	10.00	-19.12857
-4.564169	10.00	-35.18488	0	0.00	0.06613009	19.09578	10.00	-19.09384
-4.564169	10.00	-35.11937	0	0.00	0.06550724	19.0608	10.00	-19.05886
-4.564169	10.00	-35.05341	0	0.00	0.06595739	19.02515	10.00	-19.02322
-4.564169	10.00	-34.98621	0	0.00	0.06720876	18.99065	10.00	-18.98871
-4.564169	10.00	-34.92114	0	0.00	0.06506275	18.95527	10.00	-18.95334
-4.564169	10.00	-34.85444	0	0.00	0.06670199	18.91957	10.00	-18.91764
-4.564169	10.00	-34.78712	0	0.00	0.06732059	18.88569	10.00	-18.88376
-4.564169	10.00	-34.72323	0	0.00	0.06389065	18.85031	10.00	-18.84838
-4.564169	10.00	-34.65653	0	0.00	0.06670057	18.81558	10.00	-18.81366
-4.564169	10.00	-34.59105	0	0.00	0.06548176	18.7803	10.00	-18.77838
-4.564169	10.00	-34.52452	0	0.00	0.06652362	18.74527	10.00	-18.74335
-4.564169	10.00	-34.45847	0	0.00	0.06605224	18.71017	10.00	-18.70824
-4.564169	10.00	-34.39227	0	0.00	0.06619946	18.67525	10.00	-18.67333
-4.564169	10.00	-34.32644	0	0.00	0.06583141	18.64013	10.00	-18.63821
-4.564169	10.00	-34.26022	0	0.00	0.06622635	18.60485	10.00	-18.60293
-4.564169	10.00	-34.19369	0	0.00	0.06652503	18.57004	10.00	-18.56813
-4.564169	10.00	-34.12806	0	0.00	0.06563322	18.53505	10.00	-18.53314
-4.564169	10.00	-34.06209	0	0.00	0.06597013	18.49994	10.00	-18.49804
-4.564169	10.00	-33.99588	0	0.00	0.06620229	18.46476	10.00	-18.46286
-4.564169	10.00	-33.92955	0	0.00	0.06633393	18.42759	10.00	-18.42569
-4.564169	10.00	-33.85947	0	0.00	0.07008097	18.39048	10.00	-18.38858
-4.564169	10.00	-33.78949	0	0.00	0.06998046	18.35976	10.00	-18.35786
-4.564169	10.00	-33.73157	0	0.00	0.05792116	18.32414	10.00	-18.32224
-4.564169	10.00	-33.66441	0	0.00	0.06716346	18.28952	10.00	-18.28763
-4.564169	10.00	-33.59913	0	0.00	0.06527366	18.25436	10.00	-18.25247
-4.564169	10.00	-33.53283	0	0.00	0.06629854	18.21755	10.00	-18.21567
-4.564169	10.00	-33.46343	0	0.00	0.06940149	18.18454	10.00	-18.18265
-4.564169	10.00	-33.40118	0	0.00	0.06225	18.14951	10.00	-18.14763
-4.564169	10.00	-33.33513	0	0.00	0.0660494	18.11357	10.00	-18.11169
-4.564169	10.00	-33.26736	0	0.00	0.06776509	18.07913	10.00	-18.07725
-4.564169	10.00	-33.20242	0	0.00	0.06494667	18.04405	10.00	-18.04217
-4.564169	10.00	-33.13628	0	0.00	0.06614425	18.00827	10.00	-18.00639
-4.564169	10.00	-33.06881	0	0.00	0.06746357	17.97413	10.00	-17.97226
-4.564169	10.00	-33.00444	0	0.00	0.06436911	17.9392	10.00	-17.93733
-4.564169	10.00	-32.93857	0	0.00	0.06586963	17.90401	10.00	-17.90214
-4.564169	10.00	-32.87222	0	0.00	0.06635517	17.86877	10.00	-17.8669
-4.564169	10.00	-32.80577	0	0.00	0.06645001	17.83384	10.00	-17.83198
-4.564169	10.00	-32.73992	0	0.00	0.06585123	17.79893	10.00	-17.79707
-4.564169	10.00	-32.6741	0	0.00	0.06581584	17.76383	10.00	-17.76197
-4.564169	10.00	-32.6079	0	0.00	0.06619663	17.72891	10.00	-17.72705
-4.564169	10.00	-32.54207	0	0.00	0.06583565	17.69384	10.00	-17.69198
-4.564169	10.00	-32.47593	0	0.00	0.06613576	17.65871	10.00	-17.65686
-4.564169	10.00	-32.40971	0	0.00	0.06622776	17.62344	10.00	-17.62159
-4.564169	10.00	-32.34319	0	0.00	0.0665123	17.58831	10.00	-17.58646
-4.564169	10.00	-32.27695	0	0.00	0.06624475	17.5535	10.00	-17.55165
-4.564169	10.00	-32.21132	0	0.00	0.06563181	17.51734	10.00	-17.51549
-4.564169	10.00	-32.14313	0	0.00	0.06818409	17.48309	10.00	-17.48124
-4.564169	10.00	-32.07855	0	0.00	0.06458145	17.44826	10.00	-17.44641
-4.564169	10.00	-32.01287	0	0.00	0.06567711	17.41203	10.00	-17.41018
-4.564169	10.00	-31.94456	0	0.00	0.06831433	17.37823	10.00	-17.37639
-4.564169	10.00	-31.88083	0	0.00	0.06372644	17.34312	10.00	-17.34128
-4.564169	10.00	-31.81462	0	0.00	0.06620936	17.30716	10.00	-17.30533
-4.564169	10.00	-31.74682	0	0.00	0.06779905	17.27316	10.00	-17.27133
-4.564169	10.00	-31.68272	0	0.00	0.06410298	17.23796	10.00	-17.23612
-4.564169	10.00	-31.61633	0	0.00	0.06638914	17.20313	10.00	-17.2013
-4.564169	10.00	-31.55067	0	0.00	0.06566012	17.16783	10.00	-17.166
-4.564169	10.00	-31.48411	0	0.00	0.06656326	17.1326	10.00	-17.13078
-4.564169	10.00	-31.41769	0	0.00	0.0664217	17.09789	10.00	-17.09607
-4.564169	10.00	-31.35224	0	0.00	0.06545062	17.06319	10.00	-17.06136
-4.564169	10.00	-31.2868	0	0.00	0.06544071	17.02831	10.00	-17.02649
-4.564169	10.00	-31.22104	0	0.00	0.06575496	16.99329	10.00	-16.99147
-4.564169	10.00	-31.15501	0	0.00	0.066031	16.95805	10.00	-16.95623
-4.564169	10.00	-31.08855	0	0.00	0.06646134	16.92119	10.00	-16.91937
-4.564169	10.00	-31.01905	0	0.00	0.069502	16.8882	10.00	-16.88639
-4.564169	10.00	-30.95685	0	0.00	0.06219337	16.85299	10.00	-16.85118
-4.564169	10.00	-30.89045	0	0.00	0.0664033	16.81807	10.00	-16.81626
-4.564169	10.00	-30.82461	0	0.00	0.06584273	16.78298	10.00	-16.78118
-4.564169	10.00	-30.75846	0	0.00	0.06614708	16.74789	10.00	-16.74609
-4.564169	10.00	-30.69228	0	0.00	0.06617681	16.71256	10.00	-16.71075
-4.564169	10.00	-30.62566	0	0.00	0.06662413	16.67777	10.00	-16.67597
-4.564169	10.00	-30.56007	0	0.00	0.06559075	16.64182	10.00	-16.64002
-4.564169	10.00	-30.49228	0	0.00	0.06778348	16.60635	10.00	-16.60456
-4.564169	10.00	-30.42541	0	0.00	0.06687751	16.57198	10.00	-16.57019
-4.564169	10.00	-30.3606	0	0.00	0.06480653	16.53687	10.00	-16.53508
-4.564169	10.00	-30.2944	0	0.00	0.06620087	16.50118	10.00	-16.49939
-4.564169	10.00	-30.22709	0	0.00	0.06730502	16.46635	10.00	-16.46456
-4.564169	10.00	-30.16143	0	0.00	0.0656672	16.43103	10.00	-16.42924
-4.564169	10.00	-30.09482	0	0.00	0.06660856	16.39533	10.00	-16.39355
-4.564169	10.00	-30.02751	0	0.00	0.06731068	16.36169	10.00	-16.35991
-4.564169	10.00	-29.96408	0	0.00	0.06342492	16.32682	10.00	-16.32504
-4.564169	10.00	-29.89833	0	0.00	0.06575072	16.29166	10.00	-16.28988
-4.564169	10.00	-29.83204	0	0.00	0.06629713	16.25673	10.00	-16.25495
-4.564169	10.00	-29.76616	0	0.00	0.06587246	16.22161	10.00	-16.21984
-4.564169	10.00	-29.69995	0	0.00	0.06621361	16.18653	10.00	-16.18476
-4.564169	10.00	-29.6338	0	0.00	0.06615274	16.15151	10.00	-16.14974
-4.564169	10.00	-29.56777	0	0.00	0.06602534	16.11614	10.00	-16.11437
-4.564169	10.00	-29.50107	0	0.00	0.06670199	16.08113	10.00	-16.07936
-4.564169	10.00	-29.43506	0	0.00	0.06600552	16.04634	10.00	-16.04457
-4.564169	10.00	-29.36946	0	0.00	0.06560633	16.01112	10.00	-16.00936
-4.564169	10.00	-29.30306	0	0.00	0.06640047	15.97617	10.00	-15.97441
-4.564169	10.00	-29.23715	0	0.00	0.06590784	15.94093	10.00	-15.93917
-4.564169	10.00	-29.1707	0	0.00	0.06645001	15.90571	10.00	-15.90396
-4.564169	10.00	-29.10431	0	0.00	0.06639481	15.8711	10.00	-15.86934
-4.564169	10.00	-29.03903	0	0.00	0.06527366	15.83605	10.00	-15.8343
-4.564169	10.00	-28.97296	0	0.00	0.06607489	15.79702	10.00	-15.79527
-4.564169	10.00	-28.89936	0	0.00	0.07359443	15.76595	10.00	-15.7642
-4.564169	10.00	-28.84077	0	0.00	0.05858931	15.73061	10.00	-15.72886
-4.564169	10.00	-28.77413	0	0.00	0.06664678	15.69535	10.00	-15.69361
-4.564169	10.00	-28.70765	0	0.00	0.06646983	15.66085	10.00	-15.65911
-4.564169	10.00	-28.6426	0	0.00	0.06505567	15.6256	10.00	-15.62386
-4.564169	10.00	-28.57614	0	0.00	0.06646417	15.58981	10.00	-15.58807
-4.564169	10.00	-28.50864	0	0.00	0.06749329	15.55563	10.00	-15.55389
-4.564169	10.00	-28.44419	0	0.00	0.06444697	15.52066	10.00	-15.51892
-4.564169	10.00	-28.37825	0	0.00	0.06594323	15.48551	10.00	-15.48378
-4.564169	10.00	-28.31199	0	0.00	0.06626599	15.45044	10.00	-15.44871
-4.564169	10.00	-28.24586	0	0.00	0.06612726	15.41522	10.00	-15.41349
-4.564169	10.00	-28.17945	0	0.00	0.06641462	15.38028	10.00	-15.37855
-4.564169	10.00	-28.11357	0	0.00	0.06587529	15.34535	10.00	-15.34363
-4.564169	10.00	-28.0477	0	0.00	0.06586538	15.31005	10.00	-15.30833
-4.564169	10.00	-27.98115	0	0.00	0.06655618	15.2752	10.00	-15.27348
-4.564169	10.00	-27.91543	0	0.00	0.06571816	15.24018	10.00	-15.23846
-4.564169	10.00	-27.84939	0	0.00	0.06603666	15.2051	10.00	-15.20338
-4.564169	10.00	-27.78326	0	0.00	0.06613717	15.16996	10.00	-15.16825
-4.564169	10.00	-27.717	0	0.00	0.06625608	15.13519	10.00	-15.13348
-4.564169	10.00	-27.65144	0	0.00	0.06556103	15.09988	10.00	-15.09817
-4.564169	10.00	-27.58484	0	0.00	0.06659582	15.06429	10.00	-15.06259
-4.564169	10.00	-27.51775	0	0.00	0.06708844	15.02929	10.00	-15.02758
-4.564169	10.00	-27.45175	0	0.00	0.06600269	14.99436	10.00	-14.99265
-4.564169	10.00	-27.38589	0	0.00	0.06586538	14.95899	10.00	-14.95729
-4.564169	10.00	-27.31919	0	0.00	0.06669208	14.92402	10.00	-14.92232
-4.564169	10.00	-27.25326	0	0.00	0.06593757	14.88919	10.00	-14.88749
-4.564169	10.00	-27.18759	0	0.00	0.06567144	14.8539	10.00	-14.8522
-4.564169	10.00	-27.12103	0	0.00	0.06655618	14.81912	10.00	-14.81742
-4.564169	10.00	-27.05545	0	0.00	0.06557518	14.78398	10.00	-14.78228
-4.564169	10.00	-26.9892	0	0.00	0.06625749	14.74893	10.00	-14.74724
-4.564169	10.00	-26.92311	0	0.00	0.06609187	14.71401	10.00	-14.71233
-4.564169	10.00	-26.85727	0	0.00	0.06583141	14.679	10.00	-14.67732
-4.564169	10.00	-26.79126	0	0.00	0.0660126	14.64376	10.00	-14.64208
-4.564169	10.00	-26.72481	0	0.00	0.06645143	14.60878	10.00	-14.60709
-4.564169	10.00	-26.65884	0	0.00	0.0659673	14.57355	10.00	-14.57187
-4.564169	10.00	-26.59242	0	0.00	0.06642312	14.5376	10.00	-14.53592
-4.564169	10.00	-26.52464	0	0.00	0.06777783	14.504	10.00	-14.50233
-4.564169	10.00	-26.46129	0	0.00	0.06335415	14.46893	10.00	-14.46725
-4.564169	10.00	-26.39515	0	0.00	0.06614	14.43391	10.00	-14.43223
-4.564169	10.00	-26.32912	0	0.00	0.06602817	14.39857	10.00	-14.39689
-4.564169	10.00	-26.26248	0	0.00	0.0666397	14.36387	10.00	-14.3622
-4.564169	10.00	-26.19705	0	0.00	0.06542655	14.32863	10.00	-14.32696
-4.564169	10.00	-26.13061	0	0.00	0.06644718	14.29374	10.00	-14.29207
-4.564169	10.00	-26.06482	0	0.00	0.06578328	14.25811	10.00	-14.25645
-4.564169	10.00	-25.99764	0	0.00	0.06718186	14.22309	10.00	-14.22143
-4.564169	10.00	-25.93161	0	0.00	0.066031	14.18776	10.00	-14.18611
-4.564169	10.00	-25.865	0	0.00	0.06660714	14.15252	10.00	-14.15086
-4.564169	10.00	-25.79854	0	0.00	0.06646134	14.11841	10.00	-14.11675
-4.564169	10.00	-25.73422	0	0.00	0.06431957	14.08272	10.00	-14.08107
-4.564169	10.00	-25.66693	0	0.00	0.06728803	14.04772	10.00	-14.04607
-4.564169	10.00	-25.60094	0	0.00	0.06598853	14.01313	10.00	-14.01148
-4.564169	10.00	-25.53571	0	0.00	0.06523404	13.97728	10.00	-13.97564
-4.564169	10.00	-25.46812	0	0.00	0.06758672	13.94299	10.00	-13.94135
-4.564169	10.00	-25.40347	0	0.00	0.06465506	13.90803	10.00	-13.90639
-4.564169	10.00	-25.33754	0	0.00	0.06592766	13.87315	10.00	-13.87151
-4.564169	10.00	-25.27177	0	0.00	0.06577054	13.83794	10.00	-13.8363
-4.564169	10.00	-25.20538	0	0.00	0.06638914	13.803	10.00	-13.80137
-4.564169	10.00	-25.13951	0	0.00	0.06587388	13.76779	10.00	-13.76615
-4.564169	10.00	-25.0731	0	0.00	0.0664033	13.73263	10.00	-13.73101
-4.564169	10.00	-25.00683	0	0.00	0.06627589	13.69794	10.00	-13.69631
-4.564169	10.00	-24.9414	0	0.00	0.0654308	13.66284	10.00	-13.66122
-4.564169	10.00	-24.87523	0	0.00	0.0661669	13.62766	10.00	-13.62604
-4.564169	10.00	-24.80889	0	0.00	0.06633677	13.59069	10.00	-13.58907
-4.564169	10.00	-24.73919	0	0.00	0.06970442	13.55762	10.00	-13.556
-4.564169	10.00	-24.67682	0	0.00	0.06236466	13.52253	10.00	-13.52091
-4.564169	10.00	-24.61066	0	0.00	0.06616265	13.48743	10.00	-13.48581
-4.564169	10.00	-24.54448	0	0.00	0.06618672	13.45275	10.00	-13.45113
-4.564169	10.00	-24.47909	0	0.00	0.06538974	13.41737	10.00	-13.41576
-4.564169	10.00	-24.41237	0	0.00	0.06671331	13.38219	10.00	-13.38058
-4.564169	10.00	-24.34604	0	0.00	0.06633393	13.34733	10.00	-13.34572
-4.564169	10.00	-24.28032	0	0.00	0.06572241	13.31228	10.00	-13.31067
-4.564169	10.00	-24.21421	0	0.00	0.06610037	13.27683	10.00	-13.27523
-4.564169	10.00	-24.14738	0	0.00	0.06683222	13.24229	10.00	-13.24069
-4.564169	10.00	-24.08225	0	0.00	0.06512928	13.20706	10.00	-13.20546
-4.564169	10.00	-24.01582	0	0.00	0.06643161	13.17119	10.00	-13.1696
-4.564169	10.00	-23.94819	0	0.00	0.0676306	13.13713	10.00	-13.13554
-4.564169	10.00	-23.88396	0	0.00	0.06422614	13.10207	10.00	-13.10048
-4.564169	10.00	-23.81787	0	0.00	0.06610037	13.06693	10.00	-13.06534
-4.564169	10.00	-23.7516	0	0.00	0.0662674	13.032	10.00	-13.03041
-4.564169	10.00	-23.68574	0	0.00	0.06585689	12.9969	10.00	-12.99532
-4.564169	10.00	-23.61956	0	0.00	0.06617964	12.96192	10.00	-12.96034
-4.564169	10.00	-23.5536	0	0.00	0.06595739	12.92683	10.00	-12.92525
-4.564169	10.00	-23.48743	0	0.00	0.06617398	12.89128	10.00	-12.8897
-4.564169	10.00	-23.4204	0	0.00	0.06702757	12.85676	10.00	-12.85518
-4.564169	10.00	-23.3553	0	0.00	0.06509814	12.82131	10.00	-12.81974
-4.564169	10.00	-23.28847	0	0.00	0.06683505	12.78556	10.00	-12.78399
-4.564169	10.00	-23.22106	0	0.00	0.06740978	12.75144	10.00	-12.74987
-4.564169	10.00	-23.15673	0	0.00	0.06432806	12.71626	10.00	-12.71469
-4.564169	10.00	-23.09038	0	0.00	0.06634809	12.68034	10.00	-12.67878
-4.564169	10.00	-23.02267	0	0.00	0.06771554	12.64635	10.00	-12.64478
-4.564169	10.00	-22.95857	0	0.00	0.06410157	12.61125	10.00	-12.60969
-4.564169	10.00	-22.8924	0	0.00	0.06617115	12.57582	10.00	-12.57425
-4.564169	10.00	-22.82557	0	0.00	0.06682514	12.54125	10.00	-12.53969
-4.564169	10.00	-22.76039	0	0.00	0.06518024	12.50609	10.00	-12.50453
-4.564169	10.00	-22.69409	0	0.00	0.06629571	12.47035	10.00	-12.4688
-4.564169	10.00	-22.62672	0	0.00	0.06737722	12.43577	10.00	-12.43422
-4.564169	10.00	-22.56151	0	0.00	0.06520431	12.40066	10.00	-12.39911
-4.564169	10.00	-22.49531	0	0.00	0.06620511	12.36464	10.00	-12.36309
-4.564169	10.00	-22.42739	0	0.00	0.06791655	12.33087	10.00	-12.32932
-4.564169	10.00	-22.36371	0	0.00	0.06367831	12.29566	10.00	-12.29411
-4.564169	10.00	-22.29732	0	0.00	0.06639197	12.25963	10.00	-12.25809
-4.564169	10.00	-22.22939	0	0.00	0.06792504	12.22448	10.00	-12.22294
-4.564169	10.00	-22.1631	0	0.00	0.06629288	12.19071	10.00	-12.18917
-4.564169	10.00	-22.09944	0	0.00	0.06366558	12.15558	10.00	-12.15405
-4.564169	10.00	-22.0332	0	0.00	0.0662405	12.12045	10.00	-12.11892
-4.564169	10.00	-21.96696	0	0.00	0.06623626	12.08493	10.00	-12.0834
-4.564169	10.00	-21.89997	0	0.00	0.06698793	12.05029	10.00	-12.04877
-4.564169	10.00	-21.83467	0	0.00	0.06530198	12.01514	10.00	-12.01361
-4.564169	10.00	-21.76838	0	0.00	0.0662943	11.98018	10.00	-11.97866
-4.564169	10.00	-21.70247	0	0.00	0.06590784	11.94537	10.00	-11.94385
-4.564169	10.00	-21.63683	0	0.00	0.0656403	11.91083	10.00	-11.90931
-4.564169	10.00	-21.5717	0	0.00	0.06512362	11.87528	10.00	-11.87376
-4.564169	10.00	-21.50468	0	0.00	0.06702615	11.84079	10.00	-11.83927
-4.564169	10.00	-21.43963	0	0.00	0.06504434	11.80483	10.00	-11.80331
-4.564169	10.00	-21.37183	0	0.00	0.06780755	11.77034	10.00	-11.76882
-4.564169	10.00	-21.3068	0	0.00	0.06503019	11.73557	10.00	-11.73406
-4.564169	10.00	-21.24123	0	0.00	0.06556528	11.70056	10.00	-11.69905
-4.564169	10.00	-21.17522	0	0.00	0.06601118	11.66475	10.00	-11.66324
-4.564169	10.00	-21.1077	0	0.00	0.0675216	11.63033	10.00	-11.62883
-4.564169	10.00	-21.04281	0	0.00	0.06488863	11.59472	10.00	-11.59322
-4.564169	10.00	-20.97566	0	0.00	0.06715214	11.55872	10.00	-11.55722
-4.564169	10.00	-20.90777	0	0.00	0.06788682	11.5245	10.00	-11.523
-4.564169	10.00	-20.84325	0	0.00	0.06451917	11.48948	10.00	-11.48799
-4.564169	10.00	-20.77722	0	0.00	0.06602817	11.45346	10.00	-11.45196
-4.564169	10.00	-20.7093	0	0.00	0.06792504	11.41962	10.00	-11.41813
-4.564169	10.00	-20.64549	0	0.00	0.06380713	11.38449	10.00	-11.383
-4.564169	10.00	-20.57926	0	0.00	0.06622776	11.3495	10.00	-11.34801
-4.564169	10.00	-20.51328	0	0.00	0.06597721	11.31399	10.00	-11.3125
-4.564169	10.00	-20.44632	0	0.00	0.06696387	11.27919	10.00	-11.2777
-4.564169	10.00	-20.3807	0	0.00	0.06562614	11.24424	10.00	-11.24276
-4.564169	10.00	-20.31481	0	0.00	0.06588944	11.2087	10.00	-11.20722
-4.564169	10.00	-20.2478	0	0.00	0.06700775	11.17354	10.00	-11.17206
-4.564169	10.00	-20.18149	0	0.00	0.0663127	11.1392	10.00	-11.13773
-4.564169	10.00	-20.11675	0	0.00	0.06473433	11.10371	10.00	-11.10223
-4.564169	10.00	-20.04982	0	0.00	0.06693414	11.06875	10.00	-11.06728
-4.564169	10.00	-19.9839	0	0.00	0.06591351	11.03398	10.00	-11.03251
-4.564169	10.00	-19.91834	0	0.00	0.06556103	10.99892	10.00	-10.99745
-4.564169	10.00	-19.85224	0	0.00	0.06610461	10.96351	10.00	-10.96205
-4.564169	10.00	-19.78547	0	0.00	0.06676427	10.92879	10.00	-10.92733
-4.564169	10.00	-19.72001	0	0.00	0.06546902	10.89377	10.00	-10.89231
-4.564169	10.00	-19.65397	0	0.00	0.06602959	10.85874	10.00	-10.85728
-4.564169	10.00	-19.58792	0	0.00	0.06605507	10.82373	10.00	-10.82228
-4.564169	10.00	-19.52192	0	0.00	0.06600552	10.78856	10.00	-10.7871
-4.564169	10.00	-19.45559	0	0.00	0.06632686	10.74857	10.00	-10.74712
-4.564169	10.00	-19.38019	0	0.00	0.07539504	10.71862	10.00	-10.71717
-4.564169	10.00	-19.32371	0	0.00	0.05648152	10.68334	10.00	-10.68189
-4.564169	10.00	-19.25719	0	0.00	0.06651655	10.64752	10.00	-10.64608
-4.564169	10.00	-19.18966	0	0.00	0.06754	10.61287	10.00	-10.61142
-4.564169	10.00	-19.12431	0	0.00	0.06534586	10.57803	10.00	-10.57658
-4.564169	10.00	-19.05862	0	0.00	0.06568985	10.54317	10.00	-10.54173
-4.564169	10.00	-18.99289	0	0.00	0.0657309	10.50787	10.00	-10.50643
-4.564169	10.00	-18.92634	0	0.00	0.06655052	10.47302	10.00	-10.47158
-4.564169	10.00	-18.86062	0	0.00	0.06571391	10.438	10.00	-10.43656
-4.564169	10.00	-18.79459	0	0.00	0.06603383	10.40303	10.00	-10.4016
-4.564169	10.00	-18.72865	0	0.00	0.06594182	10.36798	10.00	-10.36655
-4.564169	10.00	-18.66255	0	0.00	0.06609329	10.33296	10.00	-10.33154
-4.564169	10.00	-18.59654	0	0.00	0.06601685	10.29691	10.00	-10.29549
-4.564169	10.00	-18.52856	0	0.00	0.06797742	10.26283	10.00	-10.26141
-4.564169	10.00	-18.4643	0	0.00	0.0642587	10.22783	10.00	-10.2264
-4.564169	10.00	-18.39829	0	0.00	0.06600977	10.19266	10.00	-10.19124
-4.564169	10.00	-18.33199	0	0.00	0.06630421	10.15775	10.00	-10.15633
-4.564169	10.00	-18.26616	0	0.00	0.06582858	10.12265	10.00	-10.12123
-4.564169	10.00	-18.19997	0	0.00	0.06618672	10.08751	10.00	-10.08609
-4.564169	10.00	-18.13371	0	0.00	0.06625891	10.05203	10.00	-10.05062
-4.564169	10.00	-18.06683	0	0.00	0.06688601	10.01754	10.00	-10.01613
-4.564169	10.00	-18.00179	0	0.00	0.0650401	9.982426	10.00	-9.981018
-4.564169	10.00	-17.93557	0	0.00	0.06621361	9.94644	10.00	-9.945034
-4.564169	10.00	-17.86772	0	0.00	0.06785285	9.912439	10.00	-9.911035
-4.564169	10.00	-17.80361	0	0.00	0.06411289	9.876722	10.00	-9.875319
-4.564169	10.00	-17.73626	0	0.00	0.06734466	9.837615	10.00	-9.836218
-4.564169	10.00	-17.66253	0	0.00	0.07373599	9.771768	10.00	-9.770372
-4.564169	10.00	-17.53837	0	0.00	0.1241603	9.73683	10.00	-9.735435
-4.564169	10.00	-17.47249	0	0.00	0.06587954	9.701806	10.00	-9.700415
-4.564169	10.00	-17.40645	0	0.00	0.0660395	9.666389	10.00	-9.664998
-4.564169	10.00	-17.33967	0	0.00	0.06678268	9.631633	10.00	-9.630246
-4.564169	10.00	-17.27413	0	0.00	0.06553131	9.596482	10.00	-9.595096
-4.564169	10.00	-17.20785	0	0.00	0.06628156	9.561366	10.00	-9.559983
-4.564169	10.00	-17.14164	0	0.00	0.06621219	9.526323	10.00	-9.524941
-4.564169	10.00	-17.07557	0	0.00	0.06607489	9.491065	10.00	-9.489686
-4.564169	10.00	-17.00908	0	0.00	0.06648116	9.456383	10.00	-9.455007
-4.564169	10.00	-16.94369	0	0.00	0.06539541	9.421894	10.00	-9.420519
-4.564169	10.00	-16.87866	0	0.00	0.0650316	9.385781	10.00	-9.384409
-4.564169	10.00	-16.81057	0	0.00	0.06809209	9.351529	10.00	-9.350158
-4.564169	10.00	-16.74598	0	0.00	0.0645857	9.316965	10.00	-9.315597
-4.564169	10.00	-16.68081	0	0.00	0.06517175	9.281485	10.00	-9.280118
-4.564169	10.00	-16.61391	0	0.00	0.06690158	9.247004	10.00	-9.245637
-4.564169	10.00	-16.54889	0	0.00	0.06501745	9.211837	10.00	-9.210472
-4.564169	10.00	-16.48258	0	0.00	0.06630987	9.176811	10.00	-9.175449
-4.564169	10.00	-16.41654	0	0.00	0.06604233	9.14091	10.00	-9.13955
-4.564169	10.00	-16.34884	0	0.00	0.06769289	9.106785	10.00	-9.105427
-4.564169	10.00	-16.2845	0	0.00	0.06434646	9.071707	10.00	-9.07035
-4.564169	10.00	-16.21836	0	0.00	0.06614142	9.036657	10.00	-9.035304
-4.564169	10.00	-16.15227	0	0.00	0.06608763	9.000983	10.00	-8.99963
-4.564169	10.00	-16.085	0	0.00	0.0672668	8.965112	10.00	-8.963762
-4.564169	10.00	-16.01736	0	0.00	0.06763627	8.930873	10.00	-8.929524
-4.564169	10.00	-15.9528	0	0.00	0.06456022	8.895788	10.00	-8.894441
-4.564169	10.00	-15.88665	0	0.00	0.06615558	8.860794	10.00	-8.85945
-4.564169	10.00	-15.82067	0	0.00	0.06598287	8.825777	10.00	-8.824434
-4.564169	10.00	-15.75464	0	0.00	0.06602534	8.790659	10.00	-8.789319
-4.564169	10.00	-15.68842	0	0.00	0.06621927	8.755548	10.00	-8.754209
-4.564169	10.00	-15.62222	0	0.00	0.06620653	8.720575	10.00	-8.719237
-4.564169	10.00	-15.55627	0	0.00	0.06594182	8.685408	10.00	-8.684076
-4.564169	10.00	-15.48997	0	0.00	0.06630562	8.649996	10.00	-8.648664
-4.564169	10.00	-15.42319	0	0.00	0.06677418	8.615498	10.00	-8.614166
-4.564169	10.00	-15.35814	0	0.00	0.06505142	8.580167	10.00	-8.578838
-4.564169	10.00	-15.29153	0	0.00	0.06661563	8.545025	10.00	-8.543698
-4.564169	10.00	-15.22526	0	0.00	0.06626315	8.510305	10.00	-8.508982
-4.564169	10.00	-15.1598	0	0.00	0.06546619	8.475091	10.00	-8.473769
-4.564169	10.00	-15.0934	0	0.00	0.06639764	8.439837	10.00	-8.438519
-4.564169	10.00	-15.02693	0	0.00	0.06647266	8.405153	10.00	-8.403837
-4.564169	10.00	-14.96153	0	0.00	0.06539824	8.369918	10.00	-8.368601
-4.564169	10.00	-14.89509	0	0.00	0.06644152	8.333666	10.00	-8.332353
-4.564169	10.00	-14.82673	0	0.00	0.06835538	8.299946	10.00	-8.298634
-4.564169	10.00	-14.76315	0	0.00	0.06358064	8.264668	10.00	-8.26336
-4.564169	10.00	-14.69663	0	0.00	0.06651655	8.228631	10.00	-8.227324
-4.564169	10.00	-14.62868	0	0.00	0.06795052	8.19508	10.00	-8.193773
-4.564169	10.00	-14.56542	0	0.00	0.06326497	8.159658	10.00	-8.158355
-4.564169	10.00	-14.49863	0	0.00	0.06678692	8.124858	10.00	-8.123557
-4.564169	10.00	-14.43301	0	0.00	0.06561907	8.089511	10.00	-8.088211
-4.564169	10.00	-14.36636	0	0.00	0.06664961	8.054534	10.00	-8.053237
-4.564169	10.00	-14.30041	0	0.00	0.06595173	8.01965	10.00	-8.018353
-4.564169	10.00	-14.23463	0	0.00	0.06577761	7.979829	10.00	-7.978536
-4.564169	10.00	-14.15955	0	0.00	0.07508361	7.94933	10.00	-7.94804
-4.564169	10.00	-14.10204	0	0.00	0.05750781	7.914386	10.00	-7.913096
-4.564169	10.00	-14.03615	0	0.00	0.06589086	7.879441	10.00	-7.878153
-4.564169	10.00	-13.97026	0	0.00	0.06588944	7.843422	10.00	-7.842139
-4.564169	10.00	-13.90235	0	0.00	0.06791372	7.809232	10.00	-7.807948
-4.564169	10.00	-13.83788	0	0.00	0.06447104	7.774285	10.00	-7.773005
-4.564169	10.00	-13.77199	0	0.00	0.06589227	7.7376	10.00	-7.736321
-4.564169	10.00	-13.70281	0	0.00	0.06917358	7.704101	10.00	-7.702823
-4.564169	10.00	-13.63965	0	0.00	0.06316587	7.66907	10.00	-7.667796
-4.564169	10.00	-13.5736	0	0.00	0.06605082	7.633886	10.00	-7.632614
-4.564169	10.00	-13.50726	0	0.00	0.0663396	7.598847	10.00	-7.597576
-4.564169	10.00	-13.44118	0	0.00	0.06607064	7.563754	10.00	-7.562485
-4.564169	10.00	-13.37502	0	0.00	0.06616973	7.528213	10.00	-7.526947
-4.564169	10.00	-13.308	0	0.00	0.06701624	7.49352	10.00	-7.492257
-4.564169	10.00	-13.25399	0	0.00	0.05401271	7.45858	10.00	-7.457316
-4.564169	10.00	-13.2149	0	0.00	0.03909009	7.422648	10.00	-7.421387
-4.564169	10.00	-13.2149	0	0.00	0	7.388624	10.00	-7.387366
-4.564169	10.00	-13.2149	0	0.00	0	7.353377	10.00	-7.35212
-4.564169	10.00	-13.2149	0	0.00	0	7.317016	10.00	-7.315761
-4.564169	10.00	-13.2149	0	0.00	0	7.283313	10.00	-7.282062
-4.564169	10.00	-13.2149	0	0.00	0	7.248314	10.00	-7.247063
-4.564169	10.00	-13.2149	0	0.00	0	7.213198	10.00	-7.211949
-4.564169	10.00	-13.2149	0	0.00	0	7.178152	10.00	-7.176905
-4.564169	10.00	-13.2149	0	0.00	0	7.143294	10.00	-7.14205
-4.564169	10.00	-13.2149	0	0.00	0	7.108159	10.00	-7.106916
-4.564169	10.00	-13.2149	0	0.00	0	7.073066	10.00	-7.071825
-4.564169	10.00	-13.2149	0	0.00	0	7.037518	10.00	-7.036279
-4.564169	10.00	-13.2149	0	0.00	0	7.00304	10.00	-7.001804
-4.564169	10.00	-13.2149	0	0.00	0	6.96786	10.00	-6.966626
-4.564169	10.00	-13.2149	0	0.00	0	6.932526	10.00	-6.931294
-4.564169	10.00	-13.2149	0	0.00	0	6.898263	10.00	-6.897033
-4.564169	10.00	-13.2149	0	0.00	0	6.863139	10.00	-6.86191
-4.574606	10.00	-13.21087	-0.01043699	0.00	0.004024092	6.828277	10.00	-6.827049
-4.59515	10.00	-13.2037	-0.02054367	0.00	0.00717676	6.793299	10.00	-6.792075
-4.636197	10.00	-13.18564	-0.04104621	0.00	0.0180565	6.758252	10.00	-6.75703
-4.682443	10.00	-13.16307	-0.04624618	0.00	0.02257121	6.72313	10.00	-6.721909
-4.738409	10.00	-13.12506	-0.05596615	0.00	0.03801082	6.688121	10.00	-6.686903
-4.799946	10.00	-13.07375	-0.06153693	0.00	0.05131007	6.653202	10.00	-6.651986
-4.862601	10.00	-13.02065	-0.06265499	0.00	0.05309178	6.617265	10.00	-6.616051
-4.929049	10.00	-12.96339	-0.0664486	0.00	0.05726291	6.58303	10.00	-6.581818
-4.992977	10.00	-12.90821	-0.06392808	0.00	0.05517723	6.548017	10.00	-6.546807
-5.058997	10.00	-12.85114	-0.06601968	0.00	0.05707002	6.512259	10.00	-6.51105
-5.126421	10.00	-12.79286	-0.06742393	0.00	0.05828392	6.477088	10.00	-6.475883
-5.192737	10.00	-12.73554	-0.06631553	0.00	0.05732577	6.442199	10.00	-6.440995
-5.258523	10.00	-12.67867	-0.06578611	0.00	0.05686812	6.407012	10.00	-6.40581
-5.324869	10.00	-12.62131	-0.06634668	0.00	0.0573527	6.371804	10.00	-6.370605
-5.391255	10.00	-12.56393	-0.06638631	0.00	0.05738696	6.336563	10.00	-6.335365
-5.457707	10.00	-12.50648	-0.06645143	0.00	0.05744325	6.301968	10.00	-6.300773
-5.522937	10.00	-12.4501	-0.06522979	0.00	0.05638721	6.267016	10.00	-6.265822
-5.58884	10.00	-12.39313	-0.0659036	0.00	0.05696968	6.231464	10.00	-6.230273
-5.655877	10.00	-12.33518	-0.06703606	0.00	0.05794863	6.196671	10.00	-6.195481
-5.721481	10.00	-12.27847	-0.06560491	0.00	0.05671148	6.161708	10.00	-6.160522
-5.787404	10.00	-12.22148	-0.065922	0.00	0.05698559	6.125738	10.00	-6.124552
-5.855229	10.00	-12.16285	-0.06782595	0.00	0.05863144	6.091012	10.00	-6.089828
-5.920708	10.00	-12.10625	-0.06547893	0.00	0.05660258	6.055684	10.00	-6.054502
-5.987322	10.00	-12.04866	-0.06661422	0.00	0.05758397	6.021184	10.00	-6.020005
-6.052372	10.00	-11.99243	-0.06505001	0.00	0.0562318	5.98628	10.00	-5.985103
-6.118186	10.00	-11.93554	-0.065813	0.00	0.05689137	5.951414	10.00	-5.950238
-6.183929	10.00	-11.87871	-0.06574364	0.00	0.0568314	5.915652	10.00	-5.914479
-6.251359	10.00	-11.82042	-0.06742959	0.00	0.05828881	5.881507	10.00	-5.880336
-6.315742	10.00	-11.76476	-0.06438327	0.00	0.05565545	5.846275	10.00	-5.845106
-6.382174	10.00	-11.70734	-0.06643161	0.00	0.05742612	5.810107	10.00	-5.808939
-6.450372	10.00	-11.64839	-0.06819825	0.00	0.05895327	5.776179	10.00	-5.775016
-6.514343	10.00	-11.59309	-0.06397134	0.00	0.05529936	5.741111	10.00	-5.739948
-6.580468	10.00	-11.53593	-0.06612443	0.00	0.05716058	5.706188	10.00	-5.705027
-6.646317	10.00	-11.479	-0.06584981	0.00	0.05692318	5.670896	10.00	-5.669738
-6.712862	10.00	-11.42148	-0.06654485	0.00	0.05752401	5.636035	10.00	-5.634879
-6.778594	10.00	-11.36466	-0.06573232	0.00	0.05682162	5.600922	10.00	-5.599767
-6.844804	10.00	-11.30742	-0.06620936	0.00	0.05723399	5.565859	10.00	-5.564707
-6.910916	10.00	-11.25027	-0.06611169	0.00	0.05714956	5.530917	10.00	-5.529767
-6.976801	10.00	-11.19332	-0.0658852	0.00	0.05695378	5.495839	10.00	-5.49469
-7.042943	10.00	-11.13614	-0.06614283	0.00	0.05717649	5.460796	10.00	-5.459649
-7.10902	10.00	-11.07902	-0.0660763	0.00	0.05711897	5.425829	10.00	-5.424685
-7.174951	10.00	-11.02203	-0.06593049	0.00	0.05699293	5.390717	10.00	-5.389574
-7.241158	10.00	-10.9648	-0.06620795	0.00	0.05723277	5.355201	10.00	-5.354061
-7.308125	10.00	-10.90691	-0.0669667	0.00	0.05788866	5.320402	10.00	-5.319263
-7.373741	10.00	-10.85019	-0.06561624	0.00	0.05672127	5.285225	10.00	-5.284088
-7.44007	10.00	-10.79285	-0.06632827	0.00	0.05733678	5.250338	10.00	-5.249203
-7.505851	10.00	-10.73599	-0.06578186	0.00	0.05686445	5.215234	10.00	-5.214101
-7.572042	10.00	-10.67877	-0.06619097	0.00	0.05721809	5.180443	10.00	-5.179313
-7.637642	10.00	-10.62206	-0.06559925	0.00	0.05670659	5.145318	10.00	-5.14419
-7.703872	10.00	-10.56481	-0.0662306	0.00	0.05725235	5.109439	10.00	-5.108314
-7.771524	10.00	-10.50633	-0.06765184	0.00	0.05848093	5.075075	10.00	-5.073951
-7.836321	10.00	-10.45032	-0.06479662	0.00	0.05601276	5.039947	10.00	-5.038824
-7.902558	10.00	-10.39306	-0.06623767	0.00	0.05725847	5.004007	10.00	-5.002887
-7.970325	10.00	-10.33448	-0.0677665	0.00	0.05858005	4.970124	10.00	-4.969006
-8.034213	10.00	-10.27925	-0.06388782	0.00	0.05522716	4.93499	10.00	-4.933874
-8.100459	10.00	-10.22198	-0.06624617	0.00	0.05726581	4.898953	10.00	-4.89784
-8.168409	10.00	-10.16325	-0.06795052	0.00	0.05873913	4.864855	10.00	-4.863743
-8.232703	10.00	-10.10767	-0.06429409	0.00	0.05557836	4.82982	10.00	-4.82871
-8.298764	10.00	-10.05056	-0.06606073	0.00	0.05710551	4.794266	10.00	-4.793159
-8.365803	10.00	-9.992611	-0.06703889	0.00	0.05795107	4.75913	10.00	-4.758025
-8.432054	10.00	-9.935341	-0.06625041	0.00	0.05726948	4.724207	10.00	-4.723103
-8.497905	10.00	-9.878417	-0.06585123	0.00	0.05692441	4.689068	10.00	-4.687966
-8.564161	10.00	-9.821142	-0.06625608	0.00	0.05727438	4.653966	10.00	-4.652867
-8.630347	10.00	-9.763928	-0.06618672	0.00	0.05721442	4.619298	10.00	-4.618199
-8.695718	10.00	-9.707419	-0.06536993	0.00	0.05650835	4.584055	10.00	-4.582959
-8.762169	10.00	-9.649977	-0.06645143	0.00	0.05744325	4.540108	10.00	-4.539015
-8.845034	10.00	-9.578344	-0.08286504	0.00	0.07163183	4.513094	10.00	-4.512002
-8.89597	10.00	-9.534313	-0.05093671	0.00	0.04403171	4.479132	10.00	-4.478042
-8.960009	10.00	-9.478956	-0.06403787	0.00	0.05535687	4.443751	10.00	-4.442663
-9.026722	10.00	-9.421287	-0.06671331	0.00	0.05766963	4.408679	10.00	-4.407595
-9.092851	10.00	-9.364122	-0.06612868	0.00	0.05716425	4.373778	10.00	-4.372694
-9.158661	10.00	-9.307233	-0.06581017	0.00	0.05688892	4.339089	10.00	-4.338007
-9.224069	10.00	-9.250691	-0.06540815	0.00	0.05654139	4.304103	10.00	-4.303025
-9.290036	10.00	-9.193667	-0.0659673	0.00	0.05702475	4.269642	10.00	-4.268564
-9.355016	10.00	-9.137496	-0.06497923	0.00	0.05617062	4.234286	10.00	-4.233211
-9.42168	10.00	-9.079868	-0.06666518	0.00	0.05762802	4.198713	10.00	-4.19764
-9.488756	10.00	-9.021886	-0.0670757	0.00	0.05798289	4.164502	10.00	-4.16343
-9.553264	10.00	-8.966123	-0.06450784	0.00	0.05576313	4.129329	10.00	-4.12826
-9.619584	10.00	-8.908792	-0.06631978	0.00	0.05732944	4.094253	10.00	-4.093185
-9.685722	10.00	-8.855463	-0.06613859	0.00	0.05333034	4.059418	10.00	-4.058352
-9.751407	10.00	-8.805678	-0.06568418	0.00	0.04978387	4.024274	10.00	-4.023211
-9.817673	10.00	-8.762512	-0.06626599	0.00	0.04316673	3.98927	10.00	-3.988209
-9.883674	10.00	-8.727186	-0.06600127	0.00	0.0353253	3.954169	10.00	-3.95311
-9.94986	10.00	-8.707144	-0.0661853	0.00	0.02004304	3.918104	10.00	-3.917047
-10.00535	10.00	-8.698402	-0.05549324	0.00	0.008741297	3.883104	10.00	-3.88205
-10.03748	10.00	-8.691836	-0.03212576	0.00	0.006565732	3.847944	10.00	-3.846891
-10.07232	10.00	-8.687166	-0.0348417	0.00	0.004670168	3.813296	10.00	-3.812245
-10.10729	10.00	-8.682565	-0.03496618	0.00	0.004602062	3.778207	10.00	-3.777159
-10.13949	10.00	-8.677904	-0.03220845	0.00	0.004660696	3.743287	10.00	-3.74224
-10.16964	10.00	-8.673265	-0.03014136	0.00	0.004638359	3.708002	10.00	-3.706958
-10.17432	10.00	-8.671156	-0.004686621	0.00	0.002109785	3.673147	10.00	-3.672104
-10.17432	10.00	-8.671156	0	0.00	0	3.638147	10.00	-3.637106
-10.17432	10.00	-8.671156	0	0.00	0	3.602505	10.00	-3.601466
-10.17432	10.00	-8.671156	0	0.00	0	3.568052	10.00	-3.567016
-10.17432	10.00	-8.671156	0	0.00	0	3.533047	10.00	-3.532012
-10.17432	10.00	-8.671156	0	0.00	0	3.497535	10.00	-3.496503
-10.17432	10.00	-8.671156	0	0.00	0	3.462785	10.00	-3.461755
-10.17432	10.00	-8.671156	0	0.00	0	3.427751	10.00	-3.426723
-10.17432	10.00	-8.662664	0	0.00	0.008491285	3.392907	10.00	-3.391881
-10.17432	10.00	-8.624955	0	0.00	0.03770939	3.35769	10.00	-3.356665
-10.17432	10.00	-8.565623	0	0.00	0.05933183	3.322667	10.00	-3.321645
-10.17432	10.00	-8.502784	0	0.00	0.06283954	3.287465	10.00	-3.286445
-10.17432	10.00	-8.43705	0	0.00	0.06573369	3.252488	10.00	-3.25147
-10.17432	10.00	-8.371099	0	0.00	0.06595173	3.217465	10.00	-3.216449
-10.17432	10.00	-8.305061	0	0.00	0.06603666	3.182214	10.00	-3.181201
-10.17432	10.00	-8.238593	0	0.00	0.06646842	3.147432	10.00	-3.14642
-10.17432	10.00	-8.173008	0	0.00	0.06558509	3.11218	10.00	-3.111169
-10.17432	10.00	-8.106538	0	0.00	0.06646983	3.076933	10.00	-3.075926
-10.17432	10.00	-8.040079	0	0.00	0.06645851	3.041973	10.00	-3.040967
-10.17432	10.00	-7.974159	0	0.00	0.06592058	3.007061	10.00	-3.006057
-10.17432	10.00	-7.90833	0	0.00	0.06582858	2.972096	10.00	-2.971094
-10.17432	10.00	-7.842402	0	0.00	0.06592908	2.937037	10.00	-2.936038
-10.17432	10.00	-7.776297	0	0.00	0.06610461	2.900562	10.00	-2.899565
-10.17432	10.00	-7.70752	0	0.00	0.06877722	2.867096	10.00	-2.8661
-10.17432	10.00	-7.644417	0	0.00	0.06310217	2.831957	10.00	-2.830964
-10.17432	10.00	-7.578161	0	0.00	0.06625608	2.796602	10.00	-2.79561
-10.17432	10.00	-7.511496	0	0.00	0.06666518	2.761867	10.00	-2.760877
-10.17432	10.00	-7.446002	0	0.00	0.0654945	2.726954	10.00	-2.725966
-10.17432	10.00	-7.38017	0	0.00	0.06583141	2.690926	10.00	-2.689941
-10.17432	10.00	-7.312238	0	0.00	0.06793212	2.656586	10.00	-2.655603
-10.17432	10.00	-7.247488	0	0.00	0.0647499	2.621453	10.00	-2.620471
-10.17432	10.00	-7.181242	0	0.00	0.06624617	2.584741	10.00	-2.583763
-10.17432	10.00	-7.11202	0	0.00	0.06922171	2.551437	10.00	-2.55046
-10.17432	10.00	-7.049222	0	0.00	0.06279782	2.516325	10.00	-2.515349
-10.17432	10.00	-6.983016	0	0.00	0.06620653	2.480569	10.00	-2.479596
-10.17432	10.00	-6.915596	0	0.00	0.06741969	2.446167	10.00	-2.445196
-10.17432	10.00	-6.85073	0	0.00	0.06486598	2.411283	10.00	-2.410314
-10.17432	10.00	-6.784954	0	0.00	0.0657762	2.376425	10.00	-2.375459
-10.17432	10.00	-6.719227	0	0.00	0.06572665	2.341239	10.00	-2.340274
-10.17432	10.00	-6.652881	0	0.00	0.06634668	2.306215	10.00	-2.305252
-10.17432	10.00	-6.586841	0	0.00	0.0660395	2.270501	10.00	-2.269541
-10.17432	10.00	-6.519501	0	0.00	0.06734041	2.23529	10.00	-2.234331
-10.17432	10.00	-6.453107	0	0.00	0.06639339	2.200511	10.00	-2.199555
-10.17432	10.00	-6.387531	0	0.00	0.0655766	2.16548	10.00	-2.164526
-10.17432	10.00	-6.321477	0	0.00	0.06605365	2.130316	10.00	-2.129364
-10.16965	10.00	-6.255173	0.004670667	0.00	0.06630421	2.095629	10.00	-2.094679
-10.15048	10.00	-6.189769	0.01917311	0.00	0.0654039	2.060285	10.00	-2.059336
-10.15048	10.00	-6.123124	0	0.00	0.06664536	2.025191	10.00	-2.024245
-10.15048	10.00	-6.056952	0	0.00	0.06617115	1.989941	10.00	-1.988997
-10.15048	10.00	-5.990487	0	0.00	0.06646559	1.95518	10.00	-1.954238
-10.15048	10.00	-5.924943	0	0.00	0.06554405	1.920189	10.00	-1.919249
-10.15048	10.00	-5.858964	0	0.00	0.06597862	1.885055	10.00	-1.884117
-10.15048	10.00	-5.792718	0	0.00	0.06624617	1.850413	10.00	-1.849477
-10.15048	10.00	-5.73056	0	0.00	0.06215793	1.815036	10.00	-1.814102
-10.15048	10.00	-5.670959	0	0.00	0.05960124	1.779767	10.00	-1.778835
-10.15048	10.00	-5.612185	0	0.00	0.05877392	1.745168	10.00	-1.744238
-10.15048	10.00	-5.555159	0	0.00	0.05702625	1.710153	10.00	-1.709225
-10.15048	10.00	-5.500642	0	0.00	0.05451649	1.674595	10.00	-1.67367
-10.15048	10.00	-5.450476	0	0.00	0.05016681	1.639701	10.00	-1.638777
-10.15048	10.00	-5.402519	0	0.00	0.04795632	1.604704	10.00	-1.603782
-10.15048	10.00	-5.355699	0	0.00	0.04682076	1.570003	10.00	-1.569083
-10.14587	10.00	-5.309274	0.004609141	0.00	0.04642403	1.534944	10.00	-1.534026
-10.13161	10.00	-5.25725	0.01425816	0.00	0.05202389	1.49997	10.00	-1.499055
-10.111	10.00	-5.199607	0.0206087	0.00	0.0576437	1.464794	10.00	-1.46388
-10.08835	10.00	-5.140985	0.02265534	0.00	0.05862128	1.429828	10.00	-1.428916
-10.062	10.00	-5.089738	0.02634986	0.00	0.05124735	1.394808	10.00	-1.393898
-10.03241	10.00	-5.040969	0.02958751	0.00	0.04876904	1.359794	10.00	-1.358887
-9.997714	10.00	-4.996045	0.03469589	0.00	0.04492407	1.324633	10.00	-1.323728
-9.957094	10.00	-4.954783	0.0406201	0.00	0.04126206	1.289496	10.00	-1.288593
-9.914577	10.00	-4.914832	0.04251691	0.00	0.03995082	1.254366	10.00	-1.253465
-9.870786	10.00	-4.876172	0.04379153	0.00	0.03866034	1.219334	10.00	-1.218436
-9.828397	10.00	-4.837621	0.04238882	0.00	0.03855128	1.184103	10.00	-1.183206
-9.786408	10.00	-4.798849	0.04198813	0.00	0.03877188	1.149445	10.00	-1.14855
-9.743838	10.00	-4.760708	0.04257011	0.00	0.03814067	1.114434	10.00	-1.113542
-9.700197	10.00	-4.723458	0.0436418	0.00	0.03724974	1.078272	10.00	-1.077381
-9.655118	10.00	-4.685643	0.04507831	0.00	0.0378156	1.044011	10.00	-1.043123
-9.612411	10.00	-4.649817	0.0427069	0.00	0.03582626	1.009142	10.00	-1.008255
-9.568945	10.00	-4.613353	0.0434668	0.00	0.03646373	0.9731292	10.00	-0.9722444
-9.524054	10.00	-4.577009	0.04489114	0.00	0.03634358	0.9390236	10.00	-0.9381409
-9.48154	10.00	-4.546326	0.04251412	0.00	0.03068302	0.9040846	10.00	-0.9032038
-9.438624	10.00	-4.515531	0.04291499	0.00	0.03079482	0.8686787	10.00	-0.8678002
-9.395782	10.00	-4.484971	0.04284213	0.00	0.03055997	0.8339583	10.00	-0.8330817
-9.353769	10.00	-4.455003	0.04201274	0.00	0.02996835	0.7988197	10.00	-0.7979451
-9.311251	10.00	-4.424674	0.04251873	0.00	0.03032928	0.7638147	10.00	-0.7629423
-9.268894	10.00	-4.39446	0.04235703	0.00	0.03021394	0.7289432	10.00	-0.7280728
-9.226699	10.00	-4.364361	0.04219533	0.00	0.03009859	0.6939975	10.00	-0.6931293
-9.184413	10.00	-4.334198	0.04228526	0.00	0.03016274	0.658757	10.00	-0.6578906
-9.141771	10.00	-4.303781	0.04264227	0.00	0.03041741	0.6237167	10.00	-0.6228523
-9.099371	10.00	-4.273537	0.04239972	0.00	0.03024439	0.5886484	10.00	-0.5877861
-9.056938	10.00	-4.243268	0.04243334	0.00	0.03026837	0.5536419	10.00	-0.5527818
-9.014579	10.00	-4.213053	0.04235885	0.00	0.03021523	0.5184683	10.00	-0.51761
-8.97266	10.00	-4.182693	0.04191923	0.00	0.03035974	0.4835353	10.00	-0.4826791
-8.931027	10.00	-4.152542	0.04163203	0.00	0.03015173	0.448447	10.00	-0.4475928
-8.889211	10.00	-4.122256	0.04181724	0.00	0.03028587	0.4132673	10.00	-0.4124149
-8.847284	10.00	-4.091891	0.04192639	0.00	0.03036492	0.3783613	10.00	-0.3775112
-8.805684	10.00	-4.061762	0.04159982	0.00	0.0301284	0.3432398	10.00	-0.3423918
-8.763827	10.00	-4.031448	0.0418566	0.00	0.03031437	0.3080513	10.00	-0.3072056
-8.721891	10.00	-4.001076	0.04193623	0.00	0.03037205	0.2728703	10.00	-0.2720263
-8.679963	10.00	-3.966213	0.04192818	0.00	0.03486253	0.2382015	10.00	-0.2373595
-8.638646	10.00	-3.929327	0.04131709	0.00	0.0368863	0.2029848	10.00	-0.202145
-8.596676	10.00	-3.889929	0.04197023	0.00	0.03939833	0.1669979	10.00	-0.1661601
-8.553788	10.00	-3.849012	0.04288821	0.00	0.04091709	0.1330198	10.00	-0.132184
-8.513294	10.00	-3.808518	0.04049395	0.00	0.04049395	0.09795688	10.00	-0.09712343
-8.471507	10.00	-3.76545	0.04178682	0.00	0.04306714	0.062842	10.00	-0.06202892
-8.430295	10.00	-3.721033	0.04121184	0.00	0.04441774	0.02785815	10.00	-0.02704699
-8.398183	10.00	-3.686366	0.03211197	0.00	0.03466688	-0.007129559	10.00	0.007938677
-8.37054	10.00	-3.661916	0.02764385	0.00	0.02444988	-0.0421344	10.00	0.04294168
-8.367168	10.00	-3.661916	0.003371306	0.00	0	-0.07733231	10.00	0.07813753
-8.367168	10.00	-3.661916	0	0.00	0	-0.1124635	10.00	0.1132667
-8.367168	10.00	-3.661916	0	0.00	0	-0.1474694	10.00	0.1482703
-8.367168	10.00	-3.661916	0	0.00	0	-0.1824646	10.00	0.1832635
-8.367168	10.00	-3.661916	0	0.00	0	-0.217727	10.00	0.218524
-8.367168	10.00	-3.661916	0	0.00	0	-0.2528521	10.00	0.2536471
-8.367168	10.00	-3.661916	0	0.00	0	-0.2883983	10.00	0.2891913
-8.367168	10.00	-3.661916	0	0.00	0	-0.3244256	10.00	0.3252167
-8.367168	10.00	-3.661916	0	0.00	0	-0.3580498	10.00	0.3588392
-8.367168	10.00	-3.661916	0	0.00	0	-0.3933139	10.00	0.3941011
-8.367168	10.00	-3.661916	0	0.00	0	-0.42922	10.00	0.4300049
-8.367168	10.00	-3.650591	0	0.00	0.01132477	-0.4630943	10.00	0.4638774
-8.367168	10.00	-3.620735	0	0.00	0.02985653	-0.4980835	10.00	0.4988647
-8.367168	10.00	-3.57648	0	0.00	0.04425442	-0.5335066	10.00	0.5342859
-8.341767	10.00	-3.514862	0.02540091	0.00	0.06161863	-0.5683005	10.00	0.5690778
-8.327617	10.00	-3.451796	0.01415038	0.00	0.06306529	-0.6033846	10.00	0.6041595
-8.327617	10.00	-3.385644	0	0.00	0.06615274	-0.6385065	10.00	0.6392797
-8.327617	10.00	-3.319419	0	0.00	0.06622493	-0.67357	10.00	0.6743411
-8.327617	10.00	-3.253304	0	0.00	0.06611452	-0.7086715	10.00	0.7094402
-8.327617	10.00	-3.187119	0	0.00	0.0661853	-0.7434	10.00	0.7441668
-8.327617	10.00	-3.121636	0	0.00	0.06548318	-0.7781662	10.00	0.778931
-8.327617	10.00	-3.056082	0	0.00	0.06555396	-0.8128033	10.00	0.8135662
-8.327617	10.00	-2.990771	0	0.00	0.06531047	-0.8477547	10.00	0.8485158
-8.327617	10.00	-2.924868	0	0.00	0.0659036	-0.8828911	10.00	0.8836501
-8.327617	10.00	-2.858616	0	0.00	0.06625183	-0.9179659	10.00	0.9187229
-8.327617	10.00	-2.79248	0	0.00	0.06613576	-0.9530259	10.00	0.9537807
-8.327617	10.00	-2.726373	0	0.00	0.06610744	-0.9881675	10.00	0.9889203
-8.327617	10.00	-2.660111	0	0.00	0.06626174	-1.024022	10.00	1.024772
-8.327617	10.00	-2.592506	0	0.00	0.06760512	-1.058062	10.00	1.058811
-8.327617	10.00	-2.528321	0	0.00	0.06418509	-1.094451	10.00	1.095198
-8.327617	10.00	-2.459706	0	0.00	0.06861443	-1.128819	10.00	1.129564
-8.327617	10.00	-2.394903	0	0.00	0.0648037	-1.16402	10.00	1.164763
-8.327617	10.00	-2.328531	0	0.00	0.06637216	-1.199579	10.00	1.20032
-8.327617	10.00	-2.26148	0	0.00	0.06705022	-1.234363	10.00	1.235102
-8.327617	10.00	-2.195894	0	0.00	0.06558651	-1.269555	10.00	1.270292
-8.327617	10.00	-2.129537	0	0.00	0.06635658	-1.304309	10.00	1.305044
-8.327617	10.00	-2.064006	0	0.00	0.06553131	-1.339764	10.00	1.340497
-8.327617	10.00	-1.997152	0	0.00	0.06685345	-1.374885	10.00	1.375616
-8.327617	10.00	-1.93093	0	0.00	0.0662221	-1.410475	10.00	1.411204
-8.327617	10.00	-1.863823	0	0.00	0.06710684	-1.444299	10.00	1.445026
-8.327617	10.00	-1.800046	0	0.00	0.0637774	-1.479426	10.00	1.48015
-8.327617	10.00	-1.733813	0	0.00	0.06623343	-1.514396	10.00	1.51512
-8.327617	10.00	-1.667872	0	0.00	0.0659404	-1.550418	10.00	1.551138
-8.327617	10.00	-1.599953	0	0.00	0.06791938	-1.584498	10.00	1.585217
-8.327617	10.00	-1.535691	0	0.00	0.06426153	-1.619532	10.00	1.62025
-8.327617	10.00	-1.469632	0	0.00	0.06605931	-1.654728	10.00	1.655443
-8.327617	10.00	-1.403268	0	0.00	0.06636366	-1.68975	10.00	1.690463
-8.327617	10.00	-1.337233	0	0.00	0.06603525	-1.724618	10.00	1.725329
-8.327617	10.00	-1.271487	0	0.00	0.06574647	-1.759487	10.00	1.760382
-8.327617	10.00	-1.205468	0	0.00	0.06601826	-1.794547	10.00	1.795628
-8.327617	10.00	-1.139089	0	0.00	0.06637923	-1.829189	10.00	1.83061
-8.327617	10.00	-1.073375	0	0.00	0.06571391	-1.865477	10.00	1.867364
-8.327617	10.00	-1.004486	0	0.00	0.06888905	-1.899033	10.00	1.901349
-8.327617	10.00	-0.9407852	0	0.00	0.06370096	-1.933693	10.00	1.936569
-8.327617	10.00	-0.8747754	0	0.00	0.06600977	-1.968343	10.00	1.971898
-8.327617	10.00	-0.8085717	0	0.00	0.0662037	-2.00398	10.00	2.008232
-8.327617	10.00	-0.7403522	0	0.00	0.06821948	-2.037567	10.00	2.042547
-8.327617	10.00	-0.6758246	0	0.00	0.06452766	-2.071694	10.00	2.077504
-8.327617	10.00	-0.6103159	0	0.00	0.06550866	-2.105949	10.00	2.112696
-8.327617	10.00	-0.5445086	0	0.00	0.06580734	-2.140678	10.00	2.148562
-8.327617	10.00	-0.477757	0	0.00	0.06675153	-2.174802	10.00	2.183811
-8.327617	10.00	-0.4121705	0	0.00	0.06558651	-2.209275	10.00	2.21954
-8.327617	10.00	-0.3456978	0	0.00	0.06647266	-2.243855	10.00	2.255375
-8.327617	10.00	-0.2790242	0	0.00	0.06667367	-2.277656	10.00	2.290481
-8.327617	10.00	-0.2137194	0	0.00	0.06530481	-2.311711	10.00	2.325924
-8.327617	10.00	-0.1477719	0	0.00	0.06594748	-2.346117	10.00	2.361789
-8.327617	10.00	-0.08107699	0	0.00	0.06669491	-2.379774	10.00	2.396894
-8.327617	10.00	-0.01558957	0	0.00	0.06548742	-2.413815	10.00	2.432379
-8.327617	10.00	0.05081656	0	0.00	0.06640613	-2.447457	10.00	2.467506
-8.327617	10.00	0.1166819	0	0.00	0.06586538	-2.481147	10.00	2.502679
-8.327617	10.00	0.1826351	0	0.00	0.06595314	-2.514902	10.00	2.538058
-8.327617	10.00	0.2486703	0	0.00	0.06603525	-2.548818	10.00	2.573716
-8.327617	10.00	0.3149689	0	0.00	0.06629854	-2.582362	10.00	2.608989
-8.327617	10.00	0.380772	0	0.00	0.0658031	-2.616034	10.00	2.644392
-8.327617	10.00	0.4468497	0	0.00	0.06607772	-2.649753	10.00	2.679956
-8.327617	10.00	0.513018	0	0.00	0.06616832	-2.683357	10.00	2.715522
-8.327617	10.00	0.5792302	0	0.00	0.06621219	-2.717109	10.00	2.751239
-8.327617	10.00	0.6457255	0	0.00	0.06649531	-2.750669	10.00	2.786747
-8.327617	10.00	0.7118344	0	0.00	0.06610886	-2.784164	10.00	2.822118
-8.327617	10.00	0.7779687	0	0.00	0.06613434	-2.818459	10.00	2.858406
-8.327617	10.00	0.845789	0	0.00	0.06782029	-2.851228	10.00	2.893077
-8.327617	10.00	0.9105884	0	0.00	0.06479945	-2.884511	10.00	2.9284
-8.327617	10.00	0.9763986	0	0.00	0.06581017	-2.918849	10.00	2.964834
-8.327617	10.00	1.04452	0	0.00	0.06812181	-2.95088	10.00	2.998811
-8.327617	10.00	1.108128	0	0.00	0.06360754	-2.984257	10.00	3.034075
-8.327617	10.00	1.174335	0	0.00	0.06620653	-3.018722	10.00	3.070141
-8.327617	10.00	1.242281	0	0.00	0.06794628	-3.051276	10.00	3.103964
-8.327617	10.00	1.306231	0	0.00	0.06395011	-3.085134	10.00	3.138908
-8.327617	10.00	1.372517	0	0.00	0.0662858	-3.120143	10.00	3.174791
-8.327617	10.00	1.44083	0	0.00	0.06831291	-3.15339	10.00	3.208625
-8.327617	10.00	1.505452	0	0.00	0.06462251	-3.187105	10.00	3.242706
-8.327617	10.00	1.57072	0	0.00	0.065268	-3.221446	10.00	3.277189
-8.327617	10.00	1.636935	0	0.00	0.06621502	-3.255471	10.00	3.31112
-8.316048	10.00	1.702312	0.01156877	0.00	0.065377	-3.290104	10.00	3.345427
-8.314589	10.00	1.768585	0.001459901	0.00	0.06627306	-3.324527	10.00	3.37929
-8.314589	10.00	1.83421	0	0.00	0.06562473	-3.359247	10.00	3.41329
-8.314589	10.00	1.900088	0	0.00	0.06587812	-3.394268	10.00	3.447429
-8.314589	10.00	1.966217	0	0.00	0.06612868	-3.429272	10.00	3.481463
-8.314589	10.00	2.032055	0	0.00	0.06583849	-3.46455	10.00	3.515801
-8.31249	10.00	2.098219	0.002098159	0.00	0.06616407	-3.499682	10.00	3.550076
-8.307848	10.00	2.164123	0.004642447	0.00	0.0659036	-3.535902	10.00	3.585516
-8.299782	10.00	2.231987	0.008066162	0.00	0.06786417	-3.570964	10.00	3.6199
-8.286909	10.00	2.297557	0.01287264	0.00	0.06556953	-3.605775	10.00	3.654146
-8.271579	10.00	2.362775	0.01532973	0.00	0.06521846	-3.641944	10.00	3.689764
-8.251713	10.00	2.430543	0.01986612	0.00	0.06776792	-3.676731	10.00	3.724177
-8.232557	10.00	2.495888	0.01915568	0.00	0.06534445	-3.712401	10.00	3.759679
-8.212885	10.00	2.562996	0.01967274	0.00	0.06710826	-3.747292	10.00	3.794416
-8.193004	10.00	2.628644	0.01988057	0.00	0.06564879	-3.782305	10.00	3.829325
-8.171123	10.00	2.694576	0.02188154	0.00	0.06593191	-3.817065	10.00	3.864116
-8.148693	10.00	2.758972	0.02242954	0.00	0.0643955	-3.852137	10.00	3.89922
-8.124778	10.00	2.818816	0.02391531	0.00	0.05984441	-3.886938	10.00	3.934208
-8.099727	10.00	2.873207	0.02505045	0.00	0.05439026	-3.922938	10.00	3.970402
-8.073153	10.00	2.925513	0.02657375	0.00	0.05230625	-3.956768	10.00	4.005077
-8.04629	10.00	2.971618	0.02686265	0.00	0.04610569	-3.991715	10.00	4.045791
-8.016593	10.00	3.018643	0.02969724	0.00	0.04702464	-4.026718	10.00	4.08446
-7.980648	10.00	3.063532	0.03594587	0.00	0.04488843	-4.061801	10.00	4.12186
-7.938242	10.00	3.103377	0.04240517	0.00	0.03984583	-4.09675	10.00	4.157084
-7.894457	10.00	3.141391	0.04378498	0.00	0.03801325	-4.131542	10.00	4.192144
-7.850235	10.00	3.1754	0.04422308	0.00	0.03400916	-4.166344	10.00	4.227305
-7.805903	10.00	3.208212	0.04433133	0.00	0.03281255	-4.201094	10.00	4.262425
-7.761531	10.00	3.240415	0.04437216	0.00	0.03220225	-4.235923	10.00	4.29773
-7.717023	10.00	3.272715	0.04450795	0.00	0.03230079	-4.270439	10.00	4.332716
-7.672831	10.00	3.304787	0.04419175	0.00	0.03207132	-4.304822	10.00	4.367637
-7.628654	10.00	3.336847	0.04417656	0.00	0.03206029	-4.339511	10.00	4.402961
-7.58414	10.00	3.369153	0.0445146	0.00	0.03230561	-4.37416	10.00	4.43835
-7.539622	10.00	3.400175	0.04451744	0.00	0.03102244	-4.408628	10.00	4.473548
-7.495342	10.00	3.429115	0.04428006	0.00	0.02893944	-4.443047	10.00	4.508883
-7.459404	10.00	3.452919	0.03593893	0.00	0.02380495	-4.477517	10.00	4.544276
-7.431087	10.00	3.472282	0.02831603	0.00	0.01936234	-4.51216	10.00	4.579857
-7.415447	10.00	3.478902	0.01564051	0.00	0.006620236	-4.546163	10.00	4.614882
-7.408944	10.00	3.478902	0.006502636	0.00	0	-4.580692	10.00	4.650525
-7.408944	10.00	3.478902	0	0.00	0	-4.615471	10.00	4.68656
-7.408944	10.00	3.478902	0	0.00	0	-4.649014	10.00	4.721312
-7.408944	10.00	3.478902	0	0.00	0	-4.683223	10.00	4.756749
-7.408944	10.00	3.478902	0	0.00	0	-4.718425	10.00	4.793208
-7.408944	10.00	3.478902	0	0.00	0	-4.751655	10.00	4.82762
-7.408944	10.00	3.478902	0	0.00	0	-4.785904	10.00	4.863084
-7.408944	10.00	3.478902	0	0.00	0	-4.820008	10.00	4.898389
-7.408944	10.00	3.478902	0	0.00	0	-4.854339	10.00	4.933927
-7.408944	10.00	3.478902	0	0.00	0	-4.888669	10.00	4.969459
-7.408944	10.00	3.478902	0	0.00	0	-4.922974	10.00	5.004962
-7.408944	10.00	3.478902	0	0.00	0	-4.957324	10.00	5.040509
-7.408944	10.00	3.478902	0	0.00	0	-4.991656	10.00	5.076031
-7.408944	10.00	3.482294	0	0.00	0.003391986	-5.025622	10.00	5.11117
-7.408944	10.00	3.494555	0	0.00	0.01226125	-5.059628	10.00	5.146344
-7.408944	10.00	3.529755	0	0.00	0.03519953	-5.093543	10.00	5.181445
-7.408944	10.00	3.587863	0	0.00	0.05810834	-5.12753	10.00	5.2166
-7.408944	10.00	3.650048	0	0.00	0.06218544	-5.161628	10.00	5.251863
-7.408944	10.00	3.715634	0	0.00	0.06558508	-5.195323	10.00	5.286767
-7.408944	10.00	3.781314	0	0.00	0.06567994	-5.229349	10.00	5.32201
-7.408944	10.00	3.847632	0	0.00	0.06631836	-5.263321	10.00	5.357331
-7.408944	10.00	3.913793	0	0.00	0.06616124	-5.297753	10.00	5.393127
-7.408944	10.00	3.980846	0	0.00	0.06705305	-5.331696	10.00	5.428517
-7.412957	10.00	4.046883	-0.004012395	0.00	0.06603666	-5.365794	10.00	5.464077
-7.422159	10.00	4.11346	-0.009202543	0.00	0.06657741	-5.399581	10.00	5.499308
-7.432559	10.00	4.17945	-0.01039929	0.00	0.06598995	-5.433259	10.00	5.53442
-7.444197	10.00	4.245222	-0.01163866	0.00	0.06577195	-5.466854	10.00	5.569438
-7.457076	10.00	4.310823	-0.01287876	0.00	0.06560066	-5.501106	10.00	5.605136
-7.470205	10.00	4.377697	-0.01312887	0.00	0.06687468	-5.534599	10.00	5.640149
-7.483041	10.00	4.443083	-0.01283651	0.00	0.0653855	-5.568589	10.00	5.675674
-7.496067	10.00	4.50943	-0.01302521	0.00	0.06634668	-5.602103	10.00	5.710824
-7.508962	10.00	4.575112	-0.01289488	0.00	0.06568277	-5.636151	10.00	5.746528
-7.522059	10.00	4.64183	-0.01309803	0.00	0.06671756	-5.66978	10.00	5.781785
-7.534995	10.00	4.707718	-0.01293517	0.00	0.06588802	-5.704429	10.00	5.818106
-7.548321	10.00	4.775597	-0.01332591	0.00	0.06787833	-5.737651	10.00	5.852922
-7.561096	10.00	4.840669	-0.0127751	0.00	0.06507266	-5.773967	10.00	5.890975
-7.575058	10.00	4.911792	-0.01396287	0.00	0.07112283	-5.803993	10.00	5.922205
-7.586554	10.00	4.970345	-0.01149506	0.00	0.05855251	-5.837862	10.00	5.957225
-7.599472	10.00	5.036145	-0.01291794	0.00	0.06580026	-5.872913	10.00	5.993223
-7.612788	10.00	5.103976	-0.01331674	0.00	0.06783161	-5.906289	10.00	6.027263
-7.625413	10.00	5.168286	-0.0126253	0.00	0.06430966	-5.940763	10.00	6.0622
-7.6384	10.00	5.234433	-0.01298603	0.00	0.06614708	-5.975976	10.00	6.097648
-7.65161	10.00	5.301724	-0.01321058	0.00	0.06729086	-6.010061	10.00	6.131734
-7.664341	10.00	5.366571	-0.01273091	0.00	0.06484758	-6.044967	10.00	6.166416
-7.677326	10.00	5.432712	-0.01298464	0.00	0.06614	-6.080543	10.00	6.20153
-7.690505	10.00	5.499844	-0.01317945	0.00	0.06713232	-6.115084	10.00	6.235403
-7.703243	10.00	5.564727	-0.01273786	0.00	0.06488297	-6.150691	10.00	6.270095
-7.716325	10.00	5.631361	-0.01308163	0.00	0.06663404	-6.18655	10.00	6.304928
-7.729439	10.00	5.698164	-0.0131147	0.00	0.06680249	-6.222008	10.00	6.339355
-7.742398	10.00	5.764172	-0.01295879	0.00	0.06600835	-6.257811	10.00	6.374227
-7.755506	10.00	5.830937	-0.01310747	0.00	0.06676569	-6.293902	10.00	6.409382
-7.768719	10.00	5.898244	-0.01321363	0.00	0.06730644	-6.328399	10.00	6.443019
-7.78135	10.00	5.962582	-0.01263086	0.00	0.06433797	-6.363918	10.00	6.47781
-7.794387	10.00	6.028988	-0.01303689	0.00	0.06640613	-6.399054	10.00	6.512319
-7.807305	10.00	6.094791	-0.0129185	0.00	0.0658031	-6.434359	10.00	6.546994
-7.819006	10.00	6.160914	-0.01170078	0.00	0.06612302	-6.469662	10.00	6.581775
-7.822383	10.00	6.227026	-0.003376802	0.00	0.06611169	-6.505043	10.00	6.616838
-7.822383	10.00	6.293545	0	0.00	0.06651937	-6.540406	10.00	6.652116
-7.822383	10.00	6.360315	0	0.00	0.06676994	-6.574875	10.00	6.686738
-7.822383	10.00	6.42563	0	0.00	0.06531472	-6.609437	10.00	6.721735
-7.789074	10.00	6.491436	0.03330918	0.00	0.06580593	-6.637027	10.00	6.758432
-7.772309	10.00	6.557329	0.01676453	0.00	0.06589369	-6.67138	10.00	6.793682
-7.772309	10.00	6.623591	0	0.00	0.06626174	-6.705351	10.00	6.828751
-7.772309	10.00	6.689516	0	0.00	0.06592483	-6.739298	10.00	6.863913
-7.772309	10.00	6.755702	0	0.00	0.06618672	-6.77479	10.00	6.900909
-7.772309	10.00	6.825224	0	0.00	0.06952181	-6.806664	10.00	6.934165
-7.772309	10.00	6.887915	0	0.00	0.06269024	-6.840088	10.00	6.969169
-7.767658	10.00	6.953943	0.004651222	0.00	0.06602817	-6.873887	10.00	7.004561
-7.760992	10.00	7.020944	0.006666009	0.00	0.06700067	-6.906452	10.00	7.03919
-7.753163	10.00	7.086816	0.007829431	0.00	0.06587246	-6.93808	10.00	7.073809
-7.742773	10.00	7.152744	0.01038947	0.00	0.06592766	-6.970541	10.00	7.109974
-7.725962	10.00	7.221435	0.01681106	0.00	0.06869087	-6.999744	10.00	7.143743
-7.707834	10.00	7.285388	0.01812851	0.00	0.06395294	-7.029917	10.00	7.178123
-7.688682	10.00	7.350719	0.01915195	0.00	0.0653317	-7.061244	10.00	7.213232
-7.669027	10.00	7.417765	0.01965448	0.00	0.06704597	-7.091597	10.00	7.247624
-7.649909	10.00	7.482984	0.01911875	0.00	0.06521846	-7.122159	10.00	7.282303
-7.629888	10.00	7.549094	0.02002032	0.00	0.06611028	-7.153595	10.00	7.3178
-7.608716	10.00	7.616843	0.02117275	0.00	0.06774952	-7.183511	10.00	7.351455
-7.586734	10.00	7.676836	0.02198132	0.00	0.05999297	-7.213681	10.00	7.38558
-7.563035	10.00	7.736139	0.02369868	0.00	0.05930232	-7.244267	10.00	7.419965
-7.537754	10.00	7.792962	0.0252814	0.00	0.0568228	-7.274846	10.00	7.454063
-7.512676	10.00	7.84869	0.02507844	0.00	0.0557281	-7.305847	10.00	7.488239
-7.487576	10.00	7.904466	0.02509998	0.00	0.05577595	-7.337116	10.00	7.522367
-7.462439	10.00	7.960323	0.02513658	0.00	0.0558573	-7.368622	10.00	7.556426
-7.437277	10.00	8.016237	0.02516242	0.00	0.05591472	-7.400216	10.00	7.590539
-7.411958	10.00	8.0725	0.02531908	0.00	0.05626283	-7.431659	10.00	7.624087
-7.38694	10.00	8.128094	0.02501761	0.00	0.05559292	-7.463406	10.00	7.657543
-7.361856	10.00	8.183832	0.02508329	0.00	0.05573886	-7.495407	10.00	7.690889
-7.336682	10.00	8.240416	0.02517481	0.00	0.05658322	-7.527294	10.00	7.723854
-7.311617	10.00	8.30058	0.02506445	0.00	0.06016424	-7.559204	10.00	7.756325
-7.286414	10.00	8.363644	0.02520334	0.00	0.06306449	-7.591376	10.00	7.788768
-7.261847	10.00	8.428007	0.02456739	0.00	0.06436304	-7.623145	10.00	7.820793
-7.238203	10.00	8.49288	0.0236435	0.00	0.06487294	-7.655711	10.00	7.8539
-7.214212	10.00	8.55935	0.02399093	0.00	0.06646983	-7.688525	10.00	7.887418
-7.190519	10.00	8.624996	0.02369357	0.00	0.06564596	-7.722128	10.00	7.92169
-7.167173	10.00	8.69146	0.02334532	0.00	0.06646417	-7.755723	10.00	7.955754
-7.145142	10.00	8.757845	0.02203188	0.00	0.0663849	-7.790335	10.00	7.990646
-7.123124	10.00	8.82618	0.02201758	0.00	0.06833556	-7.822409	10.00	8.022785
-7.107641	10.00	8.886382	0.01548315	0.00	0.06020203	-7.855999	10.00	8.05624
-7.102981	10.00	8.932036	0.004659898	0.00	0.04565419	-7.890552	10.00	8.09041
-7.102981	10.00	8.957817	0	0.00	0.02578043	-7.923583	10.00	8.12284
-7.102981	10.00	8.964869	0	0.00	0.00705266	-7.957476	10.00	8.155899
-7.102981	10.00	8.964869	0	0.00	0	-7.99278	10.00	8.190108
-7.102981	10.00	8.964869	0	0.00	0	-8.0257	10.00	8.221777
-7.102981	10.00	8.964869	0	0.00	0	-8.060207	10.00	8.254618
-7.102981	10.00	8.964869	0	0.00	0	-8.094515	10.00	8.287252
-7.102981	10.00	8.964869	0	0.00	0	-8.129149	10.00	8.320016
-7.102981	10.00	8.964869	0	0.00	0	-8.163436	10.00	8.352136
-7.102981	10.00	8.964869	0	0.00	0	-8.197923	10.00	8.384441
-7.102981	10.00	8.964869	0	0.00	0	-8.231693	10.00	8.416081
-7.102981	10.00	8.964869	0	0.00	0	-8.267164	10.00	8.449317
-7.102981	10.00	8.964869	0	0.00	0	-8.302025	10.00	8.481856
-7.102981	10.00	8.964869	0	0.00	0	-8.335527	10.00	8.513018
-7.102981	10.00	8.964869	0	0.00	0	-8.370584	10.00	8.545527
-7.102981	10.00	8.964869	0	0.00	0	-8.40538	10.00	8.577799
-7.102981	10.00	8.964869	0	0.00	0	-8.440568	10.00	8.610323
-7.102981	10.00	8.964869	0	0.00	0	-8.476356	10.00	8.643296
-7.102981	10.00	8.964869	0	0.00	0	-8.511013	10.00	8.67523
-7.102981	10.00	8.964869	0	0.00	0	-8.546805	10.00	8.708217
-7.102981	10.00	8.964869	0	0.00	0	-8.58276	10.00	8.741359
-7.102981	10.00	8.964869	0	0.00	0	-8.617069	10.00	8.772989
-7.102981	10.00	8.964869	0	0.00	0	-8.652414	10.00	8.805582
-7.102981	10.00	8.972759	0	0.00	0.007889329	-8.688746	10.00	8.839088
-7.102981	10.00	8.990118	0	0.00	0.01735877	-8.723194	10.00	8.870863
-7.102981	10.00	9.027874	0	0.00	0.0377565	-8.758651	10.00	8.903605
-7.102981	10.00	9.08077	0	0.00	0.0528963	-8.793375	10.00	8.935778
-7.102981	10.00	9.142551	0	0.00	0.06178077	-8.828791	10.00	8.968687
-7.102981	10.00	9.208014	0	0.00	0.06546313	-8.864415	10.00	9.001957
-7.102981	10.00	9.2745	0	0.00	0.0664854	-8.899621	10.00	9.034976
-7.102981	10.00	9.340153	0	0.00	0.06565304	-8.935072	10.00	9.068389
-7.102981	10.00	9.406258	0	0.00	0.06610461	-8.971244	10.00	9.102648
-7.102981	10.00	9.473699	0	0.00	0.06744092	-9.005993	10.00	9.135725
-7.102981	10.00	9.538481	0	0.00	0.06478246	-9.041499	10.00	9.169686
-7.102981	10.00	9.604672	0	0.00	0.06619097	-9.078465	10.00	9.205407
-7.102981	10.00	9.673859	0	0.00	0.06918632	-9.112	10.00	9.238128
-7.102981	10.00	9.73674	0	0.00	0.06288134	-9.147204	10.00	9.272738
-7.102981	10.00	9.802794	0	0.00	0.06605507	-9.182516	10.00	9.307737
-7.102981	10.00	9.869263	0	0.00	0.06646842	-9.217211	10.00	9.342278
-7.102981	10.00	9.934873	0	0.00	0.06560916	-9.252781	10.00	9.377865
-7.102981	10.00	10.00235	0	0.00	0.06747913	-9.287415	10.00	9.41262
-7.102981	10.00	10.06823	0	0.00	0.06587954	-9.321952	10.00	9.447453
-7.102981	10.00	10.13407	0	0.00	0.06584132	-9.356223	10.00	9.482088
-7.102981	10.00	10.19956	0	0.00	0.06548318	-9.390805	10.00	9.517125
-7.102981	10.00	10.26585	0	0.00	0.06629288	-9.424965	10.00	9.551844
-7.102981	10.00	10.33146	0	0.00	0.06560916	-9.459364	10.00	9.586862
-7.102981	10.00	10.39775	0	0.00	0.06629571	-9.49462	10.00	9.622802
-7.102981	10.00	10.46593	0	0.00	0.06818126	-9.527554	10.00	9.656516
-7.102981	10.00	10.52973	0	0.00	0.06379439	-9.562082	10.00	9.691964
-7.102981	10.00	10.59665	0	0.00	0.06692564	-9.595609	10.00	9.726496
-7.102981	10.00	10.66194	0	0.00	0.06528782	-9.629644	10.00	9.76154
-7.102981	10.00	10.72821	0	0.00	0.06626315	-9.663509	10.00	9.796418
-7.102981	10.00	10.79429	0	0.00	0.06608621	-9.697355	10.00	9.831368
-7.102981	10.00	10.86037	0	0.00	0.0660763	-9.730943	10.00	9.866149
-7.102981	10.00	10.92623	0	0.00	0.06585972	-9.764745	10.00	9.901137
-7.102981	10.00	10.99249	0	0.00	0.06626315	-9.798249	10.00	9.935906
-7.102981	10.00	11.05832	0	0.00	0.06582433	-9.832137	10.00	9.970942
-7.102981	10.00	11.12487	0	0.00	0.06655052	-9.865559	10.00	10.00534
-7.102981	10.00	11.1905	0	0.00	0.06563464	-9.89921	10.00	10.0398
-7.102981	10.00	11.25679	0	0.00	0.0662943	-9.932697	10.00	10.07405
-7.102981	10.00	11.32296	0	0.00	0.06616548	-9.966684	10.00	10.10878
-7.102981	10.00	11.39032	0	0.00	0.06736023	-9.99944	10.00	10.14218
-7.102981	10.00	11.45513	0	0.00	0.06481361	-10.03297	10.00	10.17639
-7.102981	10.00	11.52151	0	0.00	0.06637499	-10.06659	10.00	10.21104
-7.102981	10.00	11.58868	0	0.00	0.06717054	-10.09897	10.00	10.24462
-7.102981	10.00	11.65362	0	0.00	0.06494525	-10.13182	10.00	10.27888
-7.102981	10.00	11.71966	0	0.00	0.06603808	-10.16503	10.00	10.31375
-7.102981	10.00	11.78671	0	0.00	0.06704172	-10.19712	10.00	10.3473
-7.102981	10.00	11.85155	0	0.00	0.06484758	-10.2301	10.00	10.38131
-7.102981	10.00	11.91766	0	0.00	0.06611028	-10.26383	10.00	10.41561
-7.102981	10.00	11.98479	0	0.00	0.06712666	-10.2975	10.00	10.44948
-7.102981	10.00	12.05141	0	0.00	0.0666213	-10.33081	10.00	10.48274
-7.102981	10.00	12.11707	0	0.00	0.06566012	-10.36442	10.00	10.51607
-7.102981	10.00	12.18309	0	0.00	0.06601543	-10.39828	10.00	10.54944
-7.102981	10.00	12.24929	0	0.00	0.0662037	-10.43223	10.00	10.58268
-7.102981	10.00	12.31535	0	0.00	0.06606073	-10.46625	10.00	10.61579
-7.075369	10.00	12.38125	0.02761182	0.00	0.0658951	-10.50075	10.00	10.64916
-7.061028	10.00	12.44773	0.01434091	0.00	0.06648965	-10.5351	10.00	10.68224
-7.058939	10.00	12.51362	0.00208945	0.00	0.06588944	-10.56953	10.00	10.71525
-7.058939	10.00	12.57935	0	0.00	0.06572665	-10.60464	10.00	10.74876
-7.058939	10.00	12.64605	0	0.00	0.06669915	-10.63973	10.00	10.78205
-7.058939	10.00	12.71238	0	0.00	0.06633252	-10.6743	10.00	10.81478
-7.058939	10.00	12.77746	0	0.00	0.0650769	-10.70965	10.00	10.8482
-7.058939	10.00	12.84374	0	0.00	0.06627873	-10.74499	10.00	10.88161
-7.058939	10.00	12.90976	0	0.00	0.06602392	-10.78016	10.00	10.91488
-7.058939	10.00	12.97527	0	0.00	0.06550441	-10.81589	10.00	10.94875
-7.054262	10.00	13.04166	0.004677149	0.00	0.06639622	-10.85159	10.00	10.98268
-7.047673	10.00	13.10788	0.006588125	0.00	0.06621785	-10.88709	10.00	11.01657
-7.039851	10.00	13.17369	0.007822028	0.00	0.06581017	-10.92268	10.00	11.05072
-7.032009	10.00	13.23967	0.007842219	0.00	0.06598004	-10.95852	10.00	11.08525
-7.024117	10.00	13.30607	0.007892358	0.00	0.06640188	-10.99388	10.00	11.11935
-7.016329	10.00	13.37159	0.007787369	0.00	0.06551857	-11.02973	10.00	11.15392
-7.00779	10.00	13.43802	0.008539141	0.00	0.06643161	-11.06614	10.00	11.18908
-6.999094	10.00	13.50567	0.008695625	0.00	0.06764901	-11.10046	10.00	11.22235
-6.990269	10.00	13.56953	0.008826083	0.00	0.06385385	-11.13624	10.00	11.2572
-6.980404	10.00	13.63622	0.009864793	0.00	0.06669632	-11.17212	10.00	11.29214
-6.970511	10.00	13.70311	0.009892429	0.00	0.06688318	-11.20702	10.00	11.32612
-6.96089	10.00	13.76816	0.009621292	0.00	0.06505001	-11.24257	10.00	11.36082
-6.951087	10.00	13.83444	0.009803446	0.00	0.06628156	-11.27789	10.00	11.39533
-6.941308	10.00	13.90055	0.00977895	0.00	0.06611594	-11.31317	10.00	11.42989
-6.931545	10.00	13.96656	0.009762409	0.00	0.0660041	-11.34836	10.00	11.46446
-6.92178	10.00	14.03258	0.009764922	0.00	0.06602109	-11.3836	10.00	11.49908
-6.911999	10.00	14.09871	0.009781254	0.00	0.06613151	-11.4194	10.00	11.53442
-6.902019	10.00	14.16619	0.009980156	0.00	0.0674763	-11.45416	10.00	11.56872
-6.892334	10.00	14.23167	0.009685151	0.00	0.06548176	-11.48922	10.00	11.60339
-6.882557	10.00	14.29777	0.009776647	0.00	0.06610037	-11.52418	10.00	11.63797
-6.872789	10.00	14.36381	0.009767854	0.00	0.06604091	-11.55885	10.00	11.67234
-6.863075	10.00	14.42949	0.009714463	0.00	0.06567994	-11.59415	10.00	11.70737
-6.851913	10.00	14.49621	0.01116115	0.00	0.06672464	-11.62876	10.00	11.74186
-6.840968	10.00	14.56165	0.01094592	0.00	0.06543788	-11.66513	10.00	11.7781
-6.828778	10.00	14.63054	0.01218999	0.00	0.06888764	-11.69837	10.00	11.81126
-6.817032	10.00	14.69347	0.01174606	0.00	0.06293514	-11.73349	10.00	11.84637
-6.804596	10.00	14.7601	0.01243536	0.00	0.06662837	-11.76845	10.00	11.88135
-6.792207	10.00	14.82648	0.01238939	0.00	0.06638207	-11.80276	10.00	11.91568
-6.780008	10.00	14.89184	0.01219837	0.00	0.0653586	-11.83729	10.00	11.9504
-6.767672	10.00	14.95794	0.01233629	0.00	0.06609754	-11.87272	10.00	11.98601
-6.755011	10.00	15.02578	0.01266152	0.00	0.06784011	-11.90628	10.00	12.01972
-6.743027	10.00	15.08999	0.01198384	0.00	0.06420916	-11.94082	10.00	12.05441
-6.730664	10.00	15.15623	0.01236271	0.00	0.06623909	-11.9754	10.00	12.0889
-6.718976	10.00	15.22228	0.01168801	0.00	0.06605082	-12.01018	10.00	12.12337
-6.707264	10.00	15.28847	0.0117118	0.00	0.0661853	-12.04502	10.00	12.15766
-6.69558	10.00	15.3545	0.01168425	0.00	0.06602959	-12.07985	10.00	12.1917
-6.68395	10.00	15.42022	0.01162989	0.00	0.06572241	-12.11549	10.00	12.22633
-6.672095	10.00	15.48722	0.01185559	0.00	0.06699784	-12.1506	10.00	12.2602
-6.660471	10.00	15.5529	0.01162388	0.00	0.06568843	-12.18611	10.00	12.29424
-6.64876	10.00	15.61908	0.0117108	0.00	0.06617964	-12.22171	10.00	12.32815
-6.637064	10.00	15.68518	0.01169652	0.00	0.06609895	-12.25727	10.00	12.36182
-6.625436	10.00	15.75089	0.01162714	0.00	0.06570683	-12.29352	10.00	12.39598
-6.61364	10.00	15.81755	0.01179597	0.00	0.06666093	-12.32939	10.00	12.42975
-6.601967	10.00	15.88352	0.01167298	0.00	0.06596588	-12.36561	10.00	12.46396
-6.590163	10.00	15.95023	0.01180474	0.00	0.06671048	-12.40095	10.00	12.49735
-6.578642	10.00	16.01533	0.01152018	0.00	0.06510238	-12.43704	10.00	12.53155
-6.566882	10.00	16.08179	0.01176015	0.00	0.06645851	-12.4733	10.00	12.56592
-6.555062	10.00	16.14859	0.01182027	0.00	0.06679825	-12.50867	10.00	12.59958
-6.543537	10.00	16.21371	0.01152494	0.00	0.06512928	-12.54452	10.00	12.63369
-6.531856	10.00	16.27973	0.01168174	0.00	0.06601543	-12.58083	10.00	12.66824
-6.520022	10.00	16.3466	0.01183279	0.00	0.06686902	-12.61634	10.00	12.70203
-6.508451	10.00	16.41199	0.01157103	0.00	0.06538974	-12.6522	10.00	12.73616
-6.496765	10.00	16.47803	0.011687	0.00	0.06604516	-12.68922	10.00	12.77138
-6.4847	10.00	16.54621	0.01206425	0.00	0.06817701	-12.72432	10.00	12.80478
-6.473262	10.00	16.61085	0.01143776	0.00	0.06463666	-12.75982	10.00	12.83857
-6.461694	10.00	16.67622	0.01156852	0.00	0.06537559	-12.8013	10.00	12.87803
-6.448179	10.00	16.7526	0.0135146	0.00	0.0763732	-12.83178	10.00	12.90704
-6.438245	10.00	16.80874	0.009934805	0.00	0.0561432	-12.86832	10.00	12.94181
-6.426338	10.00	16.87603	0.01190694	0.00	0.06728803	-12.90384	10.00	12.97561
-6.414763	10.00	16.94144	0.01157453	0.00	0.06540956	-12.93987	10.00	13.00989
-6.403021	10.00	17.00779	0.01174161	0.00	0.06635375	-12.97575	10.00	13.04403
-6.391331	10.00	17.07386	0.01169076	0.00	0.06606639	-13.01159	10.00	13.07813
-6.379653	10.00	17.13985	0.01167774	0.00	0.06599278	-13.04752	10.00	13.11233
-6.367943	10.00	17.20603	0.01171005	0.00	0.06617539	-13.08304	10.00	13.14613
-6.356369	10.00	17.27143	0.01157453	0.00	0.06540956	-13.11924	10.00	13.18057
-6.344572	10.00	17.3381	0.01179647	0.00	0.06666376	-13.15501	10.00	13.21461
-6.332916	10.00	17.40397	0.01165619	0.00	0.06587104	-13.19115	10.00	13.249
-6.321117	10.00	17.47065	0.01179872	0.00	0.0666765	-13.22654	10.00	13.28267
-6.309539	10.00	17.53608	0.01157804	0.00	0.06542938	-13.2626	10.00	13.31697
-6.297722	10.00	17.60285	0.01181651	0.00	0.06677701	-13.29772	10.00	13.35037
-6.28605	10.00	17.66882	0.01167248	0.00	0.06596305	-13.33189	10.00	13.38283
-6.274509	10.00	17.73404	0.01154122	0.00	0.06522129	-13.36606	10.00	13.41526
-6.263424	10.00	17.8003	0.01108444	0.00	0.06626599	-13.39968	10.00	13.44716
-6.252311	10.00	17.86674	0.01111356	0.00	0.06644011	-13.43214	10.00	13.47794
-6.24137	10.00	17.93215	0.01094094	0.00	0.06540815	-13.46425	10.00	13.50837
-6.230336	10.00	17.99812	0.01103376	0.00	0.06596305	-13.4966	10.00	13.539
-6.218996	10.00	18.06591	0.01133993	0.00	0.06779339	-13.52664	10.00	13.56743
-6.20822	10.00	18.13033	0.0107759	0.00	0.06442149	-13.5568	10.00	13.59597
-6.197125	10.00	18.19666	0.01109533	0.00	0.0663311	-13.58597	10.00	13.62355
-6.186106	10.00	18.26254	0.01101932	0.00	0.06587671	-13.61459	10.00	13.6506
-6.175	10.00	18.32893	0.01110598	0.00	0.06639481	-13.64262	10.00	13.67706
-6.163817	10.00	18.39579	0.0111827	0.00	0.06685345	-13.6695	10.00	13.70242
-6.152776	10.00	18.46179	0.01104063	0.00	0.0660041	-13.69556	10.00	13.727
-6.14175	10.00	18.52771	0.01102595	0.00	0.06591634	-13.72083	10.00	13.75081
-6.130726	10.00	18.59361	0.01102382	0.00	0.0659036	-13.74525	10.00	13.7738
-6.119739	10.00	18.6593	0.01098806	0.00	0.06568985	-13.769	10.00	13.79614
-6.108694	10.00	18.72533	0.01104465	0.00	0.06602817	-13.79192	10.00	13.81769
-6.097639	10.00	18.79142	0.01105507	0.00	0.06609046	-13.81391	10.00	13.83835
-6.086613	10.00	18.85733	0.01102595	0.00	0.06591634	-13.83518	10.00	13.85832
-6.075519	10.00	18.92366	0.01109438	0.00	0.06632544	-13.85553	10.00	13.87742
-6.064442	10.00	18.98988	0.01107615	0.00	0.06621644	-13.87494	10.00	13.89561
-6.053409	10.00	19.05584	0.01103329	0.00	0.06596022	-13.89352	10.00	13.91301
-6.042346	10.00	19.12198	0.0110636	0.00	0.06614142	-13.91132	10.00	13.92967
-6.031225	10.00	19.18846	0.01112066	0.00	0.06648257	-13.92796	10.00	13.94522
-6.020282	10.00	19.25388	0.01094307	0.00	0.06542089	-13.94394	10.00	13.96014
-6.009189	10.00	19.3202	0.01109249	0.00	0.06631412	-13.95909	10.00	13.97426
-5.998049	10.00	19.38679	0.01113984	0.00	0.06659723	-13.97308	10.00	13.98729
-5.987102	10.00	19.45224	0.0109471	0.00	0.06544495	-13.9863	10.00	13.99957
-5.976056	10.00	19.51828	0.01104679	0.00	0.06604091	-13.99894	10.00	14.01128
-5.964713	10.00	19.58609	0.01134277	0.00	0.06781038	-14.01007	10.00	14.02157
-5.953875	10.00	19.65088	0.01083818	0.00	0.06479379	-14.02045	10.00	14.03114
-5.94286	10.00	19.71673	0.01101435	0.00	0.06584698	-14.02972	10.00	14.03963
-5.931866	10.00	19.78246	0.01099446	0.00	0.06572807	-14.03784	10.00	14.04701
-5.920751	10.00	19.84891	0.01111522	0.00	0.06645001	-14.04462	10.00	14.0531
-5.909703	10.00	19.91495	0.01104702	0.00	0.06604233	-14.05088	10.00	14.0587
-5.898671	10.00	19.98091	0.01103258	0.00	0.06595597	-14.05685	10.00	14.06406
-5.887595	10.00	20.04712	0.01107638	0.00	0.06621785	-14.0625	10.00	14.06913
-5.876517	10.00	20.11335	0.01107733	0.00	0.06622352	-14.06771	10.00	14.07383
-5.864182	10.00	20.17944	0.01233549	0.00	0.06609329	-14.0726	10.00	14.07825
-5.851221	10.00	20.24546	0.01296102	0.00	0.06601968	-14.07725	10.00	14.08245
-5.838256	10.00	20.3115	0.01296463	0.00	0.06603808	-14.08165	10.00	14.08642
-5.825309	10.00	20.37745	0.01294712	0.00	0.0659489	-14.08554	10.00	14.08994
-5.812322	10.00	20.4436	0.01298742	0.00	0.06615416	-14.08912	10.00	14.09317
-5.799372	10.00	20.50956	0.01294907	0.00	0.06595881	-14.09256	10.00	14.09629
-5.786375	10.00	20.57577	0.01299742	0.00	0.06620511	-14.09589	10.00	14.0993
-5.773236	10.00	20.64269	0.01313888	0.00	0.06692564	-14.09902	10.00	14.10214
-5.760288	10.00	20.70865	0.01294851	0.00	0.06595597	-14.10196	10.00	14.10482
-5.74747	10.00	20.77394	0.01281734	0.00	0.06528782	-14.10481	10.00	14.10742
-5.734418	10.00	20.84042	0.01305245	0.00	0.0664854	-14.10751	10.00	14.10988
-5.721335	10.00	20.90706	0.01308246	0.00	0.06663828	-14.11001	10.00	14.11216
-5.708503	10.00	20.97242	0.01283262	0.00	0.06536568	-14.11235	10.00	14.11431
-5.69561	10.00	21.0381	0.01289293	0.00	0.06567286	-14.11449	10.00	14.11629
-5.682516	10.00	21.10479	0.01309386	0.00	0.06669632	-14.11641	10.00	14.11807
-5.669607	10.00	21.17055	0.01290905	0.00	0.06575496	-14.11827	10.00	14.1198
-5.656618	10.00	21.23671	0.01298881	0.00	0.06616124	-14.12005	10.00	14.12146
-5.643611	10.00	21.30297	0.01300715	0.00	0.06625466	-14.12175	10.00	14.12304
-5.63069	10.00	21.36878	0.01292128	0.00	0.06581725	-14.12339	10.00	14.12456
-5.617696	10.00	21.43497	0.01299381	0.00	0.06618672	-14.12495	10.00	14.12601
-5.604713	10.00	21.5011	0.01298269	0.00	0.06613009	-14.12644	10.00	14.12739
-5.591772	10.00	21.56702	0.01294129	0.00	0.06591917	-14.12787	10.00	14.12872
-5.578618	10.00	21.63402	0.01315416	0.00	0.0670035	-14.12922	10.00	14.12998
-5.565546	10.00	21.7006	0.01307162	0.00	0.06658307	-14.13048	10.00	14.13115
-5.552633	10.00	21.76638	0.01291266	0.00	0.06577337	-14.13166	10.00	14.13225
-5.53976	10.00	21.83195	0.01287348	0.00	0.06557377	-14.13278	10.00	14.13329
-5.526748	10.00	21.89823	0.01301243	0.00	0.06628156	-14.13383	10.00	14.13426
-5.513747	10.00	21.96445	0.01300076	0.00	0.0662221	-14.1348	10.00	14.13517
-5.500698	10.00	22.03092	0.01304856	0.00	0.06646559	-14.13569	10.00	14.13599
-5.48777	10.00	22.09678	0.01292878	0.00	0.06585547	-14.1365	10.00	14.13675
-5.474782	10.00	22.16293	0.0129877	0.00	0.06615558	-14.13725	10.00	14.13744
-5.461643	10.00	22.22986	0.0131386	0.00	0.06692423	-14.1379	10.00	14.13805
-5.448896	10.00	22.29478	0.01274647	0.00	0.06492686	-14.13848	10.00	14.13859
-5.435931	10.00	22.36082	0.01296546	0.00	0.06604233	-14.13898	10.00	14.13905
-5.422911	10.00	22.42715	0.01301993	0.00	0.06631978	-14.1394	10.00	14.13944
-5.410003	10.00	22.49289	0.01290794	0.00	0.0657493	-14.13973	10.00	14.13975
-5.396877	10.00	22.55976	0.01312665	0.00	0.06686336	-14.13998	10.00	14.13998
-5.383511	10.00	22.62784	0.01336621	0.00	0.06808359	-14.14	10.00	14.14
-5.370975	10.00	22.69169	0.01253499	0.00	0.0638496	-14.14	10.00	14.14
-5.358146	10.00	22.75704	0.01282984	0.00	0.06535152	-14.14	10.00	14.14
-5.345226	10.00	22.82285	0.01291961	0.00	0.06580876	-14.14	10.00	14.14
-5.332213	10.00	22.88914	0.01301299	0.00	0.06628439	-14.14	10.00	14.14
-5.319272	10.00	22.95506	0.01294156	0.00	0.06592058	-14.14	10.00	14.14
-5.306322	10.00	23.02102	0.0129499	0.00	0.06596305	-14.14	10.00	14.14
-5.293372	10.00	23.08698	0.01294934	0.00	0.06596022	-14.14	10.00	14.14
-5.280356	10.00	23.15328	0.01301576	0.00	0.06629854	-14.14	10.00	14.14
-5.267368	10.00	23.21944	0.01298881	0.00	0.06616124	-14.14	10.00	14.14
-5.254398	10.00	23.2855	0.01296991	0.00	0.06606498	-14.14	10.00	14.14
-5.241185	10.00	23.35281	0.0132128	0.00	0.06730219	-14.14	10.00	14.14
-5.228466	10.00	23.41759	0.01271924	0.00	0.06478813	-14.14	10.00	14.14
-5.215494	10.00	23.48367	0.01297213	0.00	0.0660763	-14.14	10.00	14.14
-5.202476	10.00	23.54998	0.01301771	0.00	0.06630845	-14.14	10.00	14.14
-5.189531	10.00	23.61591	0.01294434	0.00	0.06593474	-14.14	10.00	14.14
-5.176491	10.00	23.68234	0.01304022	0.00	0.06642312	-14.14	10.00	14.14
-5.163582	10.00	23.74809	0.01290905	0.00	0.06575496	-14.14	10.00	14.14
-5.150559	10.00	23.81443	0.01302327	0.00	0.06633677	-14.14	10.00	14.14
-5.137544	10.00	23.88072	0.01301521	0.00	0.06629571	-14.14	10.00	14.14
-5.124467	10.00	23.94733	0.01307663	0.00	0.06660856	-14.14	10.00	14.14
-5.111636	10.00	24.01269	0.01283096	0.00	0.06535719	-14.14	10.00	14.14
-5.098727	10.00	24.07845	0.01290933	0.00	0.06575638	-14.14	10.00	14.14
-5.085326	10.00	24.14671	0.01340094	0.00	0.06826054	-14.14	10.00	14.14
-5.072765	10.00	24.21069	0.01256083	0.00	0.06398125	-14.14	10.00	14.14
-5.059672	10.00	24.27738	0.01309275	0.00	0.06669066	-14.14	10.00	14.14
-5.046647	10.00	24.34373	0.01302521	0.00	0.06634668	-14.14	10.00	14.14
-5.03381	10.00	24.40911	0.01283707	0.00	0.06538833	-14.14	10.00	14.14
-5.020818	10.00	24.47529	0.01299187	0.00	0.06617681	-14.14	10.00	14.14
-5.007893	10.00	24.54113	0.01292489	0.00	0.06583565	-14.14	10.00	14.14
-4.994832	10.00	24.60766	0.01306106	0.00	0.06652928	-14.14	10.00	14.14
-4.981918	10.00	24.67344	0.01291377	0.00	0.06577903	-14.14	10.00	14.14
-4.968733	10.00	24.74059	0.01318501	0.00	0.06716063	-14.14	10.00	14.14
-4.955852	10.00	24.80621	0.01288181	0.00	0.06561624	-14.14	10.00	14.14
-4.942918	10.00	24.87209	0.01293378	0.00	0.06588095	-14.14	10.00	14.14
-4.92998	10.00	24.93799	0.01293767	0.00	0.06590077	-14.14	10.00	14.14
-4.917028	10.00	25.00397	0.01295157	0.00	0.06597155	-14.14	10.00	14.14
-4.904048	10.00	25.07008	0.01298019	0.00	0.06611735	-14.14	10.00	14.14
-4.891077	10.00	25.13616	0.01297186	0.00	0.06607489	-14.14	10.00	14.14
-4.878122	10.00	25.20214	0.01295435	0.00	0.0659857	-14.14	10.00	14.14
-4.865151	10.00	25.26822	0.0129713	0.00	0.06607205	-14.14	10.00	14.14
-4.852196	10.00	25.33421	0.01295518	0.00	0.06598995	-14.14	10.00	14.14
-4.839124	10.00	25.40079	0.01307218	0.00	0.06658591	-14.14	10.00	14.14
-4.826095	10.00	25.46716	0.01302883	0.00	0.06636508	-14.14	10.00	14.14
-4.813269	10.00	25.53249	0.01282623	0.00	0.06533312	-14.14	10.00	14.14
-4.800279	10.00	25.59866	0.01298992	0.00	0.0661669	-14.14	10.00	14.14
-4.787159	10.00	25.66548	0.01311915	0.00	0.06682514	-14.14	10.00	14.14
-4.774323	10.00	25.73086	0.01283596	0.00	0.06538267	-14.14	10.00	14.14
-4.761336	10.00	25.79702	0.01298742	0.00	0.06615416	-14.14	10.00	14.14
-4.748001	10.00	25.86494	0.01333536	0.00	0.06792646	-14.14	10.00	14.14
-4.735436	10.00	25.92894	0.01256444	0.00	0.06399965	-14.14	10.00	14.14
-4.72246	10.00	25.99504	0.0129763	0.00	0.06609754	-14.14	10.00	14.14
-4.70942	10.00	26.06146	0.01303967	0.00	0.06642029	-14.14	10.00	14.14
-4.696458	10.00	26.12749	0.01296241	0.00	0.06602675	-14.14	10.00	14.14
-4.683474	10.00	26.19363	0.01298436	0.00	0.06613859	-14.14	10.00	14.14
-4.67054	10.00	26.2595	0.01293295	0.00	0.06587671	-14.14	10.00	14.14
-4.657521	10.00	26.32582	0.01301993	0.00	0.06631978	-14.14	10.00	14.14
-4.644539	10.00	26.39195	0.01298158	0.00	0.06612443	-14.14	10.00	14.14
-4.631448	10.00	26.45863	0.01309108	0.00	0.06668217	-14.14	10.00	14.14
-4.618415	10.00	26.52501	0.01303272	0.00	0.0663849	-14.14	10.00	14.14
-4.605355	10.00	26.59154	0.01305995	0.00	0.06652362	-14.14	10.00	14.14
-4.592528	10.00	26.65687	0.01282679	0.00	0.06533595	-14.14	10.00	14.14
-4.579463	10.00	26.72342	0.01306495	0.00	0.0665491	-14.14	10.00	14.14
-4.5665	10.00	26.78946	0.01296407	0.00	0.06603525	-14.14	10.00	14.14
-4.553657	10.00	26.85487	0.01284235	0.00	0.06541523	-14.14	10.00	14.14
-4.54067	10.00	26.92103	0.01298742	0.00	0.06615416	-14.14	10.00	14.14
-4.527673	10.00	26.98723	0.01299659	0.00	0.06620087	-14.14	10.00	14.14
-4.51328	10.00	27.06054	0.01439307	0.00	0.07331415	-14.14	10.00	14.14
-4.488537	10.00	27.18657	0.0247426	0.00	0.1260317	-14.14	10.00	14.14
-4.475598	10.00	27.25248	0.01293906	0.00	0.06590784	-14.14	10.00	14.14
-4.462526	10.00	27.31907	0.01307218	0.00	0.06658591	-14.14	10.00	14.14
-4.449883	10.00	27.38347	0.01264337	0.00	0.06440167	-14.14	10.00	14.14
-4.436972	10.00	27.44924	0.01291099	0.00	0.06576487	-14.14	10.00	14.14
-4.430391	10.00	27.49424	0.006580802	0.00	0.04500883	-14.14	10.00	14.14
-4.430391	10.00	27.5066	0	0.00	0.01235531	-14.14	10.00	14.14
-4.430391	10.00	27.5066	0	0.00	0	-14.14	10.00	14.14
-4.430391	10.00	27.5066	0	0.00	0	-14.14	10.00	14.14
-4.430391	10.00	27.5066	0	0.00	0	-14.14	10.00	14.14
-4.430391	10.00	27.5066	0	0.00	0	-14.14	10.00	14.14
-4.430391	10.00	27.5066	0	0.00	0	-14.14	10.00	14.14
-4.430391	10.00	27.5066	0	0.00	0	-14.14	10.00	14.14
-4.430391	10.00	27.5066	0	0.00	0	-14.14	10.00	14.14
-4.430391	10.00	27.5066	0	0.00	0	-14.14	10.00	14.14
-4.430391	10.00	27.5066	0	0.00	0	-14.14	10.00	14.14
-4.430391	10.00	27.5066	0	0.00	0	-14.14	10.00	14.14
-4.430391	10.00	27.5066	0	0.00	0	-14.14	10.00	14.14
-4.430391	10.00	27.5066	0	0.00	0	-14.14	10.00	14.14
-4.430391	10.00	27.5066	0	0.00	0	-14.14	10.00	14.14
-4.430391	10.00	27.512	0	0.00	0.005399	-14.14	10.00	14.14
-4.426426	10.00	27.53808	0.003965175	0.00	0.02608169	-14.14	10.00	14.14
-4.409499	10.00	27.5885	0.0169266	0.00	0.05042547	-14.14	10.00	14.14
-4.388157	10.00	27.64769	0.0213421	0.00	0.05918385	-14.14	10.00	14.14
-4.362815	10.00	27.6982	0.02534214	0.00	0.05051124	-14.14	10.00	14.14
-4.335907	10.00	27.74675	0.02690829	0.00	0.04854949	-14.14	10.00	14.14
-4.306766	10.00	27.79498	0.02914137	0.00	0.04822888	-14.14	10.00	14.14
-4.278886	10.00	27.84112	0.02787969	0.00	0.04614079	-14.14	10.00	14.14
-4.25078	10.00	27.88763	0.02810544	0.00	0.04651443	-14.14	10.00	14.14
-4.222507	10.00	27.93443	0.02827355	0.00	0.04679263	-14.14	10.00	14.14
-4.192913	10.00	27.9834	0.0295941	0.00	0.04897815	-14.14	10.00	14.14
-4.165834	10.00	28.02822	0.02707801	0.00	0.04481402	-14.14	10.00	14.14
-4.13758	10.00	28.07498	0.02825473	0.00	0.04676149	-14.14	10.00	14.14
-4.109274	10.00	28.12183	0.02830571	0.00	0.04684586	-14.14	10.00	14.14
-4.080807	10.00	28.16894	0.02846714	0.00	0.04711303	-14.14	10.00	14.14
-4.052592	10.00	28.21564	0.02821468	0.00	0.04669521	-14.14	10.00	14.14
-4.024173	10.00	28.26267	0.02841919	0.00	0.04703368	-14.14	10.00	14.14
-3.995897	10.00	28.30947	0.02827658	0.00	0.04679765	-14.14	10.00	14.14
-3.967432	10.00	28.35658	0.02846471	0.00	0.04710901	-14.14	10.00	14.14
-3.939204	10.00	28.40329	0.02822742	0.00	0.0467163	-14.14	10.00	14.14
-3.910923	10.00	28.4501	0.02828083	0.00	0.04680469	-14.14	10.00	14.14
-3.882547	10.00	28.49706	0.02837611	0.00	0.04696237	-14.14	10.00	14.14
-3.854049	10.00	28.54422	0.02849809	0.00	0.04716425	-14.14	10.00	14.14
-3.825491	10.00	28.59149	0.02855817	0.00	0.04726368	-14.14	10.00	14.14
-3.797555	10.00	28.63772	0.02793613	0.00	0.04623421	-14.14	10.00	14.14
-3.769222	10.00	28.68461	0.02833363	0.00	0.04689207	-14.14	10.00	14.14
-3.740121	10.00	28.73277	0.02910011	0.00	0.04816059	-14.14	10.00	14.14
-3.712596	10.00	28.77833	0.02752527	0.00	0.04555424	-14.14	10.00	14.14
-3.684308	10.00	28.82514	0.02828811	0.00	0.04681674	-14.14	10.00	14.14
-3.656023	10.00	28.87196	0.02828508	0.00	0.04681171	-14.14	10.00	14.14
-3.627309	10.00	28.91948	0.02871353	0.00	0.0475208	-14.14	10.00	14.14
-3.599326	10.00	28.96579	0.02798346	0.00	0.04631254	-14.14	10.00	14.14
-3.56998	10.00	29.01436	0.02934589	0.00	0.04856735	-14.14	10.00	14.14
-3.542477	10.00	29.05988	0.02750343	0.00	0.04551809	-14.14	10.00	14.14
-3.513924	10.00	29.10713	0.02855271	0.00	0.04725464	-14.14	10.00	14.14
-3.486033	10.00	29.15329	0.02789122	0.00	0.04615988	-14.14	10.00	14.14
-3.457444	10.00	29.2006	0.02858851	0.00	0.0473139	-14.14	10.00	14.14
-3.42918	10.00	29.24738	0.02826444	0.00	0.04677757	-14.14	10.00	14.14
-3.400879	10.00	29.29422	0.02830025	0.00	0.04683682	-14.14	10.00	14.14
23.26377
