-0.03090731	10.00	-49.93388	-0.03090731	0.00	0.06612018	28.28	10.00	-28.28
-0.1010342	10.00	-49.78386	-0.07012688	0.00	0.1500228	28.27794	10.00	-28.27782
-0.1197232	10.00	-49.74387	-0.01868903	0.00	0.03998156	28.27194	10.00	-28.27156
-0.1624266	10.00	-49.65252	-0.04270342	0.00	0.09135567	28.26073	10.00	-28.25989
-0.216191	10.00	-49.5375	-0.05376438	0.00	0.1150185	28.2515	10.00	-28.25036
-0.2474808	10.00	-49.47056	-0.03128977	0.00	0.06693839	28.24058	10.00	-28.23915
-0.2790511	10.00	-49.40302	-0.03157033	0.00	0.06753859	28.22877	10.00	-28.22709
-0.3087971	10.00	-49.33939	-0.02974603	0.00	0.06363585	28.21497	10.00	-28.21305
-0.3397766	10.00	-49.27311	-0.03097943	0.00	0.06627448	28.19918	10.00	-28.19702
-0.3715957	10.00	-49.20504	-0.03181913	0.00	0.06807085	28.18308	10.00	-28.18073
-0.4009884	10.00	-49.14216	-0.02939268	0.00	0.06287993	28.16465	10.00	-28.1621
-0.4319367	10.00	-49.07595	-0.03094833	0.00	0.06620795	28.1447	10.00	-28.14197
-0.4628301	10.00	-49.00986	-0.03089341	0.00	0.06609046	28.12321	10.00	-28.12033
-0.4936845	10.00	-48.94386	-0.03085437	0.00	0.06600694	28.10015	10.00	-28.09714
-0.5245818	10.00	-48.87776	-0.03089738	0.00	0.06609895	28.07453	10.00	-28.07139
-0.5567285	10.00	-48.80899	-0.03214667	0.00	0.06877156	28.04632	10.00	-28.04307
-0.589959	10.00	-48.7379	-0.03323053	0.00	0.07109027	28.02168	10.00	-28.01836
-0.6172409	10.00	-48.67953	-0.02728186	0.00	0.05836424	27.99221	10.00	-27.98883
-0.6483322	10.00	-48.61302	-0.03109126	0.00	0.06651372	27.96167	10.00	-27.95824
-0.6789351	10.00	-48.54755	-0.03060292	0.00	0.06546902	27.92909	10.00	-27.92564
-0.7100131	10.00	-48.48106	-0.03107803	0.00	0.0664854	27.8953	10.00	-27.89184
-0.7407742	10.00	-48.41526	-0.03076107	0.00	0.06580734	27.85973	10.00	-27.85627
-0.7721301	10.00	-48.34818	-0.03135594	0.00	0.06707995	27.82466	10.00	-27.82121
-0.8030367	10.00	-48.28334	-0.03090665	0.00	0.06483833	27.78973	10.00	-27.78628
-0.833819	10.00	-48.23343	-0.03078225	0.00	0.04991155	27.75446	10.00	-27.75101
-0.833819	10.00	-48.21522	0	0.00	0.01820959	27.71792	10.00	-27.71448
-0.833819	10.00	-48.21522	0	0.00	0	27.68388	10.00	-27.68043
-0.833819	10.00	-48.21522	0	0.00	0	27.64917	10.00	-27.64572
-0.833819	10.00	-48.21522	0	0.00	0	27.61284	10.00	-27.60941
-0.833819	10.00	-48.21522	0	0.00	0	27.57899	10.00	-27.57555
-0.833819	10.00	-48.21522	0	0.00	0	27.54393	10.00	-27.5405
-0.833819	10.00	-48.21522	0	0.00	0	27.50927	10.00	-27.50583
-0.833819	10.00	-48.21522	0	0.00	0	27.47418	10.00	-27.47076
-0.833819	10.00	-48.21522	0	0.00	0	27.43917	10.00	-27.43574
-0.833819	10.00	-48.21522	0	0.00	0	27.40289	10.00	-27.39948
-0.833819	10.00	-48.21522	0	0.00	0	27.36884	10.00	-27.36542
-0.833819	10.00	-48.21522	0	0.00	0	27.33381	10.00	-27.33039
-0.833819	10.00	-48.21522	0	0.00	0	27.29886	10.00	-27.29544
-0.833819	10.00	-48.21522	0	0.00	0	27.26375	10.00	-27.26034
-0.833819	10.00	-48.21522	0	0.00	0	27.22882	10.00	-27.22542
-0.833819	10.00	-48.21522	0	0.00	0	27.19363	10.00	-27.19023
-0.833819	10.00	-48.21522	0	0.00	0	27.15864	10.00	-27.15524
-0.833819	10.00	-48.21522	0	0.00	0	27.12378	10.00	-27.12038
-0.833819	10.00	-48.21522	0	0.00	0	27.08779	10.00	-27.0844
-0.833819	10.00	-48.21522	0	0.00	0	27.05322	10.00	-27.04983
-0.833819	10.00	-48.21522	0	0.00	0	27.01819	10.00	-27.0148
-0.833819	10.00	-48.21522	0	0.00	0	26.98342	10.00	-26.98003
-0.833819	10.00	-48.21522	0	0.00	0	26.94827	10.00	-26.94488
-0.833819	10.00	-48.21522	0	0.00	0	26.91303	10.00	-26.90965
-0.833819	10.00	-48.21522	0	0.00	0	26.87818	10.00	-26.8748
-0.833819	10.00	-48.21522	0	0.00	0	26.84326	10.00	-26.83988
-0.833819	10.00	-48.21522	0	0.00	0	26.80784	10.00	-26.80447
-0.833819	10.00	-48.21522	0	0.00	0	26.77314	10.00	-26.76977
-0.833819	10.00	-48.21522	0	0.00	0	26.738	10.00	-26.73463
-0.833819	10.00	-48.21522	0	0.00	0	26.70204	10.00	-26.69868
-0.833819	10.00	-48.21522	0	0.00	0	26.66792	10.00	-26.66455
-0.833819	10.00	-48.21522	0	0.00	0	26.63288	10.00	-26.62952
-0.833819	10.00	-48.21522	0	0.00	0	26.59779	10.00	-26.59443
-0.833819	10.00	-48.21312	0	0.00	0.002098249	26.56282	10.00	-26.55946
-0.833819	10.00	-48.20273	0	0.00	0.01038947	26.52772	10.00	-26.52437
-0.833819	10.00	-48.18718	0	0.00	0.01555633	26.49265	10.00	-26.48931
-0.833819	10.00	-48.16203	0	0.00	0.02514412	26.45743	10.00	-26.45408
-0.833819	10.00	-48.12198	0	0.00	0.04005155	26.42253	10.00	-26.41918
-0.833819	10.00	-48.07146	0	0.00	0.05051877	26.38725	10.00	-26.38391
-0.833819	10.00	-48.00881	0	0.00	0.06265078	26.35244	10.00	-26.3491
-0.833819	10.00	-47.94508	0	0.00	0.06372666	26.31728	10.00	-26.31394
-0.833819	10.00	-47.87879	0	0.00	0.06629147	26.28234	10.00	-26.27901
-0.833819	10.00	-47.81291	0	0.00	0.06587812	26.24735	10.00	-26.24402
-0.833819	10.00	-47.74693	0	0.00	0.06598429	26.21165	10.00	-26.20833
-0.833819	10.00	-47.67962	0	0.00	0.06730644	26.17722	10.00	-26.17389
-0.833819	10.00	-47.6147	0	0.00	0.06492119	26.14193	10.00	-26.1386
-0.833819	10.00	-47.54815	0	0.00	0.06654627	26.10683	10.00	-26.10352
-0.833819	10.00	-47.48199	0	0.00	0.0661669	26.07163	10.00	-26.06832
-0.833819	10.00	-47.41561	0	0.00	0.06637782	26.03686	10.00	-26.03355
-0.833819	10.00	-47.35004	0	0.00	0.06556811	26.00076	10.00	-25.99745
-0.833819	10.00	-47.28196	0	0.00	0.06807934	25.96675	10.00	-25.96344
-0.833819	10.00	-47.21785	0	0.00	0.06411148	25.92646	10.00	-25.92316
-0.833819	10.00	-47.14188	0	0.00	0.07596694	25.89563	10.00	-25.89233
-0.833819	10.00	-47.08375	0	0.00	0.0581335	25.86165	10.00	-25.85835
-0.833819	10.00	-47.01968	0	0.00	0.06406618	25.8264	10.00	-25.8231
-0.833819	10.00	-46.95321	0	0.00	0.06647408	25.79044	10.00	-25.78715
-0.833819	10.00	-46.88541	0	0.00	0.06779622	25.75638	10.00	-25.75308
-0.833819	10.00	-46.82117	0	0.00	0.06423888	25.72134	10.00	-25.71805
-0.833819	10.00	-46.75511	0	0.00	0.06606498	25.68643	10.00	-25.68314
-0.833819	10.00	-46.68929	0	0.00	0.06582291	25.65128	10.00	-25.648
-0.833819	10.00	-46.62302	0	0.00	0.06627165	25.61623	10.00	-25.61296
-0.833819	10.00	-46.55693	0	0.00	0.06608338	25.58124	10.00	-25.57796
-0.833819	10.00	-46.49095	0	0.00	0.06598004	25.54574	10.00	-25.54247
-0.833819	10.00	-46.42402	0	0.00	0.06693272	25.51089	10.00	-25.50762
-0.833819	10.00	-46.3583	0	0.00	0.06571533	25.47588	10.00	-25.47261
-0.833819	10.00	-46.2923	0	0.00	0.06600552	25.44122	10.00	-25.43796
-0.833819	10.00	-46.22694	0	0.00	0.06535719	25.40429	10.00	-25.40103
-0.833819	10.00	-46.1573	0	0.00	0.06963789	25.37056	10.00	-25.36731
-0.833819	10.00	-46.09372	0	0.00	0.06358913	25.33567	10.00	-25.33241
-0.833819	10.00	-46.02793	0	0.00	0.06578752	25.29931	10.00	-25.29606
-0.833819	10.00	-45.95938	0	0.00	0.06854931	25.26576	10.00	-25.26251
-0.833819	10.00	-45.89611	0	0.00	0.06327063	25.23012	10.00	-25.22687
-0.833819	10.00	-45.8289	0	0.00	0.06721018	25.19512	10.00	-25.19188
-0.833819	10.00	-45.76292	0	0.00	0.06597721	25.1608	10.00	-25.15756
-0.833819	10.00	-45.69819	0	0.00	0.06472725	25.12567	10.00	-25.12244
-0.833819	10.00	-45.63197	0	0.00	0.0662221	25.08963	10.00	-25.08639
-0.833819	10.00	-45.564	0	0.00	0.06796751	25.05557	10.00	-25.05234
-0.833819	10.00	-45.49978	0	0.00	0.06422048	25.02044	10.00	-25.01721
-0.833819	10.00	-45.43354	0	0.00	0.06623767	24.98484	10.00	-24.98162
-0.833819	10.00	-45.36641	0	0.00	0.06712949	24.95037	10.00	-24.94714
-0.833819	10.00	-45.30141	0	0.00	0.06499904	24.91509	10.00	-24.91187
-0.833819	10.00	-45.23489	0	0.00	0.0665222	24.87918	10.00	-24.87596
-0.833819	10.00	-45.16719	0	0.00	0.06770846	24.84517	10.00	-24.84195
-0.833819	10.00	-45.10306	0	0.00	0.06412563	24.81023	10.00	-24.80702
-0.833819	10.00	-45.03719	0	0.00	0.06587104	24.7747	10.00	-24.77149
-0.833819	10.00	-44.97019	0	0.00	0.06699643	24.74012	10.00	-24.73691
-0.833819	10.00	-44.90498	0	0.00	0.06521139	24.70509	10.00	-24.70189
-0.833819	10.00	-44.83893	0	0.00	0.0660494	24.66976	10.00	-24.66656
-0.833819	10.00	-44.77232	0	0.00	0.06661139	24.63494	10.00	-24.63173
-0.833819	10.00	-44.70666	0	0.00	0.06565729	24.59984	10.00	-24.59665
-0.833819	10.00	-44.64049	0	0.00	0.06617256	24.56475	10.00	-24.56155
-0.833819	10.00	-44.57431	0	0.00	0.06617539	24.52968	10.00	-24.52649
-0.833819	10.00	-44.50819	0	0.00	0.06612726	24.49461	10.00	-24.49142
-0.833819	10.00	-44.44207	0	0.00	0.06611452	24.45953	10.00	-24.45634
-0.833819	10.00	-44.37592	0	0.00	0.0661485	24.42466	10.00	-24.42147
-0.833819	10.00	-44.31018	0	0.00	0.06574789	24.38923	10.00	-24.38604
-0.833819	10.00	-44.24337	0	0.00	0.06681099	24.3545	10.00	-24.35131
-0.833819	10.00	-44.17788	0	0.00	0.06548884	24.31957	10.00	-24.3164
-0.833819	10.00	-44.11203	0	0.00	0.0658484	24.2845	10.00	-24.28133
-0.833819	10.00	-44.0459	0	0.00	0.06612726	24.24913	10.00	-24.24596
-0.833819	10.00	-43.97921	0	0.00	0.06669491	24.21395	10.00	-24.21077
-0.833819	10.00	-43.91286	0	0.00	0.06634526	24.17808	10.00	-24.17491
-0.833819	10.00	-43.84523	0	0.00	0.06762777	24.14416	10.00	-24.141
-0.833819	10.00	-43.78128	0	0.00	0.06395294	24.10905	10.00	-24.10588
-0.833819	10.00	-43.71507	0	0.00	0.06620653	24.07401	10.00	-24.07085
-0.833819	10.00	-43.649	0	0.00	0.06607347	24.03891	10.00	-24.03576
-0.833819	10.00	-43.58284	0	0.00	0.06616124	24.00393	10.00	-24.00078
-0.833819	10.00	-43.51686	0	0.00	0.06597296	23.96886	10.00	-23.96571
-0.833819	10.00	-43.45074	0	0.00	0.06612585	23.93387	10.00	-23.93073
-0.833819	10.00	-43.38477	0	0.00	0.06597155	23.89819	10.00	-23.89505
-0.833819	10.00	-43.3175	0	0.00	0.06727105	23.86354	10.00	-23.8604
-0.833819	10.00	-43.25216	0	0.00	0.06533595	23.82823	10.00	-23.82509
-0.833819	10.00	-43.18557	0	0.00	0.06658591	23.79357	10.00	-23.79043
-0.833819	10.00	-43.12022	0	0.00	0.06535719	23.75877	10.00	-23.75565
-0.833819	10.00	-43.05462	0	0.00	0.06560208	23.72354	10.00	-23.72042
-0.833819	10.00	-42.98818	0	0.00	0.06643303	23.68827	10.00	-23.68515
-0.833819	10.00	-42.92169	0	0.00	0.06649107	23.65341	10.00	-23.6503
-0.833819	10.00	-42.85596	0	0.00	0.06572807	23.61841	10.00	-23.61529
-0.833819	10.00	-42.78996	0	0.00	0.06600977	23.58313	10.00	-23.58002
-0.833819	10.00	-42.72344	0	0.00	0.06651089	23.54824	10.00	-23.54513
-0.833819	10.00	-42.65765	0	0.00	0.06579319	23.51302	10.00	-23.50991
-0.833819	10.00	-42.59125	0	0.00	0.06640188	23.47693	10.00	-23.47383
-0.833819	10.00	-42.5232	0	0.00	0.06805245	23.44316	10.00	-23.44006
-0.833819	10.00	-42.45953	0	0.00	0.06366841	23.40781	10.00	-23.40471
-0.833819	10.00	-42.39286	0	0.00	0.06666518	23.37196	10.00	-23.36886
-0.833819	10.00	-42.32527	0	0.00	0.0675938	23.33805	10.00	-23.33496
-0.833819	10.00	-42.26133	0	0.00	0.06393878	23.30284	10.00	-23.29975
-0.833819	10.00	-42.19493	0	0.00	0.06639339	23.26778	10.00	-23.26469
-0.833819	10.00	-42.12883	0	0.00	0.06610178	23.23274	10.00	-23.22966
-0.833819	10.00	-42.06276	0	0.00	0.06607205	23.19776	10.00	-23.19468
-0.833819	10.00	-41.99681	0	0.00	0.06595597	23.1627	10.00	-23.15962
-0.833819	10.00	-41.93071	0	0.00	0.06610037	23.12732	10.00	-23.12425
-0.833819	10.00	-41.864	0	0.00	0.06670623	23.09242	10.00	-23.08935
-0.833819	10.00	-41.79819	0	0.00	0.06581017	23.05738	10.00	-23.05431
-0.833819	10.00	-41.73211	0	0.00	0.0660763	23.02245	10.00	-23.01938
-0.833819	10.00	-41.66625	0	0.00	0.06586255	22.98731	10.00	-22.98424
-0.833819	10.00	-41.6	0	0.00	0.06625324	22.95247	10.00	-22.9494
-0.833819	10.00	-41.53429	0	0.00	0.06570542	22.91717	10.00	-22.9141
-0.833819	10.00	-41.46773	0	0.00	0.06655901	22.88222	10.00	-22.87916
-0.833819	10.00	-41.40184	0	0.00	0.06589227	22.84739	10.00	-22.84433
-0.833819	10.00	-41.33616	0	0.00	0.06567852	22.81214	10.00	-22.80909
-0.833819	10.00	-41.26971	0	0.00	0.06645709	22.77678	10.00	-22.77373
-0.833819	10.00	-41.20303	0	0.00	0.06667226	22.74214	10.00	-22.73909
-0.833819	10.00	-41.13771	0	0.00	0.06532321	22.70704	10.00	-22.704
-0.833819	10.00	-41.07153	0	0.00	0.06617964	22.67205	10.00	-22.66901
-0.833819	10.00	-41.00555	0	0.00	0.06597579	22.63698	10.00	-22.63394
-0.833819	10.00	-40.93943	0	0.00	0.0661216	22.60192	10.00	-22.59889
-0.833819	10.00	-40.87333	0	0.00	0.0661032	22.56579	10.00	-22.56275
-0.833819	10.00	-40.80519	0	0.00	0.06813738	22.53172	10.00	-22.52869
-0.833819	10.00	-40.74096	0	0.00	0.06422756	22.49625	10.00	-22.49322
-0.833819	10.00	-40.67408	0	0.00	0.06688459	22.4607	10.00	-22.45767
-0.833819	10.00	-40.60704	0	0.00	0.06703606	22.42646	10.00	-22.42344
-0.833819	10.00	-40.54249	0	0.00	0.06455597	22.39142	10.00	-22.38841
-0.833819	10.00	-40.47642	0	0.00	0.06606498	22.35657	10.00	-22.35355
-0.833819	10.00	-40.41071	0	0.00	0.06571674	22.32132	10.00	-22.31831
-0.833819	10.00	-40.34424	0	0.00	0.06646417	22.28625	10.00	-22.28324
-0.833819	10.00	-40.27811	0	0.00	0.06612868	22.25124	10.00	-22.24823
-0.833819	10.00	-40.21209	0	0.00	0.06602109	22.21648	10.00	-22.21347
-0.833819	10.00	-40.14656	0	0.00	0.06553131	22.18127	10.00	-22.17827
-0.833819	10.00	-40.08018	0	0.00	0.06638348	22.14632	10.00	-22.14331
-0.833819	10.00	-40.01426	0	0.00	0.06591351	22.11096	10.00	-22.10796
-0.833819	10.00	-39.94759	0	0.00	0.06667226	22.07589	10.00	-22.07289
-0.833819	10.00	-39.88147	0	0.00	0.06612443	22.04098	10.00	-22.03799
-0.833819	10.00	-39.81565	0	0.00	0.06581867	22.00602	10.00	-22.00303
-0.833819	10.00	-39.74973	0	0.00	0.06592342	21.97085	10.00	-21.96786
-0.833819	10.00	-39.68341	0	0.00	0.06631836	21.93539	10.00	-21.93241
-0.833819	10.00	-39.61655	0	0.00	0.06685628	21.90097	10.00	-21.898
-0.833819	10.00	-39.55166	0	0.00	0.06488722	21.86526	10.00	-21.86229
-0.833819	10.00	-39.48433	0	0.00	0.06733758	21.83063	10.00	-21.82766
-0.833819	10.00	-39.41903	0	0.00	0.06529631	21.79572	10.00	-21.79275
-0.833819	10.00	-39.35321	0	0.00	0.0658215	21.76063	10.00	-21.75767
-0.833819	10.00	-39.28704	0	0.00	0.06616407	21.72547	10.00	-21.72251
-0.833819	10.00	-39.22075	0	0.00	0.06629288	21.69047	10.00	-21.68751
-0.833819	10.00	-39.15476	0	0.00	0.06599278	21.65546	10.00	-21.6525
-0.833819	10.00	-39.08874	0	0.00	0.06602109	21.62047	10.00	-21.61752
-0.833819	10.00	-39.02276	0	0.00	0.06597721	21.58536	10.00	-21.58241
-0.833819	10.00	-38.95657	0	0.00	0.06619238	21.55037	10.00	-21.54743
-0.833819	10.00	-38.89059	0	0.00	0.06597438	21.51519	10.00	-21.51224
-0.833819	10.00	-38.82425	0	0.00	0.06634951	21.48013	10.00	-21.47718
-0.833819	10.00	-38.75814	0	0.00	0.0661032	21.44516	10.00	-21.44222
-0.833819	10.00	-38.6922	0	0.00	0.06593616	21.41013	10.00	-21.40719
-0.833819	10.00	-38.62616	0	0.00	0.0660494	21.37503	10.00	-21.3721
-0.833819	10.00	-38.55998	0	0.00	0.06617822	21.34006	10.00	-21.33713
-0.833819	10.00	-38.49404	0	0.00	0.06593757	21.30508	10.00	-21.30216
-0.833819	10.00	-38.42809	0	0.00	0.06594748	21.26846	10.00	-21.26554
-0.833819	10.00	-38.35904	0	0.00	0.06905467	21.23487	10.00	-21.23195
-0.833819	10.00	-38.29569	0	0.00	0.06334424	21.19978	10.00	-21.19686
-0.833819	10.00	-38.22953	0	0.00	0.06615982	21.16434	10.00	-21.16143
-0.833819	10.00	-38.16272	0	0.00	0.06681523	21.12971	10.00	-21.1268
-0.833819	10.00	-38.09742	0	0.00	0.0652949	21.09471	10.00	-21.0918
-0.833819	10.00	-38.03141	0	0.00	0.06600835	21.05854	10.00	-21.05563
-0.833819	10.00	-37.96322	0	0.00	0.06819542	21.0246	10.00	-21.0217
-0.833819	10.00	-37.89923	0	0.00	0.06399257	20.98937	10.00	-20.98647
-0.833819	10.00	-37.83279	0	0.00	0.06643586	20.95309	10.00	-20.9502
-0.833819	10.00	-37.76439	0	0.00	0.06840351	20.91952	10.00	-20.91663
-0.833819	10.00	-37.7011	0	0.00	0.06328337	20.88429	10.00	-20.8814
-0.833819	10.00	-37.63466	0	0.00	0.06644011	20.84848	10.00	-20.84559
-0.833819	10.00	-37.56715	0	0.00	0.06751877	20.81431	10.00	-20.81143
-0.833819	10.00	-37.50272	0	0.00	0.06442149	20.77925	10.00	-20.77637
-0.833819	10.00	-37.43661	0	0.00	0.06611594	20.72559	10.00	-20.72271
-0.833819	10.00	-37.33543	0	0.00	0.1011769	20.67404	10.00	-20.67117
-0.833819	10.00	-37.23823	0	0.00	0.09720059	20.63777	10.00	-20.6349
-0.833819	10.00	-37.16984	0	0.00	0.06838652	20.60328	10.00	-20.60041
-0.833819	10.00	-37.10481	0	0.00	0.06503302	20.56871	10.00	-20.56586
-0.833819	10.00	-37.03964	0	0.00	0.06517316	20.53382	10.00	-20.53096
-0.833819	10.00	-36.97384	0	0.00	0.06579885	20.49886	10.00	-20.496
-0.833819	10.00	-36.90791	0	0.00	0.06592342	20.46303	10.00	-20.46018
-0.833819	10.00	-36.84037	0	0.00	0.06754708	20.42802	10.00	-20.42517
-0.833819	10.00	-36.77435	0	0.00	0.06601968	20.39353	10.00	-20.39069
-0.833819	10.00	-36.70933	0	0.00	0.06502169	20.35792	10.00	-20.35508
-0.833819	10.00	-36.64218	0	0.00	0.06714648	20.32356	10.00	-20.32072
-0.833819	10.00	-36.57738	0	0.00	0.06479379	20.28785	10.00	-20.28501
-0.833819	10.00	-36.51005	0	0.00	0.06733475	20.25247	10.00	-20.24963
-0.833819	10.00	-36.44334	0	0.00	0.06671473	20.21772	10.00	-20.21489
-0.833819	10.00	-36.37782	0	0.00	0.06551573	20.18319	10.00	-20.18036
-0.833819	10.00	-36.31271	0	0.00	0.06511371	20.14778	10.00	-20.14495
-0.833819	10.00	-36.24594	0	0.00	0.06676852	20.11316	10.00	-20.11034
-0.833819	10.00	-36.18068	0	0.00	0.06526092	20.07813	10.00	-20.07531
-0.833819	10.00	-36.11461	0	0.00	0.06606922	20.0423	10.00	-20.03948
-0.833819	10.00	-36.04705	0	0.00	0.06755841	20.00819	10.00	-20.00538
-0.833819	10.00	-35.98275	0	0.00	0.064304	19.97289	10.00	-19.97008
-0.833819	10.00	-35.91618	0	0.00	0.06656326	19.93778	10.00	-19.93497
-0.833819	10.00	-35.84998	0	0.00	0.0662037	19.90282	10.00	-19.90002
-0.833819	10.00	-35.78407	0	0.00	0.06591209	19.86768	10.00	-19.86489
-0.833819	10.00	-35.71782	0	0.00	0.06625041	19.83263	10.00	-19.82983
-0.833819	10.00	-35.65172	0	0.00	0.06609754	19.79771	10.00	-19.79491
-0.833819	10.00	-35.58587	0	0.00	0.06585123	19.76264	10.00	-19.75985
-0.833819	10.00	-35.51974	0	0.00	0.06612302	19.7276	10.00	-19.72481
-0.833819	10.00	-35.45368	0	0.00	0.06606356	19.69274	10.00	-19.68995
-0.833819	10.00	-35.38794	0	0.00	0.06573656	19.65718	10.00	-19.6544
-0.833819	10.00	-35.3209	0	0.00	0.06704456	19.62249	10.00	-19.61971
-0.833819	10.00	-35.2555	0	0.00	0.0654039	19.58726	10.00	-19.58449
-0.833819	10.00	-35.18908	0	0.00	0.0664217	19.55227	10.00	-19.5495
-0.833819	10.00	-35.1231	0	0.00	0.06597296	19.51737	10.00	-19.5146
-0.833819	10.00	-35.05728	0	0.00	0.0658215	19.48231	10.00	-19.47954
-0.833819	10.00	-34.99118	0	0.00	0.06610178	19.44638	10.00	-19.44362
-0.833819	10.00	-34.92344	0	0.00	0.06774244	19.41217	10.00	-19.40941
-0.833819	10.00	-34.85892	0	0.00	0.06451067	19.37708	10.00	-19.37433
-0.833819	10.00	-34.79277	0	0.00	0.06615699	19.3412	10.00	-19.33845
-0.833819	10.00	-34.72511	0	0.00	0.0676575	19.30724	10.00	-19.30448
-0.833819	10.00	-34.66107	0	0.00	0.0640407	19.27211	10.00	-19.26937
-0.833819	10.00	-34.59485	0	0.00	0.0662221	19.23689	10.00	-19.23415
-0.833819	10.00	-34.52843	0	0.00	0.06641179	19.20201	10.00	-19.19927
-0.833819	10.00	-34.46266	0	0.00	0.06577337	19.16657	10.00	-19.16383
-0.833819	10.00	-34.39584	0	0.00	0.06682514	19.1318	10.00	-19.12906
-0.833819	10.00	-34.33027	0	0.00	0.06556387	19.09676	10.00	-19.09403
-0.833819	10.00	-34.26422	0	0.00	0.06605365	19.06168	10.00	-19.05895
-0.833819	10.00	-34.19807	0	0.00	0.0661485	19.02648	10.00	-19.02376
-0.833819	10.00	-34.13171	0	0.00	0.06636508	18.9915	10.00	-18.98877
-0.833819	10.00	-34.06573	0	0.00	0.06597155	18.9565	10.00	-18.95378
-0.833819	10.00	-33.99974	0	0.00	0.06598995	18.92149	10.00	-18.91877
-0.833819	10.00	-33.93373	0	0.00	0.06601826	18.8865	10.00	-18.88378
-0.833819	10.00	-33.86776	0	0.00	0.06597013	18.85141	10.00	-18.8487
-0.833819	10.00	-33.80159	0	0.00	0.06616407	18.81631	10.00	-18.8136
-0.833819	10.00	-33.73541	0	0.00	0.06617822	18.7814	10.00	-18.77869
-0.833819	10.00	-33.66959	0	0.00	0.06582999	18.74624	10.00	-18.74354
-0.833819	10.00	-33.60329	0	0.00	0.06629005	18.71112	10.00	-18.70842
-0.833819	10.00	-33.53708	0	0.00	0.06621502	18.67582	10.00	-18.67313
-0.833819	10.00	-33.47052	0	0.00	0.06655618	18.6407	10.00	-18.638
-0.833819	10.00	-33.40429	0	0.00	0.06623201	18.60617	10.00	-18.60348
-0.833819	10.00	-33.33918	0	0.00	0.06511088	18.57085	10.00	-18.56816
-0.833819	10.00	-33.27259	0	0.00	0.06658732	18.53541	10.00	-18.53272
-0.833819	10.00	-33.20575	0	0.00	0.06683929	18.50024	10.00	-18.49756
-0.833819	10.00	-33.13945	0	0.00	0.06629996	18.46531	10.00	-18.46263
-0.833819	10.00	-33.07359	0	0.00	0.06586397	18.43003	10.00	-18.42736
-0.833819	10.00	-33.00708	0	0.00	0.0665123	18.39516	10.00	-18.39249
-0.833819	10.00	-32.94132	0	0.00	0.06575921	18.36016	10.00	-18.35749
-0.833819	10.00	-32.87532	0	0.00	0.06599844	18.32506	10.00	-18.32239
-0.833819	10.00	-32.80914	0	0.00	0.0661853	18.28999	10.00	-18.28733
-0.833819	10.00	-32.74302	0	0.00	0.06611735	18.25495	10.00	-18.25229
-0.833819	10.00	-32.67695	0	0.00	0.06606356	18.22015	10.00	-18.21749
-0.833819	10.00	-32.61132	0	0.00	0.06563039	18.1851	10.00	-18.18245
-0.833819	10.00	-32.54524	0	0.00	0.06607913	18.14994	10.00	-18.14729
-0.833819	10.00	-32.47895	0	0.00	0.06629005	18.11454	10.00	-18.11189
-0.833819	10.00	-32.4122	0	0.00	0.06675436	18.07965	10.00	-18.07701
-0.833819	10.00	-32.34642	0	0.00	0.06578045	18.04356	10.00	-18.04092
-0.833819	10.00	-32.27837	0	0.00	0.06805386	18.0101	10.00	-18.00746
-0.833819	10.00	-32.21527	0	0.00	0.06308943	17.97544	10.00	-17.9728
-0.833819	10.00	-32.14992	0	0.00	0.0653586	17.93994	10.00	-17.9373
-0.833819	10.00	-32.08298	0	0.00	0.06693839	17.90546	10.00	-17.90282
-0.833819	10.00	-32.01796	0	0.00	0.06501462	17.87017	10.00	-17.86754
-0.833819	10.00	-31.95143	0	0.00	0.06653353	17.83443	10.00	-17.83181
-0.833819	10.00	-31.88404	0	0.00	0.06738571	17.80008	10.00	-17.79746
-0.833819	10.00	-31.81927	0	0.00	0.06476972	17.7652	10.00	-17.76258
-0.833819	10.00	-31.75351	0	0.00	0.06576771	17.72933	10.00	-17.72671
-0.833819	10.00	-31.68587	0	0.00	0.06763202	17.69521	10.00	-17.6926
-0.833819	10.00	-31.62154	0	0.00	0.06433514	17.65969	10.00	-17.65707
-0.833819	10.00	-31.55455	0	0.00	0.06698935	17.62439	10.00	-17.62178
-0.833819	10.00	-31.488	0	0.00	0.06655052	17.58944	10.00	-17.58683
-0.833819	10.00	-31.42209	0	0.00	0.06590926	17.55428	10.00	-17.55168
-0.833819	10.00	-31.35581	0	0.00	0.06628297	17.51841	10.00	-17.5158
-0.833819	10.00	-31.28816	0	0.00	0.06764334	17.48373	10.00	-17.48113
-0.833819	10.00	-31.22278	0	0.00	0.06538833	17.44924	10.00	-17.44664
-0.833819	10.00	-31.15775	0	0.00	0.06502594	17.41373	10.00	-17.41114
-0.833819	10.00	-31.0908	0	0.00	0.06695113	17.37913	10.00	-17.37654
-0.833819	10.00	-31.02555	0	0.00	0.06525385	17.34328	10.00	-17.3407
-0.833819	10.00	-30.95796	0	0.00	0.0675853	17.30862	10.00	-17.30604
-0.833819	10.00	-30.89261	0	0.00	0.06534869	17.27401	10.00	-17.27143
-0.833819	10.00	-30.82735	0	0.00	0.06526234	17.23903	10.00	-17.23645
-0.833819	10.00	-30.76139	0	0.00	0.06595881	17.20401	10.00	-17.20144
-0.833819	10.00	-30.69536	0	0.00	0.06602959	17.16878	10.00	-17.1662
-0.833819	10.00	-30.62892	0	0.00	0.06644294	17.13208	10.00	-17.12951
-0.833819	10.00	-30.55973	0	0.00	0.06919057	17.09878	10.00	-17.09621
-0.833819	10.00	-30.49693	0	0.00	0.06279641	17.06365	10.00	-17.06108
-0.833819	10.00	-30.43069	0	0.00	0.06623626	17.02821	10.00	-17.02564
-0.833819	10.00	-30.36387	0	0.00	0.06682373	16.9936	10.00	-16.99104
-0.833819	10.00	-30.29862	0	0.00	0.06525102	16.95855	10.00	-16.95599
-0.833819	10.00	-30.23252	0	0.00	0.06609895	16.92242	10.00	-16.91986
-0.833819	10.00	-30.16441	0	0.00	0.06811048	16.88829	10.00	-16.88574
-0.833819	10.00	-30.10006	0	0.00	0.06435496	16.85313	10.00	-16.85058
-0.833819	10.00	-30.03375	0	0.00	0.06630421	16.81673	10.00	-16.81418
-0.833819	10.00	-29.96512	0	0.00	0.06863	16.78303	10.00	-16.78048
-0.833819	10.00	-29.90157	0	0.00	0.06355091	16.74755	10.00	-16.74501
-0.833819	10.00	-29.83468	0	0.00	0.06688601	16.71317	10.00	-16.71064
-0.833819	10.00	-29.76987	0	0.00	0.06481927	16.67813	10.00	-16.6756
-0.833819	10.00	-29.70379	0	0.00	0.06607347	16.64304	10.00	-16.64051
-0.833819	10.00	-29.63762	0	0.00	0.06617256	16.60796	10.00	-16.60543
-0.833819	10.00	-29.57148	0	0.00	0.06614425	16.57289	10.00	-16.57037
-0.833819	10.00	-29.50536	0	0.00	0.06611877	16.53799	10.00	-16.53546
-0.833819	10.00	-29.43954	0	0.00	0.06581442	16.50281	10.00	-16.50029
-0.833819	10.00	-29.37321	0	0.00	0.06632686	16.46786	10.00	-16.46534
-0.833819	10.00	-29.3073	0	0.00	0.06591067	16.43263	10.00	-16.43012
-0.833819	10.00	-29.24089	0	0.00	0.06641321	16.39742	10.00	-16.39491
-0.833819	10.00	-29.1745	0	0.00	0.06639056	16.36259	10.00	-16.36008
-0.833819	10.00	-29.10882	0	0.00	0.06568135	16.3272	10.00	-16.3247
-0.833819	10.00	-29.0421	0	0.00	0.06671756	16.29239	10.00	-16.28988
-0.833819	10.00	-28.97645	0	0.00	0.06565446	16.25746	10.00	-16.25496
-0.833819	10.00	-28.91059	0	0.00	0.06585264	16.22149	10.00	-16.219
-0.833819	10.00	-28.84278	0	0.00	0.06781463	16.18735	10.00	-16.18485
-0.833819	10.00	-28.77839	0	0.00	0.06438468	16.15235	10.00	-16.14986
-0.833819	10.00	-28.71241	0	0.00	0.06598429	16.11576	10.00	-16.11327
-0.833819	10.00	-28.64342	0	0.00	0.06899098	16.0822	10.00	-16.07971
-0.833819	10.00	-28.58013	0	0.00	0.06328903	16.04736	10.00	-16.04488
-0.833819	10.00	-28.51445	0	0.00	0.06567852	16.01217	10.00	-16.00969
-0.833819	10.00	-28.44809	0	0.00	0.06635942	15.97702	10.00	-15.97454
-0.833819	10.00	-28.38182	0	0.00	0.06627589	15.94203	10.00	-15.93955
-0.833819	10.00	-28.31583	0	0.00	0.0659857	15.90657	10.00	-15.90409
-0.833819	10.00	-28.24897	0	0.00	0.06686053	15.87177	10.00	-15.8693
-0.833819	10.00	-28.18337	0	0.00	0.06560208	15.83702	10.00	-15.83455
-0.833819	10.00	-28.11784	0	0.00	0.06553131	15.80194	10.00	-15.79947
-0.833819	10.00	-28.05169	0	0.00	0.06614991	15.76681	10.00	-15.76435
-0.833819	10.00	-27.98545	0	0.00	0.0662405	15.73165	10.00	-15.72919
-0.833819	10.00	-27.91916	0	0.00	0.06628864	15.69663	10.00	-15.69418
-0.833819	10.00	-27.85313	0	0.00	0.06602817	15.66165	10.00	-15.6592
-0.833819	10.00	-27.78716	0	0.00	0.06596588	15.62592	10.00	-15.62347
-0.833819	10.00	-27.7198	0	0.00	0.06737014	15.59149	10.00	-15.58905
-0.833819	10.00	-27.65488	0	0.00	0.0649127	15.55548	10.00	-15.55303
-0.833819	10.00	-27.58697	0	0.00	0.06790806	15.52028	10.00	-15.51784
-0.833819	10.00	-27.52062	0	0.00	0.06635658	15.48576	10.00	-15.48332
-0.833819	10.00	-27.45552	0	0.00	0.06509389	15.4504	10.00	-15.44797
-0.833819	10.00	-27.38885	0	0.00	0.06667367	15.41557	10.00	-15.41315
-0.833819	10.00	-27.32319	0	0.00	0.06566153	15.38074	10.00	-15.37831
-0.833819	10.00	-27.2575	0	0.00	0.06568985	15.34593	10.00	-15.3435
-0.833819	10.00	-27.19186	0	0.00	0.06563747	15.31077	10.00	-15.30834
-0.833819	10.00	-27.12556	0	0.00	0.06629571	15.27559	10.00	-15.27317
-0.833819	10.00	-27.05924	0	0.00	0.06632544	15.24098	10.00	-15.23856
-0.833819	10.00	-26.99398	0	0.00	0.06526376	15.20486	10.00	-15.20244
-0.833819	10.00	-26.92587	0	0.00	0.06810623	15.17091	10.00	-15.1685
-0.833819	10.00	-26.86187	0	0.00	0.06400106	15.13581	10.00	-15.13341
-0.833819	10.00	-26.79568	0	0.00	0.06618389	15.10075	10.00	-15.09835
-0.833819	10.00	-26.72957	0	0.00	0.06611311	15.06578	10.00	-15.06337
-0.833819	10.00	-26.66363	0	0.00	0.06594323	15.02976	10.00	-15.02736
-0.833819	10.00	-26.59571	0	0.00	0.06791797	14.99521	10.00	-14.99281
-0.833819	10.00	-26.53057	0	0.00	0.06513777	14.96058	10.00	-14.95818
-0.833819	10.00	-26.46527	0	0.00	0.06530481	14.92485	10.00	-14.92246
-0.833819	10.00	-26.3979	0	0.00	0.06736448	14.89044	10.00	-14.88805
-0.833819	10.00	-26.33302	0	0.00	0.06487731	14.85491	10.00	-14.85253
-0.833819	10.00	-26.26603	0	0.00	0.06699218	14.82004	10.00	-14.81766
-0.833819	10.00	-26.20028	0	0.00	0.06575496	14.78456	10.00	-14.78219
-0.833819	10.00	-26.13339	0	0.00	0.06688742	14.74989	10.00	-14.74752
-0.833819	10.00	-26.06802	0	0.00	0.06537559	14.71467	10.00	-14.7123
-0.833819	10.00	-26.00161	0	0.00	0.0664033	14.68025	10.00	-14.67788
-0.833819	10.00	-25.9367	0	0.00	0.06491128	14.64511	10.00	-14.64275
-0.833819	10.00	-25.87045	0	0.00	0.06624758	14.6097	10.00	-14.60733
-0.833819	10.00	-25.80367	0	0.00	0.06678126	14.57508	10.00	-14.57271
-0.833819	10.00	-25.73839	0	0.00	0.06528074	14.53989	10.00	-14.53753
-0.833819	10.00	-25.67204	0	0.00	0.06635234	14.50382	10.00	-14.50146
-0.833819	10.00	-25.60403	0	0.00	0.06800715	14.46986	10.00	-14.46751
-0.833819	10.00	-25.54001	0	0.00	0.06402513	14.43489	10.00	-14.43254
-0.833819	10.00	-25.47407	0	0.00	0.0659404	14.39892	10.00	-14.39657
-0.833819	10.00	-25.40624	0	0.00	0.0678302	14.36466	10.00	-14.36231
-0.833819	10.00	-25.34163	0	0.00	0.06460127	14.3297	10.00	-14.32736
-0.833819	10.00	-25.27572	0	0.00	0.06591492	14.29445	10.00	-14.29211
-0.833819	10.00	-25.20926	0	0.00	0.06645992	14.25955	10.00	-14.25721
-0.833819	10.00	-25.14345	0	0.00	0.06580593	14.22443	10.00	-14.2221
-0.833819	10.00	-25.07724	0	0.00	0.06621078	14.18929	10.00	-14.18696
-0.833819	10.00	-25.01097	0	0.00	0.06627448	14.15439	10.00	-14.15206
-0.833819	10.00	-24.94518	0	0.00	0.0657946	14.11945	10.00	-14.11712
-0.833819	10.00	-24.87929	0	0.00	0.06588662	14.08371	10.00	-14.08139
-0.833819	10.00	-24.81191	0	0.00	0.06738005	14.04871	10.00	-14.04639
-0.833819	10.00	-24.74591	0	0.00	0.06599986	14.01397	10.00	-14.01165
-0.833819	10.00	-24.6804	0	0.00	0.06550299	13.97899	10.00	-13.97668
-0.833819	10.00	-24.61445	0	0.00	0.06595173	13.94407	10.00	-13.94176
-0.833819	10.00	-24.5486	0	0.00	0.06585123	13.90895	10.00	-13.90664
-0.833819	10.00	-24.48238	0	0.00	0.06622635	13.87402	10.00	-13.87172
-0.833819	10.00	-24.41652	0	0.00	0.06584981	13.83891	10.00	-13.83661
-0.833819	10.00	-24.35032	0	0.00	0.06620653	13.80367	10.00	-13.80137
-0.833819	10.00	-24.28388	0	0.00	0.06644011	13.76892	10.00	-13.76662
-0.833819	10.00	-24.21835	0	0.00	0.06553131	13.73373	10.00	-13.73144
-0.833819	10.00	-24.15201	0	0.00	0.06634243	13.69862	10.00	-13.69632
-0.833819	10.00	-24.08579	0	0.00	0.06621785	13.66365	10.00	-13.66136
-0.833819	10.00	-24.01986	0	0.00	0.06592766	13.62863	10.00	-13.62634
-0.833819	10.00	-23.95382	0	0.00	0.06604091	13.5935	10.00	-13.59122
-0.833819	10.00	-23.88759	0	0.00	0.06622918	13.55845	10.00	-13.55617
-0.833819	10.00	-23.82151	0	0.00	0.06608055	13.52336	10.00	-13.52109
-0.833819	10.00	-23.75534	0	0.00	0.06616832	13.4881	10.00	-13.48583
-0.833819	10.00	-23.68885	0	0.00	0.06648965	13.45331	10.00	-13.45104
-0.833819	10.00	-23.62326	0	0.00	0.065595	13.41823	10.00	-13.41596
-0.833819	10.00	-23.55711	0	0.00	0.06614567	13.38326	10.00	-13.381
-0.833819	10.00	-23.49117	0	0.00	0.06593616	13.34811	10.00	-13.34585
-0.833819	10.00	-23.42489	0	0.00	0.06628014	13.31294	10.00	-13.31068
-0.833819	10.00	-23.35859	0	0.00	0.06630845	13.27756	10.00	-13.2753
-0.833819	10.00	-23.29187	0	0.00	0.06671614	13.24254	10.00	-13.24029
-0.833819	10.00	-23.22584	0	0.00	0.066031	13.20753	10.00	-13.20529
-0.833819	10.00	-23.15984	0	0.00	0.06600269	13.17239	10.00	-13.17015
-0.833819	10.00	-23.09357	0	0.00	0.06626174	13.13729	10.00	-13.13505
-0.833819	10.00	-23.02739	0	0.00	0.06618813	13.10213	10.00	-13.09989
-0.833819	10.00	-22.96109	0	0.00	0.06629571	13.06733	10.00	-13.06509
-0.833819	10.00	-22.89547	0	0.00	0.06561765	13.03223	10.00	-13.02999
-0.833819	10.00	-22.82929	0	0.00	0.06617964	12.99705	10.00	-12.99482
-0.833819	10.00	-22.76295	0	0.00	0.06633818	12.96216	10.00	-12.95993
-0.833819	10.00	-22.69718	0	0.00	0.06577903	12.9273	10.00	-12.92507
-0.833819	10.00	-22.63144	0	0.00	0.06573515	12.8924	10.00	-12.89018
-0.833819	10.00	-22.56564	0	0.00	0.06580168	12.85746	10.00	-12.85524
-0.833819	10.00	-22.49975	0	0.00	0.06588802	12.82226	10.00	-12.82004
-0.833819	10.00	-22.43338	0	0.00	0.06637216	12.78648	10.00	-12.78427
-0.833819	10.00	-22.36593	0	0.00	0.067448	12.75203	10.00	-12.74982
-0.833819	10.00	-22.30097	0	0.00	0.06495941	12.71713	10.00	-12.71492
-0.833819	10.00	-22.23707	0	0.00	0.0639026	12.68211	10.00	-12.67991
-0.833819	10.00	-22.18703	0	0.00	0.05004137	12.64722	10.00	-12.64502
-0.833819	10.00	-22.14226	0	0.00	0.04476513	12.61198	10.00	-12.60978
-0.833819	10.00	-22.10991	0	0.00	0.03234765	12.57688	10.00	-12.57468
-0.833819	10.00	-22.08346	0	0.00	0.02645113	12.542	10.00	-12.53981
-0.833819	10.00	-22.0661	0	0.00	0.01736892	12.50696	10.00	-12.50477
-0.833819	10.00	-22.0576	0	0.00	0.008492741	12.47199	10.00	-12.4698
-0.833819	10.00	-22.0576	0	0.00	0	12.43687	10.00	-12.43468
-0.833819	10.00	-22.0576	0	0.00	0	12.40172	10.00	-12.39954
-0.833819	10.00	-22.0576	0	0.00	0	12.36678	10.00	-12.3646
-0.833819	10.00	-22.0576	0	0.00	0	12.33171	10.00	-12.32953
-0.833819	10.00	-22.0576	0	0.00	0	12.29637	10.00	-12.29419
-0.833819	10.00	-22.0576	0	0.00	0	12.26164	10.00	-12.25947
-0.833819	10.00	-22.0576	0	0.00	0	12.22643	10.00	-12.22427
-0.833819	10.00	-22.0576	0	0.00	0	12.19149	10.00	-12.18932
-0.833819	10.00	-22.0576	0	0.00	0	12.15655	10.00	-12.15438
-0.833819	10.00	-22.0576	0	0.00	0	12.1213	10.00	-12.11914
-0.833819	10.00	-22.0576	0	0.00	0	12.08595	10.00	-12.08379
-0.833819	10.00	-22.0576	0	0.00	0	12.05115	10.00	-12.049
-0.833819	10.00	-22.0576	0	0.00	0	12.01625	10.00	-12.0141
-0.833819	10.00	-22.0576	0	0.00	0	11.98012	10.00	-11.97797
-0.833819	10.00	-22.0576	0	0.00	0	11.94617	10.00	-11.94403
-0.833819	10.00	-22.0576	0	0.00	0	11.91112	10.00	-11.90898
-0.833819	10.00	-22.0576	0	0.00	0	11.87567	10.00	-11.87353
-0.833819	10.00	-22.0576	0	0.00	0	11.84023	10.00	-11.8381
-0.833819	10.00	-22.0576	0	0.00	0	11.80546	10.00	-11.80332
-0.833819	10.00	-22.0576	0	0.00	0	11.77079	10.00	-11.76866
-0.833819	10.00	-22.0576	0	0.00	0	11.7358	10.00	-11.73368
-0.833819	10.00	-22.0576	0	0.00	0	11.70055	10.00	-11.69842
-0.833819	10.00	-22.04841	0	0.00	0.009188651	11.66576	10.00	-11.66364
-0.833819	10.00	-22.03363	0	0.00	0.01478373	11.63053	10.00	-11.62841
-0.833819	10.00	-22.00644	0	0.00	0.02719164	11.59545	10.00	-11.59334
-0.833819	10.00	-21.96592	0	0.00	0.04051602	11.56051	10.00	-11.5584
-0.833819	10.00	-21.91344	0	0.00	0.05248355	11.52539	10.00	-11.52328
-0.833819	10.00	-21.85426	0	0.00	0.05917626	11.49014	10.00	-11.48804
-0.833819	10.00	-21.78909	0	0.00	0.06516732	11.45541	10.00	-11.45331
-0.833819	10.00	-21.72361	0	0.00	0.06548601	11.42023	10.00	-11.41812
-0.833819	10.00	-21.65726	0	0.00	0.06635234	11.38524	10.00	-11.38314
-0.833819	10.00	-21.59129	0	0.00	0.0659673	11.34976	10.00	-11.34766
-0.833819	10.00	-21.52439	0	0.00	0.066903	11.31467	10.00	-11.31258
-0.833819	10.00	-21.45823	0	0.00	0.06615699	11.27961	10.00	-11.27752
-0.833819	10.00	-21.39212	0	0.00	0.06610744	11.24478	10.00	-11.24269
-0.833819	10.00	-21.32644	0	0.00	0.06568135	11.20989	10.00	-11.20781
-0.833819	10.00	-21.26066	0	0.00	0.0657762	11.17419	10.00	-11.17211
-0.833819	10.00	-21.19334	0	0.00	0.06732342	11.1399	10.00	-11.13783
-0.833819	10.00	-21.1287	0	0.00	0.0646409	11.10497	10.00	-11.1029
-0.833819	10.00	-21.06284	0	0.00	0.06585972	11.06977	10.00	-11.06769
-0.833819	10.00	-20.99645	0	0.00	0.06639056	11.03482	10.00	-11.03275
-0.833819	10.00	-20.93056	0	0.00	0.0658951	10.99963	10.00	-10.99756
-0.833819	10.00	-20.8642	0	0.00	0.06635234	10.96477	10.00	-10.96271
-0.833819	10.00	-20.79848	0	0.00	0.06571957	10.92965	10.00	-10.92759
-0.833819	10.00	-20.73226	0	0.00	0.06622069	10.89437	10.00	-10.89231
-0.833819	10.00	-20.66574	0	0.00	0.0665222	10.85949	10.00	-10.85743
-0.833819	10.00	-20.59996	0	0.00	0.06578186	10.82443	10.00	-10.82238
-0.833819	10.00	-20.53386	0	0.00	0.06609329	10.78941	10.00	-10.78736
-0.833819	10.00	-20.46783	0	0.00	0.066031	10.75367	10.00	-10.75163
-0.833819	10.00	-20.40045	0	0.00	0.06738713	10.7188	10.00	-10.71676
-0.833819	10.00	-20.33469	0	0.00	0.06575496	10.68361	10.00	-10.68157
-0.833819	10.00	-20.26835	0	0.00	0.06634243	10.64865	10.00	-10.64661
-0.833819	10.00	-20.20242	0	0.00	0.06593332	10.61372	10.00	-10.61168
-0.833819	10.00	-20.13656	0	0.00	0.0658583	10.57846	10.00	-10.57643
-0.833819	10.00	-20.07007	0	0.00	0.06648257	10.54351	10.00	-10.54148
-0.833819	10.00	-20.00418	0	0.00	0.0658951	10.50846	10.00	-10.50643
-0.833819	10.00	-19.93808	0	0.00	0.06609895	10.47331	10.00	-10.47129
-0.833819	10.00	-19.87181	0	0.00	0.06627165	10.43838	10.00	-10.43636
-0.833819	10.00	-19.80594	0	0.00	0.06586821	10.40337	10.00	-10.40135
-0.833819	10.00	-19.73993	0	0.00	0.06600977	10.36825	10.00	-10.36623
-0.833819	10.00	-19.6737	0	0.00	0.06622776	10.33359	10.00	-10.33158
-0.833819	10.00	-19.60837	0	0.00	0.06533312	10.29868	10.00	-10.29668
-0.833819	10.00	-19.54255	0	0.00	0.06582433	10.26321	10.00	-10.2612
-0.833819	10.00	-19.47565	0	0.00	0.06689167	10.22881	10.00	-10.22681
-0.833819	10.00	-19.41079	0	0.00	0.06486174	10.19333	10.00	-10.19133
-0.833819	10.00	-19.3439	0	0.00	0.06689592	10.15814	10.00	-10.15614
-0.833819	10.00	-19.27753	0	0.00	0.06636225	10.12346	10.00	-10.12147
-0.833819	10.00	-19.21215	0	0.00	0.06537984	10.08792	10.00	-10.08593
-0.833819	10.00	-19.14514	0	0.00	0.067012	10.05329	10.00	-10.0513
-0.833819	10.00	-19.07985	0	0.00	0.06529207	10.01832	10.00	-10.01634
-0.833819	10.00	-19.01583	0	0.00	0.0640208	9.983105	10.00	-9.98112
-0.833819	10.00	-18.96614	0	0.00	0.04968911	9.948086	10.00	-9.946106
-0.833819	10.00	-18.93911	0	0.00	0.02702824	9.913242	10.00	-9.911264
-0.833819	10.00	-18.9224	0	0.00	0.01671555	9.878025	10.00	-9.876049
-0.833819	10.00	-18.9224	0	0.00	0	9.842963	10.00	-9.84099
-0.833819	10.00	-18.9224	0	0.00	0	9.807985	10.00	-9.806017
-0.833819	10.00	-18.9224	0	0.00	0	9.772989	10.00	-9.771025
-0.833819	10.00	-18.9224	0	0.00	0	9.737604	10.00	-9.735641
-0.833819	10.00	-18.9224	0	0.00	0	9.702844	10.00	-9.700883
-0.833819	10.00	-18.9224	0	0.00	0	9.667307	10.00	-9.665349
-0.833819	10.00	-18.9224	0	0.00	0	9.631998	10.00	-9.630045
-0.833819	10.00	-18.9224	0	0.00	0	9.59705	10.00	-9.595098
-0.833819	10.00	-18.9224	0	0.00	0	9.562099	10.00	-9.560151
-0.833819	10.00	-18.9224	0	0.00	0	9.527414	10.00	-9.525469
-0.833819	10.00	-18.9224	0	0.00	0	9.492532	10.00	-9.490589
-0.833819	10.00	-18.9224	0	0.00	0	9.456635	10.00	-9.454695
-0.833819	10.00	-18.9224	0	0.00	0	9.42245	10.00	-9.420514
-0.833819	10.00	-18.9224	0	0.00	0	9.38729	10.00	-9.385357
-0.833819	10.00	-18.9224	0	0.00	0	9.352414	10.00	-9.350484
-0.833819	10.00	-18.9224	0	0.00	0	9.317366	10.00	-9.315439
-0.833819	10.00	-18.9224	0	0.00	0	9.282083	10.00	-9.280158
-0.833819	10.00	-18.91964	0	0.00	0.002753877	9.247221	10.00	-9.245298
-0.833819	10.00	-18.91183	0	0.00	0.007813111	9.212081	10.00	-9.21016
-0.833819	10.00	-18.89241	0	0.00	0.01942375	9.176701	10.00	-9.174785
-0.833819	10.00	-18.86768	0	0.00	0.02472321	9.142186	10.00	-9.140273
-0.833819	10.00	-18.82907	0	0.00	0.03861135	9.106765	10.00	-9.104856
-0.833819	10.00	-18.77134	0	0.00	0.05773449	9.071876	10.00	-9.069968
-0.833819	10.00	-18.71001	0	0.00	0.06132579	9.036658	10.00	-9.034755
-0.833819	10.00	-18.64425	0	0.00	0.06576172	9.001461	10.00	-8.999559
-0.833819	10.00	-18.57788	0	0.00	0.06636649	8.96612	10.00	-8.96422
-0.833819	10.00	-18.51124	0	0.00	0.06663828	8.931692	10.00	-8.929795
-0.833819	10.00	-18.44633	0	0.00	0.06491411	8.896684	10.00	-8.89479
-0.833819	10.00	-18.38032	0	0.00	0.06600977	8.861094	10.00	-8.859205
-0.833819	10.00	-18.31322	0	0.00	0.06710401	8.826682	10.00	-8.824794
-0.833819	10.00	-18.24833	0	0.00	0.06488722	8.791651	10.00	-8.789765
-0.833819	10.00	-18.18228	0	0.00	0.06605365	8.75548	10.00	-8.753597
-0.833819	10.00	-18.11407	0	0.00	0.0682025	8.721394	10.00	-8.719514
-0.833819	10.00	-18.0498	0	0.00	0.06427144	8.686357	10.00	-8.684481
-0.833819	10.00	-17.98374	0	0.00	0.06606073	8.651247	10.00	-8.649374
-0.833819	10.00	-17.91754	0	0.00	0.06620087	8.616405	10.00	-8.614536
-0.833819	10.00	-17.85184	0	0.00	0.06569551	8.581232	10.00	-8.579365
-0.833819	10.00	-17.78552	0	0.00	0.06632119	8.546005	10.00	-8.544141
-0.833819	10.00	-17.7191	0	0.00	0.06642312	8.511113	10.00	-8.509253
-0.833819	10.00	-17.65331	0	0.00	0.06578752	8.475965	10.00	-8.474107
-0.833819	10.00	-17.58704	0	0.00	0.06627448	8.440943	10.00	-8.439087
-0.833819	10.00	-17.521	0	0.00	0.06603666	8.40601	10.00	-8.404158
-0.833819	10.00	-17.45513	0	0.00	0.06586821	8.37072	10.00	-8.368871
-0.833819	10.00	-17.38859	0	0.00	0.06653919	8.335769	10.00	-8.333922
-0.833819	10.00	-17.32269	0	0.00	0.06590218	8.300794	10.00	-8.298949
-0.833819	10.00	-17.25674	0	0.00	0.06594748	8.264193	10.00	-8.262351
-0.833819	10.00	-17.18773	0	0.00	0.06901363	8.230599	10.00	-8.22876
-0.833819	10.00	-17.12439	0	0.00	0.06334141	8.194967	10.00	-8.193132
-0.833819	10.00	-17.05721	0	0.00	0.06718469	8.160169	10.00	-8.158337
-0.833819	10.00	-16.99159	0	0.00	0.06561482	8.125006	10.00	-8.123177
-0.833819	10.00	-16.92529	0	0.00	0.06629996	8.089997	10.00	-8.08817
-0.833819	10.00	-16.85928	0	0.00	0.0660126	8.054158	10.00	-8.052336
-0.833819	10.00	-16.7917	0	0.00	0.06757398	8.020018	10.00	-8.018196
-0.833819	10.00	-16.72733	0	0.00	0.06437477	7.985098	10.00	-7.98328
-0.833819	10.00	-16.66149	0	0.00	0.06584132	7.949709	10.00	-7.947894
-0.833819	10.00	-16.59476	0	0.00	0.06672747	7.914831	10.00	-7.913019
-0.833819	10.00	-16.529	0	0.00	0.06576346	7.879628	10.00	-7.877819
-0.833819	10.00	-16.46262	0	0.00	0.0663764	7.844366	10.00	-7.84256
-0.833819	10.00	-16.39613	0	0.00	0.06648824	7.80936	10.00	-7.807557
-0.833819	10.00	-16.33013	0	0.00	0.0660041	7.774801	10.00	-7.773001
-0.833819	10.00	-16.26497	0	0.00	0.06516325	7.738929	10.00	-7.737132
-0.833819	10.00	-16.19732	0	0.00	0.0676391	7.704679	10.00	-7.702885
-0.833819	10.00	-16.13275	0	0.00	0.06457862	7.669816	10.00	-7.668024
-0.833819	10.00	-16.06701	0	0.00	0.06573656	7.634651	10.00	-7.632862
-0.833819	10.00	-16.00071	0	0.00	0.06630421	7.599553	10.00	-7.597767
-0.833819	10.00	-15.93453	0	0.00	0.06617964	7.564587	10.00	-7.562803
-0.833819	10.00	-15.8686	0	0.00	0.06593049	7.529719	10.00	-7.527939
-0.833819	10.00	-15.80285	0	0.00	0.06574364	7.494452	10.00	-7.492674
-0.833819	10.00	-15.73635	0	0.00	0.06649815	7.459513	10.00	-7.457738
-0.833819	10.00	-15.67048	0	0.00	0.06587954	7.423859	10.00	-7.422087
-0.833819	10.00	-15.60325	0	0.00	0.06722716	7.388844	10.00	-7.387074
-0.833819	10.00	-15.53722	0	0.00	0.06602251	7.352893	10.00	-7.351127
-0.833819	10.00	-15.46944	0	0.00	0.06778631	7.319333	10.00	-7.317569
-0.833819	10.00	-15.40616	0	0.00	0.06327771	7.284189	10.00	-7.282429
-0.833819	10.00	-15.3399	0	0.00	0.06626457	7.248945	10.00	-7.247188
-0.833819	10.00	-15.27344	0	0.00	0.06645426	7.214229	10.00	-7.212475
-0.833819	10.00	-15.20798	0	0.00	0.06545769	7.179101	10.00	-7.17735
-0.833819	10.00	-15.14175	0	0.00	0.06623626	7.143804	10.00	-7.142056
-0.833819	10.00	-15.0752	0	0.00	0.06655335	7.108757	10.00	-7.107011
-0.833819	10.00	-15.00911	0	0.00	0.06608338	7.071937	10.00	-7.070194
-0.833819	10.00	-14.93968	0	0.00	0.06942697	7.038511	10.00	-7.036771
-0.833819	10.00	-14.87666	0	0.00	0.06302574	7.003799	10.00	-7.002063
-0.8336447	10.00	-14.81121	0.0001742782	0.00	0.0654492	6.96875	10.00	-6.967016
-0.8302692	10.00	-14.74512	0.0033755	0.00	0.06608621	6.933599	10.00	-6.931868
-0.8230333	10.00	-14.67884	0.00723595	0.00	0.06627873	6.898875	10.00	-6.897148
-0.8139834	10.00	-14.61337	0.009049924	0.00	0.06547327	6.863472	10.00	-6.861747
-0.8015245	10.00	-14.54662	0.01245888	0.00	0.06675436	6.82829	10.00	-6.826568
-0.7872165	10.00	-14.48028	0.01430793	0.00	0.06633677	6.793595	10.00	-6.791875
-0.772473	10.00	-14.41486	0.01474353	0.00	0.06541947	6.758054	10.00	-6.756337
-0.7528281	10.00	-14.34785	0.01964494	0.00	0.06701341	6.723432	10.00	-6.721717
-0.7330586	10.00	-14.28257	0.01976954	0.00	0.06528216	6.688396	10.00	-6.686684
-0.7117735	10.00	-14.2165	0.02128509	0.00	0.06606214	6.653181	10.00	-6.651473
-0.6910228	10.00	-14.1501	0.02075071	0.00	0.06639905	6.618182	10.00	-6.616476
-0.671038	10.00	-14.08411	0.01998474	0.00	0.06599278	6.583241	10.00	-6.581538
-0.6517251	10.00	-14.01823	0.01931296	0.00	0.06588095	6.547088	10.00	-6.545388
-0.631741	10.00	-13.95204	0.01998397	0.00	0.06618969	6.51313	10.00	-6.511432
-0.6117305	10.00	-13.89359	0.02001059	0.00	0.05845076	6.478099	10.00	-6.476404
-0.5898095	10.00	-13.83457	0.02192101	0.00	0.05901564	6.442692	10.00	-6.441001
-0.5670062	10.00	-13.77686	0.02280329	0.00	0.05771123	6.408071	10.00	-6.406382
-0.544077	10.00	-13.72233	0.02292915	0.00	0.05453376	6.372867	10.00	-6.371181
-0.5188339	10.00	-13.67266	0.02524317	0.00	0.04966687	6.336912	10.00	-6.335229
-0.4910825	10.00	-13.6239	0.0277514	0.00	0.04875778	6.30289	10.00	-6.30121
-0.464202	10.00	-13.57839	0.02688045	0.00	0.04551508	6.267596	10.00	-6.265918
-0.4356724	10.00	-13.53375	0.02852964	0.00	0.04463898	6.231822	10.00	-6.230146
-0.4061006	10.00	-13.49177	0.02957181	0.00	0.04198185	6.197574	10.00	-6.195902
-0.377791	10.00	-13.4522	0.02830955	0.00	0.03956459	6.162526	10.00	-6.160857
-0.3488199	10.00	-13.41171	0.02897109	0.00	0.04048914	6.126699	10.00	-6.125033
-0.3192059	10.00	-13.37033	0.02961401	0.00	0.04138766	6.09272	10.00	-6.091056
-0.2911179	10.00	-13.33107	0.02808801	0.00	0.03925496	6.05763	10.00	-6.055969
-0.2621121	10.00	-13.29053	0.02900584	0.00	0.04053771	6.02235	10.00	-6.020693
-0.2329498	10.00	-13.24978	0.02916223	0.00	0.04075626	5.987335	10.00	-5.98568
-0.204006	10.00	-13.20933	0.02894378	0.00	0.04045098	5.951978	10.00	-5.950325
-0.1747793	10.00	-13.16977	0.02922677	0.00	0.03955539	5.917388	10.00	-5.915739
-0.1461874	10.00	-13.13171	0.02859192	0.00	0.03806467	5.882192	10.00	-5.880546
-0.117094	10.00	-13.09426	0.02909334	0.00	0.03744704	5.847021	10.00	-5.845377
-0.08802116	10.00	-13.05877	0.02907286	0.00	0.03549426	5.811901	10.00	-5.81026
-0.05899112	10.00	-13.02717	0.02903004	0.00	0.03159482	5.777015	10.00	-5.775377
-0.03015408	10.00	-12.99706	0.02883704	0.00	0.03011091	5.742137	10.00	-5.740502
-0.001323856	10.00	-12.96696	0.02883022	0.00	0.03010378	5.706899	10.00	-5.705268
0.02780424	10.00	-12.9404	0.0291281	0.00	0.02655466	5.671939	10.00	-5.67031
0.05414901	10.00	-12.91533	0.02634476	0.00	0.02506821	5.635981	10.00	-5.634354
0.08387285	10.00	-12.89086	0.02972385	0.00	0.0244717	5.601293	10.00	-5.59967
0.1024127	10.00	-12.86852	0.01853981	0.00	0.0223396	5.566241	10.00	-5.564621
0.1024127	10.00	-12.85683	0	0.00	0.01169552	5.530751	10.00	-5.529134
0.1024127	10.00	-12.85683	0	0.00	0	5.496115	10.00	-5.4945
0.1024127	10.00	-12.85683	0	0.00	0	5.460857	10.00	-5.459246
0.1024127	10.00	-12.85683	0	0.00	0	5.425942	10.00	-5.424334
0.1024127	10.00	-12.85683	0	0.00	0	5.391	10.00	-5.389394
0.1024127	10.00	-12.85683	0	0.00	0	5.355959	10.00	-5.354357
0.1024127	10.00	-12.85683	0	0.00	0	5.320663	10.00	-5.319064
0.1024127	10.00	-12.85683	0	0.00	0	5.285854	10.00	-5.284257
0.1024127	10.00	-12.85683	0	0.00	0	5.250772	10.00	-5.249178
0.1024127	10.00	-12.85683	0	0.00	0	5.216011	10.00	-5.214419
0.1024127	10.00	-12.85683	0	0.00	0	5.180384	10.00	-5.178796
0.1024127	10.00	-12.85683	0	0.00	0	5.145601	10.00	-5.144016
0.1024127	10.00	-12.85683	0	0.00	0	5.110628	10.00	-5.109045
0.1024127	10.00	-12.85683	0	0.00	0	5.075785	10.00	-5.074204
0.1024127	10.00	-12.85683	0	0.00	0	5.040639	10.00	-5.039063
0.1024127	10.00	-12.85683	0.0008181165	0.00	0	5.00576	10.00	-5.004186
0.1095927	10.00	-12.85683	0.007180005	0.00	0	4.971021	10.00	-4.96945
0.1256235	10.00	-12.85683	0.01603087	0.00	0	4.935425	10.00	-4.933856
0.143999	10.00	-12.85683	0.01837547	0.00	0	4.900044	10.00	-4.898478
0.1674318	10.00	-12.85683	0.02343283	0.00	0	4.865706	10.00	-4.864144
0.1914269	10.00	-12.85683	0.02399502	0.00	0	4.830303	10.00	-4.828743
0.2174596	10.00	-12.85683	0.02603275	0.00	0	4.795768	10.00	-4.794211
0.2428536	10.00	-12.85683	0.02539404	0.00	0	4.760492	10.00	-4.758938
0.2668609	10.00	-12.85683	0.02400728	0.00	0	4.724377	10.00	-4.722826
0.2822077	10.00	-12.85683	0.01534681	0.00	0	4.690446	10.00	-4.688898
0.2860951	10.00	-12.85683	0.003887336	0.00	0	4.655354	10.00	-4.65381
0.2860951	10.00	-12.85683	0	0.00	0	4.619815	10.00	-4.618273
0.2860951	10.00	-12.85683	0	0.00	0	4.584866	10.00	-4.583326
0.2860951	10.00	-12.85683	0	0.00	0	4.55001	10.00	-4.548474
0.2860951	10.00	-12.85683	0	0.00	0	4.514219	10.00	-4.512686
0.2860951	10.00	-12.85683	0	0.00	0	4.480075	10.00	-4.478544
0.2860951	10.00	-12.85683	0	0.00	0	4.445046	10.00	-4.443519
0.2860951	10.00	-12.85683	0	0.00	0	4.409904	10.00	-4.408378
0.2860951	10.00	-12.85683	0	0.00	0	4.375109	10.00	-4.373587
0.2860951	10.00	-12.85683	0	0.00	0	4.33972	10.00	-4.338202
0.2860951	10.00	-12.85683	0	0.00	0	4.304923	10.00	-4.303407
0.2860951	10.00	-12.85284	0	0.00	0.003986506	4.269815	10.00	-4.268302
0.2860951	10.00	-12.82895	0	0.00	0.02389283	4.234583	10.00	-4.233073
0.2860951	10.00	-12.78053	0	0.00	0.04841959	4.199735	10.00	-4.198227
0.2860951	10.00	-12.72373	0	0.00	0.05680081	4.164656	10.00	-4.163151
0.2860951	10.00	-12.6595	0	0.00	0.06422285	4.129629	10.00	-4.128127
0.2860951	10.00	-12.5941	0	0.00	0.06540424	4.094525	10.00	-4.093026
0.2860951	10.00	-12.52791	0	0.00	0.06618955	4.059543	10.00	-4.058047
0.2860951	10.00	-12.46195	0	0.00	0.06596022	4.02392	10.00	-4.022427
0.2860951	10.00	-12.39478	0	0.00	0.06716771	3.989415	10.00	-3.987924
0.2860951	10.00	-12.32972	0	0.00	0.06506133	3.954331	10.00	-3.952844
0.2860951	10.00	-12.26357	0	0.00	0.06615133	3.917356	10.00	-3.915872
0.2860951	10.00	-12.19385	0	0.00	0.06971858	3.884259	10.00	-3.882777
0.2860951	10.00	-12.13144	0	0.00	0.06240712	3.849116	10.00	-3.847637
0.2860951	10.00	-12.06518	0	0.00	0.06626315	3.813311	10.00	-3.811835
0.2860951	10.00	-11.99767	0	0.00	0.06751169	3.77901	10.00	-3.777537
0.2860951	10.00	-11.93299	0	0.00	0.06467488	3.74398	10.00	-3.742511
0.2860951	10.00	-11.86694	0	0.00	0.06605082	3.708858	10.00	-3.707391
0.2860951	10.00	-11.80072	0	0.00	0.06622352	3.67389	10.00	-3.672426
0.2860951	10.00	-11.73479	0	0.00	0.06593332	3.638967	10.00	-3.637505
0.2860951	10.00	-11.66894	0	0.00	0.06584981	3.603766	10.00	-3.602308
0.2860951	10.00	-11.60256	0	0.00	0.06637216	3.568367	10.00	-3.566912
0.2860951	10.00	-11.53582	0	0.00	0.06674729	3.533734	10.00	-3.532282
0.2860951	10.00	-11.47052	0	0.00	0.06530056	3.49874	10.00	-3.497291
0.2860951	10.00	-11.40453	0	0.00	0.06598287	3.463646	10.00	-3.462199
0.2860951	10.00	-11.33836	0	0.00	0.06617256	3.428432	10.00	-3.426988
0.2860951	10.00	-11.27196	0	0.00	0.06639764	3.393604	10.00	-3.392163
0.2860951	10.00	-11.2063	0	0.00	0.06566861	3.35842	10.00	-3.356983
0.2860951	10.00	-11.13996	0	0.00	0.0663396	3.323462	10.00	-3.322027
0.2860951	10.00	-11.07404	0	0.00	0.06591634	3.288366	10.00	-3.286933
0.2860951	10.00	-11.00786	0	0.00	0.06617539	3.253302	10.00	-3.251873
0.2860951	10.00	-10.94175	0	0.00	0.06611311	3.217982	10.00	-3.216555
0.2860951	10.00	-10.87515	0	0.00	0.06659723	3.183233	10.00	-3.181809
0.2860951	10.00	-10.80963	0	0.00	0.0655214	3.148201	10.00	-3.14678
0.2860951	10.00	-10.74358	0	0.00	0.06605365	3.111646	10.00	-3.110228
0.2860951	10.00	-10.67465	0	0.00	0.06892586	3.077453	10.00	-3.076038
0.2860951	10.00	-10.61018	0	0.00	0.06447245	3.042418	10.00	-3.041006
0.2860951	10.00	-10.54412	0	0.00	0.06606073	3.007361	10.00	-3.005952
0.2860951	10.00	-10.47802	0	0.00	0.06610037	2.972442	10.00	-2.971035
0.2860951	10.00	-10.41218	0	0.00	0.06584132	2.937522	10.00	-2.936118
0.2860951	10.00	-10.34633	0	0.00	0.06584415	2.902551	10.00	-2.901151
0.2860951	10.00	-10.2804	0	0.00	0.06593757	2.867404	10.00	-2.866006
0.2860951	10.00	-10.21412	0	0.00	0.06627165	2.832248	10.00	-2.830854
0.2860951	10.00	-10.14784	0	0.00	0.06628722	2.79707	10.00	-2.795678
0.2860951	10.00	-10.08151	0	0.00	0.0663311	2.76214	10.00	-2.76075
0.2860951	10.00	-10.01564	0	0.00	0.06586255	2.727235	10.00	-2.725849
0.2860951	10.00	-9.949831	0	0.00	0.065813	2.691973	10.00	-2.69059
0.2860951	10.00	-9.883343	0	0.00	0.06648824	2.657066	10.00	-2.655499
0.2860951	10.00	-9.817253	0	0.00	0.06608904	2.62234	10.00	-2.620589
0.2860951	10.00	-9.751506	0	0.00	0.06574789	2.587479	10.00	-2.585388
0.2860951	10.00	-9.685378	0	0.00	0.06612726	2.552953	10.00	-2.550419
0.2860951	10.00	-9.619834	0	0.00	0.06554405	2.518174	10.00	-2.515062
0.2860951	10.00	-9.5535	0	0.00	0.06633393	2.483341	10.00	-2.479652
0.2860951	10.00	-9.486997	0	0.00	0.06650381	2.449149	10.00	-2.444791
0.2860951	10.00	-9.421669	0	0.00	0.06532746	2.41462	10.00	-2.409398
0.2860951	10.00	-9.355379	0	0.00	0.06629005	2.380136	10.00	-2.374072
0.2860951	10.00	-9.28918	0	0.00	0.06619946	2.3458	10.00	-2.338794
0.2860951	10.00	-9.227686	0	0.00	0.06149338	2.311087	10.00	-2.302941
0.2860951	10.00	-9.182282	0	0.00	0.04540377	2.277086	10.00	-2.2678
0.2860951	10.00	-9.149753	0	0.00	0.03252931	2.242985	10.00	-2.232451
0.2860951	10.00	-9.145121	0	0.00	0.004632475	2.207881	10.00	-2.196067
0.2860951	10.00	-9.145121	0	0.00	0	2.174218	10.00	-2.161178
0.2860951	10.00	-9.145121	0	0.00	0	2.140011	10.00	-2.125728
0.2860951	10.00	-9.145121	0	0.00	0	2.105789	10.00	-2.090264
0.2860951	10.00	-9.145121	0	0.00	0	2.07163	10.00	-2.054869
0.2860951	10.00	-9.145121	0	0.00	0	2.034605	10.00	-2.016506
0.2860951	10.00	-9.145121	0	0.00	0	2.002901	10.00	-1.98366
0.2860951	10.00	-9.145121	0	0.00	0	1.968812	10.00	-1.948346
0.2860951	10.00	-9.145121	0	0.00	0	1.934271	10.00	-1.912562
0.2860951	10.00	-9.145121	0	0.00	0	1.900273	10.00	-1.877344
0.2860951	10.00	-9.140495	0	0.00	0.004625395	1.866017	10.00	-1.841861
0.2860951	10.00	-9.128788	0	0.00	0.01170679	1.831591	10.00	-1.806203
0.2860951	10.00	-9.100286	0	0.00	0.02850234	1.79769	10.00	-1.771029
0.2860951	10.00	-9.060148	0	0.00	0.04013788	1.763298	10.00	-1.735333
0.2860951	10.00	-9.000163	0	0.00	0.05998505	1.727109	10.00	-1.697694
0.2860951	10.00	-8.933502	0	0.00	0.0666611	1.695125	10.00	-1.664371
0.2805182	10.00	-8.872006	-0.005576866	0.00	0.06149583	1.661007	10.00	-1.628822
0.2591059	10.00	-8.805549	-0.02141234	0.00	0.06645709	1.627277	10.00	-1.593678
0.2366381	10.00	-8.73977	-0.02246773	0.00	0.06577903	1.59328	10.00	-1.558382
0.212182	10.00	-8.673781	-0.02445617	0.00	0.06598853	1.559426	10.00	-1.523233
0.1871428	10.00	-8.60794	-0.02503915	0.00	0.06584132	1.524903	10.00	-1.487391
0.1609605	10.00	-8.540802	-0.02618236	0.00	0.06713799	1.491407	10.00	-1.452619
0.1355581	10.00	-8.475664	-0.02540231	0.00	0.06513777	1.4573	10.00	-1.41716
0.1097186	10.00	-8.409406	-0.02583953	0.00	0.06625891	1.423062	10.00	-1.381484
0.08374106	10.00	-8.342793	-0.02597754	0.00	0.0666128	1.3893	10.00	-1.346326
0.05807377	10.00	-8.276976	-0.0256673	0.00	0.06581725	1.355419	10.00	-1.311047
0.03231759	10.00	-8.21093	-0.02575618	0.00	0.06604516	1.320748	10.00	-1.27495
0.005962447	10.00	-8.143349	-0.02635514	0.00	0.06758106	1.287846	10.00	-1.240636
-0.01913845	10.00	-8.078984	-0.0251009	0.00	0.06436487	1.254119	10.00	-1.205464
-0.04486758	10.00	-8.013008	-0.02572913	0.00	0.06597579	1.220229	10.00	-1.170126
-0.07071926	10.00	-7.946718	-0.02585168	0.00	0.06629005	1.186059	10.00	-1.134497
-0.09678402	10.00	-7.879882	-0.02606477	0.00	0.06683646	1.152612	10.00	-1.099626
-0.1222951	10.00	-7.814466	-0.02551107	0.00	0.06541664	1.118933	10.00	-1.064515
-0.1479823	10.00	-7.748597	-0.02568717	0.00	0.06586821	1.085134	10.00	-1.029283
-0.1737589	10.00	-7.682499	-0.0257766	0.00	0.06609754	1.051185	10.00	-0.9937556
-0.2028441	10.00	-7.616154	-0.02908527	0.00	0.06634526	1.017252	10.00	-0.9582487
-0.2331974	10.00	-7.549846	-0.03035326	0.00	0.06630845	0.9836225	10.00	-0.9230617
-0.2626415	10.00	-7.484133	-0.02944416	0.00	0.0657125	0.9498181	10.00	-0.8876956
-0.2935158	10.00	-7.418084	-0.03087422	0.00	0.0660494	0.915985	10.00	-0.8523024
-0.330815	10.00	-7.351982	-0.03729926	0.00	0.06610178	0.8820859	10.00	-0.8168433
-0.3713909	10.00	-7.285756	-0.04057587	0.00	0.06622635	0.8484004	10.00	-0.7816116
-0.4123455	10.00	-7.219951	-0.04095459	0.00	0.06580451	0.8144777	10.00	-0.7461351
-0.4535855	10.00	-7.153688	-0.04124003	0.00	0.06626315	0.7801154	10.00	-0.710202
-0.4953577	10.00	-7.08657	-0.04177217	0.00	0.06711817	0.7460756	10.00	-0.6746095
-0.5367352	10.00	-7.020086	-0.04137747	0.00	0.06648399	0.712667	10.00	-0.6396805
-0.5786062	10.00	-6.954839	-0.04187102	0.00	0.06524678	0.6790126	10.00	-0.604498
-0.6239644	10.00	-6.889117	-0.04535817	0.00	0.06572241	0.6449016	10.00	-0.5688411
-0.67058	10.00	-6.822507	-0.04661569	0.00	0.06660997	0.6113806	10.00	-0.5338047
-0.7163864	10.00	-6.757053	-0.04580633	0.00	0.06545345	0.5774648	10.00	-0.4983584
-0.7627296	10.00	-6.690833	-0.04634326	0.00	0.06622069	0.5437036	10.00	-0.4630779
-0.8088579	10.00	-6.624919	-0.04612829	0.00	0.06591351	0.5093989	10.00	-0.4272322
-0.8557262	10.00	-6.557948	-0.04686832	0.00	0.06697094	0.4755125	10.00	-0.3918272
-0.90202	10.00	-6.491798	-0.04629373	0.00	0.06614991	0.4415608	10.00	-0.3565613
-0.9482622	10.00	-6.425722	-0.04624222	0.00	0.0660763	0.4077092	10.00	-0.3214032
-0.9975541	10.00	-6.359845	-0.04929192	0.00	0.06587671	0.3734451	10.00	-0.2858193
-1.049381	10.00	-6.293169	-0.05182722	0.00	0.0666765	0.3396192	10.00	-0.2506934
-1.100543	10.00	-6.227349	-0.05116153	0.00	0.06582008	0.3056436	10.00	-0.2154153
-1.151928	10.00	-6.161242	-0.0513849	0.00	0.06610744	0.2719762	10.00	-0.1804449
-1.202737	10.00	-6.095874	-0.05080942	0.00	0.0653671	0.2376684	10.00	-0.1448123
-1.254511	10.00	-6.029267	-0.05177331	0.00	0.06660714	0.203753	10.00	-0.1096723
-1.30561	10.00	-5.963526	-0.05109991	0.00	0.06574081	0.1689261	10.00	-0.07359099
-1.358081	10.00	-5.896022	-0.05247091	0.00	0.06750461	0.1356995	10.00	-0.03917064
-1.408138	10.00	-5.831623	-0.05005681	0.00	0.06439884	0.1011848	10.00	-0.003419013
-1.460133	10.00	-5.764731	-0.05199447	0.00	0.06689167	0.06758114	10.00	0.03138572
-1.510752	10.00	-5.699609	-0.05061907	0.00	0.0651222	0.03348134	10.00	0.06670148
-1.562116	10.00	-5.633528	-0.05136399	0.00	0.06608055	-0.0008622316	10.00	0.1021861
-1.613718	10.00	-5.567141	-0.05160276	0.00	0.06638773	-0.03528067	10.00	0.1377451
-1.665431	10.00	-5.500611	-0.05171278	0.00	0.06652928	-0.06911813	10.00	0.1727008
-1.716268	10.00	-5.435209	-0.05083694	0.00	0.06540249	-0.1033146	10.00	0.2080246
-1.767642	10.00	-5.369116	-0.05137389	0.00	0.06609329	-0.1383737	10.00	0.2442362
-1.820309	10.00	-5.301359	-0.05266677	0.00	0.06775659	-0.17172	10.00	0.2786755
-1.8704	10.00	-5.236917	-0.05009092	0.00	0.06444272	-0.2059312	10.00	0.3140057
-1.921788	10.00	-5.170805	-0.0513882	0.00	0.06611169	-0.2410946	10.00	0.3503159
-1.974603	10.00	-5.102857	-0.05281531	0.00	0.06794769	-0.2742914	10.00	0.3845922
-2.024462	10.00	-5.038713	-0.04985875	0.00	0.06414404	-0.3085572	10.00	0.4198381
-2.075853	10.00	-4.972597	-0.0513915	0.00	0.06611594	-0.34368	10.00	0.455962
-2.128527	10.00	-4.904832	-0.05267337	0.00	0.06776509	-0.3770181	10.00	0.4902481
-2.178522	10.00	-4.840512	-0.04999519	0.00	0.06431957	-0.4112978	10.00	0.5254997
-2.229927	10.00	-4.774379	-0.0514047	0.00	0.06613293	-0.4456761	10.00	0.5608499
-2.281477	10.00	-4.70806	-0.05154994	0.00	0.06631978	-0.4797595	10.00	0.5958942
-2.332582	10.00	-4.642312	-0.05110541	0.00	0.06574789	-0.5142159	10.00	0.631319
-2.384244	10.00	-4.575848	-0.05166218	0.00	0.06646417	-0.5483545	10.00	0.6664147
-2.435428	10.00	-4.509999	-0.05118354	0.00	0.0658484	-0.5826936	10.00	0.7017137
-2.48691	10.00	-4.443767	-0.05148172	0.00	0.06623201	-0.6168312	10.00	0.7368025
-2.538086	10.00	-4.377927	-0.05117694	0.00	0.0658399	-0.6510924	10.00	0.7720158
-2.589446	10.00	-4.311852	-0.05135959	0.00	0.06607489	-0.6857032	10.00	0.8075861
-2.641328	10.00	-4.245105	-0.05188224	0.00	0.06674729	-0.7207288	10.00	0.8435792
-2.693829	10.00	-4.177562	-0.05250062	0.00	0.06754284	-0.7539405	10.00	0.8777049
-2.743607	10.00	-4.113522	-0.04977843	0.00	0.0640407	-0.7882161	10.00	0.9129219
-2.794979	10.00	-4.047431	-0.05137169	0.00	0.06609046	-0.8226895	10.00	0.9483392
-2.846644	10.00	-3.980963	-0.05166548	0.00	0.06646842	-0.8567346	10.00	0.9833141
-2.897666	10.00	-3.915322	-0.05102179	0.00	0.0656403	-0.8914585	10.00	1.018983
-2.949702	10.00	-3.848378	-0.05203518	0.00	0.06694405	-0.9258249	10.00	1.054282
-3.0012	10.00	-3.782125	-0.05149822	0.00	0.06625324	-0.9594752	10.00	1.088842
-3.051622	10.00	-3.717256	-0.05042212	0.00	0.06486882	-0.9940228	10.00	1.124322
-3.103386	10.00	-3.650661	-0.0517645	0.00	0.06659582	-1.028377	10.00	1.159599
-3.154857	10.00	-3.584443	-0.05147072	0.00	0.06621785	-1.062618	10.00	1.194646
-3.206017	10.00	-3.518624	-0.05116043	0.00	0.06581867	-1.097104	10.00	1.229957
-3.257468	10.00	-3.452431	-0.05145092	0.00	0.06619238	-1.131421	10.00	1.265094
-3.308665	10.00	-3.386566	-0.05119674	0.00	0.06586538	-1.165897	10.00	1.30039
-3.360097	10.00	-3.320398	-0.05143221	0.00	0.06616832	-1.200381	10.00	1.335691
-3.410256	10.00	-3.25422	-0.05015832	0.00	0.06617822	-1.234914	10.00	1.37104
-3.459842	10.00	-3.187949	-0.04958637	0.00	0.06627023	-1.26924	10.00	1.406174
-3.50913	10.00	-3.122078	-0.04928768	0.00	0.06587104	-1.303876	10.00	1.441623
-3.558859	10.00	-3.055617	-0.04972937	0.00	0.06646134	-1.33836	10.00	1.476913
-3.605805	10.00	-2.98945	-0.04694631	0.00	0.0661669	-1.373172	10.00	1.512536
-3.637027	10.00	-2.922657	-0.03122161	0.00	0.06679258	-1.407221	10.00	1.547375
-3.642261	10.00	-2.857332	-0.005234308	0.00	0.06532604	-1.450524	10.00	1.591782
-3.642261	10.00	-2.774055	0	0.00	0.08327697	-1.510244	10.00	1.653374
-3.642261	10.00	-2.659066	0	0.00	0.1149887	-1.544557	10.00	1.68882
-3.642261	10.00	-2.592934	0	0.00	0.06613151	-1.578508	10.00	1.723925
-3.642261	10.00	-2.527249	0	0.00	0.0656856	-1.613129	10.00	1.75948
-3.642261	10.00	-2.460503	0	0.00	0.06674587	-1.647112	10.00	1.794139
-3.642261	10.00	-2.395223	0	0.00	0.06527933	-1.681682	10.00	1.829162
-3.642261	10.00	-2.329057	0	0.00	0.0661669	-1.716866	10.00	1.864561
-3.642261	10.00	-2.26195	0	0.00	0.06710684	-1.750986	10.00	1.898656
-3.642261	10.00	-2.197126	0	0.00	0.06482352	-1.786125	10.00	1.933545
-3.642261	10.00	-2.130642	0	0.00	0.06648399	-1.821996	10.00	1.968922
-3.642261	10.00	-2.063044	0	0.00	0.06759804	-1.856343	10.00	2.002565
-3.642261	10.00	-1.998579	0	0.00	0.06446537	-1.891724	10.00	2.037066
-3.642261	10.00	-1.932413	0	0.00	0.06616548	-1.926819	10.00	2.071463
-3.642261	10.00	-1.866508	0	0.00	0.06590501	-1.962373	10.00	2.106544
-3.642261	10.00	-1.799758	0	0.00	0.06675012	-1.997543	10.00	2.141423
-3.642261	10.00	-1.733406	0	0.00	0.06635234	-2.032287	10.00	2.176207
-3.642261	10.00	-1.667617	0	0.00	0.06578894	-2.066871	10.00	2.211032
-3.642261	10.00	-1.601819	0	0.00	0.06579743	-2.101561	10.00	2.24611
-3.642261	10.00	-1.535594	0	0.00	0.06622493	-2.136481	10.00	2.28177
-3.642261	10.00	-1.468575	0	0.00	0.06701908	-2.170617	10.00	2.316746
-3.642261	10.00	-1.402717	0	0.00	0.0658583	-2.204485	10.00	2.35165
-3.642261	10.00	-1.337087	0	0.00	0.06563039	-2.238662	10.00	2.386971
-3.642261	10.00	-1.270555	0	0.00	0.06653211	-2.27257	10.00	2.422262
-3.642261	10.00	-1.20433	0	0.00	0.06622493	-2.306799	10.00	2.458008
-3.642261	10.00	-1.137161	0	0.00	0.06716912	-2.339585	10.00	2.492245
-3.642261	10.00	-1.072824	0	0.00	0.06433655	-2.373478	10.00	2.527758
-3.642261	10.00	-1.006097	0	0.00	0.06672747	-2.406869	10.00	2.562856
-3.642261	10.00	-0.9403586	0	0.00	0.06573798	-2.440412	10.00	2.5981
-3.642261	10.00	-0.8741068	0	0.00	0.06625183	-2.473241	10.00	2.63258
-3.642261	10.00	-0.8090553	0	0.00	0.06505142	-2.506745	10.00	2.667961
-3.642261	10.00	-0.7424921	0	0.00	0.06656326	-2.539794	10.00	2.703011
-3.642261	10.00	-0.6767371	0	0.00	0.06575496	-2.572869	10.00	2.738156
-3.642261	10.00	-0.6108491	0	0.00	0.06588802	-2.607001	10.00	2.774412
-3.642261	10.00	-0.5427131	0	0.00	0.06813596	-2.638988	10.00	2.808196
-3.642261	10.00	-0.4786342	0	0.00	0.06407892	-2.672196	10.00	2.843127
-3.642261	10.00	-0.4118742	0	0.00	0.06676003	-2.70459	10.00	2.877326
-3.642261	10.00	-0.3463047	0	0.00	0.06556953	-2.737012	10.00	2.911686
-3.642261	10.00	-0.2802411	0	0.00	0.06606356	-2.769334	10.00	2.94603
-3.642261	10.00	-0.2142271	0	0.00	0.06601401	-2.801783	10.00	2.980407
-3.642261	10.00	-0.1480206	0	0.00	0.06620653	-2.834312	10.00	3.014729
-3.642261	10.00	-0.08199238	0	0.00	0.06602817	-2.867027	10.00	3.049359
-3.642261	10.00	-0.0156188	0	0.00	0.06637357	-2.899369	10.00	3.08382
-3.642261	10.00	0.05027347	0	0.00	0.06589227	-2.931929	10.00	3.11837
-3.642261	10.00	0.1166555	0	0.00	0.06638207	-2.966093	10.00	3.154227
-3.642261	10.00	0.1860542	0	0.00	0.06939866	-2.996877	10.00	3.186167
-3.637271	10.00	0.2483367	0.004990445	0.00	0.06228255	-3.029842	10.00	3.220263
-3.637271	10.00	0.3149028	0	0.00	0.06656609	-3.062515	10.00	3.254008
-3.637271	10.00	0.3810202	0	0.00	0.06611735	-3.095009	10.00	3.287613
-3.637271	10.00	0.4466279	0	0.00	0.06560774	-3.127659	10.00	3.321332
-3.637271	10.00	0.5126957	0	0.00	0.06606781	-3.160265	10.00	3.354801
-3.637271	10.00	0.578588	0	0.00	0.06589227	-3.193244	10.00	3.388411
-3.637271	10.00	0.6450126	0	0.00	0.06642453	-3.226234	10.00	3.421799
-3.637271	10.00	0.7112856	0	0.00	0.06627306	-3.259612	10.00	3.455347
-3.637271	10.00	0.7780371	0	0.00	0.06675153	-3.29228	10.00	3.487959
-3.637271	10.00	0.8430659	0	0.00	0.06502877	-3.325807	10.00	3.521206
-3.637271	10.00	0.9095088	0	0.00	0.06644294	-3.360696	10.00	3.555568
-3.637271	10.00	0.9783399	0	0.00	0.06883101	-3.392638	10.00	3.58725
-3.637271	10.00	1.041653	0	0.00	0.0633131	-3.426151	10.00	3.620327
-3.637271	10.00	1.10776	0	0.00	0.06610744	-3.460083	10.00	3.653651
-3.637271	10.00	1.174361	0	0.00	0.06660006	-3.493749	10.00	3.686565
-3.637271	10.00	1.240108	0	0.00	0.06574789	-3.527924	10.00	3.71984
-3.637271	10.00	1.306529	0	0.00	0.06642029	-3.562503	10.00	3.753386
-3.637271	10.00	1.373409	0	0.00	0.06688035	-3.596606	10.00	3.786371
-3.637271	10.00	1.439061	0	0.00	0.06565163	-3.631035	10.00	3.819598
-3.637271	10.00	1.505052	0	0.00	0.06599136	-3.665269	10.00	3.852584
-3.637271	10.00	1.570395	0	0.00	0.06534303	-3.699962	10.00	3.885979
-3.637271	10.00	1.636358	0	0.00	0.06596305	-3.735009	10.00	3.919707
-3.637271	10.00	1.702754	0	0.00	0.06639622	-3.769848	10.00	3.953286
-3.637271	10.00	1.768581	0	0.00	0.06582716	-3.805026	10.00	3.987237
-3.637271	10.00	1.834869	0	0.00	0.06628722	-3.83999	10.00	4.021054
-3.637271	10.00	1.900604	0	0.00	0.06573515	-3.875313	10.00	4.055285
-3.637271	10.00	1.966861	0	0.00	0.06625749	-3.910631	10.00	4.08963
-3.637271	10.00	2.033023	0	0.00	0.06616124	-3.947509	10.00	4.125635
-3.637271	10.00	2.102052	0	0.00	0.0690292	-3.981123	10.00	4.15878
-3.637271	10.00	2.165196	0	0.00	0.06314464	-4.016309	10.00	4.193566
-3.637271	10.00	2.231277	0	0.00	0.06608055	-4.051955	10.00	4.228965
-3.637271	10.00	2.298347	0	0.00	0.06707004	-4.086556	10.00	4.263328
-3.637271	10.00	2.363452	0	0.00	0.06510521	-4.121781	10.00	4.298306
-3.637271	10.00	2.429728	0	0.00	0.06627589	-4.157771	10.00	4.334152
-3.637271	10.00	2.497494	0	0.00	0.0677665	-4.192022	10.00	4.368266
-3.637271	10.00	2.561988	0	0.00	0.06449369	-4.227011	10.00	4.40324
-3.637271	10.00	2.628171	0	0.00	0.06618247	-4.268776	10.00	4.444973
-3.637271	10.00	2.707059	0	0.00	0.07888868	-4.297248	10.00	4.473516
-3.637271	10.00	2.753175	0	0.00	0.04611574	-4.331508	10.00	4.50786
-3.637271	10.00	2.792319	0	0.00	0.03914418	-4.366661	10.00	4.543121
-3.637271	10.00	2.803478	0	0.00	0.01115926	-4.401104	10.00	4.577832
-3.637271	10.00	2.803478	0	0.00	0	-4.436113	10.00	4.61311
-3.637271	10.00	2.803478	0	0.00	0	-4.471092	10.00	4.648355
-3.637271	10.00	2.803478	0	0.00	0	-4.505701	10.00	4.683225
-3.637271	10.00	2.803478	0	0.00	0	-4.540375	10.00	4.718157
-3.637271	10.00	2.803478	0	0.00	0	-4.575178	10.00	4.753215
-3.637271	10.00	2.803478	0	0.00	0	-4.60979	10.00	4.788079
-3.637271	10.00	2.803478	0	0.00	0	-4.645442	10.00	4.823987
-3.637271	10.00	2.803478	0	0.00	0	-4.679076	10.00	4.857858
-3.637271	10.00	2.803478	0	0.00	0	-4.714063	10.00	4.89309
-3.637271	10.00	2.803478	0	0.00	0	-4.748919	10.00	4.928187
-3.637271	10.00	2.803478	0	0.00	0	-4.783664	10.00	4.96317
-3.637271	10.00	2.803478	0	0.00	0	-4.818324	10.00	4.998062
-3.637271	10.00	2.81004	0	0.00	0.006561225	-4.853337	10.00	5.033308
-3.637271	10.00	2.848275	0	0.00	0.03823506	-4.887674	10.00	5.067871
-3.637271	10.00	2.906647	0	0.00	0.05837185	-4.922331	10.00	5.102728
-3.637271	10.00	2.969353	0	0.00	0.06270618	-4.957416	10.00	5.13812
-3.637271	10.00	3.035492	0	0.00	0.06613883	-4.991588	10.00	5.172589
-3.637271	10.00	3.100538	0	0.00	0.06504576	-5.027964	10.00	5.209332
-3.637271	10.00	3.169854	0	0.00	0.06931656	-5.060883	10.00	5.242716
-3.637271	10.00	3.232539	0	0.00	0.06268458	-5.095469	10.00	5.277802
-3.637271	10.00	3.29856	0	0.00	0.06602109	-5.130116	10.00	5.31305
-3.637271	10.00	3.364741	0	0.00	0.06618106	-5.164625	10.00	5.348158
-3.637271	10.00	3.430786	0	0.00	0.06604516	-5.199185	10.00	5.383389
-3.637271	10.00	3.496924	0	0.00	0.06613859	-5.233752	10.00	5.418702
-3.637271	10.00	3.563233	0	0.00	0.06630845	-5.268165	10.00	5.453904
-3.637271	10.00	3.62917	0	0.00	0.06593757	-5.302474	10.00	5.489003
-3.637271	10.00	3.695039	0	0.00	0.06586821	-5.337057	10.00	5.524402
-3.637271	10.00	3.761678	0	0.00	0.0666397	-5.371083	10.00	5.559211
-3.637271	10.00	3.827418	0	0.00	0.06573939	-5.405276	10.00	5.594248
-3.637271	10.00	3.893716	0	0.00	0.06629854	-5.439333	10.00	5.62914
-3.637271	10.00	3.959743	0	0.00	0.06602675	-5.473434	10.00	5.664212
-3.637271	10.00	4.025804	0	0.00	0.06606073	-5.507493	10.00	5.699236
-3.637271	10.00	4.091777	0	0.00	0.06597296	-5.5419	10.00	5.734723
-3.637271	10.00	4.158364	0	0.00	0.06658732	-5.575661	10.00	5.769551
-3.637271	10.00	4.223935	0	0.00	0.06557094	-5.609639	10.00	5.804596
-3.637271	10.00	4.289945	0	0.00	0.06600977	-5.644309	10.00	5.840465
-3.637271	10.00	4.357292	0	0.00	0.06734749	-5.677552	10.00	5.874977
-3.637271	10.00	4.422127	0	0.00	0.06483484	-5.712077	10.00	5.910813
-3.637271	10.00	4.489452	0	0.00	0.06732484	-5.74601	10.00	5.946025
-3.637271	10.00	4.555612	0	0.00	0.06615982	-5.779809	10.00	5.981092
-3.637271	10.00	4.621501	0	0.00	0.06588944	-5.8133	10.00	6.015777
-3.637271	10.00	4.686945	0	0.00	0.06544354	-5.847008	10.00	6.050753
-3.637271	10.00	4.752912	0	0.00	0.0659673	-5.880678	10.00	6.085683
-3.637271	10.00	4.818797	0	0.00	0.0658852	-5.914464	10.00	6.12084
-3.637271	10.00	4.884899	0	0.00	0.06610178	-5.94802	10.00	6.15575
-3.637271	10.00	4.950769	0	0.00	0.06586963	-5.981925	10.00	6.190781
-3.637271	10.00	5.017086	0	0.00	0.06631695	-6.015981	10.00	6.225729
-3.637271	10.00	5.083416	0	0.00	0.06632969	-6.050064	10.00	6.260476
-3.637271	10.00	5.149503	0	0.00	0.06608763	-6.083999	10.00	6.294845
-3.637271	10.00	5.215026	0	0.00	0.06552281	-6.118569	10.00	6.329628
-3.637271	10.00	5.281481	0	0.00	0.06645568	-6.153082	10.00	6.364125
-3.637271	10.00	5.347538	0	0.00	0.06605648	-6.187692	10.00	6.398492
-3.637271	10.00	5.413505	0	0.00	0.0659673	-6.222791	10.00	6.433131
-3.637271	10.00	5.480101	0	0.00	0.06659582	-6.257434	10.00	6.467117
-3.637271	10.00	5.545521	0	0.00	0.06541947	-6.292717	10.00	6.501523
-3.637271	10.00	5.611849	0	0.00	0.06632827	-6.328298	10.00	6.536008
-3.637271	10.00	5.678439	0	0.00	0.06659015	-6.36339	10.00	6.569878
-3.637271	10.00	5.743802	0	0.00	0.06536285	-6.399353	10.00	6.604583
-3.637271	10.00	5.810691	0	0.00	0.06688884	-6.435661	10.00	6.639694
-3.637271	10.00	5.878197	0	0.00	0.06750603	-6.470177	10.00	6.673109
-3.637271	10.00	5.942502	0	0.00	0.06430542	-6.505563	10.00	6.707727
-3.637271	10.00	6.008677	0	0.00	0.06617539	-6.5386	10.00	6.744793
-3.637271	10.00	6.075227	0	0.00	0.0665491	-6.570922	10.00	6.78132
-3.637271	10.00	6.140577	0	0.00	0.06535011	-6.603681	10.00	6.818187
-3.637271	10.00	6.206772	0	0.00	0.06619521	-6.63715	10.00	6.855808
-3.637271	10.00	6.274403	0	0.00	0.0676306	-6.668722	10.00	6.891611
-3.637271	10.00	6.338569	0	0.00	0.06416669	-6.70145	10.00	6.928332
-3.637271	10.00	6.404809	0	0.00	0.06623909	-6.734016	10.00	6.964969
-3.637271	10.00	6.47103	0	0.00	0.0662221	-6.766624	10.00	7.001603
-3.637271	10.00	6.537446	0	0.00	0.06641604	-6.799031	10.00	7.038031
-3.637271	10.00	6.603492	0	0.00	0.06604516	-6.8314	10.00	7.074417
-3.637271	10.00	6.669306	0	0.00	0.06581442	-6.864275	10.00	7.111228
-3.637271	10.00	6.73625	0	0.00	0.06694405	-6.896324	10.00	7.147184
-3.637271	10.00	6.801813	0	0.00	0.06556245	-6.928657	10.00	7.183312
-3.637271	10.00	6.867829	0	0.00	0.06601685	-6.961632	10.00	7.22005
-3.637271	10.00	6.935149	0	0.00	0.06731918	-6.993577	10.00	7.255692
-3.637271	10.00	7.000629	0	0.00	0.06548034	-7.025863	10.00	7.291512
-3.637271	10.00	7.066663	0	0.00	0.06603383	-7.058245	10.00	7.327363
-3.637271	10.00	7.132888	0	0.00	0.06622493	-7.090637	10.00	7.363141
-3.637271	10.00	7.199358	0	0.00	0.06646983	-7.122592	10.00	7.398272
-3.637271	10.00	7.265059	0	0.00	0.06570117	-7.154843	10.00	7.433554
-3.637271	10.00	7.331173	0	0.00	0.06611452	-7.187231	10.00	7.468771
-3.637271	10.00	7.397521	0	0.00	0.06634809	-7.219541	10.00	7.503648
-3.637271	10.00	7.463629	0	0.00	0.06610744	-7.251958	10.00	7.538253
-3.637271	10.00	7.529576	0	0.00	0.06594748	-7.284365	10.00	7.572675
-3.637271	10.00	7.595296	0	0.00	0.06571957	-7.317176	10.00	7.607353
-3.637271	10.00	7.661621	0	0.00	0.06632544	-7.34969	10.00	7.641488
-3.637271	10.00	7.727295	0	0.00	0.06567428	-7.38321	10.00	7.676494
-3.637271	10.00	7.795246	0	0.00	0.06795052	-7.415273	10.00	7.709567
-3.637271	10.00	7.860055	0	0.00	0.06480936	-7.447639	10.00	7.742929
-3.637271	10.00	7.925692	0	0.00	0.06563605	-7.479957	10.00	7.776227
-3.637271	10.00	7.991353	0	0.00	0.06566153	-7.512401	10.00	7.809699
-3.637271	10.00	8.057272	0	0.00	0.06591917	-7.545018	10.00	7.843379
-3.637271	10.00	8.12354	0	0.00	0.0662674	-7.577517	10.00	7.876964
-3.637271	10.00	8.189573	0	0.00	0.06603383	-7.60981	10.00	7.910561
-3.637271	10.00	8.255457	0	0.00	0.06588379	-7.642334	10.00	7.944396
-3.637271	10.00	8.321694	0	0.00	0.06623767	-7.67509	10.00	7.978454
-3.637271	10.00	8.388266	0	0.00	0.06657033	-7.707503	10.00	8.012318
-3.637271	10.00	8.454191	0	0.00	0.06592625	-7.73993	10.00	8.046205
-3.637271	10.00	8.519968	0	0.00	0.0657762	-7.772608	10.00	8.080334
-3.637271	10.00	8.58606	0	0.00	0.06609187	-7.805383	10.00	8.114517
-3.637271	10.00	8.652156	0	0.00	0.06609612	-7.838902	10.00	8.149392
-3.637271	10.00	8.719753	0	0.00	0.06759804	-7.871518	10.00	8.183216
-3.637271	10.00	8.785528	0	0.00	0.06577478	-7.904172	10.00	8.216958
-3.637271	10.00	8.851381	0	0.00	0.06585264	-7.93665	10.00	8.250375
-3.637271	10.00	8.916876	0	0.00	0.0654945	-7.969225	10.00	8.283725
-3.637271	10.00	8.982563	0	0.00	0.06568702	-8.001937	10.00	8.317026
-3.637271	10.00	9.048524	0	0.00	0.06596164	-8.0356	10.00	8.351083
-3.637271	10.00	9.116401	0	0.00	0.06787691	-8.067476	10.00	8.383166
-3.637271	10.00	9.180684	0	0.00	0.06428277	-8.100776	10.00	8.416511
-3.637271	10.00	9.247827	0	0.00	0.06714223	-8.134066	10.00	8.449656
-3.637271	10.00	9.314944	0	0.00	0.06711817	-8.165962	10.00	8.481168
-3.637271	10.00	9.378978	0	0.00	0.06403362	-8.199629	10.00	8.514074
-3.637271	10.00	9.445656	0	0.00	0.06667792	-8.234121	10.00	8.547541
-3.637271	10.00	9.513024	0	0.00	0.06736872	-8.267648	10.00	8.579903
-3.637271	10.00	9.577559	0	0.00	0.06453474	-8.302328	10.00	8.613339
-3.637271	10.00	9.643844	0	0.00	0.06628439	-8.33732	10.00	8.647079
-3.637271	10.00	9.710046	0	0.00	0.06620229	-8.372087	10.00	8.680525
-3.637271	10.00	9.775444	0	0.00	0.06539824	-8.407189	10.00	8.714235
-3.637271	10.00	9.841642	0	0.00	0.06619804	-8.442435	10.00	8.74803
-3.637271	10.00	9.908282	0	0.00	0.0666397	-8.477088	10.00	8.781199
-3.637271	10.00	9.973969	0	0.00	0.06568702	-8.51214	10.00	8.814714
-3.637271	10.00	10.04061	0	0.00	0.06663687	-8.54649	10.00	8.847607
-3.637271	10.00	10.10626	0	0.00	0.06565304	-8.580956	10.00	8.880586
-3.637271	10.00	10.17224	0	0.00	0.06598287	-8.615374	10.00	8.913354
-3.637271	10.00	10.23814	0	0.00	0.0658951	-8.649875	10.00	8.946138
-3.637271	10.00	10.30425	0	0.00	0.06611311	-8.684684	10.00	8.97902
-3.637271	10.00	10.37064	0	0.00	0.06638914	-8.719625	10.00	9.011978
-3.637271	10.00	10.43717	0	0.00	0.0665307	-8.754096	10.00	9.044509
-3.637271	10.00	10.50271	0	0.00	0.06554405	-8.789306	10.00	9.077708
-3.637271	10.00	10.5694	0	0.00	0.06669066	-8.824748	10.00	9.111367
-3.637271	10.00	10.63669	0	0.00	0.06728237	-8.85869	10.00	9.143604
-3.637271	10.00	10.70088	0	0.00	0.06419358	-8.893685	10.00	9.176992
-3.637271	10.00	10.76697	0	0.00	0.06609187	-8.928643	10.00	9.210436
-3.637271	10.00	10.833	0	0.00	0.06602959	-8.963622	10.00	9.24411
-3.637271	10.00	10.89918	0	0.00	0.06618247	-8.998854	10.00	9.278209
-3.637271	10.00	10.96566	0	0.00	0.06647408	-9.033544	10.00	9.312088
-3.637271	10.00	11.03111	0	0.00	0.06544778	-9.068759	10.00	9.346616
-3.637271	10.00	11.09749	0	0.00	0.06638631	-9.103938	10.00	9.381323
-3.637271	10.00	11.16389	0	0.00	0.06639764	-9.140304	10.00	9.417342
-3.637271	10.00	11.23266	0	0.00	0.06877156	-9.17368	10.00	9.450448
-3.637271	10.00	11.29571	0	0.00	0.06304838	-9.208592	10.00	9.485185
-3.637271	10.00	11.36178	0	0.00	0.06607347	-9.243465	10.00	9.51983
-3.637271	10.00	11.42795	0	0.00	0.06616832	-9.277961	10.00	9.55418
-3.637271	10.00	11.49369	0	0.00	0.06574081	-9.313404	10.00	9.589502
-3.637271	10.00	11.56136	0	0.00	0.06766458	-9.347302	10.00	9.623274
-3.637271	10.00	11.62606	0	0.00	0.06469894	-9.382242	10.00	9.658189
-3.637271	10.00	11.69269	0	0.00	0.06662979	-9.417753	10.00	9.693667
-3.637271	10.00	11.76063	0	0.00	0.06794628	-9.452455	10.00	9.728326
-3.637271	10.00	11.82704	0	0.00	0.06640755	-9.486034	10.00	9.761963
-3.637271	10.00	11.89128	0	0.00	0.06424455	-9.52073	10.00	9.79683
-3.637271	10.00	11.95792	0	0.00	0.06663687	-9.555124	10.00	9.831382
-3.637271	10.00	12.02396	0	0.00	0.06604091	-9.589436	10.00	9.865838
-3.637271	10.00	12.08983	0	0.00	0.06586397	-9.623855	10.00	9.900329
-3.637271	10.00	12.15604	0	0.00	0.06621644	-9.658062	10.00	9.934667
-3.637271	10.00	12.22194	0	0.00	0.06589793	-9.692476	10.00	9.969314
-3.637271	10.00	12.28822	0	0.00	0.06627873	-9.726484	10.00	10.00353
-3.637271	10.00	12.35384	0	0.00	0.06562473	-9.761068	10.00	10.03809
-3.637271	10.00	12.42035	0	0.00	0.06650381	-9.795622	10.00	10.07239
-3.637271	10.00	12.48655	0	0.00	0.06620511	-9.829749	10.00	10.10602
-3.637271	10.00	12.55172	0	0.00	0.0651675	-9.86438	10.00	10.13993
-3.637271	10.00	12.61764	0	0.00	0.065922	-9.899424	10.00	10.174
-3.637271	10.00	12.68411	0	0.00	0.06646417	-9.934091	10.00	10.20746
-3.637271	10.00	12.74964	0	0.00	0.06553131	-9.969289	10.00	10.24121
-3.637271	10.00	12.81595	0	0.00	0.06631553	-10.00436	10.00	10.27464
-3.637271	10.00	12.88173	0	0.00	0.06577478	-10.0406	10.00	10.30896
-3.637271	10.00	12.94939	0	0.00	0.06766316	-10.07554	10.00	10.34186
-3.637271	10.00	13.01434	0	0.00	0.0649495	-10.1113	10.00	10.37532
-3.637271	10.00	13.0805	0	0.00	0.06615699	-10.14709	10.00	10.40866
-3.637271	10.00	13.14643	0	0.00	0.06593474	-10.1831	10.00	10.44201
-3.637271	10.00	13.21244	0	0.00	0.06601118	-10.21909	10.00	10.47542
-3.637271	10.00	13.27847	0	0.00	0.06602109	-10.25505	10.00	10.50881
-3.637271	10.00	13.34432	0	0.00	0.06585264	-10.29137	10.00	10.54261
-3.637271	10.00	13.41067	0	0.00	0.06635658	-10.32778	10.00	10.57664
-3.637271	10.00	13.47733	0	0.00	0.06665527	-10.36329	10.00	10.60987
-3.637271	10.00	13.54248	0	0.00	0.06514768	-10.40001	10.00	10.64435
-3.637271	10.00	13.60983	0	0.00	0.06735598	-10.4365	10.00	10.67862
-3.637271	10.00	13.67679	0	0.00	0.06695396	-10.47166	10.00	10.71176
-3.637271	10.00	13.74128	0	0.00	0.06449085	-10.50761	10.00	10.74565
-3.637271	10.00	13.80721	0	0.00	0.06593332	-10.54379	10.00	10.77975
-3.637271	10.00	13.87357	0	0.00	0.066358	-10.57988	10.00	10.81376
-3.637271	10.00	13.93976	0	0.00	0.06618672	-10.61597	10.00	10.84778
-3.637271	10.00	14.00594	0	0.00	0.0661853	-10.65264	10.00	10.88235
-3.637271	10.00	14.07321	0	0.00	0.06726538	-10.68777	10.00	10.91546
-3.637271	10.00	14.13764	0	0.00	0.06443848	-10.72404	10.00	10.94965
-3.637271	10.00	14.20416	0	0.00	0.06651513	-10.75989	10.00	10.98343
-3.637271	10.00	14.26991	0	0.00	0.0657493	-10.79601	10.00	11.01749
-3.637271	10.00	14.33617	0	0.00	0.06626032	-10.83264	10.00	11.05201
-3.637271	10.00	14.40335	0	0.00	0.06718186	-10.86813	10.00	11.08546
-3.637271	10.00	14.46843	0	0.00	0.06507973	-10.904	10.00	11.11927
-3.637271	10.00	14.53422	0	0.00	0.06578752	-10.93999	10.00	11.1532
-3.637271	10.00	14.60024	0	0.00	0.06602251	-10.97608	10.00	11.18721
-3.637271	10.00	14.66643	0	0.00	0.06618672	-11.01207	10.00	11.22114
-3.637271	10.00	14.73244	0	0.00	0.06600977	-11.04841	10.00	11.25539
-3.637271	10.00	14.79909	0	0.00	0.06665669	-11.08449	10.00	11.2894
-3.637271	10.00	14.86526	0	0.00	0.0661669	-11.12041	10.00	11.32325
-3.637271	10.00	14.93115	0	0.00	0.06588379	-11.15629	10.00	11.35707
-3.637271	10.00	14.99695	0	0.00	0.06580593	-11.19232	10.00	11.39104
-3.637271	10.00	15.06304	0	0.00	0.06609046	-11.22835	10.00	11.425
-3.637271	10.00	15.12912	0	0.00	0.06608338	-11.26546	10.00	11.45997
-3.637271	10.00	15.19718	0	0.00	0.06805528	-11.30052	10.00	11.49303
-3.637271	10.00	15.26149	0	0.00	0.0643139	-11.33638	10.00	11.52683
-3.637271	10.00	15.32727	0	0.00	0.0657762	-11.37343	10.00	11.56175
-3.637271	10.00	15.39522	0	0.00	0.06794628	-11.40837	10.00	11.59469
-3.637271	10.00	15.45931	0	0.00	0.06409024	-11.44459	10.00	11.62882
-3.637271	10.00	15.52573	0	0.00	0.06641887	-11.48047	10.00	11.66264
-3.637271	10.00	15.59154	0	0.00	0.065813	-11.51656	10.00	11.69666
-3.637271	10.00	15.65773	0	0.00	0.06619238	-11.55275	10.00	11.73077
-3.637271	10.00	15.72411	0	0.00	0.06638065	-11.58856	10.00	11.76453
-3.637271	10.00	15.78979	0	0.00	0.06567852	-11.6246	10.00	11.79849
-3.637271	10.00	15.85588	0	0.00	0.06609329	-11.66066	10.00	11.83249
-3.637271	10.00	15.92204	0	0.00	0.06615133	-11.69702	10.00	11.86676
-3.637271	10.00	15.98871	0	0.00	0.06667934	-11.73297	10.00	11.90064
-3.637271	10.00	16.05465	0	0.00	0.06593474	-11.76889	10.00	11.9345
-3.637271	10.00	16.12054	0	0.00	0.06589086	-11.8049	10.00	11.96844
-3.637271	10.00	16.18657	0	0.00	0.06603383	-11.84085	10.00	12.00233
-3.637271	10.00	16.25252	0	0.00	0.06595031	-11.87734	10.00	12.03673
-3.637271	10.00	16.31945	0	0.00	0.06692564	-11.91295	10.00	12.07029
-3.637271	10.00	16.38476	0	0.00	0.06530622	-11.94906	10.00	12.10432
-3.637271	10.00	16.45098	0	0.00	0.06622776	-11.99024	10.00	12.14314
-3.637271	10.00	16.52652	0	0.00	0.07553235	-12.05756	10.00	12.2066
-3.637271	10.00	16.64999	0	0.00	0.1234751	-12.09382	10.00	12.24077
-3.637271	10.00	16.71649	0	0.00	0.06649815	-12.12977	10.00	12.27466
-3.637271	10.00	16.78243	0	0.00	0.0659404	-12.16555	10.00	12.30838
-3.637271	10.00	16.84805	0	0.00	0.06562331	-12.20208	10.00	12.34282
-3.637271	10.00	16.91506	0	0.00	0.06700492	-12.23776	10.00	12.37644
-3.637271	10.00	16.98049	0	0.00	0.0654308	-12.27396	10.00	12.41057
-3.633879	10.00	17.0469	0.003391913	0.00	0.06640755	-12.30973	10.00	12.44429
-3.628622	10.00	17.1125	0.005256993	0.00	0.06560916	-12.34558	10.00	12.47808
-3.622081	10.00	17.17825	0.006541085	0.00	0.06574506	-12.38163	10.00	12.51206
-3.614221	10.00	17.24438	0.007859717	0.00	0.06612726	-12.41772	10.00	12.54607
-3.605073	10.00	17.31056	0.009148344	0.00	0.0661853	-12.45411	10.00	12.58038
-3.594554	10.00	17.37731	0.01051864	0.00	0.06674729	-12.48973	10.00	12.61395
-3.583626	10.00	17.44264	0.01092863	0.00	0.06533454	-12.52576	10.00	12.64791
-3.571933	10.00	17.50872	0.01169277	0.00	0.06607772	-12.56171	10.00	12.6818
-3.558988	10.00	17.57466	0.01294518	0.00	0.06593899	-12.59769	10.00	12.71571
-3.544755	10.00	17.64065	0.01423221	0.00	0.0659857	-12.6337	10.00	12.74966
-3.524752	10.00	17.7067	0.02000318	0.00	0.06605365	-12.66966	10.00	12.78355
-3.504779	10.00	17.77265	0.01997274	0.00	0.06595314	-12.70613	10.00	12.81792
-3.485174	10.00	17.83953	0.01960552	0.00	0.06687893	-12.74179	10.00	12.85154
-3.466	10.00	17.90494	0.01917394	0.00	0.06540673	-12.77795	10.00	12.88562
-3.446558	10.00	17.97126	0.01944201	0.00	0.06632119	-12.81606	10.00	12.92154
-3.426066	10.00	18.04116	0.0204919	0.00	0.06990261	-12.8498	10.00	12.95335
-3.406726	10.00	18.10305	0.01934037	0.00	0.06188619	-12.88607	10.00	12.98753
-3.385294	10.00	18.16957	0.02143196	0.00	0.06651796	-12.92231	10.00	13.02169
-3.364519	10.00	18.23604	0.0207746	0.00	0.0664755	-12.95797	10.00	13.05531
-3.34408	10.00	18.30145	0.02043882	0.00	0.06540107	-12.99443	10.00	13.08967
-3.32318	10.00	18.36832	0.02089979	0.00	0.0668761	-13.03033	10.00	13.12351
-3.302606	10.00	18.43415	0.0205742	0.00	0.06583424	-13.06631	10.00	13.15742
-3.281982	10.00	18.50015	0.02062463	0.00	0.06599561	-13.10232	10.00	13.19137
-3.261341	10.00	18.5662	0.02064055	0.00	0.06604657	-13.13825	10.00	13.22523
-3.240748	10.00	18.63209	0.02059322	0.00	0.0658951	-13.17414	10.00	13.25906
-3.220173	10.00	18.69793	0.02057464	0.00	0.06583565	-13.21033	10.00	13.29318
-3.19686	10.00	18.7643	0.023313	0.00	0.06637216	-13.24566	10.00	13.32644
-3.180113	10.00	18.83013	0.0167476	0.00	0.06582716	-13.28063	10.00	13.35935
-3.180113	10.00	18.87069	0	0.00	0.04056719	-13.31493	10.00	13.39157
-3.180113	10.00	18.90026	0	0.00	0.02956531	-13.3488	10.00	13.42337
-3.180113	10.00	18.90236	0	0.00	0.002101166	-13.38184	10.00	13.45435
-3.180113	10.00	18.90236	0	0.00	0	-13.41461	10.00	13.48505
-3.180113	10.00	18.90236	0	0.00	0	-13.44678	10.00	13.51514
-3.180113	10.00	18.90236	0	0.00	0	-13.47825	10.00	13.54455
-3.180113	10.00	18.90236	0	0.00	0	-13.50922	10.00	13.57345
-3.180113	10.00	18.90236	0	0.00	0	-13.53948	10.00	13.60166
-3.180113	10.00	18.90236	0	0.00	0	-13.56897	10.00	13.62912
-3.180113	10.00	18.90236	0	0.00	0	-13.5982	10.00	13.65631
-3.180113	10.00	18.90236	0	0.00	0	-13.62588	10.00	13.68201
-3.180113	10.00	18.90236	0	0.00	0	-13.65335	10.00	13.7075
-3.180113	10.00	18.90236	0	0.00	0	-13.68014	10.00	13.73232
-3.180113	10.00	18.90236	0	0.00	0	-13.70601	10.00	13.75625
-3.180113	10.00	18.91083	0	0.00	0.008466176	-13.73122	10.00	13.77954
-3.172886	10.00	18.93921	0.007227141	0.00	0.02837975	-13.75587	10.00	13.80228
-3.154578	10.00	18.99248	0.01830764	0.00	0.05327183	-13.77906	10.00	13.82363
-3.134259	10.00	19.0512	0.02031849	0.00	0.0587206	-13.80192	10.00	13.84465
-3.112887	10.00	19.11239	0.02137221	0.00	0.0611942	-13.82442	10.00	13.8653
-3.091084	10.00	19.17548	0.02180276	0.00	0.06308222	-13.84502	10.00	13.88416
-3.070348	10.00	19.23547	0.02073641	0.00	0.05999693	-13.86551	10.00	13.9029
-3.04892	10.00	19.29747	0.02142831	0.00	0.06199881	-13.88485	10.00	13.92053
-3.027865	10.00	19.35839	0.02105431	0.00	0.06091671	-13.90368	10.00	13.93765
-3.006394	10.00	19.4218	0.02147118	0.00	0.06341337	-13.92151	10.00	13.95382
-2.985044	10.00	19.48742	0.02134986	0.00	0.06562153	-13.93829	10.00	13.96898
-2.963883	10.00	19.5531	0.02116149	0.00	0.06567852	-13.95445	10.00	13.98353
-2.941071	10.00	19.60954	0.02281199	0.00	0.05643988	-13.96937	10.00	13.99692
-2.926955	10.00	19.64647	0.01411558	0.00	0.03692864	-13.9835	10.00	14.00951
-2.926955	10.00	19.64647	0	0.00	0.0001754844	-13.99677	10.00	14.02129
-2.926955	10.00	19.64647	0	0.00	0	-14.00906	10.00	14.03212
-2.926955	10.00	19.64647	0	0.00	0	-14.02033	10.00	14.04196
-2.926955	10.00	19.64647	0	0.00	0	-14.0303	10.00	14.05052
-2.926955	10.00	19.64647	0	0.00	0	-14.03859	10.00	14.05747
-2.926955	10.00	19.64647	0	0.00	0	-14.04646	10.00	14.06407
-2.926955	10.00	19.64647	0	0.00	0	-14.05402	10.00	14.07038
-2.926955	10.00	19.64647	0	0.00	0	-14.06138	10.00	14.07653
-2.926955	10.00	19.64647	0	0.00	0	-14.06802	10.00	14.08207
-2.926955	10.00	19.64647	0	0.00	0	-14.0744	10.00	14.08738
-2.926955	10.00	19.64647	0	0.00	0	-14.08032	10.00	14.09229
-2.926955	10.00	19.64647	0	0.00	0	-14.08591	10.00	14.09692
-2.926955	10.00	19.66079	0	0.00	0.01432106	-14.09104	10.00	14.10116
-2.926955	10.00	19.6859	0	0.00	0.02510698	-14.09557	10.00	14.10488
-2.924227	10.00	19.73968	0.002728095	0.00	0.05378015	-14.09972	10.00	14.10826
-2.918938	10.00	19.79993	0.005288865	0.00	0.0602547	-14.10365	10.00	14.11147
-2.911688	10.00	19.86506	0.007250787	0.00	0.06512845	-14.1073	10.00	14.11444
-2.903904	10.00	19.93055	0.007783331	0.00	0.06548459	-14.11077	10.00	14.11726
-2.895977	10.00	19.99724	0.007927186	0.00	0.06669491	-14.11397	10.00	14.11985
-2.888103	10.00	20.06349	0.007873681	0.00	0.06624475	-14.1169	10.00	14.12221
-2.880299	10.00	20.12915	0.00780453	0.00	0.06566295	-14.1195	10.00	14.12428
-2.872431	10.00	20.19534	0.007867961	0.00	0.06619663	-14.12191	10.00	14.1262
-2.864452	10.00	20.26247	0.007978503	0.00	0.06712666	-14.12409	10.00	14.12793
-2.856695	10.00	20.32774	0.007757755	0.00	0.06526942	-14.12611	10.00	14.12952
-2.848953	10.00	20.39288	0.007742109	0.00	0.06513777	-14.12801	10.00	14.13101
-2.84236	10.00	20.45914	0.006592491	0.00	0.06626174	-14.12973	10.00	14.13235
-2.835823	10.00	20.52484	0.006536719	0.00	0.06570117	-14.13131	10.00	14.13358
-2.829158	10.00	20.59184	0.006665445	0.00	0.06699501	-14.13266	10.00	14.1346
-2.822506	10.00	20.6587	0.006652206	0.00	0.06686194	-14.13374	10.00	14.1354
-2.815987	10.00	20.72422	0.006518974	0.00	0.06552281	-14.13478	10.00	14.13616
-2.809247	10.00	20.79197	0.00674009	0.00	0.06774527	-14.13571	10.00	14.13685
-2.802689	10.00	20.85787	0.006557282	0.00	0.06590784	-14.13654	10.00	14.13746
-2.796259	10.00	20.92251	0.006430245	0.00	0.06463099	-14.13731	10.00	14.13802
-2.78965	10.00	20.98893	0.00660911	0.00	0.06642878	-14.138	10.00	14.13853
-2.783018	10.00	21.05559	0.006631785	0.00	0.06665669	-14.13857	10.00	14.13895
-2.776621	10.00	21.11989	0.006397572	0.00	0.06430259	-14.13908	10.00	14.13932
-2.770069	10.00	21.18575	0.006551648	0.00	0.06585123	-14.13951	10.00	14.13964
-2.763335	10.00	21.25343	0.006734175	0.00	0.06768581	-14.13982	10.00	14.13987
-2.756916	10.00	21.31795	0.006419261	0.00	0.06452058	-14.14	10.00	14.14
-2.750299	10.00	21.38446	0.006616716	0.00	0.06650522	-14.14	10.00	14.14
-2.743562	10.00	21.45217	0.006737273	0.00	0.06771696	-14.14	10.00	14.14
-2.737187	10.00	21.51624	0.006374192	0.00	0.06406759	-14.14	10.00	14.14
-2.730602	10.00	21.58244	0.006585872	0.00	0.06619521	-14.14	10.00	14.14
-2.723943	10.00	21.64936	0.006658263	0.00	0.06692281	-14.14	10.00	14.14
-2.717467	10.00	21.71445	0.006475877	0.00	0.06508964	-14.14	10.00	14.14
-2.710892	10.00	21.78054	0.006575309	0.00	0.06608904	-14.14	10.00	14.14
-2.70431	10.00	21.84669	0.00658207	0.00	0.06615699	-14.14	10.00	14.14
-2.697731	10.00	21.91282	0.006578689	0.00	0.06612302	-14.14	10.00	14.14
-2.691027	10.00	21.9802	0.006703895	0.00	0.06738146	-14.14	10.00	14.14
-2.684373	10.00	22.04708	0.006653897	0.00	0.06687893	-14.14	10.00	14.14
-2.677975	10.00	22.11139	0.006398557	0.00	0.06431249	-14.14	10.00	14.14
-2.671056	10.00	22.18093	0.006918531	0.00	0.0695388	-14.14	10.00	14.14
-2.664882	10.00	22.24299	0.006174484	0.00	0.06206031	-14.14	10.00	14.14
-2.658225	10.00	22.3099	0.006656572	0.00	0.06690583	-14.14	10.00	14.14
-2.651615	10.00	22.37633	0.006609955	0.00	0.06643727	-14.14	10.00	14.14
-2.645156	10.00	22.44126	0.006459259	0.00	0.06492261	-14.14	10.00	14.14
-2.638532	10.00	22.50783	0.006623616	0.00	0.06657458	-14.14	10.00	14.14
-2.631789	10.00	22.57561	0.006743611	0.00	0.06778066	-14.14	10.00	14.14
-2.6254	10.00	22.63983	0.006389262	0.00	0.06421907	-14.14	10.00	14.14
-2.618734	10.00	22.70683	0.006665586	0.00	0.06699643	-14.14	10.00	14.14
-2.612231	10.00	22.77219	0.006503341	0.00	0.06536568	-14.14	10.00	14.14
-2.605702	10.00	22.83781	0.00652841	0.00	0.06561765	-14.14	10.00	14.14
-2.599078	10.00	22.90439	0.006624461	0.00	0.06658307	-14.14	10.00	14.14
-2.592313	10.00	22.97239	0.006765018	0.00	0.06799582	-14.14	10.00	14.14
-2.58593	10.00	23.03654	0.006382924	0.00	0.06415536	-14.14	10.00	14.14
-2.579351	10.00	23.10267	0.006579253	0.00	0.06612868	-14.14	10.00	14.14
-2.572811	10.00	23.1684	0.006539254	0.00	0.06572665	-14.14	10.00	14.14
-2.566227	10.00	23.23458	0.006584041	0.00	0.06617681	-14.14	10.00	14.14
-2.559627	10.00	23.30092	0.00660066	0.00	0.06634384	-14.14	10.00	14.14
-2.553064	10.00	23.36688	0.006562774	0.00	0.06596305	-14.14	10.00	14.14
-2.54648	10.00	23.43306	0.006583619	0.00	0.06617256	-14.14	10.00	14.14
-2.5397	10.00	23.50121	0.006780651	0.00	0.06815295	-14.14	10.00	14.14
-2.533323	10.00	23.5653	0.006376586	0.00	0.06409166	-14.14	10.00	14.14
-2.526746	10.00	23.63141	0.006577563	0.00	0.06611169	-14.14	10.00	14.14
-2.519986	10.00	23.69935	0.006759244	0.00	0.06793778	-14.14	10.00	14.14
-2.513615	10.00	23.76339	0.006371093	0.00	0.06403645	-14.14	10.00	14.14
-2.507031	10.00	23.82956	0.006583619	0.00	0.06617256	-14.14	10.00	14.14
-2.500459	10.00	23.89562	0.006572915	0.00	0.06606498	-14.14	10.00	14.14
-2.49391	10.00	23.96144	0.006548691	0.00	0.0658215	-14.14	10.00	14.14
-2.48727	10.00	24.02819	0.006640377	0.00	0.06674304	-14.14	10.00	14.14
-2.480631	10.00	24.09491	0.006638686	0.00	0.06672605	-14.14	10.00	14.14
-2.474144	10.00	24.16011	0.006486863	0.00	0.06520006	-14.14	10.00	14.14
-2.467605	10.00	24.22584	0.006539396	0.00	0.06572807	-14.14	10.00	14.14
-2.46083	10.00	24.29394	0.006774736	0.00	0.0680935	-14.14	10.00	14.14
-2.454373	10.00	24.35884	0.006457146	0.00	0.06490137	-14.14	10.00	14.14
-2.447845	10.00	24.42445	0.006527846	0.00	0.06561199	-14.14	10.00	14.14
-2.441278	10.00	24.49045	0.006566859	0.00	0.0660041	-14.14	10.00	14.14
-2.434711	10.00	24.55646	0.006567141	0.00	0.06600694	-14.14	10.00	14.14
-2.428101	10.00	24.6229	0.006610378	0.00	0.06644152	-14.14	10.00	14.14
-2.421558	10.00	24.68866	0.006542071	0.00	0.06575496	-14.14	10.00	14.14
-2.414926	10.00	24.75532	0.006632771	0.00	0.0666666	-14.14	10.00	14.14
-2.408399	10.00	24.82092	0.006526579	0.00	0.06559925	-14.14	10.00	14.14
-2.401844	10.00	24.88681	0.006555169	0.00	0.06588662	-14.14	10.00	14.14
-2.395277	10.00	24.95281	0.006566718	0.00	0.06600269	-14.14	10.00	14.14
-2.388594	10.00	25.01999	0.006683473	0.00	0.0671762	-14.14	10.00	14.14
-2.382053	10.00	25.08572	0.00654024	0.00	0.06573656	-14.14	10.00	14.14
-2.375484	10.00	25.15175	0.006569112	0.00	0.06602675	-14.14	10.00	14.14
-2.369289	10.00	25.22074	0.006195614	0.00	0.06898673	-14.14	10.00	14.14
-2.363747	10.00	25.28244	0.005541396	0.00	0.06170217	-14.14	10.00	14.14
-2.357818	10.00	25.34846	0.005929274	0.00	0.06602109	-14.14	10.00	14.14
-2.351798	10.00	25.41549	0.006020046	0.00	0.06703182	-14.14	10.00	14.14
-2.345959	10.00	25.48051	0.005839011	0.00	0.06501603	-14.14	10.00	14.14
-2.339936	10.00	25.54757	0.00602297	0.00	0.06706437	-14.14	10.00	14.14
-2.333748	10.00	25.61648	0.006188495	0.00	0.06890745	-14.14	10.00	14.14
-2.32815	10.00	25.67881	0.00559797	0.00	0.0623321	-14.14	10.00	14.14
-2.322192	10.00	25.74515	0.005957243	0.00	0.06633252	-14.14	10.00	14.14
-2.316255	10.00	25.81125	0.005937029	0.00	0.06610744	-14.14	10.00	14.14
-2.310321	10.00	25.87733	0.005934741	0.00	0.06608196	-14.14	10.00	14.14
-2.30423	10.00	25.94515	0.00609073	0.00	0.06781887	-14.14	10.00	14.14
-2.298295	10.00	26.01124	0.005935249	0.00	0.06608763	-14.14	10.00	14.14
-2.292378	10.00	26.07712	0.005916434	0.00	0.06587812	-14.14	10.00	14.14
-2.286445	10.00	26.14319	0.005933597	0.00	0.06606922	-14.14	10.00	14.14
-2.280559	10.00	26.20872	0.005885669	0.00	0.06553555	-14.14	10.00	14.14
-2.27462	10.00	26.27485	0.005938809	0.00	0.06612726	-14.14	10.00	14.14
-2.268622	10.00	26.34163	0.005997798	0.00	0.06678409	-14.14	10.00	14.14
-2.262674	10.00	26.40787	0.005948089	0.00	0.0662306	-14.14	10.00	14.14
-2.256799	10.00	26.47329	0.005875498	0.00	0.0654223	-14.14	10.00	14.14
-2.250843	10.00	26.5396	0.005955717	0.00	0.06631553	-14.14	10.00	14.14
-2.244804	10.00	26.60684	0.006038734	0.00	0.0672399	-14.14	10.00	14.14
-2.239022	10.00	26.67123	0.00578231	0.00	0.06438468	-14.14	10.00	14.14
-2.23291	10.00	26.73928	0.006112089	0.00	0.0680567	-14.14	10.00	14.14
-2.227024	10.00	26.80482	0.00588605	0.00	0.0655398	-14.14	10.00	14.14
-2.221193	10.00	26.86975	0.005831256	0.00	0.06492969	-14.14	10.00	14.14
-2.215194	10.00	26.93655	0.005998942	0.00	0.06679683	-14.14	10.00	14.14
-2.209305	10.00	27.00212	0.00588872	0.00	0.06556953	-14.14	10.00	14.14
-2.20338	10.00	27.0681	0.005925078	0.00	0.06597438	-14.14	10.00	14.14
-2.197183	10.00	27.13709	0.006196631	0.00	0.06899805	-14.14	10.00	14.14
-2.191506	10.00	27.2003	0.005676792	0.00	0.06320976	-14.14	10.00	14.14
-2.185596	10.00	27.26612	0.00591084	0.00	0.06581584	-14.14	10.00	14.14
22.52115
