-0.0445767	10.00	-49.93257	-0.0445767	0.00	0.06742818	-40	10.00	0
-0.2770928	10.00	-49.58086	-0.2325161	0.00	0.3517114	-39.99371	10.00	-0.003665807
-0.3476221	10.00	-49.47417	-0.07052932	0.00	0.106685	-39.98637	10.00	-0.006091565
-0.3965748	10.00	-49.40013	-0.04895267	0.00	0.07404742	-39.96931	10.00	-0.01204307
-0.4825267	10.00	-49.27011	-0.0859519	0.00	0.1300137	-39.95708	10.00	-0.01410391
-0.5258026	10.00	-49.20465	-0.04327589	0.00	0.06546053	-39.92887	10.00	-0.01901371
-0.6121007	10.00	-49.07412	-0.08629816	0.00	0.1305374	-39.91062	10.00	-0.02133194
-0.6567167	10.00	-49.00663	-0.044616	0.00	0.06748763	-39.89149	10.00	-0.02322319
-0.6986384	10.00	-48.94322	-0.04192173	0.00	0.06341218	-39.8694	10.00	-0.02497568
-0.7426453	10.00	-48.87665	-0.04400678	0.00	0.06656609	-39.82012	10.00	-0.02815139
-0.8323002	10.00	-48.74104	-0.089655	0.00	0.1356151	-39.79345	10.00	-0.02931059
-0.8736165	10.00	-48.67854	-0.04131624	0.00	0.0624963	-39.76291	10.00	-0.03052273
-0.9177	10.00	-48.61186	-0.04408352	0.00	0.06668217	-39.73065	10.00	-0.03169166
-0.9611977	10.00	-48.54606	-0.04349768	0.00	0.06579602	-39.66098	10.00	-0.03395745
-1.049302	10.00	-48.41279	-0.08810433	0.00	0.1332695	-39.62154	10.00	-0.03479376
-1.093822	10.00	-48.34545	-0.04451961	0.00	0.06734183	-39.58192	10.00	-0.0354173
-1.136185	10.00	-48.28137	-0.04236345	0.00	0.06408034	-39.53861	10.00	-0.03598876
-1.180333	10.00	-48.22558	-0.04414809	0.00	0.05578728	-39.44901	10.00	-0.03691273
-1.244822	10.00	-48.17264	-0.06448856	0.00	0.05294411	-39.39964	10.00	-0.03714771
-1.264089	10.00	-48.15337	-0.01926732	0.00	0.01926732	-39.35232	10.00	-0.03721697
-1.265491	10.00	-48.15135	-0.001402243	0.00	0.002018614	-39.30324	10.00	-0.03719848
-1.265491	10.00	-48.15135	0	0.00	0	-39.17194	10.00	-0.03711656
-1.265491	10.00	-48.15135	0	0.00	0	-39.13514	10.00	-0.03709359
-1.265491	10.00	-48.15135	0	0.00	0	-39.05405	10.00	-0.03704292
-1.265491	10.00	-48.15135	0	0.00	0	-39.0041	10.00	-0.03701177
-1.265491	10.00	-48.15135	0	0.00	0	-38.95607	10.00	-0.03698179
-1.265491	10.00	-48.15135	0	0.00	0	-38.90671	10.00	-0.03695097
-1.265491	10.00	-48.15135	0	0.00	0	-38.80585	10.00	-0.03688806
-1.265491	10.00	-48.15135	0	0.00	0	-38.75539	10.00	-0.03685657
-1.265491	10.00	-48.15135	0	0.00	0	-38.70821	10.00	-0.0368272
-1.265491	10.00	-48.15135	0	0.00	0	-38.6579	10.00	-0.03679577
-1.265491	10.00	-48.15135	0	0.00	0	-38.55906	10.00	-0.03673413
-1.265491	10.00	-48.15135	0	0.00	0	-38.50845	10.00	-0.03670249
-1.265491	10.00	-48.15135	0	0.00	0	-38.46091	10.00	-0.03667279
-1.265491	10.00	-48.15135	0	0.00	0	-38.41115	10.00	-0.03664177
-1.265491	10.00	-48.15135	0	0.00	0	-38.31089	10.00	-0.03657923
-1.265491	10.00	-48.15135	0	0.00	0	-38.26009	10.00	-0.03654743
-1.265491	10.00	-48.15135	0	0.00	0	-38.21298	10.00	-0.03651805
-1.265491	10.00	-48.14571	0	0.00	0.005640432	-38.16326	10.00	-0.03648705
-1.265491	10.00	-48.12243	0	0.00	0.02328665	-38.11225	10.00	-0.03645517
-1.265491	10.00	-48.08733	0	0.00	0.03509137	-38.01215	10.00	-0.03639269
-1.265491	10.00	-47.96421	0	0.00	0.123121	-37.96211	10.00	-0.03636144
-1.260791	10.00	-47.89878	0.004699884	0.00	0.06542691	-37.91568	10.00	-0.03633249
-1.255232	10.00	-47.83688	0.005559195	0.00	0.06190035	-37.86493	10.00	-0.0363008
-1.249154	10.00	-47.7692	0.006078399	0.00	0.06768157	-37.76456	10.00	-0.0362382
-1.237136	10.00	-47.63539	0.01201784	0.00	0.1338159	-37.71547	10.00	-0.03620757
-1.231258	10.00	-47.56994	0.005877913	0.00	0.0654492	-37.66787	10.00	-0.03617782
-1.225558	10.00	-47.50647	0.005700184	0.00	0.06347022	-37.61737	10.00	-0.03614625
-1.21951	10.00	-47.43913	0.006048142	0.00	0.06734466	-37.56847	10.00	-0.03611581
-1.213656	10.00	-47.37394	0.005854012	0.00	0.06518307	-37.46719	10.00	-0.03605256
-1.201529	10.00	-47.23891	0.01212718	0.00	0.1350333	-37.41786	10.00	-0.03602181
-1.195619	10.00	-47.17311	0.005909569	0.00	0.06580168	-37.37046	10.00	-0.03599223
-1.189944	10.00	-47.10992	0.005674758	0.00	0.06318711	-37.32063	10.00	-0.03596118
-1.183976	10.00	-47.04347	0.005967922	0.00	0.06645143	-37.21992	10.00	-0.03589828
-1.171918	10.00	-46.9092	0.01205814	0.00	0.1342646	-37.1692	10.00	-0.03586664
-1.165844	10.00	-46.84157	0.006074077	0.00	0.06763344	-37.08229	10.00	-0.03581242
-1.155439	10.00	-46.7257	0.01040556	0.00	0.1158636	-37.01993	10.00	-0.03577349
-1.147971	10.00	-46.64256	0.007467435	0.00	0.08314816	-36.92254	10.00	-0.03571266
-1.136308	10.00	-46.51269	0.0116634	0.00	0.1298693	-36.87396	10.00	-0.03568238
-1.13049	10.00	-46.44791	0.005817271	0.00	0.06477397	-36.81346	10.00	-0.03564458
-1.123247	10.00	-46.36726	0.00724343	0.00	0.08065391	-36.72347	10.00	-0.0355884
-1.11247	10.00	-46.24726	0.01077717	0.00	0.1200013	-36.67559	10.00	-0.03555849
-1.106737	10.00	-46.18342	0.00573311	0.00	0.06383686	-36.62422	10.00	-0.03552653
-1.100585	10.00	-46.11492	0.006152008	0.00	0.06850118	-36.52645	10.00	-0.03546545
-1.088879	10.00	-45.98458	0.01170599	0.00	0.1303435	-36.47617	10.00	-0.03543403
-1.082858	10.00	-45.91753	0.006021063	0.00	0.06704314	-36.42835	10.00	-0.03540419
-1.07713	10.00	-45.85376	0.005727135	0.00	0.06377032	-36.3786	10.00	-0.03537317
-1.071174	10.00	-45.78745	0.005956099	0.00	0.06631978	-36.27791	10.00	-0.03531033
-1.059117	10.00	-45.65318	0.01205776	0.00	0.1342604	-36.22857	10.00	-0.03527958
-1.053209	10.00	-45.5874	0.005908043	0.00	0.06578469	-36.18085	10.00	-0.03524972
-1.047495	10.00	-45.52378	0.005713914	0.00	0.06362311	-36.12941	10.00	-0.03521767
-1.041335	10.00	-45.45519	0.006159509	0.00	0.0685847	-36.02987	10.00	-0.03515556
-1.029416	10.00	-45.32247	0.01191932	0.00	0.1327188	-35.98254	10.00	-0.03512602
-1.023748	10.00	-45.25937	0.005667638	0.00	0.06310783	-35.93179	10.00	-0.03509433
-1.017672	10.00	-45.1917	0.006076365	0.00	0.06765892	-35.88312	10.00	-0.0350639
-1.011843	10.00	-45.1268	0.005829095	0.00	0.06490562	-35.78353	10.00	-0.03500181
-0.9999178	10.00	-44.99402	0.01192491	0.00	0.1327811	-35.73373	10.00	-0.03497075
-0.9939554	10.00	-44.92763	0.005962455	0.00	0.06639056	-35.68405	10.00	-0.03493974
-0.9880051	10.00	-44.86137	0.005950251	0.00	0.06625466	-35.63478	10.00	-0.03490896
-0.9821059	10.00	-44.79568	0.005899271	0.00	0.06568702	-35.53449	10.00	-0.0348464
-0.9700959	10.00	-44.66196	0.01200996	0.00	0.1337281	-35.48476	10.00	-0.03481534
-0.9641403	10.00	-44.59565	0.00595559	0.00	0.06631412	-35.43666	10.00	-0.0347853
-0.9583812	10.00	-44.53152	0.005759045	0.00	0.06412563	-35.38736	10.00	-0.03475454
-0.9524782	10.00	-44.46579	0.005903085	0.00	0.06572948	-35.28635	10.00	-0.03469155
-0.9403848	10.00	-44.33113	0.01209336	0.00	0.1346568	-35.23745	10.00	-0.03466102
-0.9345276	10.00	-44.26591	0.005857191	0.00	0.06521846	-35.18935	10.00	-0.03463093
-0.9287673	10.00	-44.20177	0.005760317	0.00	0.06413979	-35.13802	10.00	-0.03459889
-0.9226214	10.00	-44.13334	0.006145905	0.00	0.06843323	-35.03896	10.00	-0.0345371
-0.9107581	10.00	-44.00125	0.01186325	0.00	0.1320946	-34.98907	10.00	-0.034506
-0.904785	10.00	-43.93474	0.005973135	0.00	0.06650947	-34.94159	10.00	-0.0344763
-0.8990996	10.00	-43.87143	0.005685437	0.00	0.06330602	-34.8917	10.00	-0.03444516
-0.8931272	10.00	-43.80493	0.005972372	0.00	0.06650098	-34.84132	10.00	-0.0344138
-0.8870925	10.00	-43.73774	0.006034666	0.00	0.0671946	-34.74225	10.00	-0.03435192
-0.8752294	10.00	-43.60564	0.01186312	0.00	0.1320931	-34.69036	10.00	-0.03431952
-0.8690165	10.00	-43.53646	0.006212904	0.00	0.06917924	-34.64402	10.00	-0.03429063
-0.8634679	10.00	-43.47468	0.005548643	0.00	0.06178286	-34.59413	10.00	-0.03425946
-0.8574937	10.00	-43.40816	0.005974151	0.00	0.06652079	-34.54318	10.00	-0.03422768
-0.8513929	10.00	-43.34023	0.006100774	0.00	0.06793071	-34.44404	10.00	-0.03416575
-0.8395209	10.00	-43.20803	0.01187202	0.00	0.1321922	-34.39414	10.00	-0.03413465
-0.8335459	10.00	-43.14151	0.005975041	0.00	0.0665307	-34.34591	10.00	-0.03410455
-0.8277703	10.00	-43.07719	0.005775572	0.00	0.06430966	-34.297	10.00	-0.03407403
-0.8219134	10.00	-43.01198	0.005856937	0.00	0.06521563	-34.19712	10.00	-0.0340117
-0.8099549	10.00	-42.87883	0.01195847	0.00	0.1331548	-34.14654	10.00	-0.03398011
-0.8038958	10.00	-42.81136	0.006059075	0.00	0.0674664	-34.09901	10.00	-0.03395039
-0.7982052	10.00	-42.74799	0.005690648	0.00	0.06336405	-34.04902	10.00	-0.03391915
-0.7922188	10.00	-42.68134	0.005986356	0.00	0.06665669	-33.99829	10.00	-0.0338876
-0.786144	10.00	-42.6137	0.006074839	0.00	0.06764193	-33.89888	10.00	-0.03382546
-0.77424	10.00	-42.48115	0.01190393	0.00	0.1325475	-33.84889	10.00	-0.03379439
-0.7682538	10.00	-42.41449	0.005986229	0.00	0.06665527	-33.80102	10.00	-0.03376442
-0.7625223	10.00	-42.35067	0.005731458	0.00	0.06381845	-33.75155	10.00	-0.0337336
-0.7565983	10.00	-42.28471	0.005924061	0.00	0.06596305	-33.70139	10.00	-0.03370222
-0.750593	10.00	-42.21785	0.006005298	0.00	0.0668676	-33.60139	10.00	-0.03363992
-0.7386176	10.00	-42.0845	0.01197538	0.00	0.1333431	-33.55172	10.00	-0.03360888
-0.7326698	10.00	-42.01827	0.005947835	0.00	0.06622776	-33.49955	10.00	-0.03357632
-0.7264233	10.00	-41.94872	0.006246467	0.00	0.06955296	-33.40228	10.00	-0.03351561
-0.7147753	10.00	-41.81902	0.01164802	0.00	0.129698	-33.34003	10.00	-0.03347675
-0.7073213	10.00	-41.73602	0.007453959	0.00	0.0829981	-33.25359	10.00	-0.03342281
-0.6969699	10.00	-41.62077	0.01035141	0.00	0.1152605	-33.19052	10.00	-0.03338353
-0.6894189	10.00	-41.53669	0.007551088	0.00	0.08407961	-33.10499	10.00	-0.03333013
-0.6791757	10.00	-41.42263	0.01024309	0.00	0.1140544	-33.03525	10.00	-0.03328651
-0.6708249	10.00	-41.32964	0.008350871	0.00	0.092985	-32.95419	10.00	-0.03323596
-0.6611197	10.00	-41.22158	0.009705199	0.00	0.1080651	-32.89261	10.00	-0.03319749
-0.6537454	10.00	-41.13947	0.007374248	0.00	0.08211054	-32.80783	10.00	-0.03314455
-0.6435928	10.00	-41.02642	0.01015257	0.00	0.1130466	-32.7577	10.00	-0.03311333
-0.6375898	10.00	-40.95958	0.006003137	0.00	0.06684354	-32.71041	10.00	-0.03308381
-0.6319277	10.00	-40.89653	0.005662044	0.00	0.06304555	-32.6607	10.00	-0.03305281
-0.6259749	10.00	-40.83025	0.005952793	0.00	0.06628297	-32.61087	10.00	-0.03302174
-0.620008	10.00	-40.76381	0.005966905	0.00	0.06644011	-32.51021	10.00	-0.03295886
-0.607955	10.00	-40.6296	0.01205293	0.00	0.1342066	-32.46196	10.00	-0.03292875
-0.6021765	10.00	-40.56526	0.005778496	0.00	0.06434222	-32.41239	10.00	-0.03289779
-0.5962413	10.00	-40.49918	0.005935249	0.00	0.06608763	-32.31265	10.00	-0.03283555
-0.5842975	10.00	-40.36618	0.01194385	0.00	0.132992	-32.26161	10.00	-0.03280366
-0.578185	10.00	-40.29812	0.00611247	0.00	0.06806094	-32.21015	10.00	-0.03277158
-0.5720235	10.00	-40.22952	0.006161543	0.00	0.06860735	-32.11228	10.00	-0.03271047
-0.560304	10.00	-40.09902	0.01171947	0.00	0.1304936	-32.06472	10.00	-0.03268076
-0.5546098	10.00	-40.03562	0.005694208	0.00	0.06340369	-32.01266	10.00	-0.03264828
-0.5483757	10.00	-39.9662	0.006234007	0.00	0.06941423	-31.91542	10.00	-0.03258764
-0.5367314	10.00	-39.83654	0.01164433	0.00	0.1296569	-31.86643	10.00	-0.03255694
-0.5308647	10.00	-39.77122	0.005866725	0.00	0.06532463	-31.81473	10.00	-0.03252473
-0.5246739	10.00	-39.70229	0.006190783	0.00	0.06893294	-31.71719	10.00	-0.03246387
-0.5129936	10.00	-39.57223	0.01168031	0.00	0.1300575	-31.66843	10.00	-0.03243347
-0.5071564	10.00	-39.50723	0.005837231	0.00	0.06499621	-31.56866	10.00	-0.03237113
-0.4952086	10.00	-39.3742	0.01194779	0.00	0.1330359	-31.51851	10.00	-0.03233993
-0.4892025	10.00	-39.30732	0.006006061	0.00	0.0668761	-31.41837	10.00	-0.03227744
-0.477212	10.00	-39.17381	0.01199051	0.00	0.1335116	-31.36868	10.00	-0.03224637
-0.4712621	10.00	-39.10756	0.005949869	0.00	0.06625041	-31.27008	10.00	-0.03218484
-0.4594547	10.00	-38.97609	0.01180744	0.00	0.1314731	-31.22224	10.00	-0.03215498
-0.4537262	10.00	-38.9123	0.005728534	0.00	0.0637859	-31.12178	10.00	-0.03209225
-0.4416973	10.00	-38.77836	0.0120289	0.00	0.1339391	-31.06797	10.00	-0.0320587
-0.435254	10.00	-38.70662	0.006443266	0.00	0.07174427	-31.02058	10.00	-0.03202904
-0.4295783	10.00	-38.64342	0.005675647	0.00	0.06319702	-30.92426	10.00	-0.03196897
-0.418044	10.00	-38.51499	0.01153436	0.00	0.1284325	-30.87556	10.00	-0.03193862
-0.4122128	10.00	-38.45006	0.005831129	0.00	0.06492827	-30.77541	10.00	-0.03187611
-0.4002197	10.00	-38.31652	0.01199318	0.00	0.1335413	-30.72507	10.00	-0.03184463
-0.3941925	10.00	-38.24941	0.006027165	0.00	0.06711109	-30.62649	10.00	-0.0317831
-0.3823881	10.00	-38.11797	0.01180439	0.00	0.1314391	-30.57767	10.00	-0.03175265
-0.3765421	10.00	-38.05288	0.005846003	0.00	0.06509389	-30.47709	10.00	-0.03168992
-0.3644977	10.00	-37.91876	0.01204441	0.00	0.1341118	-30.42641	10.00	-0.03165823
-0.3584296	10.00	-37.8512	0.006068101	0.00	0.0675669	-30.37449	10.00	-0.03162578
-0.3522128	10.00	-37.78197	0.006216845	0.00	0.06922313	-30.27815	10.00	-0.03156576
-0.3406766	10.00	-37.65352	0.01153614	0.00	0.1284523	-30.2217	10.00	-0.03153057
-0.3339163	10.00	-37.57825	0.006760331	0.00	0.07527472	-30.1665	10.00	-0.03149606
-0.3273062	10.00	-37.50464	0.006610062	0.00	0.07360151	-30.07778	10.00	-0.03144068
-0.3166829	10.00	-37.38636	0.01062334	0.00	0.1182884	-29.9929	10.00	-0.03138773
-0.3065195	10.00	-37.27319	0.01016338	0.00	0.1131669	-29.92837	10.00	-0.03134748
-0.2987909	10.00	-37.18713	0.007728563	0.00	0.08605576	-29.83187	10.00	-0.03128722
-0.2872364	10.00	-37.05848	0.01155458	0.00	0.1286575	-29.73805	10.00	-0.0312287
-0.2760016	10.00	-36.93338	0.01123471	0.00	0.1250959	-29.66122	10.00	-0.03118071
-0.2668018	10.00	-36.83094	0.009199852	0.00	0.1024382	-29.584	10.00	-0.03113251
-0.2575548	10.00	-36.72798	0.009247018	0.00	0.1029634	-29.48484	10.00	-0.03107061
-0.2456815	10.00	-36.59577	0.0118733	0.00	0.1322064	-29.4362	10.00	-0.03104026
-0.2398566	10.00	-36.53091	0.005824899	0.00	0.06485891	-29.37629	10.00	-0.03100287
-0.2326829	10.00	-36.45103	0.007173635	0.00	0.07987676	-29.28745	10.00	-0.03094741
-0.2220445	10.00	-36.33258	0.01063847	0.00	0.1184569	-29.23233	10.00	-0.03091296
-0.2154442	10.00	-36.25909	0.006600272	0.00	0.0734925	-29.13954	10.00	-0.03085506
-0.2043334	10.00	-36.13537	0.01111076	0.00	0.1237158	-29.09085	10.00	-0.03082471
-0.1985033	10.00	-36.07045	0.005830112	0.00	0.06491695	-29.04227	10.00	-0.03079431
-0.1926857	10.00	-36.00568	0.005817653	0.00	0.06477822	-28.99251	10.00	-0.03076328
-0.1867269	10.00	-35.93933	0.005958769	0.00	0.06634951	-28.89164	10.00	-0.03070039
-0.1746494	10.00	-35.80485	0.01207747	0.00	0.1344798	-28.84295	10.00	-0.03067001
-0.1688186	10.00	-35.73992	0.005830875	0.00	0.06492544	-28.74367	10.00	-0.03060802
-0.156929	10.00	-35.60753	0.01188957	0.00	0.1323876	-28.69524	10.00	-0.03057772
-0.1511305	10.00	-35.54297	0.005798456	0.00	0.06456447	-28.64504	10.00	-0.0305464
-0.145119	10.00	-35.47603	0.006011528	0.00	0.06693697	-28.54618	10.00	-0.03048465
-0.1332811	10.00	-35.34422	0.01183795	0.00	0.1318129	-28.49468	10.00	-0.03045259
-0.1271143	10.00	-35.27555	0.006166755	0.00	0.06866539	-28.44734	10.00	-0.03042302
-0.1214459	10.00	-35.21244	0.005668401	0.00	0.06311633	-28.39688	10.00	-0.03039157
-0.1154042	10.00	-35.14516	0.006041658	0.00	0.06727246	-28.3484	10.00	-0.03036126
-0.109598	10.00	-35.08051	0.005806211	0.00	0.06465081	-28.24839	10.00	-0.03029882
-0.09762341	10.00	-34.94718	0.01197462	0.00	0.1333346	-28.19743	10.00	-0.03026699
-0.09152098	10.00	-34.87923	0.006102427	0.00	0.06794911	-28.15	10.00	-0.03023748
-0.08584152	10.00	-34.81599	0.005679461	0.00	0.06323949	-28.10021	10.00	-0.03020642
-0.07987894	10.00	-34.7496	0.005962583	0.00	0.06639197	-27.99717	10.00	-0.03014214
-0.06754034	10.00	-34.61221	0.0123386	0.00	0.1373874	-27.94907	10.00	-0.03011213
-0.06178066	10.00	-34.54808	0.005759681	0.00	0.06413271	-27.89767	10.00	-0.03008002
-0.05562586	10.00	-34.47955	0.006154805	0.00	0.06853233	-27.79999	10.00	-0.03001906
-0.04392889	10.00	-34.3493	0.01169696	0.00	0.130243	-27.75201	10.00	-0.02998904
-0.03818319	10.00	-34.28533	0.005745697	0.00	0.063977	-27.65224	10.00	-0.02992683
-0.02623629	10.00	-34.1523	0.01194691	0.00	0.133026	-27.6032	10.00	-0.02989623
-0.02036397	10.00	-34.08691	0.005872319	0.00	0.06538691	-27.50177	10.00	-0.02983292
-0.008218869	10.00	-33.95168	0.0121451	0.00	0.1352329	-27.45096	10.00	-0.02980116
-0.002134494	10.00	-33.88393	0.006084375	0.00	0.0677481	-27.35391	10.00	-0.02974065
0.009486573	10.00	-33.75454	0.01162107	0.00	0.1293979	-27.30622	10.00	-0.02971086
0.01519845	10.00	-33.69093	0.00571188	0.00	0.06360046	-27.20539	10.00	-0.02964788
0.02727071	10.00	-33.55651	0.01207226	0.00	0.1344218	-27.15843	10.00	-0.02961861
0.0328936	10.00	-33.4939	0.005622888	0.00	0.06260955	-27.05593	10.00	-0.02955465
0.04516875	10.00	-33.35722	0.01227516	0.00	0.136681	-27.00752	10.00	-0.02952438
0.0509653	10.00	-33.29268	0.005796549	0.00	0.06454323	-26.90756	10.00	-0.02946208
0.06293509	10.00	-33.1594	0.01196979	0.00	0.1332808	-26.86038	10.00	-0.02943255
0.06858506	10.00	-33.09649	0.005649967	0.00	0.06291107	-26.7591	10.00	-0.02936942
0.08071338	10.00	-32.96144	0.01212832	0.00	0.135046	-26.70366	10.00	-0.02933482
0.08735102	10.00	-32.88753	0.006637649	0.00	0.07390869	-26.60924	10.00	-0.02927588
0.09865719	10.00	-32.76164	0.01130616	0.00	0.1258915	-26.55005	10.00	-0.02923898
0.1057454	10.00	-32.68272	0.007088203	0.00	0.07892549	-26.4601	10.00	-0.02918283
0.1165171	10.00	-32.56277	0.0107717	0.00	0.1199404	-26.4056	10.00	-0.0291488
0.1230416	10.00	-32.49013	0.006524502	0.00	0.07264882	-26.31125	10.00	-0.02908995
0.1343399	10.00	-32.36432	0.01129828	0.00	0.1258037	-26.25282	10.00	-0.02905343
0.1413382	10.00	-32.2864	0.006998321	0.00	0.07792468	-26.16084	10.00	-0.02899599
0.1523522	10.00	-32.16376	0.01101402	0.00	0.1226385	-26.10747	10.00	-0.02896264
0.1587418	10.00	-32.09261	0.006389617	0.00	0.0711469	-26.01509	10.00	-0.02890503
0.1698047	10.00	-31.96943	0.01106283	0.00	0.1231821	-25.95771	10.00	-0.02886926
0.1766752	10.00	-31.89293	0.006870554	0.00	0.07650203	-25.86625	10.00	-0.02881218
0.1876277	10.00	-31.77098	0.01095248	0.00	0.1219534	-25.81154	10.00	-0.02877801
0.1941794	10.00	-31.69802	0.006551709	0.00	0.07295176	-25.71756	10.00	-0.0287194
0.2054324	10.00	-31.57272	0.01125302	0.00	0.1252998	-25.66652	10.00	-0.02868747
0.2115448	10.00	-31.50466	0.006112343	0.00	0.06805953	-25.56969	10.00	-0.02862705
0.2231381	10.00	-31.37557	0.01159335	0.00	0.1290893	-25.52065	10.00	-0.02859655
0.2290118	10.00	-31.31017	0.005873718	0.00	0.06540249	-25.47024	10.00	-0.02856498
0.2350474	10.00	-31.24297	0.006035556	0.00	0.06720451	-25.37421	10.00	-0.02850517
0.2465462	10.00	-31.11493	0.01149877	0.00	0.1280361	-25.32218	10.00	-0.02847279
0.2527764	10.00	-31.04556	0.006230194	0.00	0.06937176	-25.26883	10.00	-0.02843936
0.2591653	10.00	-30.97442	0.006388981	0.00	0.07113982	-25.17466	10.00	-0.02838057
0.2704406	10.00	-30.84887	0.01127527	0.00	0.1255475	-25.12479	10.00	-0.02834953
0.2764135	10.00	-30.78237	0.00597288	0.00	0.06650664	-25.0773	10.00	-0.02831984
0.2820998	10.00	-30.71905	0.005686326	0.00	0.06331593	-25.02748	10.00	-0.0282887
0.2880657	10.00	-30.65262	0.005965888	0.00	0.06642878	-24.97747	10.00	-0.02825757
0.2940537	10.00	-30.58595	0.005988009	0.00	0.06667509	-24.87777	10.00	-0.02819528
0.3059926	10.00	-30.45301	0.0119389	0.00	0.1329368	-24.827	10.00	-0.02816365
0.3120709	10.00	-30.38533	0.006078272	0.00	0.06768015	-24.77896	10.00	-0.02813358
0.3178252	10.00	-30.32125	0.005754341	0.00	0.06407326	-24.72781	10.00	-0.02810169
0.3239504	10.00	-30.25305	0.006125183	0.00	0.0682025	-24.62917	10.00	-0.02804019
0.3357615	10.00	-30.12154	0.01181113	0.00	0.1315142	-24.57954	10.00	-0.02800923
0.3417047	10.00	-30.05536	0.005943132	0.00	0.06617539	-24.53067	10.00	-0.0279787
0.3475573	10.00	-29.9902	0.005852614	0.00	0.0651675	-24.43001	10.00	-0.0279159
0.3596097	10.00	-29.856	0.01205242	0.00	0.1342009	-24.38256	10.00	-0.02788626
0.3652913	10.00	-29.79273	0.005681623	0.00	0.06326355	-24.33271	10.00	-0.02785516
0.3712614	10.00	-29.72626	0.005970084	0.00	0.0664755	-24.28313	10.00	-0.02782424
0.3771986	10.00	-29.66015	0.005937156	0.00	0.06610886	-24.18314	10.00	-0.02776187
0.3891709	10.00	-29.52684	0.01197233	0.00	0.1333091	-24.13467	10.00	-0.02773155
0.3949765	10.00	-29.46219	0.005805575	0.00	0.06464373	-24.0848	10.00	-0.02770041
0.4009469	10.00	-29.39571	0.005970465	0.00	0.06647974	-24.03532	10.00	-0.02766959
0.4068724	10.00	-29.32973	0.00592546	0.00	0.06597862	-23.93564	10.00	-0.0276073
0.4188077	10.00	-29.19684	0.01193534	0.00	0.1328972	-23.88503	10.00	-0.02757575
0.4248694	10.00	-29.12934	0.006061617	0.00	0.06749471	-23.83786	10.00	-0.02754631
0.4305168	10.00	-29.06646	0.005647424	0.00	0.06288276	-23.78742	10.00	-0.02751487
0.4365572	10.00	-28.9992	0.006040387	0.00	0.06725831	-23.68718	10.00	-0.02745234
0.44856	10.00	-28.86555	0.01200284	0.00	0.1336489	-23.63768	10.00	-0.02742147
0.4544878	10.00	-28.79955	0.005927749	0.00	0.0660041	-23.58951	10.00	-0.02739132
0.4602558	10.00	-28.73532	0.005768072	0.00	0.06422614	-23.53964	10.00	-0.02736023
0.4662272	10.00	-28.66883	0.005971355	0.00	0.06648965	-23.439	10.00	-0.02729747
0.478279	10.00	-28.53464	0.01205179	0.00	0.1341939	-23.38887	10.00	-0.02726608
0.4842805	10.00	-28.46782	0.006001485	0.00	0.06682514	-23.3405	10.00	-0.02723591
0.4900736	10.00	-28.40331	0.005793117	0.00	0.06450501	-23.29037	10.00	-0.0272047
0.4960766	10.00	-28.33647	0.00600301	0.00	0.06684212	-23.19181	10.00	-0.02714321
0.5078778	10.00	-28.20506	0.01180121	0.00	0.1314038	-23.14337	10.00	-0.02711297
0.5136796	10.00	-28.14046	0.005801762	0.00	0.06460127	-23.09303	10.00	-0.02708145
0.5197077	10.00	-28.07334	0.006028182	0.00	0.06712241	-22.99257	10.00	-0.02701881
0.531737	10.00	-27.9394	0.01202929	0.00	0.1339433	-22.94306	10.00	-0.02698793
0.5376645	10.00	-27.8734	0.005927494	0.00	0.06600127	-22.89575	10.00	-0.02695843
0.5433303	10.00	-27.81031	0.005665731	0.00	0.0630866	-22.84546	10.00	-0.02692693
0.5493523	10.00	-27.74326	0.00602208	0.00	0.06705447	-22.74543	10.00	-0.02686461
0.5613301	10.00	-27.60988	0.0119778	0.00	0.13337	-22.6954	10.00	-0.02683335
0.5673203	10.00	-27.54319	0.00599017	0.00	0.06669915	-22.64666	10.00	-0.02680289
0.5731573	10.00	-27.47819	0.005836977	0.00	0.06499338	-22.54562	10.00	-0.02673977
0.5852557	10.00	-27.34348	0.01209844	0.00	0.1347134	-22.49827	10.00	-0.0267103
0.5909259	10.00	-27.28034	0.005670181	0.00	0.06313615	-22.43788	10.00	-0.02667266
0.5981575	10.00	-27.19982	0.007231607	0.00	0.08052226	-22.34684	10.00	-0.02661571
0.6090602	10.00	-27.07842	0.01090265	0.00	0.1213985	-22.29294	10.00	-0.02658203
0.615513	10.00	-27.00657	0.006452801	0.00	0.07185044	-22.19794	10.00	-0.02652281
0.6268884	10.00	-26.87991	0.01137545	0.00	0.126663	-22.14421	10.00	-0.02648929
0.6333233	10.00	-26.80826	0.006434875	0.00	0.07165084	-22.0484	10.00	-0.02642944
0.6447961	10.00	-26.68051	0.01147283	0.00	0.1277473	-21.98127	10.00	-0.02638756
0.6528345	10.00	-26.59101	0.008038382	0.00	0.08950552	-21.90307	10.00	-0.02633875
0.6621985	10.00	-26.48674	0.009363979	0.00	0.1042657	-21.84364	10.00	-0.0263016
0.6693146	10.00	-26.4075	0.007116171	0.00	0.07923692	-21.75296	10.00	-0.02624511
0.6801735	10.00	-26.28659	0.01085879	0.00	0.1209101	-21.70298	10.00	-0.02621391
0.6861589	10.00	-26.21995	0.005985466	0.00	0.06664678	-21.60326	10.00	-0.02615168
0.6980991	10.00	-26.08699	0.01194017	0.00	0.132951	-21.55266	10.00	-0.02612014
0.7041587	10.00	-26.01952	0.006059583	0.00	0.06747206	-21.45659	10.00	-0.02606013
0.7156626	10.00	-25.89143	0.01150398	0.00	0.1280941	-21.40789	10.00	-0.02602983
0.7214941	10.00	-25.8265	0.00583151	0.00	0.06493252	-21.3068	10.00	-0.02596664
0.7335992	10.00	-25.69171	0.01210506	0.00	0.134787	-21.25884	10.00	-0.02593673
0.7393412	10.00	-25.62777	0.00574201	0.00	0.06393595	-21.15759	10.00	-0.02587355
0.7514661	10.00	-25.49277	0.01212489	0.00	0.1350078	-21.11016	10.00	-0.02584404
0.7571457	10.00	-25.42952	0.005679588	0.00	0.0632409	-21.0085	10.00	-0.02578052
0.7693182	10.00	-25.29399	0.01217256	0.00	0.1355387	-20.96111	10.00	-0.02575098
0.7749939	10.00	-25.23079	0.005675647	0.00	0.06319702	-20.8599	10.00	-0.0256878
0.787113	10.00	-25.09585	0.01211904	0.00	0.1349427	-20.80454	10.00	-0.02565326
0.7937419	10.00	-25.02203	0.006629004	0.00	0.07381243	-20.71089	10.00	-0.02559475
0.8049564	10.00	-24.89716	0.0112145	0.00	0.1248709	-20.6635	10.00	-0.02556523
0.8106307	10.00	-24.83398	0.005674249	0.00	0.06318145	-20.56258	10.00	-0.0255022
0.822715	10.00	-24.69942	0.01208433	0.00	0.1345562	-20.51633	10.00	-0.02547334
0.8282541	10.00	-24.63775	0.005539109	0.00	0.06167669	-20.41525	10.00	-0.02541028
0.8403578	10.00	-24.50298	0.01210366	0.00	0.1347714	-20.36564	10.00	-0.02537928
0.8462985	10.00	-24.43683	0.005940716	0.00	0.0661485	-20.26265	10.00	-0.02531505
0.8586307	10.00	-24.29951	0.01233224	0.00	0.1373166	-20.19426	10.00	-0.0252723
0.8668208	10.00	-24.20832	0.008190049	0.00	0.09119429	-20.11623	10.00	-0.02522364
0.8761639	10.00	-24.10428	0.00934313	0.00	0.1040336	-20.0141	10.00	-0.02515989
0.8883938	10.00	-23.96811	0.0122299	0.00	0.1361771	-19.95252	10.00	-0.0251214
0.8957668	10.00	-23.88601	0.007372976	0.00	0.08209638	-19.86946	10.00	-0.02506967
0.905713	10.00	-23.77526	0.00994624	0.00	0.1107491	-19.77061	10.00	-0.02500796
0.9175503	10.00	-23.64346	0.01183732	0.00	0.1318058	-19.71734	10.00	-0.02497464
0.923929	10.00	-23.57243	0.006378683	0.00	0.07102516	-19.62281	10.00	-0.02491571
0.9352489	10.00	-23.44639	0.01131989	0.00	0.1260444	-19.57313	10.00	-0.02488464
0.9411967	10.00	-23.38016	0.005947835	0.00	0.06622776	-19.52498	10.00	-0.02485455
0.9469631	10.00	-23.31595	0.005766292	0.00	0.06420632	-19.47509	10.00	-0.02482353
0.9529376	10.00	-23.24943	0.005974533	0.00	0.06652503	-19.37458	10.00	-0.02476068
0.9649726	10.00	-23.11542	0.01203501	0.00	0.134007	-19.32479	10.00	-0.02472965
0.9709344	10.00	-23.04904	0.00596182	0.00	0.06638348	-19.27667	10.00	-0.02469968
0.9766964	10.00	-22.98488	0.005761969	0.00	0.06415819	-19.226	10.00	-0.024668
0.982765	10.00	-22.9173	0.00606861	0.00	0.06757256	-19.12785	10.00	-0.02460678
0.9945182	10.00	-22.78644	0.01175316	0.00	0.1308687	-19.07691	10.00	-0.02457495
1.000617	10.00	-22.71853	0.00609874	0.00	0.06790806	-19.00799	10.00	-0.02453198
1.00887	10.00	-22.62663	0.008252979	0.00	0.09189501	-18.9295	10.00	-0.02448299
1.018269	10.00	-22.52197	0.009399322	0.00	0.1046593	-18.87215	10.00	-0.0244472
1.025136	10.00	-22.44551	0.00686674	0.00	0.07645956	-18.77838	10.00	-0.02438867
1.036364	10.00	-22.32049	0.0112281	0.00	0.1250223	-18.72046	10.00	-0.02435242
1.0433	10.00	-22.24326	0.006936408	0.00	0.0772353	-18.62807	10.00	-0.02429477
1.054363	10.00	-22.12008	0.01106271	0.00	0.1231807	-18.54927	10.00	-0.02424566
1.063799	10.00	-22.01501	0.009435427	0.00	0.1050613	-18.46998	10.00	-0.02419611
1.073293	10.00	-21.90929	0.009494796	0.00	0.1057224	-18.40544	10.00	-0.02415589
1.081022	10.00	-21.82323	0.007728817	0.00	0.08605859	-18.33282	10.00	-0.0241105
1.089718	10.00	-21.72641	0.008695523	0.00	0.09682263	-18.27549	10.00	-0.02407473
1.096583	10.00	-21.64997	0.00686496	0.00	0.07643974	-18.18196	10.00	-0.02401636
1.107783	10.00	-21.52526	0.01120001	0.00	0.1247095	-18.11999	10.00	-0.02397766
1.115203	10.00	-21.44264	0.007420397	0.00	0.0826244	-18.03613	10.00	-0.02392538
1.125245	10.00	-21.33082	0.01004184	0.00	0.1118136	-17.97824	10.00	-0.02388919
1.132177	10.00	-21.25363	0.006932467	0.00	0.07719141	-17.8857	10.00	-0.02383146
1.143258	10.00	-21.13025	0.01108076	0.00	0.1233817	-17.8335	10.00	-0.0237988
1.149509	10.00	-21.06065	0.006251044	0.00	0.06960392	-17.73736	10.00	-0.0237388
1.161022	10.00	-20.93246	0.01151275	0.00	0.1281918	-17.68679	10.00	-0.02370727
1.167077	10.00	-20.86504	0.00605488	0.00	0.06741969	-17.58872	10.00	-0.0236461
1.17882	10.00	-20.73428	0.01174337	0.00	0.1307597	-17.53375	10.00	-0.02361173
1.185403	10.00	-20.66098	0.006582474	0.00	0.07329433	-17.4399	10.00	-0.02355327
1.196641	10.00	-20.53584	0.0112384	0.00	0.125137	-17.38107	10.00	-0.02351645
1.203685	10.00	-20.45741	0.007043707	0.00	0.07843004	-17.29153	10.00	-0.02346051
1.214407	10.00	-20.33802	0.01072238	0.00	0.1193912	-17.24256	10.00	-0.02343005
1.220271	10.00	-20.27273	0.005863801	0.00	0.06529207	-17.14225	10.00	-0.0233674
1.232283	10.00	-20.13898	0.01201174	0.00	0.133748	-17.094	10.00	-0.02333736
1.238061	10.00	-20.07465	0.005777988	0.00	0.06433655	-17.03518	10.00	-0.02330057
1.245103	10.00	-19.99623	0.007042817	0.00	0.07842013	-16.94682	10.00	-0.02324543
1.255685	10.00	-19.8784	0.01058151	0.00	0.1178227	-16.89535	10.00	-0.0232133
1.261847	10.00	-19.80979	0.006162433	0.00	0.06861726	-16.84839	10.00	-0.02318398
1.267471	10.00	-19.74717	0.005623396	0.00	0.06261522	-16.79807	10.00	-0.02315258
1.273497	10.00	-19.68007	0.006026148	0.00	0.06709976	-16.6983	10.00	-0.0230903
1.285443	10.00	-19.54705	0.01194614	0.00	0.1330175	-16.64768	10.00	-0.02305873
1.291505	10.00	-19.47956	0.006061617	0.00	0.06749471	-16.6	10.00	-0.02302897
1.297214	10.00	-19.41599	0.005709591	0.00	0.06357498	-16.5506	10.00	-0.02299816
1.30313	10.00	-19.35012	0.005915163	0.00	0.06586397	-16.44853	10.00	-0.02293445
1.315352	10.00	-19.21402	0.01222265	0.00	0.1360964	-16.40219	10.00	-0.02290552
1.320901	10.00	-19.15224	0.00554877	0.00	0.06178427	-16.35222	10.00	-0.02287436
1.326885	10.00	-19.08562	0.005983559	0.00	0.06662554	-16.25257	10.00	-0.02281213
1.338818	10.00	-18.95274	0.01193356	0.00	0.1328774	-16.20179	10.00	-0.02278038
1.344898	10.00	-18.88504	0.006079416	0.00	0.06769289	-16.15431	10.00	-0.02275082
1.350583	10.00	-18.82173	0.005685945	0.00	0.06331168	-16.10447	10.00	-0.02271968
1.356552	10.00	-18.75527	0.005968685	0.00	0.06645992	-16.05457	10.00	-0.02268856
1.362527	10.00	-18.68875	0.00597466	0.00	0.06652645	-15.95446	10.00	-0.02262606
1.374515	10.00	-18.55525	0.01198873	0.00	0.1334917	-15.90459	10.00	-0.02259498
1.380487	10.00	-18.48877	0.005971228	0.00	0.06648824	-15.85745	10.00	-0.02256555
1.386132	10.00	-18.42591	0.005645009	0.00	0.06285586	-15.8066	10.00	-0.02253384
1.39222	10.00	-18.35812	0.006088442	0.00	0.06779339	-15.70684	10.00	-0.02247153
1.404167	10.00	-18.2251	0.01194652	0.00	0.1330218	-15.65656	10.00	-0.02244014
1.410186	10.00	-18.15807	0.006019792	0.00	0.06702898	-15.60977	10.00	-0.02241103
1.41579	10.00	-18.09568	0.005603183	0.00	0.06239014	-15.5589	10.00	-0.02237922
1.421881	10.00	-18.02785	0.006091112	0.00	0.06782312	-15.50951	10.00	-0.02234837
1.427795	10.00	-17.962	0.0059144	0.00	0.06585547	-15.40917	10.00	-0.02228572
1.439811	10.00	-17.8282	0.01201606	0.00	0.1337961	-15.35907	10.00	-0.02225455
1.44581	10.00	-17.76141	0.005998434	0.00	0.06679117	-15.31141	10.00	-0.02222474
1.451517	10.00	-17.69786	0.005707049	0.00	0.06354667	-15.2617	10.00	-0.02219372
1.457469	10.00	-17.63158	0.005952793	0.00	0.06628297	-15.212	10.00	-0.02216274
1.463421	10.00	-17.56532	0.005951141	0.00	0.06626457	-15.11169	10.00	-0.02210008
1.475433	10.00	-17.43156	0.012012	0.00	0.1337508	-15.06171	10.00	-0.02206898
1.481417	10.00	-17.36493	0.005984576	0.00	0.06663687	-15.01361	10.00	-0.02203886
1.487177	10.00	-17.30079	0.005760317	0.00	0.06413979	-14.96425	10.00	-0.02200813
1.493087	10.00	-17.23499	0.005909442	0.00	0.06580026	-14.86315	10.00	-0.02194495
1.505194	10.00	-17.10018	0.01210709	0.00	0.1348096	-14.81516	10.00	-0.02191502
1.51094	10.00	-17.0362	0.005745951	0.00	0.06397983	-14.7138	10.00	-0.02185178
1.523078	10.00	-16.90104	0.01213824	0.00	0.1351565	-14.66712	10.00	-0.02182274
1.528667	10.00	-16.83881	0.005589198	0.00	0.06223442	-14.61413	10.00	-0.02178955
1.535013	10.00	-16.76815	0.006345502	0.00	0.07065569	-14.51629	10.00	-0.02172852
1.546729	10.00	-16.6377	0.01171591	0.00	0.1304539	-14.46817	10.00	-0.02169849
1.552491	10.00	-16.57354	0.005762224	0.00	0.06416102	-14.41182	10.00	-0.0216634
1.559238	10.00	-16.49841	0.006747109	0.00	0.0751275	-14.31894	10.00	-0.02160537
1.570361	10.00	-16.37457	0.01112233	0.00	0.1238446	-14.26857	10.00	-0.02157397
1.576391	10.00	-16.30741	0.006030979	0.00	0.06715355	-14.22126	10.00	-0.02154448
1.582056	10.00	-16.24434	0.005664459	0.00	0.06307244	-14.17064	10.00	-0.02151291
1.588119	10.00	-16.17683	0.006062762	0.00	0.06750745	-14.07107	10.00	-0.02145072
1.600041	10.00	-16.04408	0.0119225	0.00	0.1327542	-14.02097	10.00	-0.02141946
1.606041	10.00	-15.97727	0.00599996	0.00	0.06680816	-13.97337	10.00	-0.02138973
1.61174	10.00	-15.91381	0.005698912	0.00	0.06345607	-13.92319	10.00	-0.02135844
1.617749	10.00	-15.8469	0.006008985	0.00	0.06690866	-13.82213	10.00	-0.02129534
1.629851	10.00	-15.71215	0.01210201	0.00	0.134753	-13.77453	10.00	-0.0212657
1.635551	10.00	-15.64868	0.005699929	0.00	0.06346739	-13.72611	10.00	-0.02123543
1.641348	10.00	-15.58413	0.005797312	0.00	0.06455173	-13.67518	10.00	-0.02120364
1.647447	10.00	-15.51622	0.006098867	0.00	0.06790947	-13.57481	10.00	-0.02114096
1.659466	10.00	-15.3824	0.01201835	0.00	0.1338216	-13.52789	10.00	-0.02111166
1.665084	10.00	-15.31984	0.005618947	0.00	0.06256567	-13.47725	10.00	-0.02108011
1.671148	10.00	-15.25232	0.006063652	0.00	0.06751736	-13.42699	10.00	-0.02104873
1.677167	10.00	-15.1853	0.006018647	0.00	0.06701624	-13.32844	10.00	-0.0209873
1.688968	10.00	-15.0539	0.01180083	0.00	0.1313995	-13.2771	10.00	-0.02095514
1.695115	10.00	-14.98545	0.006147431	0.00	0.06845022	-13.22976	10.00	-0.0209256
1.700784	10.00	-14.92233	0.005668782	0.00	0.06312057	-13.17705	10.00	-0.02089276
1.707096	10.00	-14.85205	0.006311685	0.00	0.07027915	-13.07948	10.00	-0.02083186
1.718779	10.00	-14.72196	0.01168311	0.00	0.1300887	-13.03008	10.00	-0.02080105
1.724694	10.00	-14.6561	0.005915417	0.00	0.0658668	-12.92918	10.00	-0.020738
1.736777	10.00	-14.52156	0.01208281	0.00	0.1345393	-12.88145	10.00	-0.02070825
1.742492	10.00	-14.45792	0.005715567	0.00	0.06364151	-12.78055	10.00	-0.02064526
1.754574	10.00	-14.32339	0.01208166	0.00	0.1345265	-12.73205	10.00	-0.02061503
1.760382	10.00	-14.25872	0.005808118	0.00	0.06467205	-12.67877	10.00	-0.02058165
1.766762	10.00	-14.18768	0.006379573	0.00	0.07103506	-12.58222	10.00	-0.02052142
1.778323	10.00	-14.05895	0.01156119	0.00	0.1287311	-12.5347	10.00	-0.02049175
1.784014	10.00	-13.99558	0.00569103	0.00	0.0633683	-12.43274	10.00	-0.02042813
1.796223	10.00	-13.85964	0.01220905	0.00	0.1359449	-12.38617	10.00	-0.02039908
1.8018	10.00	-13.79754	0.005577248	0.00	0.06210136	-12.28529	10.00	-0.02033613
1.813879	10.00	-13.66304	0.01207874	0.00	0.134494	-12.23412	10.00	-0.02030421
1.820007	10.00	-13.59481	0.006127726	0.00	0.06823081	-12.13726	10.00	-0.02024368
1.831606	10.00	-13.46566	0.01159907	0.00	0.129153	-12.08852	10.00	-0.02021321
1.837442	10.00	-13.40067	0.005836214	0.00	0.06498489	-11.98869	10.00	-0.02015102
1.849396	10.00	-13.26757	0.01195377	0.00	0.1331024	-11.94064	10.00	-0.02012095
1.85515	10.00	-13.20349	0.005754723	0.00	0.0640775	-11.83882	10.00	-0.02005746
1.867342	10.00	-13.06774	0.01219176	0.00	0.1357524	-11.79068	10.00	-0.02002735
1.873107	10.00	-13.00355	0.005764766	0.00	0.06418934	-11.68989	10.00	-0.01996443
1.885175	10.00	-12.86917	0.01206844	0.00	0.1343793	-11.64117	10.00	-0.01993404
1.89101	10.00	-12.8042	0.005834942	0.00	0.06497073	-11.53714	10.00	-0.01986906
1.903467	10.00	-12.66551	0.01245619	0.00	0.1386968	-11.48691	10.00	-0.01983779
1.909482	10.00	-12.59852	0.00601585	0.00	0.0669851	-11.39263	10.00	-0.01977898
1.920771	10.00	-12.47282	0.01128887	0.00	0.125699	-11.34485	10.00	-0.01974909
1.926492	10.00	-12.40912	0.00572116	0.00	0.06370379	-11.24283	10.00	-0.0196854
1.942661	10.00	-12.27308	0.01616867	0.00	0.1360341	-11.18754	10.00	-0.01965087
1.952852	10.00	-12.19936	0.01019046	0.00	0.07372466	-11.09391	10.00	-0.01959256
1.977359	10.00	-12.07453	0.02450693	0.00	0.1248312	-11.03619	10.00	-0.01955652
1.992468	10.00	-11.99756	0.01510951	0.00	0.0769635	-10.94512	10.00	-0.01949964
2.017483	10.00	-11.87614	0.02501433	0.00	0.1214268	-10.89116	10.00	-0.01946596
2.032302	10.00	-11.8042	0.01481951	0.00	0.0719382	-10.79682	10.00	-0.01940707
2.060651	10.00	-11.67841	0.02834909	0.00	0.1257896	-10.73729	10.00	-0.01937
2.081614	10.00	-11.59904	0.02096279	0.00	0.07937423	-10.64508	10.00	-0.01931236
2.116467	10.00	-11.47608	0.03485339	0.00	0.1229542	-10.56909	10.00	-0.01926491
2.145187	10.00	-11.37476	0.02872	0.00	0.1013171	-10.50157	10.00	-0.01922274
2.170706	10.00	-11.28474	0.02551868	0.00	0.09002361	-10.40121	10.00	-0.01916013
2.208637	10.00	-11.15093	0.03793152	0.00	0.1338131	-10.34709	10.00	-0.01912624
2.229092	10.00	-11.07877	0.02045427	0.00	0.07215762	-10.25267	10.00	-0.0190674
2.264779	10.00	-10.95287	0.03568723	0.00	0.1258958	-10.2039	10.00	-0.01903696
2.284471	10.00	-10.88785	0.01969238	0.00	0.06502736	-10.15341	10.00	-0.01900549
2.306164	10.00	-10.82052	0.02169284	0.00	0.06732767	-10.05325	10.00	-0.01894294
2.353071	10.00	-10.68698	0.04690693	0.00	0.1335441	-10.00748	10.00	-0.0189144
2.374504	10.00	-10.62596	0.02143253	0.00	0.06101844	-9.905519	10.00	-0.01885075
2.422256	10.00	-10.49001	0.04775219	0.00	0.1359506	-9.857051	10.00	-0.0188205
2.444955	10.00	-10.42538	0.02269894	0.00	0.06462391	-9.804524	10.00	-0.01878773
2.469555	10.00	-10.35534	0.02460029	0.00	0.07003708	-9.708308	10.00	-0.01872767
2.514615	10.00	-10.22706	0.04505977	0.00	0.1282852	-9.658625	10.00	-0.01869671
2.537884	10.00	-10.1621	0.02326924	0.00	0.06496464	-9.606717	10.00	-0.01866433
2.562193	10.00	-10.0949	0.02430893	0.00	0.06719717	-9.508165	10.00	-0.01860286
2.608348	10.00	-9.967312	0.04615514	0.00	0.1275866	-9.457515	10.00	-0.01857117
2.632069	10.00	-9.901739	0.02372121	0.00	0.06557256	-9.360318	10.00	-0.01851051
2.677589	10.00	-9.775908	0.04551969	0.00	0.1258301	-9.312466	10.00	-0.01848064
2.7	10.00	-9.713958	0.02241105	0.00	0.06195087	-9.260031	10.00	-0.01844797
2.724558	10.00	-9.646073	0.02455753	0.00	0.0678844	-9.162122	10.00	-0.01838683
2.77041	10.00	-9.519322	0.04585283	0.00	0.126751	-9.112923	10.00	-0.01835608
2.793452	10.00	-9.455629	0.02304152	0.00	0.06369368	-9.061569	10.00	-0.01832407
2.817502	10.00	-9.389148	0.02404987	0.00	0.06648108	-8.963923	10.00	-0.01826308
2.863233	10.00	-9.262733	0.04573101	0.00	0.1264142	-8.916084	10.00	-0.01823332
2.885637	10.00	-9.200801	0.02240459	0.00	0.061933	-8.814993	10.00	-0.01817008
2.932981	10.00	-9.069927	0.04734398	0.00	0.130873	-8.768434	10.00	-0.01814117
2.954786	10.00	-9.009652	0.02180494	0.00	0.06027541	-8.666257	10.00	-0.01807736
3.002639	10.00	-8.877373	0.04785263	0.00	0.132279	-8.61645	10.00	-0.01804624
3.025964	10.00	-8.812895	0.02332543	0.00	0.06447849	-8.517346	10.00	-0.0179844
3.072378	10.00	-8.684593	0.04641369	0.00	0.1283014	-8.471034	10.00	-0.01795551
3.094067	10.00	-8.624639	0.02168909	0.00	0.05995516	-8.369037	10.00	-0.01789184
3.141835	10.00	-8.492593	0.04776811	0.00	0.1320454	-8.321771	10.00	-0.01786234
3.163972	10.00	-8.4314	0.02213659	0.00	0.06119217	-8.219957	10.00	-0.01779884
3.211653	10.00	-8.299594	0.04768159	0.00	0.1318062	-8.172658	10.00	-0.01776923
3.233805	10.00	-8.238359	0.022152	0.00	0.06123477	-8.07143	10.00	-0.01770614
3.281214	10.00	-8.107309	0.04740812	0.00	0.1310503	-8.023127	10.00	-0.01767593
3.303835	10.00	-8.044777	0.02262137	0.00	0.06253226	-7.967542	10.00	-0.0176413
3.329867	10.00	-7.972816	0.02603228	0.00	0.07196103	-7.872589	10.00	-0.01758199
3.374336	10.00	-7.84989	0.04446907	0.00	0.1229259	-7.82472	10.00	-0.01755207
3.396755	10.00	-7.787919	0.02241851	0.00	0.06197149	-7.723696	10.00	-0.01748906
3.444067	10.00	-7.657134	0.04731216	0.00	0.130785	-7.67494	10.00	-0.01745864
3.466901	10.00	-7.594013	0.02283418	0.00	0.06312053	-7.575	10.00	-0.0173962
3.513705	10.00	-7.464632	0.0468045	0.00	0.1293817	-7.515221	10.00	-0.01735895
3.541702	10.00	-7.38724	0.02799678	0.00	0.07739151	-7.404877	10.00	-0.01729008
3.593379	10.00	-7.24439	0.05167672	0.00	0.14285	-7.333771	10.00	-0.01724562
3.626681	10.00	-7.152334	0.03330158	0.00	0.09205558	-7.267519	10.00	-0.01720432
3.657708	10.00	-7.066564	0.03102781	0.00	0.08577019	-7.178546	10.00	-0.01714881
3.699377	10.00	-6.951381	0.04166825	0.00	0.1151836	-7.127016	10.00	-0.01711657
3.72351	10.00	-6.884669	0.02413341	0.00	0.06671198	-7.029277	10.00	-0.01705556
3.769284	10.00	-6.758138	0.04577328	0.00	0.1265311	-6.974308	10.00	-0.01702123
3.795027	10.00	-6.686975	0.0257434	0.00	0.07116248	-6.880483	10.00	-0.01691464
3.838991	10.00	-6.565444	0.0439644	0.00	0.1215308	-6.827392	10.00	-0.01685427
3.863867	10.00	-6.49668	0.02487575	0.00	0.06876405	-6.732933	10.00	-0.01670518
3.908146	10.00	-6.374281	0.04427864	0.00	0.1223995	-6.685318	10.00	-0.01660897
3.930457	10.00	-6.312606	0.02231111	0.00	0.0616746	-6.584672	10.00	-0.01648619
3.977631	10.00	-6.182202	0.04717443	0.00	0.1304043	-6.536966	10.00	-0.01650879
4.000006	10.00	-6.12035	0.02237525	0.00	0.0618519	-6.436133	10.00	-0.01657729
4.04732	10.00	-5.98956	0.04731415	0.00	0.1307905	-6.386153	10.00	-0.01661113
4.070774	10.00	-5.924728	0.02345322	0.00	0.06483173	-6.287614	10.00	-0.01661975
4.117015	10.00	-5.796903	0.04624116	0.00	0.1278244	-6.239357	10.00	-0.01664787
4.139668	10.00	-5.734282	0.02265369	0.00	0.0626216	-6.138751	10.00	-0.0166848
4.186902	10.00	-5.603715	0.0472331	0.00	0.1305665	-6.089952	10.00	-0.01668332
4.209812	10.00	-5.540386	0.02290976	0.00	0.06332945	-5.991153	10.00	-0.01670007
4.256181	10.00	-5.412205	0.04636993	0.00	0.1281804	-5.942596	10.00	-0.01669079
4.278976	10.00	-5.349194	0.0227949	0.00	0.06301195	-5.842844	10.00	-0.01672681
4.327061	10.00	-5.224999	0.04808455	0.00	0.1241942	-5.7946	10.00	-0.01676773
4.351551	10.00	-5.166214	0.02449004	0.00	0.05878545	-5.694196	10.00	-0.01682448
4.406388	10.00	-5.05949	0.05483758	0.00	0.1067241	-5.646485	10.00	-0.01685126
4.433681	10.00	-5.012471	0.02729284	0.00	0.04701889	-5.545734	10.00	-0.01679423
4.506952	10.00	-4.927482	0.07327092	0.00	0.08498906	-5.498107	10.00	-0.01675147
4.54283	10.00	-4.892219	0.03587826	0.00	0.03526258	-5.39695	10.00	-0.01659869
4.619028	10.00	-4.826482	0.07619766	0.00	0.06573723	-5.349377	10.00	-0.01651643
4.654849	10.00	-4.795578	0.03582074	0.00	0.03090327	-5.249389	10.00	-0.01625366
4.731389	10.00	-4.734534	0.07654	0.00	0.06104476	-5.200382	10.00	-0.01612502
4.768904	10.00	-4.704613	0.03751521	0.00	0.0299204	-5.100054	10.00	-0.01583127
4.845768	10.00	-4.625156	0.07686418	0.00	0.07945765	-5.05206	10.00	-0.01569092
4.879435	10.00	-4.580944	0.03366702	0.00	0.0442122	-4.952402	10.00	-0.01534291
4.933879	10.00	-4.455668	0.05444355	0.00	0.1252749	-4.903074	10.00	-0.01516008
4.956354	10.00	-4.390505	0.02247499	0.00	0.06516313	-4.802809	10.00	-0.01474045
4.998172	10.00	-4.256692	0.04181861	0.00	0.1338131	-4.755246	10.00	-0.01452275
5.018007	10.00	-4.193223	0.01983496	0.00	0.06346881	-4.654158	10.00	-0.01406031
5.060197	10.00	-4.058223	0.04218977	0.00	0.1350007	-4.606304	10.00	-0.01378461
5.083293	10.00	-3.997331	0.02309579	0.00	0.06089172	-4.505838	10.00	-0.01320744
5.148691	10.00	-3.904616	0.06539819	0.00	0.09271518	-4.458565	10.00	-0.01291487
5.184381	10.00	-3.866477	0.03568975	0.00	0.03813949	-4.357331	10.00	-0.01219384
5.260883	10.00	-3.787349	0.07650199	0.00	0.07912754	-4.305929	10.00	-0.01182496
5.29976	10.00	-3.747138	0.03887683	0.00	0.04021108	-4.209355	10.00	-0.01113392
5.372796	10.00	-3.671595	0.07303614	0.00	0.07554273	-4.149181	10.00	-0.01070412
5.418304	10.00	-3.624525	0.0455082	0.00	0.04707004	-4.061775	10.00	-0.01008161
5.484406	10.00	-3.556155	0.06610124	0.00	0.06836983	-4.015388	10.00	-0.009730748
5.519507	10.00	-3.519849	0.03510185	0.00	0.03630655	-3.91284	10.00	-0.009035227
5.597136	10.00	-3.439556	0.07762825	0.00	0.08029245	-3.863256	10.00	-0.008773288
5.635317	10.00	-3.402663	0.03818144	0.00	0.03689316	-3.765209	10.00	-0.00834357
5.712041	10.00	-3.341214	0.07672418	0.00	0.06144935	-3.706635	10.00	-0.0081943
5.757824	10.00	-3.305305	0.04578285	0.00	0.03590849	-3.616354	10.00	-0.00806719
5.828344	10.00	-3.249995	0.07052038	0.00	0.05531068	-3.561948	10.00	-0.008097727
5.870847	10.00	-3.216659	0.04250291	0.00	0.03333597	-3.468719	10.00	-0.008199478
5.942482	10.00	-3.159526	0.07163428	0.00	0.05713218	-3.417057	10.00	-0.008335863
5.981472	10.00	-3.127895	0.03899105	0.00	0.0316311	-3.320354	10.00	-0.008578145
6.054437	10.00	-3.068704	0.07296425	0.00	0.0591915	-3.267451	10.00	-0.008710365
6.094353	10.00	-3.036322	0.03991603	0.00	0.03238147	-3.172593	10.00	-0.008853543
6.165939	10.00	-2.978249	0.07158637	0.00	0.05807372	-3.112203	10.00	-0.00895544
6.211487	10.00	-2.941298	0.04554814	0.00	0.03695047	-3.02607	10.00	-0.009027861
6.276408	10.00	-2.888632	0.06492066	0.00	0.05266622	-2.977018	10.00	-0.009038283
6.313368	10.00	-2.858648	0.03696059	0.00	0.0299839	-2.876428	10.00	-0.008978094
6.389173	10.00	-2.797153	0.07580387	0.00	0.06149511	-2.82809	10.00	-0.008945349
6.425575	10.00	-2.767622	0.03640225	0.00	0.02953095	-2.728365	10.00	-0.008807562
6.500711	10.00	-2.706669	0.0751361	0.00	0.06095339	-2.68074	10.00	-0.00872757
6.536573	10.00	-2.677576	0.03586228	0.00	0.02909291	-2.579163	10.00	-0.008529177
6.613089	10.00	-2.615503	0.07651557	0.00	0.06207248	-2.532091	10.00	-0.008409014
6.648551	10.00	-2.586735	0.0354621	0.00	0.02876827	-2.431076	10.00	-0.008068756
6.72464	10.00	-2.525008	0.07608903	0.00	0.06172645	-2.383388	10.00	-0.00789907
6.760577	10.00	-2.495855	0.03593737	0.00	0.02915382	-2.282124	10.00	-0.007509426
6.836872	10.00	-2.433962	0.07629431	0.00	0.06189299	-2.235495	10.00	-0.007317368
6.872013	10.00	-2.405453	0.03514179	0.00	0.02850842	-2.13355	10.00	-0.006876683
6.94881	10.00	-2.343153	0.07679674	0.00	0.06230057	-2.08503	10.00	-0.006666982
6.985379	10.00	-2.313486	0.03656919	0.00	0.02966638	-1.98585	10.00	-0.006239249
7.060196	10.00	-2.252791	0.07481739	0.00	0.06069485	-1.936067	10.00	-0.005987489
7.090042	10.00	-2.222301	0.02984567	0.00	0.03049063	-1.836774	10.00	-0.005486936
7.126415	10.00	-2.171778	0.03637267	0.00	0.05052296	-1.78745	10.00	-0.005238553
7.141288	10.00	-2.149875	0.01487338	0.00	0.02190268	-1.689051	10.00	-0.004652987
7.154383	10.00	-2.126585	0.01309499	0.00	0.0232906	-1.641511	10.00	-0.004372782
7.160096	10.00	-2.115945	0.005712261	0.00	0.01063928	-1.54135	10.00	-0.003777202
7.164348	10.00	-2.093515	0.004252251	0.00	0.02242981	-1.493732	10.00	-0.003494506
7.164517	10.00	-2.085938	0.0001697511	0.00	0.007577053	-1.391716	10.00	-0.002891132
7.164517	10.00	-2.085938	0	0.00	0	-1.342884	10.00	-0.002625154
7.164517	10.00	-2.085938	0	0.00	0	-1.244744	10.00	-0.002079423
7.164517	10.00	-2.085938	0	0.00	0	-1.189373	10.00	-0.001772061
7.164517	10.00	-2.085938	0	0.00	0	-1.096004	10.00	-0.001228662
7.164517	10.00	-2.085938	0	0.00	0	-1.04104	10.00	-0.0009094519
7.164517	10.00	-2.085938	0	0.00	0	-0.9475774	10.00	-0.0004088977
7.164517	10.00	-2.085938	0	0.00	0	-0.8963498	10.00	-0.0001351508
7.164517	10.00	-2.085938	0	0.00	0	-0.8000312	10.00	0.0003391321
7.164517	10.00	-2.085938	0	0.00	0	-0.753248	10.00	0.0005688517
7.164517	10.00	-2.085938	0	0.00	0	-0.6532865	10.00	0.001058056
7.164517	10.00	-2.085938	0	0.00	0	-0.6028239	10.00	0.001304589
7.164517	10.00	-2.085938	0	0.00	0	-0.5040066	10.00	0.001825012
7.164517	10.00	-2.085938	0	0.00	0	-0.4566878	10.00	0.002073766
7.164517	10.00	-2.085938	0	0.00	0	-0.3539377	10.00	0.002611718
7.164517	10.00	-2.085938	0	0.00	0	-0.3016763	10.00	0.00288474
7.164517	10.00	-2.085938	0	0.00	0	-0.2068724	10.00	0.003400328
7.164517	10.00	-2.085938	0	0.00	0	-0.1594465	10.00	0.003648167
7.164517	10.00	-2.085938	0	0.00	0	-0.1032796	10.00	0.003968544
7.164517	10.00	-2.085938	0	0.00	0	-0.008928756	10.00	0.004505727
7.164517	10.00	-2.085938	0	0.00	0	0.05666872	10.00	0.00490413
7.164517	10.00	-2.085938	0	0.00	0	0.137868	10.00	0.005355021
7.164517	10.00	-2.085938	0	0.00	0	0.1932182	10.00	0.00564491
7.164517	10.00	-2.085938	0	0.00	0	0.2867592	10.00	0.006132862
7.164517	10.00	-2.085938	0	0.00	0	0.3527495	10.00	0.006476429
7.164517	10.00	-2.085938	0	0.00	0	0.4311197	10.00	0.006882684
7.164517	10.00	-2.085938	0	0.00	0	0.4888693	10.00	0.007118893
7.164517	10.00	-2.085938	0	0.00	0	0.5822921	10.00	0.007420334
7.164517	10.00	-2.085938	0	0.00	0	0.6382539	10.00	0.007518398
7.164517	10.00	-2.085938	0	0.00	0	0.7286733	10.00	0.00759976
7.164517	10.00	-2.085938	0	0.00	0	0.7766836	10.00	0.007589834
7.164517	10.00	-2.085938	0	0.00	0	0.8758475	10.00	0.007461369
7.164517	10.00	-2.085938	0	0.00	0	0.9281878	10.00	0.007314578
7.164517	10.00	-2.085938	0	0.00	0	1.021622	10.00	0.006941342
7.164517	10.00	-2.085938	0	0.00	0	1.06991	10.00	0.006718056
7.164517	10.00	-2.085938	0	0.00	0	1.167555	10.00	0.00620708
7.164517	10.00	-2.085938	0	0.00	0	1.219422	10.00	0.005989873
7.164517	10.00	-2.085938	0	0.00	0	1.314893	10.00	0.005700375
7.164517	10.00	-2.085938	0	0.00	0	1.361459	10.00	0.005519139
7.164517	10.00	-2.085938	0	0.00	0	1.46124	10.00	0.005075211
7.164517	10.00	-2.085938	0	0.00	0	1.513038	10.00	0.004776719
7.164517	10.00	-2.085938	0	0.00	0	1.608669	10.00	0.004094589
7.164517	10.00	-2.085938	0	0.00	0	1.656548	10.00	0.003735014
7.164517	10.00	-2.085938	0	0.00	0	1.754618	10.00	0.003000363
7.164517	10.00	-2.085938	0	0.00	0	1.802266	10.00	0.002643903
7.164517	10.00	-2.085938	0	0.00	0	1.902967	10.00	0.001845422
7.164517	10.00	-2.085938	0	0.00	0	1.955136	10.00	0.001456087
7.164517	10.00	-2.085938	0	0.00	0	2.049267	10.00	0.000755926
7.164517	10.00	-2.085938	0	0.00	0	2.098679	10.00	0.0003889358
7.164517	10.00	-2.085938	0	0.00	0	2.199138	10.00	-0.0003548253
7.164517	10.00	-2.085938	0	0.00	0	2.251272	10.00	-0.0007403113
7.164517	10.00	-2.085938	0	0.00	0	2.342684	10.00	-0.001413992
7.164517	10.00	-2.085938	0	0.00	0	2.391062	10.00	-0.001792635
7.164517	10.00	-2.085938	0	0.00	0	2.490869	10.00	-0.002578922
7.164517	10.00	-2.085938	0	0.00	0	2.538766	10.00	-0.002955599
7.164517	10.00	-2.085938	0	0.00	0	2.637729	10.00	-0.003777026
7.164517	10.00	-2.085938	0	0.00	0	2.690345	10.00	-0.004263017
7.164517	10.00	-2.085938	0	0.00	0	2.784326	10.00	-0.0051631
7.164517	10.00	-2.085938	0	0.00	0	2.831244	10.00	-0.005691615
7.164517	10.00	-2.085938	0	0.00	0	2.930556	10.00	-0.006926002
7.164517	10.00	-2.085938	0	0.00	0	2.979712	10.00	-0.00762078
7.164517	10.00	-2.085938	0	0.00	0	3.076219	10.00	-0.009121095
7.164517	10.00	-2.085938	0	0.00	0	3.122703	10.00	-0.009908046
7.164517	10.00	-2.085938	0	0.00	0	3.22131	10.00	-0.01162803
7.164517	10.00	-2.085938	0	0.00	0	3.269773	10.00	-0.01254061
7.164517	10.00	-2.085938	0	0.00	0	3.364984	10.00	-0.01437403
7.164517	10.00	-2.085938	0	0.00	0	3.412387	10.00	-0.0153283
7.164517	10.00	-2.085938	0	0.00	0	3.511727	10.00	-0.0173702
7.164517	10.00	-2.085938	0	0.00	0	3.560275	10.00	-0.01838608
7.164517	10.00	-2.085938	0	0.00	0	3.658633	10.00	-0.02041286
7.164517	10.00	-2.085938	0	0.00	0	3.715302	10.00	-0.02153648
7.164517	10.00	-2.085938	0	0.00	0	3.802507	10.00	-0.02330886
7.164517	10.00	-2.085938	0	0.00	0	3.863871	10.00	-0.02450556
7.164517	10.00	-2.085938	0	0.00	0	3.946614	10.00	-0.02609646
7.164517	10.00	-2.085938	0	0.00	0	3.997341	10.00	-0.02706409
7.164517	10.00	-2.085938	0	0.00	0	4.091862	10.00	-0.02885926
7.164517	10.00	-2.085938	0	0.00	0	4.145975	10.00	-0.02993938
7.164517	10.00	-2.085938	0	0.00	0	4.237178	10.00	-0.03173941
7.164517	10.00	-2.085938	0	0.00	0	4.288507	10.00	-0.03264949
7.164517	10.00	-2.085938	0	0.00	0	4.38163	10.00	-0.03414428
7.164517	10.00	-2.085938	0	0.00	0	4.427811	10.00	-0.0347749
7.164517	10.00	-2.085938	0	0.00	0	4.527077	10.00	-0.03600668
7.164517	10.00	-2.085938	0	0.00	0	4.573308	10.00	-0.03649461
7.164517	10.00	-2.085938	0	0.00	0	4.673276	10.00	-0.037443
7.164517	10.00	-2.085938	0	0.00	0	4.724126	10.00	-0.03787053
7.164517	10.00	-2.085938	0	0.00	0	4.817285	10.00	-0.03870505
7.164517	10.00	-2.085938	0	0.00	0	4.869061	10.00	-0.03927535
7.164517	10.00	-2.085938	0	0.00	0	4.965225	10.00	-0.04037347
7.164517	10.00	-2.085938	0	0.00	0	5.021184	10.00	-0.04103972
7.164517	10.00	-2.085938	0	0.00	0	5.108373	10.00	-0.04212883
7.164517	10.00	-2.085938	0	0.00	0	5.155653	10.00	-0.04276255
7.164517	10.00	-2.085938	0	0.00	0	5.257307	10.00	-0.0442575
7.164517	10.00	-2.085938	0	0.00	0	5.31074	10.00	-0.04519796
7.164517	10.00	-2.085938	0	0.00	0	5.397867	10.00	-0.04669464
7.164517	10.00	-2.085938	0	0.00	0	5.448721	10.00	-0.04750763
7.164517	10.00	-2.085938	0	0.00	0	5.543656	10.00	-0.04911279
7.164517	10.00	-2.085938	0	0.00	0	5.592159	10.00	-0.04993129
7.164517	10.00	-2.085938	0	0.00	0	5.68755	10.00	-0.05156943
7.164517	10.00	-2.085938	0	0.00	0	5.737938	10.00	-0.05243278
7.164517	10.00	-2.085938	0	0.00	0	5.832898	10.00	-0.05411968
7.164517	10.00	-2.085938	0	0.00	0	5.878541	10.00	-0.0549565
7.164517	10.00	-2.085938	0	0.00	0	5.977074	10.00	-0.05679033
7.164517	10.00	-2.085938	0	0.00	0	6.024914	10.00	-0.05770939
7.164517	10.00	-2.085938	0	0.00	0	6.122213	10.00	-0.05965528
7.164517	10.00	-2.085938	0	0.00	0	6.168065	10.00	-0.0605378
7.164517	10.00	-2.085938	0	0.00	0	6.265529	10.00	-0.062206
7.164517	10.00	-2.085938	0	0.00	0	6.314459	10.00	-0.06290738
7.164517	10.00	-2.085938	0	0.00	0	6.412532	10.00	-0.06411988
7.164517	10.00	-2.085938	0	0.00	0	6.458474	10.00	-0.0646171
7.164517	10.00	-2.085938	0	0.00	0	6.558476	10.00	-0.06561086
7.164517	10.00	-2.085938	0	0.00	0	6.606273	10.00	-0.06601813
7.164517	10.00	-2.085938	0	0.00	0	6.70344	10.00	-0.06664857
7.164517	10.00	-2.085938	0	0.00	0	6.750377	10.00	-0.0667739
7.164517	10.00	-2.085938	0	0.00	0	6.848754	10.00	-0.06691843
7.164517	10.00	-2.085938	0	0.00	0	6.899731	10.00	-0.06684887
7.164517	10.00	-2.085938	0	0.00	0	6.993832	10.00	-0.06662457
7.164517	10.00	-2.085938	0	0.00	0	7.038708	10.00	-0.06652056
7.164517	10.00	-2.085938	0	0.00	0	7.137856	10.00	-0.06634472
7.164517	10.00	-2.085938	0	0.00	0	7.183585	10.00	-0.0662436
7.164517	10.00	-2.085938	0	0.00	0	7.282965	10.00	-0.06603447
7.164517	10.00	-2.085938	0	0.00	0	7.336444	10.00	-0.065958
7.164517	10.00	-2.085938	0	0.00	0	7.427146	10.00	-0.0659443
7.164517	10.00	-2.085938	0	0.00	0	7.481602	10.00	-0.06580605
7.164517	10.00	-2.085938	0	0.00	0	7.571069	10.00	-0.06558988
7.164517	10.00	-2.085938	0	0.00	0	7.646947	10.00	-0.0653473
7.164517	10.00	-2.085938	0	0.00	0	7.715327	10.00	-0.06509121
7.164517	10.00	-2.085938	0	0.00	0	7.813395	10.00	-0.06472345
7.164517	10.00	-2.085938	0	0.00	0	7.867194	10.00	-0.06451815
7.164517	10.00	-2.085938	0	0.00	0	7.958059	10.00	-0.06430282
7.164517	10.00	-2.085938	0	0.00	0	8.014366	10.00	-0.06412031
7.164517	10.00	-2.085938	0	0.00	0	8.10121	10.00	-0.0638376
7.164517	10.00	-2.085938	0	0.00	0	8.147161	10.00	-0.06367239
7.164517	10.00	-2.085938	0	0.00	0	8.246239	10.00	-0.06323592
7.164517	10.00	-2.085938	0	0.00	0	8.291814	10.00	-0.06303094
7.164517	10.00	-2.085938	0	0.00	0	8.391624	10.00	-0.06262473
7.164517	10.00	-2.085938	0	0.00	0	8.444619	10.00	-0.06236313
7.164517	10.00	-2.085938	0	0.00	0	8.534861	10.00	-0.06192012
7.164517	10.00	-2.085938	0	0.00	0	8.586366	10.00	-0.06159357
7.164517	10.00	-2.085938	0	0.00	0	8.681543	10.00	-0.06090038
7.164517	10.00	-2.085938	0	0.00	0	8.730099	10.00	-0.06055797
7.164517	10.00	-2.085938	0	0.00	0	8.783512	10.00	-0.06029133
7.164517	10.00	-2.085938	0	0.00	0	8.875886	10.00	-0.0598288
7.164517	10.00	-2.085938	0	0.00	0	8.923882	10.00	-0.05963426
7.164517	10.00	-2.085938	0	0.00	0	8.975442	10.00	-0.05937858
7.164517	10.00	-2.085938	0	0.00	0	9.069581	10.00	-0.05890011
7.164517	10.00	-2.085938	0	0.00	0	9.114916	10.00	-0.05862403
7.164517	10.00	-2.085938	0	0.00	0	9.215445	10.00	-0.05809079
7.164517	10.00	-2.085938	0	0.00	0	9.262888	10.00	-0.0578993
7.164517	10.00	-2.085938	0	0.00	0	9.358972	10.00	-0.05741719
7.164517	10.00	-2.085938	0	0.00	0	9.406624	10.00	-0.0571779
7.164517	10.00	-2.085938	0	0.00	0	9.503873	10.00	-0.05664257
7.164517	10.00	-2.085938	0	0.00	0	9.55231	10.00	-0.05637373
7.164517	10.00	-2.085938	0	0.00	0	9.650463	10.00	-0.05582972
7.164517	10.00	-2.085938	0	0.00	0	9.698055	10.00	-0.05554746
7.164517	10.00	-2.085938	0	0.00	0	9.748202	10.00	-0.05525047
7.164517	10.00	-2.085938	0	0.00	0	9.845597	10.00	-0.05467413
7.164517	10.00	-2.085938	0	0.00	0	9.890775	10.00	-0.05440701
7.164517	10.00	-2.085938	0	0.00	0	9.989595	10.00	-0.05382027
7.164517	10.00	-2.085938	0	0.00	0	10.03523	10.00	-0.05354781
7.164517	10.00	-2.085938	0	0.00	0	10.13508	10.00	-0.05293123
7.164517	10.00	-2.085938	0	0.00	0	10.18267	10.00	-0.05262275
7.164517	10.00	-2.085938	0	0.00	0	10.2333	10.00	-0.05231759
7.164517	10.00	-2.085938	0	0.00	0	10.32909	10.00	-0.05185841
7.164517	10.00	-2.085938	0	0.00	0	10.37672	10.00	-0.05163867
7.164517	10.00	-2.085938	0	0.00	0	10.42786	10.00	-0.05137995
7.164517	10.00	-2.085938	0	0.00	0	10.5215	10.00	-0.05093267
7.164517	10.00	-2.085938	0	0.00	0	10.56939	10.00	-0.05070151
7.164517	10.00	-2.085938	0	0.00	0	10.66637	10.00	-0.05026866
7.164517	10.00	-2.085938	0	0.00	0	10.71348	10.00	-0.05003875
7.164517	10.00	-2.085938	0	0.00	0	10.81121	10.00	-0.04963659
7.164517	10.00	-2.085938	0	0.00	0	10.85914	10.00	-0.04946882
7.164517	10.00	-2.085938	0	0.00	0	10.9575	10.00	-0.04910446
7.164517	10.00	-2.085938	0	0.00	0	11.01274	10.00	-0.0488981
7.164517	10.00	-2.085938	0	0.00	0	11.10555	10.00	-0.04855083
7.164517	10.00	-2.085938	0	0.00	0	11.16152	10.00	-0.04834131
7.164517	10.00	-2.085938	0	0.00	0	11.24931	10.00	-0.04810603
7.164517	10.00	-2.085938	0	0.00	0	11.30371	10.00	-0.04796025
7.164517	10.00	-2.085938	0	0.00	0	11.3944	10.00	-0.04771648
7.164517	10.00	-2.085938	0	0.00	0	11.45507	10.00	-0.04755286
7.164517	10.00	-2.085938	0	0.00	0	11.5395	10.00	-0.04725951
7.164517	10.00	-2.085938	0	0.00	0	11.60628	10.00	-0.04697994
7.164517	10.00	-2.085938	0	0.00	0	11.68253	10.00	-0.04670441
7.164517	10.00	-2.085938	0	0.00	0	11.73711	10.00	-0.04650739
7.164517	10.00	-2.085938	0	0.00	0	11.82894	10.00	-0.0461207
7.164517	10.00	-2.085938	0	0.00	0	11.8755	10.00	-0.04592712
7.164517	10.00	-2.085938	0	0.00	0	11.92546	10.00	-0.04569686
7.164517	10.00	-2.085938	0	0.00	0	12.02397	10.00	-0.04528929
7.164517	10.00	-2.085938	0	0.00	0	12.07146	10.00	-0.04509505
7.164517	10.00	-2.085938	0	0.00	0	12.16936	10.00	-0.04474086
7.164517	10.00	-2.085938	0	0.00	0	12.21531	10.00	-0.04461114
7.164517	10.00	-2.085938	0	0.00	0	12.31525	10.00	-0.04428822
7.164517	10.00	-2.085938	0	0.00	0	12.36208	10.00	-0.04406479
7.164517	10.00	-2.085938	0	0.00	0	12.46103	10.00	-0.04350701
7.164517	10.00	-2.085938	0	0.00	0	12.50752	10.00	-0.04318596
7.164517	10.00	-2.085938	0	0.00	0	12.6074	10.00	-0.04245043
7.164517	10.00	-2.085938	0	0.00	0	12.65444	10.00	-0.04210364
7.164517	10.00	-2.085938	0	0.00	0	12.75455	10.00	-0.04133408
7.164517	10.00	-2.085938	0	0.00	0	12.80015	10.00	-0.04098318
7.164517	10.00	-2.085938	0	0.00	0	12.8989	10.00	-0.04022223
7.164517	10.00	-2.085938	0	0.00	0	12.94785	10.00	-0.03984474
7.164517	10.00	-2.085938	0	0.00	0	13.04732	10.00	-0.03907667
7.164517	10.00	-2.085938	0	0.00	0	13.09347	10.00	-0.0387199
7.164517	10.00	-2.085938	0	0.00	0	13.19379	10.00	-0.03794353
7.164517	10.00	-2.085938	0	0.00	0	13.2406	10.00	-0.03758096
7.164517	10.00	-2.085938	0	0.00	0	13.33878	10.00	-0.03678333
7.164517	10.00	-2.085938	0	0.00	0	13.3871	10.00	-0.03638111
7.164517	10.00	-2.085938	0	0.00	0	13.48641	10.00	-0.03552271
7.164517	10.00	-2.085938	0	0.00	0	13.53347	10.00	-0.03505241
7.164517	10.00	-2.085938	0	0.00	0	13.6322	10.00	-0.03406543
7.164517	10.00	-2.085938	0	0.00	0	13.68131	10.00	-0.03357484
7.164517	10.00	-2.085938	0	0.00	0	13.77846	10.00	-0.03260538
7.164517	10.00	-2.085938	0	0.00	0	13.82714	10.00	-0.03211997
7.164517	10.00	-2.085938	0	0.00	0	13.92521	10.00	-0.03113107
7.164517	10.00	-2.085938	0	0.00	0	13.97363	10.00	-0.03064323
7.164517	10.00	-2.085938	0	0.00	0	14.07193	10.00	-0.02965468
7.164517	10.00	-2.085938	0	0.00	0	14.12017	10.00	-0.02917578
7.164517	10.00	-2.085938	0	0.00	0	14.22032	10.00	-0.02817955
7.164517	10.00	-2.085938	0	0.00	0	14.27947	10.00	-0.02759126
7.164517	10.00	-2.085938	0	0.00	0	14.3653	10.00	-0.02670737
7.164517	10.00	-2.085938	0	0.00	0	14.41271	10.00	-0.02619293
7.164517	10.00	-2.085938	0	0.00	0	14.5128	10.00	-0.02508993
7.164517	10.00	-2.085938	0	0.00	0	14.56119	10.00	-0.02453594
7.164517	10.00	-2.085938	0	0.00	0	14.66063	10.00	-0.02344073
7.164517	10.00	-2.085938	0	0.00	0	14.71461	10.00	-0.02288808
7.164517	10.00	-2.085938	0	0.00	0	14.80891	10.00	-0.02197908
7.164517	10.00	-2.085938	0	0.00	0	14.8726	10.00	-0.02143397
7.164517	10.00	-2.085938	0	0.00	0	14.9549	10.00	-0.02079664
7.164517	10.00	-2.085938	0	0.00	0	15.01375	10.00	-0.0204038
7.164517	10.00	-2.085938	0	0.00	0	15.10457	10.00	-0.01986869
7.164517	10.00	-2.085938	0	0.00	0	15.1662	10.00	-0.01951706
7.164517	10.00	-2.085938	0	0.00	0	15.25374	10.00	-0.01902013
7.164517	10.00	-2.085938	0	0.00	0	15.30474	10.00	-0.01875871
7.164517	10.00	-2.085938	0	0.00	0	15.40199	10.00	-0.01826268
7.164517	10.00	-2.085938	0	0.00	0	15.45189	10.00	-0.01800877
7.164517	10.00	-2.085938	0	0.00	0	15.54879	10.00	-0.01751778
7.164517	10.00	-2.085938	0	0.00	0	15.59951	10.00	-0.01726141
7.164517	10.00	-2.085938	0	0.00	0	15.64672	10.00	-0.01702389
7.164517	10.00	-2.085938	0	0.00	0	15.69634	10.00	-0.01677473
7.164517	10.00	-2.085938	0	0.00	0	15.79653	10.00	-0.01627282
7.164517	10.00	-2.082993	0	0.00	0.002945341	15.84688	10.00	-0.01598314
7.164517	10.00	-2.071108	0	0.00	0.01188489	15.89442	10.00	-0.01550138
7.164517	10.00	-2.054388	0	0.00	0.01671991	15.94425	10.00	-0.01501983
7.164517	10.00	-2.02464	0	0.00	0.02974862	16.0444	10.00	-0.01443965
7.164517	10.00	-1.922055	0	0.00	0.1025849	16.09559	10.00	-0.01319368
7.164517	10.00	-1.858899	0	0.00	0.06315611	16.14345	10.00	-0.01273065
7.164517	10.00	-1.797313	0	0.00	0.06158526	16.19262	10.00	-0.01249776
7.164517	10.00	-1.731808	0	0.00	0.06550582	16.29334	10.00	-0.01220261
7.164517	10.00	-1.597345	0	0.00	0.1344628	16.34374	10.00	-0.0120558
7.164517	10.00	-1.530062	0	0.00	0.06728237	16.39162	10.00	-0.01191659
7.164517	10.00	-1.466148	0	0.00	0.06391472	16.44095	10.00	-0.01177307
7.164517	10.00	-1.400312	0	0.00	0.06583565	16.49089	10.00	-0.01162785
7.164517	10.00	-1.333665	0	0.00	0.06664678	16.59045	10.00	-0.01133847
7.164517	10.00	-1.200788	0	0.00	0.1328774	16.64009	10.00	-0.01119436
7.164517	10.00	-1.13455	0	0.00	0.06623767	16.6875	10.00	-0.01105668
7.164517	10.00	-1.07129	0	0.00	0.06326072	16.73796	10.00	-0.0109102
7.164517	10.00	-1.003958	0	0.00	0.06733192	16.78701	10.00	-0.01076786
7.164517	10.00	-0.9384914	0	0.00	0.06546619	16.88747	10.00	-0.01047626
7.164517	10.00	-0.8044391	0	0.00	0.1340523	16.93612	10.00	-0.01033505
7.164517	10.00	-0.7395165	0	0.00	0.06492261	16.98468	10.00	-0.01019409
7.164517	10.00	-0.6747283	0	0.00	0.06478813	17.03598	10.00	-0.01004507
7.164517	10.00	-0.6062668	0	0.00	0.06846154	17.08436	10.00	-0.009904646
7.164517	10.00	-0.5417137	0	0.00	0.06455314	17.18523	10.00	-0.00961187
7.164517	10.00	-0.4071164	0	0.00	0.1345973	17.2336	10.00	-0.009471374
7.164517	10.00	-0.3425717	0	0.00	0.06454465	17.282	10.00	-0.009330838
7.164517	10.00	-0.2779775	0	0.00	0.06459419	17.33294	10.00	-0.009182996
7.164517	10.00	-0.2099987	0	0.00	0.06797884	17.38669	10.00	-0.00902696
7.164517	10.00	-0.1382813	0	0.00	0.07171737	17.48112	10.00	-0.008752846
7.164517	10.00	-0.01227231	0	0.00	0.126009	17.53121	10.00	-0.008607455
7.164517	10.00	0.05456981	0	0.00	0.06684212	17.57994	10.00	-0.008466015
7.164517	10.00	0.1195887	0	0.00	0.06501886	17.62941	10.00	-0.008322375
7.164517	10.00	0.1856069	0	0.00	0.06601826	17.72868	10.00	-0.008034153
7.164517	10.00	0.3180681	0	0.00	0.1324612	17.77934	10.00	-0.007887186
7.164517	10.00	0.3856704	0	0.00	0.06760229	17.82794	10.00	-0.007746096
7.164517	10.00	0.4505322	0	0.00	0.06486174	17.92812	10.00	-0.007455236
7.164517	10.00	0.5842079	0	0.00	0.1336758	17.97743	10.00	-0.007312103
7.164517	10.00	0.6500124	0	0.00	0.06580451	18.02564	10.00	-0.007172112
7.164517	10.00	0.7143462	0	0.00	0.06433372	18.07471	10.00	-0.007029786
7.164517	10.00	0.7798194	0	0.00	0.06547327	18.12496	10.00	-0.006883841
7.164517	10.00	0.846871	0	0.00	0.06705163	18.22464	10.00	-0.00659447
7.164517	10.00	0.9798928	0	0.00	0.1330218	18.27417	10.00	-0.006450675
7.164517	10.00	1.045982	0	0.00	0.06608904	18.322	10.00	-0.00631191
7.164517	10.00	1.10981	0	0.00	0.06382836	18.3719	10.00	-0.006167006
7.164517	10.00	1.176395	0	0.00	0.06658449	18.42213	10.00	-0.006021255
7.164517	10.00	1.243428	0	0.00	0.06703323	18.52286	10.00	-0.005728742
7.164517	10.00	1.377841	0	0.00	0.1344133	18.5701	10.00	-0.00559166
7.164517	10.00	1.44087	0	0.00	0.06302857	18.63258	10.00	-0.005409831
7.164517	10.00	1.524366	0	0.00	0.08349639	18.72087	10.00	-0.005154175
7.164517	10.00	1.642898	0	0.00	0.1185319	18.77705	10.00	-0.004990006
7.164517	10.00	1.71895	0	0.00	0.07605187	18.83059	10.00	-0.004831889
7.164517	10.00	1.792186	0	0.00	0.07323629	18.91394	10.00	-0.004581642
7.164517	10.00	1.90837	0	0.00	0.1161835	18.95863	10.00	-0.004443499
7.164517	10.00	1.972903	0	0.00	0.06453332	19.01279	10.00	-0.004272907
7.164517	10.00	2.052803	0	0.00	0.07989941	19.0899	10.00	-0.004024319
7.164517	10.00	2.169755	0	0.00	0.1169521	19.13224	10.00	-0.00388271
7.164517	10.00	2.236764	0	0.00	0.06700917	19.1714	10.00	-0.003749264
7.164517	10.00	2.300401	0	0.00	0.06363726	19.21101	10.00	-0.003612646
7.164517	10.00	2.366497	0	0.00	0.06609612	19.28888	10.00	-0.003340576
7.164517	10.00	2.500146	0	0.00	0.1336489	19.32565	10.00	-0.003208277
7.164517	10.00	2.567171	0	0.00	0.06702474	19.36026	10.00	-0.003081903
7.164517	10.00	2.632255	0	0.00	0.06508398	19.39369	10.00	-0.002957844
7.164517	10.00	2.697166	0	0.00	0.06491128	19.42668	10.00	-0.002833328
7.164517	10.00	2.763363	0	0.00	0.06619663	19.49099	10.00	-0.002583476
7.164517	10.00	2.897038	0	0.00	0.1336758	19.52089	10.00	-0.002459795
7.164517	10.00	2.964087	0	0.00	0.0670488	19.5485	10.00	-0.002341582
7.164517	10.00	3.028564	0	0.00	0.0644767	19.57519	10.00	-0.00222325
7.164517	10.00	3.09352	0	0.00	0.06495658	19.60099	10.00	-0.002104647
7.164517	10.00	3.159052	0	0.00	0.06553131	19.65179	10.00	-0.001861677
7.164517	10.00	3.294127	0	0.00	0.1350758	19.67397	10.00	-0.001745747
7.164517	10.00	3.359435	0	0.00	0.06530764	19.69491	10.00	-0.001630897
7.164517	10.00	3.424539	0	0.00	0.0651038	19.71466	10.00	-0.001516961
7.164517	10.00	3.489614	0	0.00	0.06507549	19.73369	10.00	-0.001400922
7.164517	10.00	3.556343	0	0.00	0.06672888	19.76995	10.00	-0.001165739
7.164517	10.00	3.692546	0	0.00	0.1362026	19.78418	10.00	-0.001057454
7.164517	10.00	3.756052	0	0.00	0.06350561	19.81039	10.00	-0.0007803728
7.164517	10.00	3.891198	0	0.00	0.1351465	19.82159	10.00	-0.0006402251
7.164517	10.00	3.960774	0	0.00	0.06957561	19.83781	10.00	-0.0002935663
7.164517	10.00	4.089024	0	0.00	0.1282499	19.84499	10.00	-9.977575E-05
7.164517	10.00	4.15294	0	0.00	0.06391613	19.85225	10.00	0.0001135748
7.164517	10.00	4.219969	0	0.00	0.06702898	19.866	10.00	0.0005914824
7.164517	10.00	4.353323	0	0.00	0.1333544	19.87232	10.00	0.0006640687
7.164517	10.00	4.417242	0	0.00	0.06391896	19.885	10.00	0.0007610321
7.164517	10.00	4.550881	0	0.00	0.133639	19.89155	10.00	0.0007985076
7.164517	10.00	4.623467	0	0.00	0.07258654	19.90272	10.00	0.0008496071
7.164517	10.00	4.75048	0	0.00	0.1270126	19.90895	10.00	0.0008697704
7.164517	10.00	4.825163	0	0.00	0.07468301	19.91885	10.00	0.0008951693
7.164517	10.00	4.948393	0	0.00	0.1232302	19.92356	10.00	0.0009027598
7.164517	10.00	5.011204	0	0.00	0.06281056	19.9334	10.00	0.0009150992
7.164517	10.00	5.146427	0	0.00	0.135223	19.9376	10.00	0.0009168314
7.164517	10.00	5.208206	0	0.00	0.06177861	19.94661	10.00	0.000916734
7.164517	10.00	5.345061	0	0.00	0.1368551	19.95048	10.00	0.0009126079
7.164517	10.00	5.408574	0	0.00	0.06351269	19.95835	10.00	0.0008997236
7.164517	10.00	5.542635	0	0.00	0.1340622	19.96187	10.00	0.0008891359
7.164517	10.00	5.607891	0	0.00	0.06525526	19.9653	10.00	0.0008762904
7.164517	10.00	5.674546	0	0.00	0.06665527	19.97182	10.00	0.0008461621
7.164517	10.00	5.807323	0	0.00	0.1327769	19.97465	10.00	0.0008274585
7.164517	10.00	5.871079	0	0.00	0.06375617	19.98026	10.00	0.0007836283
7.164517	10.00	6.004812	0	0.00	0.1337324	19.98261	10.00	0.0007583462
7.164517	10.00	6.068323	0	0.00	0.06351127	19.98734	10.00	0.0006988097
7.164517	10.00	6.205155	0	0.00	0.1368325	19.9898	10.00	0.0006558165
7.164517	10.00	6.288649	0	0.00	0.08349356	19.99268	10.00	0.0005926599
7.164517	10.00	6.398927	0	0.00	0.1102777	19.9942	10.00	0.0005463386
7.164517	10.00	6.469589	0	0.00	0.07066277	19.99647	10.00	0.0004326957
7.164517	10.00	6.605601	0	0.00	0.1360115	19.99724	10.00	0.0003651599
7.164517	10.00	6.674515	0	0.00	0.06891453	19.99841	10.00	0.0002446856
7.164517	10.00	6.800539	0	0.00	0.1260232	19.99882	10.00	0.0001881658
7.164517	10.00	6.865548	0	0.00	0.06500895	19.99939	10.00	0.0001002331
7.164517	10.00	6.993745	0	0.00	0.1281975	19.99959	10.00	6.773034E-05
7.164517	10.00	7.060685	0	0.00	0.0669398	19.99975	10.00	4.188382E-05
7.164517	10.00	7.124161	0	0.00	0.06347588	19.99988	10.00	1.946274E-05
7.164517	10.00	7.19214	0	0.00	0.06797884	19.99998	10.00	3.658995E-06
7.164517	10.00	7.25762	0	0.00	0.06548034	20	10.00	0
7.164517	10.00	7.391654	0	0.00	0.1340339	20	10.00	0
7.164517	10.00	7.457304	0	0.00	0.06565021	20	10.00	0
7.164517	10.00	7.520536	0	0.00	0.06323241	20	10.00	0
7.164517	10.00	7.587442	0	0.00	0.06690583	20	10.00	0
7.164517	10.00	7.65473	0	0.00	0.06728803	20	10.00	0
7.164517	10.00	7.78718	0	0.00	0.1324499	20	10.00	0
7.164517	10.00	7.853683	0	0.00	0.06650239	20	10.00	0
7.164517	10.00	7.917855	0	0.00	0.06417235	20	10.00	0
7.164517	10.00	7.984646	0	0.00	0.06679117	20	10.00	0
7.164517	10.00	8.119647	0	0.00	0.1350007	20	10.00	0
7.164517	10.00	8.184824	0	0.00	0.06517741	20	10.00	0
7.164517	10.00	8.248675	0	0.00	0.06385101	20	10.00	0
7.164517	10.00	8.314372	0	0.00	0.06569692	20	10.00	0
7.164517	10.00	8.380556	0	0.00	0.06618389	20	10.00	0
7.164517	10.00	8.5141	0	0.00	0.1335441	20	10.00	0
7.164517	10.00	8.580839	0	0.00	0.06673879	20	10.00	0
7.164517	10.00	8.644154	0	0.00	0.06331451	20	10.00	0
7.164517	10.00	8.710774	0	0.00	0.0666213	20	10.00	0
7.164517	10.00	8.777007	0	0.00	0.06623201	20	10.00	0
7.150933	10.00	8.913548	-0.01358468	0.00	0.1365409	20	10.00	0
7.144347	10.00	8.979744	-0.006586013	0.00	0.06619663	20	10.00	0
7.116432	10.00	9.109167	-0.02791485	0.00	0.1294234	20	10.00	0
7.098891	10.00	9.175587	-0.01754127	0.00	0.06641887	20	10.00	0
7.079127	10.00	9.238828	-0.01976374	0.00	0.0632409	20	10.00	0
7.056277	10.00	9.305726	-0.02285019	0.00	0.06689875	20	10.00	0
7.03054	10.00	9.37172	-0.0257363	0.00	0.0659942	20	10.00	0
6.973556	10.00	9.504642	-0.05698465	0.00	0.1329213	20	10.00	0
6.943235	10.00	9.57231	-0.03032075	0.00	0.06766883	20	10.00	0
6.913325	10.00	9.636297	-0.02991013	0.00	0.06398691	20	10.00	0
6.882734	10.00	9.701741	-0.03059101	0.00	0.06544354	20	10.00	0
6.847799	10.00	9.768215	-0.0349347	0.00	0.06647408	20	10.00	0
6.766363	10.00	9.901132	-0.08143621	0.00	0.132917	20	10.00	0
6.723011	10.00	9.968686	-0.04335175	0.00	0.06755416	20	10.00	0
6.681295	10.00	10.03179	-0.04171585	0.00	0.06310076	20	10.00	0
6.637065	10.00	10.09869	-0.04423044	0.00	0.06690441	20	10.00	0
6.592861	10.00	10.16556	-0.04420424	0.00	0.06686477	20	10.00	0
6.504712	10.00	10.29889	-0.08814925	0.00	0.1333374	20	10.00	0
6.461202	10.00	10.36471	-0.04350985	0.00	0.06581442	20	10.00	0
6.4162	10.00	10.43084	-0.04500209	0.00	0.06613434	20	10.00	0
6.371335	10.00	10.49495	-0.04486519	0.00	0.06410865	20	10.00	0
6.324918	10.00	10.56128	-0.04641657	0.00	0.06632544	20	10.00	0
6.231096	10.00	10.69534	-0.09382183	0.00	0.1340636	20	10.00	0
6.185429	10.00	10.76059	-0.04566664	0.00	0.06525385	20	10.00	0
6.138731	10.00	10.82732	-0.04669891	0.00	0.06672888	20	10.00	0
6.093652	10.00	10.89174	-0.04507818	0.00	0.064413	20	10.00	0
6.047431	10.00	10.95778	-0.04622141	0.00	0.06604657	20	10.00	0
5.952945	10.00	11.09279	-0.09448557	0.00	0.1350121	20	10.00	0
5.902984	10.00	11.16418	-0.04996117	0.00	0.07139038	20	10.00	0
5.814286	10.00	11.29093	-0.08869811	0.00	0.1267423	20	10.00	0
5.764452	10.00	11.36213	-0.04983338	0.00	0.07120777	20	10.00	0
5.675959	10.00	11.48859	-0.08849404	0.00	0.1264507	20	10.00	0
5.627271	10.00	11.55816	-0.04868717	0.00	0.06956995	20	10.00	0
5.584209	10.00	11.61969	-0.04306219	0.00	0.0615323	20	10.00	0
5.530439	10.00	11.69652	-0.05377027	0.00	0.07683327	20	10.00	0
5.445275	10.00	11.81821	-0.08516343	0.00	0.1216915	20	10.00	0
5.39769	10.00	11.88621	-0.04758556	0.00	0.06799582	20	10.00	0
5.353824	10.00	11.94889	-0.04386561	0.00	0.06268033	20	10.00	0
5.307186	10.00	12.01553	-0.04663848	0.00	0.06664253	20	10.00	0
5.260952	10.00	12.08159	-0.0462333	0.00	0.06606356	20	10.00	0
5.166693	10.00	12.21628	-0.0942597	0.00	0.1346893	20	10.00	0
5.12027	10.00	12.28262	-0.04642252	0.00	0.06633393	20	10.00	0
5.075112	10.00	12.34715	-0.04515843	0.00	0.06452766	20	10.00	0
5.028813	10.00	12.4133	-0.04629869	0.00	0.06615699	20	10.00	0
4.983714	10.00	12.47775	-0.04509899	0.00	0.06444272	20	10.00	0
4.8894	10.00	12.61251	-0.0943142	0.00	0.1347672	20	10.00	0
4.843287	10.00	12.6784	-0.04611244	0.00	0.06589086	20	10.00	0
4.798793	10.00	12.74198	-0.04449468	0.00	0.06357922	20	10.00	0
4.752379	10.00	12.8083	-0.0464136	0.00	0.06632119	20	10.00	0
4.705171	10.00	12.87576	-0.04720812	0.00	0.06745649	20	10.00	0
4.61141	10.00	13.00974	-0.0937614	0.00	0.1339773	20	10.00	0
4.564322	10.00	13.07702	-0.04708725	0.00	0.06728379	20	10.00	0
4.510657	10.00	13.1537	-0.05366526	0.00	0.07668322	20	10.00	0
4.42715	10.00	13.27303	-0.08350703	0.00	0.1193246	20	10.00	0
4.380785	10.00	13.33928	-0.04636506	0.00	0.06625183	20	10.00	0
4.336214	10.00	13.40297	-0.04457096	0.00	0.06368822	20	10.00	0
4.289947	10.00	13.46908	-0.04626698	0.00	0.06611169	20	10.00	0
4.243423	10.00	13.53556	-0.04652357	0.00	0.06647833	20	10.00	0
4.149935	10.00	13.66915	-0.09348897	0.00	0.133588	20	10.00	0
4.104044	10.00	13.73472	-0.04589053	0.00	0.06557377	20	10.00	0
4.058966	10.00	13.79913	-0.04507818	0.00	0.064413	20	10.00	0
4.012014	10.00	13.86622	-0.04695153	0.00	0.06708986	20	10.00	0
3.91836	10.00	14.00005	-0.0936544	0.00	0.1338244	20	10.00	0
3.8724	10.00	14.06572	-0.04595987	0.00	0.06567286	20	10.00	0
3.827521	10.00	14.12985	-0.04487906	0.00	0.06412847	20	10.00	0
3.781597	10.00	14.19734	-0.04592392	0.00	0.06748904	20	10.00	0
3.737638	10.00	14.26287	-0.04395911	0.00	0.06553414	20	10.00	0
3.650153	10.00	14.39717	-0.08748521	0.00	0.1343	20	10.00	0
3.611248	10.00	14.46383	-0.03890489	0.00	0.06665952	20	10.00	0
3.578352	10.00	14.52643	-0.0328963	0.00	0.0625954	20	10.00	0
3.543277	10.00	14.59442	-0.03507457	0.00	0.06799299	20	10.00	0
3.48	10.00	14.72704	-0.06327676	0.00	0.1326212	20	10.00	0
3.447519	10.00	14.79512	-0.03248163	0.00	0.06807793	20	10.00	0
3.417706	10.00	14.8576	-0.02981242	0.00	0.06248357	20	10.00	0
3.385744	10.00	14.92459	-0.03196224	0.00	0.06698935	20	10.00	0
3.322222	10.00	15.05773	-0.06352194	0.00	0.133135	20	10.00	0
3.290464	10.00	15.12429	-0.03175759	0.00	0.06656042	20	10.00	0
3.259501	10.00	15.18918	-0.03096331	0.00	0.06489571	20	10.00	0
3.228917	10.00	15.25329	-0.03058441	0.00	0.06410157	20	10.00	0
3.196476	10.00	15.32128	-0.03244043	0.00	0.06799158	20	10.00	0
3.133776	10.00	15.45269	-0.06269997	0.00	0.1314123	20	10.00	0
3.101031	10.00	15.52132	-0.03274571	0.00	0.06863142	20	10.00	0
3.07101	10.00	15.58424	-0.03002112	0.00	0.06292098	20	10.00	0
3.039498	10.00	15.65029	-0.03151174	0.00	0.06604516	20	10.00	0
3.007084	10.00	15.71822	-0.03241409	0.00	0.06793637	20	10.00	0
2.943543	10.00	15.8514	-0.06354085	0.00	0.1331746	20	10.00	0
2.9084	10.00	15.92505	-0.0351434	0.00	0.07365672	20	10.00	0
2.854059	10.00	16.04901	-0.05434096	0.00	0.123955	20	10.00	0
2.825671	10.00	16.12004	-0.02838769	0.00	0.0710294	20	10.00	0
2.784302	10.00	16.24843	-0.04136837	0.00	0.1283942	20	10.00	0
2.77091	10.00	16.31344	-0.01339236	0.00	0.06501037	20	10.00	0
2.764556	10.00	16.39274	-0.006354033	0.00	0.07930062	20	10.00	0
2.764556	10.00	16.51239	0	0.00	0.1196417	20	10.00	0
2.764556	10.00	16.57872	0	0.00	0.06633393	20	10.00	0
2.764556	10.00	16.64367	0	0.00	0.06495091	20	10.00	0
2.764556	10.00	16.7077	0	0.00	0.06403362	20	10.00	0
2.764556	10.00	16.77404	0	0.00	0.06633677	20	10.00	0
2.764556	10.00	16.9074	0	0.00	0.1333601	20	10.00	0
2.764556	10.00	16.97461	0	0.00	0.06720876	20	10.00	0
2.764556	10.00	17.03783	0	0.00	0.0632225	20	10.00	0
2.764556	10.00	17.10541	0	0.00	0.06757398	20	10.00	0
2.764556	10.00	17.17056	0	0.00	0.06515901	20	10.00	0
2.764556	10.00	17.30624	0	0.00	0.1356703	20	10.00	0
2.764556	10.00	17.37977	0	0.00	0.07353356	20	10.00	0
2.764556	10.00	17.50166	0	0.00	0.1218911	20	10.00	0
2.764556	10.00	17.56923	0	0.00	0.06756549	20	10.00	0
2.764556	10.00	17.63497	0	0.00	0.06574506	20	10.00	0
2.764556	10.00	17.69955	0	0.00	0.06457721	20	10.00	0
2.764556	10.00	17.76542	0	0.00	0.06587671	20	10.00	0
2.764556	10.00	17.89941	0	0.00	0.1339829	20	10.00	0
2.764556	10.00	17.96591	0	0.00	0.06650381	20	10.00	0
2.764556	10.00	18.02907	0	0.00	0.06316304	20	10.00	0
2.764556	10.00	18.09578	0	0.00	0.06670906	20	10.00	0
2.764556	10.00	18.16221	0	0.00	0.06643161	20	10.00	0
2.764556	10.00	18.29589	0	0.00	0.1336729	20	10.00	0
2.764556	10.00	18.36234	0	0.00	0.06645568	20	10.00	0
2.764556	10.00	18.42826	0	0.00	0.06592058	20	10.00	0
2.764556	10.00	18.49257	0	0.00	0.06430542	20	10.00	0
2.764556	10.00	18.62644	0	0.00	0.1338725	20	10.00	0
2.764556	10.00	18.6927	0	0.00	0.06625608	20	10.00	0
2.764556	10.00	18.75791	0	0.00	0.06521563	20	10.00	0
2.764556	10.00	18.82452	0	0.00	0.06660856	20	10.00	0
2.764556	10.00	18.95611	0	0.00	0.1315864	20	10.00	0
2.764556	10.00	19.02254	0	0.00	0.06643586	20	10.00	0
2.764556	10.00	19.08677	0	0.00	0.06422048	20	10.00	0
2.764556	10.00	19.15459	0	0.00	0.0678217	20	10.00	0
2.764556	10.00	19.28729	0	0.00	0.1327004	20	10.00	0
2.764556	10.00	19.35492	0	0.00	0.06763485	20	10.00	0
2.764556	10.00	19.41711	0	0.00	0.06218346	20	10.00	0
2.764556	10.00	19.48399	0	0.00	0.06688601	20	10.00	0
2.764556	10.00	19.54967	0	0.00	0.06567569	20	10.00	0
2.764556	10.00	19.6854	0	0.00	0.1357354	20	10.00	0
2.764556	10.00	19.75167	0	0.00	0.06626882	20	10.00	0
2.764556	10.00	19.81481	0	0.00	0.06313756	20	10.00	0
2.764556	10.00	19.8796	0	0.00	0.06478813	20	10.00	0
2.764556	10.00	19.9466	0	0.00	0.06700067	20	10.00	0
2.764556	10.00	20.07976	0	0.00	0.1331619	20	10.00	0
2.764556	10.00	20.1471	0	0.00	0.06734466	20	10.00	0
2.764556	10.00	20.21014	0	0.00	0.06303281	20	10.00	0
2.764556	10.00	20.27749	0	0.00	0.06735315	20	10.00	0
2.764556	10.00	20.34291	0	0.00	0.06541664	20	10.00	0
2.764556	10.00	20.47741	0	0.00	0.1344982	20	10.00	0
2.764556	10.00	20.54561	0	0.00	0.06820816	20	10.00	0
2.764556	10.00	20.67718	0	0.00	0.1315694	20	10.00	0
2.764556	10.00	20.74277	0	0.00	0.06558509	20	10.00	0
2.764556	10.00	20.81738	0	0.00	0.0746094	20	10.00	0
2.764556	10.00	20.9436	0	0.00	0.1262242	20	10.00	0
2.764556	10.00	21.00708	0	0.00	0.06348296	20	10.00	0
2.764556	10.00	21.13925	0	0.00	0.1321639	20	10.00	0
2.764556	10.00	21.2052	0	0.00	0.06595456	20	10.00	0
2.764556	10.00	21.26773	0	0.00	0.06252886	20	10.00	0
2.764556	10.00	21.33438	0	0.00	0.06665386	20	10.00	0
2.764556	10.00	21.40043	0	0.00	0.0660494	20	10.00	0
2.764556	10.00	21.53473	0	0.00	0.1342915	20	10.00	0
2.764556	10.00	21.59861	0	0.00	0.06387933	20	10.00	0
2.764556	10.00	21.66487	0	0.00	0.06626032	20	10.00	0
2.764556	10.00	21.7976	0	0.00	0.1327358	20	10.00	0
2.764556	10.00	21.86502	0	0.00	0.06741261	20	10.00	0
2.764556	10.00	21.92961	0	0.00	0.06459136	20	10.00	0
2.764556	10.00	21.99597	0	0.00	0.06636791	20	10.00	0
2.764556	10.00	22.06126	0	0.00	0.06528499	20	10.00	0
2.764556	10.00	22.19502	0	0.00	0.1337649	20	10.00	0
2.764556	10.00	22.2628	0	0.00	0.06778066	20	10.00	0
2.764556	10.00	22.32617	0	0.00	0.06336688	20	10.00	0
2.764556	10.00	22.39316	0	0.00	0.0669851	20	10.00	0
2.764556	10.00	22.5255	0	0.00	0.1323395	20	10.00	0
2.764556	10.00	22.59331	0	0.00	0.06781038	20	10.00	0
2.764556	10.00	22.65558	0	0.00	0.06227265	20	10.00	0
2.764556	10.00	22.722	0	0.00	0.06642312	20	10.00	0
2.764556	10.00	22.85638	0	0.00	0.1343779	20	10.00	0
2.764556	10.00	22.92294	0	0.00	0.06656042	20	10.00	0
2.764556	10.00	22.98654	0	0.00	0.06359904	20	10.00	0
2.764556	10.00	23.05242	0	0.00	0.06588237	20	10.00	0
2.764556	10.00	23.11847	0	0.00	0.06604799	20	10.00	0
2.764556	10.00	23.25172	0	0.00	0.1332511	20	10.00	0
2.764556	10.00	23.31956	0	0.00	0.06784152	20	10.00	0
2.764556	10.00	23.38267	0	0.00	0.06310642	20	10.00	0
2.764556	10.00	23.44932	0	0.00	0.06664819	20	10.00	0
2.764556	10.00	23.58224	0	0.00	0.1329198	20	10.00	0
2.764376	10.00	23.64992	-0.0001802376	0.00	0.06768723	20	10.00	0
2.760487	10.00	23.71393	-0.00388897	0.00	0.06400531	20	10.00	0
2.753296	10.00	23.77979	-0.007190514	0.00	0.06586255	20	10.00	0
2.746075	10.00	23.84594	-0.007221423	0.00	0.06614567	20	10.00	0
2.721133	10.00	23.97958	-0.02494179	0.00	0.1336375	20	10.00	0
2.708066	10.00	24.04613	-0.01306718	0.00	0.06656042	20	10.00	0
2.691527	10.00	24.11114	-0.01653908	0.00	0.06500754	20	10.00	0
2.673055	10.00	24.17631	-0.0184716	0.00	0.06516325	20	10.00	0
2.65069	10.00	24.24369	-0.02236497	0.00	0.06738854	20	10.00	0
2.600209	10.00	24.37644	-0.05048097	0.00	0.1327415	20	10.00	0
2.574436	10.00	24.44253	-0.02577329	0.00	0.06608904	20	10.00	0
2.548811	10.00	24.50823	-0.02562479	0.00	0.06570825	20	10.00	0
2.521932	10.00	24.57238	-0.02687926	0.00	0.06414687	20	10.00	0
2.493062	10.00	24.63972	-0.0288701	0.00	0.06734183	20	10.00	0
2.435803	10.00	24.77328	-0.05725896	0.00	0.1335611	20	10.00	0
2.407552	10.00	24.83918	-0.02825109	0.00	0.06589793	20	10.00	0
2.377825	10.00	24.90412	-0.02972664	0.00	0.06493959	20	10.00	0
2.34726	10.00	24.96951	-0.03056521	0.00	0.06538833	20	10.00	0
2.316156	10.00	25.03605	-0.03110383	0.00	0.06654061	20	10.00	0
2.253425	10.00	25.17025	-0.06273106	0.00	0.1342009	20	10.00	0
2.2226	10.00	25.23619	-0.03082459	0.00	0.06594323	20	10.00	0
2.18915	10.00	25.30776	-0.03345088	0.00	0.07156166	20	10.00	0
2.129333	10.00	25.43572	-0.05981628	0.00	0.1279653	20	10.00	0
2.099422	10.00	25.49971	-0.02991145	0.00	0.06398974	20	10.00	0
2.065242	10.00	25.57283	-0.03418007	0.00	0.07312163	20	10.00	0
2.004893	10.00	25.70194	-0.06034895	0.00	0.1291049	20	10.00	0
1.965361	10.00	25.78651	-0.03953189	0.00	0.08457081	20	10.00	0
1.914066	10.00	25.89624	-0.05129492	0.00	0.1097355	20	10.00	0
1.879013	10.00	25.97123	-0.03505351	0.00	0.07499019	20	10.00	0
1.822049	10.00	26.0931	-0.05696303	0.00	0.1218614	20	10.00	0
1.791617	10.00	26.1582	-0.03043221	0.00	0.0651038	20	10.00	0
1.760333	10.00	26.22513	-0.03128447	0.00	0.06692706	20	10.00	0
1.729004	10.00	26.29215	-0.03132881	0.00	0.06702191	20	10.00	0
1.697802	10.00	26.3589	-0.03120176	0.00	0.06675012	20	10.00	0
1.666804	10.00	26.42521	-0.03099796	0.00	0.06631412	20	10.00	0
1.636301	10.00	26.49047	-0.03050367	0.00	0.06525668	20	10.00	0
1.606037	10.00	26.55521	-0.03026347	0.00	0.06474283	20	10.00	0
1.575472	10.00	26.6206	-0.03056521	0.00	0.06538833	20	10.00	0
1.544117	10.00	26.68768	-0.03135461	0.00	0.06707712	20	10.00	0
1.513227	10.00	26.75376	-0.0308901	0.00	0.06608338	20	10.00	0
1.45004	10.00	26.88894	-0.06318764	0.00	0.1351777	20	10.00	0
26.28859
