-0.02633639	10.00	-49.86585	-0.02633639	0.00	0.13415	-28.28	10.00	-28.28
-0.05667826	10.00	-49.7113	-0.03034186	0.00	0.1545527	-28.27688	10.00	-28.27705
-0.06759638	10.00	-49.65569	-0.01091812	0.00	0.05561377	-28.27273	10.00	-28.27306
-0.07835638	10.00	-49.60088	-0.01076	0.00	0.05480831	-28.26667	10.00	-28.26717
-0.09087358	10.00	-49.53712	-0.0125172	0.00	0.063759	-28.25881	10.00	-28.25944
-0.1040464	10.00	-49.47002	-0.01317278	0.00	0.06709835	-28.24963	10.00	-28.25041
-0.1168198	10.00	-49.40495	-0.01277343	0.00	0.06506416	-28.23849	10.00	-28.23939
-0.1301777	10.00	-49.33691	-0.01335787	0.00	0.06804112	-28.22604	10.00	-28.22707
-0.1431723	10.00	-49.27072	-0.01299464	0.00	0.06619097	-28.21253	10.00	-28.21367
-0.1557295	10.00	-49.20676	-0.01255722	0.00	0.06396285	-28.19709	10.00	-28.19833
-0.1687025	10.00	-49.14068	-0.01297297	0.00	0.06608055	-28.18005	10.00	-28.18139
-0.1817169	10.00	-49.07439	-0.01301438	0.00	0.06629147	-28.16155	10.00	-28.16298
-0.1946601	10.00	-49.00846	-0.01294323	0.00	0.06592908	-28.14121	10.00	-28.14272
-0.2078129	10.00	-48.94146	-0.01315277	0.00	0.06699643	-28.11987	10.00	-28.12144
-0.220613	10.00	-48.87626	-0.01280011	0.00	0.06520006	-28.09665	10.00	-28.0983
-0.233621	10.00	-48.81	-0.01300798	0.00	0.06625891	-28.07205	10.00	-28.07375
-0.2465484	10.00	-48.74415	-0.01292739	0.00	0.0658484	-28.04573	10.00	-28.04747
-0.2595699	10.00	-48.67783	-0.0130216	0.00	0.06632827	-28.01801	10.00	-28.01979
-0.2725129	10.00	-48.6119	-0.01294295	0.00	0.06592766	-27.98862	10.00	-27.99043
-0.285524	10.00	-48.54562	-0.01301104	0.00	0.06627448	-27.95778	10.00	-27.95961
-0.2984955	10.00	-48.47955	-0.01297158	0.00	0.06607347	-27.92533	10.00	-27.92717
-0.3114913	10.00	-48.41335	-0.01299576	0.00	0.06619663	-27.8906	10.00	-27.89244
-0.324768	10.00	-48.36013	-0.01327672	0.00	0.05322147	-27.85621	10.00	-27.85806
-0.3374972	10.00	-48.32229	-0.01272924	0.00	0.03784242	-27.82154	10.00	-27.82339
-0.3503301	10.00	-48.30439	-0.0128329	0.00	0.01789644	-27.78603	10.00	-27.78787
-0.3556956	10.00	-48.29643	-0.005365427	0.00	0.007958985	-27.75132	10.00	-27.75316
-0.3556956	10.00	-48.29643	0	0.00	0	-27.71629	10.00	-27.71812
-0.3556956	10.00	-48.29643	0	0.00	0	-27.6809	10.00	-27.68274
-0.3556956	10.00	-48.29643	0	0.00	0	-27.64617	10.00	-27.64801
-0.3556956	10.00	-48.29643	0	0.00	0	-27.61095	10.00	-27.61278
-0.3556956	10.00	-48.29643	0	0.00	0	-27.57501	10.00	-27.57685
-0.3556956	10.00	-48.29643	0	0.00	0	-27.54112	10.00	-27.54295
-0.3556956	10.00	-48.29643	0	0.00	0	-27.50603	10.00	-27.50786
-0.3556956	10.00	-48.29643	0	0.00	0	-27.47106	10.00	-27.47289
-0.3556956	10.00	-48.29643	0	0.00	0	-27.43564	10.00	-27.43747
-0.3556956	10.00	-48.29643	0	0.00	0	-27.40042	10.00	-27.40224
-0.3556956	10.00	-48.29643	0	0.00	0	-27.36553	10.00	-27.36735
-0.3556956	10.00	-48.29643	0	0.00	0	-27.32956	10.00	-27.33138
-0.3556956	10.00	-48.29643	0	0.00	0	-27.29566	10.00	-27.29748
-0.3556956	10.00	-48.29643	0	0.00	0	-27.26025	10.00	-27.26207
-0.3556956	10.00	-48.29643	0	0.00	0	-27.22382	10.00	-27.22564
-0.3556956	10.00	-48.29643	0	0.00	0	-27.19058	10.00	-27.19239
-0.3556956	10.00	-48.29643	0	0.00	0	-27.15545	10.00	-27.15726
-0.3556956	10.00	-48.29643	0	0.00	0	-27.12	10.00	-27.12181
-0.3556956	10.00	-48.29643	0	0.00	0	-27.08511	10.00	-27.08692
-0.3556956	10.00	-48.29643	0	0.00	0	-27.05014	10.00	-27.05194
-0.3556956	10.00	-48.29643	0	0.00	0	-27.01444	10.00	-27.01625
-0.3556956	10.00	-48.29643	0	0.00	0	-26.9798	10.00	-26.9816
-0.3556956	10.00	-48.29643	0	0.00	0	-26.94465	10.00	-26.94645
-0.3556956	10.00	-48.29643	0	0.00	0	-26.90986	10.00	-26.91166
-0.3556956	10.00	-48.29643	0	0.00	0	-26.87478	10.00	-26.87658
-0.3556956	10.00	-48.29643	0	0.00	0	-26.83963	10.00	-26.84143
-0.3556956	10.00	-48.29643	0	0.00	0	-26.80456	10.00	-26.80636
-0.3556956	10.00	-48.29643	0	0.00	0	-26.76929	10.00	-26.77108
-0.3556956	10.00	-48.29643	0	0.00	0	-26.73438	10.00	-26.73618
-0.3556956	10.00	-48.29643	0	0.00	0	-26.69934	10.00	-26.70113
-0.3556956	10.00	-48.29643	0	0.00	0	-26.66367	10.00	-26.66546
-0.3556956	10.00	-48.29643	0	0.00	0	-26.62949	10.00	-26.63128
-0.3556956	10.00	-48.29643	0	0.00	0	-26.59444	10.00	-26.59622
-0.3556956	10.00	-48.29643	0	0.00	0	-26.55959	10.00	-26.56137
-0.3556956	10.00	-48.29643	0	0.00	0	-26.52402	10.00	-26.5258
-0.3556956	10.00	-48.29643	0	0.00	0	-26.48905	10.00	-26.49083
-0.3556956	10.00	-48.29643	0	0.00	0	-26.4549	10.00	-26.45668
-0.3556956	10.00	-48.29643	0	0.00	0	-26.42013	10.00	-26.4219
-0.3556956	10.00	-48.29643	0	0.00	0	-26.38515	10.00	-26.38692
-0.3556956	10.00	-48.29643	0	0.00	0	-26.34993	10.00	-26.35171
-0.3556956	10.00	-48.29643	0	0.00	0	-26.31486	10.00	-26.31663
-0.3556956	10.00	-48.29643	0	0.00	0	-26.27942	10.00	-26.28119
-0.3556956	10.00	-48.29643	0	0.00	0	-26.24496	10.00	-26.24673
-0.3556956	10.00	-48.29643	0	0.00	0	-26.20987	10.00	-26.21164
-0.3556956	10.00	-48.29643	0	0.00	0	-26.17262	10.00	-26.17439
-0.3556956	10.00	-48.29643	0	0.00	0	-26.13963	10.00	-26.1414
-0.3556956	10.00	-48.29643	0	0.00	0	-26.1037	10.00	-26.10546
-0.3556956	10.00	-48.29643	0	0.00	0	-26.06848	10.00	-26.07024
-0.3556956	10.00	-48.29643	0	0.00	0	-26.0338	10.00	-26.03557
-0.3556956	10.00	-48.29643	0	0.00	0	-25.99868	10.00	-26.00043
-0.3556956	10.00	-48.29643	0	0.00	0	-25.96384	10.00	-25.9656
-0.3556956	10.00	-48.29643	0	0.00	0	-25.92871	10.00	-25.93046
-0.3556956	10.00	-48.29643	0	0.00	0	-25.89366	10.00	-25.89542
-0.3556956	10.00	-48.29643	0	0.00	0	-25.85746	10.00	-25.85921
-0.3556956	10.00	-48.29643	0	0.00	0	-25.82357	10.00	-25.82533
-0.3556956	10.00	-48.29643	0	0.00	0	-25.78852	10.00	-25.79027
-0.3556956	10.00	-48.29643	0	0.00	0	-25.75345	10.00	-25.7552
-0.3556956	10.00	-48.29643	0	0.00	0	-25.71759	10.00	-25.71933
-0.3556956	10.00	-48.29643	0	0.00	0	-25.68339	10.00	-25.68514
-0.3556956	10.00	-48.29643	0	0.00	0	-25.64796	10.00	-25.6497
-0.3556956	10.00	-48.29643	0	0.00	0	-25.61303	10.00	-25.61477
-0.3556956	10.00	-48.29643	0	0.00	0	-25.5784	10.00	-25.58015
-0.3556956	10.00	-48.29643	0	0.00	0	-25.54321	10.00	-25.54495
-0.3556956	10.00	-48.29643	0	0.00	0	-25.50821	10.00	-25.50995
-0.3556956	10.00	-48.29643	0	0.00	0	-25.47305	10.00	-25.47479
-0.3556956	10.00	-48.29643	0	0.00	0	-25.43798	10.00	-25.43972
-0.3556956	10.00	-48.29643	0	0.00	0	-25.40301	10.00	-25.40475
-0.3556956	10.00	-48.29643	0	0.00	0	-25.36625	10.00	-25.36798
-0.3556956	10.00	-48.29643	0	0.00	0	-25.33291	10.00	-25.33465
-0.3556956	10.00	-48.29643	0	0.00	0	-25.29784	10.00	-25.29957
-0.3556956	10.00	-48.29643	0	0.00	0	-25.26248	10.00	-25.26421
-0.3556956	10.00	-48.29643	0	0.00	0	-25.22783	10.00	-25.22956
-0.3556956	10.00	-48.29643	0	0.00	0	-25.19258	10.00	-25.19431
-0.3556956	10.00	-48.29643	0	0.00	0	-25.15701	10.00	-25.15874
-0.3556956	10.00	-48.29643	0	0.00	0	-25.12251	10.00	-25.12423
-0.3556956	10.00	-48.29643	0	0.00	0	-25.08745	10.00	-25.08917
-0.3556956	10.00	-48.29643	0	0.00	0	-25.05229	10.00	-25.05401
-0.3556956	10.00	-48.29643	0	0.00	0	-25.01735	10.00	-25.01907
-0.3556956	10.00	-48.29643	0	0.00	0	-24.98232	10.00	-24.98404
-0.3556956	10.00	-48.29643	0	0.00	0	-24.94747	10.00	-24.94919
-0.3556956	10.00	-48.29643	0	0.00	0	-24.91245	10.00	-24.91417
-0.3556956	10.00	-48.29643	0	0.00	0	-24.87727	10.00	-24.87898
-0.3556956	10.00	-48.29643	0	0.00	0	-24.84221	10.00	-24.84392
-0.3556956	10.00	-48.29643	0	0.00	0	-24.80714	10.00	-24.80885
-0.3556956	10.00	-48.29643	0	0.00	0	-24.77182	10.00	-24.77353
-0.3556956	10.00	-48.29643	0	0.00	0	-24.73699	10.00	-24.7387
-0.3556956	10.00	-48.29643	0	0.00	0	-24.70205	10.00	-24.70375
-0.3556956	10.00	-48.29643	0	0.00	0	-24.66673	10.00	-24.66843
-0.3556956	10.00	-48.29643	0	0.00	0	-24.63183	10.00	-24.63353
-0.3556956	10.00	-48.29643	0	0.00	0	-24.59685	10.00	-24.59855
-0.3556956	10.00	-48.29643	0	0.00	0	-24.56019	10.00	-24.56189
-0.3556956	10.00	-48.29643	0	0.00	0	-24.52691	10.00	-24.52861
-0.3556956	10.00	-48.29643	0	0.00	0	-24.49176	10.00	-24.49346
-0.3556956	10.00	-48.29643	0	0.00	0	-24.45545	10.00	-24.45714
-0.3556956	10.00	-48.29643	0	0.00	0	-24.4212	10.00	-24.4229
-0.3556956	10.00	-48.29643	0	0.00	0	-24.38644	10.00	-24.38814
-0.3556956	10.00	-48.29643	0	0.00	0	-24.35043	10.00	-24.35212
-0.3556956	10.00	-48.29643	0	0.00	0	-24.31642	10.00	-24.31811
-0.3556956	10.00	-48.29643	0	0.00	0	-24.28092	10.00	-24.28261
-0.3556956	10.00	-48.29366	0	0.00	0.00277046	-24.24537	10.00	-24.24705
-0.3556956	10.00	-48.28569	0	0.00	0.007968912	-24.2113	10.00	-24.21298
-0.3556956	10.00	-48.27495	0	0.00	0.0107463	-24.17627	10.00	-24.17796
-0.3556956	10.00	-48.25814	0	0.00	0.01680343	-24.14005	10.00	-24.14173
-0.3556956	10.00	-48.23878	0	0.00	0.01936402	-24.10609	10.00	-24.10777
-0.3556956	10.00	-48.21567	0	0.00	0.02310958	-24.0708	10.00	-24.07248
-0.3556956	10.00	-48.1865	0	0.00	0.02917153	-24.03605	10.00	-24.03772
-0.3556956	10.00	-48.15396	0	0.00	0.03254056	-24.00091	10.00	-24.00258
-0.3556956	10.00	-48.11337	0	0.00	0.04059495	-23.96581	10.00	-23.96748
-0.3556956	10.00	-48.07089	0	0.00	0.04247422	-23.93081	10.00	-23.93248
-0.3556956	10.00	-48.0164	0	0.00	0.05448844	-23.89576	10.00	-23.89743
-0.3556956	10.00	-47.95286	0	0.00	0.06354428	-23.86019	10.00	-23.86186
-0.3556956	10.00	-47.88644	0	0.00	0.0664136	-23.82582	10.00	-23.82749
-0.3556956	10.00	-47.82164	0	0.00	0.06480087	-23.79023	10.00	-23.79189
-0.3556956	10.00	-47.75451	0	0.00	0.06712949	-23.75378	10.00	-23.75544
-0.3556956	10.00	-47.68579	0	0.00	0.06872768	-23.72054	10.00	-23.72221
-0.3556956	10.00	-47.62312	0	0.00	0.06266335	-23.68515	10.00	-23.68682
-0.3556956	10.00	-47.55639	0	0.00	0.06673738	-23.64996	10.00	-23.65162
-0.3556956	10.00	-47.49002	0	0.00	0.06636791	-23.61553	10.00	-23.61719
-0.3556956	10.00	-47.42511	0	0.00	0.0649127	-23.58042	10.00	-23.58208
-0.3556956	10.00	-47.3589	0	0.00	0.06620653	-23.54539	10.00	-23.54705
-0.3556956	10.00	-47.29285	0	0.00	0.06605224	-23.51033	10.00	-23.51198
-0.3556956	10.00	-47.22672	0	0.00	0.06612585	-23.47465	10.00	-23.47631
-0.3556956	10.00	-47.15945	0	0.00	0.06726822	-23.43887	10.00	-23.44052
-0.3556956	10.00	-47.09198	0	0.00	0.0674763	-23.40483	10.00	-23.40648
-0.3556956	10.00	-47.02779	0	0.00	0.06418651	-23.37002	10.00	-23.37167
-0.3556956	10.00	-46.96215	0	0.00	0.0656403	-23.33464	10.00	-23.33629
-0.3556956	10.00	-46.89544	0	0.00	0.06670906	-23.29978	10.00	-23.30143
-0.3556956	10.00	-46.8297	0	0.00	0.06573373	-23.26485	10.00	-23.2665
-0.3556956	10.00	-46.76384	0	0.00	0.06586114	-23.22892	10.00	-23.23057
-0.3556956	10.00	-46.69609	0	0.00	0.06775093	-23.19485	10.00	-23.19649
-0.3556956	10.00	-46.63183	0	0.00	0.06426153	-23.15886	10.00	-23.16049
-0.3556956	10.00	-46.56396	0	0.00	0.067867	-23.12471	10.00	-23.12634
-0.3556956	10.00	-46.49957	0	0.00	0.06439601	-23.08965	10.00	-23.09128
-0.3556956	10.00	-46.43345	0	0.00	0.06611877	-23.05457	10.00	-23.05619
-0.3556956	10.00	-46.3673	0	0.00	0.06614708	-23.01958	10.00	-23.02121
-0.3556956	10.00	-46.30134	0	0.00	0.06596164	-22.98464	10.00	-22.98627
-0.3556956	10.00	-46.23545	0	0.00	0.06588662	-22.94902	10.00	-22.95065
-0.3556956	10.00	-46.16829	0	0.00	0.06716488	-22.91418	10.00	-22.9158
-0.3556956	10.00	-46.10258	0	0.00	0.0657125	-22.8789	10.00	-22.88052
-0.3556956	10.00	-46.03606	0	0.00	0.06651796	-22.84389	10.00	-22.84551
-0.3556956	10.00	-45.97004	0	0.00	0.06601543	-22.80946	10.00	-22.81108
-0.3556956	10.00	-45.90512	0	0.00	0.06492686	-22.77424	10.00	-22.77586
-0.3556956	10.00	-45.83871	0	0.00	0.06640613	-22.73832	10.00	-22.73994
-0.3556956	10.00	-45.77098	0	0.00	0.06773111	-22.70395	10.00	-22.70557
-0.3556956	10.00	-45.70617	0	0.00	0.06480653	-22.66919	10.00	-22.67081
-0.3556956	10.00	-45.64063	0	0.00	0.06554688	-22.63392	10.00	-22.63553
-0.3556956	10.00	-45.57411	0	0.00	0.06651796	-22.59895	10.00	-22.60056
-0.3556956	10.00	-45.50816	0	0.00	0.0659489	-22.56399	10.00	-22.5656
-0.3556956	10.00	-45.44225	0	0.00	0.06591209	-22.52786	10.00	-22.52947
-0.3556956	10.00	-45.37411	0	0.00	0.06813455	-22.4936	10.00	-22.4952
-0.3556956	10.00	-45.30951	0	0.00	0.06460693	-22.45884	10.00	-22.46045
-0.3556956	10.00	-45.24398	0	0.00	0.06552281	-22.42375	10.00	-22.42536
-0.3556956	10.00	-45.17781	0	0.00	0.06617398	-22.38871	10.00	-22.39031
-0.3556956	10.00	-45.11172	0	0.00	0.06608621	-22.35374	10.00	-22.35534
-0.3556956	10.00	-45.04578	0	0.00	0.06594323	-22.31868	10.00	-22.32027
-0.3556956	10.00	-44.97967	0	0.00	0.06611028	-22.28353	10.00	-22.28512
-0.3556956	10.00	-44.91339	0	0.00	0.06627589	-22.24859	10.00	-22.25019
-0.3556956	10.00	-44.84752	0	0.00	0.06587246	-22.21348	10.00	-22.21508
-0.3556956	10.00	-44.78132	0	0.00	0.0662037	-22.1784	10.00	-22.18
-0.3556956	10.00	-44.71516	0	0.00	0.06615699	-22.14304	10.00	-22.14463
-0.3556956	10.00	-44.64848	0	0.00	0.06668217	-22.10846	10.00	-22.11005
-0.3556956	10.00	-44.58328	0	0.00	0.06519864	-22.07348	10.00	-22.07507
-0.3556956	10.00	-44.51732	0	0.00	0.06595739	-22.03825	10.00	-22.03984
-0.3556956	10.00	-44.45088	0	0.00	0.06644011	-22.00334	10.00	-22.00493
-0.3556956	10.00	-44.38506	0	0.00	0.06582858	-21.96816	10.00	-21.96975
-0.3556956	10.00	-44.31872	0	0.00	0.0663311	-21.93186	10.00	-21.93345
-0.3556956	10.00	-44.25028	0	0.00	0.06844456	-21.89751	10.00	-21.89909
-0.3556956	10.00	-44.1855	0	0.00	0.06478246	-21.8624	10.00	-21.86398
-0.3556956	10.00	-44.11929	0	0.00	0.06620795	-21.82713	10.00	-21.82871
-0.3556956	10.00	-44.05278	0	0.00	0.06650947	-21.79182	10.00	-21.7934
-0.3556956	10.00	-43.98621	0	0.00	0.06657317	-21.75728	10.00	-21.75885
-0.3556956	10.00	-43.92107	0	0.00	0.06513919	-21.72206	10.00	-21.72364
-0.3556956	10.00	-43.85466	0	0.00	0.06640047	-21.68713	10.00	-21.68871
-0.3556956	10.00	-43.7888	0	0.00	0.06586397	-21.65199	10.00	-21.65357
-0.3556956	10.00	-43.72254	0	0.00	0.06626457	-21.61731	10.00	-21.61889
-0.3556956	10.00	-43.65714	0	0.00	0.06539258	-21.58192	10.00	-21.58349
-0.3556956	10.00	-43.5904	0	0.00	0.06674021	-21.54698	10.00	-21.54855
-0.3556956	10.00	-43.52452	0	0.00	0.06587954	-21.51193	10.00	-21.5135
-0.3556956	10.00	-43.45842	0	0.00	0.06610461	-21.47739	10.00	-21.47895
-0.3556956	10.00	-43.39329	0	0.00	0.06513211	-21.44258	10.00	-21.44414
-0.3556956	10.00	-43.32765	0	0.00	0.06563464	-21.40753	10.00	-21.40909
-0.3556956	10.00	-43.26156	0	0.00	0.06609612	-21.37244	10.00	-21.37401
-0.3556956	10.00	-43.1954	0	0.00	0.06615699	-21.33742	10.00	-21.33899
-0.3556956	10.00	-43.12936	0	0.00	0.06603666	-21.30239	10.00	-21.30394
-0.3556956	10.00	-43.06329	0	0.00	0.06606922	-21.26715	10.00	-21.26871
-0.3556956	10.00	-42.99686	0	0.00	0.06642878	-21.23172	10.00	-21.23328
-0.3556956	10.00	-42.93005	0	0.00	0.06681807	-21.19697	10.00	-21.19852
-0.3556956	10.00	-42.86451	0	0.00	0.06553272	-21.16178	10.00	-21.16333
-0.3556956	10.00	-42.79816	0	0.00	0.06635942	-21.1269	10.00	-21.12845
-0.3556956	10.00	-42.7324	0	0.00	0.06576204	-21.09185	10.00	-21.0934
-0.3556956	10.00	-42.66629	0	0.00	0.06610037	-21.05681	10.00	-21.05836
-0.3556956	10.00	-42.60022	0	0.00	0.06607064	-21.0208	10.00	-21.02235
-0.3556956	10.00	-42.53232	0	0.00	0.06790098	-20.9867	10.00	-20.98825
-0.3556956	10.00	-42.46803	0	0.00	0.06429268	-20.95156	10.00	-20.9531
-0.3556956	10.00	-42.40176	0	0.00	0.06626599	-20.91656	10.00	-20.9181
-0.3556956	10.00	-42.33576	0	0.00	0.06599986	-20.88165	10.00	-20.88319
-0.3556956	10.00	-42.26992	0	0.00	0.06583707	-20.84657	10.00	-20.84811
-0.3556956	10.00	-42.20379	0	0.00	0.06613717	-20.81138	10.00	-20.81292
-0.3556956	10.00	-42.13742	0	0.00	0.06636225	-20.77647	10.00	-20.778
-0.3556956	10.00	-42.07159	0	0.00	0.06583565	-20.74136	10.00	-20.74289
-0.3556956	10.00	-42.00539	0	0.00	0.06620229	-20.70528	10.00	-20.70682
-0.3556956	10.00	-41.93737	0	0.00	0.06801989	-20.67075	10.00	-20.67228
-0.3556956	10.00	-41.87225	0	0.00	0.06511654	-20.63562	10.00	-20.63716
-0.3556956	10.00	-41.80602	0	0.00	0.06623767	-20.60118	10.00	-20.60271
-0.3556956	10.00	-41.74106	0	0.00	0.06495658	-20.56612	10.00	-20.56765
-0.3556956	10.00	-41.67496	0	0.00	0.06610037	-20.53092	10.00	-20.53244
-0.3556956	10.00	-41.60858	0	0.00	0.06637923	-20.4959	10.00	-20.49742
-0.3556956	10.00	-41.54254	0	0.00	0.06604091	-20.46074	10.00	-20.46227
-0.3556956	10.00	-41.47625	0	0.00	0.06628297	-20.42556	10.00	-20.42708
-0.3556956	10.00	-41.40989	0	0.00	0.06636366	-20.39093	10.00	-20.39244
-0.3556956	10.00	-41.3446	0	0.00	0.0652949	-20.35583	10.00	-20.35734
-0.3556956	10.00	-41.27841	0	0.00	0.06618389	-20.32026	10.00	-20.32177
-0.3556956	10.00	-41.21133	0	0.00	0.06707995	-20.2857	10.00	-20.28722
-0.3556956	10.00	-41.14618	0	0.00	0.06515051	-20.2507	10.00	-20.25221
-0.3556956	10.00	-41.08018	0	0.00	0.06600269	-20.2157	10.00	-20.2172
-0.3556956	10.00	-41.01416	0	0.00	0.06601685	-20.18064	10.00	-20.18215
-0.3556956	10.00	-40.94807	0	0.00	0.06609046	-20.14557	10.00	-20.14708
-0.3556956	10.00	-40.88193	0	0.00	0.06613859	-20.1095	10.00	-20.111
-0.3556956	10.00	-40.81391	0	0.00	0.06802272	-20.07532	10.00	-20.07683
-0.3556956	10.00	-40.74947	0	0.00	0.06443706	-20.04028	10.00	-20.04179
-0.3556956	10.00	-40.6834	0	0.00	0.06607064	-20.00526	10.00	-20.00677
-0.3556956	10.00	-40.61736	0	0.00	0.06603808	-19.97018	10.00	-19.97168
-0.3556956	10.00	-40.55121	0	0.00	0.06615133	-19.93502	10.00	-19.93651
-0.3556956	10.00	-40.4849	0	0.00	0.06631128	-19.90026	10.00	-19.90176
-0.3556956	10.00	-40.41937	0	0.00	0.06553272	-19.86521	10.00	-19.8667
-0.3556956	10.00	-40.35327	0	0.00	0.06610037	-19.82934	10.00	-19.83083
-0.3556956	10.00	-40.28563	0	0.00	0.0676391	-19.79508	10.00	-19.79658
-0.3556956	10.00	-40.22104	0	0.00	0.06458712	-19.75974	10.00	-19.76124
-0.3556956	10.00	-40.1544	0	0.00	0.06663687	-19.72469	10.00	-19.72619
-0.3556956	10.00	-40.08831	0	0.00	0.06609612	-19.68972	10.00	-19.69121
-0.3556956	10.00	-40.02236	0	0.00	0.06595031	-19.65479	10.00	-19.65628
-0.3556956	10.00	-39.9565	0	0.00	0.06586255	-19.61965	10.00	-19.62114
-0.3556956	10.00	-39.89023	0	0.00	0.06626882	-19.5847	10.00	-19.58619
-0.3556956	10.00	-39.82433	0	0.00	0.0658951	-19.54972	10.00	-19.5512
-0.3556956	10.00	-39.75835	0	0.00	0.06597862	-19.51387	10.00	-19.51535
-0.3556956	10.00	-39.69077	0	0.00	0.06758247	-19.47955	10.00	-19.48102
-0.3556956	10.00	-39.62604	0	0.00	0.06473433	-19.44466	10.00	-19.44613
-0.3556956	10.00	-39.56025	0	0.00	0.06579177	-19.40949	10.00	-19.41096
-0.3556956	10.00	-39.49394	0	0.00	0.06630845	-19.37402	10.00	-19.37549
-0.3556956	10.00	-39.42705	0	0.00	0.06688884	-19.33867	10.00	-19.34014
-0.3556956	10.00	-39.36039	0	0.00	0.06666093	-19.30364	10.00	-19.30511
-0.3556956	10.00	-39.29435	0	0.00	0.06604233	-19.26891	10.00	-19.27037
-0.3556956	10.00	-39.22884	0	0.00	0.06550866	-19.23377	10.00	-19.23523
-0.3556956	10.00	-39.16258	0	0.00	0.06625183	-19.1986	10.00	-19.20006
-0.3556956	10.00	-39.09626	0	0.00	0.06632969	-19.16358	10.00	-19.16504
-0.3556956	10.00	-39.03023	0	0.00	0.06602251	-19.12863	10.00	-19.13009
-0.3556956	10.00	-38.96433	0	0.00	0.06590218	-19.09098	10.00	-19.09244
-0.3556956	10.00	-38.89332	0	0.00	0.07100675	-19.05837	10.00	-19.05982
-0.3556956	10.00	-38.83183	0	0.00	0.06148983	-19.02326	10.00	-19.02471
-0.3556956	10.00	-38.76563	0	0.00	0.06620653	-18.9885	10.00	-18.98995
-0.3556956	10.00	-38.70008	0	0.00	0.06554122	-18.95355	10.00	-18.955
-0.3556956	10.00	-38.63418	0	0.00	0.06590784	-18.91865	10.00	-18.9201
-0.3556956	10.00	-38.56837	0	0.00	0.06581017	-18.8844	10.00	-18.88585
-0.3556956	10.00	-38.50379	0	0.00	0.06457579	-18.84958	10.00	-18.85102
-0.3556956	10.00	-38.43813	0	0.00	0.06566153	-18.81359	10.00	-18.81503
-0.3556956	10.00	-38.37026	0	0.00	0.067867	-18.77938	10.00	-18.78082
-0.3556956	10.00	-38.30574	0	0.00	0.06451775	-18.74431	10.00	-18.74575
-0.3556956	10.00	-38.23962	0	0.00	0.06612868	-18.70864	10.00	-18.71008
-0.3556956	10.00	-38.17237	0	0.00	0.06724698	-18.67403	10.00	-18.67547
-0.3556956	10.00	-38.10711	0	0.00	0.06526092	-18.63901	10.00	-18.64045
-0.3556956	10.00	-38.04106	0	0.00	0.06604657	-18.60305	10.00	-18.60448
-0.3556956	10.00	-37.97326	0	0.00	0.0678033	-18.56809	10.00	-18.56952
-0.3556956	10.00	-37.90733	0	0.00	0.06593332	-18.53395	10.00	-18.53539
-0.3556956	10.00	-37.84297	0	0.00	0.06435779	-18.49773	10.00	-18.49916
-0.3556956	10.00	-37.77467	0	0.00	0.06830017	-18.46202	10.00	-18.46346
-0.3556956	10.00	-37.70733	0	0.00	0.06733616	-18.42744	10.00	-18.42887
-0.3556956	10.00	-37.64211	0	0.00	0.06521988	-18.39251	10.00	-18.39394
-0.3556956	10.00	-37.57626	0	0.00	0.06585547	-18.35788	10.00	-18.35931
-0.3556956	10.00	-37.51096	0	0.00	0.06529773	-18.32222	10.00	-18.32364
-0.3556956	10.00	-37.44371	0	0.00	0.06725264	-18.28729	10.00	-18.28871
-0.3556956	10.00	-37.37785	0	0.00	0.06585972	-18.25293	10.00	-18.25435
-0.3556956	10.00	-37.31306	0	0.00	0.06478954	-18.21785	10.00	-18.21926
-0.3556956	10.00	-37.24689	0	0.00	0.06616548	-18.18206	10.00	-18.18347
-0.3556956	10.00	-37.17941	0	0.00	0.06747772	-18.14767	10.00	-18.14908
-0.3556956	10.00	-37.11456	0	0.00	0.06485607	-18.11202	10.00	-18.11343
-0.3556956	10.00	-37.04733	0	0.00	0.06722292	-18.07756	10.00	-18.07897
-0.3556956	10.00	-36.98236	0	0.00	0.06497356	-18.04279	10.00	-18.0442
-0.3556956	10.00	-36.9168	0	0.00	0.06556387	-18.00703	10.00	-18.00844
-0.3556956	10.00	-36.84937	0	0.00	0.06742535	-17.97221	10.00	-17.97362
-0.3556956	10.00	-36.7837	0	0.00	0.0656672	-17.93734	10.00	-17.93875
-0.3556956	10.00	-36.71796	0	0.00	0.06574506	-17.90211	10.00	-17.90351
-0.3556956	10.00	-36.65151	0	0.00	0.0664486	-17.86727	10.00	-17.86868
-0.3556956	10.00	-36.58583	0	0.00	0.06567994	-17.83227	10.00	-17.83366
-0.3556956	10.00	-36.51981	0	0.00	0.06601826	-17.79625	10.00	-17.79765
-0.3556956	10.00	-36.4519	0	0.00	0.0679123	-17.76222	10.00	-17.76362
-0.3556956	10.00	-36.38774	0	0.00	0.06416244	-17.72716	10.00	-17.72855
-0.3556956	10.00	-36.32162	0	0.00	0.06611877	-17.6922	10.00	-17.69359
-0.3556956	10.00	-36.25571	0	0.00	0.06591351	-17.65706	10.00	-17.65845
-0.3556956	10.00	-36.18945	0	0.00	0.06625891	-17.62204	10.00	-17.62343
-0.3556956	10.00	-36.12339	0	0.00	0.06605082	-17.58725	10.00	-17.58863
-0.3556956	10.00	-36.05779	0	0.00	0.06560491	-17.55198	10.00	-17.55336
-0.3556956	10.00	-35.99129	0	0.00	0.06650381	-17.51685	10.00	-17.51823
-0.3556956	10.00	-35.92503	0	0.00	0.06625183	-17.48183	10.00	-17.48321
-0.3556956	10.00	-35.859	0	0.00	0.06602959	-17.4471	10.00	-17.44848
-0.3556956	10.00	-35.79352	0	0.00	0.06548318	-17.41167	10.00	-17.41305
-0.3556956	10.00	-35.72672	0	0.00	0.06680249	-17.37642	10.00	-17.37779
-0.3556956	10.00	-35.66024	0	0.00	0.0664854	-17.34144	10.00	-17.34282
-0.3556956	10.00	-35.59429	0	0.00	0.06594606	-17.30644	10.00	-17.30781
-0.3556956	10.00	-35.52829	0	0.00	0.06600269	-17.27141	10.00	-17.27278
-0.3556956	10.00	-35.46223	0	0.00	0.06605648	-17.23663	10.00	-17.238
-0.3556956	10.00	-35.39664	0	0.00	0.06559075	-17.2009	10.00	-17.20226
-0.3556956	10.00	-35.32927	0	0.00	0.06737155	-17.16629	10.00	-17.16765
-0.3556956	10.00	-35.264	0	0.00	0.06526376	-17.13145	10.00	-17.13281
-0.3556956	10.00	-35.19831	0	0.00	0.06569126	-17.09593	10.00	-17.09729
-0.3556956	10.00	-35.13133	0	0.00	0.0669851	-17.06137	10.00	-17.06273
-0.3556956	10.00	-35.06617	0	0.00	0.06515759	-17.02613	10.00	-17.02749
-0.3556956	10.00	-34.99972	0	0.00	0.06645143	-16.9902	10.00	-16.99156
-0.3556956	10.00	-34.93196	0	0.00	0.06775376	-16.95606	10.00	-16.95742
-0.3556956	10.00	-34.86759	0	0.00	0.06437194	-16.921	10.00	-16.92236
-0.3556956	10.00	-34.80149	0	0.00	0.06610461	-16.8849	10.00	-16.88626
-0.3556956	10.00	-34.73341	0	0.00	0.06807793	-16.85087	10.00	-16.85223
-0.3556956	10.00	-34.66925	0	0.00	0.06416386	-16.81579	10.00	-16.81715
-0.3556956	10.00	-34.6031	0	0.00	0.06614991	-16.77893	10.00	-16.78028
-0.3556956	10.00	-34.53359	0	0.00	0.06950624	-16.7459	10.00	-16.74725
-0.3556956	10.00	-34.4713	0	0.00	0.06228963	-16.71077	10.00	-16.71211
-0.3556956	10.00	-34.40504	0	0.00	0.06625466	-16.67571	10.00	-16.67706
-0.3556956	10.00	-34.33894	0	0.00	0.06610461	-16.64066	10.00	-16.64201
-0.3556956	10.00	-34.27285	0	0.00	0.06608904	-16.60561	10.00	-16.60696
-0.3556956	10.00	-34.20676	0	0.00	0.06608904	-16.57057	10.00	-16.57191
-0.3556956	10.00	-34.14068	0	0.00	0.06608196	-16.53552	10.00	-16.53686
-0.3556956	10.00	-34.07459	0	0.00	0.06609046	-16.49935	10.00	-16.50069
-0.3556956	10.00	-34.00639	0	0.00	0.06819542	-16.46529	10.00	-16.46663
-0.3556956	10.00	-33.94217	0	0.00	0.0642219	-16.43022	10.00	-16.43156
-0.3556956	10.00	-33.87604	0	0.00	0.06613293	-16.39411	10.00	-16.39544
-0.3556956	10.00	-33.80794	0	0.00	0.06810199	-16.35999	10.00	-16.36132
-0.3556956	10.00	-33.7436	0	0.00	0.0643408	-16.3259	10.00	-16.32722
-0.3556956	10.00	-33.67931	0	0.00	0.06429126	-16.28936	10.00	-16.29069
-0.3556956	10.00	-33.61042	0	0.00	0.06888764	-16.25488	10.00	-16.25621
-0.3556956	10.00	-33.54541	0	0.00	0.06500895	-16.21985	10.00	-16.22117
-0.3556956	10.00	-33.47934	0	0.00	0.06606639	-16.18472	10.00	-16.18605
-0.3556956	10.00	-33.41311	0	0.00	0.06623909	-16.15024	10.00	-16.15156
-0.3556956	10.00	-33.34808	0	0.00	0.06502877	-16.11541	10.00	-16.11674
-0.3556956	10.00	-33.28241	0	0.00	0.06566012	-16.08036	10.00	-16.08168
-0.3556956	10.00	-33.21632	0	0.00	0.06609329	-16.04515	10.00	-16.04646
-0.3556956	10.00	-33.14991	0	0.00	0.06641038	-16.01043	10.00	-16.01174
-0.3556956	10.00	-33.08444	0	0.00	0.06546902	-15.97539	10.00	-15.9767
-0.3556956	10.00	-33.01837	0	0.00	0.06607064	-15.94029	10.00	-15.94161
-0.3556956	10.00	-32.9522	0	0.00	0.06617539	-15.90454	10.00	-15.90585
-0.3556956	10.00	-32.88478	0	0.00	0.06741544	-15.86898	10.00	-15.87029
-0.3556956	10.00	-32.81773	0	0.00	0.0670488	-15.83403	10.00	-15.83534
-0.3556956	10.00	-32.75182	0	0.00	0.06591209	-15.79875	10.00	-15.80006
-0.3556956	10.00	-32.6853	0	0.00	0.06652079	-15.76345	10.00	-15.76476
-0.3556956	10.00	-32.61873	0	0.00	0.06656609	-15.72845	10.00	-15.72975
-0.3556956	10.00	-32.55272	0	0.00	0.06601118	-15.69415	10.00	-15.69545
-0.3556956	10.00	-32.48806	0	0.00	0.06466214	-15.65812	10.00	-15.65942
-0.3556956	10.00	-32.42011	0	0.00	0.06794628	-15.62403	10.00	-15.62533
-0.3556956	10.00	-32.35583	0	0.00	0.06428135	-15.58849	10.00	-15.58978
-0.3556956	10.00	-32.28881	0	0.00	0.06702049	-15.55389	10.00	-15.55519
-0.3556956	10.00	-32.22357	0	0.00	0.06524253	-15.51904	10.00	-15.52034
-0.3556956	10.00	-32.15786	0	0.00	0.06571391	-15.48276	10.00	-15.48405
-0.3556956	10.00	-32.08944	0	0.00	0.06841342	-15.44872	10.00	-15.45001
-0.3556956	10.00	-32.02526	0	0.00	0.06418084	-15.41352	10.00	-15.41481
-0.3556956	10.00	-31.95888	0	0.00	0.06637923	-15.37908	10.00	-15.38037
-0.3556956	10.00	-31.89395	0	0.00	0.06493676	-15.34384	10.00	-15.34513
-0.3556956	10.00	-31.8275	0	0.00	0.0664486	-15.30865	10.00	-15.30993
-0.3556956	10.00	-31.76113	0	0.00	0.06636649	-15.27381	10.00	-15.27509
-0.3556956	10.00	-31.69543	0	0.00	0.06569976	-15.23864	10.00	-15.23992
-0.3556956	10.00	-31.62911	0	0.00	0.06631695	-15.20346	10.00	-15.20475
-0.3556956	10.00	-31.56279	0	0.00	0.06632686	-15.16743	10.00	-15.1687
-0.3556956	10.00	-31.49483	0	0.00	0.06796043	-15.13353	10.00	-15.13481
-0.3556956	10.00	-31.43092	0	0.00	0.06390905	-15.09847	10.00	-15.09975
-0.3556956	10.00	-31.36481	0	0.00	0.06611028	-15.0634	10.00	-15.06467
-0.3556956	10.00	-31.29867	0	0.00	0.06614142	-15.02853	10.00	-15.02981
-0.3556956	10.00	-31.23293	0	0.00	0.06573515	-14.99281	10.00	-14.99408
-0.3556956	10.00	-31.16556	0	0.00	0.06736589	-14.95822	10.00	-14.9595
-0.3556956	10.00	-31.10035	0	0.00	0.06521422	-14.92325	10.00	-14.92452
-0.3556956	10.00	-31.03439	0	0.00	0.06595881	-14.88823	10.00	-14.8895
-0.3556956	10.00	-30.96836	0	0.00	0.06602817	-14.85306	10.00	-14.85432
-0.3556956	10.00	-30.90204	0	0.00	0.06632403	-14.81773	10.00	-14.819
-0.3556956	10.00	-30.83543	0	0.00	0.06660572	-14.78282	10.00	-14.78408
-0.3556956	10.00	-30.76959	0	0.00	0.06584556	-14.74779	10.00	-14.74905
-0.3556956	10.00	-30.70355	0	0.00	0.0660395	-14.71282	10.00	-14.71409
-0.3556956	10.00	-30.63761	0	0.00	0.0659404	-14.67743	10.00	-14.67869
-0.3556956	10.00	-30.57086	0	0.00	0.06674729	-14.6427	10.00	-14.64396
-0.3556956	10.00	-30.50539	0	0.00	0.06547468	-14.60768	10.00	-14.60894
-0.3556956	10.00	-30.43935	0	0.00	0.0660395	-14.57234	10.00	-14.57359
-0.3556956	10.00	-30.3727	0	0.00	0.06664536	-14.53777	10.00	-14.53902
-0.3556956	10.00	-30.30751	0	0.00	0.0651944	-14.50255	10.00	-14.5038
-0.3556956	10.00	-30.24111	0	0.00	0.06639905	-14.46655	10.00	-14.4678
-0.3556956	10.00	-30.17322	0	0.00	0.06788824	-14.43229	10.00	-14.43354
-0.3556956	10.00	-30.10862	0	0.00	0.06460269	-14.3975	10.00	-14.39874
-0.3556956	10.00	-30.043	0	0.00	0.06561199	-14.36243	10.00	-14.36368
-0.3556956	10.00	-29.97688	0	0.00	0.0661216	-14.32674	10.00	-14.32798
-0.3556956	10.00	-29.90958	0	0.00	0.06729794	-14.2921	10.00	-14.29334
-0.3556956	10.00	-29.84426	0	0.00	0.06532604	-14.25723	10.00	-14.25847
-0.3556956	10.00	-29.77851	0	0.00	0.06574506	-14.22166	10.00	-14.2229
-0.3556956	10.00	-29.71144	0	0.00	0.06707145	-14.1867	10.00	-14.18794
-0.3556956	10.00	-29.64552	0	0.00	0.06592058	-14.15171	10.00	-14.15295
-0.3556956	10.00	-29.57954	0	0.00	0.06598146	-14.11639	10.00	-14.11763
-0.3556956	10.00	-29.51294	0	0.00	0.06659865	-14.0807	10.00	-14.08193
-0.3556956	10.00	-29.44564	0	0.00	0.06730219	-14.0465	10.00	-14.04773
-0.3556956	10.00	-29.38114	0	0.00	0.0644951	-14.01168	10.00	-14.01291
-0.3556956	10.00	-29.31549	0	0.00	0.06565021	-13.97156	10.00	-13.97279
-0.3556956	10.00	-29.23985	0	0.00	0.07564843	-13.90609	10.00	-13.90731
-0.3556956	10.00	-29.11638	0	0.00	0.1234652	-13.87098	10.00	-13.8722
-0.3556956	10.00	-29.05017	0	0.00	0.06620795	-13.836	10.00	-13.83722
-0.3556956	10.00	-28.98422	0	0.00	0.06595314	-13.80122	10.00	-13.80244
-0.3556956	10.00	-28.91863	0	0.00	0.06559217	-13.76601	10.00	-13.76723
-0.3556956	10.00	-28.85224	0	0.00	0.06638631	-13.73195	10.00	-13.73316
-0.3556956	10.00	-28.78801	0	0.00	0.06423605	-13.69694	10.00	-13.69816
-0.3556956	10.00	-28.722	0	0.00	0.06600552	-13.66212	10.00	-13.66333
-0.3556956	10.00	-28.65634	0	0.00	0.06566437	-13.62681	10.00	-13.62802
-0.3556956	10.00	-28.58975	0	0.00	0.06658732	-13.59127	10.00	-13.59248
-0.3556956	10.00	-28.52273	0	0.00	0.06701341	-13.55343	10.00	-13.55464
-0.3556956	10.00	-28.45139	0	0.00	0.07134791	-13.52196	10.00	-13.52317
-0.3556956	10.00	-28.39204	0	0.00	0.05934381	-13.48677	10.00	-13.48798
-0.3556956	10.00	-28.32569	0	0.00	0.06635234	-13.4517	10.00	-13.4529
-0.3556956	10.00	-28.25955	0	0.00	0.06614	-13.4169	10.00	-13.41811
-0.3556956	10.00	-28.19394	0	0.00	0.06560491	-13.38093	10.00	-13.38214
-0.3556956	10.00	-28.12612	0	0.00	0.0678302	-13.34551	10.00	-13.34671
-0.3556956	10.00	-28.05932	0	0.00	0.06679825	-13.31093	10.00	-13.31213
-0.3556956	10.00	-27.99412	0	0.00	0.06520148	-13.27513	10.00	-13.27632
-0.3556956	10.00	-27.9266	0	0.00	0.06752019	-13.24067	10.00	-13.24186
-0.3556956	10.00	-27.86163	0	0.00	0.06496932	-13.20576	10.00	-13.20696
-0.3556956	10.00	-27.7958	0	0.00	0.0658215	-13.17017	10.00	-13.17136
-0.3556956	10.00	-27.72869	0	0.00	0.06711817	-13.13552	10.00	-13.13671
-0.3556956	10.00	-27.66335	0	0.00	0.06533878	-13.09947	10.00	-13.10065
-0.3556956	10.00	-27.59536	0	0.00	0.06798875	-13.06494	10.00	-13.06612
-0.3556956	10.00	-27.53025	0	0.00	0.06510805	-13.03041	10.00	-13.03159
-0.3556956	10.00	-27.46515	0	0.00	0.06510521	-12.99475	10.00	-12.99594
-0.3556956	10.00	-27.39791	0	0.00	0.06723424	-12.95989	10.00	-12.96107
-0.3556956	10.00	-27.33217	0	0.00	0.06573939	-12.92556	10.00	-12.92674
-0.3556956	10.00	-27.26744	0	0.00	0.06473292	-12.89007	10.00	-12.89125
-0.3556956	10.00	-27.20051	0	0.00	0.06692423	-12.85427	10.00	-12.85545
-0.3556956	10.00	-27.13301	0	0.00	0.06750886	-12.82014	10.00	-12.82131
-0.3556956	10.00	-27.06865	0	0.00	0.06436062	-12.78521	10.00	-12.78638
-0.3556956	10.00	-27.00278	0	0.00	0.0658668	-12.75026	10.00	-12.75143
-0.3556956	10.00	-26.93687	0	0.00	0.0659036	-12.71502	10.00	-12.71619
-0.3556956	10.00	-26.87043	0	0.00	0.06644718	-12.68026	10.00	-12.68143
-0.3556956	10.00	-26.80487	0	0.00	0.06555254	-12.64493	10.00	-12.6461
-0.3556956	10.00	-26.73826	0	0.00	0.0666128	-12.60967	10.00	-12.61083
-0.3556956	10.00	-26.67176	0	0.00	0.06649815	-12.57485	10.00	-12.57602
-0.3556956	10.00	-26.60612	0	0.00	0.06564455	-12.53994	10.00	-12.5411
-0.3556956	10.00	-26.54029	0	0.00	0.06583424	-12.50478	10.00	-12.50594
-0.3556956	10.00	-26.47399	0	0.00	0.06629996	-12.46947	10.00	-12.47064
-0.3556956	10.00	-26.40741	0	0.00	0.06657175	-12.43471	10.00	-12.43587
-0.3556956	10.00	-26.34186	0	0.00	0.06555254	-12.39975	10.00	-12.40091
-0.3556956	10.00	-26.27593	0	0.00	0.06593049	-12.36442	10.00	-12.36557
-0.3556956	10.00	-26.2093	0	0.00	0.06662554	-12.32962	10.00	-12.33077
-0.3556956	10.00	-26.14369	0	0.00	0.0656134	-12.29454	10.00	-12.29569
-0.3556956	10.00	-26.07754	0	0.00	0.0661485	-12.25874	10.00	-12.25989
-0.3556956	10.00	-26.01004	0	0.00	0.06750603	-12.22414	10.00	-12.22529
-0.3556956	10.00	-25.9448	0	0.00	0.06523687	-12.18915	10.00	-12.1903
-0.3556956	10.00	-25.87881	0	0.00	0.06598712	-12.15312	10.00	-12.15427
-0.3556956	10.00	-25.81087	0	0.00	0.06793778	-12.1192	10.00	-12.12034
-0.3556956	10.00	-25.74691	0	0.00	0.06396709	-12.08432	10.00	-12.08547
-0.3556956	10.00	-25.68115	0	0.00	0.06575355	-12.0491	10.00	-12.05024
-0.3556956	10.00	-25.61473	0	0.00	0.06642878	-12.01266	10.00	-12.0138
-0.3556956	10.00	-25.54601	0	0.00	0.06871069	-11.97905	10.00	-11.98019
-0.3556956	10.00	-25.48264	0	0.00	0.06337821	-11.94297	10.00	-11.94411
-0.3556956	10.00	-25.41461	0	0.00	0.06802697	-11.90897	10.00	-11.91011
-0.3556956	10.00	-25.35049	0	0.00	0.06411997	-11.87389	10.00	-11.87503
-0.3556956	10.00	-25.28435	0	0.00	0.06614283	-11.83868	10.00	-11.83981
-0.3556956	10.00	-25.21794	0	0.00	0.0664033	-11.80378	10.00	-11.80491
-0.3556956	10.00	-25.15213	0	0.00	0.065813	-11.76816	10.00	-11.76929
-0.3556956	10.00	-25.08497	0	0.00	0.06715921	-11.73375	10.00	-11.73488
-0.3556956	10.00	-25.02008	0	0.00	0.06488722	-11.69828	10.00	-11.69941
-0.3556956	10.00	-24.95321	0	0.00	0.06687327	-11.66313	10.00	-11.66425
-0.3556956	10.00	-24.88691	0	0.00	0.06629713	-11.62829	10.00	-11.62942
-0.3556956	10.00	-24.82123	0	0.00	0.06567994	-11.5932	10.00	-11.59432
-0.3556956	10.00	-24.75506	0	0.00	0.06617539	-11.55727	10.00	-11.55839
-0.3556956	10.00	-24.6873	0	0.00	0.06775659	-11.52319	10.00	-11.52431
-0.3556956	10.00	-24.62304	0	0.00	0.06426012	-11.48826	10.00	-11.48938
-0.3556956	10.00	-24.55718	0	0.00	0.06585972	-11.45222	10.00	-11.45334
-0.3556956	10.00	-24.48921	0	0.00	0.06796751	-11.41833	10.00	-11.41945
-0.3556956	10.00	-24.42532	0	0.00	0.06389914	-11.38201	10.00	-11.38313
-0.3556956	10.00	-24.35683	0	0.00	0.06848278	-11.34702	10.00	-11.34813
-0.3556956	10.00	-24.29084	0	0.00	0.06598853	-11.31302	10.00	-11.31413
-0.3556956	10.00	-24.22674	0	0.00	0.06410015	-11.27786	10.00	-11.27897
-0.3556956	10.00	-24.16044	0	0.00	0.06630704	-11.24299	10.00	-11.2441
-0.3556956	10.00	-24.09468	0	0.00	0.06575638	-11.20774	10.00	-11.20885
-0.3556956	10.00	-24.02822	0	0.00	0.06646559	-11.17313	10.00	-11.17424
-0.3556956	10.00	-23.96295	0	0.00	0.06526517	-11.1386	10.00	-11.1397
-0.3556956	10.00	-23.89784	0	0.00	0.06511229	-11.10336	10.00	-11.10446
-0.3556956	10.00	-23.83139	0	0.00	0.06645001	-11.06845	10.00	-11.06955
-0.3556956	10.00	-23.76555	0	0.00	0.06583707	-11.03322	10.00	-11.03432
-0.3556956	10.00	-23.69914	0	0.00	0.06641321	-10.99825	10.00	-10.99935
-0.3556956	10.00	-23.63319	0	0.00	0.06594748	-10.96328	10.00	-10.96438
-0.3556956	10.00	-23.56724	0	0.00	0.0659489	-10.92812	10.00	-10.92921
-0.3556956	10.00	-23.50095	0	0.00	0.06629571	-10.89303	10.00	-10.89412
-0.3556956	10.00	-23.43477	0	0.00	0.06617539	-10.85805	10.00	-10.85914
-0.3556956	10.00	-23.36882	0	0.00	0.06595173	-10.82234	10.00	-10.82343
-0.3556956	10.00	-23.30148	0	0.00	0.06734183	-10.7874	10.00	-10.78849
-0.3556956	10.00	-23.2356	0	0.00	0.06587954	-10.75218	10.00	-10.75327
-0.3556956	10.00	-23.16919	0	0.00	0.06640613	-10.717	10.00	-10.71809
-0.3556956	10.00	-23.10285	0	0.00	0.06634101	-10.68211	10.00	-10.68319
-0.3556956	10.00	-23.03705	0	0.00	0.0658031	-10.64673	10.00	-10.64781
-0.3556956	10.00	-22.97034	0	0.00	0.06670906	-10.61203	10.00	-10.61311
-0.3556956	10.00	-22.9049	0	0.00	0.06543363	-10.5771	10.00	-10.57818
-0.3556956	10.00	-22.83904	0	0.00	0.06586397	-10.54104	10.00	-10.54212
-0.3556956	10.00	-22.77105	0	0.00	0.06799158	-10.50694	10.00	-10.50802
-0.3556956	10.00	-22.70675	0	0.00	0.06430117	-10.47172	10.00	-10.47279
-0.3556956	10.00	-22.64032	0	0.00	0.06642453	-10.43582	10.00	-10.43689
-0.3556956	10.00	-22.57263	0	0.00	0.06769431	-10.40176	10.00	-10.40284
-0.3556956	10.00	-22.50842	0	0.00	0.06420916	-10.36608	10.00	-10.36715
-0.3556956	10.00	-22.44114	0	0.00	0.06728379	-10.33055	10.00	-10.33162
-0.3556956	10.00	-22.37413	0	0.00	0.06700633	-10.2963	10.00	-10.29737
-0.3556956	10.00	-22.30955	0	0.00	0.06457721	-10.26166	10.00	-10.26272
-0.3556956	10.00	-22.24423	0	0.00	0.06532463	-10.22657	10.00	-10.22763
-0.3556956	10.00	-22.17805	0	0.00	0.06617398	-10.19137	10.00	-10.19243
-0.3556956	10.00	-22.11168	0	0.00	0.06636932	-10.15649	10.00	-10.15755
-0.3556956	10.00	-22.04592	0	0.00	0.06576629	-10.1214	10.00	-10.12246
-0.3556956	10.00	-21.97975	0	0.00	0.06616407	-10.08654	10.00	-10.0876
-0.3556956	10.00	-21.91402	0	0.00	0.06573232	-10.05121	10.00	-10.05227
-0.3556956	10.00	-21.8474	0	0.00	0.06662413	-10.01602	10.00	-10.01707
-0.3556956	10.00	-21.78103	0	0.00	0.06637074	-9.981203	10.00	-9.982258
-0.3556956	10.00	-21.71538	0	0.00	0.06564313	-9.944849	10.00	-9.945901
-0.3556956	10.00	-21.64683	0	0.00	0.06855356	-9.910729	10.00	-9.911779
-0.3556956	10.00	-21.58249	0	0.00	0.06433938	-9.875952	10.00	-9.876999
-0.3556956	10.00	-21.51691	0	0.00	0.06557801	-9.840562	10.00	-9.84161
-0.3556956	10.00	-21.45018	0	0.00	0.0667303	-9.805923	10.00	-9.806969
-0.3556956	10.00	-21.38486	0	0.00	0.06531896	-9.770969	10.00	-9.772014
-0.3556956	10.00	-21.31895	0	0.00	0.06591067	-9.735404	10.00	-9.736446
-0.3556956	10.00	-21.25189	0	0.00	0.06706437	-9.700572	10.00	-9.701613
-0.3556956	10.00	-21.18621	0	0.00	0.06567852	-9.665789	10.00	-9.666828
-0.3556956	10.00	-21.12062	0	0.00	0.06559075	-9.63022	10.00	-9.631259
-0.3556956	10.00	-21.05355	0	0.00	0.06706862	-9.595211	10.00	-9.596248
-0.3556956	10.00	-20.98753	0	0.00	0.06601685	-9.560406	10.00	-9.56144
-0.3556956	10.00	-20.9219	0	0.00	0.06563039	-9.525806	10.00	-9.526839
-0.3556956	10.00	-20.85666	0	0.00	0.06524253	-9.490788	10.00	-9.49182
-0.3556956	10.00	-20.79063	0	0.00	0.06603383	-9.455822	10.00	-9.456854
-0.3556956	10.00	-20.72469	0	0.00	0.06593332	-9.420732	10.00	-9.421761
-0.3556956	10.00	-20.65853	0	0.00	0.06616832	-9.385561	10.00	-9.386589
-0.3556956	10.00	-20.59221	0	0.00	0.06631836	-9.350638	10.00	-9.351664
-0.3556956	10.00	-20.52635	0	0.00	0.06585547	-9.315392	10.00	-9.316418
-0.3556956	10.00	-20.45989	0	0.00	0.06645851	-9.280584	10.00	-9.281608
-0.3556956	10.00	-20.39425	0	0.00	0.06563747	-9.245587	10.00	-9.246609
-0.3556956	10.00	-20.32826	0	0.00	0.06599136	-9.210554	10.00	-9.211575
-0.3556956	10.00	-20.2622	0	0.00	0.06606073	-9.175381	10.00	-9.1764
-0.3556956	10.00	-20.19588	0	0.00	0.06632686	-9.140029	10.00	-9.141047
-0.3556956	10.00	-20.12922	0	0.00	0.06665952	-9.104794	10.00	-9.105809
-0.3556956	10.00	-20.06277	0	0.00	0.06644435	-9.069019	10.00	-9.070033
-0.3556956	10.00	-19.99531	0	0.00	0.06745791	-9.034315	10.00	-9.035328
-0.3556956	10.00	-19.92987	0	0.00	0.06543929	-8.999263	10.00	-9.000274
-0.3556956	10.00	-19.86378	0	0.00	0.0660947	-8.964258	10.00	-8.965267
-0.3556956	10.00	-19.79777	0	0.00	0.06600977	-8.929155	10.00	-8.930161
-0.3556956	10.00	-19.73158	0	0.00	0.06619521	-8.894112	10.00	-8.895117
-0.3556956	10.00	-19.6655	0	0.00	0.06607772	-8.859307	10.00	-8.860311
-0.3556956	10.00	-19.59987	0	0.00	0.06563039	-8.823687	10.00	-8.82469
-0.3556956	10.00	-19.5327	0	0.00	0.06716771	-8.788832	10.00	-8.789832
-0.3556956	10.00	-19.46698	0	0.00	0.06572382	-8.754232	10.00	-8.755231
-0.3556956	10.00	-19.40173	0	0.00	0.06524394	-8.718848	10.00	-8.719846
-0.3556956	10.00	-19.33501	0	0.00	0.0667218	-8.683939	10.00	-8.684935
-0.3556956	10.00	-19.26918	0	0.00	0.06582716	-8.649156	10.00	-8.65015
-0.3556956	10.00	-19.20359	0	0.00	0.06558934	-8.614171	10.00	-8.615164
-0.3556956	10.00	-19.13762	0	0.00	0.06596871	-8.579174	10.00	-8.580166
-0.3556956	10.00	-19.07163	0	0.00	0.06599278	-8.544196	10.00	-8.545185
-0.3556956	10.00	-19.00568	0	0.00	0.06595456	-8.509117	10.00	-8.510105
-0.3556956	10.00	-18.93953	0	0.00	0.06614708	-8.474065	10.00	-8.475051
-0.3556956	10.00	-18.87343	0	0.00	0.06609754	-8.439064	10.00	-8.440048
-0.3556956	10.00	-18.80743	0	0.00	0.06600127	-8.404087	10.00	-8.40507
-0.3556956	10.00	-18.74148	0	0.00	0.06595456	-8.368958	10.00	-8.369939
-0.3556956	10.00	-18.67523	0	0.00	0.06624334	-8.333559	10.00	-8.33454
-0.3556956	10.00	-18.60849	0	0.00	0.06674587	-8.298655	10.00	-8.299635
-0.3556956	10.00	-18.54267	0	0.00	0.06581867	-8.263668	10.00	-8.264646
-0.3556956	10.00	-18.47669	0	0.00	0.06597438	-8.22782	10.00	-8.228796
-0.3556956	10.00	-18.4091	0	0.00	0.06759521	-8.193285	10.00	-8.194261
-0.3556956	10.00	-18.34398	0	0.00	0.0651222	-8.158423	10.00	-8.159397
-0.3556956	10.00	-18.27824	0	0.00	0.06573373	-8.123281	10.00	-8.124251
-0.3556956	10.00	-18.21197	0	0.00	0.06627306	-8.088553	10.00	-8.089524
-0.3556956	10.00	-18.14649	0	0.00	0.06548034	-8.053693	10.00	-8.054662
-0.3556956	10.00	-18.08075	0	0.00	0.06573656	-8.017378	10.00	-8.018345
-0.3556956	10.00	-18.01228	0	0.00	0.06847712	-7.983147	10.00	-7.984113
-0.3556956	10.00	-17.94773	0	0.00	0.06454889	-7.948317	10.00	-7.949282
-0.3556956	10.00	-17.88205	0	0.00	0.06567569	-7.913198	10.00	-7.91416
-0.3556956	10.00	-17.81583	0	0.00	0.06622352	-7.878211	10.00	-7.879171
-0.3556956	10.00	-17.74986	0	0.00	0.06597296	-7.842813	10.00	-7.843772
-0.3556956	10.00	-17.68311	0	0.00	0.06675012	-7.807874	10.00	-7.808831
-0.3556956	10.00	-17.61722	0	0.00	0.06588237	-7.772827	10.00	-7.773783
-0.3556956	10.00	-17.55114	0	0.00	0.06608621	-7.737975	10.00	-7.73893
-0.3556956	10.00	-17.48542	0	0.00	0.06571957	-7.702711	10.00	-7.703664
-0.3556956	10.00	-17.41892	0	0.00	0.06649673	-7.667864	10.00	-7.668816
-0.3556956	10.00	-17.35321	0	0.00	0.06570683	-7.632882	10.00	-7.633834
-0.3556956	10.00	-17.28725	0	0.00	0.06596447	-7.597645	10.00	-7.598594
-0.3556956	10.00	-17.2208	0	0.00	0.06644435	-7.562442	10.00	-7.563388
-0.3556956	10.00	-17.15442	0	0.00	0.06638348	-7.527754	10.00	-7.5287
-0.3556956	10.00	-17.08901	0	0.00	0.06540673	-7.492727	10.00	-7.493672
-0.3556956	10.00	-17.02296	0	0.00	0.0660494	-7.457617	10.00	-7.45856
-0.3556956	10.00	-16.95676	0	0.00	0.06620653	-7.421982	10.00	-7.422924
-0.3556956	10.00	-16.88956	0	0.00	0.06719319	-7.386772	10.00	-7.387712
-0.3556956	10.00	-16.82317	0	0.00	0.06639764	-7.351883	10.00	-7.352822
-0.3556956	10.00	-16.75738	0	0.00	0.06578752	-7.316856	10.00	-7.317792
-0.3556956	10.00	-16.69133	0	0.00	0.06605082	-7.282382	10.00	-7.283317
-0.3556956	10.00	-16.62633	0	0.00	0.06500471	-7.247386	10.00	-7.248321
-0.3556956	10.00	-16.56034	0	0.00	0.06598995	-7.211794	10.00	-7.212725
-0.3556956	10.00	-16.49322	0	0.00	0.06711675	-7.176758	10.00	-7.177689
-0.3556956	10.00	-16.42715	0	0.00	0.06606356	-7.142118	10.00	-7.143048
-0.3556956	10.00	-16.36184	0	0.00	0.06531896	-7.106317	10.00	-7.107245
-0.3556956	10.00	-16.29433	0	0.00	0.06750886	-7.072125	10.00	-7.073051
-0.3556956	10.00	-16.22985	0	0.00	0.06447528	-7.037135	10.00	-7.03806
-0.3556956	10.00	-16.16387	0	0.00	0.06597862	-7.002074	10.00	-7.002998
-0.3556956	10.00	-16.09776	0	0.00	0.06611311	-6.966837	10.00	-6.967759
-0.3556956	10.00	-16.03131	0	0.00	0.06644435	-6.93191	10.00	-6.93283
-0.3556956	10.00	-15.96545	0	0.00	0.06586114	-6.897013	10.00	-6.897933
-0.3556956	10.00	-15.89965	0	0.00	0.06580168	-6.861727	10.00	-6.862646
-0.3556956	10.00	-15.83311	0	0.00	0.06653778	-6.826668	10.00	-6.827584
-0.3556956	10.00	-15.767	0	0.00	0.06611028	-6.791649	10.00	-6.792565
-0.3556956	10.00	-15.70097	0	0.00	0.066031	-6.756671	10.00	-6.757586
-0.3556956	10.00	-15.63501	0	0.00	0.06595881	-6.721565	10.00	-6.722477
-0.3556956	10.00	-15.56882	0	0.00	0.06619804	-6.686221	10.00	-6.687131
-0.3556956	10.00	-15.50217	0	0.00	0.06664678	-6.651361	10.00	-6.65227
-0.3556956	10.00	-15.43644	0	0.00	0.06573373	-6.616195	10.00	-6.617102
-0.3556956	10.00	-15.37012	0	0.00	0.06631412	-6.581436	10.00	-6.582342
-0.3556956	10.00	-15.30458	0	0.00	0.06554263	-6.54642	10.00	-6.547323
-0.3556956	10.00	-15.23855	0	0.00	0.06602817	-6.510436	10.00	-6.511338
-0.3556956	10.00	-15.1707	0	0.00	0.06785285	-6.475473	10.00	-6.476374
-0.3556956	10.00	-15.10477	0	0.00	0.06592908	-6.440727	10.00	-6.441627
-0.3556956	10.00	-15.03925	0	0.00	0.06551715	-6.405522	10.00	-6.406419
-0.3556956	10.00	-14.97286	0	0.00	0.06638773	-6.370534	10.00	-6.37143
-0.3556956	10.00	-14.90689	0	0.00	0.06597296	-6.335483	10.00	-6.336378
-0.3556956	10.00	-14.8408	0	0.00	0.0660947	-6.300383	10.00	-6.301277
-0.3556956	10.00	-14.77461	0	0.00	0.06618672	-6.265441	10.00	-6.266334
-0.3556956	10.00	-14.70872	0	0.00	0.06588944	-6.230507	10.00	-6.231399
-0.3556956	10.00	-14.64285	0	0.00	0.06587246	-6.19546	10.00	-6.196349
-0.3556956	10.00	-14.57676	0	0.00	0.06608621	-6.160167	10.00	-6.161055
-0.3556956	10.00	-14.51021	0	0.00	0.06655052	-6.124949	10.00	-6.125836
-0.3556956	10.00	-14.4438	0	0.00	0.06640896	-6.090493	10.00	-6.091377
-0.3556956	10.00	-14.37883	0	0.00	0.06497356	-6.055625	10.00	-6.056509
-0.3556956	10.00	-14.31308	0	0.00	0.06574789	-6.020584	10.00	-6.021466
-0.3556956	10.00	-14.24701	0	0.00	0.06607489	-5.985371	10.00	-5.986249
-0.3556956	10.00	-14.1806	0	0.00	0.0664033	-5.950425	10.00	-5.951303
-0.3556956	10.00	-14.11471	0	0.00	0.0658951	-5.915465	10.00	-5.916341
-0.3556956	10.00	-14.04878	0	0.00	0.06592342	-5.880519	10.00	-5.881395
-0.3556956	10.00	-13.98289	0	0.00	0.06589227	-5.845279	10.00	-5.846154
-0.3556956	10.00	-13.91644	0	0.00	0.06645143	-5.810297	10.00	-5.81117
-0.3556956	10.00	-13.85048	0	0.00	0.06596447	-5.774828	10.00	-5.7757
-0.3556956	10.00	-13.78359	0	0.00	0.06688176	-5.740042	10.00	-5.740911
-0.3556956	10.00	-13.718	0	0.00	0.065595	-5.70485	10.00	-5.705717
-0.3556956	10.00	-13.65164	0	0.00	0.06636083	-5.670036	10.00	-5.670901
-0.3556956	10.00	-13.58599	0	0.00	0.06564879	-5.63487	10.00	-5.635735
-0.3556956	10.00	-13.51968	0	0.00	0.06631128	-5.595388	10.00	-5.596252
-0.3556956	10.00	-13.44523	0	0.00	0.07444802	-5.529885	10.00	-5.530746
-0.3556956	10.00	-13.32171	0	0.00	0.1235162	-5.494802	10.00	-5.495659
-0.3556956	10.00	-13.25556	0	0.00	0.06615558	-5.459658	10.00	-5.460515
-0.3556956	10.00	-13.18929	0	0.00	0.06626882	-5.424382	10.00	-5.425237
-0.3556956	10.00	-13.12277	0	0.00	0.06651937	-5.389529	10.00	-5.390383
-0.3556956	10.00	-13.05705	0	0.00	0.06572099	-5.354541	10.00	-5.355393
-0.3556956	10.00	-12.99107	0	0.00	0.06597579	-5.319496	10.00	-5.320346
-0.3556956	10.00	-12.92499	0	0.00	0.06608338	-5.28441	10.00	-5.28526
-0.3556956	10.00	-12.85883	0	0.00	0.06615841	-5.24949	10.00	-5.250338
-0.3556956	10.00	-12.79298	0	0.00	0.0658484	-5.214315	10.00	-5.215161
-0.3556956	10.00	-12.72666	0	0.00	0.06632827	-5.178971	10.00	-5.179815
-0.3556956	10.00	-12.66001	0	0.00	0.06664678	-5.143801	10.00	-5.144644
-0.3556956	10.00	-12.59369	0	0.00	0.06631836	-5.108622	10.00	-5.109464
-0.3556956	10.00	-12.52736	0	0.00	0.06633535	-5.074059	10.00	-5.074898
-0.3556956	10.00	-12.46218	0	0.00	0.065176	-5.038838	10.00	-5.039676
-0.3556956	10.00	-12.39577	0	0.00	0.06641321	-5.003842	10.00	-5.004679
-0.3556956	10.00	-12.32977	0	0.00	0.06599136	-4.969062	10.00	-4.969898
-0.3556956	10.00	-12.26419	0	0.00	0.06558084	-4.933902	10.00	-4.934736
-0.3556956	10.00	-12.19789	0	0.00	0.06630138	-4.897932	10.00	-4.898763
-0.3556956	10.00	-12.13006	0	0.00	0.06782878	-4.863875	10.00	-4.864707
-0.3556956	10.00	-12.06585	0	0.00	0.06421623	-4.828958	10.00	-4.829788
-0.3556956	10.00	-12	0	0.00	0.06584273	-4.792888	10.00	-4.793716
-0.3556956	10.00	-11.93199	0	0.00	0.06801564	-4.758855	10.00	-4.759683
-0.3556956	10.00	-11.86782	0	0.00	0.06417377	-4.723777	10.00	-4.724602
-0.3556956	10.00	-11.80167	0	0.00	0.0661485	-4.688676	10.00	-4.6895
-0.3556956	10.00	-11.73548	0	0.00	0.0661853	-4.653576	10.00	-4.654398
-0.3556956	10.00	-11.66929	0	0.00	0.06618813	-4.618334	10.00	-4.619154
-0.3556956	10.00	-11.60284	0	0.00	0.06645426	-4.583722	10.00	-4.584542
-0.3556956	10.00	-11.53757	0	0.00	0.06526659	-4.548482	10.00	-4.549299
-0.3556956	10.00	-11.47112	0	0.00	0.06645001	-4.51347	10.00	-4.514286
-0.3556956	10.00	-11.4051	0	0.00	0.06602251	-4.478383	10.00	-4.479198
-0.3556956	10.00	-11.33894	0	0.00	0.06615982	-4.443367	10.00	-4.44418
-0.3556956	10.00	-11.27291	0	0.00	0.06602959	-4.408279	10.00	-4.40909
-0.3556956	10.00	-11.20675	0	0.00	0.06616265	-4.373217	10.00	-4.374026
-0.3556956	10.00	-11.14063	0	0.00	0.06611735	-4.33839	10.00	-4.339198
-0.3556956	10.00	-11.07496	0	0.00	0.06567144	-4.303229	10.00	-4.304036
-0.3556956	10.00	-11.00866	0	0.00	0.06629996	-4.267961	10.00	-4.268766
-0.3556956	10.00	-10.94215	0	0.00	0.06650381	-4.232769	10.00	-4.233572
-0.3556956	10.00	-10.87579	0	0.00	0.06636083	-4.197731	10.00	-4.198533
-0.3556956	10.00	-10.80973	0	0.00	0.06606781	-4.163093	10.00	-4.163892
-0.3556956	10.00	-10.74441	0	0.00	0.06531896	-4.128012	10.00	-4.12881
-0.3556956	10.00	-10.67826	0	0.00	0.06614991	-4.09286	10.00	-4.093657
-0.3556956	10.00	-10.61197	0	0.00	0.06628439	-4.057354	10.00	-4.058149
-0.3556956	10.00	-10.54502	0	0.00	0.06695113	-4.022758	10.00	-4.023551
-0.3556956	10.00	-10.47978	0	0.00	0.06523687	-3.987237	10.00	-3.988029
-0.3556956	10.00	-10.41281	0	0.00	0.06697944	-3.952066	10.00	-3.952857
-0.3556956	10.00	-10.34649	0	0.00	0.06631978	-3.916985	10.00	-3.917775
-0.3556956	10.00	-10.28033	0	0.00	0.06615274	-3.881891	10.00	-3.882679
-0.3556956	10.00	-10.21416	0	0.00	0.06617539	-3.846995	10.00	-3.847782
-0.3556956	10.00	-10.14836	0	0.00	0.06580168	-3.812031	10.00	-3.812815
-0.3556956	10.00	-10.08242	0	0.00	0.06593191	-3.776792	10.00	-3.777575
-0.3556956	10.00	-10.01597	0	0.00	0.0664486	-3.74185	10.00	-3.742632
-0.3556956	10.00	-9.950089	0	0.00	0.06588662	-3.706947	10.00	-3.707592
-0.3556956	10.00	-9.88402	0	0.00	0.06606922	-3.672086	10.00	-3.672594
-0.3556956	10.00	-9.818031	0	0.00	0.06598853	-3.637447	10.00	-3.637703
-0.3556956	10.00	-9.752249	0	0.00	0.06578186	-3.602441	10.00	-3.602442
-0.3556956	10.00	-9.685774	0	0.00	0.0664755	-3.567673	10.00	-3.567315
-0.3556956	10.00	-9.619662	0	0.00	0.06611169	-3.533212	10.00	-3.532442
-0.3556956	10.00	-9.554194	0	0.00	0.0654676	-3.498579	10.00	-3.497287
-0.3556956	10.00	-9.488319	0	0.00	0.06587529	-3.463747	10.00	-3.461932
-0.3556956	10.00	-9.422066	0	0.00	0.06625324	-3.429258	10.00	-3.426843
-0.3556956	10.00	-9.356194	0	0.00	0.06587104	-3.394734	10.00	-3.391641
-0.3556956	10.00	-9.290314	0	0.00	0.06588095	-3.360252	10.00	-3.356408
-0.3556956	10.00	-9.224355	0	0.00	0.06595881	-3.325452	10.00	-3.320853
-0.3556956	10.00	-9.157792	0	0.00	0.06656326	-3.290703	10.00	-3.285292
-0.3556956	10.00	-9.091389	0	0.00	0.0664033	-3.256282	10.00	-3.249926
-0.3556956	10.00	-9.025409	0	0.00	0.06598004	-3.22191	10.00	-3.214623
-0.3556956	10.00	-8.959479	0	0.00	0.06592908	-3.18648	10.00	-3.178126
-0.3556956	10.00	-8.891469	0	0.00	0.06800998	-3.153162	10.00	-3.143807
-0.3556956	10.00	-8.827518	0	0.00	0.06395152	-3.118492	10.00	-3.108092
-0.3556956	10.00	-8.760747	0	0.00	0.06677135	-3.084282	10.00	-3.07285
-0.3556956	10.00	-8.694634	0	0.00	0.06611169	-3.050471	10.00	-3.038019
-0.3556956	10.00	-8.629066	0	0.00	0.06556811	-3.016529	10.00	-3.002853
-0.3556956	10.00	-8.563046	0	0.00	0.06602109	-2.982591	10.00	-2.967694
-0.3556956	10.00	-8.497033	0	0.00	0.0660126	-2.948009	10.00	-2.931868
-0.3556956	10.00	-8.42977	0	0.00	0.06726397	-2.91411	10.00	-2.896752
-0.3556956	10.00	-8.363838	0	0.00	0.06593049	-2.880031	10.00	-2.861337
-0.3556956	10.00	-8.297604	0	0.00	0.06623484	-2.846704	10.00	-2.826583
-0.3556956	10.00	-8.232568	0	0.00	0.06503585	-2.812938	10.00	-2.791376
-0.3556956	10.00	-8.166678	0	0.00	0.06588944	-2.778966	10.00	-2.755955
-0.3556956	10.00	-8.100389	0	0.00	0.06628864	-2.745286	10.00	-2.720717
-0.3556956	10.00	-8.034401	0	0.00	0.06598853	-2.711153	10.00	-2.685008
-0.3556956	10.00	-7.967531	0	0.00	0.06687044	-2.677684	10.00	-2.649997
-0.3556956	10.00	-7.901964	0	0.00	0.0655667	-2.644167	10.00	-2.614938
-0.3556956	10.00	-7.836307	0	0.00	0.06565729	-2.610462	10.00	-2.579684
-0.3556956	10.00	-7.770284	0	0.00	0.06602251	-2.576723	10.00	-2.544399
-0.3556956	10.00	-7.704199	0	0.00	0.06608479	-2.54299	10.00	-2.508996
-0.3556956	10.00	-7.637854	0	0.00	0.06634526	-2.509068	10.00	-2.473397
-0.3556956	10.00	-7.571141	0	0.00	0.06671331	-2.475864	10.00	-2.438556
-0.3556956	10.00	-7.505846	0	0.00	0.0652949	-2.44205	10.00	-2.403311
-0.3556956	10.00	-7.439618	0	0.00	0.06622776	-2.407619	10.00	-2.367665
-0.3556956	10.00	-7.372466	0	0.00	0.06715214	-2.374032	10.00	-2.333136
-0.3556956	10.00	-7.307209	0	0.00	0.06525668	-2.340157	10.00	-2.298545
-0.3556956	10.00	-7.241649	0	0.00	0.06556103	-2.305669	10.00	-2.263558
-0.3556956	10.00	-7.175183	0	0.00	0.06646559	-2.271477	10.00	-2.229111
-0.3556956	10.00	-7.109539	0	0.00	0.06564455	-2.236686	10.00	-2.194288
-0.3556956	10.00	-7.043027	0	0.00	0.06651089	-2.201079	10.00	-2.158885
-0.3556956	10.00	-6.975248	0	0.00	0.06777924	-2.167071	10.00	-2.125253
-0.3556956	10.00	-6.910831	0	0.00	0.06441724	-2.132022	10.00	-2.090812
-0.3556956	10.00	-6.844717	0	0.00	0.06611452	-2.096694	10.00	-2.056223
-0.3548767	10.00	-6.778385	0.000818903	0.00	0.0663311	-2.061574	10.00	-2.021864
-0.3521501	10.00	-6.712516	0.00272663	0.00	0.06586963	-2.025959	10.00	-1.986917
-0.3480904	10.00	-6.6457	0.004059701	0.00	0.06681523	-1.991068	10.00	-1.95269
-0.3415842	10.00	-6.580307	0.006506158	0.00	0.06539399	-1.955872	10.00	-1.918023
-0.3318186	10.00	-6.514281	0.00976555	0.00	0.06602534	-1.92069	10.00	-1.883371
-0.3188618	10.00	-6.448283	0.01295685	0.00	0.06599844	-1.885323	10.00	-1.84843
-0.3045481	10.00	-6.381919	0.01431373	0.00	0.06636366	-1.85036	10.00	-1.813887
-0.2865853	10.00	-6.31631	0.01796271	0.00	0.06560916	-1.814707	10.00	-1.778504
-0.2675728	10.00	-6.249238	0.01901251	0.00	0.06707145	-1.780044	10.00	-1.744102
-0.2490876	10.00	-6.184027	0.01848524	0.00	0.06521139	-1.744688	10.00	-1.709011
-0.227012	10.00	-6.11751	0.02207557	0.00	0.06651655	-1.70968	10.00	-1.674132
-0.2038656	10.00	-6.051612	0.02314643	0.00	0.06589793	-1.674803	10.00	-1.639333
-0.1795196	10.00	-5.989738	0.024346	0.00	0.06187478	-1.639563	10.00	-1.60417
-0.1536337	10.00	-5.934286	0.02588591	0.00	0.05545143	-1.60409	10.00	-1.568776
-0.1262833	10.00	-5.881704	0.02735042	0.00	0.05258202	-1.569362	10.00	-1.534124
-0.09380737	10.00	-5.835294	0.0324759	0.00	0.04640997	-1.534295	10.00	-1.499135
-0.05909511	10.00	-5.790349	0.03471226	0.00	0.04494526	-1.498061	10.00	-1.462981
-0.01992326	10.00	-5.748534	0.03917184	0.00	0.04181524	-1.463723	10.00	-1.428719
0.01782415	10.00	-5.71016	0.03774741	0.00	0.03837366	-1.428215	10.00	-1.39329
0.05685791	10.00	-5.672421	0.03903377	0.00	0.03773858	-1.393279	10.00	-1.358431
0.09526379	10.00	-5.637202	0.03840588	0.00	0.03521999	-1.35823	10.00	-1.32346
0.1337928	10.00	-5.603147	0.03852898	0.00	0.03405444	-1.322788	10.00	-1.288097
0.1734011	10.00	-5.572588	0.0396083	0.00	0.03055867	-1.288311	10.00	-1.253696
0.2119309	10.00	-5.544119	0.03852988	0.00	0.02846904	-1.252953	10.00	-1.218416
0.2514443	10.00	-5.517503	0.03951339	0.00	0.02661632	-1.217935	10.00	-1.183476
0.2905789	10.00	-5.492419	0.0391346	0.00	0.02508383	-1.182753	10.00	-1.148372
0.3292542	10.00	-5.468502	0.03867521	0.00	0.02391735	-1.145766	10.00	-1.111467
0.3699138	10.00	-5.443357	0.0406597	0.00	0.02514459	-1.077459	10.00	-1.04331
0.4450055	10.00	-5.39692	0.07509164	0.00	0.04643784	-1.042762	10.00	-1.00869
0.4831478	10.00	-5.373332	0.03814232	0.00	0.02358781	-1.006871	10.00	-0.9728785
0.5226029	10.00	-5.348278	0.03945513	0.00	0.02505425	-0.9729047	10.00	-0.9389874
0.5599422	10.00	-5.323947	0.03733928	0.00	0.02433016	-0.9377772	10.00	-0.9039377
0.5985579	10.00	-5.298785	0.03861573	0.00	0.02516189	-0.9023033	10.00	-0.8685424
0.6375545	10.00	-5.269494	0.0389966	0.00	0.02929193	-0.867597	10.00	-0.8339128
0.6757076	10.00	-5.240202	0.03815306	0.00	0.0292913	-0.8324792	10.00	-0.7988729
0.7143126	10.00	-5.210564	0.03860499	0.00	0.02963826	-0.7975563	10.00	-0.7640272
0.7527036	10.00	-5.18109	0.03839101	0.00	0.02947398	-0.7618562	10.00	-0.728406
0.7919489	10.00	-5.15096	0.03924527	0.00	0.03012983	-0.7265575	10.00	-0.6931856
0.830753	10.00	-5.121169	0.0388041	0.00	0.02979112	-0.6916701	10.00	-0.6583754
0.8691052	10.00	-5.091725	0.03835217	0.00	0.02944416	-0.6568692	10.00	-0.6236517
0.9073614	10.00	-5.062354	0.03825634	0.00	0.02937059	-0.62188	10.00	-0.5887402
0.945187	10.00	-5.032825	0.03782557	0.00	0.02952979	-0.5868453	10.00	-0.5537826
0.9824232	10.00	-5.003256	0.03723616	0.00	0.02956848	-0.5516204	10.00	-0.5186355
1.019861	10.00	-4.973527	0.03743825	0.00	0.02972896	-0.5166387	10.00	-0.4837315
1.057041	10.00	-4.944004	0.03717945	0.00	0.02952345	-0.4817525	10.00	-0.4489225
1.094119	10.00	-4.914561	0.037078	0.00	0.0294429	-0.446384	10.00	-0.4136321
1.13171	10.00	-4.882775	0.03759081	0.00	0.03178528	-0.4113724	10.00	-0.378698
1.168921	10.00	-4.848118	0.0372114	0.00	0.0346572	-0.3762606	10.00	-0.3436642
1.206239	10.00	-4.808239	0.03731764	0.00	0.03987912	-0.3409655	10.00	-0.3084473
1.243751	10.00	-4.764289	0.03751254	0.00	0.04394969	-0.3061326	10.00	-0.2736916
1.282043	10.00	-4.717103	0.03829186	0.00	0.04718586	-0.2707951	10.00	-0.2384321
1.318957	10.00	-4.665367	0.03691357	0.00	0.051737	-0.2362193	10.00	-0.2039329
1.353182	10.00	-4.611592	0.03422572	0.00	0.05377427	-0.2003375	10.00	-0.1681303
1.384775	10.00	-4.553823	0.03159216	0.00	0.05776899	-0.1654963	10.00	-0.1333665
1.414815	10.00	-4.495188	0.03004028	0.00	0.05863493	-0.1305734	10.00	-0.09852074
1.443652	10.00	-4.434505	0.02883704	0.00	0.06068358	-0.09540781	10.00	-0.0634329
1.472689	10.00	-4.372758	0.02903749	0.00	0.06174675	-0.06070654	10.00	-0.02880837
1.501343	10.00	-4.309928	0.02865397	0.00	0.06282988	-0.02510034	10.00	0.006718821
1.530095	10.00	-4.24546	0.02875176	0.00	0.06446823	0.009518843	10.00	0.04126156
1.55805	10.00	-4.181516	0.02795494	0.00	0.06394435	0.04476056	10.00	0.07642508
1.585222	10.00	-4.115136	0.02717194	0.00	0.06637923	0.07974375	10.00	0.1113308
1.611557	10.00	-4.049244	0.02633458	0.00	0.06589227	0.1160161	10.00	0.1475233
1.637539	10.00	-3.980923	0.02598231	0.00	0.06832141	0.150059	10.00	0.1814908
1.661303	10.00	-3.916801	0.02376418	0.00	0.06412139	0.1850012	10.00	0.2164903
1.685789	10.00	-3.850734	0.02448555	0.00	0.06606781	0.2207774	10.00	0.2524459
1.71094	10.00	-3.782869	0.02515131	0.00	0.06786417	0.2545491	10.00	0.2864893
1.734713	10.00	-3.718725	0.02377258	0.00	0.06414404	0.2893451	10.00	0.3217303
1.759214	10.00	-3.652614	0.02450182	0.00	0.06611169	0.3240525	10.00	0.3569997
1.783111	10.00	-3.586406	0.0238964	0.00	0.06620795	0.3586649	10.00	0.3922138
1.806924	10.00	-3.520428	0.02381312	0.00	0.06597721	0.3932841	10.00	0.4275077
1.830798	10.00	-3.454283	0.02387393	0.00	0.06614567	0.4282554	10.00	0.4632435
1.854964	10.00	-3.387327	0.02416617	0.00	0.06695537	0.462466	10.00	0.498305
1.878622	10.00	-3.321779	0.02365832	0.00	0.06554829	0.496605	10.00	0.5333961
1.902249	10.00	-3.256319	0.02362664	0.00	0.06546053	0.5313708	10.00	0.5691329
1.926391	10.00	-3.18943	0.02414216	0.00	0.06688884	0.5653166	10.00	0.6040278
1.950046	10.00	-3.123891	0.02365474	0.00	0.06553838	0.5996252	10.00	0.6394482
1.974069	10.00	-3.057331	0.02402362	0.00	0.06656042	0.6334202	10.00	0.674385
1.99777	10.00	-2.991667	0.02370021	0.00	0.06566437	0.6674725	10.00	0.7095851
2.021649	10.00	-2.925505	0.02387954	0.00	0.06616124	0.7015353	10.00	0.7447934
2.045535	10.00	-2.859327	0.02388568	0.00	0.06617822	0.7354686	10.00	0.7799797
2.069312	10.00	-2.793449	0.02377736	0.00	0.06587812	0.7695952	10.00	0.8153638
2.093224	10.00	-2.727199	0.02391173	0.00	0.06625041	0.8039225	10.00	0.8510776
2.117374	10.00	-2.660289	0.02414982	0.00	0.06691007	0.8374942	10.00	0.8860024
2.140991	10.00	-2.594855	0.02361693	0.00	0.06543363	0.8713052	10.00	0.9211724
2.164774	10.00	-2.52896	0.02378349	0.00	0.0658951	0.9050817	10.00	0.9564275
2.18863	10.00	-2.462864	0.02385604	0.00	0.06609612	0.9388378	10.00	0.9916583
2.212471	10.00	-2.396811	0.0238402	0.00	0.06605224	0.9729322	10.00	1.027238
2.236548	10.00	-2.330102	0.02407727	0.00	0.06670906	1.006613	10.00	1.062384
2.260332	10.00	-2.264206	0.023784	0.00	0.06589652	1.040206	10.00	1.097433
2.284051	10.00	-2.198488	0.02371963	0.00	0.06571816	1.074345	10.00	1.133049
2.306215	10.00	-2.131705	0.02216389	0.00	0.06678268	1.108367	10.00	1.16854
2.328302	10.00	-2.065155	0.02208685	0.00	0.06655052	1.142018	10.00	1.203765
2.349597	10.00	-1.999063	0.02129467	0.00	0.06609187	1.175354	10.00	1.238657
2.368789	10.00	-1.933594	0.0191922	0.00	0.06546902	1.209024	10.00	1.273895
2.388172	10.00	-1.867473	0.01938309	0.00	0.06612018	1.242677	10.00	1.309112
2.407544	10.00	-1.801391	0.01937188	0.00	0.06608196	1.276798	10.00	1.34484
2.426587	10.00	-1.734211	0.0190434	0.00	0.06718045	1.309734	10.00	1.37929
2.444371	10.00	-1.669256	0.01778366	0.00	0.06495516	1.343144	10.00	1.414171
2.462453	10.00	-1.603212	0.01808169	0.00	0.06604374	1.377402	10.00	1.450008
2.481098	10.00	-1.535109	0.01864559	0.00	0.0681034	1.410415	10.00	1.48448
2.499123	10.00	-1.469273	0.01802472	0.00	0.06583565	1.444008	10.00	1.519489
2.518808	10.00	-1.402122	0.01968519	0.00	0.06715073	1.478581	10.00	1.555443
2.536432	10.00	-1.332852	0.01762348	0.00	0.06926984	1.541795	10.00	1.62082
2.558785	10.00	-1.206531	0.02235325	0.00	0.1263218	1.57471	10.00	1.654863
2.56915	10.00	-1.140754	0.0103656	0.00	0.0657762	1.607464	10.00	1.688861
2.577599	10.00	-1.075028	0.008448525	0.00	0.06572665	1.640477	10.00	1.723127
2.58419	10.00	-1.008783	0.006590801	0.00	0.06624475	1.673869	10.00	1.757784
2.590207	10.00	-0.9417809	0.006017376	0.00	0.06700209	1.706354	10.00	1.791498
2.593536	10.00	-0.8766006	0.003329226	0.00	0.06518024	1.739416	10.00	1.825809
2.59564	10.00	-0.8102667	0.002103546	0.00	0.06633393	1.773234	10.00	1.860659
2.59564	10.00	-0.7426375	0	0.00	0.06762919	1.805348	10.00	1.893516
2.59564	10.00	-0.6786067	0	0.00	0.06403079	1.838742	10.00	1.927451
2.59564	10.00	-0.6122247	0	0.00	0.06638207	1.872106	10.00	1.961286
2.59564	10.00	-0.545745	0	0.00	0.06647974	1.904931	10.00	1.994503
2.59564	10.00	-0.4801867	0	0.00	0.0655582	1.938407	10.00	2.028163
2.59564	10.00	-0.4136419	0	0.00	0.06654485	1.971464	10.00	2.0612
2.59564	10.00	-0.3482564	0	0.00	0.0653855	2.005273	10.00	2.094791
2.59564	10.00	-0.2817059	0	0.00	0.06655052	2.038737	10.00	2.127846
2.59564	10.00	-0.2161618	0	0.00	0.06554405	2.073477	10.00	2.16199
2.59564	10.00	-0.1484519	0	0.00	0.06770988	2.106834	10.00	2.194605
2.59564	10.00	-0.08376715	0	0.00	0.06468479	2.141342	10.00	2.228196
2.59564	10.00	-0.01716851	0	0.00	0.06659865	2.176074	10.00	2.261868
2.59564	10.00	0.04953489	0	0.00	0.0667034	2.209976	10.00	2.294646
2.59564	10.00	0.1143485	0	0.00	0.06481361	2.245148	10.00	2.3286
2.59564	10.00	0.1813166	0	0.00	0.06696811	2.279571	10.00	2.361814
2.59564	10.00	0.2466115	0	0.00	0.0652949	2.314885	10.00	2.395885
2.59564	10.00	0.3133659	0	0.00	0.06675436	2.349992	10.00	2.429799
2.59564	10.00	0.3795413	0	0.00	0.06617539	2.384943	10.00	2.463601
2.59564	10.00	0.4452368	0	0.00	0.06569551	2.420001	10.00	2.497618
2.59564	10.00	0.5110413	0	0.00	0.06580451	2.455921	10.00	2.532572
2.59564	10.00	0.5783492	0	0.00	0.06730785	2.490606	10.00	2.566471
2.59564	10.00	0.6433043	0	0.00	0.06495516	2.525968	10.00	2.601165
2.59564	10.00	0.7095179	0	0.00	0.06621361	2.56128	10.00	2.635915
2.59564	10.00	0.7756565	0	0.00	0.06613859	2.596478	10.00	2.670553
2.59564	10.00	0.8415813	0	0.00	0.06592483	2.631651	10.00	2.705324
2.59564	10.00	0.9076251	0	0.00	0.06604374	2.666869	10.00	2.740324
2.59564	10.00	0.9738302	0	0.00	0.06620511	2.701905	10.00	2.775163
2.59564	10.00	1.039735	0	0.00	0.06590501	2.73713	10.00	2.810307
2.59564	10.00	1.106208	0	0.00	0.06647266	2.772314	10.00	2.84541
2.59564	10.00	1.172604	0	0.00	0.06639622	2.807061	10.00	2.880192
2.59564	10.00	1.238386	0	0.00	0.06578186	2.841958	10.00	2.915124
2.59564	10.00	1.304451	0	0.00	0.06606498	2.87714	10.00	2.9504
2.59564	10.00	1.370901	0	0.00	0.06645001	2.911893	10.00	2.985351
2.59564	10.00	1.436718	0	0.00	0.06581725	2.948974	10.00	3.022641
2.59564	10.00	1.506944	0	0.00	0.07022536	2.981705	10.00	3.055656
2.59564	10.00	1.569005	0	0.00	0.06206172	3.016377	10.00	3.090629
2.59564	10.00	1.634958	0	0.00	0.06595314	3.051361	10.00	3.125997
2.59564	10.00	1.701564	0	0.00	0.06660572	3.085912	10.00	3.161003
2.59564	10.00	1.767288	0	0.00	0.06572382	3.120644	10.00	3.196192
2.59564	10.00	1.833356	0	0.00	0.06606781	3.155738	10.00	3.231819
2.59564	10.00	1.900266	0	0.00	0.06691007	3.18986	10.00	3.266515
2.59564	10.00	1.965262	0	0.00	0.06499621	3.224452	10.00	3.301712
2.59564	10.00	2.031348	0	0.00	0.06608621	3.259954	10.00	3.337941
2.59564	10.00	2.099222	0	0.00	0.06787408	3.293687	10.00	3.372362
2.59564	10.00	2.163712	0	0.00	0.06448944	3.328066	10.00	3.407544
2.59564	10.00	2.229484	0	0.00	0.06577195	3.362698	10.00	3.442982
2.59564	10.00	2.295737	0	0.00	0.06625324	3.396908	10.00	3.477989
2.59564	10.00	2.361407	0	0.00	0.06567003	3.431536	10.00	3.513426
2.59564	10.00	2.428108	0	0.00	0.06670057	3.465852	10.00	3.548542
2.59564	10.00	2.49443	0	0.00	0.06632261	3.499694	10.00	3.583368
2.59564	10.00	2.56003	0	0.00	0.06559925	3.533848	10.00	3.618513
2.59564	10.00	2.626232	0	0.00	0.06620229	3.567961	10.00	3.653613
2.59564	10.00	2.69235	0	0.00	0.06611877	3.602127	10.00	3.688763
2.59564	10.00	2.758567	0	0.00	0.06621644	3.636043	10.00	3.723652
2.59564	10.00	2.824295	0	0.00	0.06572807	3.670202	10.00	3.758904
2.59564	10.00	2.890445	0	0.00	0.06614991	3.704497	10.00	3.794415
2.59564	10.00	2.957123	0	0.00	0.06667792	3.739344	10.00	3.830495
2.59564	10.00	3.024872	0	0.00	0.06774952	3.772334	10.00	3.864647
2.59564	10.00	3.089004	0	0.00	0.0641313	3.806301	10.00	3.899807
2.59564	10.00	3.155032	0	0.00	0.06602817	3.841194	10.00	3.93605
2.59564	10.00	3.223132	0	0.00	0.06810057	3.874084	10.00	3.970207
2.59564	10.00	3.287318	0	0.00	0.06418509	3.907937	10.00	4.00536
2.59564	10.00	3.353377	0	0.00	0.06605931	3.942769	10.00	4.041526
2.59564	10.00	3.421341	0	0.00	0.06796468	3.975738	10.00	4.075753
2.59564	10.00	3.485665	0	0.00	0.06432381	4.009332	10.00	4.110748
2.59564	10.00	3.551473	0	0.00	0.06580734	4.044047	10.00	4.146907
2.59564	10.00	3.619471	0	0.00	0.06799866	4.076824	10.00	4.181044
2.59564	10.00	3.683668	0	0.00	0.06419642	4.110326	10.00	4.21593
2.59564	10.00	3.749278	0	0.00	0.06561057	4.14432	10.00	4.251325
2.59564	10.00	3.815846	0	0.00	0.0665675	4.178097	10.00	4.286256
2.59564	10.00	3.881704	0	0.00	0.0658583	4.212368	10.00	4.32146
2.59564	10.00	3.948249	0	0.00	0.06654485	4.246595	10.00	4.35639
2.59564	10.00	4.014413	0	0.00	0.06616407	4.280725	10.00	4.39099
2.59564	10.00	4.080104	0	0.00	0.06569126	4.315362	10.00	4.425874
2.59564	10.00	4.146488	0	0.00	0.06638348	4.349784	10.00	4.46034
2.59564	10.00	4.212148	0	0.00	0.06566012	4.384695	10.00	4.495066
2.59564	10.00	4.278458	0	0.00	0.06630987	4.419477	10.00	4.52948
2.59564	10.00	4.344208	0	0.00	0.06575072	4.454962	10.00	4.564389
2.59564	10.00	4.410977	0	0.00	0.06676852	4.490146	10.00	4.5989
2.59564	10.00	4.476879	0	0.00	0.06590218	4.527489	10.00	4.635505
2.59564	10.00	4.546802	0	0.00	0.06992242	4.56054	10.00	4.667903
2.59564	10.00	4.608689	0	0.00	0.06188761	4.595922	10.00	4.702717
2.59564	10.00	4.674976	0	0.00	0.06628722	4.632463	10.00	4.738671
2.59564	10.00	4.743433	0	0.00	0.06845588	4.666163	10.00	4.771958
2.59564	10.00	4.806601	0	0.00	0.0631687	4.701733	10.00	4.807144
2.59564	10.00	4.873314	0	0.00	0.06671331	4.736942	10.00	4.841972
2.59564	10.00	4.939351	0	0.00	0.06603666	4.772079	10.00	4.876729
2.59564	10.00	5.005252	0	0.00	0.06590077	4.807168	10.00	4.911608
2.59564	10.00	5.071376	0	0.00	0.06612443	4.842774	10.00	4.947191
2.59564	10.00	5.138717	0	0.00	0.06734041	4.87714	10.00	4.981773
2.59564	10.00	5.203952	0	0.00	0.06523545	4.911778	10.00	5.016785
2.59564	10.00	5.269854	0	0.00	0.06590218	4.947731	10.00	5.053318
2.59564	10.00	5.338448	0	0.00	0.0685932	4.98071	10.00	5.086929
2.59564	10.00	5.40166	0	0.00	0.06321259	5.015276	10.00	5.122329
2.59564	10.00	5.468226	0	0.00	0.06656609	5.051303	10.00	5.159376
2.59564	10.00	5.537882	0	0.00	0.0696563	5.083321	10.00	5.192411
2.59564	10.00	5.600035	0	0.00	0.06215232	5.117425	10.00	5.227716
2.59564	10.00	5.666503	0	0.00	0.06646842	5.151178	10.00	5.262777
2.59564	10.00	5.732553	0	0.00	0.0660494	5.184958	10.00	5.29786
2.59564	10.00	5.798649	0	0.00	0.06609612	5.218648	10.00	5.332868
2.59564	10.00	5.864742	0	0.00	0.06609329	5.252447	10.00	5.368144
2.59564	10.00	5.931171	0	0.00	0.06642878	5.286037	10.00	5.403302
2.59564	10.00	5.997234	0	0.00	0.06606356	5.319306	10.00	5.438125
2.59564	10.00	6.062791	0	0.00	0.06555679	5.352948	10.00	5.47334
2.59564	10.00	6.129315	0	0.00	0.06652362	5.386007	10.00	5.508024
2.59564	10.00	6.195071	0	0.00	0.06575638	5.41962	10.00	5.543208
2.59564	10.00	6.262257	0	0.00	0.06718611	5.452194	10.00	5.577127
2.59564	10.00	6.327353	0	0.00	0.06509531	5.485263	10.00	5.611392
2.59564	10.00	6.393427	0	0.00	0.06607489	5.519282	10.00	5.646661
2.59564	10.00	6.46147	0	0.00	0.06804254	5.551129	10.00	5.679749
2.59564	10.00	6.525488	0	0.00	0.06401805	5.584064	10.00	5.713789
2.59564	10.00	6.591609	0	0.00	0.0661216	5.616974	10.00	5.747622
2.59564	10.00	6.657653	0	0.00	0.06604374	5.649967	10.00	5.781354
2.59564	10.00	6.723829	0	0.00	0.06617539	5.682876	10.00	5.814819
2.59564	10.00	6.789807	0	0.00	0.06597862	5.715968	10.00	5.848261
2.59564	10.00	6.856058	0	0.00	0.06625041	5.749051	10.00	5.88148
2.59564	10.00	6.922186	0	0.00	0.06612868	5.782047	10.00	5.914853
2.59564	10.00	6.988391	0	0.00	0.06620511	5.814873	10.00	5.948291
2.59564	10.00	7.054503	0	0.00	0.06611169	5.847419	10.00	5.981635
2.59564	10.00	7.120248	0	0.00	0.06574506	5.880416	10.00	6.015204
2.59564	10.00	7.186625	0	0.00	0.0663764	5.913357	10.00	6.048482
2.59564	10.00	7.252601	0	0.00	0.06597579	5.946406	10.00	6.081637
2.59564	10.00	7.318508	0	0.00	0.06590784	5.979843	10.00	6.114949
2.59564	10.00	7.384903	0	0.00	0.06639481	6.012901	10.00	6.148081
2.59564	10.00	7.450876	0	0.00	0.06597296	6.046202	10.00	6.181257
2.59564	10.00	7.517005	0	0.00	0.06612868	6.079783	10.00	6.214508
2.59564	10.00	7.583364	0	0.00	0.06635942	6.113409	10.00	6.247613
2.59564	10.00	7.649483	0	0.00	0.06611877	6.147219	10.00	6.280735
2.59564	10.00	7.715634	0	0.00	0.06615133	6.181982	10.00	6.314626
2.59564	10.00	7.783313	0	0.00	0.06767873	6.215077	10.00	6.346702
2.59564	10.00	7.847422	0	0.00	0.06410865	6.249358	10.00	6.379783
2.59564	10.00	7.913515	0	0.00	0.06609329	6.285136	10.00	6.414197
2.59564	10.00	7.982172	0	0.00	0.0686569	6.318589	10.00	6.446302
2.59564	10.00	8.046075	0	0.00	0.06390339	6.353176	10.00	6.479447
2.59564	10.00	8.111881	0	0.00	0.06580593	6.389038	10.00	6.51379
2.59564	10.00	8.179855	0	0.00	0.06797459	6.423441	10.00	6.546724
2.59564	10.00	8.244821	0	0.00	0.06496507	6.45805	10.00	6.579908
2.59564	10.00	8.31001	0	0.00	0.06518874	6.494493	10.00	6.614907
2.59564	10.00	8.378478	0	0.00	0.06846862	6.528541	10.00	6.647695
2.59564	10.00	8.442321	0	0.00	0.06384252	6.563616	10.00	6.681612
2.59564	10.00	8.508049	0	0.00	0.06572807	6.599927	10.00	6.71685
2.59564	10.00	8.576014	0	0.00	0.06796468	6.634254	10.00	6.75029
2.59564	10.00	8.640199	0	0.00	0.06418509	6.669816	10.00	6.785097
2.59564	10.00	8.706688	0	0.00	0.06648965	6.704878	10.00	6.819615
2.59564	10.00	8.772311	0	0.00	0.06562331	6.740341	10.00	6.854554
2.59564	10.00	8.838694	0	0.00	0.06638207	6.775667	10.00	6.889361
2.59564	10.00	8.90482	0	0.00	0.06612726	6.811004	10.00	6.924177
2.59564	10.00	8.970968	0	0.00	0.06614708	6.846311	10.00	6.95898
2.59564	10.00	9.0371	0	0.00	0.06613151	6.881249	10.00	6.993537
2.59564	10.00	9.102751	0	0.00	0.06565163	6.91701	10.00	7.028916
2.59564	10.00	9.170112	0	0.00	0.06736023	6.951698	10.00	7.063339
2.59564	10.00	9.235499	0	0.00	0.06538833	6.986877	10.00	7.098364
2.59564	10.00	9.301821	0	0.00	0.06632119	7.021813	10.00	7.133195
2.59564	10.00	9.367703	0	0.00	0.06588237	7.056832	10.00	7.168107
2.59564	10.00	9.433739	0	0.00	0.06603525	7.093583	10.00	7.204854
2.59564	10.00	9.503121	0	0.00	0.06938308	7.126958	10.00	7.238222
2.59564	10.00	9.566129	0	0.00	0.06300733	7.161721	10.00	7.273059
2.59564	10.00	9.632027	0	0.00	0.06589793	7.197014	10.00	7.308502
2.59564	10.00	9.698868	0	0.00	0.06684071	7.231433	10.00	7.343067
2.59564	10.00	9.764052	0	0.00	0.06518449	7.266583	10.00	7.378436
2.59564	10.00	9.830773	0	0.00	0.0667218	7.302135	10.00	7.414263
2.59564	10.00	9.898192	0	0.00	0.06741827	7.335827	10.00	7.448237
2.59564	10.00	9.962271	0	0.00	0.06407892	7.370577	10.00	7.48338
2.59564	10.00	10.02841	0	0.00	0.06613576	7.405219	10.00	7.518514
2.59564	10.00	10.09438	0	0.00	0.06597579	7.439994	10.00	7.553778
2.59564	10.00	10.16061	0	0.00	0.06622635	7.474579	10.00	7.588848
2.59564	10.00	10.22669	0	0.00	0.06608479	7.509026	10.00	7.623777
2.59564	10.00	10.29274	0	0.00	0.0660494	7.543315	10.00	7.658542
2.59564	10.00	10.35871	0	0.00	0.06596305	7.57784	10.00	7.693743
2.59564	10.00	10.42531	0	0.00	0.06660856	7.612119	10.00	7.728688
2.59564	10.00	10.49144	0	0.00	0.06612726	7.6461	10.00	7.763323
2.59564	10.00	10.55699	0	0.00	0.06554829	7.680352	10.00	7.798231
2.59564	10.00	10.62306	0	0.00	0.06606498	7.714899	10.00	7.833545
2.59564	10.00	10.68963	0	0.00	0.066576	7.748923	10.00	7.868443
2.59564	10.00	10.75546	0	0.00	0.06583141	7.783138	10.00	7.903531
2.59564	10.00	10.82165	0	0.00	0.06619097	7.817243	10.00	7.938497
2.59564	10.00	10.88762	0	0.00	0.06597013	7.851418	10.00	7.973653
2.59564	10.00	10.95399	0	0.00	0.06636791	7.885793	10.00	8.009008
2.59564	10.00	11.02074	0	0.00	0.06674587	7.91955	10.00	8.043721
2.59564	10.00	11.08628	0	0.00	0.0655398	7.953646	10.00	8.078774
2.59564	10.00	11.15246	0	0.00	0.0661853	7.988504	10.00	8.114602
2.59564	10.00	11.22012	0	0.00	0.06765608	8.021206	10.00	8.148329
2.59564	10.00	11.28384	0	0.00	0.06372219	8.055368	10.00	8.183555
2.59564	10.00	11.3504	0	0.00	0.06656042	8.089251	10.00	8.218484
2.59564	10.00	11.4164	0	0.00	0.06600269	8.123447	10.00	8.2535
2.59564	10.00	11.48275	0	0.00	0.06634101	8.157426	10.00	8.288053
2.59564	10.00	11.54841	0	0.00	0.06566437	8.191845	10.00	8.322816
2.59564	10.00	11.61469	0	0.00	0.06628014	8.226208	10.00	8.357286
2.59564	10.00	11.68067	0	0.00	0.06598004	8.260893	10.00	8.39184
2.59564	10.00	11.74703	0	0.00	0.06636083	8.295462	10.00	8.426048
2.59564	10.00	11.8129	0	0.00	0.0658668	8.330225	10.00	8.460221
2.59564	10.00	11.87886	0	0.00	0.0659673	8.365267	10.00	8.494493
2.59564	10.00	11.94504	0	0.00	0.06617539	8.400831	10.00	8.52907
2.59564	10.00	12.01189	0	0.00	0.06685062	8.43586	10.00	8.562961
2.59564	10.00	12.07742	0	0.00	0.06552847	8.471084	10.00	8.596981
2.59564	10.00	12.14318	0	0.00	0.06576346	8.506804	10.00	8.631492
2.59564	10.00	12.20966	0	0.00	0.06647408	8.542431	10.00	8.665919
2.59564	10.00	12.27589	0	0.00	0.0662306	8.578862	10.00	8.701232
2.59564	10.00	12.34363	0	0.00	0.06774102	8.613479	10.00	8.734788
2.59564	10.00	12.40799	0	0.00	0.06436628	8.648936	10.00	8.769319
2.59564	10.00	12.47409	0	0.00	0.06609754	8.685551	10.00	8.804976
2.59564	10.00	12.54235	0	0.00	0.06825487	8.719762	10.00	8.838421
2.59564	10.00	12.60615	0	0.00	0.06380571	8.755079	10.00	8.872999
2.59564	10.00	12.67206	0	0.00	0.06590784	8.791342	10.00	8.908503
2.59564	10.00	12.73973	0	0.00	0.06767449	8.826121	10.00	8.942555
2.59564	10.00	12.80464	0	0.00	0.06490562	8.861431	10.00	8.977125
2.59564	10.00	12.87053	0	0.00	0.06589227	8.89769	10.00	9.012626
2.59564	10.00	12.9382	0	0.00	0.06766883	8.932255	10.00	9.046469
2.59564	10.00	13.00271	0	0.00	0.06450501	8.967561	10.00	9.081035
2.59564	10.00	13.06859	0	0.00	0.0658852	9.004058	10.00	9.11677
2.59564	10.00	13.13671	0	0.00	0.06811331	9.038621	10.00	9.150609
2.59564	10.00	13.2012	0	0.00	0.06449935	9.073914	10.00	9.185163
2.59564	10.00	13.26707	0	0.00	0.06586397	9.109236	10.00	9.219746
2.59564	10.00	13.33298	0	0.00	0.06591634	9.144982	10.00	9.254745
2.59564	10.00	13.3997	0	0.00	0.06671048	9.180221	10.00	9.289246
2.59564	10.00	13.46546	0	0.00	0.06576063	9.215568	10.00	9.323853
2.59564	10.00	13.53142	0	0.00	0.06596447	9.250921	10.00	9.358467
2.59564	10.00	13.5974	0	0.00	0.06597721	9.286278	10.00	9.393084
2.59564	10.00	13.66338	0	0.00	0.06598146	9.321947	10.00	9.428007
2.59564	10.00	13.72995	0	0.00	0.06656609	9.35722	10.00	9.462543
2.59564	10.00	13.79577	0	0.00	0.06582575	9.392474	10.00	9.497059
2.59564	10.00	13.86156	0	0.00	0.06579177	9.428291	10.00	9.532126
2.59564	10.00	13.9284	0	0.00	0.06684071	9.463433	10.00	9.566532
2.59564	10.00	13.99398	0	0.00	0.06557943	9.499208	10.00	9.601561
2.59564	10.00	14.06075	0	0.00	0.06676569	9.534237	10.00	9.635857
2.59564	10.00	14.12612	0	0.00	0.06536993	9.569717	10.00	9.670594
2.59564	10.00	14.19233	0	0.00	0.06621361	9.605631	10.00	9.705756
2.59564	10.00	14.25935	0	0.00	0.06702049	9.640767	10.00	9.740156
2.59564	10.00	14.32492	0	0.00	0.06556953	9.676117	10.00	9.774767
2.59564	10.00	14.39089	0	0.00	0.06597155	9.712234	10.00	9.810128
2.59564	10.00	14.45829	0	0.00	0.06739987	9.746831	10.00	9.844003
2.59564	10.00	14.52286	0	0.00	0.0645673	9.782007	10.00	9.878442
2.59564	10.00	14.5885	0	0.00	0.06564455	9.817588	10.00	9.91328
2.59564	10.00	14.65491	0	0.00	0.0664033	9.853056	10.00	9.948004
2.59564	10.00	14.7211	0	0.00	0.06618672	9.888304	10.00	9.982514
2.59564	10.00	14.78687	0	0.00	0.06577903	9.92378	10.00	10.01725
2.59564	10.00	14.85308	0	0.00	0.06620795	9.959239	10.00	10.05197
2.59564	10.00	14.91925	0	0.00	0.06617256	9.994457	10.00	10.08645
2.59564	10.00	14.98498	0	0.00	0.06572241	10.02997	10.00	10.12122
2.59564	10.00	15.05125	0	0.00	0.06627306	10.0655	10.00	10.156
2.59564	10.00	15.11755	0	0.00	0.06629996	10.10098	10.00	10.19074
2.59564	10.00	15.18377	0	0.00	0.06621502	10.1363	10.00	10.22532
2.59564	10.00	15.24967	0	0.00	0.06590926	10.17187	10.00	10.26015
2.59564	10.00	15.31606	0	0.00	0.06638348	10.20743	10.00	10.29496
2.59564	10.00	15.38242	0	0.00	0.066358	10.24263	10.00	10.32943
2.59564	10.00	15.44811	0	0.00	0.06569692	10.27787	10.00	10.36394
2.59564	10.00	15.51389	0	0.00	0.06577478	10.31503	10.00	10.40031
2.59564	10.00	15.58322	0	0.00	0.06933638	10.34951	10.00	10.43407
2.59564	10.00	15.64757	0	0.00	0.06435071	10.3842	10.00	10.46804
2.59564	10.00	15.71231	0	0.00	0.06473999	10.41987	10.00	10.50296
2.59564	10.00	15.77888	0	0.00	0.06657033	10.455	10.00	10.53735
2.59564	10.00	15.84444	0	0.00	0.06555112	10.49065	10.00	10.57226
2.59564	10.00	15.91097	0	0.00	0.06653494	10.52692	10.00	10.60777
2.59564	10.00	15.97866	0	0.00	0.06768581	10.56144	10.00	10.64157
2.59564	10.00	16.04307	0	0.00	0.06441441	10.59678	10.00	10.67617
2.59564	10.00	16.10903	0	0.00	0.06596164	10.63328	10.00	10.7119
2.59564	10.00	16.17714	0	0.00	0.06810907	10.6679	10.00	10.7458
2.59564	10.00	16.24175	0	0.00	0.0646041	10.70292	10.00	10.78009
2.59564	10.00	16.3071	0	0.00	0.06535577	10.73836	10.00	10.81479
2.59564	10.00	16.37325	0	0.00	0.06614425	10.7738	10.00	10.84949
2.59564	10.00	16.43939	0	0.00	0.06614142	10.80924	10.00	10.88418
2.59564	10.00	16.50551	0	0.00	0.06612726	10.84446	10.00	10.91867
2.59564	10.00	16.57125	0	0.00	0.06573798	10.88005	10.00	10.95351
2.59564	10.00	16.63766	0	0.00	0.06641038	10.91533	10.00	10.98806
2.59564	10.00	16.70351	0	0.00	0.0658484	10.95097	10.00	11.02295
2.59564	10.00	16.77002	0	0.00	0.06650947	10.98627	10.00	11.05751
2.59564	10.00	16.83588	0	0.00	0.06585972	11.02251	10.00	11.09299
2.59564	10.00	16.90352	0	0.00	0.06764193	11.05712	10.00	11.12688
2.59564	10.00	16.96811	0	0.00	0.06458429	11.09241	10.00	11.16143
2.59564	10.00	17.03397	0	0.00	0.06585972	11.12814	10.00	11.19641
2.59564	10.00	17.10065	0	0.00	0.066685	11.16317	10.00	11.2307
2.59564	10.00	17.16601	0	0.00	0.0653586	11.19868	10.00	11.26547
2.59564	10.00	17.23229	0	0.00	0.06627731	11.23574	10.00	11.30176
2.59564	10.00	17.30145	0	0.00	0.06915943	11.26985	10.00	11.33515
2.59564	10.00	17.3651	0	0.00	0.06364717	11.30511	10.00	11.36968
2.59564	10.00	17.43092	0	0.00	0.06582291	11.34152	10.00	11.40532
2.59564	10.00	17.49885	0	0.00	0.06792929	11.37593	10.00	11.43902
2.59564	10.00	17.56308	0	0.00	0.06423181	11.41133	10.00	11.47368
2.59564	10.00	17.62914	0	0.00	0.06605648	11.448	10.00	11.50958
2.59564	10.00	17.69757	0	0.00	0.06843465	11.48213	10.00	11.54299
2.59564	10.00	17.76126	0	0.00	0.06368822	11.51772	10.00	11.57784
2.59564	10.00	17.82767	0	0.00	0.06641038	11.55422	10.00	11.61358
2.59564	10.00	17.8958	0	0.00	0.06813596	11.592	10.00	11.65057
2.59564	10.00	17.96631	0	0.00	0.07050281	11.65948	10.00	11.71663
2.59564	10.00	18.09223	0	0.00	0.1259227	11.69458	10.00	11.75101
2.59564	10.00	18.15774	0	0.00	0.06551007	11.73001	10.00	11.78569
2.59564	10.00	18.22385	0	0.00	0.06611311	11.76559	10.00	11.82052
2.59564	10.00	18.29025	0	0.00	0.06639622	11.80089	10.00	11.85509
2.59564	10.00	18.35612	0	0.00	0.06587529	11.8361	10.00	11.88956
2.59564	10.00	18.42184	0	0.00	0.06571674	11.87214	10.00	11.92485
2.59564	10.00	18.4891	0	0.00	0.06726255	11.90712	10.00	11.95909
2.59564	10.00	18.55437	0	0.00	0.06527083	11.94406	10.00	11.99527
2.59564	10.00	18.62332	0	0.00	0.06894426	11.97792	10.00	12.02841
2.59564	10.00	18.68649	0	0.00	0.06317437	12.01313	10.00	12.06289
2.59564	10.00	18.75221	0	0.00	0.06571533	12.05001	10.00	12.099
2.59564	10.00	18.82104	0	0.00	0.06883101	12.0841	10.00	12.13237
2.59564	10.00	18.88465	0	0.00	0.06360895	12.11956	10.00	12.16709
2.59564	10.00	18.95084	0	0.00	0.06618813	12.15537	10.00	12.20215
2.59564	10.00	19.01765	0	0.00	0.06681523	12.19033	10.00	12.23638
2.59564	10.00	19.0829	0	0.00	0.06524961	12.22563	10.00	12.27094
2.59564	10.00	19.14878	0	0.00	0.06587671	12.26139	10.00	12.30595
2.59564	10.00	19.21551	0	0.00	0.06673171	12.29667	10.00	12.3405
2.59564	10.00	19.28136	0	0.00	0.06584698	12.33191	10.00	12.37499
2.59564	10.00	19.34711	0	0.00	0.06575355	12.36874	10.00	12.41105
2.59564	10.00	19.41584	0	0.00	0.0687291	12.40289	10.00	12.44449
2.59564	10.00	19.47957	0	0.00	0.0637321	12.43851	10.00	12.47936
2.59564	10.00	19.54604	0	0.00	0.06646842	12.47373	10.00	12.51385
2.59564	10.00	19.61177	0	0.00	0.06572948	12.50889	10.00	12.54828
2.59564	10.00	19.6774	0	0.00	0.06563322	12.54481	10.00	12.58344
2.59564	10.00	19.74442	0	0.00	0.06701908	12.58009	10.00	12.61799
2.59564	10.00	19.81028	0	0.00	0.06585406	12.61521	10.00	12.65236
2.59564	10.00	19.8758	0	0.00	0.06552564	12.65092	10.00	12.68733
2.59564	10.00	19.94245	0	0.00	0.06664819	12.68622	10.00	12.72189
2.59564	10.00	20.00832	0	0.00	0.06587388	12.72169	10.00	12.75662
2.59564	10.00	20.07452	0	0.00	0.06619946	12.75865	10.00	12.79281
2.59564	10.00	20.14349	0	0.00	0.06896549	12.79247	10.00	12.82592
2.59564	10.00	20.20661	0	0.00	0.06312624	12.8278	10.00	12.86051
2.59564	10.00	20.27255	0	0.00	0.06593332	12.86365	10.00	12.89561
2.59564	10.00	20.33944	0	0.00	0.06688884	12.89869	10.00	12.92992
2.59564	10.00	20.40484	0	0.00	0.06540249	12.9341	10.00	12.96459
2.59564	10.00	20.47092	0	0.00	0.06607772	12.9704	10.00	13.00013
2.59564	10.00	20.53866	0	0.00	0.06774668	13.00503	10.00	13.03403
2.59564	10.00	20.60328	0	0.00	0.06461684	13.04075	10.00	13.06901
2.59564	10.00	20.66995	0	0.00	0.06667226	13.07589	10.00	13.10341
2.59564	10.00	20.73552	0	0.00	0.06556528	13.1112	10.00	13.13798
2.59564	10.00	20.80142	0	0.00	0.06590077	13.14655	10.00	13.17259
2.59564	10.00	20.86739	0	0.00	0.06597296	13.18208	10.00	13.20738
2.59564	10.00	20.93369	0	0.00	0.06629854	13.21733	10.00	13.24189
2.59564	10.00	20.99948	0	0.00	0.06579319	13.25273	10.00	13.27655
2.59564	10.00	21.06554	0	0.00	0.06606073	13.2881	10.00	13.31118
2.59564	10.00	21.13155	0	0.00	0.06600269	13.32365	10.00	13.34599
2.59564	10.00	21.19789	0	0.00	0.06634526	13.35857	10.00	13.38017
2.59564	10.00	21.26412	0	0.00	0.06622635	13.39287	10.00	13.41373
2.59564	10.00	21.33023	0	0.00	0.06611452	13.42653	10.00	13.44664
2.59564	10.00	21.39618	0	0.00	0.06595031	13.45969	10.00	13.47907
2.59564	10.00	21.46228	0	0.00	0.06609329	13.49228	10.00	13.51092
2.59564	10.00	21.52835	0	0.00	0.06607205	13.52421	10.00	13.54211
2.59564	10.00	21.59422	0	0.00	0.06587104	13.5558	10.00	13.57296
2.59564	10.00	21.661	0	0.00	0.0667756	13.58615	10.00	13.60259
2.59564	10.00	21.72681	0	0.00	0.06581442	13.61565	10.00	13.6314
2.59564	10.00	21.79245	0	0.00	0.06563747	13.645	10.00	13.66004
2.59564	10.00	21.85948	0	0.00	0.06703748	13.67282	10.00	13.68719
2.59564	10.00	21.92483	0	0.00	0.06534586	13.70024	10.00	13.71394
2.59564	10.00	21.99104	0	0.00	0.06621502	13.72732	10.00	13.74034
2.59564	10.00	22.05835	0	0.00	0.06730219	13.75274	10.00	13.76513
2.59564	10.00	22.12351	0	0.00	0.06515901	13.77779	10.00	13.78954
2.59564	10.00	22.18967	0	0.00	0.06616124	13.80273	10.00	13.81385
2.59564	10.00	22.25771	0	0.00	0.06804537	13.82539	10.00	13.83592
2.59564	10.00	22.32165	0	0.00	0.0639402	13.84824	10.00	13.85816
2.59564	10.00	22.38828	0	0.00	0.06663121	13.86991	10.00	13.87926
2.59564	10.00	22.45381	0	0.00	0.06552706	13.89098	10.00	13.89975
2.59564	10.00	22.51987	0	0.00	0.06606356	13.91121	10.00	13.91942
2.59564	10.00	22.58599	0	0.00	0.06611735	13.93063	10.00	13.9383
2.59564	10.00	22.65232	0	0.00	0.06633252	13.94897	10.00	13.95612
2.59564	10.00	22.7182	0	0.00	0.06587529	13.9665	10.00	13.97314
2.59564	10.00	22.78454	0	0.00	0.06633818	13.98299	10.00	13.98915
2.59564	10.00	22.85052	0	0.00	0.0659857	13.99862	10.00	14.00431
2.59564	10.00	22.91691	0	0.00	0.06638207	14.01314	10.00	14.01839
2.59564	10.00	22.98263	0	0.00	0.06572382	14.0267	10.00	14.03152
2.59564	10.00	23.04834	0	0.00	0.06570825	14.0394	10.00	14.04382
2.59564	10.00	23.11458	0	0.00	0.06623767	14.05107	10.00	14.0551
2.59564	10.00	23.18052	0	0.00	0.06594323	14.06179	10.00	14.06545
2.59564	10.00	23.2468	0	0.00	0.06628439	14.07143	10.00	14.07474
2.59564	10.00	23.31269	0	0.00	0.06588944	14.0802	10.00	14.08317
2.59564	10.00	23.37988	0	0.00	0.06718611	14.08723	10.00	14.0899
2.59564	10.00	23.44517	0	0.00	0.06528924	14.0928	10.00	14.09518
2.59564	10.00	23.5111	0	0.00	0.06593332	14.09806	10.00	14.10017
2.59564	10.00	23.57792	0	0.00	0.06681382	14.10288	10.00	14.10474
2.59564	10.00	23.64389	0	0.00	0.06597013	14.10728	10.00	14.10891
2.59564	10.00	23.70924	0	0.00	0.06535011	14.11148	10.00	14.1129
2.59564	10.00	23.77771	0	0.00	0.06847712	14.11498	10.00	14.11622
2.59564	10.00	23.84142	0	0.00	0.06371087	14.11801	10.00	14.11909
2.59564	10.00	23.9073	0	0.00	0.06587104	14.12053	10.00	14.12149
2.59564	10.00	23.97322	0	0.00	0.06592625	14.12295	10.00	14.1238
2.59564	10.00	24.04028	0	0.00	0.06705447	14.12517	10.00	14.1259
2.59564	10.00	24.10571	0	0.00	0.06543646	14.12727	10.00	14.1279
2.59564	10.00	24.17205	0	0.00	0.06633393	14.12922	10.00	14.12975
2.59564	10.00	24.23817	0	0.00	0.0661216	14.13101	10.00	14.13146
2.59564	10.00	24.30426	0	0.00	0.06609187	14.13267	10.00	14.13303
2.59564	10.00	24.3707	0	0.00	0.06644435	14.13415	10.00	14.13444
2.59564	10.00	24.43647	0	0.00	0.06576346	14.1355	10.00	14.13572
2.59564	10.00	24.50274	0	0.00	0.06627448	14.13668	10.00	14.13685
2.59564	10.00	24.56868	0	0.00	0.0659404	14.13772	10.00	14.13783
2.59564	10.00	24.63494	0	0.00	0.06625324	14.13862	10.00	14.13869
2.59564	10.00	24.70375	0	0.00	0.06881261	14.13929	10.00	14.13933
2.59564	10.00	24.76705	0	0.00	0.0633046	14.13981	10.00	14.13982
2.59564	10.00	24.83282	0	0.00	0.06576912	14.14	10.00	14.14
2.59564	10.00	24.90006	0	0.00	0.06724132	14.14	10.00	14.14
2.59564	10.00	24.96501	0	0.00	0.06494808	14.14	10.00	14.14
2.59564	10.00	25.03091	0	0.00	0.06589935	14.14	10.00	14.14
2.59564	10.00	25.09801	0	0.00	0.06710118	14.14	10.00	14.14
2.59564	10.00	25.16299	0	0.00	0.06498064	14.14	10.00	14.14
2.59564	10.00	25.22975	0	0.00	0.06675436	14.14	10.00	14.14
2.59564	10.00	25.29601	0	0.00	0.06626882	14.14	10.00	14.14
2.59564	10.00	25.36172	0	0.00	0.06570967	14.14	10.00	14.14
2.59564	10.00	25.42753	0	0.00	0.06580593	14.14	10.00	14.14
2.59564	10.00	25.49643	0	0.00	0.06889613	14.14	10.00	14.14
2.59564	10.00	25.56029	0	0.00	0.06385809	14.14	10.00	14.14
2.59564	10.00	25.62583	0	0.00	0.06554263	14.14	10.00	14.14
2.59564	10.00	25.69858	0	0.00	0.07274792	14.14	10.00	14.14
2.59564	10.00	25.75822	0	0.00	0.05964675	14.14	10.00	14.14
2.59564	10.00	25.8244	0	0.00	0.06617539	14.14	10.00	14.14
2.593542	10.00	25.89056	-0.002098114	0.00	0.06616265	14.14	10.00	14.14
2.590834	10.00	25.95597	-0.002707703	0.00	0.06541239	14.14	10.00	14.14
2.588082	10.00	26.02247	-0.002752705	0.00	0.06649956	14.14	10.00	14.14
2.584011	10.00	26.08946	-0.004070194	0.00	0.06698793	14.14	10.00	14.14
2.578796	10.00	26.15454	-0.005214912	0.00	0.06508398	14.14	10.00	14.14
2.571901	10.00	26.22385	-0.006895575	0.00	0.06930806	14.14	10.00	14.14
2.564398	10.00	26.28698	-0.007503359	0.00	0.06312907	14.14	10.00	14.14
2.556589	10.00	26.35268	-0.007808905	0.00	0.06569976	14.14	10.00	14.14
2.547267	10.00	26.42012	-0.009321312	0.00	0.06743667	14.14	10.00	14.14
2.535022	10.00	26.48573	-0.0122454	0.00	0.06561057	14.14	10.00	14.14
2.527167	10.00	26.55181	-0.007854669	0.00	0.06608479	14.14	10.00	14.14
2.51994	10.00	26.61801	-0.007226833	0.00	0.06619521	14.14	10.00	14.14
2.512187	10.00	26.68324	-0.007753719	0.00	0.06523545	14.14	10.00	14.14
2.502194	10.00	26.7508	-0.009992719	0.00	0.06756124	14.14	10.00	14.14
2.491778	10.00	26.8169	-0.01041602	0.00	0.06609612	14.14	10.00	14.14
2.480213	10.00	26.88226	-0.01156476	0.00	0.06535435	14.14	10.00	14.14
2.467279	10.00	26.94814	-0.01293378	0.00	0.06588095	14.14	10.00	14.14
2.451328	10.00	27.016	-0.01595128	0.00	0.06786276	14.14	10.00	14.14
2.434386	10.00	27.08015	-0.01694235	0.00	0.06415112	14.14	10.00	14.14
2.416329	10.00	27.1461	-0.01805689	0.00	0.06595314	14.14	10.00	14.14
2.398122	10.00	27.2126	-0.01820688	0.00	0.06650098	14.14	10.00	14.14
2.376299	10.00	27.27836	-0.02182329	0.00	0.06575638	14.14	10.00	14.14
2.353705	10.00	27.34451	-0.02259393	0.00	0.0661485	14.14	10.00	14.14
2.32725	10.00	27.4107	-0.02645452	0.00	0.06619238	14.14	10.00	14.14
21.46283
