0.03192616	10.00	-49.84502	0.03192616	0.00	0.1549788	28.28002	10.00	28.28002
0.1206347	10.00	-49.41441	0.08870859	0.00	0.4306171	28.27102	10.00	28.27042
0.1489592	10.00	-49.27691	0.02832443	0.00	0.137495	28.26046	10.00	28.25946
0.1697066	10.00	-49.17619	0.02074744	0.00	0.1007141	28.2476	10.00	28.24616
0.1886755	10.00	-49.08411	0.01896889	0.00	0.09208045	28.23562	10.00	28.23377
0.2030666	10.00	-49.01426	0.01439113	0.00	0.06985872	28.22266	10.00	28.22028
0.2167678	10.00	-48.94775	0.01370118	0.00	0.06650947	28.19453	10.00	28.19138
0.2432	10.00	-48.81944	0.02643215	0.00	0.1283093	28.17693	10.00	28.17359
0.256828	10.00	-48.75328	0.01362798	0.00	0.06615416	28.15694	10.00	28.15354
0.2710187	10.00	-48.6844	0.0141908	0.00	0.06888622	28.13618	10.00	28.13269
0.2846251	10.00	-48.61835	0.0136064	0.00	0.0660494	28.11387	10.00	28.11038
0.2982173	10.00	-48.55237	0.01359211	0.00	0.06598004	28.09023	10.00	28.08671
0.311698	10.00	-48.48693	0.01348072	0.00	0.06543929	28.06547	10.00	28.06192
0.3243461	10.00	-48.4225	0.01264809	0.00	0.06442574	28.03816	10.00	28.03458
0.3375163	10.00	-48.35542	0.01317028	0.00	0.06708561	28.01034	10.00	28.00676
0.3501886	10.00	-48.29087	0.01267227	0.00	0.06454889	27.98054	10.00	27.97696
0.3632802	10.00	-48.22418	0.01309163	0.00	0.066685	27.95056	10.00	27.94697
0.3760837	10.00	-48.15897	0.01280344	0.00	0.06521705	27.91893	10.00	27.91535
0.3892217	10.00	-48.09204	0.01313804	0.00	0.0669214	27.8868	10.00	27.88321
0.4022142	10.00	-48.02586	0.01299242	0.00	0.06617964	27.85379	10.00	27.8502
0.4152146	10.00	-47.95964	0.01300048	0.00	0.06622069	27.8201	10.00	27.81651
0.4281495	10.00	-47.89376	0.0129349	0.00	0.06588662	27.78562	10.00	27.78203
0.4411147	10.00	-47.82772	0.01296519	0.00	0.06604091	27.7512	10.00	27.7476
0.449521	10.00	-47.76422	0.00840631	0.00	0.0634985	27.7157	10.00	27.7121
0.4542382	10.00	-47.70893	0.004717135	0.00	0.05529261	27.68087	10.00	27.67729
0.4542382	10.00	-47.68332	0	0.00	0.02560271	27.64595	10.00	27.64236
0.4542382	10.00	-47.66976	0	0.00	0.01356587	27.61058	10.00	27.60699
0.4542382	10.00	-47.66976	0	0.00	0	27.54086	10.00	27.53728
0.4542382	10.00	-47.66976	0	0.00	0	27.50499	10.00	27.50141
0.4542382	10.00	-47.66976	0	0.00	0	27.46983	10.00	27.46625
0.4542382	10.00	-47.66976	0	0.00	0	27.43401	10.00	27.43045
0.4542382	10.00	-47.66976	0	0.00	0	27.40016	10.00	27.39659
0.4542382	10.00	-47.66976	0	0.00	0	27.36476	10.00	27.3612
0.4542382	10.00	-47.66976	0	0.00	0	27.32866	10.00	27.3251
0.4542382	10.00	-47.66976	0	0.00	0	27.29416	10.00	27.2906
0.4542382	10.00	-47.66976	0	0.00	0	27.25945	10.00	27.2559
0.4542382	10.00	-47.66976	0	0.00	0	27.22403	10.00	27.22048
0.4542382	10.00	-47.66976	0	0.00	0	27.18953	10.00	27.18598
0.4542382	10.00	-47.66976	0	0.00	0	27.15494	10.00	27.1514
0.4542382	10.00	-47.66976	0	0.00	0	27.11921	10.00	27.11567
0.4542382	10.00	-47.66976	0	0.00	0	27.08478	10.00	27.08124
0.4542382	10.00	-47.66976	0	0.00	0	27.04984	10.00	27.04631
0.4542382	10.00	-47.66976	0	0.00	0	27.01476	10.00	27.01122
0.4542382	10.00	-47.66976	0	0.00	0	26.97977	10.00	26.97625
0.4542382	10.00	-47.66976	0	0.00	0	26.9446	10.00	26.94107
0.4542382	10.00	-47.66976	0	0.00	0	26.90955	10.00	26.90602
0.4542382	10.00	-47.66976	0	0.00	0	26.83873	10.00	26.83521
0.4542382	10.00	-47.66976	0	0.00	0	26.80331	10.00	26.7998
0.4542382	10.00	-47.66376	0	0.00	0.005998306	26.76924	10.00	26.76573
0.4542382	10.00	-47.65364	0	0.00	0.01012156	26.7341	10.00	26.73059
0.4542382	10.00	-47.63421	0	0.00	0.01942542	26.69923	10.00	26.69572
0.4542382	10.00	-47.61048	0	0.00	0.02373342	26.66473	10.00	26.66123
0.4542382	10.00	-47.58323	0	0.00	0.02725414	26.62922	10.00	26.62572
0.4542382	10.00	-47.54609	0	0.00	0.03713024	26.5942	10.00	26.5907
0.4542382	10.00	-47.50563	0	0.00	0.04046225	26.5594	10.00	26.5559
0.4542382	10.00	-47.45462	0	0.00	0.05101078	26.52393	10.00	26.52043
0.4542382	10.00	-47.39552	0	0.00	0.05910671	26.48884	10.00	26.48536
0.4542382	10.00	-47.33128	0	0.00	0.06422972	26.45391	10.00	26.45042
0.4542382	10.00	-47.26542	0	0.00	0.06586538	26.41717	10.00	26.41369
0.4542382	10.00	-47.19615	0	0.00	0.06926843	26.34876	10.00	26.34528
0.4389064	10.00	-47.06716	-0.01533178	0.00	0.128993	26.31231	10.00	26.30884
0.4154281	10.00	-46.99842	-0.02347827	0.00	0.06873758	26.27871	10.00	26.27525
0.3919535	10.00	-46.93508	-0.02347459	0.00	0.06333999	26.24278	10.00	26.23931
0.3655255	10.00	-46.86731	-0.02642801	0.00	0.06776792	26.20577	10.00	26.20231
0.3383169	10.00	-46.79754	-0.0272086	0.00	0.06976954	26.17301	10.00	26.16956
0.3130363	10.00	-46.73578	-0.02528059	0.00	0.06175879	26.10318	10.00	26.09974
0.2565894	10.00	-46.60412	-0.05644696	0.00	0.1316671	26.06699	10.00	26.06353
0.2273278	10.00	-46.53586	-0.02926153	0.00	0.06825487	26.03349	10.00	26.03004
0.2002474	10.00	-46.47269	-0.02708044	0.00	0.06316729	25.99796	10.00	25.99452
0.1715314	10.00	-46.40571	-0.02871596	0.00	0.06698227	25.96335	10.00	25.95991
0.1435534	10.00	-46.34045	-0.027978	0.00	0.06526092	25.92869	10.00	25.92525
0.1155342	10.00	-46.27509	-0.02801927	0.00	0.06535719	25.89281	10.00	25.88937
0.08653419	10.00	-46.20745	-0.02899997	0.00	0.06764476	25.85799	10.00	25.85455
0.05838142	10.00	-46.14178	-0.02815278	0.00	0.06566861	25.82259	10.00	25.81916
0.02976681	10.00	-46.07504	-0.02861461	0.00	0.06674587	25.78792	10.00	25.7845
0.001742687	10.00	-46.00967	-0.02802412	0.00	0.06536851	25.75306	10.00	25.74963
-0.02644044	10.00	-45.94393	-0.02818312	0.00	0.06573939	25.71778	10.00	25.71436
-0.05495734	10.00	-45.87741	-0.0285169	0.00	0.06651796	25.64799	10.00	25.64457
-0.1113685	10.00	-45.74583	-0.05641115	0.00	0.1315835	25.61199	10.00	25.60858
-0.1404716	10.00	-45.67794	-0.02910314	0.00	0.06788541	25.57625	10.00	25.57284
-0.1693599	10.00	-45.61055	-0.02888831	0.00	0.0673843	25.54177	10.00	25.53837
-0.1972317	10.00	-45.54554	-0.0278718	0.00	0.0650132	25.50766	10.00	25.50425
-0.2248098	10.00	-45.48121	-0.02757807	0.00	0.06432806	25.47295	10.00	25.46955
-0.2528661	10.00	-45.41577	-0.02805629	0.00	0.06544354	25.43739	10.00	25.43399
-0.28161	10.00	-45.34872	-0.02874387	0.00	0.06704739	25.40231	10.00	25.39891
-0.3099685	10.00	-45.28257	-0.02835851	0.00	0.0661485	25.36725	10.00	25.36385
-0.33831	10.00	-45.21646	-0.02834152	0.00	0.06610886	25.33229	10.00	25.32891
-0.3665629	10.00	-45.15056	-0.02825291	0.00	0.06590218	25.29723	10.00	25.29383
-0.3949111	10.00	-45.08444	-0.02834819	0.00	0.06612443	25.26263	10.00	25.25925
-0.4228758	10.00	-45.01921	-0.02796465	0.00	0.06522979	25.2275	10.00	25.22413
-0.4512664	10.00	-44.95299	-0.02839067	0.00	0.06622352	25.19199	10.00	25.18862
-0.4799733	10.00	-44.88602	-0.02870685	0.00	0.06696104	25.15688	10.00	25.1535
-0.5083591	10.00	-44.81981	-0.02838582	0.00	0.06621219	25.12185	10.00	25.11848
-0.5366703	10.00	-44.75378	-0.02831117	0.00	0.06603808	25.08691	10.00	25.08354
-0.5649171	10.00	-44.68789	-0.02824684	0.00	0.06588802	25.01741	10.00	25.01405
-0.6210995	10.00	-44.55684	-0.05618237	0.00	0.1310499	24.981	10.00	24.97763
-0.650534	10.00	-44.48818	-0.02943449	0.00	0.06865831	24.94508	10.00	24.94172
-0.6795643	10.00	-44.42046	-0.02903032	0.00	0.06771554	24.91095	10.00	24.90761
-0.7071515	10.00	-44.35611	-0.02758717	0.00	0.06434929	24.87603	10.00	24.87268
-0.7353801	10.00	-44.29027	-0.02822864	0.00	0.06584556	24.84056	10.00	24.83721
-0.7640536	10.00	-44.22338	-0.02867347	0.00	0.06688318	24.80623	10.00	24.80288
-0.791804	10.00	-44.15865	-0.02775042	0.00	0.06473009	24.77108	10.00	24.76773
-0.8202232	10.00	-44.09237	-0.02841919	0.00	0.06629005	24.73595	10.00	24.73261
-0.8486151	10.00	-44.02614	-0.02839188	0.00	0.06622635	24.7012	10.00	24.69787
-0.8767017	10.00	-43.96062	-0.02808663	0.00	0.06551432	24.66626	10.00	24.66293
-0.9049504	10.00	-43.89473	-0.02824866	0.00	0.06589227	24.63115	10.00	24.62782
-0.9333277	10.00	-43.82854	-0.02837732	0.00	0.06619238	24.59609	10.00	24.59277
-0.9616722	10.00	-43.76242	-0.02834455	0.00	0.06611594	24.56129	10.00	24.55796
-0.9898068	10.00	-43.6968	-0.02813457	0.00	0.06562614	24.52605	10.00	24.52273
-1.018287	10.00	-43.63036	-0.02848049	0.00	0.06643303	24.49103	10.00	24.48771
-1.046598	10.00	-43.56433	-0.02831057	0.00	0.06603666	24.45593	10.00	24.45262
-1.074967	10.00	-43.49815	-0.02836883	0.00	0.06617256	24.4213	10.00	24.41799
-1.102963	10.00	-43.43285	-0.02799681	0.00	0.06530481	24.38591	10.00	24.3826
-1.131567	10.00	-43.36613	-0.02860368	0.00	0.06672039	24.35082	10.00	24.34752
-1.159934	10.00	-43.29996	-0.02836701	0.00	0.06616832	24.28102	10.00	24.27772
-1.216359	10.00	-43.16835	-0.05642451	0.00	0.1316147	24.24567	10.00	24.24238
-1.24493	10.00	-43.1017	-0.02857091	0.00	0.06664395	24.20962	10.00	24.20633
-1.274071	10.00	-43.03373	-0.02914137	0.00	0.06797459	24.1753	10.00	24.17201
-1.301814	10.00	-42.96902	-0.02774314	0.00	0.0647131	24.14044	10.00	24.13714
-1.33	10.00	-42.90327	-0.02818555	0.00	0.06574506	24.10536	10.00	24.10208
-1.35835	10.00	-42.83714	-0.02835062	0.00	0.06613009	24.03569	10.00	24.03241
-1.414672	10.00	-42.70576	-0.05632194	0.00	0.1313754	24.00116	10.00	23.99788
-1.442585	10.00	-42.64066	-0.02791246	0.00	0.06510805	23.96462	10.00	23.96135
-1.472123	10.00	-42.57176	-0.02953827	0.00	0.06890038	23.9296	10.00	23.92633
-1.50043	10.00	-42.50573	-0.02830692	0.00	0.06602817	23.89322	10.00	23.88996
-1.529835	10.00	-42.43714	-0.02940476	0.00	0.06858895	23.85882	10.00	23.85556
-1.557639	10.00	-42.37228	-0.02780443	0.00	0.06485607	23.82486	10.00	23.8216
-1.585093	10.00	-42.30824	-0.02745427	0.00	0.06403928	23.78988	10.00	23.78661
-1.613377	10.00	-42.24227	-0.02828326	0.00	0.06597296	23.75467	10.00	23.75142
-1.64183	10.00	-42.1759	-0.02845379	0.00	0.06637074	23.7197	10.00	23.71645
-1.670098	10.00	-42.10996	-0.02826748	0.00	0.06593616	23.68451	10.00	23.68127
-1.698542	10.00	-42.04362	-0.02844408	0.00	0.06634809	23.64986	10.00	23.64663
-1.726547	10.00	-41.97829	-0.02800531	0.00	0.06532463	23.61425	10.00	23.61101
-1.755338	10.00	-41.91113	-0.02879121	0.00	0.0671578	23.54416	10.00	23.54092
-1.812	10.00	-41.77896	-0.05666179	0.00	0.1321682	23.50784	10.00	23.50461
-1.841353	10.00	-41.71049	-0.02935317	0.00	0.06846862	23.47467	10.00	23.47144
-1.868171	10.00	-41.64794	-0.02681766	0.00	0.06255434	23.43938	10.00	23.43616
-1.896695	10.00	-41.58141	-0.02852358	0.00	0.06653353	23.40464	10.00	23.40141
-1.924781	10.00	-41.5159	-0.02808602	0.00	0.0655129	23.36909	10.00	23.36587
-1.953512	10.00	-41.44888	-0.02873174	0.00	0.06701908	23.29946	10.00	23.29625
-2.009799	10.00	-41.31758	-0.05628614	0.00	0.1312919	23.26435	10.00	23.26114
-2.03818	10.00	-41.25138	-0.02838157	0.00	0.06620229	23.22799	10.00	23.22478
-2.067573	10.00	-41.18282	-0.02939262	0.00	0.06856064	23.1927	10.00	23.1895
-2.096095	10.00	-41.11629	-0.02852236	0.00	0.0665307	23.15799	10.00	23.15479
-2.124161	10.00	-41.05083	-0.02806539	0.00	0.06546477	23.1228	10.00	23.11961
-2.152599	10.00	-40.98449	-0.02843861	0.00	0.06633535	23.08756	10.00	23.08437
-2.181087	10.00	-40.91804	-0.02848838	0.00	0.06645143	23.05223	10.00	23.04904
-2.209646	10.00	-40.85143	-0.02855817	0.00	0.06661422	23.01763	10.00	23.01444
-2.237616	10.00	-40.78618	-0.02797072	0.00	0.06524394	22.98305	10.00	22.97985
-2.265577	10.00	-40.72096	-0.0279604	0.00	0.06521988	22.94806	10.00	22.94488
-2.293852	10.00	-40.65501	-0.02827537	0.00	0.06595456	22.91309	10.00	22.90991
-2.32212	10.00	-40.58907	-0.02826808	0.00	0.06593757	22.8779	10.00	22.87472
-2.35057	10.00	-40.52271	-0.02845015	0.00	0.06636225	22.84325	10.00	22.84008
-2.378575	10.00	-40.45739	-0.0280047	0.00	0.06532321	22.80884	10.00	22.80567
-2.40639	10.00	-40.39251	-0.02781475	0.00	0.06488014	22.77326	10.00	22.77009
-2.435153	10.00	-40.32541	-0.02876329	0.00	0.06709269	22.73836	10.00	22.73519
-2.46337	10.00	-40.25959	-0.0282165	0.00	0.06581725	22.70335	10.00	22.70019
-2.491663	10.00	-40.1936	-0.02829357	0.00	0.06599703	22.66781	10.00	22.66465
-2.520392	10.00	-40.12659	-0.0287287	0.00	0.067012	22.63319	10.00	22.63003
-2.548382	10.00	-40.06129	-0.02799014	0.00	0.06528924	22.59824	10.00	22.59509
-2.576628	10.00	-39.99541	-0.02824563	0.00	0.0658852	22.56305	10.00	22.55989
-2.60508	10.00	-39.92904	-0.02845197	0.00	0.06636649	22.52804	10.00	22.52489
-2.633376	10.00	-39.86304	-0.028296	0.00	0.06600269	22.4929	10.00	22.48975
-2.66178	10.00	-39.79679	-0.02840463	0.00	0.06625608	22.42279	10.00	22.41964
-2.718463	10.00	-39.66457	-0.05668303	0.00	0.1322177	22.38697	10.00	22.38384
-2.747411	10.00	-39.59705	-0.02894717	0.00	0.0675216	22.35278	10.00	22.34965
-2.775048	10.00	-39.53258	-0.02763755	0.00	0.06446679	22.31765	10.00	22.31453
-2.803439	10.00	-39.46635	-0.02839067	0.00	0.06622352	22.28325	10.00	22.28012
-2.831255	10.00	-39.40147	-0.02781657	0.00	0.06488439	22.24759	10.00	22.24446
-2.860079	10.00	-39.33424	-0.02882398	0.00	0.06723424	22.21259	10.00	22.20947
-2.888365	10.00	-39.26826	-0.02828568	0.00	0.06597862	22.17762	10.00	22.1745
-2.916638	10.00	-39.20231	-0.02827355	0.00	0.06595031	22.14246	10.00	22.13934
-2.945059	10.00	-39.13602	-0.02842041	0.00	0.06629288	22.10737	10.00	22.10426
-2.973424	10.00	-39.06985	-0.02836519	0.00	0.06616407	22.03742	10.00	22.03432
-3.029966	10.00	-38.93796	-0.05654163	0.00	0.1318879	22.00071	10.00	21.99761
-3.059642	10.00	-38.86874	-0.02967603	0.00	0.06922171	21.96692	10.00	21.96382
-3.086959	10.00	-38.80502	-0.02731772	0.00	0.06372078	21.93101	10.00	21.92791
-3.115988	10.00	-38.73731	-0.0290285	0.00	0.06771129	21.89683	10.00	21.89373
-3.143616	10.00	-38.67287	-0.02762784	0.00	0.06444414	21.86144	10.00	21.85835
-3.17222	10.00	-38.60614	-0.02860429	0.00	0.0667218	21.82686	10.00	21.82377
-3.200175	10.00	-38.54094	-0.02795494	0.00	0.06520714	21.79194	10.00	21.78886
-3.228399	10.00	-38.4751	-0.02822439	0.00	0.06583565	21.75739	10.00	21.75431
-3.25633	10.00	-38.40995	-0.02793066	0.00	0.06515051	21.72187	10.00	21.7188
-3.285038	10.00	-38.34299	-0.02870807	0.00	0.06696387	21.68679	10.00	21.68372
-3.313398	10.00	-38.27684	-0.02835972	0.00	0.06615133	21.65179	10.00	21.64871
-3.341694	10.00	-38.21083	-0.02829661	0.00	0.0660041	21.58208	10.00	21.57901
-3.39804	10.00	-38.0794	-0.05634561	0.00	0.1314307	21.54626	10.00	21.5432
-3.426992	10.00	-38.01187	-0.02895203	0.00	0.06753293	21.51142	10.00	21.50837
-3.455155	10.00	-37.94617	-0.0281631	0.00	0.06569268	21.47619	10.00	21.47313
-3.483641	10.00	-37.87973	-0.02848595	0.00	0.06644577	21.44094	10.00	21.43788
-3.512133	10.00	-37.81327	-0.02849202	0.00	0.06645992	21.40672	10.00	21.40367
-3.539793	10.00	-37.74875	-0.02765939	0.00	0.06451775	21.37132	10.00	21.36827
-3.568409	10.00	-37.682	-0.02861704	0.00	0.06675153	21.33587	10.00	21.33282
-3.597069	10.00	-37.61515	-0.02865891	0.00	0.0668492	21.30106	10.00	21.29801
-3.625207	10.00	-37.54951	-0.02813821	0.00	0.06563464	21.26594	10.00	21.26289
-3.653599	10.00	-37.48329	-0.02839249	0.00	0.06622776	21.19624	10.00	21.19321
-3.709931	10.00	-37.35189	-0.05633165	0.00	0.1313981	21.15986	10.00	21.15684
-3.739337	10.00	-37.2833	-0.02940597	0.00	0.06859178	21.12575	10.00	21.12273
-3.766914	10.00	-37.21897	-0.02757686	0.00	0.06432523	21.09066	10.00	21.08764
-3.795277	10.00	-37.15281	-0.02836336	0.00	0.06615982	21.05592	10.00	21.0529
-3.823362	10.00	-37.0873	-0.02808542	0.00	0.06551149	20.98535	10.00	20.98233
-3.880408	10.00	-36.95424	-0.05704533	0.00	0.1330628	20.95058	10.00	20.94757
-3.908509	10.00	-36.88869	-0.0281012	0.00	0.06554829	20.91626	10.00	20.91325
-3.936258	10.00	-36.82396	-0.02774921	0.00	0.06472725	20.87969	10.00	20.87669
-3.965816	10.00	-36.75502	-0.02955829	0.00	0.06894709	20.84547	10.00	20.84246
-3.993483	10.00	-36.69048	-0.02766667	0.00	0.06453474	20.81099	10.00	20.80799
-4.021354	10.00	-36.62547	-0.02787119	0.00	0.06501178	20.77557	10.00	20.77257
-4.049986	10.00	-36.55869	-0.0286316	0.00	0.06678551	20.74066	10.00	20.73766
-4.078208	10.00	-36.49286	-0.02822196	0.00	0.06582999	20.70584	10.00	20.70285
-4.106347	10.00	-36.42722	-0.02813943	0.00	0.06563747	20.63575	10.00	20.63276
-4.163009	10.00	-36.29505	-0.05666118	0.00	0.1321668	20.5996	10.00	20.59662
-4.192229	10.00	-36.22689	-0.02922026	0.00	0.06815861	20.56412	10.00	20.56114
-4.220914	10.00	-36.15998	-0.02868561	0.00	0.06691149	20.52892	10.00	20.52594
-4.249368	10.00	-36.09361	-0.02845379	0.00	0.06637074	20.49442	10.00	20.49145
-4.277248	10.00	-36.02858	-0.02788029	0.00	0.06503302	20.45978	10.00	20.4568
-4.305257	10.00	-35.96325	-0.02800834	0.00	0.0653317	20.42491	10.00	20.42194
-4.33344	10.00	-35.89751	-0.02818312	0.00	0.06573939	20.39016	10.00	20.38721
-4.361526	10.00	-35.83199	-0.02808602	0.00	0.0655129	20.35481	10.00	20.35186
-4.390099	10.00	-35.76534	-0.02857273	0.00	0.06664819	20.31988	10.00	20.31692
-4.418342	10.00	-35.69946	-0.0282432	0.00	0.06587954	20.24903	10.00	20.24607
-4.475616	10.00	-35.56587	-0.05727413	0.00	0.1335965	20.21267	10.00	20.20972
-4.505005	10.00	-35.49731	-0.02938898	0.00	0.06855214	20.17497	10.00	20.17202
-4.535477	10.00	-35.42624	-0.03047224	0.00	0.07107895	20.10853	10.00	20.10558
-4.589189	10.00	-35.30095	-0.05371118	0.00	0.1252856	20.0727	10.00	20.06977
-4.618144	10.00	-35.23341	-0.02895506	0.00	0.06754	20.00401	10.00	20.00108
-4.673674	10.00	-35.10388	-0.05552997	0.00	0.1295281	19.96754	10.00	19.96461
-4.703152	10.00	-35.03512	-0.02947879	0.00	0.06876165	19.93279	10.00	19.92986
-4.731239	10.00	-34.9696	-0.02808724	0.00	0.06551573	19.86338	10.00	19.86046
-4.787348	10.00	-34.83873	-0.05610893	0.00	0.1308786	19.82463	10.00	19.82171
-4.818679	10.00	-34.76565	-0.03133036	0.00	0.07308058	19.75931	10.00	19.7564
-4.871477	10.00	-34.64249	-0.05279845	0.00	0.1231566	19.72172	10.00	19.71881
-4.901864	10.00	-34.57161	-0.03038668	0.00	0.07087936	19.68758	10.00	19.68468
-4.929455	10.00	-34.50725	-0.02759081	0.00	0.06435779	19.61836	10.00	19.61547
-4.985405	10.00	-34.37674	-0.05595054	0.00	0.1305091	19.5825	10.00	19.5796
-5.014401	10.00	-34.30911	-0.02899633	0.00	0.06763627	19.54784	10.00	19.54494
-5.042419	10.00	-34.24375	-0.02801805	0.00	0.06535435	19.4783	10.00	19.47542
-5.098628	10.00	-34.11264	-0.05620785	0.00	0.1311093	19.44128	10.00	19.4384
-5.128555	10.00	-34.04284	-0.02992788	0.00	0.06980918	19.40746	10.00	19.40458
-5.15589	10.00	-33.97908	-0.02733411	0.00	0.063759	19.33799	10.00	19.33511
-5.212052	10.00	-33.84807	-0.05616234	0.00	0.1310032	19.30306	10.00	19.30019
-5.240286	10.00	-33.78222	-0.0282341	0.00	0.0658583	19.2656	10.00	19.26273
-5.270568	10.00	-33.71158	-0.03028229	0.00	0.07063587	19.1979	10.00	19.19503
-5.325292	10.00	-33.58393	-0.05472405	0.00	0.1276482	19.16084	10.00	19.15798
-5.35525	10.00	-33.51405	-0.02995761	0.00	0.06987854	19.12586	10.00	19.123
-5.383521	10.00	-33.44811	-0.02827112	0.00	0.06594465	19.05522	10.00	19.05237
-5.440629	10.00	-33.3149	-0.05710784	0.00	0.1332086	19.01963	10.00	19.01679
-5.469394	10.00	-33.2478	-0.02876511	0.00	0.06709693	18.95303	10.00	18.95019
-5.523236	10.00	-33.12221	-0.05384166	0.00	0.12559	18.91698	10.00	18.91414
-5.552373	10.00	-33.05424	-0.02913713	0.00	0.06796468	18.8478	10.00	18.84497
-5.608294	10.00	-32.92381	-0.0559208	0.00	0.1304398	18.81027	10.00	18.80745
-5.638627	10.00	-32.85305	-0.03033327	0.00	0.07075478	18.7717	10.00	18.76888
-5.669807	10.00	-32.78032	-0.03118046	0.00	0.07273093	18.70578	10.00	18.70295
-5.7231	10.00	-32.65601	-0.05329305	0.00	0.1243103	18.67024	10.00	18.66742
-5.751822	10.00	-32.58902	-0.02872202	0.00	0.06699643	18.60157	10.00	18.59876
-5.807333	10.00	-32.45953	-0.05551116	0.00	0.1294842	18.56601	10.00	18.5632
-5.836083	10.00	-32.39247	-0.02874933	0.00	0.06706013	18.49628	10.00	18.49347
-5.892445	10.00	-32.261	-0.056362	0.00	0.1314689	18.45582	10.00	18.45302
-5.925151	10.00	-32.18471	-0.03270614	0.00	0.07628969	18.39041	10.00	18.38762
-5.978024	10.00	-32.06138	-0.0528737	0.00	0.1233321	18.35589	10.00	18.3531
-6.005929	10.00	-31.99629	-0.02790396	0.00	0.06508823	18.28652	10.00	18.28373
-6.062005	10.00	-31.86549	-0.05607616	0.00	0.1308021	18.24988	10.00	18.2471
-6.091624	10.00	-31.7964	-0.02961959	0.00	0.06909006	18.21365	10.00	18.21087
-6.120909	10.00	-31.72809	-0.02928459	0.00	0.06830867	18.1459	10.00	18.14313
-6.175676	10.00	-31.60034	-0.05476714	0.00	0.1277487	18.11103	10.00	18.10826
-6.203856	10.00	-31.53461	-0.02818009	0.00	0.06573232	18.04109	10.00	18.03832
-6.260398	10.00	-31.40272	-0.05654163	0.00	0.1318879	18.00502	10.00	18.00225
-6.289558	10.00	-31.3347	-0.02916019	0.00	0.06801847	17.96794	10.00	17.96519
-6.319528	10.00	-31.2648	-0.02996975	0.00	0.06990685	17.90035	10.00	17.8976
-6.374163	10.00	-31.13736	-0.05463484	0.00	0.1274401	17.86454	10.00	17.86179
-6.403115	10.00	-31.06982	-0.02895203	0.00	0.06753293	17.79563	10.00	17.79289
-6.458815	10.00	-30.9399	-0.0557005	0.00	0.1299259	17.75855	10.00	17.75582
-6.488784	10.00	-30.86999	-0.02996854	0.00	0.06990402	17.72366	10.00	17.72093
-6.516989	10.00	-30.8042	-0.02820558	0.00	0.06579177	17.655	10.00	17.65227
-6.572495	10.00	-30.67473	-0.05550509	0.00	0.1294701	17.61728	10.00	17.61455
-6.602984	10.00	-30.60361	-0.03048984	0.00	0.07112	17.55038	10.00	17.54766
-6.65706	10.00	-30.47748	-0.0540753	0.00	0.126135	17.5152	10.00	17.51247
-6.685507	10.00	-30.41112	-0.02844772	0.00	0.06635658	17.47806	10.00	17.47535
-6.715519	10.00	-30.34111	-0.03001223	0.00	0.07000594	17.41019	10.00	17.40748
-6.770387	10.00	-30.21313	-0.05486728	0.00	0.1279823	17.37282	10.00	17.37011
-6.800596	10.00	-30.14267	-0.03020947	0.00	0.070466	17.33839	10.00	17.33568
-6.828425	10.00	-30.07775	-0.02782932	0.00	0.06491411	17.26959	10.00	17.2669
-6.884034	10.00	-29.94804	-0.05560827	0.00	0.1297107	17.23323	10.00	17.23054
-6.913426	10.00	-29.87948	-0.02939262	0.00	0.06856064	17.20015	10.00	17.19746
-6.940169	10.00	-29.8171	-0.02674302	0.00	0.06238023	17.12969	10.00	17.127
-6.997129	10.00	-29.68424	-0.05695977	0.00	0.1328632	17.09442	10.00	17.09174
-7.025637	10.00	-29.61774	-0.0285078	0.00	0.06649673	17.05962	10.00	17.05694
-7.053767	10.00	-29.55212	-0.02812972	0.00	0.06561482	16.99006	10.00	16.98738
-7.109998	10.00	-29.42096	-0.05623152	0.00	0.1311645	16.95415	10.00	16.95148
-7.139024	10.00	-29.35325	-0.02902607	0.00	0.06770563	16.88401	10.00	16.88134
-7.195722	10.00	-29.221	-0.0566976	0.00	0.1322517	16.849	10.00	16.84634
-7.224021	10.00	-29.15499	-0.02829964	0.00	0.06601118	16.81454	10.00	16.81188
-7.251876	10.00	-29.09002	-0.0278542	0.00	0.06497215	16.74389	10.00	16.74124
-7.308983	10.00	-28.95681	-0.05710784	0.00	0.1332086	16.70962	10.00	16.70697
-7.336688	10.00	-28.89219	-0.0277043	0.00	0.06462251	16.67181	10.00	16.66916
-7.367252	10.00	-28.8209	-0.03056388	0.00	0.0712927	16.60421	10.00	16.60157
-7.421896	10.00	-28.69343	-0.05464455	0.00	0.1274628	16.56926	10.00	16.56662
-7.450152	10.00	-28.62752	-0.02825595	0.00	0.06590926	16.49918	10.00	16.49654
-7.506799	10.00	-28.49539	-0.05664723	0.00	0.1321342	16.46437	10.00	16.46175
-7.534932	10.00	-28.42977	-0.02813275	0.00	0.0656219	16.42492	10.00	16.4223
-7.566826	10.00	-28.35537	-0.03189354	0.00	0.07439423	16.35841	10.00	16.35579
-7.62059	10.00	-28.22996	-0.05376459	0.00	0.1254102	16.323	10.00	16.32038
-7.649213	10.00	-28.1632	-0.02862311	0.00	0.06676569	16.28567	10.00	16.28306
-7.679385	10.00	-28.09282	-0.03017123	0.00	0.07037682	16.21889	10.00	16.21628
-7.733367	10.00	-27.9669	-0.05398246	0.00	0.1259184	16.18126	10.00	16.17866
-7.763786	10.00	-27.89595	-0.03041884	0.00	0.07095437	16.11329	10.00	16.11069
-7.818731	10.00	-27.76778	-0.05494495	0.00	0.1281635	16.06285	10.00	16.06025
-7.859509	10.00	-27.67267	-0.04077753	0.00	0.09511686	16.00735	10.00	16.00476
-7.904366	10.00	-27.56803	-0.04485753	0.00	0.1046338	15.96338	10.00	15.9608
-7.939907	10.00	-27.48513	-0.03554084	0.00	0.08290185	15.90251	10.00	15.89993
-7.989118	10.00	-27.37034	-0.04921123	0.00	0.1147891	15.85723	10.00	15.85466
-8.025711	10.00	-27.28499	-0.03659315	0.00	0.08535646	15.79654	10.00	15.79397
-8.074778	10.00	-27.17053	-0.04906679	0.00	0.1144522	15.75091	10.00	15.74835
-8.111655	10.00	-27.08451	-0.03687717	0.00	0.08601895	15.68855	10.00	15.68599
-8.162072	10.00	-26.96691	-0.05041708	0.00	0.1176019	15.64221	10.00	15.63966
-8.199525	10.00	-26.87955	-0.03745309	0.00	0.08736233	15.58758	10.00	15.58503
-8.243685	10.00	-26.77655	-0.04415902	0.00	0.1030045	15.5515	10.00	15.54896
-8.272849	10.00	-26.70852	-0.02916504	0.00	0.0680298	15.51615	10.00	15.51361
-8.301423	10.00	-26.64186	-0.02857395	0.00	0.06665102	15.48255	10.00	15.48001
-8.328585	10.00	-26.57851	-0.02716176	0.00	0.06335698	15.44713	10.00	15.44459
-8.357217	10.00	-26.51172	-0.02863221	0.00	0.06678692	15.41253	10.00	15.41
-8.385189	10.00	-26.44648	-0.02797133	0.00	0.06524536	15.34111	10.00	15.33858
-8.442919	10.00	-26.31182	-0.05773049	0.00	0.134661	15.30651	10.00	15.30399
-8.470885	10.00	-26.24658	-0.02796647	0.00	0.06523404	15.27152	10.00	15.26899
-8.499174	10.00	-26.1806	-0.02828872	0.00	0.0659857	15.23687	10.00	15.23435
-8.527184	10.00	-26.11526	-0.02800956	0.00	0.06533454	15.20216	10.00	15.19965
-8.555238	10.00	-26.04982	-0.02805386	0.00	0.06543788	15.13177	10.00	15.12926
-8.612138	10.00	-25.9171	-0.05690029	0.00	0.1327245	15.09544	10.00	15.09292
-8.641513	10.00	-25.84858	-0.02937502	0.00	0.06851958	15.06245	10.00	15.05994
-8.668179	10.00	-25.78638	-0.02666534	0.00	0.06219903	15.0268	10.00	15.0243
-8.69699	10.00	-25.71918	-0.02881123	0.00	0.06720451	14.99173	10.00	14.98923
-8.725342	10.00	-25.65304	-0.02835183	0.00	0.06613293	14.92057	10.00	14.91808
-8.782861	10.00	-25.51888	-0.0575193	0.00	0.1341684	14.88579	10.00	14.8833
-8.810977	10.00	-25.45329	-0.02811637	0.00	0.06558368	14.85176	10.00	14.84927
-8.838488	10.00	-25.38912	-0.02751071	0.00	0.06417093	14.81626	10.00	14.81378
-8.867181	10.00	-25.32219	-0.0286935	0.00	0.06692989	14.78198	10.00	14.7795
-8.894887	10.00	-25.25756	-0.02770612	0.00	0.06462675	14.71078	10.00	14.70831
-8.952445	10.00	-25.12331	-0.05755754	0.00	0.1342576	14.67484	10.00	14.67237
-8.981498	10.00	-25.05554	-0.02905277	0.00	0.06776792	14.64171	10.00	14.63924
-9.008277	10.00	-24.99307	-0.02677943	0.00	0.06246516	14.60618	10.00	14.60371
-9.037003	10.00	-24.92607	-0.02872567	0.00	0.06700492	14.53551	10.00	14.53304
-9.09413	10.00	-24.79281	-0.05712665	0.00	0.1332525	14.50095	10.00	14.49849
-9.122065	10.00	-24.72765	-0.02793552	0.00	0.06516184	14.46545	10.00	14.46299
-9.148817	10.00	-24.66072	-0.0267521	0.00	0.06693697	14.43071	10.00	14.42825
-9.174997	10.00	-24.59521	-0.0261807	0.00	0.06550724	14.39601	10.00	14.39356
-9.201147	10.00	-24.52978	-0.02614958	0.00	0.06542938	14.32459	10.00	14.32214
-9.254965	10.00	-24.39512	-0.05381764	0.00	0.1346582	14.28984	10.00	14.2874
-9.281152	10.00	-24.3296	-0.02618692	0.00	0.06552281	14.25499	10.00	14.25255
-9.307416	10.00	-24.26388	-0.02626443	0.00	0.06571674	14.22009	10.00	14.21766
-9.333711	10.00	-24.19809	-0.02629441	0.00	0.06579177	14.18601	10.00	14.18358
-9.359397	10.00	-24.13382	-0.02568623	0.00	0.06427003	14.11457	10.00	14.11215
-9.41714	10.00	-23.99913	-0.05774263	0.00	0.1346893	14.07915	10.00	14.07673
-9.445777	10.00	-23.93233	-0.02863706	0.00	0.06679825	14.04611	10.00	14.04369
-9.472484	10.00	-23.87004	-0.0267066	0.00	0.0622953	14.01076	10.00	14.00835
-9.501055	10.00	-23.80339	-0.02857152	0.00	0.06664536	13.97561	10.00	13.9732
-9.529468	10.00	-23.73712	-0.02841313	0.00	0.06627589	13.90473	10.00	13.90232
-9.58677	10.00	-23.60345	-0.05730204	0.00	0.1336616	13.87044	10.00	13.86803
-9.614488	10.00	-23.5388	-0.02771765	0.00	0.06465364	13.83577	10.00	13.83337
-9.642509	10.00	-23.47344	-0.02802048	0.00	0.06536002	13.8003	10.00	13.7979
-9.672477	10.00	-23.40656	-0.02996872	0.00	0.06688318	13.76484	10.00	13.76245
-9.703081	10.00	-23.3397	-0.03060403	0.00	0.06685628	13.69495	10.00	13.69256
-9.764686	10.00	-23.20791	-0.06160485	0.00	0.1317916	13.65933	10.00	13.65694
-9.796078	10.00	-23.14075	-0.03139167	0.00	0.06715638	13.62483	10.00	13.62245
-9.826485	10.00	-23.0757	-0.03040706	0.00	0.06505001	13.59027	10.00	13.58789
-9.856946	10.00	-23.01054	-0.03046132	0.00	0.06516609	13.51741	10.00	13.51504
-9.921165	10.00	-22.87315	-0.06421923	0.00	0.1373846	13.47642	10.00	13.47404
-9.957296	10.00	-22.79586	-0.03613142	0.00	0.07729616	13.3934	10.00	13.39103
-10.03047	10.00	-22.63932	-0.07317003	0.00	0.1565331	13.3705	10.00	13.36814
-10.05065	10.00	-22.59615	-0.0201805	0.00	0.04317227	13.30737	10.00	13.30501
-10.10629	10.00	-22.47711	-0.05564294	0.00	0.1190373	13.26623	10.00	13.26388
-10.14255	10.00	-22.39955	-0.03625781	0.00	0.07756654	13.20251	10.00	13.20016
-10.19871	10.00	-22.27939	-0.05616502	0.00	0.1201542	13.16166	10.00	13.15931
-10.23472	10.00	-22.20237	-0.03600305	0.00	0.07702154	13.09883	10.00	13.09649
-10.29009	10.00	-22.08391	-0.05537562	0.00	0.1184654	13.06339	10.00	13.06106
-10.32133	10.00	-22.01709	-0.03123485	0.00	0.0668209	13.02984	10.00	13.02751
-10.35089	10.00	-21.95383	-0.02956869	0.00	0.06325647	12.99471	10.00	12.99238
-10.38186	10.00	-21.88759	-0.03096421	0.00	0.06624192	12.95967	10.00	12.95735
-10.41274	10.00	-21.82152	-0.03088216	0.00	0.06606639	12.92387	10.00	12.92155
-10.4443	10.00	-21.75401	-0.03155445	0.00	0.06750461	12.85374	10.00	12.85142
-10.50611	10.00	-21.62178	-0.06181064	0.00	0.1322319	12.81884	10.00	12.81653
-10.53687	10.00	-21.55598	-0.03075975	0.00	0.06580451	12.78307	10.00	12.78076
-10.5684	10.00	-21.48853	-0.0315293	0.00	0.06745083	12.74786	10.00	12.74555
-10.59943	10.00	-21.42214	-0.03103303	0.00	0.06638914	12.71399	10.00	12.71168
-10.62928	10.00	-21.35827	-0.02985587	0.00	0.06387083	12.67939	10.00	12.67708
-10.65978	10.00	-21.29304	-0.03049308	0.00	0.06523404	12.64375	10.00	12.64145
-10.69119	10.00	-21.22583	-0.0314135	0.00	0.0672031	12.57134	10.00	12.56904
-10.75501	10.00	-21.0893	-0.06382022	0.00	0.136531	12.538	10.00	12.53571
-10.78439	10.00	-21.02645	-0.02937944	0.00	0.06285162	12.46687	10.00	12.46459
-10.84708	10.00	-20.89233	-0.06269468	0.00	0.1341231	12.43301	10.00	12.43072
-10.87693	10.00	-20.82847	-0.02984925	0.00	0.06385668	12.36047	10.00	12.35819
-10.94087	10.00	-20.6917	-0.06393139	0.00	0.1367688	12.32742	10.00	12.32514
-10.97	10.00	-20.62938	-0.02913329	0.00	0.06232502	12.25548	10.00	12.25321
-11.0334	10.00	-20.49374	-0.06340269	0.00	0.1356377	12.22181	10.00	12.21955
-11.06308	10.00	-20.43026	-0.02967324	0.00	0.06348013	12.15116	10.00	12.1489
-11.12535	10.00	-20.29704	-0.06226986	0.00	0.1332143	12.11718	10.00	12.11492
-11.1553	10.00	-20.23296	-0.0299538	0.00	0.06408034	12.04601	10.00	12.04377
-11.21802	10.00	-20.09878	-0.06272114	0.00	0.1341797	12.01165	10.00	12.00941
-11.24831	10.00	-20.03399	-0.03028663	0.00	0.06479237	11.9408	10.00	11.93856
-11.31075	10.00	-19.9004	-0.06244455	0.00	0.133588	11.90672	10.00	11.90448
-11.34079	10.00	-19.83615	-0.03003651	0.00	0.06425729	11.8356	10.00	11.83337
-11.40347	10.00	-19.70204	-0.0626874	0.00	0.1341075	11.80194	10.00	11.79971
-11.43314	10.00	-19.63858	-0.02966397	0.00	0.06346031	11.73054	10.00	11.72832
-11.49607	10.00	-19.50394	-0.06293553	0.00	0.1346384	11.69622	10.00	11.694
-11.52632	10.00	-19.43923	-0.03024561	0.00	0.0647046	11.66016	10.00	11.65795
-11.5581	10.00	-19.37124	-0.03178141	0.00	0.06799016	11.58961	10.00	11.5874
-11.62029	10.00	-19.23821	-0.06218649	0.00	0.1330359	11.55664	10.00	11.55444
-11.64934	10.00	-19.17606	-0.02905256	0.00	0.06215232	11.48412	10.00	11.48192
-11.71326	10.00	-19.03932	-0.0639175	0.00	0.1367391	11.4513	10.00	11.44911
-11.74218	10.00	-18.97744	-0.02892552	0.00	0.06188053	11.38058	10.00	11.37838
-11.80452	10.00	-18.84407	-0.06234066	0.00	0.1333658	11.3457	10.00	11.34351
-11.83526	10.00	-18.77832	-0.03073593	0.00	0.06575355	11.27536	10.00	11.27317
-11.89726	10.00	-18.64568	-0.06199989	0.00	0.1326367	11.23834	10.00	11.23616
-11.92989	10.00	-18.57588	-0.03262574	0.00	0.06979644	11.17084	10.00	11.16866
-11.98938	10.00	-18.44861	-0.0594947	0.00	0.1272774	11.12591	10.00	11.12374
-12.02898	10.00	-18.36388	-0.03960269	0.00	0.08472228	11.06532	10.00	11.06315
-12.08239	10.00	-18.24964	-0.05340177	0.00	0.1142427	11.02983	10.00	11.02767
-12.11366	10.00	-18.18273	-0.03127587	0.00	0.06690866	10.95776	10.00	10.9556
-12.17718	10.00	-18.04684	-0.06352312	0.00	0.1358954	10.90489	10.00	10.90274
-12.22378	10.00	-17.94715	-0.04659884	0.00	0.09968918	10.8453	10.00	10.84315
-12.27631	10.00	-17.83478	-0.05252435	0.00	0.1123657	10.7833	10.00	10.78116
-12.33095	10.00	-17.71788	-0.0546451	0.00	0.1169026	10.73376	10.00	10.73162
-12.37461	10.00	-17.62448	-0.04365957	0.00	0.09340118	10.67814	10.00	10.67601
-12.42363	10.00	-17.51961	-0.04902066	0.00	0.1048702	10.63492	10.00	10.63279
-12.46173	10.00	-17.43812	-0.03809336	0.00	0.08149335	10.57274	10.00	10.57062
-12.51653	10.00	-17.32087	-0.05480589	0.00	0.1172466	10.54043	10.00	10.53832
-12.545	10.00	-17.25996	-0.02847225	0.00	0.06091086	10.50176	10.00	10.49964
-12.57909	10.00	-17.18703	-0.03408942	0.00	0.07292769	10.43476	10.00	10.43265
-12.63814	10.00	-17.06071	-0.05904739	0.00	0.1263204	10.39926	10.00	10.39715
-12.66944	10.00	-16.99376	-0.0312944	0.00	0.06694829	10.36472	10.00	10.36262
-12.69987	10.00	-16.92864	-0.03044015	0.00	0.06512079	10.3296	10.00	10.3275
-12.73083	10.00	-16.86242	-0.03095296	0.00	0.06621785	10.25903	10.00	10.25694
-12.79303	10.00	-16.72937	-0.06219641	0.00	0.1330571	10.22341	10.00	10.22132
-12.82442	10.00	-16.6622	-0.03139829	0.00	0.06717054	10.18956	10.00	10.18747
-12.85426	10.00	-16.59837	-0.02983469	0.00	0.06382553	10.15469	10.00	10.1526
-12.88499	10.00	-16.53262	-0.03073394	0.00	0.0657493	10.11941	10.00	10.11732
-12.91609	10.00	-16.46609	-0.03109787	0.00	0.06652787	10.04695	10.00	10.04487
-12.97995	10.00	-16.32947	-0.06386456	0.00	0.1366258	10.01408	10.00	10.012
-13.00893	10.00	-16.26749	-0.02897117	0.00	0.06197821	9.942132	10.00	9.940064
-13.07234	10.00	-16.13184	-0.06340997	0.00	0.1356533	9.908391	10.00	9.906325
-13.10207	10.00	-16.06821	-0.02973875	0.00	0.06362028	9.836863	10.00	9.834805
-13.16512	10.00	-15.93335	-0.06304273	0.00	0.1348677	9.803655	10.00	9.8016
-13.19439	10.00	-15.87073	-0.02926894	0.00	0.06261522	9.732643	10.00	9.730592
-13.25697	10.00	-15.73684	-0.0625888	0.00	0.1338966	9.698559	10.00	9.696509
-13.28702	10.00	-15.67257	-0.0300418	0.00	0.06426861	9.627398	10.00	9.625359
-13.34973	10.00	-15.53839	-0.06271783	0.00	0.1341726	9.593484	10.00	9.591446
-13.37963	10.00	-15.47445	-0.0298916	0.00	0.06394728	9.522229	10.00	9.520198
-13.44243	10.00	-15.34009	-0.06280319	0.00	0.1343552	9.488178	10.00	9.486149
-13.47244	10.00	-15.27589	-0.03001203	0.00	0.06420491	9.452859	10.00	9.450834
-13.50357	10.00	-15.20929	-0.03112964	0.00	0.06659582	9.382642	10.00	9.380623
-13.56546	10.00	-15.0769	-0.06188608	0.00	0.1323933	9.348133	10.00	9.346116
-13.59587	10.00	-15.01183	-0.03041632	0.00	0.06506982	9.276725	10.00	9.274714
-13.65881	10.00	-14.87719	-0.06293751	0.00	0.1346426	9.243139	10.00	9.24113
-13.68841	10.00	-14.81386	-0.02960178	0.00	0.06332725	9.170687	10.00	9.168684
-13.75227	10.00	-14.67724	-0.06385926	0.00	0.1366145	9.138005	10.00	9.136009
-13.78107	10.00	-14.61563	-0.02880244	0.00	0.06161723	9.067149	10.00	9.065158
-13.84352	10.00	-14.48202	-0.06245117	0.00	0.1336022	9.032716	10.00	9.030727
-13.87387	10.00	-14.4171	-0.03034949	0.00	0.06492686	8.959688	10.00	8.957705
-13.93824	10.00	-14.2794	-0.06436546	0.00	0.1376974	8.916985	10.00	8.915007
-13.97588	10.00	-14.19888	-0.03763679	0.00	0.0805166	8.85656	10.00	8.854587
-14.02913	10.00	-14.08495	-0.05325818	0.00	0.1139355	8.822501	10.00	8.820531
-14.05915	10.00	-14.02073	-0.03001798	0.00	0.06421765	8.750816	10.00	8.74885
-14.12234	10.00	-13.88556	-0.063183	0.00	0.1351678	8.715486	10.00	8.713525
-14.15347	10.00	-13.81895	-0.03113824	0.00	0.06661422	8.646435	10.00	8.644477
-14.21434	10.00	-13.68875	-0.0608611	0.00	0.1302005	8.612101	10.00	8.610147
-14.2446	10.00	-13.62401	-0.03026083	0.00	0.06473716	8.541286	10.00	8.539338
-14.30701	10.00	-13.49049	-0.06241477	0.00	0.1335243	8.506849	10.00	8.504907
-14.33736	10.00	-13.42556	-0.03035082	0.00	0.06492969	8.435509	10.00	8.43357
-14.40024	10.00	-13.29104	-0.06287796	0.00	0.1345152	8.398313	10.00	8.396376
-14.43302	10.00	-13.22091	-0.03278388	0.00	0.07013476	8.329492	10.00	8.327562
-14.49368	10.00	-13.09114	-0.06065796	0.00	0.1297659	8.280395	10.00	8.278469
-14.53695	10.00	-12.99857	-0.04327248	0.00	0.09257307	8.224663	10.00	8.222742
-14.58607	10.00	-12.89348	-0.04912123	0.00	0.1050854	8.151343	10.00	8.149427
-14.6507	10.00	-12.75524	-0.06462154	0.00	0.1382452	8.109968	10.00	8.108058
-14.68716	10.00	-12.67722	-0.03646756	0.00	0.07801528	8.048425	10.00	8.046519
-14.74141	10.00	-12.56118	-0.05424345	0.00	0.1160433	8.01142	10.00	8.009519
-14.77402	10.00	-12.49141	-0.03261383	0.00	0.06977095	7.945324	10.00	7.943426
-14.83228	10.00	-12.36678	-0.05825666	0.00	0.1246288	7.910316	10.00	7.908422
-14.86313	10.00	-12.30077	-0.03085503	0.00	0.06600835	7.875562	10.00	7.873673
-14.89376	10.00	-12.23524	-0.03063072	0.00	0.06552847	7.841389	10.00	7.839502
-14.92388	10.00	-12.17081	-0.03011988	0.00	0.06443565	7.805916	10.00	7.80403
-14.95515	10.00	-12.10392	-0.03126594	0.00	0.06688742	7.735331	10.00	7.733453
-15.01736	10.00	-11.97083	-0.06221097	0.00	0.1330883	7.699733	10.00	7.697857
-15.04874	10.00	-11.90371	-0.03137579	0.00	0.06712241	7.666051	10.00	7.66418
-15.07842	10.00	-11.8402	-0.02968581	0.00	0.06350703	7.630762	10.00	7.628893
-15.10953	10.00	-11.77366	-0.03110383	0.00	0.06654061	7.595876	10.00	7.59401
-15.14027	10.00	-11.70788	-0.03074784	0.00	0.06577903	7.524947	10.00	7.523087
-15.20279	10.00	-11.57414	-0.06251469	0.00	0.133738	7.48981	10.00	7.487953
-15.23376	10.00	-11.50789	-0.03096884	0.00	0.06625183	7.454462	10.00	7.452608
-15.26491	10.00	-11.44124	-0.03115544	0.00	0.06665102	7.420456	10.00	7.418606
-15.29489	10.00	-11.37712	-0.02997232	0.00	0.06411997	7.385404	10.00	7.383555
-15.32578	10.00	-11.31103	-0.03089473	0.00	0.06609329	7.314935	10.00	7.313092
-15.38789	10.00	-11.17816	-0.06210973	0.00	0.1328717	7.279409	10.00	7.27757
-15.4192	10.00	-11.11117	-0.03131094	0.00	0.06698368	7.245601	10.00	7.243762
-15.449	10.00	-11.04742	-0.02979896	0.00	0.06374909	7.210749	10.00	7.208915
-15.47972	10.00	-10.98171	-0.03071607	0.00	0.06571108	7.139891	10.00	7.138063
-15.54217	10.00	-10.8481	-0.06245381	0.00	0.1336078	7.104121	10.00	7.102297
-15.5737	10.00	-10.78066	-0.03152666	0.00	0.06744517	7.070587	10.00	7.068765
-15.60325	10.00	-10.71743	-0.02955612	0.00	0.06322958	7.035335	10.00	7.033515
-15.63432	10.00	-10.65096	-0.03107075	0.00	0.06646983	6.999715	10.00	6.997901
-15.66572	10.00	-10.5838	-0.03139299	0.00	0.06715921	6.929742	10.00	6.927932
-15.72739	10.00	-10.45186	-0.06167367	0.00	0.1319388	6.89434	10.00	6.892532
-15.75859	10.00	-10.38511	-0.03120309	0.00	0.06675295	6.859538	10.00	6.857734
-15.78927	10.00	-10.31949	-0.03067306	0.00	0.06561907	6.82464	10.00	6.822839
-15.82002	10.00	-10.25369	-0.03075842	0.00	0.06580168	6.790126	10.00	6.788329
-15.85044	10.00	-10.18861	-0.03041963	0.00	0.0650769	6.719254	10.00	6.717463
-15.91291	10.00	-10.05498	-0.0624644	0.00	0.1336305	6.677161	10.00	6.675373
-15.95001	10.00	-9.97561	-0.03710081	0.00	0.07936998	6.614176	10.00	6.612395
-16.00552	10.00	-9.856852	-0.05551259	0.00	0.1187584	6.578086	10.00	6.576306
-16.03733	10.00	-9.788801	-0.03180987	0.00	0.06805103	6.544521	10.00	6.542745
-16.06692	10.00	-9.725512	-0.02958391	0.00	0.06328903	6.509312	10.00	6.50754
-16.09795	10.00	-9.659125	-0.03103171	0.00	0.06638631	6.474108	10.00	6.472337
-16.12897	10.00	-9.592746	-0.0310284	0.00	0.06637923	6.403712	10.00	6.401949
-16.19102	10.00	-9.460011	-0.06204554	0.00	0.1327344	6.368649	10.00	6.366889
-16.22192	10.00	-9.393902	-0.03090267	0.00	0.06611028	6.334611	10.00	6.332853
-16.25192	10.00	-9.32972	-0.03000078	0.00	0.06418084	6.299286	10.00	6.297531
-16.28306	10.00	-9.263114	-0.03113493	0.00	0.06660714	6.22796	10.00	6.226211
-16.34592	10.00	-9.128625	-0.06286539	0.00	0.1344883	6.193292	10.00	6.191547
-16.37648	10.00	-9.063259	-0.03055462	0.00	0.06536568	6.157652	10.00	6.155908
-16.40789	10.00	-8.996057	-0.0314135	0.00	0.0672031	6.123895	10.00	6.122153
-16.43765	10.00	-8.932405	-0.0297533	0.00	0.06365142	6.089039	10.00	6.087302
-16.46837	10.00	-8.866684	-0.03072071	0.00	0.06572099	6.018256	10.00	6.016526
-16.53075	10.00	-8.733222	-0.06238566	0.00	0.133462	5.982622	10.00	5.980894
-16.56216	10.00	-8.66603	-0.03140821	0.00	0.06719177	5.949032	10.00	5.947308
-16.59177	10.00	-8.602697	-0.02960442	0.00	0.06333292	5.913664	10.00	5.911941
-16.62294	10.00	-8.536007	-0.03117397	0.00	0.06669066	5.878252	10.00	5.876534
-16.65415	10.00	-8.469236	-0.03121103	0.00	0.06676994	5.805973	10.00	5.80426
-16.71786	10.00	-8.332952	-0.06370509	0.00	0.1362847	5.773075	10.00	5.771366
-16.74685	10.00	-8.270923	-0.02899499	0.00	0.06202916	5.737913	10.00	5.736206
-16.77784	10.00	-8.204623	-0.03099134	0.00	0.06629996	5.698745	10.00	5.697042
-16.81236	10.00	-8.130771	-0.03452151	0.00	0.07385206	5.631871	10.00	5.630173
-16.8713	10.00	-8.004679	-0.05894085	0.00	0.1260925	5.591344	10.00	5.589649
-16.90702	10.00	-7.928261	-0.0357205	0.00	0.07641709	5.527	10.00	5.525312
-16.96374	10.00	-7.806941	-0.05671027	0.00	0.1213206	5.489806	10.00	5.488119
-16.99652	10.00	-7.736809	-0.03278256	0.00	0.07013193	5.421566	10.00	5.419887
-17.05666	10.00	-7.60814	-0.06014514	0.00	0.1286689	5.386949	10.00	5.385273
-17.08717	10.00	-7.542869	-0.03051028	0.00	0.06527083	5.352931	10.00	5.351257
-17.11716	10.00	-7.478725	-0.02998357	0.00	0.06414404	5.317792	10.00	5.316121
-17.14813	10.00	-7.41247	-0.03097017	0.00	0.06625466	5.282775	10.00	5.281106
-17.17899	10.00	-7.346444	-0.03086363	0.00	0.06602675	5.21257	10.00	5.210907
-17.24087	10.00	-7.21407	-0.06187681	0.00	0.1323734	5.176391	10.00	5.174732
-17.27275	10.00	-7.145852	-0.03188794	0.00	0.06821807	5.14279	10.00	5.141134
-17.30237	10.00	-7.082497	-0.02961501	0.00	0.06335557	5.107467	10.00	5.105814
-17.3335	10.00	-7.015895	-0.03113228	0.00	0.06660148	5.072625	10.00	5.070975
-17.36421	10.00	-6.950198	-0.03070946	0.00	0.06569692	5.001577	10.00	4.999934
-17.42683	10.00	-6.816235	-0.0626199	0.00	0.1339631	4.9666	10.00	4.964959
-17.45766	10.00	-6.750283	-0.03082856	0.00	0.06595173	4.932557	10.00	4.930919
-17.48767	10.00	-6.686094	-0.03000475	0.00	0.06418934	4.897079	10.00	4.895444
-17.51893	10.00	-6.619199	-0.03126925	0.00	0.0668945	4.861593	10.00	4.859962
-17.55021	10.00	-6.552289	-0.03127653	0.00	0.06691007	4.791322	10.00	4.789696
-17.61215	10.00	-6.419791	-0.06193504	0.00	0.132498	4.75577	10.00	4.754147
-17.64348	10.00	-6.352758	-0.0313341	0.00	0.06703323	4.722237	10.00	4.720616
-17.67304	10.00	-6.289527	-0.02955678	0.00	0.06323099	4.686994	10.00	4.685377
-17.7041	10.00	-6.223076	-0.03106214	0.00	0.06645143	4.651348	10.00	4.649735
-17.73552	10.00	-6.155864	-0.03141747	0.00	0.06721159	4.580681	10.00	4.579073
-17.7978	10.00	-6.022619	-0.06228442	0.00	0.1332454	4.545326	10.00	4.543722
-17.82896	10.00	-5.955958	-0.03116008	0.00	0.06666093	4.501352	10.00	4.499753
-17.86772	10.00	-5.873043	-0.0387577	0.00	0.08291459	4.440231	10.00	4.438635
-17.92159	10.00	-5.757795	-0.05387157	0.00	0.1152478	4.404985	10.00	4.403393
-17.95587	10.00	-5.691339	-0.03428227	0.00	0.06645709	4.371411	10.00	4.369822
-17.99221	10.00	-5.628032	-0.03633469	0.00	0.06330602	4.336331	10.00	4.334745
-18.02761	10.00	-5.568294	-0.03540107	0.00	0.0597383	4.265337	10.00	4.263757
-18.09666	10.00	-5.469428	-0.0690538	0.00	0.09886585	4.229765	10.00	4.228189
-18.13126	10.00	-5.421191	-0.03459919	0.00	0.04823754	4.196658	10.00	4.195084
-18.16528	10.00	-5.376899	-0.03401595	0.00	0.04429175	4.160942	10.00	4.159371
-18.20197	10.00	-5.329118	-0.03669563	0.00	0.04778093	4.090938	10.00	4.089373
-18.2739	10.00	-5.246968	-0.07192491	0.00	0.08214969	4.055281	10.00	4.05372
-18.31053	10.00	-5.20773	-0.03663469	0.00	0.03923867	4.021238	10.00	4.019679
-18.34551	10.00	-5.177724	-0.03497782	0.00	0.03000541	3.985626	10.00	3.984071
-18.3821	10.00	-5.151538	-0.03658841	0.00	0.02618567	3.915659	10.00	3.914109
-18.45399	10.00	-5.110309	-0.07188789	0.00	0.04122935	3.879522	10.00	3.877974
-18.49112	10.00	-5.090994	-0.03712836	0.00	0.01931466	3.845756	10.00	3.844213
-18.52581	10.00	-5.07603	-0.03469165	0.00	0.01496472	3.810619	10.00	3.809078
-18.56191	10.00	-5.061098	-0.03610168	0.00	0.01493144	3.739643	10.00	3.738109
-18.63483	10.00	-5.030938	-0.07292304	0.00	0.03016053	3.704114	10.00	3.702583
-18.67134	10.00	-5.009354	-0.03650356	0.00	0.02158429	3.670603	10.00	3.669074
-18.70576	10.00	-4.974923	-0.03443093	0.00	0.03443093	3.634392	10.00	3.632866
-18.74297	10.00	-4.929784	-0.03720472	0.00	0.0451382	3.600293	10.00	3.598769
-18.77676	10.00	-4.871092	-0.03378977	0.00	0.05869241	3.528512	10.00	3.526996
-18.83216	10.00	-4.737058	-0.05540255	0.00	0.1340342	3.493643	10.00	3.492129
-18.85207	10.00	-4.671311	-0.01991015	0.00	0.06574647	3.459501	10.00	3.45799
-18.85785	10.00	-4.606935	-0.005781547	0.00	0.06437619	3.425209	10.00	3.423701
-18.85785	10.00	-4.542276	0	0.00	0.0646593	3.390139	10.00	3.388634
-18.85785	10.00	-4.476151	0	0.00	0.06612443	3.31851	10.00	3.31701
-18.85785	10.00	-4.34109	0	0.00	0.1350616	3.284092	10.00	3.282596
-18.85785	10.00	-4.276194	0	0.00	0.06489571	3.221465	10.00	3.219975
-18.85785	10.00	-4.15811	0	0.00	0.1180846	3.17863	10.00	3.177142
-18.85785	10.00	-4.077341	0	0.00	0.08076857	3.137959	10.00	3.136476
-18.85785	10.00	-4.000655	0	0.00	0.07668605	3.072625	10.00	3.071148
-18.85785	10.00	-3.877466	0	0.00	0.1231892	3.030294	10.00	3.028821
-18.85785	10.00	-3.79765	0	0.00	0.07981589	2.967716	10.00	2.966247
-18.85785	10.00	-3.679656	0	0.00	0.117994	2.932914	10.00	2.931448
-18.85785	10.00	-3.614035	0	0.00	0.06562048	2.899503	10.00	2.89804
-18.85785	10.00	-3.551038	0	0.00	0.06299742	2.864384	10.00	2.862925
-18.85785	10.00	-3.48482	0	0.00	0.06621785	2.829003	10.00	2.827545
-18.85785	10.00	-3.418107	0	0.00	0.06671331	2.759082	10.00	2.757631
-18.85785	10.00	-3.286268	0	0.00	0.1318383	2.723983	10.00	2.722535
-18.85785	10.00	-3.220087	0	0.00	0.06618106	2.688306	10.00	2.686861
-18.85785	10.00	-3.152818	0	0.00	0.06726963	2.653164	10.00	2.651723
-18.85785	10.00	-3.086557	0	0.00	0.06626032	2.61892	10.00	2.617482
-18.85785	10.00	-3.021989	0	0.00	0.06456871	2.584565	10.00	2.58313
-18.85785	10.00	-2.957211	0	0.00	0.06477822	2.549349	10.00	2.547917
-18.85785	10.00	-2.89081	0	0.00	0.06640047	2.514274	10.00	2.512844
-18.85785	10.00	-2.824674	0	0.00	0.06613576	2.479101	10.00	2.477675
-18.85785	10.00	-2.758354	0	0.00	0.06631978	2.406364	10.00	2.404944
-18.85785	10.00	-2.621206	0	0.00	0.1371482	2.372586	10.00	2.371168
-18.85785	10.00	-2.557515	0	0.00	0.06369105	2.299922	10.00	2.298511
-18.85785	10.00	-2.420506	0	0.00	0.1370094	2.265117	10.00	2.263709
-18.85785	10.00	-2.35488	0	0.00	0.06562614	2.196304	10.00	2.194902
-18.85785	10.00	-2.225131	0	0.00	0.129749	2.162649	10.00	2.161249
-18.85785	10.00	-2.161672	0	0.00	0.0634589	2.089749	10.00	2.088356
-18.85785	10.00	-2.024216	0	0.00	0.1374554	2.052949	10.00	2.051559
-18.85785	10.00	-1.954829	0	0.00	0.06938733	1.98522	10.00	1.983836
-18.85785	10.00	-1.827124	0	0.00	0.1277049	1.952258	10.00	1.950877
-18.85785	10.00	-1.764972	0	0.00	0.06215232	1.87975	10.00	1.878375
-18.85785	10.00	-1.628255	0	0.00	0.1367164	1.84775	10.00	1.846378
-18.85785	10.00	-1.567919	0	0.00	0.06033614	1.810797	10.00	1.809428
-18.85785	10.00	-1.498243	0	0.00	0.06967612	1.74077	10.00	1.739406
-18.85785	10.00	-1.366202	0	0.00	0.1320408	1.705858	10.00	1.704498
-18.85785	10.00	-1.300377	0	0.00	0.06582575	1.635161	10.00	1.633806
-18.85785	10.00	-1.167073	0	0.00	0.1333035	1.60039	10.00	1.599039
-18.85785	10.00	-1.101512	0	0.00	0.06556103	1.563806	10.00	1.562458
-18.85785	10.00	-1.032531	0	0.00	0.06898107	1.495322	10.00	1.49398
-18.85785	10.00	-0.9034022	0	0.00	0.1291289	1.461411	10.00	1.460072
-18.85785	10.00	-0.839462	0	0.00	0.0639402	1.390279	10.00	1.388946
-18.85785	10.00	-0.7053403	0	0.00	0.1341217	1.356576	10.00	1.355246
-18.85785	10.00	-0.6417922	0	0.00	0.06354808	1.284778	10.00	1.283454
-18.85785	10.00	-0.5064136	0	0.00	0.1353787	1.251237	10.00	1.249916
-18.85785	10.00	-0.4431712	0	0.00	0.06324232	1.179934	10.00	1.178619
-18.85785	10.00	-0.3087268	0	0.00	0.1344444	1.144627	10.00	1.143315
-18.85785	10.00	-0.2421537	0	0.00	0.06657317	1.074746	10.00	1.07344
-18.85785	10.00	-0.1103903	0	0.00	0.1317633	1.040728	10.00	1.039425
-18.85785	10.00	-0.04624913	0	0.00	0.06414121	0.9694441	10.00	0.9681472
-18.85785	10.00	0.0881599	0	0.00	0.134409	0.9359523	10.00	0.9346581
-18.85785	10.00	0.1513102	0	0.00	0.0631503	0.8645643	10.00	0.8632764
-18.85785	10.00	0.2859146	0	0.00	0.1346044	0.8274025	10.00	0.8261179
-18.85785	10.00	0.3559842	0	0.00	0.07006964	0.7580702	10.00	0.7567917
-18.85785	10.00	0.4867128	0	0.00	0.1307285	0.6994568	10.00	0.6981829
-18.85785	10.00	0.5972311	0	0.00	0.1105183	0.6531118	10.00	0.6518421
-18.85785	10.00	0.6846161	0	0.00	0.08738498	0.6064718	10.00	0.6052062
-18.85785	10.00	0.7725574	0	0.00	0.0879413	0.5477465	10.00	0.5464864
-18.85785	10.00	0.8832852	0	0.00	0.1107278	0.5087872	10.00	0.5075301
-18.85785	10.00	0.9567451	0	0.00	0.07345995	0.4419387	10.00	0.4406871
-18.85785	10.00	1.082791	0	0.00	0.1260458	0.4050059	10.00	0.4037576
-18.85785	10.00	1.152429	0	0.00	0.06963789	0.3372621	10.00	0.3360198
-18.85785	10.00	1.280162	0	0.00	0.1277332	0.3050818	10.00	0.3038421
-18.85785	10.00	1.340839	0	0.00	0.06067729	0.2699858	10.00	0.2687496
-18.85785	10.00	1.407013	0	0.00	0.06617398	0.1994606	10.00	0.1982297
-18.85785	10.00	1.539993	0	0.00	0.1329793	0.1633851	10.00	0.1621575
-18.85785	10.00	1.608014	0	0.00	0.0680213	0.1300311	10.00	0.1288065
-18.85785	10.00	1.670904	0	0.00	0.06288984	0.09453713	10.00	0.09331536
-18.85785	10.00	1.737829	0	0.00	0.06692564	0.05889147	10.00	0.05767333
-18.85785	10.00	1.80504	0	0.00	0.06721018	-0.0116692	10.00	-0.01288194
-18.85785	10.00	1.938085	0	0.00	0.1330458	-0.04671928	10.00	-0.04792868
-18.85785	10.00	2.004173	0	0.00	0.06608763	-0.07989772	10.00	-0.08110392
-18.85785	10.00	2.066732	0	0.00	0.06255859	-0.1160403	10.00	-0.1172438
-18.85785	10.00	2.13488	0	0.00	0.0681487	-0.1867065	10.00	-0.187904
-18.85785	10.00	2.268124	0	0.00	0.133244	-0.2219336	10.00	-0.2231286
-18.85785	10.00	2.334548	0	0.00	0.06642312	-0.2556436	10.00	-0.2568356
-18.85785	10.00	2.398108	0	0.00	0.06356082	-0.2907656	10.00	-0.2919542
-18.85785	10.00	2.464332	0	0.00	0.06622352	-0.3618011	10.00	-0.362984
-18.85785	10.00	2.598272	0	0.00	0.1339405	-0.3972888	10.00	-0.3984683
-18.85785	10.00	2.665185	0	0.00	0.0669129	-0.4314502	10.00	-0.4326268
-18.85785	10.00	2.729598	0	0.00	0.064413	-0.4663498	10.00	-0.4675228
-18.85785	10.00	2.795401	0	0.00	0.0658031	-0.5384744	10.00	-0.5396417
-18.85785	10.00	2.931396	0	0.00	0.1359945	-0.5721276	10.00	-0.5732921
-18.85785	10.00	2.99485	0	0.00	0.06345465	-0.6436026	10.00	-0.6447608
-18.85785	10.00	3.129619	0	0.00	0.1347686	-0.6772215	10.00	-0.6783767
-18.85785	10.00	3.193008	0	0.00	0.06338953	-0.7488078	10.00	-0.7499573
-18.85785	10.00	3.327988	0	0.00	0.1349795	-0.7818825	10.00	-0.7830292
-18.85785	10.00	3.390351	0	0.00	0.06236324	-0.8538712	10.00	-0.8550112
-18.85785	10.00	3.526088	0	0.00	0.1357368	-0.8865318	10.00	-0.8876696
-18.85769	10.00	3.587671	0.0001639839	0.00	0.06158326	-0.9583117	10.00	-0.9594432
-18.84685	10.00	3.723015	0.0108445	0.00	0.1353433	-0.9924242	10.00	-0.9935526
-18.84107	10.00	3.787336	0.005776589	0.00	0.06432098	-1.063478	10.00	-1.064601
-18.82255	10.00	3.92131	0.01851838	0.00	0.1339744	-1.097927	10.00	-1.099047
-18.81043	10.00	3.986265	0.01212308	0.00	0.06495516	-1.168527	10.00	-1.16964
-18.77527	10.00	4.119383	0.03515656	0.00	0.133118	-1.202849	10.00	-1.203959
-18.75693	10.00	4.184098	0.0183444	0.00	0.06471451	-1.274109	10.00	-1.275213
-18.71884	10.00	4.318461	0.03808761	0.00	0.1343637	-1.30875	10.00	-1.309852
-18.70032	10.00	4.38378	0.01851574	0.00	0.06531896	-1.344751	10.00	-1.34585
-18.68108	10.00	4.451662	0.01924203	0.00	0.06788116	-1.414508	10.00	-1.415601
-18.6438	10.00	4.583191	0.03728428	0.00	0.1315297	-1.44777	10.00	-1.448859
-18.62481	10.00	4.645905	0.01899192	0.00	0.06271431	-1.518498	10.00	-1.519581
-18.57925	10.00	4.776683	0.04555098	0.00	0.1307775	-1.553435	10.00	-1.554516
-18.55675	10.00	4.840008	0.0225011	0.00	0.0633252	-1.624171	10.00	-1.625246
-18.50732	10.00	4.956595	0.04943068	0.00	0.1165867	-1.658154	10.00	-1.659226
-18.48295	10.00	5.007021	0.02436784	0.00	0.05042638	-1.72986	10.00	-1.730926
-18.43154	10.00	5.108188	0.05141767	0.00	0.1011662	-1.763072	10.00	-1.764133
-18.40772	10.00	5.155042	0.02381389	0.00	0.0468547	-1.801478	10.00	-1.802537
-18.38018	10.00	5.209229	0.02754026	0.00	0.05418647	-1.870155	10.00	-1.871209
-18.33094	10.00	5.306122	0.04924602	0.00	0.09689335	-1.916241	10.00	-1.91729
-18.29789	10.00	5.371141	0.03304584	0.00	0.06501889	-1.973715	10.00	-1.974758
-18.25668	10.00	5.452227	0.04121187	0.00	0.08108587	-2.017397	10.00	-2.018438
-18.22536	10.00	5.513857	0.03132369	0.00	0.06163051	-2.07958	10.00	-2.080616
-18.18077	10.00	5.601588	0.04458886	0.00	0.08773022	-2.124673	10.00	-2.125704
-18.14843	10.00	5.665206	0.03233415	0.00	0.06361863	-2.188434	10.00	-2.189461
-18.10271	10.00	5.755164	0.04572099	0.00	0.08995772	-2.245359	10.00	-2.246381
-18.06189	10.00	5.835476	0.04081889	0.00	0.08031265	-2.288994	10.00	-2.290011
-18.03061	10.00	5.897037	0.03128817	0.00	0.06156061	-2.326524	10.00	-2.327538
-18.00369	10.00	5.951357	0.02691148	0.00	0.05431974	-2.394686	10.00	-2.395695
-17.95482	10.00	6.050013	0.04887672	0.00	0.09865569	-2.42948	10.00	-2.430485
-17.92987	10.00	6.10037	0.0249487	0.00	0.05035795	-2.463761	10.00	-2.464763
-17.90528	10.00	6.149989	0.0245821	0.00	0.04961797	-2.498764	10.00	-2.499764
-17.88019	10.00	6.200652	0.02509998	0.00	0.05066329	-2.570043	10.00	-2.571035
-17.82907	10.00	6.303815	0.05110974	0.00	0.103163	-2.604856	10.00	-2.605846
-17.80411	10.00	6.354203	0.02496378	0.00	0.05038838	-2.640437	10.00	-2.641424
-17.7786	10.00	6.405701	0.02551342	0.00	0.05149781	-2.674359	10.00	-2.675343
-17.75427	10.00	6.454798	0.02432423	0.00	0.04909749	-2.709948	10.00	-2.710928
-17.72876	10.00	6.506307	0.0255188	0.00	0.05150868	-2.78013	10.00	-2.781106
-17.67843	10.00	6.607889	0.05032647	0.00	0.1015819	-2.815497	10.00	-2.816469
-17.65307	10.00	6.659076	0.02535946	0.00	0.05118704	-2.850615	10.00	-2.851585
-17.62789	10.00	6.709906	0.02518234	0.00	0.05082954	-2.88461	10.00	-2.885576
-17.60351	10.00	6.759108	0.02437591	0.00	0.0492018	-2.919756	10.00	-2.920718
-17.57831	10.00	6.809976	0.02520172	0.00	0.05086866	-2.990705	10.00	-2.991662
-17.52744	10.00	6.912665	0.05087503	0.00	0.1026892	-3.024955	10.00	-3.02591
-17.50287	10.00	6.962238	0.02455949	0.00	0.04957233	-3.061776	10.00	-3.062727
-17.47647	10.00	7.015531	0.02640275	0.00	0.05329289	-3.096987	10.00	-3.097935
-17.45122	10.00	7.066493	0.02524802	0.00	0.05096211	-3.167368	10.00	-3.16831
-17.40076	10.00	7.16836	0.05046805	0.00	0.1018677	-3.200276	10.00	-3.201215
-17.37716	10.00	7.215989	0.0235964	0.00	0.04762838	-3.236408	10.00	-3.237343
-17.35125	10.00	7.268285	0.0259091	0.00	0.05229647	-3.307152	10.00	-3.308082
-17.30052	10.00	7.370678	0.05072806	0.00	0.1023925	-3.341144	10.00	-3.342072
-17.27615	10.00	7.419876	0.0243743	0.00	0.04919854	-3.411334	10.00	-3.412254
-17.22582	10.00	7.521465	0.0503297	0.00	0.1015885	-3.445928	10.00	-3.446845
-17.20101	10.00	7.571535	0.02480605	0.00	0.05007	-3.51734	10.00	-3.518252
-17.14981	10.00	7.674894	0.05120718	0.00	0.1033596	-3.552644	10.00	-3.553551
-17.12449	10.00	7.725991	0.02531477	0.00	0.05109685	-3.587702	10.00	-3.588608
-17.09935	10.00	7.776735	0.02513981	0.00	0.0507437	-3.658088	10.00	-3.658987
-17.04888	10.00	7.878608	0.05047074	0.00	0.1018731	-3.691179	10.00	-3.692075
-17.02515	10.00	7.926502	0.02372775	0.00	0.04789352	-3.76318	10.00	-3.764071
-16.97352	10.00	8.030713	0.05162924	0.00	0.1042115	-3.796171	10.00	-3.797057
-16.94987	10.00	8.078461	0.02365562	0.00	0.04774791	-3.868444	10.00	-3.869325
-16.89804	10.00	8.183067	0.05182466	0.00	0.104606	-3.901349	10.00	-3.902228
-16.87445	10.00	8.230694	0.02359586	0.00	0.0476273	-3.972683	10.00	-3.973555
-16.8233	10.00	8.333939	0.05115012	0.00	0.1032444	-4.006267	10.00	-4.007135
-16.79922	10.00	8.382546	0.02408144	0.00	0.04860742	-4.078622	10.00	-4.079485
-16.74733	10.00	8.487271	0.05188387	0.00	0.1047255	-4.111171	10.00	-4.112031
-16.72399	10.00	8.534382	0.02333961	0.00	0.04711007	-4.183076	10.00	-4.183932
-16.67243	10.00	8.638454	0.05156033	0.00	0.1040724	-4.216698	10.00	-4.217549
-16.64832	10.00	8.687116	0.02410836	0.00	0.04866175	-4.289223	10.00	-4.290068
-16.59632	10.00	8.792086	0.052005	0.00	0.10497	-4.32234	10.00	-4.323184
-16.57257	10.00	8.840019	0.02374767	0.00	0.04793372	-4.394237	10.00	-4.395073
-16.52102	10.00	8.944079	0.05155388	0.00	0.1040594	-4.445414	10.00	-4.446245
-16.48432	10.00	9.01815	0.03669684	0.00	0.07407109	-4.504656	10.00	-4.505484
-16.44184	10.00	9.103897	0.04248127	0.00	0.08574674	-4.553765	10.00	-4.554588
-16.40663	10.00	9.174974	0.03521372	0.00	0.07107747	-4.605972	10.00	-4.606791
-16.36919	10.00	9.253396	0.03743544	0.00	0.0784214	-4.675286	10.00	-4.676099
-16.31949	10.00	9.357514	0.04970253	0.00	0.104119	-4.728075	10.00	-4.728881
-16.28164	10.00	9.436808	0.03785157	0.00	0.07929314	-4.777097	10.00	-4.777901
-16.24648	10.00	9.510448	0.03515289	0.00	0.07363982	-4.812613	10.00	-4.813414
-16.22101	10.00	9.563799	0.02546766	0.00	0.05335078	-4.847351	10.00	-4.848149
-16.19611	10.00	9.615978	0.02490887	0.00	0.05218019	-4.917779	10.00	-4.91857
-16.14561	10.00	9.721771	0.05050142	0.00	0.1057926	-4.952959	10.00	-4.953747
-16.12038	10.00	9.774614	0.02522541	0.00	0.0528433	-4.98783	10.00	-4.988614
-16.09538	10.00	9.826996	0.02500469	0.00	0.05238093	-5.022808	10.00	-5.02359
-16.07029	10.00	9.879537	0.02508113	0.00	0.05254107	-5.057544	10.00	-5.058323
-16.04539	10.00	9.931716	0.02490833	0.00	0.05217906	-5.128501	10.00	-5.129274
-15.9945	10.00	10.0383	0.05088041	0.00	0.1065865	-5.163267	10.00	-5.164039
-15.96957	10.00	10.09053	0.02492986	0.00	0.05222417	-5.197542	10.00	-5.198311
-15.945	10.00	10.14201	0.02457779	0.00	0.05148663	-5.232912	10.00	-5.233675
-15.91964	10.00	10.19514	0.02536107	0.00	0.05312749	-5.268225	10.00	-5.268986
-15.89431	10.00	10.24819	0.02532177	0.00	0.05304516	-5.339013	10.00	-5.339769
-15.84355	10.00	10.35452	0.05076036	0.00	0.106335	-5.373603	10.00	-5.374356
-15.81875	10.00	10.40648	0.02480228	0.00	0.0519569	-5.40847	10.00	-5.409222
-15.79375	10.00	10.45885	0.02500254	0.00	0.05237642	-5.443856	10.00	-5.444601
-15.76838	10.00	10.512	0.02537238	0.00	0.05315117	-5.51443	10.00	-5.515171
-15.71777	10.00	10.61802	0.05060694	0.00	0.1060136	-5.549238	10.00	-5.549976
-15.69281	10.00	10.67031	0.02495947	0.00	0.0522862	-5.584534	10.00	-5.585268
-15.6675	10.00	10.72333	0.02530993	0.00	0.05302035	-5.619446	10.00	-5.620178
-15.64247	10.00	10.77577	0.02503376	0.00	0.05244183	-5.690341	10.00	-5.691066
-15.59163	10.00	10.88226	0.05083627	0.00	0.106494	-5.724158	10.00	-5.724879
-15.56738	10.00	10.93306	0.02424779	0.00	0.05079534	-5.796527	10.00	-5.797243
-15.51549	10.00	11.04177	0.05189356	0.00	0.1087089	-5.828909	10.00	-5.829622
-15.49227	10.00	11.09041	0.0232201	0.00	0.04864249	-5.865043	10.00	-5.865754
-15.46636	10.00	11.14468	0.02590963	0.00	0.05427665	-5.934845	10.00	-5.935547
-15.41631	10.00	11.24954	0.05005191	0.00	0.1048509	-5.971647	10.00	-5.972348
-15.38992	10.00	11.30482	0.02638983	0.00	0.05528258	-6.005964	10.00	-6.006663
-15.36531	10.00	11.35637	0.02460686	0.00	0.05154753	-6.07666	10.00	-6.077353
-15.31462	10.00	11.46256	0.05069415	0.00	0.1061963	-6.109929	10.00	-6.110618
-15.29076	10.00	11.51254	0.02385588	0.00	0.04997434	-6.181801	10.00	-6.182485
-15.23922	10.00	11.6205	0.05153665	0.00	0.1079612	-6.216099	10.00	-6.216781
-15.21463	10.00	11.67202	0.02459394	0.00	0.05152047	-6.286991	10.00	-6.287664
-15.1638	10.00	11.77851	0.05083304	0.00	0.1064873	-6.321555	10.00	-6.322227
-15.13901	10.00	11.83043	0.02478505	0.00	0.05192081	-6.392139	10.00	-6.392806
-15.0884	10.00	11.93645	0.05061393	0.00	0.1060283	-6.425589	10.00	-6.426252
-15.06441	10.00	11.9867	0.02398454	0.00	0.05024387	-6.49754	10.00	-6.498195
-15.01282	10.00	12.09478	0.05159263	0.00	0.1080785	-6.530757	10.00	-6.53141
-14.989	10.00	12.14467	0.02381927	0.00	0.04989766	-6.565842	10.00	-6.566494
-14.96384	10.00	12.19738	0.0251592	0.00	0.05270459	-6.636974	10.00	-6.637619
-14.91284	10.00	12.30423	0.05100585	0.00	0.1068493	-6.682698	10.00	-6.683337
-14.88005	10.00	12.37291	0.03278582	0.00	0.06868117	-6.740819	10.00	-6.741453
-14.83838	10.00	12.46021	0.04167538	0.00	0.08730342	-6.811725	10.00	-6.812352
-14.78753	10.00	12.56672	0.05084434	0.00	0.106511	-6.845581	10.00	-6.84621
-14.76325	10.00	12.61759	0.02427901	0.00	0.05086074	-6.917986	10.00	-6.918606
-14.71133	10.00	12.72634	0.05191779	0.00	0.1087597	-6.961935	10.00	-6.96255
-14.67982	10.00	12.79236	0.03151265	0.00	0.06601409	-7.022967	10.00	-7.023578
-14.63606	10.00	12.88404	0.04376467	0.00	0.09168015	-7.067041	10.00	-7.067649
-14.60445	10.00	12.95024	0.03160417	0.00	0.0662058	-7.129094	10.00	-7.129696
-14.55996	10.00	13.04346	0.04449627	0.00	0.09321275	-7.172654	10.00	-7.173252
-14.52872	10.00	13.10889	0.03123379	0.00	0.06542993	-7.231694	10.00	-7.232287
-14.48639	10.00	13.19758	0.04233646	0.00	0.08868828	-7.289982	10.00	-7.290572
-14.44459	10.00	13.28513	0.04179651	0.00	0.08755717	-7.337382	10.00	-7.337966
-14.4106	10.00	13.35633	0.03398792	0.00	0.0711994	-7.384764	10.00	-7.385347
-14.37663	10.00	13.42751	0.03397662	0.00	0.07117572	-7.444376	10.00	-7.444952
-14.33388	10.00	13.51705	0.04274452	0.00	0.0895431	-7.47711	10.00	-7.477682
-14.31041	10.00	13.56622	0.02347312	0.00	0.04917253	-7.54895	10.00	-7.549516
-14.25889	10.00	13.67414	0.05151296	0.00	0.1079116	-7.581298	10.00	-7.581864
-14.2357	10.00	13.72273	0.02319588	0.00	0.04859175	-7.654183	10.00	-7.654741
-14.18344	10.00	13.83221	0.05226287	0.00	0.1094825	-7.687325	10.00	-7.687881
-14.15967	10.00	13.88199	0.0237649	0.00	0.04978376	-7.7593	10.00	-7.759847
-14.10806	10.00	13.99011	0.05160986	0.00	0.1081146	-7.791693	10.00	-7.792238
-14.0872	10.00	14.03877	0.020862	0.00	0.04865828	-7.828306	10.00	-7.828848
-14.07565	10.00	14.08708	0.01154759	0.00	0.04831271	-7.897937	10.00	-7.898471
-14.07565	10.00	14.12684	0	0.00	0.039759	-7.932409	10.00	-7.932942
-14.07565	10.00	14.1396	0	0.00	0.01276092	-8.003159	10.00	-8.003688
-14.07565	10.00	14.1396	0	0.00	0	-8.037295	10.00	-8.037821
-14.07565	10.00	14.1396	0	0.00	0	-8.108294	10.00	-8.108812
-14.07565	10.00	14.1396	0	0.00	0	-8.143118	10.00	-8.143631
-14.07565	10.00	14.1396	0	0.00	0	-8.213932	10.00	-8.214438
-14.07565	10.00	14.1396	0	0.00	0	-8.248257	10.00	-8.248764
-14.07565	10.00	14.1396	0	0.00	0	-8.318682	10.00	-8.319182
-14.07565	10.00	14.1396	0	0.00	0	-8.353401	10.00	-8.353899
-14.07565	10.00	14.1396	0	0.00	0	-8.423873	10.00	-8.424363
-14.07565	10.00	14.19142	0	0.00	0.05181818	-8.458703	10.00	-8.459192
-14.07102	10.00	14.23611	0.004626392	0.00	0.04468999	-8.529019	10.00	-8.529503
-14.03986	10.00	14.36612	0.03116422	0.00	0.1300167	-8.563709	10.00	-8.564188
-14.02385	10.00	14.43153	0.01600731	0.00	0.06540673	-8.634014	10.00	-8.634488
-13.99141	10.00	14.56409	0.03244317	0.00	0.1325645	-8.668077	10.00	-8.668546
-13.97569	10.00	14.62832	0.01571873	0.00	0.06422756	-8.739309	10.00	-8.739773
-13.94152	10.00	14.76263	0.03417048	0.00	0.1343085	-8.774776	10.00	-8.775238
-13.92386	10.00	14.8295	0.01766165	0.00	0.06687468	-8.846471	10.00	-8.846927
-13.88685	10.00	14.96469	0.03701137	0.00	0.1351848	-8.884874	10.00	-8.885327
-13.86702	10.00	15.0371	0.01982495	0.00	0.07241101	-8.950597	10.00	-8.951043
-13.8331	10.00	15.16102	0.03392754	0.00	0.123921	-8.983863	10.00	-8.984305
-13.81592	10.00	15.22374	0.01717209	0.00	0.06272139	-9.023115	10.00	-9.023555
-13.79566	10.00	15.29776	0.02026367	0.00	0.07401344	-9.091204	10.00	-9.091637
-13.76051	10.00	15.42614	0.03514875	0.00	0.1283815	-9.126342	10.00	-9.126771
-13.74237	10.00	15.4924	0.01814021	0.00	0.06625749	-9.19542	10.00	-9.195847
-13.70671	10.00	15.62265	0.03566111	0.00	0.1302529	-9.228931	10.00	-9.229357
-13.68941	10.00	15.68584	0.01729959	0.00	0.06318711	-9.300533	10.00	-9.300949
-13.65245	10.00	15.82084	0.03696215	0.00	0.135005	-9.334057	10.00	-9.334471
-13.63514	10.00	15.88405	0.0173058	0.00	0.06320976	-9.405665	10.00	-9.406072
-13.59818	10.00	16.01907	0.03696603	0.00	0.1350191	-9.439296	10.00	-9.439699
-13.58081	10.00	16.08248	0.01736121	0.00	0.06341218	-9.51088	10.00	-9.511276
-13.54255	10.00	16.21746	0.03826056	0.00	0.1349738	-9.54425	10.00	-9.544645
-13.52472	10.00	16.28038	0.01783599	0.00	0.06292098	-9.616158	10.00	-9.616548
-13.48628	10.00	16.41596	0.03843431	0.00	0.1355868	-9.664825	10.00	-9.665213
-13.46027	10.00	16.50773	0.02601264	0.00	0.09176619	-9.722392	10.00	-9.722772
-13.4295	10.00	16.61627	0.03076767	0.00	0.1085408	-9.77457	10.00	-9.774945
-13.40162	10.00	16.71465	0.02788817	0.00	0.0983826	-9.827225	10.00	-9.827594
-13.37347	10.00	16.81393	0.02814298	0.00	0.09928149	-9.875998	10.00	-9.876367
-13.3474	10.00	16.9059	0.02607002	0.00	0.09196862	-9.930598	10.00	-9.93096
-13.31822	10.00	17.00885	0.02918146	0.00	0.102945	-9.976857	10.00	-9.977215
-13.2935	10.00	17.09607	0.02472537	0.00	0.08722502	-10.03837	10.00	-10.03872
-13.26062	10.00	17.21206	0.03287875	0.00	0.1159881	-10.07049	10.00	-10.07083
-13.24345	10.00	17.27261	0.01716427	0.00	0.0605513	-10.14167	10.00	-10.14201
-13.20541	10.00	17.40683	0.03804588	0.00	0.1342165	-10.17541	10.00	-10.17575
-13.18737	10.00	17.47045	0.01803542	0.00	0.06362452	-10.24667	10.00	-10.24701
-13.14928	10.00	17.60482	0.03808922	0.00	0.1343694	-10.28162	10.00	-10.28195
-13.1306	10.00	17.67071	0.01867705	0.00	0.06588802	-10.35221	10.00	-10.35254
-13.09287	10.00	17.80382	0.03773169	0.00	0.1331081	-10.3866	10.00	-10.38692
-13.07449	10.00	17.86866	0.01838131	0.00	0.06484475	-10.45765	10.00	-10.45797
-13.03652	10.00	18.00262	0.03797325	0.00	0.1339603	-10.49076	10.00	-10.49107
-13.01882	10.00	18.06505	0.01769554	0.00	0.06242553	-10.5635	10.00	-10.56381
-12.97994	10.00	18.20222	0.03888213	0.00	0.1371666	-10.5966	10.00	-10.59691
-12.96225	10.00	18.26463	0.01769233	0.00	0.0624142	-10.63247	10.00	-10.63277
-12.94308	10.00	18.33225	0.0191678	0.00	0.06761928	-10.70217	10.00	-10.70247
-12.90582	10.00	18.46368	0.03725699	0.00	0.1314335	-10.73658	10.00	-10.73687
-12.88744	10.00	18.52855	0.01838854	0.00	0.06487023	-10.8073	10.00	-10.80759
-12.84447	10.00	18.66191	0.04296608	0.00	0.133353	-10.84175	10.00	-10.84203
-12.82166	10.00	18.72497	0.0228133	0.00	0.0630628	-10.91243	10.00	-10.91271
-12.77355	10.00	18.84405	0.04810345	0.00	0.1190811	-10.94676	10.00	-10.94704
-12.74956	10.00	18.90126	0.02399187	0.00	0.0572138	-11.01779	10.00	-11.01806
-12.69733	10.00	18.99888	0.05222946	0.00	0.09761817	-11.05198	10.00	-11.05224
-12.67157	10.00	19.04524	0.02576148	0.00	0.04635817	-11.12421	10.00	-11.12447
-12.6145	10.00	19.13924	0.05707194	0.00	0.09399891	-11.17223	10.00	-11.17249
-12.57656	10.00	19.20085	0.03793882	0.00	0.06160948	-11.22677	10.00	-11.22703
-12.53347	10.00	19.27083	0.04309283	0.00	0.06997917	-11.2625	10.00	-11.26275
-12.50524	10.00	19.31667	0.02822694	0.00	0.04583819	-11.33335	10.00	-11.3336
-12.44925	10.00	19.40758	0.05598409	0.00	0.09091349	-11.371	10.00	-11.37123
-12.41952	10.00	19.45587	0.02973595	0.00	0.0482887	-11.43845	10.00	-11.43868
-12.36622	10.00	19.54242	0.05329883	0.00	0.08655286	-11.47436	10.00	-11.4746
-12.33785	10.00	19.5885	0.02837463	0.00	0.04607804	-11.54398	10.00	-11.54421
-12.28284	10.00	19.67782	0.05500299	0.00	0.08932027	-11.57943	10.00	-11.57965
-12.25484	10.00	19.7233	0.02800391	0.00	0.04547601	-11.64861	10.00	-11.64882
-12.20018	10.00	19.81206	0.05466251	0.00	0.08876737	-11.68329	10.00	-11.6835
-12.17278	10.00	19.85656	0.02739947	0.00	0.04449446	-11.75433	10.00	-11.75453
-12.11665	10.00	19.9477	0.05612585	0.00	0.0911437	-11.78909	10.00	-11.78929
-12.08918	10.00	19.99231	0.02746828	0.00	0.0446062	-11.85901	10.00	-11.85921
-12.03394	10.00	20.08202	0.05524144	0.00	0.08970749	-11.8945	10.00	-11.8947
-12.0059	10.00	20.12755	0.02804305	0.00	0.04553958	-11.964	10.00	-11.96419
-11.95099	10.00	20.21672	0.05490927	0.00	0.08916808	-11.9993	10.00	-11.99949
-11.92309	10.00	20.26202	0.02789595	0.00	0.0453007	-12.06919	10.00	-12.06937
-11.86788	10.00	20.35169	0.05521416	0.00	0.08966319	-12.10404	10.00	-12.10422
-11.84034	10.00	20.39641	0.02753768	0.00	0.0447189	-12.17558	10.00	-12.17575
-11.78383	10.00	20.48818	0.05651497	0.00	0.0917756	-12.23224	10.00	-12.23241
-11.73905	10.00	20.56089	0.04477208	0.00	0.07270613	-12.28324	10.00	-12.2834
-11.69876	10.00	20.62632	0.04029369	0.00	0.06543359	-12.35098	10.00	-12.35114
-11.64524	10.00	20.71324	0.05352126	0.00	0.08691408	-12.39609	10.00	-12.39624
-11.6096	10.00	20.77111	0.03563971	0.00	0.05787593	-12.45442	10.00	-12.45456
-11.56352	10.00	20.84595	0.04608357	0.00	0.07483588	-12.49249	10.00	-12.49263
-11.53343	10.00	20.8948	0.03008176	0.00	0.04885028	-12.56151	10.00	-12.56165
-11.4789	10.00	20.98335	0.05453379	0.00	0.08855834	-12.60069	10.00	-12.60083
-11.44795	10.00	21.03362	0.03095431	0.00	0.05026722	-12.6657	10.00	-12.66582
-11.39658	10.00	21.11703	0.05136155	0.00	0.08340688	-12.69914	10.00	-12.69927
-11.37016	10.00	21.15994	0.02642312	0.00	0.04290894	-12.77074	10.00	-12.77086
-11.31359	10.00	21.2518	0.05656835	0.00	0.09186228	-12.80526	10.00	-12.80538
-11.28632	10.00	21.2961	0.02727728	0.00	0.04429603	-12.87593	10.00	-12.87604
-11.23048	10.00	21.38677	0.05583461	0.00	0.09067075	-12.90909	10.00	-12.9092
-11.20428	10.00	21.42931	0.02620009	0.00	0.04254676	-12.94455	10.00	-12.94466
-11.17626	10.00	21.47481	0.02801636	0.00	0.04549624	-13.01548	10.00	-13.01558
-11.12022	10.00	21.56582	0.05604162	0.00	0.09100692	-13.04991	10.00	-13.05001
-11.09302	10.00	21.60999	0.02720254	0.00	0.04417466	-13.12143	10.00	-13.12152
-11.03652	10.00	21.70175	0.05650488	0.00	0.09175923	-13.15588	10.00	-13.15596
-11.0093	10.00	21.74595	0.02721499	0.00	0.04419488	-13.2265	10.00	-13.22658
-10.9535	10.00	21.83656	0.05579901	0.00	0.09061295	-13.25999	10.00	-13.26007
-10.92704	10.00	21.87953	0.02646168	0.00	0.04297156	-13.33231	10.00	-13.33238
-10.86991	10.00	21.97231	0.05713482	0.00	0.09278219	-13.37751	10.00	-13.37758
-10.83419	10.00	22.03031	0.03571623	0.00	0.05800019	-13.43561	10.00	-13.43567
-10.78759	10.00	22.10598	0.04659488	0.00	0.0756662	-13.46838	10.00	-13.46844
-10.76078	10.00	22.14952	0.02681046	0.00	0.04353795	-13.53646	10.00	-13.53652
-10.70444	10.00	22.24101	0.05634294	0.00	0.09149625	-13.56953	10.00	-13.56958
-10.67638	10.00	22.28658	0.02805907	0.00	0.04556559	-13.63353	10.00	-13.63357
-10.6208	10.00	22.37684	0.05558014	0.00	0.09025751	-13.66352	10.00	-13.66356
-10.59348	10.00	22.42121	0.02732651	0.00	0.04437598	-13.70707	10.00	-13.7071
-10.55259	10.00	22.48761	0.04088566	0.00	0.06639492	-13.75015	10.00	-13.75019
-10.51017	10.00	22.55649	0.04241841	0.00	0.06888396	-13.77631	10.00	-13.77634
-10.48306	10.00	22.60052	0.02711475	0.00	0.0440321	-13.82819	10.00	-13.82822
-10.42739	10.00	22.69092	0.05566556	0.00	0.09039623	-13.851	10.00	-13.85103
-10.40101	10.00	22.73376	0.02638041	0.00	0.04283959	-13.89857	10.00	-13.89859
-10.34388	10.00	22.82654	0.05713423	0.00	0.09278123	-13.91912	10.00	-13.91914
-10.31695	10.00	22.87027	0.02693087	0.00	0.04373349	-13.93933	10.00	-13.93935
-10.28925	10.00	22.91525	0.02769368	0.00	0.04497223	-13.9778	10.00	-13.97781
-10.23396	10.00	23.00503	0.05528711	0.00	0.08978166	-13.99464	10.00	-13.99464
-10.20713	10.00	23.04861	0.02683715	0.00	0.0435813	-14.02804	10.00	-14.02806
-10.15086	10.00	23.13999	0.0562688	0.00	0.09137585	-14.0422	10.00	-14.04221
-10.12379	10.00	23.18394	0.02706789	0.00	0.043956	-14.06953	10.00	-14.06953
-10.06785	10.00	23.27478	0.05593841	0.00	0.09083932	-14.08074	10.00	-14.08074
-10.0409	10.00	23.31854	0.02694748	0.00	0.04376046	-14.09152	10.00	-14.09153
-10.01251	10.00	23.36465	0.02839362	0.00	0.04610887	-14.11066	10.00	-14.11067
-9.956425	10.00	23.45573	0.0560861	0.00	0.09107917	-14.11744	10.00	-14.11744
-9.930187	10.00	23.49834	0.02623746	0.00	0.04260745	-14.12804	10.00	-14.12804
-9.873549	10.00	23.59031	0.05663775	0.00	0.09197499	-14.13178	10.00	-14.13178
-9.847004	10.00	23.63342	0.02654591	0.00	0.04310834	-14.13861	10.00	-14.1386
-9.78951	10.00	23.72679	0.05749428	0.00	0.09336592	-14.13959	10.00	-14.13959
-9.764083	10.00	23.76808	0.0254266	0.00	0.04129069	-14.14	10.00	-14.14
-9.735268	10.00	23.81487	0.02881535	0.00	0.04679373	-14.14001	10.00	-14.14001
-9.679101	10.00	23.90608	0.05616678	0.00	0.09121017	-14.14001	10.00	-14.14001
-9.642817	10.00	23.965	0.03628449	0.00	0.05892298	-14.14001	10.00	-14.14001
-9.596712	10.00	24.03987	0.04610433	0.00	0.0748696	-14.14001	10.00	-14.14001
-9.562008	10.00	24.09623	0.03470429	0.00	0.05635688	-14.14001	10.00	-14.14001
-9.510111	10.00	24.18051	0.05189718	0.00	0.08427669	-14.14001	10.00	-14.14001
-9.475659	10.00	24.23645	0.03445102	0.00	0.05594558	-14.14001	10.00	-14.14001
-9.42953	10.00	24.31136	0.04612925	0.00	0.07491005	-14.14001	10.00	-14.14001
-9.403066	10.00	24.35434	0.02646464	0.00	0.04297638	-14.14001	10.00	-14.14001
-9.347419	10.00	24.4447	0.05564657	0.00	0.0903654	-14.14001	10.00	-14.14001
-9.319926	10.00	24.48935	0.0274926	0.00	0.04464569	-14.14001	10.00	-14.14001
-9.263578	10.00	24.58085	0.05634829	0.00	0.09150492	-14.14001	10.00	-14.14001
-9.237695	10.00	24.62289	0.02588334	0.00	0.04203239	-14.14001	10.00	-14.14001
-9.209944	10.00	24.66795	0.02775121	0.00	0.04506566	-14.14001	10.00	-14.14001
-9.152276	10.00	24.7616	0.05766748	0.00	0.09364719	-14.14001	10.00	-14.14001
-9.124673	10.00	24.80643	0.02760293	0.00	0.04482485	-14.14001	10.00	-14.14001
-9.09123	10.00	24.86073	0.03344263	0.00	0.05430805	-14.14001	10.00	-14.14001
-9.043959	10.00	24.9375	0.04727168	0.00	0.07676527	-14.14001	10.00	-14.14001
-9.015942	10.00	24.983	0.02801755	0.00	0.04549816	-14.14001	10.00	-14.14001
-8.959959	10.00	25.07391	0.05598231	0.00	0.09091061	-14.14001	10.00	-14.14001
-8.93272	10.00	25.11814	0.02723872	0.00	0.04423342	-14.14001	10.00	-14.14001
-8.876928	10.00	25.20874	0.0557919	0.00	0.09060139	-14.14001	10.00	-14.14001
-8.849442	10.00	25.25338	0.02748607	0.00	0.04463509	-14.14001	10.00	-14.14001
-8.79379	10.00	25.34375	0.05565251	0.00	0.09037504	-14.14001	10.00	-14.14001
-8.767106	10.00	25.38708	0.02668411	0.00	0.04333277	-14.14001	10.00	-14.14001
-8.739161	10.00	25.43246	0.02794459	0.00	0.04537968	-14.14001	10.00	-14.14001
-8.682597	10.00	25.52432	0.0565642	0.00	0.09185554	-14.14001	10.00	-14.14001
-8.655116	10.00	25.56895	0.02748073	0.00	0.04462642	-14.14001	10.00	-14.14001
-8.599576	10.00	25.65914	0.0555398	0.00	0.09019201	-14.14001	10.00	-14.14001
-8.573053	10.00	25.70221	0.02652337	0.00	0.04307174	-14.14001	10.00	-14.14001
-8.516569	10.00	25.79394	0.05648412	0.00	0.09172551	-14.14001	10.00	-14.14001
-8.490133	10.00	25.83686	0.02643558	0.00	0.04292917	-14.14001	10.00	-14.14001
-8.433453	10.00	25.92891	0.05668046	0.00	0.09204435	-14.14001	10.00	-14.14001
-8.406841	10.00	25.97212	0.02661175	0.00	0.04321526	-14.14001	10.00	-14.14001
-8.349651	10.00	26.06499	0.05718999	0.00	0.09287178	-14.14001	10.00	-14.14001
-8.32336	10.00	26.10769	0.02629025	0.00	0.04269318	-14.14001	10.00	-14.14001
-8.295947	10.00	26.15221	0.02741371	0.00	0.04451758	-14.14001	10.00	-14.14001
-8.239715	10.00	26.24352	0.05623203	0.00	0.09131613	-14.14001	10.00	-14.14001
-8.2116	10.00	26.28918	0.02811483	0.00	0.04565614	-14.14001	10.00	-14.14001
-8.184466	10.00	26.33324	0.02713373	0.00	0.04406292	-14.14001	10.00	-14.14001
-8.128745	10.00	26.42373	0.05572131	0.00	0.09048677	-14.14001	10.00	-14.14001
-8.101486	10.00	26.46799	0.02725889	0.00	0.04426616	-14.14001	10.00	-14.14001
-8.045714	10.00	26.55857	0.05577232	0.00	0.0905696	-14.14001	10.00	-14.14001
-8.018708	10.00	26.60242	0.02700561	0.00	0.04385486	-14.14001	10.00	-14.14001
-7.962773	10.00	26.69325	0.05593485	0.00	0.09083354	-14.14001	10.00	-14.14001
-7.936192	10.00	26.73642	0.02658209	0.00	0.0431671	-14.14001	10.00	-14.14001
-7.879578	10.00	26.82836	0.05661402	0.00	0.09193645	-14.14001	10.00	-14.14001
-7.853131	10.00	26.8713	0.02644685	0.00	0.04294747	-14.14001	10.00	-14.14001
-7.795383	10.00	26.96508	0.05774697	0.00	0.09377627	-14.14001	10.00	-14.14001
-7.766794	10.00	27.01151	0.02858995	0.00	0.0464277	-14.14001	10.00	-14.14001
-7.712998	10.00	27.09887	0.0537959	0.00	0.08736006	-14.14001	10.00	-14.14001
-7.685235	10.00	27.14395	0.02776308	0.00	0.04508493	-14.14001	10.00	-14.14001
-7.648331	10.00	27.20388	0.03690375	0.00	0.05992861	-14.14001	10.00	-14.14001
-7.602741	10.00	27.27792	0.04559006	0.00	0.07403445	-14.14001	10.00	-14.14001
-7.5677	10.00	27.33482	0.03504062	0.00	0.05690305	-14.14001	10.00	-14.14001
-7.521489	10.00	27.41164	0.04621177	0.00	0.07681921	-14.14001	10.00	-14.14001
-7.485153	10.00	27.47204	0.03633549	0.00	0.06040157	-14.14001	10.00	-14.14001
-7.439179	10.00	27.54846	0.04597361	0.00	0.07642332	-14.14001	10.00	-14.14001
-7.404796	10.00	27.60562	0.03438387	0.00	0.05715735	-14.14001	10.00	-14.14001
-7.35635	10.00	27.68615	0.048445	0.00	0.08053157	-14.14001	10.00	-14.14001
-7.327365	10.00	27.73433	0.02898565	0.00	0.04818371	-14.14001	10.00	-14.14001
-7.277166	10.00	27.81778	0.05019844	0.00	0.08344638	-14.14001	10.00	-14.14001
-7.249779	10.00	27.86226	0.02738761	0.00	0.04447519	-14.14001	10.00	-14.14001
-7.194837	10.00	27.95148	0.0549419	0.00	0.08922106	-14.14001	10.00	-14.14001
-7.166343	10.00	27.99775	0.02849386	0.00	0.04627166	-14.14001	10.00	-14.14001
-7.140148	10.00	28.04029	0.02619475	0.00	0.0425381	-14.14001	10.00	-14.14001
-7.111871	10.00	28.08621	0.02827735	0.00	0.04592007	-14.14001	10.00	-14.14001
-7.084359	10.00	28.13088	0.02751158	0.00	0.04467651	-14.14001	10.00	-14.14001
-7.027987	10.00	28.22243	0.05637261	0.00	0.09154442	-14.14001	10.00	-14.14001
-7.000599	10.00	28.2669	0.02738761	0.00	0.04447519	-14.14001	10.00	-14.14001
-6.972826	10.00	28.31201	0.02777376	0.00	0.04510227	-14.14001	10.00	-14.14001
-6.945856	10.00	28.3558	0.02696942	0.00	0.0437961	-14.14001	10.00	-14.14001
-6.918214	10.00	28.40069	0.02764148	0.00	0.04488746	-14.14001	10.00	-14.14001
-6.861376	10.00	28.49299	0.05683883	0.00	0.09230153	-14.14001	10.00	-14.14001
-6.833761	10.00	28.53784	0.02761479	0.00	0.04484411	-14.14001	10.00	-14.14001
-6.807437	10.00	28.58058	0.02632347	0.00	0.04274712	-14.14001	10.00	-14.14001
-6.75009	10.00	28.67371	0.05734777	0.00	0.093128	-14.14001	10.00	-14.14001
-6.723982	10.00	28.71611	0.02610756	0.00	0.0423965	-14.14001	10.00	-14.14001
-6.667008	10.00	28.80863	0.05697348	0.00	0.09252019	-14.14001	10.00	-14.14001
-6.640469	10.00	28.85173	0.02653998	0.00	0.04309871	-14.14001	10.00	-14.14001
-6.613187	10.00	28.89603	0.02728143	0.00	0.04430277	-14.14001	10.00	-14.14001
-6.557105	10.00	28.9871	0.05608255	0.00	0.09107339	-14.14001	10.00	-14.14001
-6.529706	10.00	29.0316	0.02739888	0.00	0.04449349	-14.14001	10.00	-14.14001
-6.499264	10.00	29.08103	0.03044181	0.00	0.04943497	-14.14001	10.00	-14.14001
-6.446201	10.00	29.1672	0.05306334	0.00	0.08617045	-14.14001	10.00	-14.14001
-6.419816	10.00	29.21005	0.02638457	0.00	0.04284634	-14.14001	10.00	-14.14001
-6.391939	10.00	29.26282	0.02787739	0.00	0.05277377	-14.14001	10.00	-14.14001
-6.387503	10.00	29.28128	0.004435534	0.00	0.01845852	-14.14001	10.00	-14.14001
-6.387503	10.00	29.28128	0	0.00	0	-14.14001	10.00	-14.14001
-6.387503	10.00	29.28128	0	0.00	0	-14.14001	10.00	-14.14001
-6.387503	10.00	29.28128	0	0.00	0	-14.14001	10.00	-14.14001
-6.387503	10.00	29.28128	0	0.00	0	-14.14001	10.00	-14.14001
-6.387503	10.00	29.28128	0	0.00	0	-14.14001	10.00	-14.14001
-6.387503	10.00	29.28128	0	0.00	0	-14.14001	10.00	-14.14001
-6.387503	10.00	29.28128	0	0.00	0	-14.14001	10.00	-14.14001
-6.387503	10.00	29.29721	0	0.00	0.0159348	-14.14001	10.00	-14.14001
-6.387503	10.00	29.3104	0	0.00	0.01318385	-14.14001	10.00	-14.14001
-6.37151	10.00	29.36287	0.01599352	0.00	0.05247567	-14.14001	10.00	-14.14001
-6.357857	10.00	29.39064	0.01365248	0.00	0.0277702	-14.14001	10.00	-14.14001
-6.307777	10.00	29.45348	0.05008044	0.00	0.06283168	-14.14001	10.00	-14.14001
-6.272582	10.00	29.48492	0.03519458	0.00	0.03144216	-14.14001	10.00	-14.14001
-6.233935	10.00	29.51459	0.03864712	0.00	0.0296706	-14.14001	10.00	-14.14001
-6.151895	10.00	29.56765	0.0820399	0.00	0.05305753	-14.14001	10.00	-14.14001
-6.114277	10.00	29.59197	0.03761794	0.00	0.02432859	-14.14001	10.00	-14.14001
-6.076014	10.00	29.61754	0.03826378	0.00	0.02556738	-14.14001	10.00	-14.14001
-5.997045	10.00	29.67031	0.07896891	0.00	0.05276604	-14.14001	10.00	-14.14001
-5.946273	10.00	29.70423	0.05077134	0.00	0.03392477	-14.14001	10.00	-14.14001
-5.881904	10.00	29.74724	0.06436945	0.00	0.04301087	-14.14001	10.00	-14.14001
-5.802972	10.00	29.79999	0.07893173	0.00	0.0527412	-14.14001	10.00	-14.14001
-5.751814	10.00	29.83417	0.05115799	0.00	0.03418313	-14.14001	10.00	-14.14001
-5.68857	10.00	29.87643	0.0632442	0.00	0.04225899	-14.14001	10.00	-14.14001
-5.648097	10.00	29.90347	0.04047298	0.00	0.02704354	-14.14001	10.00	-14.14001
-5.569762	10.00	29.95581	0.07833523	0.00	0.05234263	-14.14001	10.00	-14.14001
-5.533689	10.00	29.97992	0.03607192	0.00	0.0241028	-14.14001	10.00	-14.14001
-5.457449	10.00	30.03086	0.07624003	0.00	0.05094264	-14.14001	10.00	-14.14001
-5.419093	10.00	30.05649	0.03835713	0.00	0.02562976	-14.14001	10.00	-14.14001
-5.381333	10.00	30.08172	0.0377598	0.00	0.02523063	-14.14001	10.00	-14.14001
-5.342708	10.00	30.10753	0.03862482	0.00	0.02580862	-14.14001	10.00	-14.14001
-5.304491	10.00	30.13306	0.03821751	0.00	0.02553646	-14.14001	10.00	-14.14001
-5.226716	10.00	30.18503	0.07777425	0.00	0.05196779	-14.14001	10.00	-14.14001
-5.18784	10.00	30.21101	0.0388768	0.00	0.02597699	-14.14001	10.00	-14.14001
-5.149338	10.00	30.23673	0.03850089	0.00	0.02572581	-14.14001	10.00	-14.14001
-5.111628	10.00	30.26193	0.03771106	0.00	0.02519806	-14.14001	10.00	-14.14001
-5.072984	10.00	30.28775	0.03864299	0.00	0.02582076	-14.14001	10.00	-14.14001
-4.994482	10.00	30.34021	0.07850212	0.00	0.05245414	-14.14001	10.00	-14.14001
-4.956834	10.00	30.36536	0.03764827	0.00	0.0251561	-14.14001	10.00	-14.14001
-4.880324	10.00	30.41824	0.07650997	0.00	0.05287755	-14.14001	10.00	-14.14001
-4.844953	10.00	30.44269	0.03537104	0.00	0.02444562	-14.14001	10.00	-14.14001
-4.768444	10.00	30.49556	0.07650918	0.00	0.052877	-14.14001	10.00	-14.14001
-4.731729	10.00	30.52094	0.03671457	0.00	0.02537416	-14.14001	10.00	-14.14001
-4.695478	10.00	30.54599	0.03625128	0.00	0.02505398	-14.14001	10.00	-14.14001
-4.619994	10.00	30.59816	0.07548436	0.00	0.05216873	-14.14001	10.00	-14.14001
-4.583817	10.00	30.62316	0.03617699	0.00	0.02500263	-14.14001	10.00	-14.14001
-4.508018	10.00	30.67555	0.07579908	0.00	0.05238624	-14.14001	10.00	-14.14001
-4.470702	10.00	30.70134	0.03731604	0.00	0.02578985	-14.14001	10.00	-14.14001
-4.43232	10.00	30.72787	0.0383816	0.00	0.02652628	-14.14001	10.00	-14.14001
-4.358975	10.00	30.77855	0.07334446	0.00	0.0506898	-14.14001	10.00	-14.14001
-4.323458	10.00	30.8031	0.03551722	0.00	0.02454665	-14.14001	10.00	-14.14001
-4.247289	10.00	30.85575	0.0761697	0.00	0.05264238	-14.14001	10.00	-14.14001
-4.2116	10.00	30.88041	0.03568815	0.00	0.02466478	-14.14001	10.00	-14.14001
-4.135438	10.00	30.93305	0.07616252	0.00	0.05263741	-14.14001	10.00	-14.14001
-4.098734	10.00	30.95841	0.03670338	0.00	0.02536643	-14.14001	10.00	-14.14001
-4.023369	10.00	31.0105	0.07536535	0.00	0.05208648	-14.14001	10.00	-14.14001
-3.98719	10.00	31.0355	0.03617859	0.00	0.02500374	-14.14001	10.00	-14.14001
-3.910411	10.00	31.08857	0.07677997	0.00	0.05306415	-14.14001	10.00	-14.14001
-3.876238	10.00	31.11218	0.03417289	0.00	0.02361756	-14.14001	10.00	-14.14001
-3.838448	10.00	31.1383	0.03778971	0.00	0.02611721	-14.14001	10.00	-14.14001
-3.763242	10.00	31.19028	0.07520639	0.00	0.05197662	-14.14001	10.00	-14.14001
-3.726744	10.00	31.2155	0.0364973	0.00	0.025224	-14.14001	10.00	-14.14001
-3.650305	10.00	31.26833	0.07643969	0.00	0.05282898	-14.14001	10.00	-14.14001
-3.613096	10.00	31.29405	0.037209	0.00	0.02571588	-14.14001	10.00	-14.14001
-3.577421	10.00	31.3187	0.03567457	0.00	0.0246554	-14.14001	10.00	-14.14001
-3.50023	10.00	31.37205	0.07719133	0.00	0.05334845	-14.14001	10.00	-14.14001
-3.461407	10.00	31.39888	0.03882251	0.00	0.026831	-14.14001	10.00	-14.14001
-3.389271	10.00	31.44874	0.07213593	0.00	0.04985457	-14.14001	10.00	-14.14001
-3.3538	10.00	31.47325	0.03547088	0.00	0.02451463	-14.14001	10.00	-14.14001
-3.277439	10.00	31.52603	0.07636141	0.00	0.05277488	-14.14001	10.00	-14.14001
-3.241869	10.00	31.55061	0.03556994	0.00	0.02458308	-14.14001	10.00	-14.14001
-3.16467	10.00	31.60396	0.07719852	0.00	0.05335342	-14.14001	10.00	-14.14001
-3.1105	10.00	31.6414	0.05417004	0.00	0.03743798	-14.14001	10.00	-14.14001
-3.054644	10.00	31.68	0.05585624	0.00	0.03860335	-14.14001	10.00	-14.14001
24.34792
