-0.1060706	10.00	-50	-0.1060706	0.00	0	-28.27995	10.00	28.27996
-0.8680827	10.00	-50	-0.7620121	0.00	0	-28.2731	10.00	28.27201
-1.201777	10.00	-50	-0.333694	0.00	0	-28.26834	10.00	28.26618
-1.333335	10.00	-50	-0.1315581	0.00	0	-28.26204	10.00	28.25852
-1.48112	10.00	-50	-0.1477848	0.00	0	-28.2561	10.00	28.25142
-1.592088	10.00	-50	-0.1109685	0.00	0	-28.24562	10.00	28.24
-1.744117	10.00	-50	-0.1520287	0.00	0	-28.23519	10.00	28.2294
-1.857806	10.00	-50	-0.1136892	0.00	0	-28.21849	10.00	28.2125
-2.010048	10.00	-50	-0.1522425	0.00	0	-28.20521	10.00	28.19905
-2.108965	10.00	-50	-0.09891627	0.00	0	-28.18925	10.00	28.18355
-2.210289	10.00	-50	-0.1013242	0.00	0	-28.16558	10.00	28.1613
-2.339099	10.00	-50	-0.1288104	0.00	0	-28.13709	10.00	28.1356
-2.471906	10.00	-50	-0.1328066	0.00	0	-28.10536	10.00	28.10757
-2.603983	10.00	-50	-0.1320776	0.00	0	-28.07025	10.00	28.07764
-2.736271	10.00	-50	-0.1322871	0.00	0	-28.03213	10.00	28.04626
-2.776326	10.00	-50	-0.04005565	0.00	0	-27.99236	10.00	28.01351
-2.779235	10.00	-50	-0.002908638	0.00	0	-27.95059	10.00	27.97907
-2.779235	10.00	-50	0	0.00	0	-27.90933	10.00	27.94467
-2.779235	10.00	-50	0	0.00	0	-27.86237	10.00	27.90487
-2.779235	10.00	-50	0	0.00	0	-27.82223	10.00	27.86965
-2.779235	10.00	-50	0	0.00	0	-27.77735	10.00	27.83009
-2.779235	10.00	-50	0	0.00	0	-27.7302	10.00	27.78841
-2.779235	10.00	-50	0	0.00	0	-27.68889	10.00	27.75184
-2.779235	10.00	-50	0	0.00	0	-27.6331	10.00	27.7023
-2.779235	10.00	-50	0	0.00	0	-27.58963	10.00	27.66343
-2.779235	10.00	-50	0	0.00	0	-27.52992	10.00	27.60962
-2.779235	10.00	-50	0	0.00	0	-27.48631	10.00	27.57025
-2.779235	10.00	-50	0	0.00	0	-27.4233	10.00	27.51332
-2.779235	10.00	-50	0	0.00	0	-27.37689	10.00	27.47099
-2.779235	10.00	-50	0	0.00	0	-27.31125	10.00	27.41045
-2.779235	10.00	-50	0	0.00	0	-27.26267	10.00	27.36546
-2.779235	10.00	-50	0	0.00	0	-27.1967	10.00	27.30365
-2.779235	10.00	-50	0	0.00	0	-27.14713	10.00	27.25675
-2.779235	10.00	-50	0	0.00	0	-27.07916	10.00	27.19217
-2.779235	10.00	-50	0	0.00	0	-27.02855	10.00	27.14407
-2.779235	10.00	-49.99432	0	0.00	0.005674904	-26.95804	10.00	27.07661
-2.779235	10.00	-49.91522	0	0.00	0.07910765	-26.90588	10.00	27.02637
-2.779235	10.00	-49.8248	0	0.00	0.09041457	-26.83435	10.00	26.95719
-2.750814	10.00	-49.674	0.02842104	0.00	0.1508048	-26.78171	10.00	26.90602
-2.729018	10.00	-49.56298	0.02179568	0.00	0.1110209	-26.70772	10.00	26.83378
-2.698614	10.00	-49.40811	0.03040384	0.00	0.1548684	-26.65863	10.00	26.78565
-2.678595	10.00	-49.30614	0.02001902	0.00	0.1019711	-26.60447	10.00	26.73243
-2.656678	10.00	-49.1945	0.0219174	0.00	0.1116409	-26.54792	10.00	26.67657
-2.633901	10.00	-49.07848	0.02277696	0.00	0.1160193	-26.48202	10.00	26.61129
-2.607507	10.00	-48.94403	0.02639364	0.00	0.1344416	-26.41652	10.00	26.54621
-2.581455	10.00	-48.81134	0.02605182	0.00	0.1327004	-26.36668	10.00	26.49664
-2.561738	10.00	-48.7109	0.01971749	0.00	0.1004352	-26.30972	10.00	26.43987
-2.539336	10.00	-48.59679	0.02240151	0.00	0.1141068	-26.25155	10.00	26.38193
-2.516642	10.00	-48.48119	0.02269443	0.00	0.1155988	-26.18612	10.00	26.31656
-2.491211	10.00	-48.35166	0.02543097	0.00	0.129538	-26.11926	10.00	26.24946
-2.465246	10.00	-48.2194	0.02596455	0.00	0.1322559	-26.04856	10.00	26.17853
-2.437919	10.00	-48.0802	0.02732741	0.00	0.1391979	-25.98451	10.00	26.11429
-2.413251	10.00	-47.95455	0.02466812	0.00	0.1256523	-25.91675	10.00	26.04622
-2.387196	10.00	-47.82183	0.0260546	0.00	0.1327146	-25.83974	10.00	25.96874
-2.357614	10.00	-47.67115	0.0295829	0.00	0.1506868	-25.78195	10.00	25.91046
-2.335417	10.00	-47.55808	0.02219697	0.00	0.113065	-25.71432	10.00	25.84224
-2.309467	10.00	-47.4259	0.02594983	0.00	0.1321809	-25.64623	10.00	25.77341
-2.28334	10.00	-47.29282	0.02612713	0.00	0.133084	-25.57899	10.00	25.70541
-2.257569	10.00	-47.16155	0.02577057	0.00	0.1312679	-25.5106	10.00	25.63621
-2.231417	10.00	-47.02834	0.02615214	0.00	0.1332114	-25.45611	10.00	25.58104
-2.210613	10.00	-46.92237	0.02080383	0.00	0.1059687	-25.37503	10.00	25.49881
-2.179666	10.00	-46.76473	0.03094742	0.00	0.1576372	-25.32514	10.00	25.44827
-2.160643	10.00	-46.66784	0.01902272	0.00	0.09689624	-25.27313	10.00	25.39557
-2.140834	10.00	-46.56694	0.01980892	0.00	0.1009009	-25.20524	10.00	25.32684
-2.115032	10.00	-46.43551	0.02580198	0.00	0.1314278	-25.13692	10.00	25.25765
-2.089086	10.00	-46.30334	0.02594621	0.00	0.1321625	-25.06742	10.00	25.18713
-2.062657	10.00	-46.16872	0.02642921	0.00	0.1346228	-25.01858	10.00	25.13765
-2.044109	10.00	-46.07425	0.0185475	0.00	0.0944756	-24.96595	10.00	25.08443
-2.024165	10.00	-45.97266	0.01994398	0.00	0.1015889	-24.89686	10.00	25.01441
-1.997963	10.00	-45.83919	0.02620216	0.00	0.1334663	-24.82848	10.00	24.94523
-1.972053	10.00	-45.70721	0.02590981	0.00	0.1319771	-24.75917	10.00	24.87512
-1.945811	10.00	-45.57355	0.02624191	0.00	0.1336687	-24.70729	10.00	24.82261
-1.926176	10.00	-45.47353	0.01963495	0.00	0.1000148	-24.65325	10.00	24.76796
-1.905743	10.00	-45.36945	0.02043338	0.00	0.1040817	-24.58824	10.00	24.70228
-1.881183	10.00	-45.24435	0.02456001	0.00	0.1251016	-24.51947	10.00	24.63284
-1.855209	10.00	-45.11205	0.025974	0.00	0.1323041	-24.45069	10.00	24.56343
-1.829241	10.00	-44.97977	0.02596817	0.00	0.1322743	-24.39863	10.00	24.51093
-1.809595	10.00	-44.8797	0.01964551	0.00	0.1000685	-24.34462	10.00	24.45658
-1.78924	10.00	-44.77602	0.02035473	0.00	0.1036811	-24.27896	10.00	24.39043
-1.764466	10.00	-44.64983	0.02477483	0.00	0.1261958	-24.20968	10.00	24.32074
-1.738365	10.00	-44.51688	0.02610073	0.00	0.1329496	-24.14095	10.00	24.25156
-1.712459	10.00	-44.38492	0.02590591	0.00	0.1319572	-24.08652	10.00	24.19687
-1.691956	10.00	-44.28048	0.02050341	0.00	0.1044384	-24.00324	10.00	24.11317
-1.660599	10.00	-44.12076	0.03135706	0.00	0.1597238	-23.95136	10.00	24.06097
-1.641053	10.00	-44.0212	0.01954518	0.00	0.09955753	-23.89828	10.00	24.00761
-1.621064	10.00	-43.91938	0.01998956	0.00	0.101821	-23.83084	10.00	23.93977
-1.595671	10.00	-43.79003	0.02539318	0.00	0.1293455	-23.76168	10.00	23.87017
-1.569641	10.00	-43.65744	0.02602986	0.00	0.1325886	-23.69239	10.00	23.80045
-1.54356	10.00	-43.5246	0.02608044	0.00	0.1328462	-23.62393	10.00	23.73153
-1.517785	10.00	-43.39331	0.0257753	0.00	0.1312919	-23.55578	10.00	23.6629
-1.492109	10.00	-43.26252	0.02567636	0.00	0.130788	-23.48674	10.00	23.59334
-1.466106	10.00	-43.13007	0.02600235	0.00	0.1324484	-23.41812	10.00	23.52414
-1.440237	10.00	-42.9983	0.02586923	0.00	0.1317704	-23.34913	10.00	23.45469
-1.414257	10.00	-42.86596	0.0259804	0.00	0.1323366	-23.28027	10.00	23.38525
-1.388283	10.00	-42.73366	0.025974	0.00	0.1323041	-23.22852	10.00	23.33311
-1.368765	10.00	-42.63424	0.01951795	0.00	0.0994188	-23.1742	10.00	23.27836
-1.34827	10.00	-42.52985	0.02049479	0.00	0.1043946	-23.10842	10.00	23.2121
-1.323461	10.00	-42.40347	0.0248093	0.00	0.1263714	-23.03941	10.00	23.14251
-1.298678	10.00	-42.27069	0.02478275	0.00	0.1327854	-22.96994	10.00	23.07265
-1.275058	10.00	-42.13721	0.02361974	0.00	0.133479	-22.90202	10.00	23.00437
-1.251975	10.00	-42.00676	0.02308269	0.00	0.130444	-22.85309	10.00	22.95511
-1.235315	10.00	-41.91261	0.01666029	0.00	0.09415002	-22.79918	10.00	22.90076
-1.216916	10.00	-41.80864	0.01839947	0.00	0.1039784	-22.73112	10.00	22.83213
-1.193678	10.00	-41.67732	0.02323724	0.00	0.1313174	-22.66218	10.00	22.76234
-1.170045	10.00	-41.54376	0.02363377	0.00	0.1335583	-22.59305	10.00	22.69244
-1.146307	10.00	-41.40961	0.02373747	0.00	0.1341443	-22.52558	10.00	22.62416
-1.123096	10.00	-41.27844	0.02321169	0.00	0.131173	-22.47655	10.00	22.57458
-1.106223	10.00	-41.18309	0.01687271	0.00	0.09535043	-22.42239	10.00	22.51965
-1.087543	10.00	-41.07753	0.01867977	0.00	0.1055624	-22.35738	10.00	22.45354
-1.065071	10.00	-40.95053	0.02247248	0.00	0.1269957	-22.28881	10.00	22.38385
-1.041375	10.00	-40.81663	0.02369514	0.00	0.1339051	-22.22193	10.00	22.31589
-1.018267	10.00	-40.68604	0.02310874	0.00	0.1305912	-22.15413	10.00	22.24717
-0.9948683	10.00	-40.55381	0.02339831	0.00	0.1322276	-22.08454	10.00	22.17686
-0.9709049	10.00	-40.41839	0.02396342	0.00	0.1354212	-22.01725	10.00	22.10866
-0.9476915	10.00	-40.28721	0.02321344	0.00	0.1311829	-21.94057	10.00	22.03112
-0.9212712	10.00	-40.1379	0.02642025	0.00	0.1493051	-21.82788	10.00	21.91719
-0.8824974	10.00	-39.91879	0.03877382	0.00	0.2191171	-21.70857	10.00	21.79691
-0.8416748	10.00	-39.68809	0.0408226	0.00	0.2306952	-21.58542	10.00	21.67239
-0.7994414	10.00	-39.44942	0.04223338	0.00	0.2386677	-21.47187	10.00	21.55754
-0.7605371	10.00	-39.22957	0.03890433	0.00	0.2198547	-21.33258	10.00	21.41642
-0.7127761	10.00	-38.95966	0.04776101	0.00	0.2699052	-21.15439	10.00	21.23589
-0.6516475	10.00	-38.61422	0.06112857	0.00	0.3454475	-21.01798	10.00	21.09756
-0.604765	10.00	-38.34927	0.04688253	0.00	0.2649408	-20.88267	10.00	20.96031
-0.5582346	10.00	-38.08632	0.04653034	0.00	0.2629505	-20.7629	10.00	20.83913
-0.5169572	10.00	-37.85306	0.0412775	0.00	0.2332658	-20.65689	10.00	20.73175
-0.4803188	10.00	-37.64601	0.03663837	0.00	0.2070494	-20.55442	10.00	20.62777
-0.4447999	10.00	-37.44529	0.03551891	0.00	0.2007231	-20.45575	10.00	20.52767
-0.4105677	10.00	-37.25183	0.03423213	0.00	0.1934513	-20.35377	10.00	20.42443
-0.3751656	10.00	-37.05177	0.03540218	0.00	0.2000635	-20.25407	10.00	20.32337
-0.3404625	10.00	-36.85566	0.03470306	0.00	0.1961126	-20.15435	10.00	20.22218
-0.305687	10.00	-36.65913	0.03477545	0.00	0.1965217	-20.0548	10.00	20.12101
-0.2709294	10.00	-36.46272	0.03475767	0.00	0.1964212	-19.95684	10.00	20.02153
-0.2367128	10.00	-36.26935	0.0342166	0.00	0.1933636	-19.85642	10.00	19.91966
-0.2015761	10.00	-36.07079	0.03513666	0.00	0.198563	-19.75814	10.00	19.81987
-0.1671681	10.00	-35.87634	0.03440798	0.00	0.1944451	-19.65755	10.00	19.7179
-0.1320568	10.00	-35.67792	0.03511136	0.00	0.19842	-19.55626	10.00	19.61488
-0.09667037	10.00	-35.47795	0.0353864	0.00	0.1999743	-19.45326	10.00	19.51033
-0.0608128	10.00	-35.27531	0.03585758	0.00	0.202637	-19.3511	10.00	19.40646
-0.02525756	10.00	-35.07438	0.03555524	0.00	0.2009284	-19.24735	10.00	19.30094
0.01089109	10.00	-34.8701	0.03614865	0.00	0.2042819	-19.1406	10.00	19.19248
0.04807077	10.00	-34.65999	0.03717968	0.00	0.2101084	-19.03087	10.00	19.08117
0.086287	10.00	-34.44403	0.03821622	0.00	0.2159661	-18.93349	10.00	18.98236
0.1201431	10.00	-34.2527	0.03385614	0.00	0.1913265	-18.82352	10.00	18.87084
0.1583498	10.00	-34.03679	0.0382067	0.00	0.2159123	-18.71077	10.00	18.75643
0.1975783	10.00	-33.8151	0.03922847	0.00	0.2216864	-18.61569	10.00	18.65963
0.2307651	10.00	-33.62756	0.03318682	0.00	0.1875441	-18.52544	10.00	18.56771
0.262333	10.00	-33.44916	0.03156789	0.00	0.1783953	-18.44002	10.00	18.48056
0.2923155	10.00	-33.27972	0.02998252	0.00	0.1694361	-18.35646	10.00	18.3952
0.3217119	10.00	-33.1136	0.02939636	0.00	0.1661236	-18.26888	10.00	18.3057
0.3524709	10.00	-32.93978	0.03075904	0.00	0.1738244	-18.18192	10.00	18.21703
0.3830401	10.00	-32.76702	0.03056917	0.00	0.1727514	-18.09216	10.00	18.12562
0.414599	10.00	-32.58868	0.03155887	0.00	0.1783443	-18.00927	10.00	18.0414
0.4437992	10.00	-32.42367	0.02920023	0.00	0.1650152	-17.91991	10.00	17.95078
0.475195	10.00	-32.24624	0.0313958	0.00	0.1774227	-17.83332	10.00	17.86288
0.5055795	10.00	-32.07454	0.03038456	0.00	0.1717081	-17.74888	10.00	17.77727
0.5351332	10.00	-31.90752	0.02955367	0.00	0.1670126	-17.65972	10.00	17.68671
0.5663562	10.00	-31.73108	0.03122296	0.00	0.176446	-17.57575	10.00	17.60135
0.59569	10.00	-31.56531	0.02933374	0.00	0.1657697	-17.48801	10.00	17.51211
0.6263743	10.00	-31.3919	0.0306844	0.00	0.1734025	-17.40123	10.00	17.42383
0.656701	10.00	-31.22052	0.03032669	0.00	0.1713811	-17.31467	10.00	17.33594
0.6868609	10.00	-31.05009	0.03015986	0.00	0.1704383	-17.22221	10.00	17.24227
0.7189871	10.00	-30.86854	0.03212624	0.00	0.1815506	-17.1358	10.00	17.15469
0.7490162	10.00	-30.69884	0.03002911	0.00	0.1696994	-17.03181	10.00	17.04912
0.7852182	10.00	-30.49425	0.03620201	0.00	0.2045834	-16.93539	10.00	16.95101
0.8189316	10.00	-30.30373	0.03371336	0.00	0.1905197	-16.84681	10.00	16.86076
0.8500659	10.00	-30.12779	0.03113429	0.00	0.1759449	-16.75628	10.00	16.76871
0.8818958	10.00	-29.94791	0.0318299	0.00	0.1798759	-16.66952	10.00	16.68021
0.9125113	10.00	-29.7749	0.03061551	0.00	0.1730132	-16.58323	10.00	16.59199
0.9430364	10.00	-29.6024	0.03052508	0.00	0.1725022	-16.4781	10.00	16.48418
0.9804317	10.00	-29.39107	0.03739536	0.00	0.2113272	-16.38297	10.00	16.38662
1.014371	10.00	-29.19928	0.03393881	0.00	0.1917937	-16.28345	10.00	16.28475
1.049974	10.00	-28.99808	0.03560308	0.00	0.2011988	-16.20273	10.00	16.20218
1.078856	10.00	-28.83486	0.0288821	0.00	0.1632174	-16.13046	10.00	16.1285
1.104645	10.00	-28.68912	0.02578976	0.00	0.1457421	-16.05146	10.00	16.04762
1.13287	10.00	-28.52962	0.02822481	0.00	0.159503	-15.97424	10.00	15.96901
1.160281	10.00	-28.37471	0.02741045	0.00	0.1549009	-15.89795	10.00	15.89081
1.187433	10.00	-28.22127	0.02715194	0.00	0.15344	-15.81583	10.00	15.80689
1.216514	10.00	-28.05693	0.02908099	0.00	0.1643414	-15.7372	10.00	15.72636
1.244522	10.00	-27.89865	0.02800788	0.00	0.1582771	-15.65873	10.00	15.6461
1.272432	10.00	-27.74093	0.02791019	0.00	0.157725	-15.57956	10.00	15.56501
1.300642	10.00	-27.58151	0.02821078	0.00	0.1594237	-15.50067	10.00	15.48389
1.328856	10.00	-27.42207	0.02821379	0.00	0.1594407	-15.42056	10.00	15.40163
1.357496	10.00	-27.26022	0.02863962	0.00	0.1618472	-15.34461	10.00	15.32369
1.384749	10.00	-27.10621	0.02725314	0.00	0.1540119	-15.27294	10.00	15.25057
1.410411	10.00	-26.96119	0.02566176	0.00	0.1450188	-15.19506	10.00	15.17129
1.438269	10.00	-26.80376	0.02785783	0.00	0.1574291	-15.11812	10.00	15.09295
1.465803	10.00	-26.64816	0.02753445	0.00	0.1556016	-15.03993	10.00	15.01317
1.493688	10.00	-26.49058	0.02788439	0.00	0.1575792	-14.96042	10.00	14.93215
1.522041	10.00	-26.33035	0.02835381	0.00	0.160232	-14.86659	10.00	14.83631
1.55546	10.00	-26.14149	0.03341853	0.00	0.1888535	-14.79219	10.00	14.76
1.582032	10.00	-25.99133	0.0265723	0.00	0.1501644	-14.71916	10.00	14.68543
1.608077	10.00	-25.84415	0.02604451	0.00	0.1471818	-14.64028	10.00	14.60509
1.636083	10.00	-25.68588	0.02800638	0.00	0.1582686	-14.56488	10.00	14.52849
1.662787	10.00	-25.53497	0.02670406	0.00	0.150909	-14.48782	10.00	14.44999
1.690147	10.00	-25.38036	0.0273596	0.00	0.1546136	-14.40719	10.00	14.36829
1.718669	10.00	-25.21917	0.02852239	0.00	0.1611847	-14.32992	10.00	14.28982
1.745995	10.00	-25.06475	0.02732554	0.00	0.154421	-14.25002	10.00	14.20878
1.774167	10.00	-24.90554	0.02817245	0.00	0.1592071	-14.16075	10.00	14.11838
1.805508	10.00	-24.72843	0.03134144	0.00	0.1771156	-14.07076	10.00	14.02732
1.837115	10.00	-24.54981	0.03160646	0.00	0.1786132	-13.98145	10.00	13.93706
1.86842	10.00	-24.37291	0.03130462	0.00	0.1769075	-13.90523	10.00	13.85992
1.895125	10.00	-24.22199	0.02670506	0.00	0.1509147	-13.82666	10.00	13.78054
1.922574	10.00	-24.06687	0.02744903	0.00	0.1551189	-13.74868	10.00	13.70173
1.949834	10.00	-23.91282	0.02726016	0.00	0.1540516	-13.67417	10.00	13.62673
1.975727	10.00	-23.76649	0.02589347	0.00	0.1463282	-13.595	10.00	13.54688
2.003278	10.00	-23.6108	0.02755073	0.00	0.1556937	-13.51687	10.00	13.4682
2.030344	10.00	-23.45785	0.02706552	0.00	0.1529517	-13.43688	10.00	13.38737
2.0581	10.00	-23.30099	0.02775588	0.00	0.156853	-13.35832	10.00	13.30831
2.085235	10.00	-23.14764	0.02713591	0.00	0.1533494	-13.2774	10.00	13.22675
2.11316	10.00	-22.98984	0.02792447	0.00	0.1578057	-13.19606	10.00	13.1445
2.141281	10.00	-22.83092	0.02812085	0.00	0.1589155	-13.11545	10.00	13.06304
2.169145	10.00	-22.67346	0.02786435	0.00	0.1574659	-13.03617	10.00	12.98277
2.196535	10.00	-22.51867	0.02739041	0.00	0.1547877	-12.95467	10.00	12.90026
2.224742	10.00	-22.35927	0.02820652	0.00	0.1593996	-12.87684	10.00	12.82172
2.251697	10.00	-22.20694	0.02695531	0.00	0.1523288	-12.78653	10.00	12.73055
2.283118	10.00	-22.02938	0.03142085	0.00	0.1775643	-12.71031	10.00	12.65347
2.309812	10.00	-21.87852	0.02669429	0.00	0.1508538	-12.63063	10.00	12.57262
2.337898	10.00	-21.7198	0.02808603	0.00	0.1587187	-12.55064	10.00	12.49161
2.366095	10.00	-21.56046	0.02819675	0.00	0.1593444	-12.47218	10.00	12.41213
2.393815	10.00	-21.40381	0.02771931	0.00	0.1566463	-12.39505	10.00	12.33383
2.42115	10.00	-21.24933	0.02733581	0.00	0.1544791	-12.31509	10.00	12.25241
2.449563	10.00	-21.08877	0.02841217	0.00	0.1605618	-12.23721	10.00	12.17314
2.477217	10.00	-20.93249	0.02765443	0.00	0.1562797	-12.15897	10.00	12.09368
2.505045	10.00	-20.77523	0.02782853	0.00	0.1572635	-12.08243	10.00	12.01589
2.532267	10.00	-20.6214	0.02722183	0.00	0.153835	-12.00558	10.00	11.93782
2.559623	10.00	-20.4668	0.02735584	0.00	0.1545923	-11.91847	10.00	11.84906
2.590739	10.00	-20.29096	0.03111625	0.00	0.175843	-11.83218	10.00	11.76119
2.621497	10.00	-20.11715	0.03075729	0.00	0.1738144	-11.74532	10.00	11.67274
2.652456	10.00	-19.94219	0.03095919	0.00	0.1749554	-11.66283	10.00	11.58879
2.681924	10.00	-19.77566	0.02946801	0.00	0.1665285	-11.58257	10.00	11.50712
2.71059	10.00	-19.61367	0.02866567	0.00	0.1619944	-11.50927	10.00	11.43239
2.736849	10.00	-19.46527	0.02625944	0.00	0.1483963	-11.42898	10.00	11.35049
2.765542	10.00	-19.30313	0.02869248	0.00	0.1621458	-11.35154	10.00	11.272
2.792987	10.00	-19.14803	0.02744552	0.00	0.1550991	-11.27376	10.00	11.19331
2.818928	10.00	-18.99294	0.02594111	0.00	0.1550835	-11.19875	10.00	11.11774
2.843739	10.00	-18.84461	0.02481117	0.00	0.1483284	-11.11888	10.00	11.0372
2.870071	10.00	-18.68719	0.02633205	0.00	0.1574207	-11.04037	10.00	10.95779
2.895956	10.00	-18.53245	0.02588452	0.00	0.1547452	-10.96194	10.00	10.87852
2.921805	10.00	-18.37791	0.02584924	0.00	0.1545343	-10.88081	10.00	10.79641
2.948565	10.00	-18.21794	0.02675945	0.00	0.1599758	-10.8004	10.00	10.71508
2.975022	10.00	-18.05977	0.02645754	0.00	0.1581709	-10.6991	10.00	10.61276
3.008337	10.00	-17.8606	0.03331535	0.00	0.1991688	-10.62331	10.00	10.53645
3.033286	10.00	-17.71145	0.02494827	0.00	0.149148	-10.5448	10.00	10.45734
3.059205	10.00	-17.5565	0.02591933	0.00	0.1549533	-10.46898	10.00	10.38075
3.084342	10.00	-17.40622	0.02513698	0.00	0.1502762	-10.38976	10.00	10.30093
3.110602	10.00	-17.24923	0.02626006	0.00	0.1569903	-10.31223	10.00	10.22278
3.136366	10.00	-17.09521	0.02576376	0.00	0.1540233	-10.23414	10.00	10.14415
3.162318	10.00	-16.94006	0.02595177	0.00	0.1551472	-10.15472	10.00	10.06409
3.188809	10.00	-16.78169	0.0264914	0.00	0.1583733	-10.07866	10.00	9.987513
3.214222	10.00	-16.62976	0.02541355	0.00	0.1519296	-10.0029	10.00	9.911161
3.239614	10.00	-16.47796	0.02539106	0.00	0.1517951	-9.924443	10.00	9.832502
3.265829	10.00	-16.32124	0.02621578	0.00	0.1567256	-9.847151	10.00	9.754814
3.291703	10.00	-16.16656	0.02587315	0.00	0.1546773	-9.769148	10.00	9.676515
3.317818	10.00	-16.01043	0.02611562	0.00	0.1561268	-9.69013	10.00	9.597006
3.344234	10.00	-15.85251	0.0264161	0.00	0.1579232	-9.602784	10.00	9.509009
3.373458	10.00	-15.6778	0.02922392	0.00	0.1747091	-9.517744	10.00	9.423482
3.401828	10.00	-15.5082	0.02836936	0.00	0.1696003	-9.430422	10.00	9.335894
3.430938	10.00	-15.33417	0.02911002	0.00	0.1740282	-9.352209	10.00	9.257501
3.456991	10.00	-15.17841	0.02605382	0.00	0.1557574	-9.275089	10.00	9.180203
3.482713	10.00	-15.02464	0.02572114	0.00	0.1537685	-9.200611	10.00	9.105544
3.507561	10.00	-14.87609	0.02484905	0.00	0.1485549	-9.12361	10.00	9.02836
3.533288	10.00	-14.72229	0.02572611	0.00	0.1537982	-9.043946	10.00	8.948621
3.559882	10.00	-14.5633	0.02659417	0.00	0.1589877	-8.968923	10.00	8.873241
3.584961	10.00	-14.41337	0.02507968	0.00	0.1499337	-8.896014	10.00	8.800207
3.609241	10.00	-14.26822	0.02428006	0.00	0.1451533	-8.817329	10.00	8.721242
3.63545	10.00	-14.11153	0.02620868	0.00	0.1566831	-8.739631	10.00	8.643216
3.661329	10.00	-13.95683	0.02587836	0.00	0.1547084	-8.64852	10.00	8.551336
3.691686	10.00	-13.77534	0.03035789	0.00	0.1814883	-8.565536	10.00	8.467597
3.719273	10.00	-13.61042	0.02758678	0.00	0.1649218	-8.488713	10.00	8.390101
3.743388	10.00	-13.45739	0.02411443	0.00	0.153021	-8.40965	10.00	8.310344
3.765201	10.00	-13.29958	0.02181319	0.00	0.1578113	-8.338493	10.00	8.238834
3.784885	10.00	-13.15717	0.01968435	0.00	0.1424099	-8.260262	10.00	8.160289
3.806509	10.00	-13.00074	0.0216232	0.00	0.1564368	-8.182105	10.00	8.081691
3.828165	10.00	-12.84406	0.02165646	0.00	0.1566775	-8.103916	10.00	8.003228
3.849845	10.00	-12.68721	0.02168014	0.00	0.1568488	-8.024653	10.00	7.923398
3.871916	10.00	-12.52754	0.02207069	0.00	0.1596742	-7.94768	10.00	7.845747
3.893415	10.00	-12.37199	0.02149973	0.00	0.1555436	-7.874429	10.00	7.771868
3.913862	10.00	-12.22407	0.02044608	0.00	0.1479207	-7.795141	10.00	7.691897
3.935986	10.00	-12.06401	0.0221243	0.00	0.1600621	-7.715111	10.00	7.611168
3.958264	10.00	-11.90283	0.02227829	0.00	0.1611762	-7.636416	10.00	7.531741
3.980168	10.00	-11.74437	0.02190339	0.00	0.1584639	-7.560564	10.00	7.455075
4.001317	10.00	-11.59136	0.02114949	0.00	0.1530097	-7.481585	10.00	7.375385
4.023325	10.00	-11.43214	0.02200827	0.00	0.1592227	-7.40078	10.00	7.29386
4.047409	10.00	-11.26931	0.02408328	0.00	0.1628281	-7.302986	10.00	7.194983
4.084294	10.00	-11.07168	0.03688548	0.00	0.1976315	-7.21679	10.00	7.107713
4.12349	10.00	-10.89776	0.03919603	0.00	0.1739192	-7.125139	10.00	7.014937
4.175733	10.00	-10.71346	0.05224236	0.00	0.1842982	-7.053278	10.00	6.942279
4.219242	10.00	-10.56979	0.04350954	0.00	0.1436754	-6.982544	10.00	6.870905
4.264634	10.00	-10.43163	0.0453916	0.00	0.1381528	-6.907761	10.00	6.79528
4.315275	10.00	-10.29485	0.05064137	0.00	0.1367783	-6.835698	10.00	6.722757
4.369312	10.00	-10.1789	0.05403722	0.00	0.1159513	-6.762507	10.00	6.649205
4.428253	10.00	-10.06977	0.05894072	0.00	0.1091327	-6.692875	10.00	6.579114
4.485702	10.00	-9.972495	0.0574492	0.00	0.09727532	-6.618434	10.00	6.50418
4.547173	10.00	-9.86841	0.06147086	0.00	0.104085	-6.532263	10.00	6.417526
4.618256	10.00	-9.74805	0.0710825	0.00	0.1203598	-6.461217	10.00	6.345982
4.676951	10.00	-9.648664	0.05869544	0.00	0.09938551	-6.389435	10.00	6.27364
4.736135	10.00	-9.54845	0.0591848	0.00	0.1002141	-6.318562	10.00	6.20206
4.794528	10.00	-9.449578	0.05839233	0.00	0.09887228	-6.247935	10.00	6.130836
4.852501	10.00	-9.351415	0.05797356	0.00	0.09816319	-6.167785	10.00	6.049977
4.924291	10.00	-9.244699	0.07178912	0.00	0.1067156	-6.094352	10.00	5.976025
4.994048	10.00	-9.149967	0.06975683	0.00	0.09473192	-6.020257	10.00	5.90151
5.068655	10.00	-9.055754	0.07460795	0.00	0.09421398	-5.949282	10.00	5.83
5.148261	10.00	-8.973462	0.07960547	0.00	0.08229143	-5.881116	10.00	5.761272
5.226149	10.00	-8.895575	0.07788744	0.00	0.07788744	-5.807215	10.00	5.686714
5.309318	10.00	-8.822227	0.0831698	0.00	0.07334797	-5.728406	10.00	5.607258
5.398136	10.00	-8.75139	0.0888173	0.00	0.07083657	-5.658271	10.00	5.536543
5.477271	10.00	-8.692281	0.07913505	0.00	0.0591093	-5.584897	10.00	5.4625
5.565499	10.00	-8.643094	0.08822892	0.00	0.04918649	-5.512799	10.00	5.389746
5.652407	10.00	-8.597391	0.08690716	0.00	0.04570265	-5.441434	10.00	5.317693
5.737296	10.00	-8.552033	0.0848892	0.00	0.0453583	-5.371675	10.00	5.247532
5.820508	10.00	-8.50757	0.08321274	0.00	0.04446253	-5.293927	10.00	5.168975
5.915316	10.00	-8.460711	0.0948074	0.00	0.04686055	-5.22259	10.00	5.096778
6.002599	10.00	-8.423086	0.08728269	0.00	0.03762363	-5.153677	10.00	5.027067
6.087252	10.00	-8.386597	0.08465303	0.00	0.0364901	-5.077839	10.00	4.950072
6.180809	10.00	-8.346269	0.09355675	0.00	0.0403281	-4.99451	10.00	4.865234
6.283723	10.00	-8.301907	0.1029149	0.00	0.04436199	-4.918657	10.00	4.788315
6.377278	10.00	-8.261579	0.09355502	0.00	0.04032735	-4.837842	10.00	4.706566
6.477001	10.00	-8.218593	0.0997224	0.00	0.04298583	-4.767651	10.00	4.635584
6.563523	10.00	-8.181297	0.08652207	0.00	0.03729576	-4.699694	10.00	4.566963
6.647181	10.00	-8.145236	0.08365823	0.00	0.03606129	-4.629344	10.00	4.496063
6.733312	10.00	-8.108109	0.08613092	0.00	0.03712716	-4.556156	10.00	4.422437
6.820962	10.00	-8.06972	0.08765058	0.00	0.03838891	-4.481597	10.00	4.34745
6.910039	10.00	-8.030706	0.08907694	0.00	0.03901362	-4.398892	10.00	4.264407
7.008378	10.00	-7.987637	0.09833845	0.00	0.04306995	-4.334428	10.00	4.199509
7.084955	10.00	-7.954097	0.07657689	0.00	0.03353889	-4.26208	10.00	4.12673
7.170516	10.00	-7.916624	0.08556183	0.00	0.03747409	-4.192864	10.00	4.056903
7.252362	10.00	-7.880777	0.08184528	0.00	0.03584633	-4.122895	10.00	3.986335
7.334987	10.00	-7.844589	0.08262461	0.00	0.03618765	-4.048765	10.00	3.911629
7.422404	10.00	-7.806303	0.08741755	0.00	0.03828685	-3.978449	10.00	3.840639
7.505357	10.00	-7.769971	0.08295324	0.00	0.03633159	-3.908989	10.00	3.770526
7.587226	10.00	-7.734114	0.08186918	0.00	0.03585679	-3.828483	10.00	3.689445
7.681866	10.00	-7.689625	0.09463897	0.00	0.04448906	-3.75695	10.00	3.617521
7.76579	10.00	-7.650173	0.08392379	0.00	0.03945193	-3.685631	10.00	3.545874
7.849258	10.00	-7.610935	0.08346882	0.00	0.03923805	-3.612337	10.00	3.472397
7.934851	10.00	-7.56795	0.08559256	0.00	0.04298526	-3.540069	10.00	3.400006
8.019016	10.00	-7.52433	0.08416535	0.00	0.04362002	-3.469071	10.00	3.328952
8.101736	10.00	-7.481459	0.08272021	0.00	0.04287105	-3.401828	10.00	3.261659
8.180089	10.00	-7.440851	0.07835322	0.00	0.04060779	-3.332552	10.00	3.192196
8.260822	10.00	-7.39901	0.08073305	0.00	0.04184117	-3.259257	10.00	3.118755
8.346061	10.00	-7.354834	0.08523832	0.00	0.0441761	-3.179283	10.00	3.038649
8.439093	10.00	-7.306619	0.09303164	0.00	0.04821512	-3.10955	10.00	2.968653
8.520311	10.00	-7.264526	0.08121874	0.00	0.04209289	-3.041149	10.00	2.899954
8.600027	10.00	-7.218091	0.07971556	0.00	0.04643407	-2.968507	10.00	2.826786
8.684789	10.00	-7.168718	0.08476202	0.00	0.04937362	-2.89943	10.00	2.757222
8.765337	10.00	-7.121799	0.08054867	0.00	0.04691936	-2.825052	10.00	2.682335
8.851889	10.00	-7.071383	0.08655115	0.00	0.05041578	-2.745111	10.00	2.601717
8.944989	10.00	-7.017152	0.09310079	0.00	0.05423093	-2.659206	10.00	2.51495
9.045305	10.00	-6.958718	0.1003162	0.00	0.0584339	-2.577939	10.00	2.432976
9.140199	10.00	-6.903443	0.09489334	0.00	0.05527508	-2.500921	10.00	2.355293
9.230138	10.00	-6.851054	0.08993907	0.00	0.05238924	-2.427677	10.00	2.281403
9.316014	10.00	-6.801031	0.08587596	0.00	0.05002249	-2.356191	10.00	2.209218
9.400025	10.00	-6.752095	0.08401171	0.00	0.04893657	-2.272598	10.00	2.124943
9.498272	10.00	-6.694867	0.09824626	0.00	0.05722815	-2.20029	10.00	2.052244
9.582996	10.00	-6.645515	0.08472446	0.00	0.04935174	-2.121814	10.00	1.97334
9.674917	10.00	-6.591971	0.09192112	0.00	0.05354378	-2.05132	10.00	1.902456
9.757378	10.00	-6.543938	0.08245987	0.00	0.04803263	-1.977076	10.00	1.827994
9.844085	10.00	-6.493432	0.08670735	0.00	0.05050677	-1.906261	10.00	1.756817
9.92691	10.00	-6.445186	0.08282606	0.00	0.04824593	-1.832908	10.00	1.683044
10.01271	10.00	-6.395208	0.08579828	0.00	0.04997724	-1.76107	10.00	1.610795
10.09672	10.00	-6.346271	0.08401342	0.00	0.04893756	-1.693234	10.00	1.542605
10.17604	10.00	-6.300068	0.07931779	0.00	0.04620237	-1.621807	10.00	1.470751
10.25969	10.00	-6.251341	0.08365234	0.00	0.04872723	-1.547764	10.00	1.396442
10.34645	10.00	-6.200803	0.08676113	0.00	0.0505381	-1.472554	10.00	1.321154
10.43429	10.00	-6.149637	0.08784009	0.00	0.05116659	-1.399684	10.00	1.248206
10.51961	10.00	-6.09994	0.08531685	0.00	0.04969681	-1.326521	10.00	1.174674
10.60583	10.00	-6.045562	0.08622252	0.00	0.05437799	-1.252865	10.00	1.100713
10.69277	10.00	-5.990732	0.08693869	0.00	0.05482966	-1.179035	10.00	1.02649
10.77993	10.00	-5.935766	0.08715549	0.00	0.05496639	-1.103319	10.00	0.9504152
10.86903	10.00	-5.879571	0.08910254	0.00	0.05619434	-1.0267	10.00	0.8735964
10.95877	10.00	-5.822975	0.08974019	0.00	0.05659648	-0.9557537	10.00	0.8023655
11.04164	10.00	-5.77071	0.0828713	0.00	0.05226448	-0.8852986	10.00	0.7315546
11.1239	10.00	-5.71883	0.08226269	0.00	0.05188064	-0.8119088	10.00	0.6575673
11.20979	10.00	-5.664663	0.08588706	0.00	0.05416643	-0.7414398	10.00	0.5863228
11.29227	10.00	-5.612647	0.08247865	0.00	0.05201684	-0.6710624	10.00	0.5151306
11.37481	10.00	-5.560594	0.08253583	0.00	0.05205291	-0.5918002	10.00	0.4347286
11.46809	10.00	-5.501762	0.09328431	0.00	0.05883165	-0.518014	10.00	0.3600658
11.55493	10.00	-5.446991	0.08684479	0.00	0.05477044	-0.4429325	10.00	0.2844547
11.6431	10.00	-5.391391	0.08816018	0.00	0.05560002	-0.3623865	10.00	0.2033031
11.73758	10.00	-5.3318	0.09448959	0.00	0.05959179	-0.2813083	10.00	0.1215995
11.83285	10.00	-5.271716	0.09526978	0.00	0.06008383	-0.1984365	10.00	0.03809701
11.93013	10.00	-5.21037	0.09727146	0.00	0.06134623	-0.1165365	10.00	-0.04431193
12.02605	10.00	-5.149871	0.09592704	0.00	0.06049835	-0.04906593	10.00	-0.1121385
12.10503	10.00	-5.100065	0.07897294	0.00	0.04980589	0.01999611	10.00	-0.1815034
12.18572	10.00	-5.049171	0.0806989	0.00	0.05089441	0.08757476	10.00	-0.2493413
12.26455	10.00	-4.99946	0.07882269	0.00	0.04971114	0.1566172	10.00	-0.3185723
12.345	10.00	-4.94872	0.08045392	0.00	0.05073991	0.2240381	10.00	-0.3862491
12.42371	10.00	-4.899082	0.07870661	0.00	0.04963793	0.2932142	10.00	-0.4555775
12.50433	10.00	-4.848233	0.08062634	0.00	0.05084865	0.3600081	10.00	-0.5225342
12.5822	10.00	-4.799124	0.07786838	0.00	0.04910928	0.4296564	10.00	-0.5924957
12.66354	10.00	-4.747828	0.08133569	0.00	0.05129601	0.4976856	10.00	-0.6608711
12.7418	10.00	-4.697668	0.07825828	0.00	0.05016065	0.5664927	10.00	-0.7299359
12.82089	10.00	-4.64697	0.07909565	0.00	0.05069738	0.6340618	10.00	-0.7977571
12.8986	10.00	-4.597165	0.07770396	0.00	0.04980535	0.7020715	10.00	-0.8660457
12.97682	10.00	-4.547026	0.07822385	0.00	0.05013858	0.7700917	10.00	-0.9344763
13.05519	10.00	-4.496793	0.07837083	0.00	0.05023279	0.8388098	10.00	-1.003589
13.13439	10.00	-4.446026	0.079204	0.00	0.05076683	0.9061888	10.00	-1.071355
13.21205	10.00	-4.392448	0.07765861	0.00	0.05357842	0.9746605	10.00	-1.140262
13.29096	10.00	-4.33801	0.07890416	0.00	0.05443776	1.042622	10.00	-1.208494
13.3692	10.00	-4.284027	0.07824568	0.00	0.05398346	1.109679	10.00	-1.275769
13.44628	10.00	-4.230848	0.07707991	0.00	0.05317917	1.178063	10.00	-1.344445
13.52495	10.00	-4.176575	0.07866479	0.00	0.05427261	1.247119	10.00	-1.413719
13.60437	10.00	-4.121783	0.07941817	0.00	0.05479238	1.314494	10.00	-1.481363
13.68181	10.00	-4.068353	0.07744359	0.00	0.05343008	1.382641	10.00	-1.549703
13.7601	10.00	-4.014336	0.0782944	0.00	0.05401707	1.451706	10.00	-1.618903
13.83945	10.00	-3.957004	0.0793451	0.00	0.05733177	1.520256	10.00	-1.687466
13.91806	10.00	-3.891218	0.07861523	0.00	0.06578533	1.587973	10.00	-1.755117
13.99578	10.00	-3.822382	0.07771488	0.00	0.0688368	1.657351	10.00	-1.824533
14.07548	10.00	-3.749189	0.07969617	0.00	0.07319301	1.725215	10.00	-1.892517
14.15351	10.00	-3.677524	0.07803236	0.00	0.07166497	1.794085	10.00	-1.961383
14.23254	10.00	-3.604942	0.07903098	0.00	0.0725821	1.869864	10.00	-2.037392
14.31963	10.00	-3.522116	0.08708972	0.00	0.08282584	1.95141	10.00	-2.119344
14.41368	10.00	-3.431135	0.09405071	0.00	0.09098092	2.050326	10.00	-2.218905
14.52774	10.00	-3.320798	0.1140594	0.00	0.1103365	2.117581	10.00	-2.286541
14.6055	10.00	-3.245578	0.07775856	0.00	0.07522054	2.182362	10.00	-2.351616
14.68032	10.00	-3.173194	0.07482566	0.00	0.07238337	2.246391	10.00	-2.416119
14.75439	10.00	-3.101541	0.07407144	0.00	0.07165378	2.308937	10.00	-2.479137
14.8267	10.00	-3.02806	0.07230096	0.00	0.0734809	2.37118	10.00	-2.542097
14.89888	10.00	-2.952336	0.07218925	0.00	0.07572361	2.438242	10.00	-2.610107
14.97664	10.00	-2.865699	0.07775436	0.00	0.08663694	2.506513	10.00	-2.679363
15.05583	10.00	-2.776171	0.07918888	0.00	0.0895277	2.573775	10.00	-2.747396
15.13357	10.00	-2.688278	0.07774343	0.00	0.08789354	2.642278	10.00	-2.816769
15.20905	10.00	-2.595958	0.07548117	0.00	0.09231952	2.708602	10.00	-2.883721
15.26562	10.00	-2.484412	0.05656946	0.00	0.1115458	2.778074	10.00	-2.953788
15.31834	10.00	-2.355771	0.05271967	0.00	0.1286412	2.84531	10.00	-3.021389
15.36556	10.00	-2.224948	0.04721802	0.00	0.1308234	2.914245	10.00	-3.090549
15.40864	10.00	-2.091251	0.04307691	0.00	0.133697	2.981504	10.00	-3.158059
15.44562	10.00	-1.960767	0.03698774	0.00	0.1304836	3.049569	10.00	-3.22623
15.4818	10.00	-1.828643	0.03617346	0.00	0.1321243	3.117727	10.00	-3.294536
15.50779	10.00	-1.696248	0.02599179	0.00	0.1323947	3.186542	10.00	-3.363262
15.52363	10.00	-1.562962	0.01584209	0.00	0.1332865	3.254316	10.00	-3.430787
15.52907	10.00	-1.431626	0.005436559	0.00	0.1313358	3.323067	10.00	-3.499299
15.52907	10.00	-1.298126	0	0.00	0.1335002	3.390618	10.00	-3.566246
15.52907	10.00	-1.167508	0	0.00	0.1306181	3.460218	10.00	-3.634763
15.52907	10.00	-1.033641	0	0.00	0.1338669	3.527285	10.00	-3.700886
15.52907	10.00	-0.9048404	0	0.00	0.1288005	3.597163	10.00	-3.769759
15.52907	10.00	-0.7707257	0	0.00	0.1341146	3.66567	10.00	-3.83754
15.52907	10.00	-0.6390743	0	0.00	0.1316515	3.734038	10.00	-3.905355
15.52907	10.00	-0.5075417	0	0.00	0.1315326	3.803117	10.00	-3.973904
15.52907	10.00	-0.3742042	0	0.00	0.1333374	3.872337	10.00	-4.042484
15.52907	10.00	-0.240905	0	0.00	0.1332992	3.939818	10.00	-4.109275
15.52907	10.00	-0.1109777	0	0.00	0.1299273	4.009641	10.00	-4.17846
15.52907	10.00	0.0235488	0	0.00	0.1345265	4.077542	10.00	-4.245852
15.52907	10.00	0.1544529	0	0.00	0.1309041	4.157696	10.00	-4.324891
15.52907	10.00	0.3082935	0	0.00	0.1538407	4.247113	10.00	-4.41321
15.52907	10.00	0.4800908	0	0.00	0.1717972	4.326447	10.00	-4.491622
15.52907	10.00	0.6323771	0	0.00	0.1522864	4.398488	10.00	-4.56279
15.52907	10.00	0.7703931	0	0.00	0.1380159	4.464558	10.00	-4.628309
15.52907	10.00	0.8971028	0	0.00	0.1267097	4.534675	10.00	-4.697601
15.52907	10.00	1.031833	0	0.00	0.1347304	4.598764	10.00	-4.761064
15.52907	10.00	1.155174	0	0.00	0.1233406	4.664576	10.00	-4.825927
15.52907	10.00	1.281344	0	0.00	0.1261704	4.730797	10.00	-4.891303
15.52907	10.00	1.408289	0	0.00	0.1269447	4.800637	10.00	-4.960083
15.52907	10.00	1.541986	0	0.00	0.133697	4.869814	10.00	-5.028283
15.52907	10.00	1.674559	0	0.00	0.132573	4.940493	10.00	-5.097882
15.52907	10.00	1.809984	0	0.00	0.1354254	5.007477	10.00	-5.163712
15.52907	10.00	1.938497	0	0.00	0.1285132	5.076752	10.00	-5.231531
15.52907	10.00	2.071165	0	0.00	0.1326679	5.146193	10.00	-5.29971
15.52907	10.00	2.204442	0	0.00	0.1332766	5.214347	10.00	-5.366645
15.52907	10.00	2.335584	0	0.00	0.1311419	5.283078	10.00	-5.434373
15.52907	10.00	2.468188	0	0.00	0.1326042	5.351192	10.00	-5.501279
15.52907	10.00	2.599333	0	0.00	0.1311447	5.419889	10.00	-5.568852
15.52907	10.00	2.731607	0	0.00	0.1322743	5.488896	10.00	-5.636628
15.52907	10.00	2.864273	0	0.00	0.1326665	5.558329	10.00	-5.704978
15.52907	10.00	2.997748	0	0.00	0.1334748	5.626682	10.00	-5.772095
15.52907	10.00	3.128724	0	0.00	0.1309763	5.696332	10.00	-5.840522
15.52907	10.00	3.262234	0	0.00	0.1335101	5.76353	10.00	-5.906419
15.52907	10.00	3.390922	0	0.00	0.1286873	5.833733	10.00	-5.975545
15.52907	10.00	3.525856	0	0.00	0.1349342	5.902025	10.00	-6.042723
15.52907	10.00	3.657105	0	0.00	0.1312495	5.970828	10.00	-6.110575
15.52907	10.00	3.78941	0	0.00	0.1323041	6.039417	10.00	-6.178305
15.52907	10.00	3.921194	0	0.00	0.1317845	6.109057	10.00	-6.247076
15.52907	10.00	4.055088	0	0.00	0.1338938	6.177082	10.00	-6.314269
15.52907	10.00	4.185938	0	0.00	0.1308503	6.245687	10.00	-6.381918
15.52907	10.00	4.317992	0	0.00	0.1320535	6.326016	10.00	-6.461237
15.52907	10.00	4.47289	0	0.00	0.1548981	6.392934	10.00	-6.527453
15.52907	10.00	4.60183	0	0.00	0.1289407	6.463706	10.00	-6.597485
15.52907	10.00	4.738256	0	0.00	0.1364262	6.537953	10.00	-6.671169
15.52907	10.00	4.881567	0	0.00	0.1433102	6.609201	10.00	-6.742332
15.52907	10.00	5.019701	0	0.00	0.1381348	6.680864	10.00	-6.813697
15.52907	10.00	5.158282	0	0.00	0.1385807	6.758718	10.00	-6.89121
15.52907	10.00	5.309078	0	0.00	0.1507957	6.827458	10.00	-6.959821
15.52907	10.00	5.442662	0	0.00	0.1335838	6.894945	10.00	-7.026914
15.52907	10.00	5.573465	0	0.00	0.1308036	6.962897	10.00	-7.094789
15.52907	10.00	5.705624	0	0.00	0.1321583	7.030958	10.00	-7.162774
15.52907	10.00	5.83783	0	0.00	0.1322064	7.099679	10.00	-7.231485
15.52907	10.00	5.971343	0	0.00	0.133513	7.167431	10.00	-7.299207
15.52907	10.00	6.102805	0	0.00	0.1314618	7.236587	10.00	-7.367672
15.52907	10.00	6.236251	0	0.00	0.1334464	7.30434	10.00	-7.434973
15.52907	10.00	6.366963	0	0.00	0.1307115	7.373517	10.00	-7.503763
15.52907	10.00	6.500575	0	0.00	0.1336121	7.440784	10.00	-7.570495
15.52907	10.00	6.630821	0	0.00	0.1302458	7.509818	10.00	-7.639003
15.52907	10.00	6.764563	0	0.00	0.1337423	7.577641	10.00	-7.706059
15.52907	10.00	6.895565	0	0.00	0.1310017	7.646806	10.00	-7.774353
15.52907	10.00	7.029006	0	0.00	0.1334408	7.714697	10.00	-7.841527
15.52907	10.00	7.160074	0	0.00	0.1310683	7.783147	10.00	-7.909499
15.52907	10.00	7.292735	0	0.00	0.1326608	7.850983	10.00	-7.97698
15.52907	10.00	7.424352	0	0.00	0.1316175	7.919309	10.00	-8.044717
15.52907	10.00	7.556633	0	0.00	0.1322814	7.986899	10.00	-8.111557
15.52907	10.00	7.6873	0	0.00	0.1306662	8.056424	10.00	-8.180042
15.52907	10.00	7.82155	0	0.00	0.1342505	8.12361	10.00	-8.24638
15.52907	10.00	7.951128	0	0.00	0.1295777	8.193153	10.00	-8.314971
15.52907	10.00	8.085275	0	0.00	0.1341472	8.262122	10.00	-8.382873
15.52907	10.00	8.217946	0	0.00	0.1326707	8.330834	10.00	-8.450927
15.52907	10.00	8.351241	0	0.00	0.133295	8.398015	10.00	-8.517561
15.52907	10.00	8.481673	0	0.00	0.1304327	8.472091	10.00	-8.590857
15.52907	10.00	8.625498	0	0.00	0.143824	8.541203	10.00	-8.659292
15.52907	10.00	8.759679	0	0.00	0.1341811	8.607879	10.00	-8.725541
15.52907	10.00	8.889279	0	0.00	0.1296003	8.673033	10.00	-8.790181
15.52907	10.00	9.015713	0	0.00	0.1264337	8.737813	10.00	-8.854788
15.52907	10.00	9.14174	0	0.00	0.1260274	8.807328	10.00	-8.92404
15.52907	10.00	9.276753	0	0.00	0.1350135	8.89111	10.00	-9.007417
15.52907	10.00	9.439351	0	0.00	0.1625974	8.97403	10.00	-9.090047
15.52907	10.00	9.600486	0	0.00	0.1611351	9.044861	10.00	-9.160396
15.52907	10.00	9.737804	0	0.00	0.137318	9.113011	10.00	-9.227672
15.52907	10.00	9.869566	0	0.00	0.1317619	9.181984	10.00	-9.295745
15.52907	10.00	10.0031	0	0.00	0.1335328	9.24956	10.00	-9.362617
15.52907	10.00	10.13432	0	0.00	0.1312226	9.31816	10.00	-9.430729
15.52907	10.00	10.26768	0	0.00	0.1333601	9.385391	10.00	-9.497483
15.52907	10.00	10.39844	0	0.00	0.1307597	9.453623	10.00	-9.565149
15.52907	10.00	10.53114	0	0.00	0.1327004	9.521282	10.00	-9.632242
15.52907	10.00	10.66266	0	0.00	0.1315184	9.590319	10.00	-9.700685
15.52907	10.00	10.79687	0	0.00	0.1342137	9.657475	10.00	-9.767151
15.52907	10.00	10.92721	0	0.00	0.1303364	9.72654	10.00	-9.835467
15.52907	10.00	11.06107	0	0.00	0.1338598	9.794068	10.00	-9.902347
15.52907	10.00	11.19242	0	0.00	0.1313514	9.864062	10.00	-9.971835
15.52907	10.00	11.32903	0	0.00	0.1366088	9.928891	10.00	-10.03624
15.52907	10.00	11.45589	0	0.00	0.1268612	9.996504	10.00	-10.10359
15.52907	10.00	11.5884	0	0.00	0.1325079	10.06382	10.00	-10.17083
15.52907	10.00	11.72044	0	0.00	0.1320422	10.13155	10.00	-10.2386
15.52907	10.00	11.85395	0	0.00	0.1335101	10.19749	10.00	-10.30453
15.52907	10.00	11.98384	0	0.00	0.1298834	10.26512	10.00	-10.37208
15.52907	10.00	12.11699	0	0.00	0.1331534	10.33235	10.00	-10.43921
15.52907	10.00	12.24911	0	0.00	0.1321172	10.39986	10.00	-10.50673
15.52907	10.00	12.38177	0	0.00	0.1326622	10.46688	10.00	-10.5739
15.52907	10.00	12.51365	0	0.00	0.1318822	10.53479	10.00	-10.64151
15.52907	10.00	12.64694	0	0.00	0.1332936	10.60426	10.00	-10.71079
15.52907	10.00	12.78348	0	0.00	0.1365395	10.67328	10.00	-10.77981
15.52907	10.00	12.91933	0	0.00	0.1358487	10.73693	10.00	-10.84367
15.52907	10.00	13.0446	0	0.00	0.1252658	10.8029	10.00	-10.91074
15.52907	10.00	13.17554	0	0.00	0.1309409	10.86894	10.00	-10.97779
15.52907	10.00	13.30701	0	0.00	0.131476	10.935	10.00	-11.04462
15.52907	10.00	13.43834	0	0.00	0.1313259	11.00158	10.00	-11.11173
15.52907	10.00	13.57045	0	0.00	0.1321059	11.06949	10.00	-11.17966
15.52907	10.00	13.70441	0	0.00	0.1339617	11.15577	10.00	-11.26558
15.52907	10.00	13.87458	0	0.00	0.1701708	11.23716	10.00	-11.34648
15.52907	10.00	14.03552	0	0.00	0.160944	11.30493	10.00	-11.41415
15.52907	10.00	14.17073	0	0.00	0.1352032	11.37039	10.00	-11.47964
15.52907	10.00	14.30209	0	0.00	0.131367	11.43391	10.00	-11.54331
15.52907	10.00	14.4297	0	0.00	0.1276044	11.49983	10.00	-11.60925
15.52907	10.00	14.56219	0	0.00	0.1324952	11.56508	10.00	-11.67482
15.52907	10.00	14.69431	0	0.00	0.1321215	11.63083	10.00	-11.7404
15.52907	10.00	14.82758	0	0.00	0.1332709	11.69558	10.00	-11.80454
15.52907	10.00	14.95887	0	0.00	0.1312848	11.75949	10.00	-11.86862
15.52907	10.00	15.08962	0	0.00	0.130754	11.82488	10.00	-11.93436
15.52907	10.00	15.22355	0	0.00	0.1339263	11.89017	10.00	-11.99889
15.52907	10.00	15.35645	0	0.00	0.1328972	11.95422	10.00	-12.06224
15.52907	10.00	15.48662	0	0.00	0.1301708	12.02054	10.00	-12.12681
15.52907	10.00	15.61993	0	0.00	0.1333148	12.08605	10.00	-12.19101
15.52907	10.00	15.75231	0	0.00	0.1323819	12.15191	10.00	-12.25538
15.52907	10.00	15.88506	0	0.00	0.1327471	12.21723	10.00	-12.31876
15.52907	10.00	16.01628	0	0.00	0.1312169	12.28386	10.00	-12.38335
15.52907	10.00	16.14982	0	0.00	0.1335455	12.34782	10.00	-12.44515
15.52907	10.00	16.27868	0	0.00	0.1288543	12.41456	10.00	-12.51048
15.52907	10.00	16.4145	0	0.00	0.1358189	12.47854	10.00	-12.57256
15.52907	10.00	16.5451	0	0.00	0.1306054	12.54361	10.00	-12.6359
15.52907	10.00	16.67865	0	0.00	0.1335441	12.60752	10.00	-12.69762
15.52907	10.00	16.8105	0	0.00	0.1318482	12.67923	10.00	-12.76512
15.52907	10.00	16.9583	0	0.00	0.1478032	12.73736	10.00	-12.82106
15.52874	10.00	17.0819	-0.0003291289	0.00	0.1236025	12.79919	10.00	-12.8809
15.52838	10.00	17.21603	-0.0003571619	0.00	0.1341302	12.85528	10.00	-12.93408
15.52805	10.00	17.33969	-0.000329291	0.00	0.1236634	12.91426	10.00	-12.98872
15.52386	10.00	17.47174	-0.004187519	0.00	0.1320507	12.96994	10.00	-13.0407
15.51354	10.00	17.60065	-0.01032876	0.00	0.1289067	13.02705	10.00	-13.09301
15.49499	10.00	17.73483	-0.01854577	0.00	0.1341726	13.0814	10.00	-13.14364
15.47546	10.00	17.86684	-0.01952566	0.00	0.1320139	13.13323	10.00	-13.1934
15.4546	10.00	17.99923	-0.02086372	0.00	0.1323933	13.18375	10.00	-13.24078
15.42869	10.00	18.13121	-0.02590981	0.00	0.1319771	13.24011	10.00	-13.29388
15.38186	10.00	18.28584	-0.04682754	0.00	0.154632	13.29387	10.00	-13.34341
15.32934	10.00	18.43963	-0.05252851	0.00	0.1537883	13.3455	10.00	-13.39031
15.26264	10.00	18.59521	-0.06669763	0.00	0.1555776	13.38636	10.00	-13.42758
15.20163	10.00	18.72572	-0.06100866	0.00	0.1305162	13.42549	10.00	-13.46352
15.13953	10.00	18.85856	-0.06209451	0.00	0.1328392	13.46235	10.00	-13.49776
15.06888	10.00	18.99058	-0.07065666	0.00	0.1320139	13.49757	10.00	-13.53075
14.98722	10.00	19.12385	-0.0816565	0.00	0.1332766	13.53041	10.00	-13.56168
14.90079	10.00	19.25459	-0.08643105	0.00	0.1307384	13.56225	10.00	-13.59223
14.80951	10.00	19.38873	-0.09127664	0.00	0.1341387	13.59187	10.00	-13.62053
14.7145	10.00	19.51908	-0.09501395	0.00	0.1303562	13.62086	10.00	-13.64823
14.61585	10.00	19.65266	-0.09865363	0.00	0.1335753	13.64815	10.00	-13.6743
14.51688	10.00	19.78324	-0.09897014	0.00	0.1305799	13.67489	10.00	-13.69956
14.4125	10.00	19.91753	-0.1043807	0.00	0.1342873	13.69883	10.00	-13.72293
14.311	10.00	20.04811	-0.1015	0.00	0.1305813	13.72151	10.00	-13.74569
14.20692	10.00	20.182	-0.104077	0.00	0.1338966	13.74255	10.00	-13.76647
14.10557	10.00	20.31239	-0.1013482	0.00	0.130386	13.76345	10.00	-13.78676
14.00189	10.00	20.44578	-0.1036808	0.00	0.133387	13.7826	10.00	-13.80502
13.89995	10.00	20.57692	-0.1019368	0.00	0.1311433	13.80066	10.00	-13.82194
13.7966	10.00	20.70989	-0.1033541	0.00	0.1329666	13.81759	10.00	-13.83807
13.69478	10.00	20.84088	-0.101818	0.00	0.1309904	13.83548	10.00	-13.85493
13.57722	10.00	20.99213	-0.1175636	0.00	0.1512473	13.85036	10.00	-13.86842
13.46985	10.00	21.13026	-0.1073713	0.00	0.1381348	13.86326	10.00	-13.87982
13.37207	10.00	21.25605	-0.09777544	0.00	0.1257896	13.87462	10.00	-13.88986
13.27905	10.00	21.37573	-0.09302316	0.00	0.1196757	13.88597	10.00	-13.90017
13.18111	10.00	21.50173	-0.09793939	0.00	0.1260005	13.89706	10.00	-13.9105
13.0782	10.00	21.63412	-0.1029117	0.00	0.1323975	13.9079	10.00	-13.92063
12.97437	10.00	21.7677	-0.103825	0.00	0.1335724	13.91761	10.00	-13.92996
12.87262	10.00	21.89861	-0.1017553	0.00	0.1309097	13.92752	10.00	-13.93886
12.76781	10.00	22.03345	-0.1048098	0.00	0.1348394	13.93662	10.00	-13.94721
12.66709	10.00	22.16302	-0.1007155	0.00	0.129572	13.94544	10.00	-13.95482
12.56544	10.00	22.2938	-0.101653	0.00	0.1307781	13.95387	10.00	-13.96186
12.46202	10.00	22.42684	-0.1034168	0.00	0.1330472	13.96194	10.00	-13.96828
12.35791	10.00	22.56078	-0.1041111	0.00	0.1339405	13.96915	10.00	-13.97408
12.25582	10.00	22.69212	-0.1020876	0.00	0.1313372	13.97734	10.00	-13.98069
12.13576	10.00	22.84658	-0.1200635	0.00	0.1544635	13.98424	10.00	-13.98624
12.02879	10.00	22.9842	-0.1069664	0.00	0.1376139	13.99074	10.00	-13.99148
11.9205	10.00	23.12352	-0.1082923	0.00	0.1393197	13.9964	10.00	-13.99585
11.82398	10.00	23.24769	-0.09651557	0.00	0.1241687	14.00163	10.00	-13.99982
11.7323	10.00	23.36564	-0.09168737	0.00	0.1179572	14.00709	10.00	-14.00393
11.63634	10.00	23.48909	-0.09595221	0.00	0.123444	14.01278	10.00	-14.00841
11.53705	10.00	23.61683	-0.09929058	0.00	0.1277388	14.01856	10.00	-14.01281
11.43597	10.00	23.74687	-0.1010841	0.00	0.1300462	14.02434	10.00	-14.01737
11.33128	10.00	23.88155	-0.1046865	0.00	0.1346808	14.02965	10.00	-14.0218
11.22844	10.00	24.01386	-0.1028402	0.00	0.1323055	14.03475	10.00	-14.02606
11.1273	10.00	24.14398	-0.1011457	0.00	0.1301255	14.03982	10.00	-14.03055
11.0234	10.00	24.27765	-0.1038932	0.00	0.1336602	14.04459	10.00	-14.03473
10.92168	10.00	24.40852	-0.1017267	0.00	0.1308729	14.04956	10.00	-14.03868
10.81779	10.00	24.54218	-0.1038921	0.00	0.1336588	14.05427	10.00	-14.04263
10.71397	10.00	24.67574	-0.1038173	0.00	0.1335625	14.05865	10.00	-14.04635
10.61217	10.00	24.8067	-0.1017982	0.00	0.1309649	14.06269	10.00	-14.05034
10.50946	10.00	24.93884	-0.1027104	0.00	0.1321384	14.06641	10.00	-14.0544
10.40579	10.00	25.07221	-0.1036666	0.00	0.1333686	14.0701	10.00	-14.05873
10.29435	10.00	25.21558	-0.1114425	0.00	0.1433725	14.07303	10.00	-14.06244
10.20162	10.00	25.33488	-0.09272718	0.00	0.1192949	14.07627	10.00	-14.06643
10.09352	10.00	25.46735	-0.1081021	0.00	0.1324739	14.0793	10.00	-14.07028
9.985011	10.00	25.60033	-0.1085098	0.00	0.1329736	14.08224	10.00	-14.0739
9.878661	10.00	25.73065	-0.1063497	0.00	0.1303265	14.08497	10.00	-14.07748
9.769609	10.00	25.86429	-0.1090516	0.00	0.1336375	14.08733	10.00	-14.08097
9.662176	10.00	25.99594	-0.1074332	0.00	0.1316543	14.0897	10.00	-14.08417
9.555408	10.00	26.12679	-0.106769	0.00	0.1308404	14.09216	10.00	-14.08727
9.445238	10.00	26.26179	-0.1101698	0.00	0.1350078	14.09454	10.00	-14.09
9.338371	10.00	26.39275	-0.1068661	0.00	0.1309593	14.09674	10.00	-14.09238
9.230508	10.00	26.52493	-0.1078641	0.00	0.1321823	14.09909	10.00	-14.09476
9.122388	10.00	26.65743	-0.1081194	0.00	0.1324952	14.10162	10.00	-14.09708
9.012526	10.00	26.78894	-0.1098622	0.00	0.1315099	14.10413	10.00	-14.09936
8.899118	10.00	26.92162	-0.1134072	0.00	0.1326778	14.10652	10.00	-14.10161
8.785326	10.00	27.05475	-0.1137932	0.00	0.1331293	14.10895	10.00	-14.10404
8.677197	10.00	27.1857	-0.1081295	0.00	0.1309536	14.11158	10.00	-14.10668
8.547503	10.00	27.33917	-0.1296933	0.00	0.1534698	14.11379	10.00	-14.10872
8.426125	10.00	27.47502	-0.1213779	0.00	0.1358473	14.11567	10.00	-14.11055
8.307303	10.00	27.608	-0.1188218	0.00	0.1329864	14.11721	10.00	-14.11195
8.197848	10.00	27.73051	-0.1094546	0.00	0.1225026	14.11858	10.00	-14.11317
8.08743	10.00	27.85147	-0.1104185	0.00	0.1209596	14.11998	10.00	-14.11437
7.96874	10.00	27.97878	-0.1186901	0.00	0.1273198	14.12136	10.00	-14.1158
7.844203	10.00	28.11238	-0.1245373	0.00	0.1335922	14.12265	10.00	-14.11696
7.722084	10.00	28.24338	-0.1221185	0.00	0.1309975	14.12388	10.00	-14.11851
7.594893	10.00	28.37704	-0.1271918	0.00	0.133663	14.12507	10.00	-14.11991
7.467888	10.00	28.50784	-0.1270039	0.00	0.1308036	14.12634	10.00	-14.12126
7.338027	10.00	28.64159	-0.1298614	0.00	0.1337465	14.12749	10.00	-14.12246
7.211318	10.00	28.77209	-0.1267084	0.00	0.1304992	14.12879	10.00	-14.12366
7.08305	10.00	28.90419	-0.1282684	0.00	0.1321059	14.12989	10.00	-14.12493
6.953968	10.00	29.03714	-0.1290821	0.00	0.1329439	14.1309	10.00	-14.12619
6.824448	10.00	29.17053	-0.1295205	0.00	0.1333955	14.13192	10.00	-14.12755
6.679852	10.00	29.31945	-0.1445955	0.00	0.1489215	14.13272	10.00	-14.12869
6.565302	10.00	29.43743	-0.1145499	0.00	0.117977	14.13355	10.00	-14.12989
6.44053	10.00	29.56594	-0.1247718	0.00	0.1285047	14.13435	10.00	-14.13105
6.311321	10.00	29.69901	-0.1292099	0.00	0.1330756	14.13511	10.00	-14.13209
6.184033	10.00	29.83011	-0.127287	0.00	0.1310952	14.13586	10.00	-14.13313
6.056508	10.00	29.96145	-0.1275262	0.00	0.1313415	14.13643	10.00	-14.13396
5.928221	10.00	30.09357	-0.1282863	0.00	0.1321243	14.13693	10.00	-14.13464
5.797904	10.00	30.22779	-0.1303177	0.00	0.1342165	14.13744	10.00	-14.1352
5.67305	10.00	30.35638	-0.1248529	0.00	0.1285882	14.13795	10.00	-14.13584
5.577337	10.00	30.44948	-0.09571353	0.00	0.09310109	14.13836	10.00	-14.13637
5.540319	10.00	30.48144	-0.03701743	0.00	0.03195954	14.13864	10.00	-14.13679
5.540319	10.00	30.48144	0	0.00	0	14.13888	10.00	-14.13716
5.540319	10.00	30.48144	0	0.00	0	14.13906	10.00	-14.13767
5.540319	10.00	30.48144	0	0.00	0	14.13925	10.00	-14.13808
5.540319	10.00	30.48144	0	0.00	0	14.13934	10.00	-14.13839
5.540319	10.00	30.48144	0	0.00	0	14.13939	10.00	-14.1386
5.540319	10.00	30.48144	0	0.00	0	14.13954	10.00	-14.13877
5.540319	10.00	30.48144	0	0.00	0	14.13962	10.00	-14.13894
5.540319	10.00	30.48144	0	0.00	0	14.13972	10.00	-14.13919
5.540319	10.00	30.48144	0	0.00	0	14.13975	10.00	-14.13938
5.523093	10.00	30.48144	-0.01722694	0.00	0	14.1398	10.00	-14.13948
5.441614	10.00	30.48144	-0.08147871	0.00	0	14.13985	10.00	-14.13956
5.326287	10.00	30.48144	-0.1153271	0.00	0	14.13987	10.00	-14.13961
5.206951	10.00	30.48522	-0.119336	0.00	0.003784317	14.13986	10.00	-14.1397
5.075918	10.00	30.49699	-0.1310329	0.00	0.0117679	14.1399	10.00	-14.13979
4.940643	10.00	30.50914	-0.1352754	0.00	0.01214892	14.13993	10.00	-14.13983
4.810074	10.00	30.52086	-0.1305686	0.00	0.0117262	14.13994	10.00	-14.13988
4.679907	10.00	30.53255	-0.1301665	0.00	0.0116901	14.13999	10.00	-14.13995
4.545455	10.00	30.54463	-0.1344529	0.00	0.01207505	14.13999	10.00	-14.13996
4.412116	10.00	30.55661	-0.1333389	0.00	0.011975	14.13999	10.00	-14.13996
4.281427	10.00	30.56834	-0.1306889	0.00	0.01173701	14.13999	10.00	-14.13998
4.140475	10.00	30.581	-0.1409518	0.00	0.01265871	14.13999	10.00	-14.13998
4.015018	10.00	30.59227	-0.1254569	0.00	0.01126713	14.13999	10.00	-14.13998
3.883057	10.00	30.60412	-0.1319615	0.00	0.0118513	14.13999	10.00	-14.13998
3.752593	10.00	30.61584	-0.1304638	0.00	0.0117168	14.13999	10.00	-14.13998
3.619119	10.00	30.62782	-0.1334733	0.00	0.01198708	14.13999	10.00	-14.13998
3.489338	10.00	30.63948	-0.1297815	0.00	0.01165552	14.13999	10.00	-14.13998
3.354881	10.00	30.65155	-0.1344572	0.00	0.01207543	14.13999	10.00	-14.13998
25.1944
