0.04285171	10.00	-49.9453	0.04285171	0.00	0.05469465	40	10.00	0
0.268128	10.00	-49.65777	0.2252763	0.00	0.287536	39.9836	10.00	0.006192772
0.3550031	10.00	-49.54689	0.08687512	0.00	0.1108848	39.96412	10.00	0.01069775
0.4153501	10.00	-49.46986	0.06034695	0.00	0.07702506	39.94939	10.00	0.01288469
0.4498131	10.00	-49.42587	0.03446304	0.00	0.04398759	39.91564	10.00	0.01701265
0.5189631	10.00	-49.33761	0.06915	0.00	0.08826101	39.89526	10.00	0.01863095
0.552395	10.00	-49.29494	0.03343194	0.00	0.04267153	39.84782	10.00	0.02181501
0.6232256	10.00	-49.20453	0.07083056	0.00	0.09040603	39.82047	10.00	0.02312555
0.6575733	10.00	-49.16069	0.03434772	0.00	0.04384042	39.79117	10.00	0.02432933
0.6917522	10.00	-49.11707	0.03417885	0.00	0.04362487	39.72672	10.00	0.026541
0.7619683	10.00	-49.02745	0.07021607	0.00	0.08962171	39.68985	10.00	0.02744197
0.7972786	10.00	-48.98238	0.03531038	0.00	0.04506912	39.65183	10.00	0.0282181
0.8316011	10.00	-48.93857	0.03432243	0.00	0.04380813	39.5714	10.00	0.02946014
0.9004572	10.00	-48.85068	0.06885614	0.00	0.08788594	39.52629	10.00	0.0298449
0.9362043	10.00	-48.80506	0.03574708	0.00	0.04562651	39.48289	10.00	0.03012126
0.9697813	10.00	-48.7622	0.03357701	0.00	0.04285669	39.43575	10.00	0.03034784
1.005454	10.00	-48.71667	0.03567268	0.00	0.04553156	39.34351	10.00	0.03062849
1.06487	10.00	-48.64846	0.05941571	0.00	0.06821338	39.29227	10.00	0.03063069
1.087868	10.00	-48.63015	0.02299873	0.00	0.01830169	39.2456	10.00	0.03056199
1.095307	10.00	-48.63015	0.007438078	0.00	0	39.14661	10.00	0.03033775
1.095307	10.00	-48.63015	0	0.00	0	39.09719	10.00	0.03019152
1.095307	10.00	-48.63015	0	0.00	0	39.04676	10.00	0.03004171
1.095307	10.00	-48.63015	0	0.00	0	38.94808	10.00	0.02974858
1.095307	10.00	-48.63015	0	0.00	0	38.8978	10.00	0.02959922
1.095307	10.00	-48.63015	0	0.00	0	38.84798	10.00	0.02945125
1.095307	10.00	-48.63015	0	0.00	0	38.75051	10.00	0.0291617
1.095307	10.00	-48.63015	0	0.00	0	38.69878	10.00	0.02909939
1.095307	10.00	-48.63015	0	0.00	0	38.6506	10.00	0.02905471
1.095307	10.00	-48.63015	0	0.00	0	38.55148	10.00	0.02896285
1.095307	10.00	-48.63015	0	0.00	0	38.50076	10.00	0.02891583
1.095307	10.00	-48.63015	0	0.00	0	38.44425	10.00	0.02886346
1.095307	10.00	-48.63015	0	0.00	0	38.35093	10.00	0.02877699
1.095307	10.00	-48.63015	0	0.00	0	38.30233	10.00	0.02873191
1.095307	10.00	-48.63015	0	0.00	0	38.20473	10.00	0.02864139
1.095307	10.00	-48.63015	0	0.00	0	38.15441	10.00	0.02859483
1.095307	10.00	-48.63015	0	0.00	0	38.1043	10.00	0.02854836
1.095307	10.00	-48.63015	0	0.00	0	38.00543	10.00	0.02845681
1.095307	10.00	-48.63015	0	0.00	0	37.9525	10.00	0.02840771
1.095307	10.00	-48.61903	0	0.00	0.01112251	37.85754	10.00	0.02831965
1.095307	10.00	-48.58191	0	0.00	0.03711914	37.80594	10.00	0.02827179
1.095307	10.00	-48.5431	0	0.00	0.03881213	37.7577	10.00	0.02822712
1.095307	10.00	-48.49995	0	0.00	0.043152	37.65939	10.00	0.02813602
1.095307	10.00	-48.37395	0	0.00	0.1260013	37.607	10.00	0.02808742
1.095307	10.00	-48.30478	0	0.00	0.06917247	37.55125	10.00	0.02803574
1.095307	10.00	-48.23043	0	0.00	0.07434044	37.45805	10.00	0.02794935
1.095307	10.00	-48.10617	0	0.00	0.1242608	37.40128	10.00	0.02789676
1.095307	10.00	-48.03048	0	0.00	0.07569373	37.30869	10.00	0.02781093
1.095307	10.00	-47.90701	0	0.00	0.123468	37.25954	10.00	0.02776542
1.095307	10.00	-47.84148	0	0.00	0.06552706	37.16246	10.00	0.02767539
1.095307	10.00	-47.71204	0	0.00	0.1294432	37.1114	10.00	0.02762809
1.095307	10.00	-47.64397	0	0.00	0.0680666	37.01374	10.00	0.02753752
1.095307	10.00	-47.51375	0	0.00	0.1302203	36.96503	10.00	0.02749242
1.095307	10.00	-47.44882	0	0.00	0.06493535	36.9164	10.00	0.02744729
1.095307	10.00	-47.38396	0	0.00	0.06485324	36.86676	10.00	0.02740126
1.095307	10.00	-47.31778	0	0.00	0.06618389	36.81799	10.00	0.02735602
1.095307	10.00	-47.25275	0	0.00	0.06503019	36.76762	10.00	0.02730942
1.095307	10.00	-47.18559	0	0.00	0.0671578	36.66896	10.00	0.02721799
1.095307	10.00	-47.05405	0	0.00	0.1315425	36.61871	10.00	0.02717136
1.095307	10.00	-46.98704	0	0.00	0.06700775	36.56797	10.00	0.02712432
1.095307	10.00	-46.91938	0	0.00	0.06766033	36.51889	10.00	0.02707879
1.095307	10.00	-46.85395	0	0.00	0.06543221	36.47031	10.00	0.0270338
1.095307	10.00	-46.78917	0	0.00	0.06478105	36.42071	10.00	0.02698789
1.095307	10.00	-46.72304	0	0.00	0.06613293	36.3708	10.00	0.0269416
1.095307	10.00	-46.65649	0	0.00	0.06654061	36.32163	10.00	0.02689602
1.095307	10.00	-46.59093	0	0.00	0.0655667	36.27262	10.00	0.0268506
1.095307	10.00	-46.52558	0	0.00	0.06534586	36.17328	10.00	0.02675853
1.095307	10.00	-46.39314	0	0.00	0.1324456	36.12321	10.00	0.02671218
1.095307	10.00	-46.32638	0	0.00	0.06675861	36.0732	10.00	0.0266658
1.095307	10.00	-46.25969	0	0.00	0.06669491	36.02441	10.00	0.02662052
1.095307	10.00	-46.19463	0	0.00	0.06505425	35.97485	10.00	0.02657462
1.095307	10.00	-46.12854	0	0.00	0.06609046	35.92551	10.00	0.02652887
1.095307	10.00	-46.06277	0	0.00	0.06577337	35.8755	10.00	0.0264825
1.095307	10.00	-45.99609	0	0.00	0.06668075	35.82571	10.00	0.02643638
1.095307	10.00	-45.92971	0	0.00	0.06637499	35.72749	10.00	0.02634533
1.095307	10.00	-45.79875	0	0.00	0.1309621	35.67789	10.00	0.0262993
1.095307	10.00	-45.73261	0	0.00	0.06613859	35.62628	10.00	0.02625149
1.095307	10.00	-45.6638	0	0.00	0.06881544	35.57706	10.00	0.02620584
1.095307	10.00	-45.59817	0	0.00	0.06562473	35.52857	10.00	0.02616088
1.095307	10.00	-45.53351	0	0.00	0.06465789	35.47889	10.00	0.02611486
1.095307	10.00	-45.46726	0	0.00	0.06625041	35.42917	10.00	0.02606873
1.095307	10.00	-45.40097	0	0.00	0.06628722	35.37972	10.00	0.02602285
1.095307	10.00	-45.33505	0	0.00	0.06592625	35.32975	10.00	0.02597661
1.095307	10.00	-45.26842	0	0.00	0.0666213	35.23075	10.00	0.02588481
1.095307	10.00	-45.13643	0	0.00	0.1319997	35.18048	10.00	0.02583822
1.095307	10.00	-45.0694	0	0.00	0.06702474	35.13187	10.00	0.02579312
1.095307	10.00	-45.00457	0	0.00	0.06482918	35.08282	10.00	0.02574771
1.095307	10.00	-44.93918	0	0.00	0.06539258	35.03278	10.00	0.02570132
1.095307	10.00	-44.87246	0	0.00	0.06672322	34.93367	10.00	0.02560948
1.095307	10.00	-44.74031	0	0.00	0.1321512	34.88181	10.00	0.02556146
1.095307	10.00	-44.67116	0	0.00	0.06914669	34.83406	10.00	0.02551716
1.095307	10.00	-44.60749	0	0.00	0.06366699	34.78492	10.00	0.02547161
1.095307	10.00	-44.54197	0	0.00	0.06552564	34.68563	10.00	0.02542001
1.095307	10.00	-44.4096	0	0.00	0.1323706	34.63601	10.00	0.02539426
1.095307	10.00	-44.34343	0	0.00	0.06616265	34.58749	10.00	0.02536912
1.095307	10.00	-44.27872	0	0.00	0.06470744	34.53785	10.00	0.02534329
1.095307	10.00	-44.21255	0	0.00	0.06617822	34.48737	10.00	0.02531709
1.095307	10.00	-44.14524	0	0.00	0.06730361	34.43849	10.00	0.02529171
1.095307	10.00	-44.08006	0	0.00	0.06518307	34.38842	10.00	0.02526568
1.095307	10.00	-44.01331	0	0.00	0.0667487	34.28885	10.00	0.02521399
1.095307	10.00	-43.88054	0	0.00	0.1327726	34.23806	10.00	0.02518761
1.095307	10.00	-43.81283	0	0.00	0.06770846	34.18838	10.00	0.02516175
1.095307	10.00	-43.74658	0	0.00	0.066249	34.13979	10.00	0.02513654
1.095307	10.00	-43.6818	0	0.00	0.06478105	34.09097	10.00	0.02511121
1.095307	10.00	-43.61671	0	0.00	0.06508823	34.04187	10.00	0.02508573
1.095307	10.00	-43.55122	0	0.00	0.06548884	33.99169	10.00	0.02505963
1.095307	10.00	-43.48432	0	0.00	0.06690158	33.94033	10.00	0.02503297
1.095307	10.00	-43.41586	0	0.00	0.06846862	33.84249	10.00	0.02498219
1.095307	10.00	-43.28539	0	0.00	0.1304695	33.79334	10.00	0.02495665
1.095307	10.00	-43.21986	0	0.00	0.06552281	33.74366	10.00	0.02493089
1.095307	10.00	-43.15361	0	0.00	0.06625041	33.69335	10.00	0.0249047
1.095307	10.00	-43.08654	0	0.00	0.0670757	33.59446	10.00	0.02485335
1.095307	10.00	-42.95468	0	0.00	0.1318553	33.54487	10.00	0.02482754
1.095307	10.00	-42.88857	0	0.00	0.06611594	33.49551	10.00	0.02480199
1.095307	10.00	-42.82277	0	0.00	0.0657946	33.44621	10.00	0.02477636
1.095307	10.00	-42.75703	0	0.00	0.06573656	33.39733	10.00	0.024751
1.095307	10.00	-42.69185	0	0.00	0.0651859	33.34836	10.00	0.02472546
1.095307	10.00	-42.62656	0	0.00	0.06529065	33.29863	10.00	0.02469967
1.095307	10.00	-42.56026	0	0.00	0.06629854	33.24924	10.00	0.02467402
1.095307	10.00	-42.49439	0	0.00	0.06586821	33.19953	10.00	0.02464813
1.095307	10.00	-42.42812	0	0.00	0.06627448	33.14965	10.00	0.02462227
1.095307	10.00	-42.3616	0	0.00	0.06651796	33.10038	10.00	0.02459667
1.095307	10.00	-42.29592	0	0.00	0.06567852	33.05065	10.00	0.02457069
1.095307	10.00	-42.22961	0	0.00	0.0663127	32.95157	10.00	0.02451929
1.095307	10.00	-42.09751	0	0.00	0.1320946	32.90216	10.00	0.02449369
1.095307	10.00	-42.03162	0	0.00	0.06588944	32.85221	10.00	0.02446772
1.095307	10.00	-41.96503	0	0.00	0.06659015	32.80182	10.00	0.02444152
1.095307	10.00	-41.89783	0	0.00	0.06719602	32.75243	10.00	0.02441585
1.095307	10.00	-41.83199	0	0.00	0.06584698	32.70311	10.00	0.02439029
1.095307	10.00	-41.76622	0	0.00	0.06576487	32.65313	10.00	0.02436435
1.095307	10.00	-41.69959	0	0.00	0.06663404	32.60326	10.00	0.02433848
1.095307	10.00	-41.63309	0	0.00	0.06649815	32.55297	10.00	0.02431236
1.095307	10.00	-41.56603	0	0.00	0.06706437	32.50483	10.00	0.02428725
1.095307	10.00	-41.50184	0	0.00	0.06418509	32.45398	10.00	0.02426088
1.095307	10.00	-41.43404	0	0.00	0.06779905	32.40551	10.00	0.02423566
1.095307	10.00	-41.36943	0	0.00	0.0646126	32.35744	10.00	0.02421071
1.095307	10.00	-41.30533	0	0.00	0.06409732	32.30797	10.00	0.02418494
1.095307	10.00	-41.23936	0	0.00	0.06597579	32.25785	10.00	0.02415889
1.095307	10.00	-41.17255	0	0.00	0.06681099	32.2085	10.00	0.02413329
1.095307	10.00	-41.10675	0	0.00	0.06580026	32.15871	10.00	0.02410746
1.095307	10.00	-41.04036	0	0.00	0.06639197	32.10738	10.00	0.02408082
1.095307	10.00	-40.97191	0	0.00	0.06844314	32.0592	10.00	0.02405576
1.095307	10.00	-40.90768	0	0.00	0.06423464	31.96069	10.00	0.02400467
1.095307	10.00	-40.77633	0	0.00	0.13135	31.91152	10.00	0.02397907
1.095307	10.00	-40.71077	0	0.00	0.06555537	31.86077	10.00	0.02395267
1.095307	10.00	-40.64311	0	0.00	0.06766316	31.80985	10.00	0.02392627
1.095307	10.00	-40.5752	0	0.00	0.06790381	31.7604	10.00	0.02390065
1.095307	10.00	-40.50927	0	0.00	0.06593616	31.71097	10.00	0.02387492
1.095307	10.00	-40.44336	0	0.00	0.06590784	31.66178	10.00	0.02384934
1.095307	10.00	-40.37778	0	0.00	0.06558368	31.61298	10.00	0.02382398
1.095307	10.00	-40.31271	0	0.00	0.06506416	31.56446	10.00	0.02379877
1.095307	10.00	-40.24802	0	0.00	0.06469611	31.51481	10.00	0.02377306
1.095307	10.00	-40.18182	0	0.00	0.06619521	31.46394	10.00	0.02374663
1.095307	10.00	-40.11399	0	0.00	0.06783161	31.41544	10.00	0.02372141
1.095307	10.00	-40.04933	0	0.00	0.06465789	31.36573	10.00	0.0236955
1.095307	10.00	-39.98304	0	0.00	0.06628864	31.31558	10.00	0.02366957
1.095307	10.00	-39.91618	0	0.00	0.06686619	31.26595	10.00	0.02364376
1.095307	10.00	-39.85	0	0.00	0.06617539	31.20541	10.00	0.02361235
1.095307	10.00	-39.76928	0	0.00	0.08071903	31.11746	10.00	0.0235666
1.095307	10.00	-39.65203	0	0.00	0.1172565	31.06871	10.00	0.0235413
1.095307	10.00	-39.58702	0	0.00	0.06501037	31.0184	10.00	0.02351519
1.095307	10.00	-39.51994	0	0.00	0.06707995	30.96798	10.00	0.02348898
1.095307	10.00	-39.45271	0	0.00	0.06723141	30.91789	10.00	0.02346291
1.095307	10.00	-39.38593	0	0.00	0.0667756	30.86871	10.00	0.02343739
1.095307	10.00	-39.32035	0	0.00	0.06557943	30.81948	10.00	0.02341175
1.095307	10.00	-39.2547	0	0.00	0.06564455	30.76937	10.00	0.02338578
1.095307	10.00	-39.18789	0	0.00	0.06681948	30.72047	10.00	0.02336041
1.095307	10.00	-39.12269	0	0.00	0.06519157	30.67118	10.00	0.02333478
1.095307	10.00	-39.05696	0	0.00	0.06572665	30.62201	10.00	0.02330919
1.095307	10.00	-38.99141	0	0.00	0.06555396	30.57205	10.00	0.02328327
1.095307	10.00	-38.92481	0	0.00	0.06660431	30.52347	10.00	0.02325807
1.095307	10.00	-38.86003	0	0.00	0.06478246	30.47332	10.00	0.02323199
1.095307	10.00	-38.79316	0	0.00	0.06686194	30.42418	10.00	0.02320653
1.095307	10.00	-38.72764	0	0.00	0.06552564	30.37368	10.00	0.02318025
1.095307	10.00	-38.66031	0	0.00	0.06733192	30.32439	10.00	0.02315461
1.095307	10.00	-38.59459	0	0.00	0.0657125	30.27475	10.00	0.02312893
1.095307	10.00	-38.5284	0	0.00	0.06619804	30.22515	10.00	0.02310313
1.095307	10.00	-38.46227	0	0.00	0.06612302	30.17572	10.00	0.02307751
1.095307	10.00	-38.39637	0	0.00	0.06590643	30.12463	10.00	0.02305096
1.095307	10.00	-38.32824	0	0.00	0.06812464	30.07341	10.00	0.02302439
1.095307	10.00	-38.25996	0	0.00	0.06828602	30.02721	10.00	0.02300039
1.095307	10.00	-38.19834	0	0.00	0.06161723	29.97709	10.00	0.02297428
1.095307	10.00	-38.13153	0	0.00	0.06680957	29.92753	10.00	0.02294855
1.095307	10.00	-38.06544	0	0.00	0.06608904	29.87809	10.00	0.02292287
1.095307	10.00	-37.99953	0	0.00	0.06590926	29.82938	10.00	0.02289756
1.095307	10.00	-37.93458	0	0.00	0.06495091	29.7797	10.00	0.02287176
1.095307	10.00	-37.86832	0	0.00	0.06625466	29.73033	10.00	0.02284609
1.095307	10.00	-37.80251	0	0.00	0.06582008	29.68023	10.00	0.02282005
1.095307	10.00	-37.73571	0	0.00	0.06679683	29.63058	10.00	0.0227943
1.095307	10.00	-37.66951	0	0.00	0.06620087	29.58134	10.00	0.02276866
1.095307	10.00	-37.60387	0	0.00	0.06563747	29.53163	10.00	0.02274288
1.095307	10.00	-37.53757	0	0.00	0.06629571	29.43148	10.00	0.02269079
1.095307	10.00	-37.40405	0	0.00	0.1335285	29.38371	10.00	0.02266607
1.095307	10.00	-37.34036	0	0.00	0.06368822	29.33393	10.00	0.0226401
1.095307	10.00	-37.27398	0	0.00	0.0663764	29.28352	10.00	0.02261396
1.095307	10.00	-37.20676	0	0.00	0.06721725	29.23425	10.00	0.02258847
1.095307	10.00	-37.14107	0	0.00	0.06569126	29.18206	10.00	0.02256136
1.095307	10.00	-37.07149	0	0.00	0.06957985	29.1326	10.00	0.02253558
1.095307	10.00	-37.00554	0	0.00	0.0659489	29.03141	10.00	0.0224831
1.095307	10.00	-36.87061	0	0.00	0.1349342	28.97961	10.00	0.02245621
1.095307	10.00	-36.80155	0	0.00	0.06906316	28.88382	10.00	0.0224064
1.095307	10.00	-36.67384	0	0.00	0.1277091	28.83512	10.00	0.02238109
1.095307	10.00	-36.60891	0	0.00	0.06492402	28.78568	10.00	0.02235544
1.095307	10.00	-36.54299	0	0.00	0.06592342	28.68564	10.00	0.02230337
1.095307	10.00	-36.4096	0	0.00	0.1333955	28.63441	10.00	0.02227681
1.095307	10.00	-36.34127	0	0.00	0.06832141	28.53605	10.00	0.02222575
1.095307	10.00	-36.21014	0	0.00	0.131132	28.4891	10.00	0.02220137
1.095307	10.00	-36.14754	0	0.00	0.06260531	28.38776	10.00	0.02214871
1.095307	10.00	-36.01242	0	0.00	0.1351126	28.34118	10.00	0.02212449
1.095307	10.00	-35.9503	0	0.00	0.06212401	28.29066	10.00	0.02209831
1.095307	10.00	-35.88295	0	0.00	0.0673489	28.19016	10.00	0.02204608
1.095307	10.00	-35.74894	0	0.00	0.1340084	28.13982	10.00	0.02201989
1.095307	10.00	-35.68183	0	0.00	0.06711109	28.08703	10.00	0.02199252
1.095307	10.00	-35.61144	0	0.00	0.07039381	27.99106	10.00	0.02194268
1.095307	10.00	-35.48348	0	0.00	0.1279554	27.94349	10.00	0.02191799
1.095307	10.00	-35.42004	0	0.00	0.06343625	27.84214	10.00	0.02186542
1.095307	10.00	-35.28492	0	0.00	0.1351211	27.79486	10.00	0.02184079
1.095307	10.00	-35.22189	0	0.00	0.06303706	27.69413	10.00	0.02178842
1.095307	10.00	-35.08759	0	0.00	0.1343015	27.64514	10.00	0.02176295
1.095307	10.00	-35.02225	0	0.00	0.06533595	27.59631	10.00	0.02173766
1.095307	10.00	-34.95714	0	0.00	0.06510946	27.4956	10.00	0.02168533
1.095307	10.00	-34.82286	0	0.00	0.1342774	27.44639	10.00	0.02165975
1.095307	10.00	-34.75725	0	0.00	0.06561057	27.39784	10.00	0.02163456
1.095307	10.00	-34.69251	0	0.00	0.06474283	27.29856	10.00	0.02158301
1.095307	10.00	-34.56015	0	0.00	0.1323579	27.24886	10.00	0.02155717
1.095307	10.00	-34.49388	0	0.00	0.06627306	27.19954	10.00	0.02153157
1.095307	10.00	-34.42813	0	0.00	0.0657493	27.09957	10.00	0.02147962
1.095307	10.00	-34.29483	0	0.00	0.1333006	27.05148	10.00	0.02145461
1.095307	10.00	-34.23071	0	0.00	0.06412422	26.99652	10.00	0.02142605
1.095307	10.00	-34.15743	0	0.00	0.07327592	26.89984	10.00	0.02137584
1.095307	10.00	-34.02853	0	0.00	0.1289039	26.85119	10.00	0.02135047
1.095307	10.00	-33.96365	0	0.00	0.06487448	26.75092	10.00	0.02129853
1.095307	10.00	-33.82997	0	0.00	0.1336814	26.69992	10.00	0.02127195
1.095307	10.00	-33.76196	0	0.00	0.06800573	26.60244	10.00	0.02122138
1.095307	10.00	-33.63198	0	0.00	0.1299769	26.5421	10.00	0.02119003
1.095307	10.00	-33.55154	0	0.00	0.08044582	26.45254	10.00	0.02114355
1.095307	10.00	-33.43213	0	0.00	0.1194167	26.3981	10.00	0.02111531
1.095307	10.00	-33.35955	0	0.00	0.07257521	26.30288	10.00	0.0210658
1.095307	10.00	-33.23257	0	0.00	0.126973	26.25196	10.00	0.02103937
1.095307	10.00	-33.16468	0	0.00	0.06789107	26.15832	10.00	0.02099077
1.095307	10.00	-33.03983	0	0.00	0.1248525	26.11048	10.00	0.02096592
1.095307	10.00	-32.97604	0	0.00	0.06379014	26.06001	10.00	0.02093969
1.095307	10.00	-32.90876	0	0.00	0.06728379	25.95941	10.00	0.02088737
1.095307	10.00	-32.77462	0	0.00	0.1341401	25.91034	10.00	0.020862
1.095307	10.00	-32.70919	0	0.00	0.06542372	25.85229	10.00	0.02083174
1.095307	10.00	-32.63179	0	0.00	0.07740092	25.75993	10.00	0.02078378
1.095307	10.00	-32.50865	0	0.00	0.1231425	25.71127	10.00	0.02075849
1.095307	10.00	-32.44376	0	0.00	0.06488863	25.61157	10.00	0.02070673
1.095307	10.00	-32.31083	0	0.00	0.1329312	25.56476	10.00	0.02068242
1.095307	10.00	-32.24842	0	0.00	0.06240571	25.46226	10.00	0.02062918
1.095307	10.00	-32.11176	0	0.00	0.1366711	25.41303	10.00	0.02060356
1.095307	10.00	-32.04612	0	0.00	0.06563747	25.31491	10.00	0.02055263
1.095307	10.00	-31.91529	0	0.00	0.1308248	25.26715	10.00	0.02052786
1.095307	10.00	-31.85161	0	0.00	0.06368397	25.21579	10.00	0.0205011
1.095307	10.00	-31.78312	0	0.00	0.06848986	25.11692	10.00	0.02044977
1.095307	10.00	-31.65129	0	0.00	0.131827	25.06883	10.00	0.02042475
1.095307	10.00	-31.58717	0	0.00	0.06411856	24.96739	10.00	0.02037205
1.095307	10.00	-31.45193	0	0.00	0.1352428	24.91979	10.00	0.02034727
1.095307	10.00	-31.38845	0	0.00	0.0634773	24.86921	10.00	0.02032111
1.095307	10.00	-31.32101	0	0.00	0.06743809	24.76892	10.00	0.02026902
1.095307	10.00	-31.1873	0	0.00	0.133714	24.72062	10.00	0.02024393
1.095307	10.00	-31.1229	0	0.00	0.0644045	24.62166	10.00	0.02019251
1.095307	10.00	-30.99094	0	0.00	0.1319516	24.57306	10.00	0.02016727
1.095307	10.00	-30.92615	0	0.00	0.06479662	24.47171	10.00	0.02011458
1.095307	10.00	-30.79102	0	0.00	0.1351239	24.42432	10.00	0.02009007
1.095307	10.00	-30.72782	0	0.00	0.06319985	24.32295	10.00	0.02003744
1.095307	10.00	-30.59267	0	0.00	0.1351565	24.27441	10.00	0.02001228
1.095307	10.00	-30.52795	0	0.00	0.06471734	24.22558	10.00	0.01998685
1.095307	10.00	-30.46284	0	0.00	0.06510805	24.12604	10.00	0.01993516
1.095307	10.00	-30.33013	0	0.00	0.1327132	24.07796	10.00	0.01991022
1.095307	10.00	-30.26601	0	0.00	0.06411573	24.02607	10.00	0.01988321
1.095307	10.00	-30.19683	0	0.00	0.06918491	23.92634	10.00	0.0198314
1.095307	10.00	-30.06385	0	0.00	0.1329736	23.87918	10.00	0.01980697
1.095307	10.00	-30.00097	0	0.00	0.06288701	23.77825	10.00	0.01975455
1.095307	10.00	-29.86641	0	0.00	0.1345591	23.73098	10.00	0.01973002
1.095307	10.00	-29.80337	0	0.00	0.06303848	23.62947	10.00	0.01967722
1.095307	10.00	-29.66803	0	0.00	0.1353405	23.58255	10.00	0.01965287
1.095307	10.00	-29.60547	0	0.00	0.06256142	23.53069	10.00	0.01962595
1.095307	10.00	-29.53633	0	0.00	0.06914244	23.43212	10.00	0.01957474
1.095307	10.00	-29.4049	0	0.00	0.1314307	23.38371	10.00	0.01954952
1.095307	10.00	-29.34036	0	0.00	0.06453615	23.28316	10.00	0.0194974
1.095307	10.00	-29.20629	0	0.00	0.1340735	23.23535	10.00	0.0194725
1.095307	10.00	-29.14254	0	0.00	0.0637406	23.13223	10.00	0.01941897
1.095307	10.00	-29.00504	0	0.00	0.1375035	23.06755	10.00	0.01938541
1.095307	10.00	-28.91881	0	0.00	0.08623128	22.98457	10.00	0.01934224
1.095307	10.00	-28.80817	0	0.00	0.1106443	22.92745	10.00	0.01931269
1.095307	10.00	-28.73201	0	0.00	0.07615804	22.83566	10.00	0.01926493
1.095307	10.00	-28.60962	0	0.00	0.1223851	22.76859	10.00	0.01923009
1.095307	10.00	-28.5202	0	0.00	0.08942058	22.6835	10.00	0.01918595
1.095307	10.00	-28.40675	0	0.00	0.1134528	22.59714	10.00	0.01914108
1.095307	10.00	-28.29159	0	0.00	0.1151614	22.54047	10.00	0.01911161
1.095307	10.00	-28.21604	0	0.00	0.07554793	22.4912	10.00	0.01908598
1.095307	10.00	-28.15034	0	0.00	0.06570259	22.39121	10.00	0.01903408
1.095307	10.00	-28.01702	0	0.00	0.1333134	22.34266	10.00	0.01900885
1.095307	10.00	-27.95229	0	0.00	0.06473433	22.29289	10.00	0.01898301
1.095307	10.00	-27.88594	0	0.00	0.06635234	22.19302	10.00	0.01893112
1.095307	10.00	-27.75277	0	0.00	0.1331718	22.14273	10.00	0.01890494
1.095307	10.00	-27.68571	0	0.00	0.06705022	22.0952	10.00	0.01888032
1.095307	10.00	-27.62234	0	0.00	0.06337962	22.0455	10.00	0.01885446
1.095307	10.00	-27.55607	0	0.00	0.06626032	21.94625	10.00	0.01880296
1.095307	10.00	-27.42374	0	0.00	0.1323366	21.89565	10.00	0.01877663
1.095307	10.00	-27.35627	0	0.00	0.0674664	21.8481	10.00	0.01875184
1.095307	10.00	-27.29288	0	0.00	0.06339519	21.79793	10.00	0.01872588
1.095307	10.00	-27.22598	0	0.00	0.06689875	21.69723	10.00	0.01867353
1.095307	10.00	-27.09171	0	0.00	0.1342646	21.64745	10.00	0.01864765
1.095307	10.00	-27.02534	0	0.00	0.06637499	21.59972	10.00	0.01862287
1.095307	10.00	-26.9617	0	0.00	0.06363443	21.5501	10.00	0.0185971
1.095307	10.00	-26.89555	0	0.00	0.06615274	21.44985	10.00	0.01854502
1.095307	10.00	-26.76187	0	0.00	0.1336786	21.39939	10.00	0.0185188
1.095307	10.00	-26.6946	0	0.00	0.06726963	21.35267	10.00	0.0184946
1.095307	10.00	-26.6323	0	0.00	0.06230379	21.30263	10.00	0.01846855
1.095307	10.00	-26.56558	0	0.00	0.06671756	21.25212	10.00	0.01844242
1.095307	10.00	-26.49823	0	0.00	0.0673489	21.15263	10.00	0.01839066
1.095307	10.00	-26.36558	0	0.00	0.1326523	21.10295	10.00	0.01836495
1.095307	10.00	-26.29935	0	0.00	0.0662306	21.0541	10.00	0.0183395
1.095307	10.00	-26.23421	0	0.00	0.06514485	21.00504	10.00	0.01831408
1.095307	10.00	-26.16879	0	0.00	0.06541523	20.90432	10.00	0.01826167
1.095307	10.00	-26.03449	0	0.00	0.1342986	20.85662	10.00	0.01823695
1.095307	10.00	-25.9709	0	0.00	0.06359055	20.80721	10.00	0.01821124
1.095307	10.00	-25.90502	0	0.00	0.06588095	20.75743	10.00	0.01818548
1.095307	10.00	-25.83864	0	0.00	0.0663764	20.65783	10.00	0.0181337
1.095307	10.00	-25.70585	0	0.00	0.132791	20.60758	10.00	0.01810765
1.095307	10.00	-25.63885	0	0.00	0.06699926	20.55943	10.00	0.01808256
1.095307	10.00	-25.57465	0	0.00	0.06420349	20.50877	10.00	0.01805623
1.095307	10.00	-25.5071	0	0.00	0.06754708	20.40885	10.00	0.01800431
1.095307	10.00	-25.37388	0	0.00	0.1332228	20.35977	10.00	0.01797885
1.095307	10.00	-25.30843	0	0.00	0.06544637	20.31155	10.00	0.01795387
1.095307	10.00	-25.24414	0	0.00	0.06428985	20.26147	10.00	0.01792788
1.095307	10.00	-25.17738	0	0.00	0.06676569	20.21161	10.00	0.01790191
1.095307	10.00	-25.11089	0	0.00	0.06648682	20.11147	10.00	0.01784993
1.095307	10.00	-24.97736	0	0.00	0.13353	20.06177	10.00	0.01782414
1.095307	10.00	-24.9111	0	0.00	0.06625608	20.01416	10.00	0.01779933
1.095307	10.00	-24.84762	0	0.00	0.06348155	19.9642	10.00	0.01777342
1.095307	10.00	-24.78102	0	0.00	0.06660431	19.9136	10.00	0.01774708
1.095307	10.00	-24.71355	0	0.00	0.06746922	19.81423	10.00	0.01769546
1.095307	10.00	-24.58105	0	0.00	0.1325051	19.76418	10.00	0.01766944
1.095307	10.00	-24.51432	0	0.00	0.06672747	19.7133	10.00	0.01764304
1.095307	10.00	-24.44648	0	0.00	0.06783586	19.61472	10.00	0.01759183
1.095307	10.00	-24.31504	0	0.00	0.1314406	19.56764	10.00	0.01756742
1.095307	10.00	-24.25226	0	0.00	0.062778	19.51222	10.00	0.01753862
1.095307	10.00	-24.17837	0	0.00	0.0738917	19.41766	10.00	0.01748943
1.095307	10.00	-24.05229	0	0.00	0.1260826	19.34739	10.00	0.01745304
1.095307	10.00	-23.9586	0	0.00	0.09369279	19.2674	10.00	0.0174115
1.095307	10.00	-23.85194	0	0.00	0.1066581	19.21573	10.00	0.01738453
1.095307	10.00	-23.78305	0	0.00	0.06889047	19.15762	10.00	0.01735437
1.095307	10.00	-23.70556	0	0.00	0.07748444	19.06924	10.00	0.01730853
1.095307	10.00	-23.58773	0	0.00	0.1178312	19.01828	10.00	0.01728207
1.095307	10.00	-23.51977	0	0.00	0.0679576	18.9708	10.00	0.01725744
1.095307	10.00	-23.45647	0	0.00	0.06329894	18.87345	10.00	0.0172069
1.095307	10.00	-23.32668	0	0.00	0.1297943	18.82431	10.00	0.01718132
1.095307	10.00	-23.26115	0	0.00	0.06553131	18.77298	10.00	0.01715473
1.095307	10.00	-23.19272	0	0.00	0.06842615	18.72399	10.00	0.01712924
1.095307	10.00	-23.12739	0	0.00	0.06533737	18.67645	10.00	0.01710458
1.095307	10.00	-23.06401	0	0.00	0.06337679	18.62636	10.00	0.01707852
1.095307	10.00	-22.99722	0	0.00	0.06679258	18.57651	10.00	0.01705266
1.095307	10.00	-22.93075	0	0.00	0.06646559	18.52679	10.00	0.01702684
1.095307	10.00	-22.86446	0	0.00	0.06629288	18.42768	10.00	0.01697526
1.095307	10.00	-22.73231	0	0.00	0.1321455	18.37635	10.00	0.01694865
1.095307	10.00	-22.66388	0	0.00	0.06843323	18.3229	10.00	0.01692094
1.095307	10.00	-22.59261	0	0.00	0.07127005	18.22626	10.00	0.01687071
1.095307	10.00	-22.46376	0	0.00	0.1288515	18.17871	10.00	0.01684606
1.095307	10.00	-22.40036	0	0.00	0.06339803	18.07879	10.00	0.0167941
1.095307	10.00	-22.26713	0	0.00	0.1332313	18.03058	10.00	0.0167691
1.095307	10.00	-22.20286	0	0.00	0.06427144	17.92887	10.00	0.01671622
1.095307	10.00	-22.06724	0	0.00	0.1356165	17.88039	10.00	0.01669108
1.095307	10.00	-22.00259	0	0.00	0.06464798	17.78027	10.00	0.01663905
1.095307	10.00	-21.8691	0	0.00	0.1334875	17.73322	10.00	0.01661449
1.095307	10.00	-21.80637	0	0.00	0.06273129	17.6322	10.00	0.01656204
1.095307	10.00	-21.67168	0	0.00	0.1346964	17.58346	10.00	0.01653673
1.095307	10.00	-21.60669	0	0.00	0.06499197	17.48215	10.00	0.01648418
1.095307	10.00	-21.47161	0	0.00	0.1350786	17.43554	10.00	0.01645989
1.095307	10.00	-21.40946	0	0.00	0.06214241	17.33356	10.00	0.01640698
1.095307	10.00	-21.27349	0	0.00	0.1359718	17.28579	10.00	0.0163822
1.095307	10.00	-21.2098	0	0.00	0.06369105	17.18533	10.00	0.01632997
1.095307	10.00	-21.07585	0	0.00	0.1339532	17.1381	10.00	0.01630539
1.095307	10.00	-21.01287	0	0.00	0.0629776	17.03602	10.00	0.01625235
1.095307	10.00	-20.87676	0	0.00	0.1361063	16.9885	10.00	0.01622774
1.095307	10.00	-20.8134	0	0.00	0.06336122	16.88885	10.00	0.01617596
1.095307	10.00	-20.68055	0	0.00	0.1328576	16.83854	10.00	0.01614986
1.095307	10.00	-20.61346	0	0.00	0.06708278	16.73965	10.00	0.01609844
1.095307	10.00	-20.48162	0	0.00	0.1318468	16.69146	10.00	0.01607341
1.095307	10.00	-20.41736	0	0.00	0.0642587	16.59142	10.00	0.01602147
1.095307	10.00	-20.28398	0	0.00	0.1333799	16.54357	10.00	0.01599667
1.095307	10.00	-20.22016	0	0.00	0.06381562	16.44193	10.00	0.01594381
1.095307	10.00	-20.08465	0	0.00	0.135516	16.37955	10.00	0.01591139
1.095307	10.00	-20.00148	0	0.00	0.08316656	16.2949	10.00	0.01586738
1.095307	10.00	-19.8886	0	0.00	0.1128781	16.2464	10.00	0.0158423
1.095307	10.00	-19.82394	0	0.00	0.06466214	16.19477	10.00	0.01581535
1.095307	10.00	-19.7551	0	0.00	0.06883526	16.09415	10.00	0.0157632
1.092351	10.00	-19.62095	-0.002955288	0.00	0.1341571	16.04474	10.00	0.01573753
1.086434	10.00	-19.55506	-0.005917323	0.00	0.06588802	15.94656	10.00	0.01568652
1.044254	10.00	-19.42415	-0.04217977	0.00	0.1309126	15.89738	10.00	0.01566092
1.016782	10.00	-19.35859	-0.02747184	0.00	0.06556103	15.84461	10.00	0.01563348
0.9845745	10.00	-19.28823	-0.03220781	0.00	0.07035983	15.74662	10.00	0.01558259
0.9234996	10.00	-19.15757	-0.06107483	0.00	0.1306577	15.68293	10.00	0.0155496
0.8821598	10.00	-19.07265	-0.04133988	0.00	0.08492046	15.59983	10.00	0.01550637
0.8260787	10.00	-18.96185	-0.05608111	0.00	0.1107944	15.53903	10.00	0.0154748
0.7826844	10.00	-18.88078	-0.04339425	0.00	0.08107717	15.45052	10.00	0.01542879
0.7103809	10.00	-18.76276	-0.07230352	0.00	0.118011	15.40298	10.00	0.0154041
0.6697063	10.00	-18.69938	-0.04067463	0.00	0.06338245	15.30136	10.00	0.0153513
0.5735669	10.00	-18.56388	-0.09613939	0.00	0.1355004	15.24948	10.00	0.01532433
0.5224831	10.00	-18.49471	-0.05108376	0.00	0.0691665	15.15402	10.00	0.01527473
0.4247782	10.00	-18.36743	-0.09770491	0.00	0.1272844	15.10462	10.00	0.01524917
0.3735859	10.00	-18.30157	-0.05119234	0.00	0.06585972	15.05572	10.00	0.01522369
0.3229063	10.00	-18.23637	-0.05067959	0.00	0.06520006	14.95539	10.00	0.01517162
0.2189272	10.00	-18.1026	-0.103979	0.00	0.1337706	14.90734	10.00	0.01514667
0.1691235	10.00	-18.03853	-0.04980373	0.00	0.06407326	14.85756	10.00	0.01512079
0.1175295	10.00	-17.97215	-0.05159396	0.00	0.0663764	14.75811	10.00	0.0150691
0.01446158	10.00	-17.83955	-0.103068	0.00	0.1325985	14.70792	10.00	0.01504313
-0.0375505	10.00	-17.77264	-0.05201207	0.00	0.06691432	14.65989	10.00	0.01501816
-0.08732563	10.00	-17.7086	-0.04977512	0.00	0.06403645	14.55936	10.00	0.01496591
-0.1915203	10.00	-17.57455	-0.1041947	0.00	0.1340481	14.50861	10.00	0.01493957
-0.2441211	10.00	-17.50688	-0.05260075	0.00	0.06767166	14.45947	10.00	0.0149141
-0.2950482	10.00	-17.44136	-0.05092716	0.00	0.06551857	14.36171	10.00	0.01486329
-0.3963634	10.00	-17.31102	-0.1013152	0.00	0.1303435	14.31167	10.00	0.01483729
-0.4482247	10.00	-17.2443	-0.05186133	0.00	0.06672039	14.2627	10.00	0.01481186
-0.4989758	10.00	-17.17901	-0.05075111	0.00	0.06529207	14.16276	10.00	0.01475983
-0.6025488	10.00	-17.04576	-0.103573	0.00	0.1332483	14.11215	10.00	0.01473363
-0.6550109	10.00	-16.97827	-0.0524621	0.00	0.06749329	14.06266	10.00	0.0147079
-0.7062913	10.00	-16.91229	-0.05128036	0.00	0.06597296	13.96421	10.00	0.01465676
-0.808325	10.00	-16.78102	-0.1020337	0.00	0.1312679	13.91513	10.00	0.01463125
-0.8591905	10.00	-16.71559	-0.05086554	0.00	0.06543929	13.86694	10.00	0.01460628
-0.9091362	10.00	-16.65133	-0.04994568	0.00	0.06425587	13.81739	10.00	0.01458055
-0.9604859	10.00	-16.58527	-0.05134968	0.00	0.06606214	13.71707	10.00	0.01452846
-1.064465	10.00	-16.4515	-0.103979	0.00	0.1337706	13.66925	10.00	0.01450362
-1.114022	10.00	-16.38774	-0.04955726	0.00	0.06375617	13.61899	10.00	0.0144775
-1.166116	10.00	-16.32072	-0.0520935	0.00	0.06701908	13.51837	10.00	0.01442522
-1.270388	10.00	-16.18657	-0.1042728	0.00	0.1341486	13.46727	10.00	0.01439863
-1.32335	10.00	-16.11844	-0.05296165	0.00	0.06813596	13.41982	10.00	0.01437398
-1.372528	10.00	-16.05517	-0.04917765	0.00	0.0632678	13.3206	10.00	0.01432253
-1.4728	10.00	-15.92287	-0.1002727	0.00	0.1322984	13.27146	10.00	0.01429696
-1.518654	10.00	-15.85735	-0.04585388	0.00	0.0655214	13.17133	10.00	0.01424496
-1.595276	10.00	-15.72385	-0.07662206	0.00	0.1334988	13.1216	10.00	0.01421905
-1.630126	10.00	-15.65754	-0.03484914	0.00	0.06631128	13.0224	10.00	0.01416756
-1.688109	10.00	-15.52528	-0.05798314	0.00	0.132263	12.97309	10.00	0.01414188
-1.715659	10.00	-15.45953	-0.02755073	0.00	0.0657493	12.92259	10.00	0.01411573
-1.739309	10.00	-15.3922	-0.02364962	0.00	0.0673305	12.82491	10.00	0.01406497
-1.764879	10.00	-15.26195	-0.02556993	0.00	0.1302458	12.77519	10.00	0.01403912
-1.775326	10.00	-15.19566	-0.01044658	0.00	0.06629005	12.72166	10.00	0.0140113
-1.782427	10.00	-15.12428	-0.00710148	0.00	0.07137764	12.62522	10.00	0.01396124
-1.782427	10.00	-14.9957	0	0.00	0.1285854	12.57777	10.00	0.01393662
-1.782427	10.00	-14.93244	0	0.00	0.06325789	12.52862	10.00	0.01391108
-1.782427	10.00	-14.8669	0	0.00	0.06554263	12.42709	10.00	0.01385827
-1.782427	10.00	-14.73152	0	0.00	0.1353773	12.3778	10.00	0.01383273
-1.782427	10.00	-14.6658	0	0.00	0.06571533	12.33045	10.00	0.01380819
-1.782427	10.00	-14.60267	0	0.00	0.06313615	12.27935	10.00	0.01378156
-1.782427	10.00	-14.53454	0	0.00	0.06812747	12.15981	10.00	0.01371954
-1.782427	10.00	-14.37516	0	0.00	0.1593826	12.09045	10.00	0.01368348
-1.782427	10.00	-14.28267	0	0.00	0.0924853	12.03192	10.00	0.01365303
-1.782427	10.00	-14.20463	0	0.00	0.07804642	11.97395	10.00	0.01362292
-1.782427	10.00	-14.12734	0	0.00	0.07728484	11.88235	10.00	0.01357534
-1.782427	10.00	-14.0052	0	0.00	0.1221374	11.83286	10.00	0.0135496
-1.782427	10.00	-13.93923	0	0.00	0.06597721	11.73604	10.00	0.01349931
-1.782427	10.00	-13.81013	0	0.00	0.129095	11.68671	10.00	0.01347369
-1.782427	10.00	-13.74435	0	0.00	0.06578328	11.63734	10.00	0.01344807
-1.782427	10.00	-13.67852	0	0.00	0.06582716	11.58753	10.00	0.01342219
-1.782427	10.00	-13.61211	0	0.00	0.06641321	11.48702	10.00	0.01336994
-1.782427	10.00	-13.4781	0	0.00	0.1340056	11.43741	10.00	0.01334424
-1.782427	10.00	-13.41195	0	0.00	0.06615274	11.38719	10.00	0.01331814
-1.782427	10.00	-13.345	0	0.00	0.06695254	11.33928	10.00	0.01329327
-1.782427	10.00	-13.28111	0	0.00	0.06388782	11.28936	10.00	0.01326737
-1.782427	10.00	-13.21455	0	0.00	0.06656042	11.18963	10.00	0.01321555
-1.782427	10.00	-13.08158	0	0.00	0.1329666	11.14018	10.00	0.01318992
-1.782427	10.00	-13.01565	0	0.00	0.06592908	11.09052	10.00	0.01316404
-1.782427	10.00	-12.94944	0	0.00	0.06621644	11.04247	10.00	0.01313914
-1.782427	10.00	-12.88537	0	0.00	0.06406759	10.99253	10.00	0.01311318
-1.782427	10.00	-12.81879	0	0.00	0.06658166	10.94181	10.00	0.01308692
-1.782427	10.00	-12.75116	0	0.00	0.0676306	10.84353	10.00	0.01303577
-1.782427	10.00	-12.62011	0	0.00	0.131047	10.79298	10.00	0.0130095
-1.782427	10.00	-12.55272	0	0.00	0.06738996	10.744	10.00	0.01298407
-1.782427	10.00	-12.48741	0	0.00	0.06531047	10.6957	10.00	0.01295903
-1.782427	10.00	-12.42301	0	0.00	0.06440167	10.64433	10.00	0.01293231
-1.782427	10.00	-12.35452	0	0.00	0.06849269	10.59615	10.00	0.01290727
-1.782427	10.00	-12.29027	0	0.00	0.06424596	10.49661	10.00	0.01285553
-1.782427	10.00	-12.15755	0	0.00	0.1327188	10.44636	10.00	0.01282949
-1.782427	10.00	-12.09055	0	0.00	0.06700067	10.39614	10.00	0.01280345
-1.782427	10.00	-12.0236	0	0.00	0.06695113	10.3483	10.00	0.01277858
-1.782427	10.00	-11.95981	0	0.00	0.06378731	10.29891	10.00	0.01275295
-1.782427	10.00	-11.89396	0	0.00	0.06585689	10.24906	10.00	0.01272702
-1.782427	10.00	-11.82749	0	0.00	0.066467	10.19958	10.00	0.01270138
-1.782427	10.00	-11.76151	0	0.00	0.06598146	10.09888	10.00	0.01264902
-1.782427	10.00	-11.62724	0	0.00	0.1342646	10.04772	10.00	0.01262242
-1.782427	10.00	-11.55903	0	0.00	0.06820816	9.95048	10.00	0.01257193
-1.782427	10.00	-11.42938	0	0.00	0.1296513	9.900703	10.00	0.01254606
-1.782427	10.00	-11.36301	0	0.00	0.06637074	9.851962	10.00	0.01252078
-1.782427	10.00	-11.29802	0	0.00	0.06498913	9.802941	10.00	0.0124953
-1.782427	10.00	-11.23266	0	0.00	0.06536002	9.753421	10.00	0.01246963
-1.782427	10.00	-11.16664	0	0.00	0.06602675	9.703106	10.00	0.0124434
-1.782427	10.00	-11.09955	0	0.00	0.06708702	9.653978	10.00	0.01241791
-1.782427	10.00	-11.03404	0	0.00	0.06550441	9.553514	10.00	0.01236575
-1.782427	10.00	-10.90009	0	0.00	0.1339518	9.504662	10.00	0.01234039
-1.782427	10.00	-10.83495	0	0.00	0.06513919	9.455299	10.00	0.01231473
-1.782427	10.00	-10.76914	0	0.00	0.06581159	9.406764	10.00	0.01228954
-1.782427	10.00	-10.70443	0	0.00	0.06471593	9.355493	10.00	0.01226294
-1.782427	10.00	-10.63606	0	0.00	0.06836246	9.307439	10.00	0.01223802
-1.782427	10.00	-10.57199	0	0.00	0.06407043	9.206141	10.00	0.01218531
-1.782427	10.00	-10.43693	0	0.00	0.135063	9.157395	10.00	0.01216004
-1.782427	10.00	-10.37193	0	0.00	0.06499763	9.107475	10.00	0.01213418
-1.782427	10.00	-10.30537	0	0.00	0.06655901	9.059716	10.00	0.0121093
-1.782427	10.00	-10.2417	0	0.00	0.06367689	9.010108	10.00	0.01208364
-1.782427	10.00	-10.17555	0	0.00	0.06614425	8.960213	10.00	0.01205765
-1.782427	10.00	-10.10902	0	0.00	0.06652787	8.910641	10.00	0.01203188
-1.782427	10.00	-10.04293	0	0.00	0.06609612	8.811394	10.00	0.01198032
-1.782427	10.00	-9.910599	0	0.00	0.1323296	8.760357	10.00	0.01195383
-1.782427	10.00	-9.842549	0	0.00	0.06804962	8.712338	10.00	0.01192891
-1.782427	10.00	-9.778525	0	0.00	0.06402371	8.663179	10.00	0.01190337
-1.782427	10.00	-9.712979	0	0.00	0.06554546	8.612602	10.00	0.01187714
-1.782427	10.00	-9.645541	0	0.00	0.06743809	8.563066	10.00	0.011848
-1.782427	10.00	-9.579488	0	0.00	0.06605365	8.507842	10.00	0.01181542
-1.782427	10.00	-9.505847	0	0.00	0.07364114	8.413254	10.00	0.01175968
-1.782427	10.00	-9.379719	0	0.00	0.1261279	8.360587	10.00	0.01172873
-1.785334	10.00	-9.309489	-0.002907108	0.00	0.0702296	8.263518	10.00	0.01167837
-1.795704	10.00	-9.180066	-0.01037016	0.00	0.1294234	8.213777	10.00	0.01165259
-1.802303	10.00	-9.113742	-0.006598688	0.00	0.06632403	8.165874	10.00	0.01162773
-1.808658	10.00	-9.049871	-0.006354616	0.00	0.06387083	8.117435	10.00	0.01160251
-1.81821	10.00	-8.985287	-0.009552409	0.00	0.06458429	8.06719	10.00	0.01157653
-1.831362	10.00	-8.918293	-0.01315222	0.00	0.06699359	8.018456	10.00	0.01155124
-1.85041	10.00	-8.853315	-0.0190482	0.00	0.06497781	7.918947	10.00	0.01149963
-1.897014	10.00	-8.720636	-0.04660313	0.00	0.1326792	7.868176	10.00	0.01147324
-1.924724	10.00	-8.652942	-0.02771026	0.00	0.06769431	7.820447	10.00	0.01144846
-1.95139	10.00	-8.589303	-0.02666632	0.00	0.06363868	7.770973	10.00	0.01142286
-1.981587	10.00	-8.523337	-0.03019644	0.00	0.06596588	7.721012	10.00	0.0113969
-2.012725	10.00	-8.456723	-0.03113824	0.00	0.06661422	7.671625	10.00	0.01137136
-2.045419	10.00	-8.390873	-0.03269377	0.00	0.06584981	7.571981	10.00	0.01131959
-2.116527	10.00	-8.258016	-0.07110822	0.00	0.1328576	7.520958	10.00	0.01129316
-2.156232	10.00	-8.189984	-0.03970546	0.00	0.06803121	7.472931	10.00	0.0112683
-2.195467	10.00	-8.125948	-0.03923415	0.00	0.06403645	7.423938	10.00	0.01124288
-2.24055	10.00	-8.060623	-0.04508364	0.00	0.06532463	7.373566	10.00	0.01121668
-2.288853	10.00	-7.993462	-0.0483027	0.00	0.06716204	7.323898	10.00	0.01119096
-2.339046	10.00	-7.927237	-0.05019372	0.00	0.06622493	7.224713	10.00	0.01113949
-2.44184	10.00	-7.794991	-0.102794	0.00	0.132246	7.174951	10.00	0.01111366
-2.494699	10.00	-7.728641	-0.05285796	0.00	0.06634951	7.126018	10.00	0.01108825
-2.54794	10.00	-7.663395	-0.05324186	0.00	0.06524536	7.075871	10.00	0.01106221
-2.602501	10.00	-7.596534	-0.05456103	0.00	0.06686194	7.026261	10.00	0.01103651
-2.656479	10.00	-7.530386	-0.05397769	0.00	0.06614708	6.969557	10.00	0.01100703
-2.718175	10.00	-7.454781	-0.06169637	0.00	0.07560597	6.877814	10.00	0.01095943
-2.817995	10.00	-7.332457	-0.09981967	0.00	0.1223243	6.827712	10.00	0.01093339
-2.872508	10.00	-7.265654	-0.05451252	0.00	0.06680249	6.778959	10.00	0.01090816
-2.925552	10.00	-7.200651	-0.05304432	0.00	0.06500329	6.73004	10.00	0.01088269
-2.978778	10.00	-7.135425	-0.05322568	0.00	0.06522554	6.68015	10.00	0.01086658
-3.033061	10.00	-7.068903	-0.05428379	0.00	0.0665222	6.630565	10.00	0.01087594
-3.087032	10.00	-7.002764	-0.05397075	0.00	0.06613859	6.529549	10.00	0.01089488
-3.196984	10.00	-6.868024	-0.1099515	0.00	0.1347403	6.482104	10.00	0.01093206
-3.24862	10.00	-6.804746	-0.0516362	0.00	0.06327771	6.43092	10.00	0.01097197
-3.304326	10.00	-6.736482	-0.05570578	0.00	0.06826478	6.383211	10.00	0.01102806
-3.357471	10.00	-6.672864	-0.05314544	0.00	0.06361745	6.333313	10.00	0.01108669
-3.4137	10.00	-6.606326	-0.05622933	0.00	0.06653778	6.283783	10.00	0.01116973
-3.470195	10.00	-6.540232	-0.05649489	0.00	0.0660947	6.184417	10.00	0.01132981
-3.583497	10.00	-6.407677	-0.113302	0.00	0.1325546	6.133932	10.00	0.01143339
-3.641087	10.00	-6.340301	-0.05758992	0.00	0.0673758	6.083345	10.00	0.01155633
-3.698781	10.00	-6.272804	-0.05769397	0.00	0.06749754	6.036338	10.00	0.01167329
-3.752393	10.00	-6.210082	-0.05361152	0.00	0.06272139	5.986969	10.00	0.01180961
-3.808718	10.00	-6.144186	-0.05632549	0.00	0.06589652	5.935822	10.00	0.01195312
-3.867093	10.00	-6.075891	-0.05837519	0.00	0.06829451	5.886967	10.00	0.01207591
-3.922904	10.00	-6.010596	-0.05581125	0.00	0.0652949	5.78846	10.00	0.01236826
-4.035445	10.00	-5.878932	-0.1125409	0.00	0.1316642	5.737128	10.00	0.01242841
-4.094089	10.00	-5.810323	-0.05864381	0.00	0.06860877	5.687694	10.00	0.01244054
-4.150559	10.00	-5.744258	-0.05646948	0.00	0.06606498	5.640608	10.00	0.01241017
-4.204353	10.00	-5.681323	-0.05379423	0.00	0.06293514	5.590354	10.00	0.01233457
-4.261767	10.00	-5.614152	-0.05741447	0.00	0.06717054	5.541541	10.00	0.01221691
-4.317528	10.00	-5.548917	-0.05576044	0.00	0.06523545	5.441325	10.00	0.01190078
-4.431949	10.00	-5.415053	-0.1144212	0.00	0.133864	5.393032	10.00	0.01175824
-4.487091	10.00	-5.350541	-0.05514214	0.00	0.06451209	5.343153	10.00	0.01163348
-4.544042	10.00	-5.283913	-0.05695105	0.00	0.06662837	5.29449	10.00	0.011512
-4.599577	10.00	-5.218941	-0.05553538	0.00	0.06497215	5.243601	10.00	0.01138509
-4.657653	10.00	-5.150997	-0.05807512	0.00	0.06794345	5.194968	10.00	0.01126406
-4.713153	10.00	-5.086066	-0.0555003	0.00	0.0649311	5.093521	10.00	0.01114765
-4.828897	10.00	-4.950655	-0.1157437	0.00	0.1354113	5.046098	10.00	0.01109122
-4.882992	10.00	-4.887367	-0.05409551	0.00	0.06328762	4.995101	10.00	0.01110117
-4.941141	10.00	-4.819337	-0.05814893	0.00	0.0680298	4.89638	10.00	0.0111698
-5.053778	10.00	-4.687561	-0.1126365	0.00	0.131776	4.845721	10.00	0.01122733
-5.111571	10.00	-4.619947	-0.05779319	0.00	0.06761362	4.790246	10.00	0.01134802
-5.174873	10.00	-4.545889	-0.0633022	0.00	0.07405874	4.695975	10.00	0.01161174
-5.28247	10.00	-4.420009	-0.1075969	0.00	0.1258802	4.64772	10.00	0.01176079
-5.337531	10.00	-4.355591	-0.05506107	0.00	0.06441724	4.600769	10.00	0.01191508
-5.391144	10.00	-4.292869	-0.05361274	0.00	0.0627228	4.55036	10.00	0.01210719
-5.448665	10.00	-4.225574	-0.05752095	0.00	0.06729511	4.50196	10.00	0.01229468
-5.503899	10.00	-4.160954	-0.0552341	0.00	0.06461968	4.451818	10.00	0.01250851
-5.561111	10.00	-4.09402	-0.0572124	0.00	0.06693414	4.352208	10.00	0.01296273
-5.674791	10.00	-3.961024	-0.1136795	0.00	0.1329963	4.303826	10.00	0.01319637
-5.730026	10.00	-3.896402	-0.05523531	0.00	0.06462109	4.253728	10.00	0.01344869
-5.787251	10.00	-3.829453	-0.05722572	0.00	0.06694971	4.205351	10.00	0.01369296
-5.842562	10.00	-3.764744	-0.05531032	0.00	0.06470885	4.15584	10.00	0.01397955
-5.899185	10.00	-3.698499	-0.05662315	0.00	0.06624475	4.106465	10.00	0.01428148
-5.955668	10.00	-3.632418	-0.05648279	0.00	0.06608055	4.056796	10.00	0.01458472
-6.012488	10.00	-3.565943	-0.05682038	0.00	0.0664755	3.957535	10.00	0.01518937
-6.126039	10.00	-3.433098	-0.11355	0.00	0.1328448	3.90712	10.00	0.0154986
-6.183746	10.00	-3.365585	-0.05770728	0.00	0.06751311	3.854753	10.00	0.01575852
-6.243725	10.00	-3.295413	-0.05997962	0.00	0.07017156	3.760396	10.00	0.01612672
-6.351718	10.00	-3.16907	-0.1079926	0.00	0.1263431	3.710163	10.00	0.0162402
-6.409184	10.00	-3.101839	-0.0574665	0.00	0.06723141	3.660125	10.00	0.01632287
-6.466372	10.00	-3.034933	-0.05718821	0.00	0.06690583	3.612698	10.00	0.01638505
-6.520579	10.00	-2.971515	-0.05420683	0.00	0.06341784	3.563384	10.00	0.01643923
-6.576921	10.00	-2.905601	-0.05634122	0.00	0.06591492	3.512198	10.00	0.01645169
-6.635386	10.00	-2.837201	-0.05846473	0.00	0.06839927	3.464085	10.00	0.01644986
-6.690293	10.00	-2.772964	-0.05490741	0.00	0.06423747	3.363349	10.00	0.01641787
-6.80531	10.00	-2.638402	-0.1150177	0.00	0.1345619	3.314466	10.00	0.0164235
-6.861125	10.00	-2.573103	-0.05581488	0.00	0.06529915	3.264008	10.00	0.01651088
-6.918702	10.00	-2.505742	-0.05757661	0.00	0.06736023	3.216306	10.00	0.01664403
-6.973137	10.00	-2.442057	-0.05443551	0.00	0.06368539	3.167369	10.00	0.01678376
-7.028976	10.00	-2.376729	-0.05583908	0.00	0.06532746	3.117765	10.00	0.01692509
-7.085576	10.00	-2.310513	-0.05659895	0.00	0.06621644	3.068137	10.00	0.01707616
-7.142245	10.00	-2.244215	-0.05666913	0.00	0.06629854	2.96904	10.00	0.01743192
-7.255322	10.00	-2.111923	-0.1130769	0.00	0.1322913	2.917787	10.00	0.01761818
-7.313812	10.00	-2.043494	-0.05849013	0.00	0.06842899	2.870298	10.00	0.01782588
-7.368008	10.00	-1.980089	-0.05419594	0.00	0.0634051	2.820318	10.00	0.0180551
-7.425067	10.00	-1.913333	-0.05705995	0.00	0.06675578	2.770636	10.00	0.01828265
-7.481786	10.00	-1.846977	-0.05671874	0.00	0.06635658	2.721398	10.00	0.0185184
-7.538001	10.00	-1.781211	-0.05621418	0.00	0.06576629	2.62262	10.00	0.01899814
-7.650875	10.00	-1.649156	-0.1128748	0.00	0.1320549	2.572133	10.00	0.01923971
-7.708613	10.00	-1.581607	-0.05773753	0.00	0.0675485	2.522218	10.00	0.01948823
-7.765737	10.00	-1.514776	-0.05712408	0.00	0.06683081	2.475092	10.00	0.0197465
-7.819745	10.00	-1.451591	-0.05400839	0.00	0.06318569	2.425446	10.00	0.01999812
-7.876678	10.00	-1.384983	-0.0569329	0.00	0.06660714	2.375087	10.00	0.02025278
-7.93443	10.00	-1.317418	-0.05775205	0.00	0.06756549	2.277403	10.00	0.02075403
-8.046557	10.00	-1.186238	-0.1121271	0.00	0.1311801	2.225927	10.00	0.02097252
-8.105695	10.00	-1.117052	-0.05913747	0.00	0.06918632	2.179048	10.00	0.02120793
-8.159572	10.00	-1.05402	-0.05387651	0.00	0.0630314	2.130621	10.00	0.02153408
-8.21526	10.00	-0.9888697	-0.05568784	0.00	0.06515051	2.080094	10.00	0.02193848
-8.273349	10.00	-0.9209092	-0.05808964	0.00	0.06796043	2.031634	10.00	0.02230278
-8.329082	10.00	-0.8557049	-0.05573382	0.00	0.06520431	1.933657	10.00	0.02304582
-8.441868	10.00	-0.7237548	-0.1127853	0.00	0.1319502	1.883649	10.00	0.0234307
-8.499379	10.00	-0.656471	-0.05751127	0.00	0.06728379	1.835371	10.00	0.02382174
-8.554855	10.00	-0.5915682	-0.0554761	0.00	0.06490279	1.78677	10.00	0.02423703
-8.610639	10.00	-0.5263058	-0.05578342	0.00	0.06526234	1.736394	10.00	0.02468329
-8.668393	10.00	-0.4587375	-0.05775447	0.00	0.06756832	1.687052	10.00	0.02513571
-8.72498	10.00	-0.3925352	-0.05658685	0.00	0.06620229	1.588116	10.00	0.02601008
-8.838464	10.00	-0.2597682	-0.1134835	0.00	0.132767	1.536965	10.00	0.02646582
-8.897054	10.00	-0.1912218	-0.05859056	0.00	0.06854648	1.49047	10.00	0.02694542
-8.950331	10.00	-0.1288925	-0.05327636	0.00	0.06232927	1.436321	10.00	0.02753523
-9.012385	10.00	-0.05629323	-0.06205472	0.00	0.07259928	1.340913	10.00	0.02864389
-9.12172	10.00	0.07162114	-0.1093357	0.00	0.1279144	1.288851	10.00	0.02923928
-9.181459	10.00	0.141511	-0.05973883	0.00	0.06988987	1.193732	10.00	0.03040455
-9.290705	10.00	0.2693192	-0.1092449	0.00	0.1278082	1.14386	10.00	0.03105365
-9.348064	10.00	0.336426	-0.05736002	0.00	0.06710684	1.089892	10.00	0.03170327
-9.41027	10.00	0.4092009	-0.06220476	0.00	0.07277481	0.9980738	10.00	0.03275819
-9.516335	10.00	0.5332889	-0.1060651	0.00	0.1240881	0.9492495	10.00	0.03327272
-9.57286	10.00	0.599419	-0.05652514	0.00	0.06613009	0.9004834	10.00	0.03383846
-9.629305	10.00	0.6654557	-0.05644528	0.00	0.06603666	0.853228	10.00	0.03433539
-9.683984	10.00	0.7294256	-0.05467872	0.00	0.06396993	0.8036019	10.00	0.03479228
-9.741352	10.00	0.7965423	-0.05736849	0.00	0.06711675	0.7496722	10.00	0.0352334
-9.803624	10.00	0.8693964	-0.06227252	0.00	0.07285408	0.6569012	10.00	0.03584661
-9.91066	10.00	0.9946198	-0.1070355	0.00	0.1252234	0.6059202	10.00	0.03616179
-9.969478	10.00	1.063432	-0.05881804	0.00	0.06881261	0.557394	10.00	0.03639095
-10.02545	10.00	1.128913	-0.05596976	0.00	0.06548034	0.5074756	10.00	0.03656956
-10.08299	10.00	1.196238	-0.05754636	0.00	0.06732484	0.4600188	10.00	0.03670309
-10.13767	10.00	1.260199	-0.05467146	0.00	0.06396143	0.3629086	10.00	0.03687213
-10.24946	10.00	1.390986	-0.1117907	0.00	0.1307866	0.3123029	10.00	0.03694446
-10.30752	10.00	1.458912	-0.0580606	0.00	0.06792646	0.2629946	10.00	0.03702263
-10.36399	10.00	1.524978	-0.05647069	0.00	0.06606639	0.2134598	10.00	0.03711179
-10.42064	10.00	1.591261	-0.05665582	0.00	0.06628297	0.1658949	10.00	0.03723199
-10.475	10.00	1.654855	-0.05435687	0.00	0.06359338	0.1152589	10.00	0.03732076
-10.53284	10.00	1.722525	-0.05784159	0.00	0.06767024	0.06656107	10.00	0.03740597
-10.58841	10.00	1.787533	-0.05556563	0.00	0.06500754	0.01705945	10.00	0.03750289
-10.64491	10.00	1.85363	-0.05649731	0.00	0.06609754	-0.08213738	10.00	0.03775046
-10.75804	10.00	1.985991	-0.1131362	0.00	0.1323607	-0.1328705	10.00	0.03787903
-10.81594	10.00	2.053726	-0.05789725	0.00	0.06773536	-0.1812894	10.00	0.0380201
-10.87118	10.00	2.118359	-0.05524499	0.00	0.06463241	-0.2301631	10.00	0.03817942
-10.92696	10.00	2.183612	-0.05577617	0.00	0.06525385	-0.2803188	10.00	0.03835366
-10.98422	10.00	2.250602	-0.05725959	0.00	0.06698935	-0.3293831	10.00	0.03852352
-11.04023	10.00	2.316133	-0.05601332	0.00	0.06553131	-0.4285097	10.00	0.0388874
-11.1534	10.00	2.448535	-0.1131713	0.00	0.1324017	-0.4793005	10.00	0.03907799
-11.21145	10.00	2.516448	-0.05804971	0.00	0.06791372	-0.5270851	10.00	0.03928821
-11.2661	10.00	2.580382	-0.05464726	0.00	0.06393312	-0.5768309	10.00	0.03952298
-11.32301	10.00	2.646958	-0.05690628	0.00	0.066576	-0.6256312	10.00	0.03973316
-11.37885	10.00	2.712289	-0.05584271	0.00	0.0653317	-0.6754344	10.00	0.03994698
-11.43584	10.00	2.778963	-0.05698977	0.00	0.06667367	-0.774164	10.00	0.04037495
-11.54888	10.00	2.911216	-0.1130442	0.00	0.1322531	-0.8244062	10.00	0.0405978
-11.60644	10.00	2.978558	-0.05756088	0.00	0.06734183	-0.8745927	10.00	0.04086536
-11.66399	10.00	3.045877	-0.05754152	0.00	0.06731918	-0.9215375	10.00	0.04110105
-11.71781	10.00	3.108852	-0.05382811	0.00	0.06297477	-0.9707812	10.00	0.04130615
-11.77431	10.00	3.174949	-0.05649731	0.00	0.06609754	-1.021052	10.00	0.0415103
-11.83196	10.00	3.242395	-0.05764921	0.00	0.06744517	-1.119044	10.00	0.04181975
-11.94431	10.00	3.373839	-0.1123533	0.00	0.1314448	-1.170267	10.00	0.04193236
-12.00294	10.00	3.442424	-0.05862324	0.00	0.0685847	-1.21847	10.00	0.04201393
-12.05807	10.00	3.506926	-0.05513367	0.00	0.06450218	-1.266683	10.00	0.04207208
-12.1132	10.00	3.571421	-0.05512762	0.00	0.0644951	-1.316303	10.00	0.04214692
-12.1699	10.00	3.637758	-0.05670179	0.00	0.06633677	-1.366179	10.00	0.04220159
-12.22685	10.00	3.704384	-0.05694863	0.00	0.06662554	-1.415371	10.00	0.04226829
-12.28299	10.00	3.770062	-0.05613916	0.00	0.06567852	-1.515967	10.00	0.04240403
-12.39785	10.00	3.90444	-0.1148604	0.00	0.1343779	-1.564696	10.00	0.04248874
-12.45351	10.00	3.969561	-0.05566243	0.00	0.06512079	-1.614878	10.00	0.04258515
-12.51083	10.00	4.036618	-0.05731767	0.00	0.0670573	-1.66263	10.00	0.04269443
-12.56537	10.00	4.100424	-0.05453836	0.00	0.06380571	-1.712471	10.00	0.04281879
-12.62226	10.00	4.16699	-0.05689781	0.00	0.06656609	-1.762552	10.00	0.04295808
-12.67942	10.00	4.233858	-0.05715553	0.00	0.0668676	-1.811357	10.00	0.04310691
-12.73514	10.00	4.299042	-0.05571688	0.00	0.06518449	-1.910411	10.00	0.04342917
-12.84817	10.00	4.431281	-0.1130321	0.00	0.132239	-1.961549	10.00	0.04361754
-12.90653	10.00	4.499557	-0.05835946	0.00	0.06827611	-2.010304	10.00	0.04379991
-12.96222	10.00	4.564713	-0.05569268	0.00	0.06515618	-2.058946	10.00	0.04394232
-13.0178	10.00	4.629741	-0.05558257	0.00	0.06502736	-2.110968	10.00	0.04405161
-13.07727	10.00	4.699308	-0.05946296	0.00	0.06956711	-2.208619	10.00	0.04428307
-13.18899	10.00	4.830015	-0.1117229	0.00	0.1307073	-2.261775	10.00	0.04435654
-13.24438	10.00	4.901271	-0.05538676	0.00	0.0712559	-2.357985	10.00	0.04440948
-13.33597	10.00	5.03036	-0.09159059	0.00	0.1290893	-2.444408	10.00	0.04429181
-13.40695	10.00	5.14621	-0.07097914	0.00	0.1158494	-2.505238	10.00	0.04406566
-13.44586	10.00	5.227764	-0.03891149	0.00	0.08155422	-2.552431	10.00	0.04389467
-13.47236	10.00	5.291003	-0.02649905	0.00	0.06323949	-2.600653	10.00	0.04375785
-13.4869	10.00	5.355545	-0.01454574	0.00	0.06454182	-2.650047	10.00	0.04364181
-13.49603	10.00	5.421549	-0.009123298	0.00	0.0660041	-2.699794	10.00	0.04351458
-13.49603	10.00	5.488001	0	0.00	0.06645143	-2.749353	10.00	0.04339988
-13.49603	10.00	5.554143	0	0.00	0.06614283	-2.798977	10.00	0.04331943
-13.49603	10.00	5.620393	0	0.00	0.066249	-2.89856	10.00	0.04321561
-13.49603	10.00	5.753314	0	0.00	0.1329213	-2.947585	10.00	0.04317967
-13.49603	10.00	5.818749	0	0.00	0.06543504	-2.99861	10.00	0.0431417
-13.49603	10.00	5.886908	0	0.00	0.06815861	-3.048083	10.00	0.04310463
-13.49603	10.00	5.953008	0	0.00	0.06610037	-3.096884	10.00	0.0430776
-13.49603	10.00	6.01823	0	0.00	0.06522271	-3.145714	10.00	0.04303101
-13.49603	10.00	6.083514	0	0.00	0.06528357	-3.196775	10.00	0.04299204
-13.49603	10.00	6.151806	0	0.00	0.06829168	-3.2975	10.00	0.04295058
-13.49603	10.00	6.286494	0	0.00	0.1346879	-3.344604	10.00	0.04294365
-13.49603	10.00	6.349507	0	0.00	0.06301299	-3.44576	10.00	0.04296827
-13.49603	10.00	6.48486	0	0.00	0.1353532	-3.49396	10.00	0.04297974
-13.49603	10.00	6.549378	0	0.00	0.06451775	-3.59366	10.00	0.0429156
-13.49603	10.00	6.682836	0	0.00	0.1334578	-3.640086	10.00	0.0428013
-13.49603	10.00	6.744978	0	0.00	0.06214241	-3.741858	10.00	0.04248305
-13.49603	10.00	6.881257	0	0.00	0.136279	-3.788865	10.00	0.042299
-13.49603	10.00	6.944104	0	0.00	0.06284737	-3.889197	10.00	0.04193244
-13.49603	10.00	7.078052	0	0.00	0.1339476	-3.937298	10.00	0.04178195
-13.49603	10.00	7.14222	0	0.00	0.0641681	-4.037819	10.00	0.04151937
-13.49603	10.00	7.276249	0	0.00	0.1340297	-4.086725	10.00	0.04139177
-13.49603	10.00	7.341461	0	0.00	0.06521139	-4.186394	10.00	0.04113163
-13.49603	10.00	7.474355	0	0.00	0.1328944	-4.234287	10.00	0.04100671
-13.49603	10.00	7.538212	0	0.00	0.06385668	-4.334929	10.00	0.04074504
-13.49603	10.00	7.672404	0	0.00	0.1341925	-4.384132	10.00	0.04061722
-13.49603	10.00	7.738011	0	0.00	0.06560633	-4.483994	10.00	0.04035764
-13.49603	10.00	7.871161	0	0.00	0.1331506	-4.531553	10.00	0.04023403
-13.49603	10.00	7.934574	0	0.00	0.06341218	-4.632716	10.00	0.03997116
-13.49603	10.00	8.069461	0	0.00	0.1348875	-4.680595	10.00	0.03984677
-13.49603	10.00	8.133302	0	0.00	0.0638411	-4.781475	10.00	0.03958457
-13.49603	10.00	8.26781	0	0.00	0.1345081	-4.828967	10.00	0.03946115
-13.49603	10.00	8.331135	0	0.00	0.06332442	-4.88216	10.00	0.03932295
-13.49446	10.00	8.40206	0.001562369	0.00	0.07092465	-4.98015	10.00	0.03906822
-13.48906	10.00	8.532716	0.005408433	0.00	0.1306563	-5.027349	10.00	0.03894554
-13.48462	10.00	8.59565	0.00443324	0.00	0.06293372	-5.129015	10.00	0.03868132
-13.4672	10.00	8.731207	0.01742455	0.00	0.1355571	-5.176836	10.00	0.03855709
-13.45777	10.00	8.794969	0.009430763	0.00	0.06376183	-5.229198	10.00	0.03842103
-13.44541	10.00	8.864786	0.01235457	0.00	0.06981767	-5.326505	10.00	0.03816812
-13.41868	10.00	8.994534	0.02672843	0.00	0.1297475	-5.374303	10.00	0.03804397
-13.40555	10.00	9.058263	0.01312845	0.00	0.06372927	-5.477643	10.00	0.03777536
-13.37717	10.00	9.196053	0.02838509	0.00	0.1377894	-5.553091	10.00	0.03757931
-13.35645	10.00	9.296652	0.02072382	0.00	0.1005994	-5.622649	10.00	0.03739859
-13.33734	10.00	9.389398	0.01910594	0.00	0.09274577	-5.691256	10.00	0.03722025
-13.3185	10.00	9.480875	0.01884466	0.00	0.09147742	-5.774163	10.00	0.03700479
-13.29572	10.00	9.591421	0.02277298	0.00	0.1105466	-5.82517	10.00	0.03687223
-13.2804	10.00	9.659429	0.01532672	0.00	0.06800715	-5.923607	10.00	0.03661642
-13.24827	10.00	9.790682	0.03212237	0.00	0.1312537	-5.992108	10.00	0.03643844
-13.22592	10.00	9.882018	0.02235308	0.00	0.09133586	-6.070261	10.00	0.03623528
-13.20042	10.00	9.986224	0.02550292	0.00	0.1042063	-6.124605	10.00	0.03609403
-13.18268	10.00	10.05868	0.01773328	0.00	0.07245914	-6.219472	10.00	0.03584746
-13.15173	10.00	10.18518	0.03095729	0.00	0.1264931	-6.268949	10.00	0.03571896
-13.13431	10.00	10.25115	0.01742238	0.00	0.06596871	-6.315958	10.00	0.03559673
-13.11714	10.00	10.31383	0.01716201	0.00	0.06268458	-6.365566	10.00	0.03546787
-13.09839	10.00	10.37997	0.01874888	0.00	0.06614142	-6.465612	10.00	0.03520774
-13.06058	10.00	10.51337	0.03781395	0.00	0.1333983	-6.516148	10.00	0.03507646
-13.04148	10.00	10.58075	0.01910079	0.00	0.06738288	-6.563989	10.00	0.03495216
-13.0234	10.00	10.64454	0.01808197	0.00	0.06378873	-6.61344	10.00	0.03482357
-13.00471	10.00	10.71048	0.01869109	0.00	0.06593757	-6.662796	10.00	0.03469542
-12.98669	10.00	10.77629	0.01801736	0.00	0.06580876	-6.765308	10.00	0.03442896
-12.94927	10.00	10.91297	0.0374218	0.00	0.1366839	-6.811802	10.00	0.03430815
-12.93229	10.00	10.97497	0.01697327	0.00	0.06199519	-6.913875	10.00	0.03404287
-12.89503	10.00	11.11106	0.03726135	0.00	0.1360978	-6.961723	10.00	0.03391843
-12.87757	10.00	11.17486	0.01746702	0.00	0.06379864	-7.01288	10.00	0.03378556
-12.85889	10.00	11.24307	0.01867505	0.00	0.06821099	-7.11231	10.00	0.03352703
-12.82259	10.00	11.37565	0.03629787	0.00	0.1325787	-7.159521	10.00	0.03340442
-12.80536	10.00	11.4386	0.0172341	0.00	0.06294788	-7.259703	10.00	0.03314417
-12.76879	10.00	11.57218	0.0365711	0.00	0.1335767	-7.30796	10.00	0.03301874
-12.75117	10.00	11.63652	0.01761623	0.00	0.06434363	-7.408384	10.00	0.03275773
-12.71451	10.00	11.77042	0.03665985	0.00	0.1339008	-7.45687	10.00	0.03263173
-12.69681	10.00	11.83507	0.01770033	0.00	0.06465081	-7.558362	10.00	0.03236796
-12.65976	10.00	11.9704	0.03704935	0.00	0.1353235	-7.605648	10.00	0.03224505
-12.6425	10.00	12.03345	0.01726239	0.00	0.06305121	-7.706159	10.00	0.0319838
-12.60581	10.00	12.16746	0.03669163	0.00	0.1340169	-7.754439	10.00	0.0318584
-12.58818	10.00	12.23184	0.01762476	0.00	0.06437477	-7.854525	10.00	0.03159826
-12.55165	10.00	12.36529	0.03653622	0.00	0.1334493	-7.903853	10.00	0.03147005
-12.53364	10.00	12.43106	0.01800728	0.00	0.06577195	-8.004989	10.00	0.03120714
-12.49672	10.00	12.56591	0.03691952	0.00	0.1348493	-8.050876	10.00	0.03108793
-12.47997	10.00	12.62709	0.01675119	0.00	0.06118407	-8.15298	10.00	0.0308226
-12.44269	10.00	12.76324	0.03727375	0.00	0.1361431	-8.200715	10.00	0.03069852
-12.42527	10.00	12.82688	0.01742555	0.00	0.06364717	-8.301452	10.00	0.03043676
-12.38849	10.00	12.9612	0.03677418	0.00	0.1343184	-8.349528	10.00	0.03031188
-12.37094	10.00	13.02531	0.01755035	0.00	0.06410298	-8.401555	10.00	0.03017682
-12.35195	10.00	13.09467	0.01899207	0.00	0.06936893	-8.498647	10.00	0.02992488
-12.31651	10.00	13.22413	0.03544407	0.00	0.1294602	-8.54746	10.00	0.02979816
-12.29869	10.00	13.28922	0.01781893	0.00	0.06508398	-8.649398	10.00	0.02953356
-12.26148	10.00	13.42514	0.0372129	0.00	0.1359209	-8.717778	10.00	0.02935617
-12.23651	10.00	13.51632	0.02496246	0.00	0.09117589	-8.794433	10.00	0.02915723
-12.20853	10.00	13.61852	0.02798273	0.00	0.1022075	-8.84505	10.00	0.02902589
-12.19005	10.00	13.68601	0.01847778	0.00	0.06749046	-8.945644	10.00	0.02876474
-12.15333	10.00	13.82014	0.03672225	0.00	0.1341287	-8.993812	10.00	0.02863979
-12.13575	10.00	13.88437	0.01758329	0.00	0.06422331	-9.093635	10.00	0.02838073
-12.09931	10.00	14.01747	0.03644088	0.00	0.133101	-9.143437	10.00	0.02825139
-12.08113	10.00	14.08387	0.01818091	0.00	0.06640613	-9.243695	10.00	0.02799134
-12.04453	10.00	14.21755	0.03659862	0.00	0.1336772	-9.290873	10.00	0.02786886
-12.02731	10.00	14.28045	0.01722208	0.00	0.06290399	-9.392693	10.00	0.02760461
-11.99014	10.00	14.41622	0.03716988	0.00	0.1357637	-9.456859	10.00	0.02743809
-11.96671	10.00	14.50177	0.02342346	0.00	0.08555464	-9.538575	10.00	0.02722595
-11.93688	10.00	14.61073	0.0298314	0.00	0.1089598	-9.591576	10.00	0.02708841
-11.91753	10.00	14.6814	0.01934786	0.00	0.07066843	-9.690225	10.00	0.02683242
-11.88152	10.00	14.81293	0.03601185	0.00	0.131534	-9.740424	10.00	0.0267021
-11.8632	10.00	14.87987	0.01832547	0.00	0.06693414	-9.83906	10.00	0.02644618
-11.82719	10.00	15.01138	0.03600681	0.00	0.1315156	-9.897851	10.00	0.02629357
-11.80573	10.00	15.08977	0.02146162	0.00	0.07838899	-9.987932	10.00	0.02605979
-11.77284	10.00	15.20988	0.03288461	0.00	0.1201117	-10.03455	10.00	0.02593884
-11.75582	10.00	15.27205	0.017019	0.00	0.06216223	-10.13546	10.00	0.02567697
-11.71899	10.00	15.40659	0.0368358	0.00	0.1345435	-10.18572	10.00	0.02554661
-11.70064	10.00	15.4736	0.01834717	0.00	0.06701341	-10.23782	10.00	0.02541143
-11.68162	10.00	15.54308	0.01902075	0.00	0.06947368	-10.3331	10.00	0.02516409
-11.64684	10.00	15.67012	0.03478173	0.00	0.127041	-10.3823	10.00	0.02503639
-11.62888	10.00	15.73572	0.01796077	0.00	0.06560208	-10.48268	10.00	0.02477586
-11.59223	10.00	15.86956	0.0366428	0.00	0.1338385	-10.53024	10.00	0.02465242
-11.57487	10.00	15.93299	0.01736509	0.00	0.06342634	-10.58078	10.00	0.02452128
-11.55642	10.00	16.00035	0.01844484	0.00	0.06737014	-10.68081	10.00	0.02426176
-11.5199	10.00	16.13375	0.03652111	0.00	0.1333941	-10.72897	10.00	0.02413677
-11.50232	10.00	16.19796	0.01757941	0.00	0.06420916	-10.828	10.00	0.02387973
-11.46618	10.00	16.32999	0.03614827	0.00	0.1320323	-10.87745	10.00	0.02375147
-11.44812	10.00	16.39593	0.0180534	0.00	0.0659404	-10.97838	10.00	0.02348945
-11.41128	10.00	16.53051	0.03684627	0.00	0.1345817	-11.02498	10.00	0.02336864
-11.39426	10.00	16.59265	0.01701202	0.00	0.06213675	-11.12625	10.00	0.02310576
-11.3573	10.00	16.72767	0.03696603	0.00	0.1350191	-11.17401	10.00	0.02298191
-11.33986	10.00	16.79136	0.0174364	0.00	0.0636868	-11.27455	10.00	0.02272093
-11.30316	10.00	16.92541	0.0367021	0.00	0.1340551	-11.32378	10.00	0.02259319
-11.28519	10.00	16.99104	0.01796969	0.00	0.06563464	-11.42304	10.00	0.02233559
-11.24895	10.00	17.1234	0.03623547	0.00	0.1323508	-11.47364	10.00	0.0222042
-11.23048	10.00	17.19087	0.01847235	0.00	0.06747064	-11.5736	10.00	0.02194479
-11.19399	10.00	17.32415	0.0364901	0.00	0.1332808	-11.62104	10.00	0.02182172
-11.17667	10.00	17.3874	0.01731742	0.00	0.06325223	-11.6732	10.00	0.02168632
-11.15763	10.00	17.45695	0.01904323	0.00	0.06955579	-11.77262	10.00	0.02142837
-11.12134	10.00	17.58952	0.03629438	0.00	0.1325659	-11.83576	10.00	0.02126453
-11.09829	10.00	17.6737	0.02304713	0.00	0.08418012	-11.91723	10.00	0.02105306
-11.06855	10.00	17.78233	0.02973955	0.00	0.1086243	-11.96715	10.00	0.02092347
-11.05033	10.00	17.84889	0.01822432	0.00	0.06656467	-12.06769	10.00	0.02066262
-11.01363	10.00	17.98294	0.03670093	0.00	0.1340509	-12.11794	10.00	0.02053217
-10.99528	10.00	18.04995	0.01834678	0.00	0.067012	-12.21666	10.00	0.02027607
-10.95924	10.00	18.18158	0.03603666	0.00	0.1316246	-12.26425	10.00	0.02015245
-10.94187	10.00	18.24504	0.01737478	0.00	0.06346173	-12.31698	10.00	0.02001562
-10.92262	10.00	18.31533	0.01924554	0.00	0.07029472	-12.4154	10.00	0.01976021
-10.88669	10.00	18.44657	0.03592968	0.00	0.1312339	-12.46917	10.00	0.01962066
-10.86706	10.00	18.51827	0.01963	0.00	0.07169897	-12.56424	10.00	0.01937393
-10.83236	10.00	18.64503	0.03470615	0.00	0.1267649	-12.61559	10.00	0.01924066
-10.81361	10.00	18.7135	0.01874481	0.00	0.06846579	-12.66485	10.00	0.01911277
-10.79563	10.00	18.77917	0.01798054	0.00	0.06567428	-12.7627	10.00	0.01885893
-10.75991	10.00	18.90965	0.03572389	0.00	0.1304822	-12.8106	10.00	0.01873456
-10.74242	10.00	18.97352	0.01748407	0.00	0.06386092	-12.8657	10.00	0.01859161
-10.72231	10.00	19.04699	0.02011484	0.00	0.07346986	-12.95979	10.00	0.01834739
-10.68796	10.00	19.17244	0.03434843	0.00	0.1254583	-13.01025	10.00	0.01821639
-10.66954	10.00	19.23972	0.01842004	0.00	0.06727954	-13.11008	10.00	0.01795736
-10.6331	10.00	19.37283	0.03644243	0.00	0.1331067	-13.17563	10.00	0.01778727
-10.60917	10.00	19.46023	0.02392961	0.00	0.08740338	-13.25637	10.00	0.0175777
-10.57969	10.00	19.56789	0.02947407	0.00	0.1076546	-13.31855	10.00	0.01741633
-10.557	10.00	19.65079	0.02269755	0.00	0.08290327	-13.40805	10.00	0.01718411
-10.52432	10.00	19.77013	0.03267262	0.00	0.1193374	-13.46763	10.00	0.01702945
-10.50257	10.00	19.84957	0.02174997	0.00	0.07944218	-13.55347	10.00	0.01680671
-10.47124	10.00	19.96402	0.03133475	0.00	0.1144508	-13.61803	10.00	0.01663915
-10.44767	10.00	20.05011	0.02356879	0.00	0.08608548	-13.70446	10.00	0.01641485
-10.41612	10.00	20.16536	0.03155295	0.00	0.1152478	-13.75301	10.00	0.01628884
-10.3984	10.00	20.23008	0.01772049	0.00	0.06472442	-13.85309	10.00	0.01602917
-10.36186	10.00	20.36353	0.03653506	0.00	0.133445	-13.89999	10.00	0.01590742
-10.34474	10.00	20.42605	0.01711977	0.00	0.06253028	-14.00244	10.00	0.01564148
-10.30734	10.00	20.56267	0.03740165	0.00	0.1366103	-14.0489	10.00	0.01552084
-10.29038	10.00	20.62461	0.0169597	0.00	0.06194565	-14.14947	10.00	0.01525998
-10.25626	10.00	20.7587	0.03411574	0.00	0.1340934	-14.19854	10.00	0.01513266
-10.24342	10.00	20.82414	0.01284708	0.00	0.06543929	-14.29923	10.00	0.01487127
-10.23136	10.00	20.95839	0.01205662	0.00	0.1342477	-14.34599	10.00	0.01474988
-10.23136	10.00	21.02074	0	0.00	0.06235192	-14.44772	10.00	0.01448593
-10.23136	10.00	21.15637	0	0.00	0.1356307	-14.49581	10.00	0.01436108
-10.23136	10.00	21.2205	0	0.00	0.06412847	-14.54811	10.00	0.01422539
-10.23136	10.00	21.29023	0	0.00	0.06972707	-14.64537	10.00	0.01397298
-10.23136	10.00	21.41992	0	0.00	0.1296952	-14.69851	10.00	0.01383497
-10.23136	10.00	21.49076	0	0.00	0.07084113	-14.79426	10.00	0.01358656
-10.23136	10.00	21.61844	0	0.00	0.1276751	-14.84718	10.00	0.0134492
-10.23136	10.00	21.689	0	0.00	0.07056368	-14.94402	10.00	0.01319784
-10.23136	10.00	21.81813	0	0.00	0.1291261	-15.00701	10.00	0.01303442
-10.23136	10.00	21.90211	0	0.00	0.08398193	-15.09203	10.00	0.01281375
-10.23136	10.00	22.01548	0	0.00	0.1133665	-15.13919	10.00	0.01269133
-10.23136	10.00	22.07836	0	0.00	0.0628771	-15.19021	10.00	0.01255897
-10.23136	10.00	22.14638	0	0.00	0.06802272	-15.28954	10.00	0.01230118
-10.23136	10.00	22.27883	0	0.00	0.1324499	-15.34012	10.00	0.01216986
-10.23136	10.00	22.34628	0	0.00	0.06744658	-15.43814	10.00	0.01191552
-10.23136	10.00	22.47697	0	0.00	0.130696	-15.48806	10.00	0.01178605
-10.23136	10.00	22.54353	0	0.00	0.06656042	-15.58792	10.00	0.01152671
-10.22456	10.00	22.67668	0.006800962	0.00	0.1331506	-15.63734	10.00	0.01139854
-10.21928	10.00	22.74257	0.005278998	0.00	0.06588379	-15.68941	10.00	0.01126346
-10.21103	10.00	22.812	0.008252416	0.00	0.06943122	-15.78663	10.00	0.0110111
-10.1906	10.00	22.94164	0.02042983	0.00	0.12964	-15.83476	10.00	0.01088624
-10.17924	10.00	23.0058	0.0113546	0.00	0.06416669	-15.93402	10.00	0.01062859
-10.14942	10.00	23.13814	0.02982523	0.00	0.1323395	-15.98273	10.00	0.01050218
-10.13415	10.00	23.2031	0.01526784	0.00	0.06495516	-16.0829	10.00	0.01024216
-10.09887	10.00	23.33667	0.03527657	0.00	0.1335724	-16.13262	10.00	0.01011319
-10.08073	10.00	23.40295	0.0181468	0.00	0.06628156	-16.23135	10.00	0.009856976
-10.04214	10.00	23.5346	0.03859147	0.00	0.1316444	-16.27941	10.00	0.009732265
-10.02211	10.00	23.59868	0.0200274	0.00	0.06408458	-16.38026	10.00	0.009470553
-9.980085	10.00	23.73314	0.04202211	0.00	0.1344642	-16.43041	10.00	0.009340325
-9.959186	10.00	23.79873	0.02089979	0.00	0.06558099	-16.52963	10.00	0.009082886
-9.914001	10.00	23.92077	0.04518545	0.00	0.1220423	-16.57821	10.00	0.008956765
-9.891246	10.00	23.97802	0.02275413	0.00	0.05725384	-16.63075	10.00	0.008820396
-9.866642	10.00	24.03925	0.02460427	0.00	0.06123089	-16.72968	10.00	0.00856373
-9.820307	10.00	24.15457	0.04633562	0.00	0.1153122	-16.78075	10.00	0.008431113
-9.796391	10.00	24.21408	0.02391513	0.00	0.05951587	-16.87964	10.00	0.008174496
-9.750073	10.00	24.32935	0.04631822	0.00	0.1152688	-16.9518	10.00	0.007987228
-9.716281	10.00	24.41345	0.03379184	0.00	0.08409534	-17.04333	10.00	0.007749674
-9.673411	10.00	24.52013	0.04286953	0.00	0.1066863	-17.12566	10.00	0.007535996
-9.634855	10.00	24.61609	0.03855667	0.00	0.09595323	-17.17601	10.00	0.007405321
-9.611279	10.00	24.67476	0.02357653	0.00	0.05867321	-17.27592	10.00	0.007146139
-9.564484	10.00	24.79121	0.04679505	0.00	0.1164555	-17.32692	10.00	0.007013766
-9.540597	10.00	24.85066	0.02388629	0.00	0.0594441	-17.42378	10.00	0.006762335
-9.495235	10.00	24.96355	0.04536208	0.00	0.1128894	-17.47151	10.00	0.006638437
-9.47288	10.00	25.01918	0.02235437	0.00	0.05563172	-17.57112	10.00	0.006379981
-9.42623	10.00	25.13527	0.04665036	0.00	0.1160954	-17.61876	10.00	0.006256336
-9.403921	10.00	25.19079	0.02230962	0.00	0.05552035	-17.72099	10.00	0.005991034
-9.354721	10.00	25.30467	0.04919989	0.00	0.1138758	-17.78221	10.00	0.005832132
-9.324468	10.00	25.36812	0.03025334	0.00	0.06345099	-17.86814	10.00	0.005609137
-9.278673	10.00	25.45164	0.04579415	0.00	0.08351677	-17.91533	10.00	0.005486601
-9.253526	10.00	25.49689	0.02514764	0.00	0.04525356	-18.0159	10.00	0.005225585
-9.199933	10.00	25.59203	0.05359247	0.00	0.09514204	-18.06524	10.00	0.005097532
-9.173643	10.00	25.63871	0.02629045	0.00	0.04667312	-18.16554	10.00	0.004837377
-9.120193	10.00	25.73359	0.05344933	0.00	0.09488793	-18.22842	10.00	0.004674098
-9.086686	10.00	25.79308	0.03350717	0.00	0.05948487	-18.31323	10.00	0.004454021
-9.041492	10.00	25.87331	0.04519389	0.00	0.08023216	-18.36095	10.00	0.004330172
-9.016062	10.00	25.91846	0.02543108	0.00	0.04514747	-18.41208	10.00	0.004197409
-8.988814	10.00	25.96683	0.02724657	0.00	0.0483705	-18.5112	10.00	0.003940257
-8.935996	10.00	26.0606	0.05281909	0.00	0.09376907	-18.56131	10.00	0.003810155
-8.909292	10.00	26.10801	0.02670345	0.00	0.0474063	-18.66012	10.00	0.003553796
-8.856636	10.00	26.20148	0.05265615	0.00	0.09347981	-18.71064	10.00	0.003422794
-8.829719	10.00	26.24927	0.0269173	0.00	0.04778596	-18.80861	10.00	0.003168512
-8.777512	10.00	26.34195	0.05220694	0.00	0.09268233	-18.86233	10.00	0.003029098
-8.74888	10.00	26.39278	0.02863153	0.00	0.0508292	-18.95906	10.00	0.002777881
-8.697305	10.00	26.48434	0.05157557	0.00	0.09156146	-19.00581	10.00	0.002655224
-8.67202	10.00	26.52923	0.02528455	0.00	0.04488734	-19.1031	10.00	0.002398544
-8.618876	10.00	26.62358	0.05314326	0.00	0.09434457	-19.14911	10.00	0.002276738
-8.593163	10.00	26.66923	0.02571452	0.00	0.04565066	-19.24293	10.00	0.002028198
-8.539494	10.00	26.76451	0.05366885	0.00	0.09527764	-19.28685	10.00	0.001912285
-8.513013	10.00	26.81152	0.02648111	0.00	0.04701158	-19.37234	10.00	0.001686404
-8.459908	10.00	26.90579	0.05310536	0.00	0.09427728	-19.4108	10.00	0.001584738
-8.43448	10.00	26.95093	0.02542712	0.00	0.04514045	-19.45047	10.00	0.001479723
-8.407419	10.00	26.99898	0.02706101	0.00	0.04804107	-19.52514	10.00	0.001281976
-8.354691	10.00	27.09258	0.05272856	0.00	0.09360836	-19.55916	10.00	0.001191728
-8.328904	10.00	27.13836	0.02578637	0.00	0.04577822	-19.62712	10.00	0.001011263
-8.275442	10.00	27.23327	0.05346234	0.00	0.09491103	-19.65744	10.00	0.0009306354
-8.249564	10.00	27.27921	0.02587745	0.00	0.04593992	-19.71741	10.00	0.0007709854
-8.196196	10.00	27.37396	0.05336843	0.00	0.09474431	-19.744	10.00	0.0006998455
-8.17022	10.00	27.42007	0.02597533	0.00	0.04611368	-19.79621	10.00	0.0005602175
-8.116639	10.00	27.51519	0.05358172	0.00	0.09512296	-19.81846	10.00	0.0005005264
-8.091154	10.00	27.56043	0.02548426	0.00	0.04524188	-19.86258	10.00	0.000381767
-8.037584	10.00	27.65554	0.05356984	0.00	0.09510187	-19.88097	10.00	0.0003320212
-8.012049	10.00	27.70087	0.02553631	0.00	0.04533429	-19.89905	10.00	0.000282903
-7.985047	10.00	27.74881	0.02700103	0.00	0.0479346	-19.93197	10.00	0.000192987
-7.931563	10.00	27.84376	0.05348384	0.00	0.0949492	-19.94462	10.00	0.0001580229
-7.906649	10.00	27.88799	0.02491454	0.00	0.04423048	-19.95888	10.00	0.0001181689
-7.875222	10.00	27.94378	0.03142691	0.00	0.0557918	-19.97683	10.00	6.472064E-05
-7.825112	10.00	28.03274	0.05010971	0.00	0.08895914	-19.98364	10.00	4.284509E-05
-7.79779	10.00	28.08124	0.02732238	0.00	0.04850509	-19.99418	10.00	1.24258E-05
-7.743805	10.00	28.17265	0.05398452	0.00	0.0914088	-19.9989	10.00	1.974918E-06
-7.69891	10.00	28.24695	0.04489576	0.00	0.07430235	-19.99983	10.00	5.822685E-08
-7.660069	10.00	28.31123	0.03884039	0.00	0.06428073	-20	10.00	0
-7.629136	10.00	28.35993	0.03093336	0.00	0.04869741	-20	10.00	0
-7.564054	10.00	28.44659	0.06508181	0.00	0.0866594	-20	10.00	0
-7.526209	10.00	28.48576	0.03784465	0.00	0.03916616	-20	10.00	0
-7.452796	10.00	28.55308	0.07341367	0.00	0.06732377	-20	10.00	0
-7.412603	10.00	28.58606	0.04019286	0.00	0.0329775	-20	10.00	0
-7.372766	10.00	28.61288	0.03983747	0.00	0.02682173	-20	10.00	0
-7.331427	10.00	28.63943	0.04133871	0.00	0.02654617	-20	10.00	0
-7.248559	10.00	28.68748	0.08286771	0.00	0.04805747	-20	10.00	0
-7.206872	10.00	28.71166	0.04168671	0.00	0.02417537	-20	10.00	0
-7.166237	10.00	28.73522	0.04063478	0.00	0.02356533	-20	10.00	0
-7.126549	10.00	28.75701	0.03968858	0.00	0.02178163	-20	10.00	0
-7.084655	10.00	28.77674	0.04189374	0.00	0.01973291	-20	10.00	0
-6.998065	10.00	28.80541	0.08659074	0.00	0.02867052	-20	10.00	0
-6.953061	10.00	28.81897	0.04500361	0.00	0.01356296	-20	10.00	0
-6.911914	10.00	28.83137	0.04114635	0.00	0.01240048	-20	10.00	0
-6.823859	10.00	28.85365	0.08805566	0.00	0.02227992	-20	10.00	0
-6.779981	10.00	28.86143	0.0438784	0.00	0.007774918	-20	10.00	0
-6.689101	10.00	28.87491	0.09087985	0.00	0.01347948	-20	10.00	0
-6.646083	10.00	28.88129	0.04301716	0.00	0.006380389	-20	10.00	0
-6.557311	10.00	28.89445	0.08877282	0.00	0.01316696	-20	10.00	0
-6.515131	10.00	28.90071	0.04217967	0.00	0.00625617	-20	10.00	0
-6.424984	10.00	28.91408	0.09014679	0.00	0.01337075	-20	10.00	0
-6.38186	10.00	28.92048	0.04312447	0.00	0.006396304	-20	10.00	0
-6.290926	10.00	28.93397	0.09093398	0.00	0.0134875	-20	10.00	0
-6.248308	10.00	28.94029	0.04261741	0.00	0.006321096	-20	10.00	0
-6.204656	10.00	28.94676	0.04365241	0.00	0.00647461	-20	10.00	0
-6.114202	10.00	28.96018	0.09045446	0.00	0.01341638	-20	10.00	0
-6.071821	10.00	28.96646	0.04238002	0.00	0.006285887	-20	10.00	0
-6.025577	10.00	28.97332	0.04624466	0.00	0.006859098	-20	10.00	0
-5.936597	10.00	28.98652	0.08897981	0.00	0.01319766	-20	10.00	0
-5.891965	10.00	28.99314	0.04463139	0.00	0.006619813	-20	10.00	0
-5.847285	10.00	28.99977	0.04468076	0.00	0.006627137	-20	10.00	0
-5.75956	10.00	29.01278	0.08772451	0.00	0.01301147	-20	10.00	0
-5.715993	10.00	29.01924	0.04356695	0.00	0.006461934	-20	10.00	0
-5.671203	10.00	29.02588	0.04478996	0.00	0.006643334	-20	10.00	0
-5.581956	10.00	29.03912	0.08924758	0.00	0.01323737	-20	10.00	0
-5.539255	10.00	29.04545	0.04270097	0.00	0.00633349	-20	10.00	0
-5.495099	10.00	29.052	0.04415567	0.00	0.006549254	-20	10.00	0
-5.405559	10.00	29.06528	0.08954005	0.00	0.01328075	-20	10.00	0
-5.361335	10.00	29.07184	0.04422403	0.00	0.006559394	-20	10.00	0
-5.27221	10.00	29.08506	0.0891251	0.00	0.01321921	-20	10.00	0
-5.229105	10.00	29.09146	0.04310548	0.00	0.006393487	-20	10.00	0
-5.139248	10.00	29.10478	0.08985624	0.00	0.01332765	-20	10.00	0
-5.095506	10.00	29.11127	0.04374262	0.00	0.00648799	-20	10.00	0
-5.006336	10.00	29.12707	0.08916973	0.00	0.01580019	-20	10.00	0
-4.963541	10.00	29.13465	0.04279497	0.00	0.007582942	-20	10.00	0
-4.872646	10.00	29.15076	0.09089505	0.00	0.01610591	-20	10.00	0
-4.828185	10.00	29.15864	0.04446142	0.00	0.007878224	-20	10.00	0
-4.778811	10.00	29.16739	0.04937341	0.00	0.008748591	-20	10.00	0
-4.694369	10.00	29.18235	0.08444194	0.00	0.01496247	-20	10.00	0
-4.636392	10.00	29.19262	0.05797722	0.00	0.01027312	-20	10.00	0
-4.556865	10.00	29.20671	0.07952711	0.00	0.0140916	-20	10.00	0
-4.472163	10.00	29.22172	0.08470212	0.00	0.01500857	-20	10.00	0
-4.420331	10.00	29.23104	0.05183131	0.00	0.009318628	-20	10.00	0
-4.343259	10.00	29.2449	0.07707269	0.00	0.01385672	-20	10.00	0
-4.29126	10.00	29.25425	0.05199882	0.00	0.009348745	-20	10.00	0
-4.211763	10.00	29.26854	0.0794965	0.00	0.01429249	-20	10.00	0
-4.168411	10.00	29.27633	0.04335263	0.00	0.007794266	-20	10.00	0
-4.126266	10.00	29.28391	0.04214446	0.00	0.007577053	-20	10.00	0
-4.082206	10.00	29.29183	0.04406012	0.00	0.007921465	-20	10.00	0
-3.994009	10.00	29.30769	0.08819698	0.00	0.01585673	-20	10.00	0
-3.949964	10.00	29.31561	0.04404515	0.00	0.007918773	-20	10.00	0
-3.907379	10.00	29.32327	0.04258524	0.00	0.0076563	-20	10.00	0
-3.863861	10.00	29.33109	0.04351734	0.00	0.007823879	-20	10.00	0
-3.775161	10.00	29.34704	0.08870046	0.00	0.01594725	-20	10.00	0
-3.732015	10.00	29.35479	0.04314581	0.00	0.007757083	-20	10.00	0
-3.688413	10.00	29.36263	0.04360249	0.00	0.00783919	-20	10.00	0
-3.599427	10.00	29.37863	0.08898589	0.00	0.01599856	-20	10.00	0
-3.557272	10.00	29.38621	0.04215476	0.00	0.007578904	-20	10.00	0
-3.468566	10.00	29.40216	0.08870608	0.00	0.01594826	-20	10.00	0
-3.426406	10.00	29.40974	0.04216037	0.00	0.007579914	-20	10.00	0
22.23526
