0.02252939	10.00	-49.94393	0.02252939	0.00	0.05606727	28.28002	10.00	28.28002
0.1594246	10.00	-49.60325	0.1368952	0.00	0.3406813	28.27384	10.00	28.27344
0.1960202	10.00	-49.51218	0.03659565	0.00	0.09107297	28.26513	10.00	28.26407
0.2308865	10.00	-49.42541	0.03486633	0.00	0.08676933	28.2568	10.00	28.25535
0.2546659	10.00	-49.36623	0.02377939	0.00	0.05917807	28.23741	10.00	28.23517
0.3011617	10.00	-49.25052	0.04649573	0.00	0.1157106	28.22499	10.00	28.22227
0.3238467	10.00	-49.19407	0.02268502	0.00	0.05645458	28.21013	10.00	28.20697
0.348083	10.00	-49.13375	0.02423633	0.00	0.06031523	28.17849	10.00	28.17462
0.3943321	10.00	-49.01865	0.04624911	0.00	0.1150969	28.16015	10.00	28.15593
0.4168113	10.00	-48.96271	0.02247917	0.00	0.05594229	28.11945	10.00	28.11455
0.4630271	10.00	-48.8477	0.04621579	0.00	0.1150139	28.09522	10.00	28.09006
0.4869039	10.00	-48.78828	0.02387684	0.00	0.05942059	28.06966	10.00	28.06427
0.5105048	10.00	-48.72954	0.02360089	0.00	0.05873384	28.01743	10.00	28.01165
0.5558694	10.00	-48.61665	0.04536456	0.00	0.1128955	27.98689	10.00	27.98097
0.5797875	10.00	-48.55713	0.02391811	0.00	0.0595233	27.95694	10.00	27.95092
0.6025342	10.00	-48.50051	0.02274667	0.00	0.05660801	27.89448	10.00	27.88829
0.6487072	10.00	-48.39579	0.04617304	0.00	0.1047246	27.86037	10.00	27.85413
0.6726199	10.00	-48.34551	0.02391264	0.00	0.05028082	27.82476	10.00	27.8185
0.6922407	10.00	-48.31115	0.01962083	0.00	0.03436578	27.7566	10.00	27.75035
0.6925865	10.00	-48.30828	0.000345816	0.00	0.002860835	27.71296	10.00	27.70671
0.6925865	10.00	-48.30828	0	0.00	0	27.65032	10.00	27.64407
0.6925865	10.00	-48.30828	0	0.00	0	27.6176	10.00	27.61135
0.6925865	10.00	-48.30828	0	0.00	0	27.58209	10.00	27.57585
0.6925865	10.00	-48.30828	0	0.00	0	27.51268	10.00	27.50646
0.6925865	10.00	-48.30828	0	0.00	0	27.47682	10.00	27.47059
0.6925865	10.00	-48.30828	0	0.00	0	27.4393	10.00	27.43309
0.6925865	10.00	-48.30828	0	0.00	0	27.37163	10.00	27.36543
0.6925865	10.00	-48.30828	0	0.00	0	27.33646	10.00	27.33027
0.6925865	10.00	-48.30828	0	0.00	0	27.30046	10.00	27.29426
0.6925865	10.00	-48.30828	0	0.00	0	27.23013	10.00	27.22395
0.6925865	10.00	-48.30828	0	0.00	0	27.18395	10.00	27.17777
0.6925865	10.00	-48.30828	0	0.00	0	27.12397	10.00	27.1178
0.6925865	10.00	-48.30828	0	0.00	0	27.08679	10.00	27.08063
0.6925865	10.00	-48.30828	0	0.00	0	27.01912	10.00	27.01296
0.6925865	10.00	-48.30828	0	0.00	0	26.97632	10.00	26.97017
0.6925865	10.00	-48.30828	0	0.00	0	26.9144	10.00	26.90827
0.6925865	10.00	-48.30828	0	0.00	0	26.87938	10.00	26.87324
0.6925865	10.00	-48.30619	0	0.00	0.002094298	26.83894	10.00	26.83282
0.6925865	10.00	-48.29417	0	0.00	0.01201438	26.77627	10.00	26.77016
0.6925865	10.00	-48.24695	0	0.00	0.04722551	26.74081	10.00	26.7347
0.6925865	10.00	-48.21311	0	0.00	0.03383654	26.67138	10.00	26.66528
0.6925865	10.00	-48.1012	0	0.00	0.1119093	26.63611	10.00	26.63001
0.6925865	10.00	-48.03986	0	0.00	0.0613496	26.59063	10.00	26.58455
0.6925865	10.00	-47.95494	0	0.00	0.08491267	26.53063	10.00	26.52455
0.6925865	10.00	-47.8418	0	0.00	0.11314	26.49553	10.00	26.48946
0.6925865	10.00	-47.77563	0	0.00	0.06616973	26.42605	10.00	26.41998
0.6925865	10.00	-47.64462	0	0.00	0.1310159	26.38961	10.00	26.38356
0.6925865	10.00	-47.57592	0	0.00	0.06869654	26.35454	10.00	26.34849
0.6925865	10.00	-47.50979	0	0.00	0.06613293	26.28444	10.00	26.2784
0.6925865	10.00	-47.37762	0	0.00	0.132171	26.24955	10.00	26.24352
0.6925865	10.00	-47.31185	0	0.00	0.06576771	26.21137	10.00	26.20534
0.6925865	10.00	-47.23985	0	0.00	0.0720019	26.14551	10.00	26.13948
0.6925865	10.00	-47.11567	0	0.00	0.1241772	26.10898	10.00	26.10296
0.6925865	10.00	-47.04679	0	0.00	0.06887348	26.07112	10.00	26.06511
0.6925865	10.00	-46.97541	0	0.00	0.07138047	26.00547	10.00	25.99947
0.6925865	10.00	-46.85163	0	0.00	0.1237809	25.97009	10.00	25.96409
0.6925865	10.00	-46.78492	0	0.00	0.06671756	25.93492	10.00	25.92893
0.6925865	10.00	-46.71862	0	0.00	0.06629854	25.86518	10.00	25.8592
0.6925865	10.00	-46.58711	0	0.00	0.1315085	25.82863	10.00	25.82265
0.6925865	10.00	-46.5182	0	0.00	0.06890887	25.79298	10.00	25.78701
0.6925865	10.00	-46.45097	0	0.00	0.06722575	25.72485	10.00	25.71889
0.6925865	10.00	-46.32253	0	0.00	0.1284509	25.68952	10.00	25.68356
0.6925865	10.00	-46.2559	0	0.00	0.06662271	25.65343	10.00	25.64748
0.6925865	10.00	-46.18788	0	0.00	0.06802555	25.58353	10.00	25.57759
0.6925865	10.00	-46.05606	0	0.00	0.1318143	25.54737	10.00	25.54143
0.6925865	10.00	-45.98788	0	0.00	0.06817985	25.51041	10.00	25.50448
0.6925865	10.00	-45.9182	0	0.00	0.06968036	25.44359	10.00	25.43767
0.6925865	10.00	-45.79222	0	0.00	0.1259849	25.40154	10.00	25.39563
0.6925865	10.00	-45.71292	0	0.00	0.07929071	25.33915	10.00	25.33325
0.6925865	10.00	-45.5953	0	0.00	0.1176231	25.30394	10.00	25.29804
0.6925865	10.00	-45.5289	0	0.00	0.06640047	25.26671	10.00	25.26082
0.6925865	10.00	-45.45871	0	0.00	0.0701928	25.19916	10.00	25.19328
0.6925865	10.00	-45.33135	0	0.00	0.1273566	25.16314	10.00	25.15727
0.6925865	10.00	-45.26345	0	0.00	0.06790381	25.12748	10.00	25.1216
0.6925865	10.00	-45.19618	0	0.00	0.0672668	25.05899	10.00	25.05313
0.6925865	10.00	-45.06707	0	0.00	0.1291134	25.02357	10.00	25.01771
0.6925865	10.00	-45.00027	0	0.00	0.06679825	24.98837	10.00	24.98251
0.6925865	10.00	-44.9339	0	0.00	0.06636791	24.91771	10.00	24.91187
0.6925865	10.00	-44.80067	0	0.00	0.1332341	24.88331	10.00	24.87748
0.6925865	10.00	-44.73583	0	0.00	0.06483484	24.843	10.00	24.83717
0.6925865	10.00	-44.65982	0	0.00	0.07601648	24.7773	10.00	24.77148
0.6925865	10.00	-44.53593	0	0.00	0.1238814	24.74245	10.00	24.73664
0.6925865	10.00	-44.47023	0	0.00	0.06570967	24.67306	10.00	24.66726
0.6925865	10.00	-44.33939	0	0.00	0.1308319	24.63721	10.00	24.63141
0.6925865	10.00	-44.27181	0	0.00	0.0675853	24.56621	10.00	24.56042
0.6925865	10.00	-44.13793	0	0.00	0.1338782	24.51279	10.00	24.50701
0.6925865	10.00	-44.03721	0	0.00	0.1007169	24.45864	10.00	24.45287
0.6925865	10.00	-43.93512	0	0.00	0.1020971	24.41692	10.00	24.41115
0.6925865	10.00	-43.85644	0	0.00	0.07867635	24.35603	10.00	24.35028
0.6925865	10.00	-43.74165	0	0.00	0.1147891	24.31335	10.00	24.3076
0.6925865	10.00	-43.66116	0	0.00	0.08049112	24.2524	10.00	24.24666
0.6925865	10.00	-43.54626	0	0.00	0.1148995	24.21098	10.00	24.20524
0.6925865	10.00	-43.46815	0	0.00	0.07811437	24.14573	10.00	24.14001
0.6925865	10.00	-43.34513	0	0.00	0.1230122	24.11244	10.00	24.10672
0.6925865	10.00	-43.28236	0	0.00	0.06277093	24.04247	10.00	24.03676
0.6925865	10.00	-43.15043	0	0.00	0.1319304	24.00716	10.00	24.00146
0.6925865	10.00	-43.08387	0	0.00	0.0665675	23.97101	10.00	23.96531
0.6925865	10.00	-43.0157	0	0.00	0.06816852	23.90225	10.00	23.89656
0.6925865	10.00	-42.88605	0	0.00	0.129647	23.86594	10.00	23.86026
0.6925865	10.00	-42.8176	0	0.00	0.06845164	23.82941	10.00	23.82374
0.6925865	10.00	-42.74871	0	0.00	0.06888197	23.76116	10.00	23.7555
0.6925865	10.00	-42.62003	0	0.00	0.1286844	23.72563	10.00	23.71997
0.6925865	10.00	-42.55304	0	0.00	0.06699076	23.69131	10.00	23.68565
0.6925865	10.00	-42.48833	0	0.00	0.06471451	23.62092	10.00	23.61527
0.6925865	10.00	-42.35561	0	0.00	0.132716	23.58483	10.00	23.57919
0.6925865	10.00	-42.28757	0	0.00	0.06803971	23.5497	10.00	23.54407
0.6925865	10.00	-42.22132	0	0.00	0.06624475	23.48157	10.00	23.47593
0.6925865	10.00	-42.09285	0	0.00	0.1284721	23.44594	10.00	23.44032
0.6925865	10.00	-42.02568	0	0.00	0.06717337	23.41069	10.00	23.40508
0.6925865	10.00	-41.95923	0	0.00	0.0664486	23.34138	10.00	23.33577
0.6925865	10.00	-41.82854	0	0.00	0.130696	23.3054	10.00	23.2998
0.6925865	10.00	-41.76071	0	0.00	0.06782737	23.26579	10.00	23.2602
0.6925865	10.00	-41.68603	0	0.00	0.07467735	23.19885	10.00	23.19326
0.6925865	10.00	-41.5598	0	0.00	0.1262284	23.15981	10.00	23.15423
0.6925865	10.00	-41.48619	0	0.00	0.07361142	23.09469	10.00	23.08912
0.6925865	10.00	-41.36341	0	0.00	0.1227786	23.05914	10.00	23.05357
0.6925865	10.00	-41.29638	0	0.00	0.06703748	23.02377	10.00	23.01822
0.6925865	10.00	-41.2297	0	0.00	0.06667509	22.95582	10.00	22.95028
0.6925865	10.00	-41.10158	0	0.00	0.1281182	22.92042	10.00	22.91488
0.6925865	10.00	-41.03484	0	0.00	0.06674587	22.88503	10.00	22.8795
0.6925865	10.00	-40.96812	0	0.00	0.06671756	22.81558	10.00	22.81006
0.6925865	10.00	-40.83716	0	0.00	0.1309564	22.78022	10.00	22.7747
0.6925865	10.00	-40.7705	0	0.00	0.0666666	22.70949	10.00	22.70398
0.6925865	10.00	-40.63713	0	0.00	0.1333615	22.67433	10.00	22.66882
0.6925865	10.00	-40.57083	0	0.00	0.06630279	22.63826	10.00	22.63276
0.6925865	10.00	-40.50283	0	0.00	0.06799866	22.56934	10.00	22.56386
0.6925865	10.00	-40.37289	0	0.00	0.1299471	22.53443	10.00	22.52895
0.6925865	10.00	-40.30706	0	0.00	0.06582433	22.49827	10.00	22.49279
0.6925865	10.00	-40.23888	0	0.00	0.06818126	22.43001	10.00	22.42454
0.6925865	10.00	-40.11017	0	0.00	0.1287085	22.39425	10.00	22.38878
0.6925865	10.00	-40.04275	0	0.00	0.06742535	22.35873	10.00	22.35327
0.6925865	10.00	-39.97577	0	0.00	0.06697236	22.28972	10.00	22.28428
0.6925865	10.00	-39.84566	0	0.00	0.1301099	22.25324	10.00	22.2478
0.6925865	10.00	-39.77688	0	0.00	0.06878713	22.21781	10.00	22.21238
0.6925865	10.00	-39.71008	0	0.00	0.066794	22.14835	10.00	22.14292
0.6925865	10.00	-39.57912	0	0.00	0.1309649	22.11203	10.00	22.10662
0.6925865	10.00	-39.51064	0	0.00	0.06847853	22.07859	10.00	22.07318
0.6925865	10.00	-39.44759	0	0.00	0.06305121	22.0082	10.00	22.0028
0.6925865	10.00	-39.31487	0	0.00	0.132716	21.96502	10.00	21.95962
0.6925865	10.00	-39.23344	0	0.00	0.08142965	21.90298	10.00	21.89759
0.6925865	10.00	-39.11647	0	0.00	0.1169691	21.86094	10.00	21.85556
0.6925865	10.00	-39.03721	0	0.00	0.07926381	21.79536	10.00	21.78998
0.6925865	10.00	-38.91355	0	0.00	0.1236606	21.75427	10.00	21.74891
0.6925865	10.00	-38.83609	0	0.00	0.07745754	21.69263	10.00	21.68727
0.6925865	10.00	-38.71986	0	0.00	0.1162259	21.65676	10.00	21.6514
0.6925865	10.00	-38.65222	0	0.00	0.06764476	21.58726	10.00	21.58192
0.6925865	10.00	-38.52119	0	0.00	0.1310301	21.55086	10.00	21.54552
0.6925865	10.00	-38.45256	0	0.00	0.06862859	21.48356	10.00	21.47823
0.6925865	10.00	-38.32566	0	0.00	0.1269008	21.44739	10.00	21.44206
0.6925865	10.00	-38.25746	0	0.00	0.06819966	21.4115	10.00	21.40618
0.6925865	10.00	-38.1898	0	0.00	0.06766316	21.34328	10.00	21.33797
0.6925865	10.00	-38.06116	0	0.00	0.1286405	21.30817	10.00	21.30287
0.6925865	10.00	-37.99498	0	0.00	0.06617964	21.23816	10.00	21.23287
0.6925865	10.00	-37.86297	0	0.00	0.1320082	21.203	10.00	21.19772
0.6925865	10.00	-37.79668	0	0.00	0.06628864	21.13172	10.00	21.12644
0.6925865	10.00	-37.66228	0	0.00	0.1344048	21.09715	10.00	21.09188
0.6925865	10.00	-37.5971	0	0.00	0.06517458	21.06155	10.00	21.05629
0.6925865	10.00	-37.52998	0	0.00	0.06711958	20.99247	10.00	20.98722
0.6925865	10.00	-37.39973	0	0.00	0.1302543	20.9559	10.00	20.95065
0.6925865	10.00	-37.33077	0	0.00	0.06895983	20.90936	10.00	20.90413
0.6925865	10.00	-37.24303	0	0.00	0.08773887	20.85062	10.00	20.84539
0.6925865	10.00	-37.13227	0	0.00	0.1107562	20.81722	10.00	20.81199
0.6925865	10.00	-37.0693	0	0.00	0.06297619	20.74652	10.00	20.74129
0.6925865	10.00	-36.93598	0	0.00	0.133319	20.71104	10.00	20.70582
0.6925865	10.00	-36.86908	0	0.00	0.06689309	20.67501	10.00	20.6698
0.6925865	10.00	-36.80116	0	0.00	0.06792363	20.60724	10.00	20.60204
0.6925865	10.00	-36.67339	0	0.00	0.12777	20.57091	10.00	20.56571
0.6925865	10.00	-36.60487	0	0.00	0.06851817	20.53522	10.00	20.53004
0.6925865	10.00	-36.53759	0	0.00	0.06728096	20.46606	10.00	20.46088
0.6925865	10.00	-36.40718	0	0.00	0.1304058	20.42977	10.00	20.4246
0.6925865	10.00	-36.33878	0	0.00	0.06841201	20.3919	10.00	20.38674
0.6925865	10.00	-36.26737	0	0.00	0.0714017	20.32577	10.00	20.32061
0.6925865	10.00	-36.14268	0	0.00	0.1246925	20.29005	10.00	20.2849
0.6925865	10.00	-36.07533	0	0.00	0.06735174	20.25101	10.00	20.24586
0.6925865	10.00	-36.00171	0	0.00	0.07361708	20.18633	10.00	20.18119
0.6925865	10.00	-35.87976	0	0.00	0.121952	20.15045	10.00	20.14532
0.6925865	10.00	-35.81212	0	0.00	0.06764051	20.11299	10.00	20.10786
0.6925865	10.00	-35.74149	0	0.00	0.07063304	20.04627	10.00	20.04116
0.6925865	10.00	-35.6157	0	0.00	0.125791	20.01106	10.00	20.00595
0.6925865	10.00	-35.5493	0	0.00	0.06639905	19.97268	10.00	19.96758
0.6925865	10.00	-35.47694	0	0.00	0.07236005	19.90617	10.00	19.90108
0.6925865	10.00	-35.35154	0	0.00	0.1254003	19.8707	10.00	19.86561
0.6925865	10.00	-35.28465	0	0.00	0.06688459	19.83394	10.00	19.82886
0.6925865	10.00	-35.21535	0	0.00	0.06930099	19.76599	10.00	19.76092
0.6925865	10.00	-35.08723	0	0.00	0.1281196	19.72927	10.00	19.7242
0.6925865	10.00	-35.01799	0	0.00	0.0692387	19.69306	10.00	19.688
0.6925865	10.00	-34.94972	0	0.00	0.06827044	19.62565	10.00	19.6206
0.6925865	10.00	-34.82262	0	0.00	0.1271018	19.59046	10.00	19.58542
0.6925865	10.00	-34.75628	0	0.00	0.06634243	19.51948	10.00	19.51444
0.6925865	10.00	-34.62243	0	0.00	0.1338456	19.48537	10.00	19.48035
0.6925865	10.00	-34.55813	0	0.00	0.06429834	19.44774	10.00	19.44271
0.6925865	10.00	-34.48718	0	0.00	0.07095579	19.37985	10.00	19.37484
0.6925865	10.00	-34.35917	0	0.00	0.1280134	19.33584	10.00	19.33083
0.6925865	10.00	-34.27618	0	0.00	0.0829797	19.27304	10.00	19.26804
0.6925865	10.00	-34.15777	0	0.00	0.1184102	19.2387	10.00	19.2337
0.6925865	10.00	-34.09303	0	0.00	0.06474849	19.16887	10.00	19.16389
0.6925865	10.00	-33.96137	0	0.00	0.1316557	19.1256	10.00	19.12063
0.6925865	10.00	-33.87979	0	0.00	0.08157687	19.06152	10.00	19.05655
0.6925865	10.00	-33.75895	0	0.00	0.1208393	19.02517	10.00	19.02021
0.6925865	10.00	-33.69043	0	0.00	0.06852242	18.95877	10.00	18.95382
0.6925865	10.00	-33.56523	0	0.00	0.1251979	18.92332	10.00	18.91837
0.6925865	10.00	-33.49838	0	0.00	0.06685486	18.88983	10.00	18.88489
0.6925865	10.00	-33.43525	0	0.00	0.06313331	18.85484	10.00	18.8499
0.6925865	10.00	-33.36926	0	0.00	0.0659857	18.8189	10.00	18.81397
0.6925865	10.00	-33.30151	0	0.00	0.06775093	18.78386	10.00	18.77894
0.6925865	10.00	-33.23545	0	0.00	0.06606073	18.71401	10.00	18.7091
0.6925865	10.00	-33.10374	0	0.00	0.131701	18.67836	10.00	18.67345
0.6925865	10.00	-33.03653	0	0.00	0.06721725	18.6438	10.00	18.6389
0.6925865	10.00	-32.97136	0	0.00	0.06516892	18.60947	10.00	18.60457
0.6925865	10.00	-32.90663	0	0.00	0.06473009	18.57415	10.00	18.56925
0.6925865	10.00	-32.84003	0	0.00	0.06659865	18.53804	10.00	18.53315
0.6925865	10.00	-32.77195	0	0.00	0.06808218	18.50327	10.00	18.49838
0.6925865	10.00	-32.70639	0	0.00	0.06556103	18.46909	10.00	18.46421
0.6925865	10.00	-32.64195	0	0.00	0.06443848	18.39927	10.00	18.3944
0.6925865	10.00	-32.5103	0	0.00	0.1316458	18.3626	10.00	18.35774
0.6925865	10.00	-32.44117	0	0.00	0.06913536	18.32771	10.00	18.32285
0.6925865	10.00	-32.37539	0	0.00	0.06578469	18.2937	10.00	18.28885
0.6925865	10.00	-32.31126	0	0.00	0.06412705	18.25849	10.00	18.25364
0.6925865	10.00	-32.24486	0	0.00	0.06639622	18.22345	10.00	18.21861
0.6925865	10.00	-32.17879	0	0.00	0.06606498	18.18864	10.00	18.1838
0.6925865	10.00	-32.11316	0	0.00	0.06563605	18.15285	10.00	18.14802
0.6925865	10.00	-32.04568	0	0.00	0.06747772	18.08321	10.00	18.07839
0.6925865	10.00	-31.91439	0	0.00	0.1312933	18.04713	10.00	18.04231
0.6925865	10.00	-31.84635	0	0.00	0.06804254	18.01254	10.00	18.00773
0.6925865	10.00	-31.78114	0	0.00	0.06520431	17.9782	10.00	17.97339
0.6925865	10.00	-31.71638	0	0.00	0.06476548	17.94324	10.00	17.93844
0.6925865	10.00	-31.65046	0	0.00	0.06591351	17.90765	10.00	17.90285
0.6925865	10.00	-31.58336	0	0.00	0.06710401	17.83772	10.00	17.83294
0.6925865	10.00	-31.45152	0	0.00	0.1318426	17.80291	10.00	17.79813
0.6925865	10.00	-31.38587	0	0.00	0.06564313	17.76812	10.00	17.76334
0.6925865	10.00	-31.32028	0	0.00	0.065595	17.73264	10.00	17.72786
0.6925865	10.00	-31.25338	0	0.00	0.06690016	17.69617	10.00	17.69141
0.6925865	10.00	-31.18463	0	0.00	0.06874891	17.62811	10.00	17.62336
0.6925865	10.00	-31.0563	0	0.00	0.128332	17.59155	10.00	17.5868
0.6925865	10.00	-30.98736	0	0.00	0.0689386	17.55772	10.00	17.55297
0.6925865	10.00	-30.92357	0	0.00	0.06378731	17.52267	10.00	17.51794
0.6925865	10.00	-30.85751	0	0.00	0.06606214	17.48764	10.00	17.4829
0.6925865	10.00	-30.79144	0	0.00	0.06606781	17.41715	10.00	17.41242
0.6925865	10.00	-30.65853	0	0.00	0.1329071	17.3817	10.00	17.37698
0.6925865	10.00	-30.5917	0	0.00	0.06683505	17.34612	10.00	17.34141
0.6925865	10.00	-30.52461	0	0.00	0.06708561	17.31168	10.00	17.30697
0.6925865	10.00	-30.45967	0	0.00	0.06493818	17.27668	10.00	17.27198
0.6925865	10.00	-30.39369	0	0.00	0.06598429	17.24217	10.00	17.23747
0.6925865	10.00	-30.32861	0	0.00	0.06508115	17.20616	10.00	17.20146
0.6925865	10.00	-30.26071	0	0.00	0.06789673	17.13658	10.00	17.1319
0.6925865	10.00	-30.12953	0	0.00	0.1311801	17.10182	10.00	17.09715
0.6925865	10.00	-30.06399	0	0.00	0.06554263	17.0668	10.00	17.06213
0.6925865	10.00	-29.99796	0	0.00	0.06603525	17.03201	10.00	17.02734
0.6925865	10.00	-29.93235	0	0.00	0.06560066	16.99678	10.00	16.99212
0.6925865	10.00	-29.86594	0	0.00	0.06641179	16.96172	10.00	16.95707
0.6925865	10.00	-29.79984	0	0.00	0.06609895	16.89189	10.00	16.88725
0.6925865	10.00	-29.66817	0	0.00	0.131677	16.85502	10.00	16.85038
0.6925865	10.00	-29.59865	0	0.00	0.06951474	16.82001	10.00	16.81539
0.6925865	10.00	-29.53266	0	0.00	0.06599703	16.78595	10.00	16.78133
0.6925865	10.00	-29.46843	0	0.00	0.06422473	16.71579	10.00	16.71117
0.6925865	10.00	-29.33613	0	0.00	0.1322998	16.68009	10.00	16.67547
0.6925865	10.00	-29.26882	0	0.00	0.06730927	16.6426	10.00	16.638
0.6925865	10.00	-29.19815	0	0.00	0.07066984	16.57428	10.00	16.56968
0.6925865	10.00	-29.06933	0	0.00	0.1288246	16.53091	10.00	16.52632
0.6925865	10.00	-28.98755	0	0.00	0.08177788	16.46914	10.00	16.46457
0.6925865	10.00	-28.8711	0	0.00	0.1164496	16.43484	10.00	16.43027
0.6925865	10.00	-28.80642	0	0.00	0.06468195	16.36591	10.00	16.36134
0.6925865	10.00	-28.67644	0	0.00	0.129974	16.33062	10.00	16.32605
0.6925865	10.00	-28.6099	0	0.00	0.06654485	16.29566	10.00	16.29111
0.6925865	10.00	-28.544	0	0.00	0.06589369	16.25964	10.00	16.25509
0.6925865	10.00	-28.47608	0	0.00	0.06792929	16.22465	10.00	16.22011
0.6925865	10.00	-28.4101	0	0.00	0.06597296	16.18995	10.00	16.18541
0.6925865	10.00	-28.34468	0	0.00	0.06542655	16.15428	10.00	16.14975
0.6925865	10.00	-28.27743	0	0.00	0.06724415	16.11991	10.00	16.11538
0.6925865	10.00	-28.21262	0	0.00	0.06481078	16.08502	10.00	16.08049
0.6925865	10.00	-28.14683	0	0.00	0.06579319	16.05107	10.00	16.04655
0.6925865	10.00	-28.08283	0	0.00	0.06399965	16.01565	10.00	16.01114
0.6925865	10.00	-28.01605	0	0.00	0.06677984	15.98033	10.00	15.97582
0.6925865	10.00	-27.94944	0	0.00	0.06660856	15.94509	10.00	15.94059
0.6925865	10.00	-27.88301	0	0.00	0.06642878	15.90999	10.00	15.9055
0.6925865	10.00	-27.81683	0	0.00	0.06618106	15.87519	10.00	15.8707
0.6925865	10.00	-27.7512	0	0.00	0.06562756	15.84	10.00	15.83551
0.6925865	10.00	-27.68485	0	0.00	0.06635092	15.80471	10.00	15.80023
0.6925865	10.00	-27.61832	0	0.00	0.06653211	15.77005	10.00	15.76557
0.6925865	10.00	-27.55297	0	0.00	0.06535011	15.73494	10.00	15.73047
0.6925865	10.00	-27.48677	0	0.00	0.0661938	15.66358	10.00	15.65912
0.6925865	10.00	-27.35222	0	0.00	0.1345506	15.62986	10.00	15.62541
0.6925865	10.00	-27.28864	0	0.00	0.06358489	15.59408	10.00	15.58964
0.6925865	10.00	-27.22119	0	0.00	0.06744658	15.55909	10.00	15.55465
0.6925865	10.00	-27.15521	0	0.00	0.06597862	15.52369	10.00	15.51925
0.6925865	10.00	-27.08845	0	0.00	0.06676286	15.48829	10.00	15.48386
0.6925865	10.00	-27.02172	0	0.00	0.06673738	15.4533	10.00	15.44887
0.6925865	10.00	-26.95574	0	0.00	0.06597721	15.41879	10.00	15.41437
0.6925865	10.00	-26.89068	0	0.00	0.06505708	15.38505	10.00	15.38062
0.6925865	10.00	-26.82705	0	0.00	0.0636316	15.34955	10.00	15.34514
0.6925865	10.00	-26.76012	0	0.00	0.06692423	15.31426	10.00	15.30985
0.6925865	10.00	-26.69359	0	0.00	0.06653494	15.27919	10.00	15.27478
0.6925865	10.00	-26.62745	0	0.00	0.06613576	15.24413	10.00	15.23973
0.6925865	10.00	-26.56137	0	0.00	0.06608904	15.2096	10.00	15.20522
0.6925865	10.00	-26.49626	0	0.00	0.06510238	15.17443	10.00	15.17004
0.6925865	10.00	-26.42993	0	0.00	0.06632969	15.10343	10.00	15.09905
0.6925865	10.00	-26.29606	0	0.00	0.1338711	15.06956	10.00	15.06518
0.6925865	10.00	-26.2322	0	0.00	0.06386092	15.03341	10.00	15.02904
0.6925865	10.00	-26.16404	0	0.00	0.06816003	14.99757	10.00	14.99321
0.6925865	10.00	-26.09647	0	0.00	0.06757398	14.9631	10.00	14.95874
0.6925865	10.00	-26.03148	0	0.00	0.06498772	14.92879	10.00	14.92444
0.6925865	10.00	-25.96679	0	0.00	0.06468337	14.8938	10.00	14.88946
0.6925865	10.00	-25.90082	0	0.00	0.06597862	14.8586	10.00	14.85426
0.6925865	10.00	-25.83446	0	0.00	0.066358	14.82388	10.00	14.81955
0.6925865	10.00	-25.769	0	0.00	0.06546194	14.78805	10.00	14.78372
0.6925865	10.00	-25.70144	0	0.00	0.06755982	14.75384	10.00	14.74951
0.6925865	10.00	-25.63691	0	0.00	0.06452483	14.71877	10.00	14.71445
0.6925865	10.00	-25.57081	0	0.00	0.06610603	14.68359	10.00	14.67928
0.6925865	10.00	-25.50448	0	0.00	0.06632969	14.61268	10.00	14.60837
0.6925865	10.00	-25.37076	0	0.00	0.1337154	14.57878	10.00	14.57448
0.6925865	10.00	-25.30685	0	0.00	0.06390905	14.54262	10.00	14.53832
0.6925865	10.00	-25.23867	0	0.00	0.06818268	14.50733	10.00	14.50304
0.6925865	10.00	-25.17213	0	0.00	0.06653778	14.47244	10.00	14.46816
0.6925865	10.00	-25.10635	0	0.00	0.06578045	14.4374	10.00	14.43312
0.6925865	10.00	-25.04028	0	0.00	0.06606922	14.40308	10.00	14.3988
0.6925865	10.00	-24.97557	0	0.00	0.06471451	14.36778	10.00	14.36351
0.6925865	10.00	-24.90902	0	0.00	0.06655193	14.33265	10.00	14.32838
0.6925865	10.00	-24.84278	0	0.00	0.06623767	14.29768	10.00	14.29343
0.6925865	10.00	-24.77685	0	0.00	0.06592625	14.2626	10.00	14.25835
0.6925865	10.00	-24.7107	0	0.00	0.06614991	14.22742	10.00	14.22318
0.6925865	10.00	-24.64438	0	0.00	0.06632403	14.1922	10.00	14.18796
0.6925865	10.00	-24.57797	0	0.00	0.06641038	14.1575	10.00	14.15326
0.6925865	10.00	-24.51253	0	0.00	0.06543504	14.12202	10.00	14.11779
0.6925865	10.00	-24.44564	0	0.00	0.06689025	14.0868	10.00	14.08258
0.6925865	10.00	-24.37924	0	0.00	0.06640188	14.05233	10.00	14.04811
0.6925865	10.00	-24.31425	0	0.00	0.06499055	14.01733	10.00	14.01311
0.6925865	10.00	-24.24825	0	0.00	0.06600269	13.98064	10.00	13.97643
0.6925865	10.00	-24.17907	0	0.00	0.06917783	13.91007	10.00	13.90587
0.6925865	10.00	-24.04601	0	0.00	0.1330586	13.8736	10.00	13.86941
0.6925865	10.00	-23.97725	0	0.00	0.06875598	13.80696	10.00	13.80277
0.6925865	10.00	-23.85159	0	0.00	0.1256593	13.77229	10.00	13.76811
0.6925865	10.00	-23.78623	0	0.00	0.06536285	13.73702	10.00	13.73285
0.6925865	10.00	-23.71975	0	0.00	0.06648682	13.70145	10.00	13.69728
0.6925865	10.00	-23.65266	0	0.00	0.06708278	13.66697	10.00	13.66281
0.6925865	10.00	-23.58765	0	0.00	0.06501178	13.63131	10.00	13.62715
0.6925865	10.00	-23.52041	0	0.00	0.0672399	13.59624	10.00	13.59208
0.6925865	10.00	-23.45429	0	0.00	0.06612018	13.56153	10.00	13.55738
0.6925865	10.00	-23.38885	0	0.00	0.06543646	13.52684	10.00	13.5227
0.6925865	10.00	-23.32345	0	0.00	0.06540532	13.49172	10.00	13.48759
0.6925865	10.00	-23.25724	0	0.00	0.06621078	13.45705	10.00	13.45292
0.6925865	10.00	-23.19186	0	0.00	0.06537417	13.42178	10.00	13.41765
0.6925865	10.00	-23.12536	0	0.00	0.06650522	13.34923	10.00	13.34512
0.6925865	10.00	-22.98857	0	0.00	0.1367915	13.31363	10.00	13.30952
0.6925865	10.00	-22.92145	0	0.00	0.067121	13.27952	10.00	13.27541
0.6925865	10.00	-22.85712	0	0.00	0.06432381	13.20865	10.00	13.20456
0.6925865	10.00	-22.72351	0	0.00	0.1336107	13.17397	10.00	13.16988
0.6925865	10.00	-22.65812	0	0.00	0.06539258	13.14037	10.00	13.1363
0.6925865	10.00	-22.59478	0	0.00	0.06333999	13.06841	10.00	13.06433
0.6925865	10.00	-22.45908	0	0.00	0.1357	13.0343	10.00	13.03024
0.6925865	10.00	-22.39478	0	0.00	0.06430117	12.99618	10.00	12.99212
0.6925865	10.00	-22.3229	0	0.00	0.07187309	12.92919	10.00	12.92514
0.6925865	10.00	-22.19659	0	0.00	0.1263162	12.89421	10.00	12.89017
0.6925865	10.00	-22.13065	0	0.00	0.06594182	12.82313	10.00	12.81909
0.6925865	10.00	-21.99662	0	0.00	0.1340297	12.78867	10.00	12.78464
0.6925865	10.00	-21.93165	0	0.00	0.06496932	12.75162	10.00	12.7476
0.6925865	10.00	-21.86179	0	0.00	0.06985448	12.6828	10.00	12.67879
0.6925865	10.00	-21.73203	0	0.00	0.1297674	12.64752	10.00	12.64351
0.6925865	10.00	-21.6655	0	0.00	0.06652079	12.60992	10.00	12.60591
0.6925865	10.00	-21.59461	0	0.00	0.07089351	12.54231	10.00	12.53831
0.6925865	10.00	-21.46714	0	0.00	0.1274755	12.50971	10.00	12.50572
0.6925865	10.00	-21.40567	0	0.00	0.06146294	12.43743	10.00	12.43345
0.6925865	10.00	-21.26938	0	0.00	0.1362932	12.40397	10.00	12.4
0.6925865	10.00	-21.20631	0	0.00	0.06307103	12.33193	10.00	12.32797
0.6925865	10.00	-21.07047	0	0.00	0.1358345	12.29874	10.00	12.29479
0.6925865	10.00	-21.0079	0	0.00	0.06257275	12.26021	10.00	12.25626
0.6925865	10.00	-20.93525	0	0.00	0.07265165	12.19195	10.00	12.188
0.6925865	10.00	-20.80653	0	0.00	0.1287184	12.15712	10.00	12.15319
0.6925865	10.00	-20.74088	0	0.00	0.06565587	12.08676	10.00	12.08283
0.6925865	10.00	-20.60821	0	0.00	0.132665	12.04682	10.00	12.0429
0.6925865	10.00	-20.53291	0	0.00	0.07530445	11.98138	10.00	11.97747
0.6925865	10.00	-20.40952	0	0.00	0.1233916	11.94805	10.00	11.94414
0.6925865	10.00	-20.34666	0	0.00	0.06285162	11.87695	10.00	11.87305
0.6925865	10.00	-20.21261	0	0.00	0.1340537	11.84235	10.00	11.83846
0.6925865	10.00	-20.14738	0	0.00	0.06522554	11.77144	10.00	11.76756
0.6925865	10.00	-20.01368	0	0.00	0.1337069	11.7373	10.00	11.73343
0.6925865	10.00	-19.94931	0	0.00	0.06437053	11.66595	10.00	11.66209
0.6925865	10.00	-19.81478	0	0.00	0.1345237	11.62288	10.00	11.61903
0.6925865	10.00	-19.73358	0	0.00	0.08120457	11.55925	10.00	11.55541
0.6925865	10.00	-19.6136	0	0.00	0.1199744	11.51844	10.00	11.5146
0.6925865	10.00	-19.53666	0	0.00	0.07694793	11.4555	10.00	11.45167
0.6925865	10.00	-19.41798	0	0.00	0.1186791	11.41883	10.00	11.41501
0.6925865	10.00	-19.34885	0	0.00	0.06913111	11.35036	10.00	11.34655
0.6925865	10.00	-19.21975	0	0.00	0.1290964	11.31219	10.00	11.30838
0.6925865	10.00	-19.14778	0	0.00	0.07197076	11.2459	10.00	11.24209
0.6925865	10.00	-19.02278	0	0.00	0.1250025	11.21242	10.00	11.20863
0.6925865	10.00	-18.95966	0	0.00	0.06311633	11.1407	10.00	11.13691
0.6925865	10.00	-18.82443	0	0.00	0.1352286	11.10562	10.00	11.10184
0.6925865	10.00	-18.7583	0	0.00	0.06613434	11.03511	10.00	11.03134
0.6925865	10.00	-18.62535	0	0.00	0.1329482	11.0016	10.00	10.99784
0.6925865	10.00	-18.56216	0	0.00	0.06318994	10.93073	10.00	10.92698
0.6925865	10.00	-18.42854	0	0.00	0.1336191	10.89706	10.00	10.89331
0.6925865	10.00	-18.36506	0	0.00	0.06348438	10.82535	10.00	10.82162
0.6925865	10.00	-18.22985	0	0.00	0.1352046	10.7918	10.00	10.78806
0.6925865	10.00	-18.16658	0	0.00	0.0632678	10.71953	10.00	10.7158
0.6925865	10.00	-18.03032	0	0.00	0.1362634	10.68605	10.00	10.68233
0.6925865	10.00	-17.9672	0	0.00	0.06312482	10.61445	10.00	10.61074
0.6925865	10.00	-17.8322	0	0.00	0.1349979	10.58114	10.00	10.57744
0.6925865	10.00	-17.76939	0	0.00	0.06280207	10.50933	10.00	10.50564
0.6925865	10.00	-17.63399	0	0.00	0.1354028	10.47644	10.00	10.47276
0.6925865	10.00	-17.57199	0	0.00	0.0620051	10.43934	10.00	10.43567
0.6925865	10.00	-17.50204	0	0.00	0.06994507	10.36986	10.00	10.36619
0.6925865	10.00	-17.37103	0	0.00	0.1310173	10.33624	10.00	10.33258
0.6925865	10.00	-17.30764	0	0.00	0.0633867	10.26418	10.00	10.26053
0.6925865	10.00	-17.17178	0	0.00	0.1358543	10.23123	10.00	10.22758
0.6925865	10.00	-17.10965	0	0.00	0.06212967	10.19486	10.00	10.19122
0.6925865	10.00	-17.04108	0	0.00	0.06857621	10.1239	10.00	10.12026
0.6925865	10.00	-16.90727	0	0.00	0.133806	10.09104	10.00	10.08742
0.6925865	10.00	-16.84533	0	0.00	0.06193998	10.01878	10.00	10.01516
0.6925865	10.00	-16.70907	0	0.00	0.1362606	9.985798	10.00	9.982186
0.6925865	10.00	-16.64689	0	0.00	0.0621778	9.914172	10.00	9.91057
0.6925865	10.00	-16.51184	0	0.00	0.1350503	9.87834	10.00	9.874744
0.6925865	10.00	-16.44428	0	0.00	0.06756124	9.835267	10.00	9.831678
0.6925865	10.00	-16.36307	0	0.00	0.08121165	9.774966	10.00	9.771386
0.6925865	10.00	-16.24937	0	0.00	0.1136977	9.738995	10.00	9.73542
0.6925865	10.00	-16.18155	0	0.00	0.06782312	9.66881	10.00	9.665246
0.6925865	10.00	-16.04922	0	0.00	0.132331	9.633271	10.00	9.629713
0.6925865	10.00	-15.98221	0	0.00	0.06700917	9.563625	10.00	9.560077
0.6925865	10.00	-15.85089	0	0.00	0.131316	9.529967	10.00	9.526424
0.6925865	10.00	-15.78743	0	0.00	0.06346031	9.457842	10.00	9.454309
0.6925865	10.00	-15.65144	0	0.00	0.1359916	9.424348	10.00	9.42082
0.6925865	10.00	-15.58829	0	0.00	0.0631503	9.352115	10.00	9.348599
0.6925865	10.00	-15.4521	0	0.00	0.1361927	9.315131	10.00	9.31162
0.6925865	10.00	-15.38236	0	0.00	0.06973415	9.247176	10.00	9.243674
0.6925865	10.00	-15.25424	0	0.00	0.1281267	9.212139	10.00	9.208644
0.6925865	10.00	-15.18818	0	0.00	0.06606214	9.173862	10.00	9.170372
0.6925865	10.00	-15.116	0	0.00	0.07217036	9.107162	10.00	9.103682
0.6925865	10.00	-14.99999	0	0.00	0.1160181	9.061077	10.00	9.057605
0.6925865	10.00	-14.93329	0	0.00	0.06669842	9.00075	10.00	8.997287
0.6925865	10.00	-14.89223	0	0.00	0.04105526	8.960767	10.00	8.95731
0.6925865	10.00	-14.87159	0	0.00	0.02063883	8.897505	10.00	8.894057
0.6925865	10.00	-14.85626	0	0.00	0.01533239	8.85468	10.00	8.851239
0.6925865	10.00	-14.85136	0	0.00	0.004906131	8.792229	10.00	8.788795
0.6925865	10.00	-14.85136	0	0.00	0	8.74793	10.00	8.744502
0.6925865	10.00	-14.85136	0	0.00	0	8.688206	10.00	8.684788
0.6925865	10.00	-14.85136	0	0.00	0	8.652428	10.00	8.649014
0.6925865	10.00	-14.85136	0	0.00	0	8.618807	10.00	8.6154
0.6925865	10.00	-14.85136	0	0.00	0	8.583617	10.00	8.580215
0.6925865	10.00	-14.85136	0	0.00	0	8.512854	10.00	8.50946
0.6925865	10.00	-14.85136	0	0.00	0	8.477098	10.00	8.473713
0.6925865	10.00	-14.85136	0	0.00	0	8.443151	10.00	8.439771
0.6925865	10.00	-14.85136	0	0.00	0	8.408294	10.00	8.404915
0.6925865	10.00	-14.85136	0	0.00	0	8.336935	10.00	8.333569
0.6925865	10.00	-14.85136	0	0.00	0	8.30135	10.00	8.297989
0.6925865	10.00	-14.85136	0	0.00	0	8.265289	10.00	8.261933
0.6925865	10.00	-14.85136	0	0.00	0	8.195756	10.00	8.192412
0.6925865	10.00	-14.85136	0	0.00	0	8.162076	10.00	8.158738
0.6925865	10.00	-14.85136	0	0.00	0	8.090778	10.00	8.08745
0.6925865	10.00	-14.85136	0	0.00	0	8.057439	10.00	8.054114
0.6925865	10.00	-14.84936	0	0.00	0.001993475	7.98609	10.00	7.982778
0.6925865	10.00	-14.83598	0	0.00	0.01338399	7.952445	10.00	7.949137
0.6925865	10.00	-14.82721	0	0.00	0.008768557	7.879697	10.00	7.8764
0.6925865	10.00	-14.79895	0	0.00	0.02825649	7.847082	10.00	7.843791
0.6925865	10.00	-14.7839	0	0.00	0.01504975	7.775147	10.00	7.771863
0.6925865	10.00	-14.73758	0	0.00	0.04632749	7.741414	10.00	7.738137
0.6925865	10.00	-14.71093	0	0.00	0.0266509	7.669828	10.00	7.666564
0.6925865	10.00	-14.64783	0	0.00	0.06309169	7.635997	10.00	7.632735
0.6925865	10.00	-14.6174	0	0.00	0.03043582	7.56391	10.00	7.560658
0.6925865	10.00	-14.55255	0	0.00	0.06485046	7.525159	10.00	7.521916
0.6925865	10.00	-14.51769	0	0.00	0.03485906	7.459646	10.00	7.456413
0.6925865	10.00	-14.45875	0	0.00	0.05893661	7.426426	10.00	7.423195
0.6925865	10.00	-14.42887	0	0.00	0.02988604	7.355312	10.00	7.352094
0.6925865	10.00	-14.34672	0	0.00	0.08214826	7.32085	10.00	7.317636
0.6925865	10.00	-14.29369	0	0.00	0.053027	7.248971	10.00	7.245768
0.6925865	10.00	-14.16079	0	0.00	0.1329014	7.21595	10.00	7.212752
0.6925865	10.00	-14.09853	0	0.00	0.06225849	7.144799	10.00	7.141612
0.6925865	10.00	-13.96438	0	0.00	0.1341528	7.111155	10.00	7.107973
0.6925865	10.00	-13.90094	0	0.00	0.06343625	7.03871	10.00	7.035538
0.6925865	10.00	-13.76435	0	0.00	0.1365933	7.006061	10.00	7.002896
0.6925865	10.00	-13.70279	0	0.00	0.06155636	6.934084	10.00	6.93093
0.6925865	10.00	-13.56708	0	0.00	0.1357114	6.900818	10.00	6.897666
0.6925865	10.00	-13.50436	0	0.00	0.06272422	6.864799	10.00	6.861651
0.6925865	10.00	-13.43644	0	0.00	0.06791655	6.794342	10.00	6.791207
0.6806563	10.00	-13.3036	-0.01193025	0.00	0.1328406	6.760228	10.00	6.7571
0.6611782	10.00	-13.23928	-0.01947804	0.00	0.06431957	6.688751	10.00	6.685634
0.6007917	10.00	-13.10451	-0.06038651	0.00	0.1347686	6.655818	10.00	6.652702
0.5693598	10.00	-13.04241	-0.03143188	0.00	0.06209711	6.618191	10.00	6.615083
0.5320773	10.00	-12.97147	-0.03728257	0.00	0.07094164	6.548901	10.00	6.545803
0.4558265	10.00	-12.84082	-0.07625077	0.00	0.1306478	6.508427	10.00	6.505335
0.411287	10.00	-12.76451	-0.04453945	0.00	0.07631376	6.442783	10.00	6.4397
0.3342569	10.00	-12.64074	-0.07703014	0.00	0.1237696	6.405941	10.00	6.402864
0.2910249	10.00	-12.57128	-0.043232	0.00	0.06946377	6.337889	10.00	6.334823
0.2074412	10.00	-12.44297	-0.08358368	0.00	0.1283107	6.293034	10.00	6.289973
0.1515297	10.00	-12.35839	-0.05591155	0.00	0.08457364	6.234764	10.00	6.231712
0.07464126	10.00	-12.24853	-0.0768884	0.00	0.1098672	6.181873	10.00	6.178829
0.00291972	10.00	-12.1488	-0.07172154	0.00	0.09972456	6.128143	10.00	6.125108
-0.07190087	10.00	-12.04749	-0.07482059	0.00	0.1013058	6.083071	10.00	6.080043
-0.1379574	10.00	-11.96251	-0.06605655	0.00	0.08498275	6.023222	10.00	6.020202
-0.2256704	10.00	-11.84967	-0.08771303	0.00	0.1128441	5.989529	10.00	5.986515
-0.2750483	10.00	-11.78614	-0.04937791	0.00	0.06352543	5.918164	10.00	5.915159
-0.383549	10.00	-11.65158	-0.1085007	0.00	0.1345591	5.883643	10.00	5.880644
-0.4366627	10.00	-11.5865	-0.05311363	0.00	0.06508823	5.812448	10.00	5.809459
-0.5501035	10.00	-11.45226	-0.1134408	0.00	0.1342378	5.776045	10.00	5.773062
-0.6087691	10.00	-11.38362	-0.05866558	0.00	0.06863425	5.706728	10.00	5.703754
-0.7179537	10.00	-11.25292	-0.1091846	0.00	0.1306988	5.674459	10.00	5.671491
-0.768191	10.00	-11.19208	-0.05023732	0.00	0.0608415	5.601549	10.00	5.598592
-0.8817006	10.00	-11.05461	-0.1135097	0.00	0.1374695	5.569291	10.00	5.566338
-0.9319228	10.00	-10.99379	-0.05022212	0.00	0.06082309	5.497571	10.00	5.494629
-1.043579	10.00	-10.85857	-0.1116559	0.00	0.1352244	5.462727	10.00	5.459792
-1.097826	10.00	-10.79287	-0.05424765	0.00	0.06569834	5.39101	10.00	5.388085
-1.209479	10.00	-10.65765	-0.1116524	0.00	0.1352202	5.347571	10.00	5.344652
-1.277107	10.00	-10.57574	-0.06762869	0.00	0.08190387	5.288774	10.00	5.285863
-1.368647	10.00	-10.46488	-0.09153992	0.00	0.1108623	5.252666	10.00	5.249761
-1.424861	10.00	-10.3968	-0.05621367	0.00	0.06807934	5.182128	10.00	5.179234
-1.534678	10.00	-10.2638	-0.1098173	0.00	0.1329977	5.148163	10.00	5.145274
-1.589416	10.00	-10.19977	-0.05473801	0.00	0.06403928	5.076592	10.00	5.073714
-1.704762	10.00	-10.06482	-0.1153456	0.00	0.1349455	5.04312	10.00	5.040246
-1.758707	10.00	-10.00171	-0.05394547	0.00	0.06311208	4.971851	10.00	4.968987
-1.873567	10.00	-9.867331	-0.1148592	0.00	0.1343765	4.937511	10.00	4.934654
-1.928908	10.00	-9.802586	-0.05534178	0.00	0.06474566	4.866584	10.00	4.863737
-2.043216	10.00	-9.668855	-0.1143074	0.00	0.133731	4.831663	10.00	4.828822
-2.099495	10.00	-9.603012	-0.05627952	0.00	0.06584273	4.760476	10.00	4.757644
-2.214224	10.00	-9.468788	-0.1147285	0.00	0.1342236	4.726433	10.00	4.723608
-2.269086	10.00	-9.404603	-0.05486264	0.00	0.06418509	4.689467	10.00	4.686646
-2.328662	10.00	-9.334905	-0.05957548	0.00	0.06969876	4.621166	10.00	4.618356
-2.438737	10.00	-9.206125	-0.110075	0.00	0.1287793	4.586901	10.00	4.584096
-2.493959	10.00	-9.14152	-0.055222	0.00	0.06460552	4.550484	10.00	4.547685
-2.552651	10.00	-9.072854	-0.05869221	0.00	0.06866539	4.481208	10.00	4.47842
-2.652914	10.00	-8.944767	-0.1002628	0.00	0.1280872	4.446655	10.00	4.443871
-2.702292	10.00	-8.882141	-0.04937832	0.00	0.06262577	4.375907	10.00	4.373134
-2.773688	10.00	-8.761663	-0.07139537	0.00	0.1204777	4.341825	10.00	4.339057
-2.807459	10.00	-8.704868	-0.03377192	0.00	0.05679469	4.270589	10.00	4.267831
-2.876745	10.00	-8.599168	-0.06928601	0.00	0.105701	4.236688	10.00	4.233935
-2.90972	10.00	-8.552576	-0.03297442	0.00	0.04659127	4.198719	10.00	4.195972
-2.946649	10.00	-8.511488	-0.03692937	0.00	0.04108847	4.130898	10.00	4.128161
-2.946649	10.00	-8.511488	0	0.00	0	4.096642	10.00	4.093911
-2.946649	10.00	-8.511488	0	0.00	0	4.024691	10.00	4.021969
-2.946649	10.00	-8.511488	0	0.00	0	3.989691	10.00	3.986976
-2.946649	10.00	-8.511488	0	0.00	0	3.91976	10.00	3.917054
-2.946649	10.00	-8.511488	0	0.00	0	3.876932	10.00	3.874232
-2.946649	10.00	-8.511488	0	0.00	0	3.814861	10.00	3.812171
-2.946649	10.00	-8.511488	0	0.00	0	3.772015	10.00	3.769332
-2.946649	10.00	-8.511488	0	0.00	0	3.709959	10.00	3.707285
-2.946649	10.00	-8.511488	0	0.00	0	3.663716	10.00	3.661048
-2.946649	10.00	-8.511488	0	0.00	0	3.603539	10.00	3.60088
-2.946649	10.00	-8.511488	0	0.00	0	3.555216	10.00	3.552564
-2.946649	10.00	-8.511488	0	0.00	0	3.499945	10.00	3.497302
-2.946649	10.00	-8.511488	0	0.00	0	3.465436	10.00	3.462798
-2.946649	10.00	-8.511488	0	0.00	0	3.394107	10.00	3.39148
-2.946649	10.00	-8.511488	0	0.00	0	3.359365	10.00	3.356744
-2.946649	10.00	-8.511488	0	0.00	0	3.288135	10.00	3.285524
-2.946649	10.00	-8.511488	0	0.00	0	3.255394	10.00	3.252787
-2.946649	10.00	-8.511488	0	0.00	0	3.18362	10.00	3.181026
-2.946649	10.00	-8.511488	0	0.00	0	3.129636	10.00	3.127049
-2.946649	10.00	-8.511488	0	0.00	0	3.076635	10.00	3.074055
-2.946649	10.00	-8.511488	0	0.00	0	3.008825	10.00	3.006256
-2.946649	10.00	-8.511488	0	0.00	0	2.975257	10.00	2.972692
-2.946649	10.00	-8.511488	0	0.00	0	2.902299	10.00	2.899745
-2.946649	10.00	-8.511488	0	0.00	0	2.866572	10.00	2.864024
-2.946649	10.00	-8.511488	0	0.00	0	2.831604	10.00	2.829062
-2.946649	10.00	-8.511488	0	0.00	0	2.763269	10.00	2.760736
-2.946649	10.00	-8.511488	0	0.00	0	2.729092	10.00	2.726563
-2.946649	10.00	-8.511488	0	0.00	0	2.658644	10.00	2.656189
-2.946649	10.00	-8.511488	0	0.00	0	2.624647	10.00	2.622227
-2.946649	10.00	-8.511488	0	0.00	0	2.552627	10.00	2.550246
-2.946649	10.00	-8.511488	0	0.00	0	2.518708	10.00	2.516372
-2.946649	10.00	-8.511488	0	0.00	0	2.447249	10.00	2.445024
-2.946649	10.00	-8.511488	0	0.00	0	2.412467	10.00	2.410296
-2.946649	10.00	-8.511488	0	0.00	0	2.342627	10.00	2.340565
-2.946649	10.00	-8.511488	0	0.00	0	2.308799	10.00	2.306788
-2.946649	10.00	-8.511488	0	0.00	0	2.237791	10.00	2.23589
-2.946649	10.00	-8.511488	0	0.00	0	2.203374	10.00	2.201525
-2.946649	10.00	-8.511488	0	0.00	0	2.131739	10.00	2.13
-2.946649	10.00	-8.511488	0	0.00	0	2.097774	10.00	2.096087
-2.946649	10.00	-8.511488	0	0.00	0	2.027244	10.00	2.025664
-2.946649	10.00	-8.511488	0	0.00	0	1.992739	10.00	1.991212
-2.946649	10.00	-8.511488	0	0.00	0	1.921957	10.00	1.920537
-2.946649	10.00	-8.511488	0	0.00	0	1.887329	10.00	1.885961
-2.946649	10.00	-8.511488	0	0.00	0	1.816724	10.00	1.815462
-2.946649	10.00	-8.511488	0	0.00	0	1.782449	10.00	1.781238
-2.946649	10.00	-8.511488	0	0.00	0	1.711183	10.00	1.710079
-2.946649	10.00	-8.511488	0	0.00	0	1.676752	10.00	1.675699
-2.946649	10.00	-8.511488	0	0.00	0	1.606538	10.00	1.605589
-2.946649	10.00	-8.511488	0	0.00	0	1.571604	10.00	1.570707
-2.946649	10.00	-8.511488	0	0.00	0	1.501226	10.00	1.500433
-2.946649	10.00	-8.511488	0	0.00	0	1.467337	10.00	1.466594
-2.946649	10.00	-8.511488	0	0.00	0	1.395474	10.00	1.394836
-2.946649	10.00	-8.511488	0	0.00	0	1.362464	10.00	1.361874
-2.946649	10.00	-8.511488	0	0.00	0	1.323904	10.00	1.32337
-2.946649	10.00	-8.511488	0	0.00	0	1.253131	10.00	1.2527
-2.946649	10.00	-8.511488	0	0.00	0	1.212573	10.00	1.212201
-2.946649	10.00	-8.511488	0	0.00	0	1.149506	10.00	1.149225
-2.946649	10.00	-8.511488	0	0.00	0	1.105114	10.00	1.104897
-2.946649	10.00	-8.511488	0	0.00	0	1.044755	10.00	1.044625
-2.946649	10.00	-8.511488	0	0.00	0	1.001095	10.00	1.001026
-2.946649	10.00	-8.511488	0	0.00	0	0.9396653	10.00	0.9396843
-2.946649	10.00	-8.511488	0	0.00	0	0.8968267	10.00	0.8969066
-2.946649	10.00	-8.511488	0	0.00	0.0002150216	0.8336551	10.00	0.8338097
-2.946649	10.00	-8.477735	0	0.00	0.03375311	0.7752479	10.00	0.7754245
-2.946649	10.00	-8.425196	0	0.00	0.05253916	0.7295336	10.00	0.7297743
-2.946649	10.00	-8.360718	0	0.00	0.06447764	0.6607392	10.00	0.6610771
-2.946649	10.00	-8.236064	0	0.00	0.1246542	0.624953	10.00	0.6253833
-2.946649	10.00	-8.169958	0	0.00	0.06610572	0.5914375	10.00	0.5919808
-2.946649	10.00	-8.106862	0	0.00	0.06309651	0.5561204	10.00	0.5567877
-2.946649	10.00	-8.040321	0	0.00	0.06654061	0.5202971	10.00	0.521055
-2.946649	10.00	-7.972805	0	0.00	0.06751594	0.450022	10.00	0.450897
-2.946649	10.00	-7.840209	0	0.00	0.1325957	0.4151678	10.00	0.4160905
-2.946649	10.00	-7.774398	0	0.00	0.06581159	0.3813211	10.00	0.3822823
-2.946649	10.00	-7.710432	0	0.00	0.06396568	0.345552	10.00	0.3466443
-2.946649	10.00	-7.642898	0	0.00	0.06753434	0.3106489	10.00	0.3119683
-2.946649	10.00	-7.577069	0	0.00	0.06582858	0.2400097	10.00	0.2418416
-2.946649	10.00	-7.443832	0	0.00	0.1332369	0.2041189	10.00	0.2062392
-2.946649	10.00	-7.376115	0	0.00	0.06771696	0.1706586	10.00	0.1730933
-2.946649	10.00	-7.312994	0	0.00	0.06312199	0.1352925	10.00	0.1381709
-2.946649	10.00	-7.246344	0	0.00	0.06664961	0.06423213	10.00	0.06809642
-2.946649	10.00	-7.112432	0	0.00	0.1339122	0.02890278	10.00	0.03331105
-2.946649	10.00	-7.045861	0	0.00	0.06657033	-0.005513347	10.00	-0.000540751
-2.946649	10.00	-6.980957	0	0.00	0.06490421	-0.03994587	10.00	-0.03446262
-2.946649	10.00	-6.915884	0	0.00	0.06507266	-0.07481889	10.00	-0.06884717
-2.946649	10.00	-6.849795	0	0.00	0.06608904	-0.145254	10.00	-0.1381913
-2.946649	10.00	-6.716105	0	0.00	0.1336899	-0.1795417	10.00	-0.1710696
-2.946649	10.00	-6.648162	0	0.00	0.06794345	-0.2115755	10.00	-0.202058
-2.946649	10.00	-6.58533	0	0.00	0.0628318	-0.2811098	10.00	-0.2699685
-2.946649	10.00	-6.450566	0	0.00	0.1347643	-0.3124701	10.00	-0.3002679
-2.946649	10.00	-6.387158	0	0.00	0.06340794	-0.3462819	10.00	-0.3334164
-2.946649	10.00	-6.320685	0	0.00	0.06647266	-0.4153941	10.00	-0.4012895
-2.946649	10.00	-6.18653	0	0.00	0.1341556	-0.4478795	10.00	-0.4327649
-2.946649	10.00	-6.121652	0	0.00	0.06487731	-0.4806734	10.00	-0.4646539
-2.946649	10.00	-6.05757	0	0.00	0.06408175	-0.5508821	10.00	-0.5334307
-2.946649	10.00	-5.921808	0	0.00	0.1357623	-0.5836608	10.00	-0.5662116
-2.946649	10.00	-5.856079	0	0.00	0.06572948	-0.6166273	10.00	-0.5991307
-2.948704	10.00	-5.791266	-0.002055289	0.00	0.06481219	-0.6858367	10.00	-0.6679523
-2.950356	10.00	-5.657461	-0.001651927	0.00	0.133806	-0.7186956	10.00	-0.7009995
-2.953639	10.00	-5.593191	-0.003282735	0.00	0.06427003	-0.75267	10.00	-0.7350454
-2.957007	10.00	-5.527261	-0.003367474	0.00	0.06592908	-0.8213554	10.00	-0.8037913
-2.963844	10.00	-5.3934	-0.006837259	0.00	0.1338612	-0.8554057	10.00	-0.835355
-2.969243	10.00	-5.326023	-0.00539866	0.00	0.06737722	-0.8870904	10.00	-0.865748
-2.974267	10.00	-5.263314	-0.005024587	0.00	0.06270865	-0.9548587	10.00	-0.9325864
-2.985029	10.00	-5.129007	-0.01076148	0.00	0.1343071	-0.9882477	10.00	-0.9633899
-2.990318	10.00	-5.062999	-0.005288979	0.00	0.06600835	-1.020728	10.00	-0.9948082
-2.994845	10.00	-4.998729	-0.004527373	0.00	0.06427003	-1.087793	10.00	-1.060912
-3.005471	10.00	-4.866111	-0.01062616	0.00	0.1326183	-1.121217	10.00	-1.090238
-3.010682	10.00	-4.801075	-0.005211056	0.00	0.06503585	-1.155537	10.00	-1.120493
-3.016023	10.00	-4.734421	-0.0053407	0.00	0.06665386	-1.224332	10.00	-1.184245
-3.026775	10.00	-4.600234	-0.01075184	0.00	0.1341868	-1.257714	10.00	-1.211297
-3.031872	10.00	-4.536618	-0.005097291	0.00	0.06361603	-1.292905	10.00	-1.241137
-3.037271	10.00	-4.469235	-0.005399114	0.00	0.06738288	-1.362205	10.00	-1.304369
-3.048037	10.00	-4.334874	-0.01076579	0.00	0.1343609	-1.405232	10.00	-1.340403
-3.054554	10.00	-4.253545	-0.006516571	0.00	0.08132914	-1.465974	10.00	-1.394886
-3.06386	10.00	-4.137397	-0.00930647	0.00	0.1161481	-1.502206	10.00	-1.425714
-3.069198	10.00	-4.070781	-0.005337637	0.00	0.06661563	-1.570975	10.00	-1.490993
-3.079764	10.00	-3.938909	-0.01056639	0.00	0.1318723	-1.605625	10.00	-1.523227
-3.084986	10.00	-3.87373	-0.005222512	0.00	0.06517883	-1.673799	10.00	-1.59092
-3.095598	10.00	-3.741295	-0.01061153	0.00	0.1324357	-1.711297	10.00	-1.628158
-3.1014	10.00	-3.668884	-0.005801997	0.00	0.07241101	-1.776752	10.00	-1.693226
-3.111514	10.00	-3.542654	-0.01011428	0.00	0.1262298	-1.811011	10.00	-1.727145
-3.116798	10.00	-3.476711	-0.005283761	0.00	0.06594323	-1.844833	10.00	-1.758511
-3.121901	10.00	-3.413027	-0.005102735	0.00	0.06368397	-1.916933	10.00	-1.825944
-3.132747	10.00	-3.277666	-0.01084587	0.00	0.1353603	-1.952775	10.00	-1.854513
-3.137791	10.00	-3.214713	-0.005044209	0.00	0.06295354	-1.989973	10.00	-1.885546
-3.143101	10.00	-3.148448	-0.005309508	0.00	0.06626457	-2.062688	10.00	-1.952096
-3.153888	10.00	-3.013823	-0.010787	0.00	0.1346256	-2.099861	10.00	-1.983126
-3.15916	10.00	-2.948018	-0.005272646	0.00	0.06580451	-2.135278	10.00	-2.014209
-3.164296	10.00	-2.883918	-0.005136082	0.00	0.06410015	-2.20577	10.00	-2.081323
-3.17496	10.00	-2.750825	-0.01066416	0.00	0.1330925	-2.24055	10.00	-2.114297
-3.180194	10.00	-2.685509	-0.005233514	0.00	0.06531613	-2.275098	10.00	-2.148378
-3.185519	10.00	-2.619055	-0.005324707	0.00	0.06645426	-2.344728	10.00	-2.21758
-3.196278	10.00	-2.484776	-0.01075921	0.00	0.1342788	-2.376796	10.00	-2.249817
-3.20125	10.00	-2.422724	-0.004971957	0.00	0.06205181	-2.411567	10.00	-2.284863
-3.20664	10.00	-2.355446	-0.00539072	0.00	0.06727812	-2.481384	10.00	-2.355237
-3.217464	10.00	-2.220361	-0.01082386	0.00	0.1350857	-2.515379	10.00	-2.38952
-3.220825	10.00	-2.154565	-0.003360678	0.00	0.06579602	-2.547764	10.00	-2.422136
-3.224025	10.00	-2.091905	-0.003200453	0.00	0.0626591	-2.582017	10.00	-2.456534
-3.227405	10.00	-2.025741	-0.003379477	0.00	0.06616407	-2.651713	10.00	-2.526333
-3.234268	10.00	-1.891369	-0.00686336	0.00	0.1343722	-2.684654	10.00	-2.559147
-3.23751	10.00	-1.827909	-0.003241377	0.00	0.06346031	-2.719537	10.00	-2.593857
-3.246812	10.00	-1.760607	-0.009302724	0.00	0.06730219	-2.788329	10.00	-2.662362
-3.267769	10.00	-1.627622	-0.02095697	0.00	0.132985	-2.821554	10.00	-2.695435
-3.279792	10.00	-1.563203	-0.01202295	0.00	0.06441866	-2.856018	10.00	-2.729539
-3.292994	10.00	-1.495955	-0.01320224	0.00	0.0672484	-2.923646	10.00	-2.796024
-3.315236	10.00	-1.362989	-0.02224133	0.00	0.1329651	-2.95578	10.00	-2.826663
-3.326091	10.00	-1.298094	-0.01085523	0.00	0.06489571	-2.989488	10.00	-2.859606
-3.337334	10.00	-1.230879	-0.01124308	0.00	0.06721442	-3.056353	10.00	-2.925719
-3.359441	10.00	-1.09872	-0.0221066	0.00	0.1321597	-3.088678	10.00	-2.956573
-3.37164	10.00	-1.033357	-0.01219917	0.00	0.06536285	-3.122578	10.00	-2.989556
-3.384844	10.00	-0.9660971	-0.01320446	0.00	0.06725972	-3.190439	10.00	-3.055944
-3.411027	10.00	-0.8327313	-0.02618243	0.00	0.1333658	-3.221643	10.00	-3.085042
-3.423438	10.00	-0.7695145	-0.01241076	0.00	0.06321684	-3.25473	10.00	-3.116859
-3.438308	10.00	-0.703533	-0.01487019	0.00	0.06598146	-3.323323	10.00	-3.184488
-3.469908	10.00	-0.5690929	-0.03160044	0.00	0.1344402	-3.356689	10.00	-3.217568
-3.485541	10.00	-0.5025848	-0.01563285	0.00	0.06650805	-3.388551	10.00	-3.249578
-3.500381	10.00	-0.4394501	-0.01483995	0.00	0.06313473	-3.45812	10.00	-3.319676
-3.53232	10.00	-0.3035688	-0.03193916	0.00	0.1358812	-3.491383	10.00	-3.353503
-3.547612	10.00	-0.2385132	-0.01529147	0.00	0.06505567	-3.53074	10.00	-3.393765
-3.565758	10.00	-0.1613118	-0.01814633	0.00	0.07720132	-3.591756	10.00	-3.456094
-3.593948	10.00	-0.04138134	-0.02818991	0.00	0.1199305	-3.624214	10.00	-3.487249
-3.608991	10.00	0.02261972	-0.01504358	0.00	0.06400106	-3.658025	10.00	-3.520323
-3.624676	10.00	0.08934578	-0.01568409	0.00	0.06672605	-3.726791	10.00	-3.589032
-3.656581	10.00	0.2250854	-0.03190589	0.00	0.1357397	-3.760085	10.00	-3.619942
-3.671906	10.00	0.2902813	-0.01532441	0.00	0.06519581	-3.792454	10.00	-3.651412
-3.686859	10.00	0.3538987	-0.01495341	0.00	0.06361745	-3.861964	10.00	-3.720528
-3.719061	10.00	0.4908968	-0.03220169	0.00	0.1369981	-3.902045	10.00	-3.756139
-3.737241	10.00	0.5682425	-0.01818027	0.00	0.07734571	-3.96297	10.00	-3.812853
-3.765123	10.00	0.6868636	-0.02788213	0.00	0.1186211	-4.019429	10.00	-3.864096
-3.790903	10.00	0.7965383	-0.02577925	0.00	0.1096747	-4.064829	10.00	-3.904101
-3.81152	10.00	0.8842517	-0.02061721	0.00	0.08771339	-4.134608	10.00	-3.969173
-3.847445	10.00	1.02028	-0.03592521	0.00	0.1360285	-4.183749	10.00	-4.012651
-3.873036	10.00	1.113751	-0.0255907	0.00	0.09347054	-4.235743	10.00	-4.059788
-3.900037	10.00	1.212373	-0.02700104	0.00	0.09862183	-4.271685	10.00	-4.091546
-3.918311	10.00	1.279118	-0.01827392	0.00	0.06674587	-4.341501	10.00	-4.158997
-3.955086	10.00	1.413441	-0.03677534	0.00	0.1343227	-4.376487	10.00	-4.190825
-3.972739	10.00	1.477921	-0.01765344	0.00	0.06447953	-4.411161	10.00	-4.224806
-3.990977	10.00	1.544532	-0.0182371	0.00	0.06661139	-4.480287	10.00	-4.29401
-4.027722	10.00	1.678746	-0.0367455	0.00	0.1342137	-4.514583	10.00	-4.328284
-4.045839	10.00	1.744918	-0.01811696	0.00	0.06617256	-4.549111	10.00	-4.362646
-4.064004	10.00	1.811268	-0.01816541	0.00	0.06634951	-4.618929	10.00	-4.429229
-4.100161	10.00	1.94333	-0.03615641	0.00	0.132062	-4.654246	10.00	-4.459456
-4.11782	10.00	2.007829	-0.01765886	0.00	0.06449935	-4.689875	10.00	-4.490629
-4.135688	10.00	2.073094	-0.01786853	0.00	0.06526517	-4.762491	10.00	-4.558675
-4.172771	10.00	2.208541	-0.03708307	0.00	0.1354467	-4.799885	10.00	-4.590687
-4.190969	10.00	2.275008	-0.01819758	0.00	0.066467	-4.835186	10.00	-4.62331
-4.208687	10.00	2.339724	-0.01771816	0.00	0.06471593	-4.905603	10.00	-4.692654
-4.245151	10.00	2.472908	-0.03646374	0.00	0.1331846	-4.939093	10.00	-4.724622
-4.262067	10.00	2.534694	-0.01691591	0.00	0.06178569	-4.975669	10.00	-4.761322
-4.281183	10.00	2.604516	-0.0191161	0.00	0.06982192	-5.043931	10.00	-4.830071
-4.316905	10.00	2.734994	-0.03572273	0.00	0.130478	-5.079356	10.00	-4.865947
-4.335453	10.00	2.802739	-0.01854754	0.00	0.06774527	-5.147649	10.00	-4.935221
-4.371185	10.00	2.93325	-0.03573164	0.00	0.1305105	-5.183803	10.00	-4.967375
-4.388888	10.00	2.997913	-0.01770382	0.00	0.06466355	-5.255178	10.00	-5.037713
-4.425613	10.00	3.132051	-0.03672457	0.00	0.1341372	-5.29074	10.00	-5.070692
-4.443252	10.00	3.196478	-0.0176391	0.00	0.06442715	-5.36074	10.00	-5.14142
-4.47981	10.00	3.330005	-0.03655754	0.00	0.1335271	-5.395056	10.00	-5.175279
-4.497381	10.00	3.394184	-0.01757127	0.00	0.06417943	-5.466439	10.00	-5.247865
-4.534727	10.00	3.530591	-0.03734584	0.00	0.1364064	-5.499548	10.00	-5.281621
-4.552049	10.00	3.593861	-0.01732246	0.00	0.06327063	-5.569391	10.00	-5.352923
-4.588593	10.00	3.727339	-0.03654397	0.00	0.1334776	-5.603149	10.00	-5.387465
-4.606259	10.00	3.791864	-0.01766584	0.00	0.06452483	-5.674188	10.00	-5.460144
-4.643431	10.00	3.927634	-0.03717182	0.00	0.1357708	-5.709212	10.00	-5.49598
-4.661758	10.00	3.994576	-0.01832741	0.00	0.06694122	-5.777786	10.00	-5.56614
-4.69764	10.00	4.125636	-0.03588202	0.00	0.1310598	-5.825871	10.00	-5.61534
-4.722803	10.00	4.217542	-0.02516245	0.00	0.09190633	-5.878939	10.00	-5.669635
-4.75057	10.00	4.318962	-0.02776725	0.00	0.1014204	-5.913881	10.00	-5.705385
-4.768854	10.00	4.385744	-0.01828361	0.00	0.06678126	-5.984227	10.00	-5.777359
-4.805662	10.00	4.520186	-0.03680829	0.00	0.134443	-6.01826	10.00	-5.812177
-4.82347	10.00	4.585229	-0.01780769	0.00	0.06504293	-6.087892	10.00	-5.883422
-4.859905	10.00	4.718312	-0.03643584	0.00	0.1330826	-6.121422	10.00	-5.917727
-4.877449	10.00	4.78239	-0.01754337	0.00	0.0640775	-6.191679	10.00	-5.989606
-4.91421	10.00	4.91666	-0.03676101	0.00	0.1342703	-6.225033	10.00	-6.023733
-4.923021	10.00	4.974232	-0.008811017	0.00	0.0575725	-6.295683	10.00	-6.096014
-4.923021	10.00	4.994203	0	0.00	0.01997015	-6.329851	10.00	-6.130971
-4.923021	10.00	4.994203	0	0.00	0	-6.400209	10.00	-6.202955
-4.923021	10.00	4.994203	0	0.00	0	-6.445626	10.00	-6.249422
-4.923021	10.00	4.994203	0	0.00	0	-6.503237	10.00	-6.308364
-4.923021	10.00	4.994203	0	0.00	0	-6.552005	10.00	-6.358258
-4.923021	10.00	4.994203	0	0.00	0	-6.607054	10.00	-6.414579
-4.923021	10.00	4.994203	0	0.00	0	-6.653493	10.00	-6.46209
-4.923021	10.00	4.994203	0	0.00	0	-6.711202	10.00	-6.521128
-4.923021	10.00	5.012649	0	0.00	0.01844612	-6.745438	10.00	-6.556156
-4.91461	10.00	5.0407	0.008410677	0.00	0.02805143	-6.814104	10.00	-6.626408
-4.8736	10.00	5.145241	0.04100948	0.00	0.1045408	-6.849088	10.00	-6.662199
-4.850765	10.00	5.202387	0.02283568	0.00	0.05714585	-6.881946	10.00	-6.695816
-4.829318	10.00	5.256667	0.02144753	0.00	0.05428003	-6.916465	10.00	-6.73113
-4.806785	10.00	5.313693	0.02253252	0.00	0.05702597	-6.986522	10.00	-6.802802
-4.761056	10.00	5.429424	0.04572842	0.00	0.1157308	-7.021698	10.00	-6.838792
-4.738095	10.00	5.487535	0.0229614	0.00	0.05811137	-7.055401	10.00	-6.873271
-4.716096	10.00	5.543211	0.02199921	0.00	0.05567625	-7.089651	10.00	-6.908309
-4.69374	10.00	5.599789	0.02235556	0.00	0.0565781	-7.124154	10.00	-6.943609
-4.671219	10.00	5.656787	0.0225214	0.00	0.05699782	-7.193964	10.00	-7.015028
-4.62565	10.00	5.772113	0.04556838	0.00	0.1153258	-7.229135	10.00	-7.05101
-4.602694	10.00	5.830214	0.02295705	0.00	0.05810036	-7.263238	10.00	-7.085899
-4.579802	10.00	5.88655	0.02289136	0.00	0.05633704	-7.333966	10.00	-7.158257
-4.532327	10.00	6.007316	0.04747524	0.00	0.1207658	-7.366664	10.00	-7.19171
-4.510377	10.00	6.063151	0.02194963	0.00	0.05583466	-7.437257	10.00	-7.26393
-4.462993	10.00	6.183686	0.04738475	0.00	0.1205356	-7.472237	10.00	-7.299715
-4.439512	10.00	6.243414	0.02348006	0.00	0.05972771	-7.506015	10.00	-7.334271
-4.416839	10.00	6.301092	0.02267408	0.00	0.05767748	-7.576663	10.00	-7.406547
-4.369418	10.00	6.424333	0.04742055	0.00	0.1232411	-7.61547	10.00	-7.446247
-4.343369	10.00	6.493468	0.02604918	0.00	0.06913535	-7.679989	10.00	-7.512252
-4.30006	10.00	6.60841	0.04330857	0.00	0.1149423	-7.712584	10.00	-7.545598
-4.278181	10.00	6.666479	0.02187952	0.00	0.05806895	-7.783506	10.00	-7.618155
-4.230574	10.00	6.79283	0.04760701	0.00	0.1263505	-7.816596	10.00	-7.652005
-4.208363	10.00	6.851778	0.02221067	0.00	0.05894782	-7.887126	10.00	-7.724156
-4.161019	10.00	6.977429	0.04734349	0.00	0.1256511	-7.919443	10.00	-7.757215
-4.139328	10.00	7.035	0.02169207	0.00	0.05757145	-7.99185	10.00	-7.831291
-4.090723	10.00	7.168017	0.04860443	0.00	0.1330173	-8.032053	10.00	-7.872419
-4.063737	10.00	7.241871	0.02698594	0.00	0.07385332	-8.09376	10.00	-7.935545
-4.022316	10.00	7.355229	0.04142113	0.00	0.1133586	-8.127196	10.00	-7.96975
-3.999871	10.00	7.416655	0.02244486	0.00	0.06142559	-8.198644	10.00	-8.042842
-3.95191	10.00	7.54791	0.04796053	0.00	0.1312552	-8.23114	10.00	-8.076085
-3.930098	10.00	7.607606	0.0218129	0.00	0.05969608	-8.302302	10.00	-8.148882
-3.882329	10.00	7.740971	0.0477691	0.00	0.133365	-8.335714	10.00	-8.183064
-3.8599	10.00	7.804208	0.02242895	0.00	0.06323696	-8.371297	10.00	-8.219462
-3.836015	10.00	7.871549	0.0238843	0.00	0.06734023	-8.440457	10.00	-8.290214
-3.789589	10.00	8.003724	0.04642612	0.00	0.1321753	-8.473297	10.00	-8.323807
-3.767545	10.00	8.066484	0.0220446	0.00	0.06276102	-8.54422	10.00	-8.396358
-3.719936	10.00	8.202024	0.047608	0.00	0.1355401	-8.577885	10.00	-8.430798
-3.697336	10.00	8.266367	0.02259999	0.00	0.06434222	-8.646736	10.00	-8.50123
-3.653667	10.00	8.397949	0.04366959	0.00	0.1315821	-8.681766	10.00	-8.537065
-3.632096	10.00	8.464897	0.02157061	0.00	0.06694829	-8.751696	10.00	-8.608597
-3.589036	10.00	8.598542	0.04306003	0.00	0.1336446	-8.783978	10.00	-8.641621
-3.569157	10.00	8.660241	0.01987941	0.00	0.06169934	-8.855527	10.00	-8.714811
-3.525099	10.00	8.796984	0.04405797	0.00	0.1367419	-8.889922	10.00	-8.749996
-3.50392	10.00	8.862716	0.02117882	0.00	0.06573232	-8.959836	10.00	-8.821513
-3.462162	10.00	8.996336	0.04175845	0.00	0.1336206	-9.001887	10.00	-8.864531
-3.437045	10.00	9.076706	0.02511665	0.00	0.08036938	-9.061306	10.00	-8.925313
-3.401554	10.00	9.190271	0.03549112	0.00	0.1135661	-9.109319	10.00	-8.974425
-3.372878	10.00	9.282031	0.02867611	0.00	0.09175912	-9.164879	10.00	-9.031261
-3.339691	10.00	9.388225	0.03318715	0.00	0.1061938	-9.202395	10.00	-9.069636
-3.317283	10.00	9.459925	0.02240746	0.00	0.07170039	-9.268573	10.00	-9.137328
-3.277756	10.00	9.586407	0.03952748	0.00	0.1264818	-9.313408	10.00	-9.18319
-3.250976	10.00	9.672097	0.02677959	0.00	0.08569054	-9.372563	10.00	-9.243702
-3.215642	10.00	9.785159	0.03533363	0.00	0.1130621	-9.407875	10.00	-9.279823
-3.195203	10.00	9.852653	0.02043914	0.00	0.06749329	-9.441161	10.00	-9.31387
-3.176554	10.00	9.91627	0.01864941	0.00	0.06361745	-9.475705	10.00	-9.349206
-3.157198	10.00	9.982297	0.0193557	0.00	0.06602675	-9.545743	10.00	-9.420847
-3.117956	10.00	10.11616	0.03924215	0.00	0.133864	-9.580771	10.00	-9.456676
-3.098979	10.00	10.18311	0.0189776	0.00	0.06694829	-9.614182	10.00	-9.49085
-3.081494	10.00	10.24697	0.01748407	0.00	0.06386092	-9.64885	10.00	-9.526314
-3.063352	10.00	10.31323	0.01814215	0.00	0.06626457	-9.683416	10.00	-9.561669
-3.045265	10.00	10.3793	0.01808712	0.00	0.06606356	-9.75445	10.00	-9.634329
-3.008091	10.00	10.51508	0.03717376	0.00	0.1357779	-9.787956	10.00	-9.6686
-2.996139	10.00	10.56982	0.01195267	0.00	0.05474043	-9.859744	10.00	-9.74203
-2.996139	10.00	10.57683	0	0.00	0.007008546	-9.891015	10.00	-9.774014
-2.996139	10.00	10.57683	0	0.00	0	-9.961319	10.00	-9.845924
-2.996139	10.00	10.57683	0	0.00	0	-9.994889	10.00	-9.880263
-2.996139	10.00	10.57683	0	0.00	0	-10.06511	10.00	-9.952086
-2.996139	10.00	10.57683	0	0.00	0	-10.09954	10.00	-9.987305
-2.996139	10.00	10.57683	0	0.00	0	-10.13388	10.00	-10.02243
-2.996139	10.00	10.57683	0	0.00	0	-10.2039	10.00	-10.09404
-2.996139	10.00	10.57683	0	0.00	0	-10.23965	10.00	-10.13061
-2.996139	10.00	10.57683	0	0.00	0	-10.30743	10.00	-10.19993
-2.996139	10.00	10.57683	0	0.00	0	-10.34066	10.00	-10.23392
-2.996139	10.00	10.57683	0	0.00	0	-10.41024	10.00	-10.30509
-2.996139	10.00	10.60036	0	0.00	0.02353608	-10.44471	10.00	-10.34035
-2.996139	10.00	10.635	0	0.00	0.03463414	-10.51483	10.00	-10.41206
-2.996139	10.00	10.76124	0	0.00	0.1262456	-10.54963	10.00	-10.44766
-2.996139	10.00	10.82584	0	0.00	0.06459669	-10.58446	10.00	-10.48328
-2.996139	10.00	10.89241	0	0.00	0.06657175	-10.65355	10.00	-10.55394
-2.996139	10.00	11.02449	0	0.00	0.1320762	-10.6861	10.00	-10.58724
-2.996139	10.00	11.08673	0	0.00	0.06224009	-10.75942	10.00	-10.66222
-2.996139	10.00	11.22688	0	0.00	0.1401577	-10.79306	10.00	-10.69662
-2.996139	10.00	11.29119	0	0.00	0.06430542	-10.86114	10.00	-10.76626
-2.996139	10.00	11.42135	0	0.00	0.1301637	-10.89474	10.00	-10.80062
-2.996139	10.00	11.48558	0	0.00	0.06422614	-10.96375	10.00	-10.87119
-2.996139	10.00	11.6175	0	0.00	0.1319233	-10.99825	10.00	-10.90648
-2.996139	10.00	11.68347	0	0.00	0.06596588	-11.06875	10.00	-10.97857
-2.996139	10.00	11.81824	0	0.00	0.1347714	-11.10255	10.00	-11.01314
-2.996139	10.00	11.88286	0	0.00	0.06462391	-11.13722	10.00	-11.04859
-2.996139	10.00	11.94913	0	0.00	0.06627165	-11.20662	10.00	-11.11952
-2.996139	10.00	12.08176	0	0.00	0.1326226	-11.23949	10.00	-11.15311
-2.996139	10.00	12.14456	0	0.00	0.06280065	-11.30998	10.00	-11.22516
-2.996139	10.00	12.27928	0	0.00	0.1347219	-11.3454	10.00	-11.26136
-2.996139	10.00	12.34696	0	0.00	0.06768157	-11.37932	10.00	-11.29603
-2.996139	10.00	12.41179	0	0.00	0.06482352	-11.44896	10.00	-11.36721
-2.996139	10.00	12.54488	0	0.00	0.1330996	-11.48229	10.00	-11.40127
-2.996139	10.00	12.60857	0	0.00	0.06368822	-11.5531	10.00	-11.47364
-2.996139	10.00	12.7439	0	0.00	0.1353277	-11.58833	10.00	-11.50965
-2.996139	10.00	12.81124	0	0.00	0.06733475	-11.65723	10.00	-11.58006
-2.996139	10.00	12.94289	0	0.00	0.1316586	-11.69585	10.00	-11.61954
-2.996139	10.00	13.01672	0	0.00	0.07382375	-11.76068	10.00	-11.6858
-2.996139	10.00	13.14061	0	0.00	0.1238913	-11.79916	10.00	-11.72513
-2.996139	10.00	13.21416	0	0.00	0.07354913	-11.86494	10.00	-11.79235
-2.996139	10.00	13.33986	0	0.00	0.1257061	-11.90179	10.00	-11.83002
-2.996139	10.00	13.4103	0	0.00	0.07043769	-11.96757	10.00	-11.89723
-2.996139	10.00	13.53594	0	0.00	0.1256424	-12.00051	10.00	-11.93089
-2.996139	10.00	13.59887	0	0.00	0.06292523	-12.07115	10.00	-12.00307
-2.996139	10.00	13.73382	0	0.00	0.1349554	-12.10396	10.00	-12.0366
-2.996139	10.00	13.79649	0	0.00	0.06266335	-12.17527	10.00	-12.10946
-2.996139	10.00	13.9327	0	0.00	0.1362125	-12.2086	10.00	-12.14352
-2.996139	10.00	13.99638	0	0.00	0.06368256	-12.2792	10.00	-12.21566
-2.996139	10.00	14.13125	0	0.00	0.1348634	-12.3128	10.00	-12.24999
-2.996139	10.00	14.19543	0	0.00	0.06418226	-12.34989	10.00	-12.28788
-2.996139	10.00	14.26628	0	0.00	0.0708468	-12.41759	10.00	-12.35706
-2.996139	10.00	14.39561	0	0.00	0.1293384	-12.45158	10.00	-12.39178
-2.996139	10.00	14.46054	0	0.00	0.06492119	-12.52126	10.00	-12.46299
-2.996139	10.00	14.59367	0	0.00	0.1331378	-12.55587	10.00	-12.49834
-2.996139	10.00	14.65978	0	0.00	0.0661032	-12.5887	10.00	-12.53189
-2.996139	10.00	14.7225	0	0.00	0.06271997	-12.65958	10.00	-12.60431
-2.996139	10.00	14.85791	0	0.00	0.1354113	-12.69192	10.00	-12.63735
-2.996139	10.00	14.91969	0	0.00	0.06178286	-12.72731	10.00	-12.67352
-2.996139	10.00	14.9873	0	0.00	0.06761362	-12.79823	10.00	-12.74597
-2.996139	10.00	15.1228	0	0.00	0.1354934	-12.83163	10.00	-12.78009
-2.996139	10.00	15.1866	0	0.00	0.06379864	-12.86735	10.00	-12.81659
-2.996139	10.00	15.25484	0	0.00	0.06824213	-12.93635	10.00	-12.88707
-2.996139	10.00	15.38662	0	0.00	0.1317775	-12.97205	10.00	-12.92354
-2.996139	10.00	15.4548	0	0.00	0.06818409	-13.03993	10.00	-12.99287
-2.996139	10.00	15.58445	0	0.00	0.1296499	-13.07224	10.00	-13.02587
-2.996139	10.00	15.64616	0	0.00	0.06171491	-13.14413	10.00	-13.09932
-2.996139	10.00	15.78349	0	0.00	0.137328	-13.17679	10.00	-13.13268
-2.996139	10.00	15.84587	0	0.00	0.06238164	-13.24733	10.00	-13.20465
-2.996139	10.00	15.98178	0	0.00	0.1359081	-13.27904	10.00	-13.23693
-2.996139	10.00	16.04406	0	0.00	0.06227548	-13.34765	10.00	-13.30671
-2.996139	10.00	16.18003	0	0.00	0.135969	-13.37838	10.00	-13.33795
-2.996139	10.00	16.24228	0	0.00	0.06225707	-13.44414	10.00	-13.40483
-2.996139	10.00	16.37792	0	0.00	0.1356406	-13.47348	10.00	-13.43468
-2.999977	10.00	16.44109	-0.003838137	0.00	0.0631687	-13.50356	10.00	-13.46531
-3.00464	10.00	16.50729	-0.004662989	0.00	0.06619521	-13.56261	10.00	-13.52546
-3.00464	10.00	16.64039	0	0.00	0.1331053	-13.5896	10.00	-13.55299
-3.00464	10.00	16.70448	0	0.00	0.06409024	-13.64447	10.00	-13.60893
-3.00464	10.00	16.83821	0	0.00	0.1337253	-13.67025	10.00	-13.63525
-3.00464	10.00	16.90472	0	0.00	0.06651372	-13.71985	10.00	-13.68591
-3.00464	10.00	17.03656	0	0.00	0.1318341	-13.74241	10.00	-13.70899
-3.00464	10.00	17.10046	0	0.00	0.06390056	-13.78818	10.00	-13.75585
-3.00464	10.00	17.23457	0	0.00	0.134116	-13.80861	10.00	-13.77683
-3.00464	10.00	17.29904	0	0.00	0.0644682	-13.84971	10.00	-13.81913
-3.00428	10.00	17.43413	0.0003597024	0.00	0.1350843	-13.87768	10.00	-13.8481
-2.997207	10.00	17.53453	0.007072961	0.00	0.1004069	-13.90308	10.00	-13.8747
-2.988341	10.00	17.63325	0.008865752	0.00	0.09871809	-13.9238	10.00	-13.89666
-2.980466	10.00	17.72094	0.007875018	0.00	0.0876865	-13.94784	10.00	-13.92245
-2.967243	10.00	17.83219	0.01322291	0.00	0.1112502	-13.96441	10.00	-13.94048
-2.956969	10.00	17.91864	0.01027497	0.00	0.08644786	-13.98218	10.00	-13.95986
-2.944017	10.00	18.0276	0.01295152	0.00	0.1089669	-14.00199	10.00	-13.98177
-2.927679	10.00	18.16506	0.01633793	0.00	0.1374582	-14.01092	10.00	-13.99156
-2.919466	10.00	18.23416	0.008212877	0.00	0.06909855	-14.02549	10.00	-14.0076
-2.904392	10.00	18.36099	0.01507436	0.00	0.1268272	-14.03192	10.00	-14.01477
-2.896806	10.00	18.42481	0.007585466	0.00	0.06381987	-14.03784	10.00	-14.0213
-2.88912	10.00	18.48947	0.007685912	0.00	0.06466497	-14.04898	10.00	-14.03375
-2.873049	10.00	18.62469	0.01607125	0.00	0.1352145	-14.05385	10.00	-14.03921
-2.86532	10.00	18.68972	0.007729321	0.00	0.06503019	-14.06307	10.00	-14.04961
-2.849509	10.00	18.82274	0.01581063	0.00	0.1330218	-14.06727	10.00	-14.05435
-2.841787	10.00	18.8877	0.00772175	0.00	0.06496648	-14.07132	10.00	-14.05894
-2.834055	10.00	18.95276	0.007732687	0.00	0.0650585	-14.07957	10.00	-14.06814
-2.817962	10.00	19.08816	0.01609262	0.00	0.1353943	-14.08304	10.00	-14.07202
-2.810685	10.00	19.14938	0.007276893	0.00	0.0612237	-14.08665	10.00	-14.07603
-2.802812	10.00	19.21562	0.00787284	0.00	0.06623767	-14.09367	10.00	-14.08387
-2.786643	10.00	19.35166	0.01616934	0.00	0.1360398	-14.09686	10.00	-14.08745
-2.778648	10.00	19.41892	0.007994823	0.00	0.06726397	-14.09995	10.00	-14.09096
-2.77038	10.00	19.48849	0.008268064	0.00	0.06956287	-14.10536	10.00	-14.09712
-2.755268	10.00	19.61563	0.01511221	0.00	0.1271457	-14.10787	10.00	-14.1
-2.747641	10.00	19.6798	0.007626688	0.00	0.06416669	-14.11295	10.00	-14.10583
-2.7315	10.00	19.8156	0.01614124	0.00	0.1358034	-14.11505	10.00	-14.10827
-2.72409	10.00	19.87794	0.007409811	0.00	0.06234201	-14.11714	10.00	-14.11076
-2.716205	10.00	19.94428	0.007885291	0.00	0.06634243	-14.12104	10.00	-14.11543
-2.700195	10.00	20.07898	0.01600984	0.00	0.1346978	-14.12269	10.00	-14.11742
-2.692258	10.00	20.14576	0.007936777	0.00	0.0667756	-14.12415	10.00	-14.1192
-2.684777	10.00	20.2087	0.007480814	0.00	0.06293938	-14.1271	10.00	-14.1228
-2.668682	10.00	20.34411	0.01609531	0.00	0.1354169	-14.12826	10.00	-14.12424
-2.661261	10.00	20.40656	0.007421589	0.00	0.0624411	-14.13044	10.00	-14.12696
-2.644058	10.00	20.54039	0.01720274	0.00	0.1338315	-14.13129	10.00	-14.12804
-2.63571	10.00	20.60534	0.008348447	0.00	0.06494808	-14.13279	10.00	-14.12997
-2.61861	10.00	20.73836	0.01709921	0.00	0.133026	-14.13341	10.00	-14.13078
-2.610393	10.00	20.80229	0.008217438	0.00	0.06392887	-14.13464	10.00	-14.1324
-2.593118	10.00	20.93668	0.01727425	0.00	0.1343878	-14.13515	10.00	-14.13308
-2.585014	10.00	20.99973	0.008104622	0.00	0.06305121	-14.13617	10.00	-14.13445
-2.567634	10.00	21.13494	0.01737979	0.00	0.1352088	-14.13659	10.00	-14.13502
-2.559267	10.00	21.20003	0.008367189	0.00	0.06509389	-14.13726	10.00	-14.13599
-2.540854	10.00	21.33325	0.0184133	0.00	0.1332143	-14.13754	10.00	-14.13639
-2.531539	10.00	21.39622	0.009314981	0.00	0.06297902	-14.13809	10.00	-14.1372
-2.511408	10.00	21.53233	0.02013053	0.00	0.1361035	-14.13833	10.00	-14.13755
-2.501781	10.00	21.59742	0.009627574	0.00	0.06509247	-14.13878	10.00	-14.13821
-2.4822	10.00	21.7298	0.01958009	0.00	0.1323819	-14.13897	10.00	-14.13849
-2.472157	10.00	21.79354	0.01004392	0.00	0.06373493	-14.13934	10.00	-14.13903
-2.448349	10.00	21.92808	0.02380811	0.00	0.1345435	-14.13948	10.00	-14.13924
-2.43637	10.00	21.99226	0.01197803	0.00	0.06417801	-14.13975	10.00	-14.13963
-2.410086	10.00	22.12614	0.02628415	0.00	0.1338838	-14.13984	10.00	-14.13977
-2.393865	10.00	22.1899	0.01622107	0.00	0.06375758	-14.14001	10.00	-14.14001
-2.355969	10.00	22.32832	0.03789579	0.00	0.1384151	-14.14001	10.00	-14.14001
-2.330616	10.00	22.41204	0.02535356	0.00	0.08372147	-14.14001	10.00	-14.14001
-2.295411	10.00	22.51919	0.03520469	0.00	0.1071481	-14.14001	10.00	-14.14001
-2.2662	10.00	22.60294	0.02921141	0.00	0.08375641	-14.14001	10.00	-14.14001
-2.226113	10.00	22.69572	0.04008655	0.00	0.0927825	-14.14001	10.00	-14.14001
-2.187841	10.00	22.76645	0.03827249	0.00	0.07072645	-14.14001	10.00	-14.14001
-2.142804	10.00	22.84167	0.04503663	0.00	0.07521716	-14.14001	10.00	-14.14001
-2.110282	10.00	22.89448	0.03252204	0.00	0.05281308	-14.14001	10.00	-14.14001
-2.042713	10.00	23.00421	0.06756919	0.00	0.1097267	-14.14001	10.00	-14.14001
-2.01977	10.00	23.04147	0.02294302	0.00	0.03725756	-14.14001	10.00	-14.14001
-1.97908	10.00	23.10754	0.04068992	0.00	0.06607705	-14.14001	10.00	-14.14001
-1.951857	10.00	23.15175	0.02722271	0.00	0.04420741	-14.14001	10.00	-14.14001
-1.895196	10.00	23.24376	0.05666148	0.00	0.09201352	-14.14001	10.00	-14.14001
-1.868366	10.00	23.28733	0.02682944	0.00	0.04356877	-14.14001	10.00	-14.14001
-1.811113	10.00	23.38031	0.05725287	0.00	0.09297388	-14.14001	10.00	-14.14001
-1.784219	10.00	23.42398	0.02689409	0.00	0.04367377	-14.14001	10.00	-14.14001
-1.753945	10.00	23.47314	0.03027395	0.00	0.04916237	-14.14001	10.00	-14.14001
-1.701175	10.00	23.55884	0.05277032	0.00	0.0856946	-14.14001	10.00	-14.14001
-1.674996	10.00	23.60135	0.02617874	0.00	0.04251209	-14.14001	10.00	-14.14001
-1.646415	10.00	23.64776	0.02858165	0.00	0.04641422	-14.14001	10.00	-14.14001
-1.590716	10.00	23.74079	0.05569818	0.00	0.09302336	-14.14001	10.00	-14.14001
-1.563718	10.00	23.78588	0.02699849	0.00	0.04509106	-14.14001	10.00	-14.14001
-1.507437	10.00	23.88248	0.05628126	0.00	0.09659826	-14.14001	10.00	-14.14001
-1.479989	10.00	23.93085	0.02744811	0.00	0.04837907	-14.14001	10.00	-14.14001
-1.424415	10.00	24.02881	0.05557361	0.00	0.0979521	-14.14001	10.00	-14.14001
-1.39786	10.00	24.07561	0.0265548	0.00	0.04680456	-14.14001	10.00	-14.14001
-1.342688	10.00	24.17907	0.05517193	0.00	0.1034596	-14.14001	10.00	-14.14001
-1.31647	10.00	24.22824	0.02621873	0.00	0.04916594	-14.14001	10.00	-14.14001
-1.261511	10.00	24.3313	0.05495869	0.00	0.1030597	-14.14001	10.00	-14.14001
-1.235716	10.00	24.37967	0.02579457	0.00	0.04837054	-14.14001	10.00	-14.14001
-1.179764	10.00	24.48856	0.05595246	0.00	0.1088939	-14.14001	10.00	-14.14001
-1.15472	10.00	24.5373	0.02504417	0.00	0.04874061	-14.14001	10.00	-14.14001
-1.127278	10.00	24.59201	0.02744197	0.00	0.05470543	-14.14001	10.00	-14.14001
-1.072211	10.00	24.70699	0.05506705	0.00	0.1149862	-14.14001	10.00	-14.14001
-1.044937	10.00	24.76588	0.02727393	0.00	0.05888652	-14.14001	10.00	-14.14001
-0.9936705	10.00	24.89097	0.05126614	0.00	0.1250945	-14.14001	10.00	-14.14001
-0.9606015	10.00	24.98171	0.03306901	0.00	0.09073464	-14.14001	10.00	-14.14001
-0.92541	10.00	25.08775	0.03519153	0.00	0.1060366	-14.14001	10.00	-14.14001
-0.9052954	10.00	25.15211	0.02011455	0.00	0.06436345	-14.14001	10.00	-14.14001
-0.8682778	10.00	25.28732	0.03701757	0.00	0.1352074	-14.14001	10.00	-14.14001
-0.8509066	10.00	25.35077	0.01737129	0.00	0.06344899	-14.14001	10.00	-14.14001
-0.8143878	10.00	25.48415	0.03651878	0.00	0.1333856	-14.14001	10.00	-14.14001
-0.7968301	10.00	25.54828	0.01755771	0.00	0.06412988	-14.14001	10.00	-14.14001
-0.7785116	10.00	25.61519	0.01831849	0.00	0.06690866	-14.14001	10.00	-14.14001
-0.741715	10.00	25.74959	0.03679666	0.00	0.1344005	-14.14001	10.00	-14.14001
-0.7253188	10.00	25.81404	0.0163961	0.00	0.06444556	-14.14001	10.00	-14.14001
-0.6913475	10.00	25.94756	0.03397132	0.00	0.1335257	-14.14001	10.00	-14.14001
-0.6752211	10.00	26.01095	0.01612635	0.00	0.06338529	-14.14001	10.00	-14.14001
-0.6406296	10.00	26.14691	0.0345915	0.00	0.1359633	-14.14001	10.00	-14.14001
-0.6248323	10.00	26.21146	0.01579737	0.00	0.06454889	-14.14001	10.00	-14.14001
-0.5953948	10.00	26.34794	0.02943748	0.00	0.1364828	-14.14001	10.00	-14.14001
-0.5775909	10.00	26.43049	0.01780385	0.00	0.08254512	-14.14001	10.00	-14.14001
-0.5521798	10.00	26.5483	0.02541122	0.00	0.1178156	-14.14001	10.00	-14.14001
22.82572
